*********************************************
* Date/Time: 15-Nov-2019 08:58:35
* Seed: 211946.8
* Subject Number: 031
12	11	9	2	8	13	1	4	14	3	15	10	5	6	7	
*********************************************

Shape exposure time (seconds)
111.9636
subject	trial	phase	onset	node	shape	rotate	acc	resp	total	rt
31	1	1	1.0166	5	8	0	0	1	0.0000	1.3327
31	2	1	2.6665	7	1	90	-1	0	0.0000	-1.0000
31	3	1	4.7664	8	4	0	0	1	0.0000	0.1911
31	4	1	6.3163	7	1	0	1	1	0.2500	0.9771
31	5	1	7.8663	4	2	0	1	1	0.4000	0.7232
31	6	1	9.4162	6	13	0	0	1	0.3333	0.8844
31	7	1	10.9661	7	1	0	1	1	0.4286	1.3999
31	8	1	12.5160	4	2	90	-1	0	0.3750	-1.0000
31	9	1	14.6826	5	8	90	-1	0	0.3333	-1.0000
31	10	1	16.7825	7	1	0	-1	0	0.3000	-1.0000
31	11	1	18.8824	8	4	0	-1	0	0.2727	-1.0000
31	12	1	20.9323	7	1	0	-1	0	0.2500	-1.0000
31	13	1	22.9655	5	8	90	-1	0	0.2308	-1.0000
31	14	1	24.9987	6	13	0	0	1	0.2143	1.3180
31	15	1	26.8820	4	2	90	-1	0	0.2000	-1.0000
31	16	1	28.8985	7	1	90	1	1	0.2500	1.2100
31	17	1	30.4484	5	8	0	-1	0	0.2353	-1.0000
31	18	1	32.5317	6	13	0	1	1	0.2778	1.0819
31	19	1	34.0816	5	8	0	-1	0	0.2632	-1.0000
31	20	1	36.1481	8	4	90	1	1	0.3000	1.2245
31	21	1	37.6981	7	1	90	1	1	0.3333	1.1951
31	22	1	39.2480	4	2	0	1	1	0.3636	1.1805
31	23	1	40.7979	3	9	0	1	1	0.3913	1.4720
31	24	1	42.3811	15	7	90	1	1	0.4167	1.1045
31	25	1	43.9311	2	11	0	0	1	0.4000	1.1703
31	26	1	45.6477	15	7	0	1	1	0.4231	1.3415
31	27	1	47.1976	1	12	0	0	1	0.4074	1.4399
31	28	1	49.1641	3	9	0	1	1	0.4286	1.2484
31	29	1	50.7141	15	7	90	0	1	0.4138	0.8514
31	30	1	52.2640	2	11	0	1	1	0.4333	0.9646
31	31	1	53.8139	1	12	0	0	1	0.4194	0.9347
31	32	1	55.3638	3	9	90	-1	0	0.4063	-1.0000
31	33	1	57.4137	1	12	0	1	1	0.4242	0.9840
31	34	1	58.9636	2	11	0	1	1	0.4412	1.1450
31	35	1	60.5136	15	7	90	0	1	0.4286	1.2280
31	36	1	62.2635	14	6	0	1	1	0.4444	1.0466
31	37	1	63.8134	1	12	0	1	1	0.4595	1.2552
31	38	1	65.3633	14	6	0	0	1	0.4474	1.1459
31	39	1	67.0965	13	5	0	-1	0	0.4359	-1.0000
31	40	1	69.1298	10	3	0	1	1	0.4500	0.9955
31	41	1	70.6797	11	15	0	1	1	0.4634	1.3170
31	42	1	72.2296	10	3	0	1	1	0.4762	1.2230
31	43	1	73.7795	11	15	0	0	1	0.4651	0.9696
31	44	1	75.3295	10	3	0	1	1	0.4773	1.3400
31	45	1	76.8794	9	14	0	1	1	0.4889	1.4381
31	46	1	78.4460	10	3	0	1	1	0.5000	1.0876
31	47	1	79.9959	9	14	90	1	1	0.5106	0.9140
31	48	1	81.5458	12	10	0	1	1	0.5208	1.0911
31	49	1	83.0957	9	14	0	1	1	0.5306	1.3816
31	50	1	84.6456	11	15	0	1	1	0.5400	1.0949
31	51	1	86.1956	12	10	0	1	1	0.5490	1.1130
31	52	1	87.7455	11	15	0	1	1	0.5577	0.9711
31	53	1	89.2954	12	10	90	0	1	0.5472	0.8291
31	54	1	90.8453	9	14	0	1	1	0.5556	1.1522
31	55	1	92.3952	12	10	0	1	1	0.5636	1.0254
31	56	1	93.9452	13	5	0	1	1	0.5714	1.1554
31	57	1	95.4951	12	10	0	1	1	0.5789	0.8854
31	58	1	97.0450	10	3	0	1	1	0.5862	0.9839
31	59	1	98.5949	9	14	0	0	1	0.5763	1.0024
31	60	1	100.1615	8	4	90	0	1	0.5667	1.0840
31	61	1	101.8281	6	13	90	-1	0	0.5574	-1.0000
31	62	1	103.8613	7	1	0	1	1	0.5645	1.3042
31	63	1	105.4113	5	8	0	0	1	0.5556	1.3382
31	64	1	107.3111	8	4	0	1	1	0.5625	1.0695
31	65	1	108.8611	7	1	90	0	1	0.5538	1.3763
31	66	1	110.7443	4	2	0	1	1	0.5606	0.8695
31	67	1	112.2942	6	13	0	0	1	0.5522	0.9832
31	68	1	113.8442	8	4	0	1	1	0.5588	1.0818
31	69	1	115.3941	7	1	90	0	1	0.5507	1.1946
31	70	1	117.1607	4	2	0	1	1	0.5571	0.8523
31	71	1	118.7106	7	1	0	1	1	0.5634	0.8228
31	72	1	120.2605	4	2	0	1	1	0.5694	0.6654
31	73	1	121.8104	5	8	0	0	1	0.5616	1.4191
31	74	1	123.7603	6	13	0	1	1	0.5676	1.1654
31	75	1	125.3102	8	4	0	1	1	0.5733	0.8633
31	76	1	126.8601	7	1	0	1	1	0.5789	0.8174
31	77	1	128.4101	5	8	0	1	1	0.5844	0.8194
31	78	1	129.9600	6	13	0	1	1	0.5897	0.8846
31	79	1	131.5099	4	2	0	1	1	0.5949	0.6787
31	80	1	133.0598	3	9	90	1	1	0.6000	1.2902
31	81	1	134.6097	2	11	0	1	1	0.6049	1.0668
31	82	1	136.1597	3	9	90	1	1	0.6098	1.2934
31	83	1	137.7096	1	12	0	1	1	0.6145	1.1030
31	84	1	139.2595	2	11	0	1	1	0.6190	0.8174
31	85	1	140.8094	15	7	0	1	1	0.6235	1.4284
31	86	1	142.3760	3	9	0	1	1	0.6279	1.1735
31	87	1	143.9259	15	7	0	1	1	0.6322	0.9835
31	88	1	145.4759	14	6	0	1	1	0.6364	1.0648
31	89	1	147.0258	13	5	0	1	1	0.6404	0.9717
31	90	1	148.5757	10	3	90	0	1	0.6333	1.3103
31	91	1	150.4089	13	5	0	1	1	0.6374	0.9477
31	92	1	151.9589	14	6	0	1	1	0.6413	0.8227
31	93	1	153.5088	2	11	0	1	1	0.6452	0.6806
31	94	1	155.0587	14	6	0	1	1	0.6489	0.7782
31	95	1	156.6086	1	12	0	1	1	0.6526	0.8615
31	96	1	158.1585	2	11	90	0	1	0.6458	1.0221
31	97	1	159.7084	15	7	0	1	1	0.6495	1.1850
31	98	1	161.2584	2	11	0	1	1	0.6531	0.8502
31	99	1	162.8083	3	9	90	0	1	0.6465	1.1090
31	100	1	164.4415	1	12	90	0	1	0.6400	1.2677
31	101	1	166.2914	15	7	0	1	1	0.6436	1.4812
31	102	1	167.9080	2	11	90	1	1	0.6471	1.2896
31	103	1	169.4579	14	6	0	1	1	0.6505	0.8115
31	104	1	171.0079	2	11	90	1	1	0.6538	0.8297
31	105	1	172.5578	1	12	0	1	1	0.6571	0.9268
31	106	1	174.1077	14	6	0	1	1	0.6604	0.7856
31	107	1	175.6576	13	5	90	0	1	0.6542	0.7559
31	108	1	177.2075	10	3	0	1	1	0.6574	1.4781
31	109	1	178.8075	12	10	0	1	1	0.6606	1.3341
31	110	1	180.3574	10	3	0	0	1	0.6545	1.4153
31	111	1	182.3573	13	5	0	1	1	0.6577	0.7113
31	112	1	183.9072	12	10	0	1	1	0.6607	0.7625
31	113	1	185.4571	10	3	0	1	1	0.6637	0.8284
31	114	1	187.0070	13	5	90	0	1	0.6579	0.7345
31	115	1	188.5570	10	3	90	0	1	0.6522	0.7526
31	116	1	190.1068	13	5	0	1	1	0.6552	0.7387
31	117	1	191.6568	11	15	0	1	1	0.6581	0.8366
31	118	1	193.2067	9	14	0	1	1	0.6610	0.9659
31	119	1	194.7566	12	10	0	0	1	0.6555	1.4009
31	120	1	196.6565	10	3	90	0	1	0.6500	0.7010
31	121	1	198.2064	11	15	0	1	1	0.6529	0.7830
31	122	1	199.7564	12	10	0	-1	0	0.6475	-1.0000
31	123	1	201.7563	10	3	0	-1	0	0.6423	-1.0000
31	124	1	203.8062	13	5	0	-1	0	0.6371	-1.0000
31	125	1	205.8394	14	6	0	1	1	0.6400	1.2461
31	126	1	207.3893	15	7	0	1	1	0.6429	1.4402
31	127	1	208.9892	2	11	0	1	1	0.6457	0.9282
31	128	1	210.5392	14	6	0	1	1	0.6484	0.7384
31	129	1	212.0891	13	5	0	1	1	0.6512	0.6444
31	130	1	213.6390	10	3	0	0	1	0.6462	1.3016
31	131	1	215.5222	11	15	0	1	1	0.6489	0.8424
31	132	1	217.0722	12	10	0	1	1	0.6515	0.9895
31	133	1	218.6221	11	15	0	1	1	0.6541	0.6705
31	134	1	220.1720	12	10	90	1	1	0.6567	1.0576
31	135	1	221.7219	11	15	0	1	1	0.6593	0.7075
31	136	1	223.2718	12	10	0	1	1	0.6618	1.0128
31	137	1	224.8218	13	5	0	1	1	0.6642	0.6789
31	138	1	226.3717	14	6	0	1	1	0.6667	0.6819
31	139	1	227.9216	13	5	0	1	1	0.6691	0.6678
31	140	1	229.4715	12	10	0	1	1	0.6714	0.9891
31	141	1	231.0214	13	5	90	0	1	0.6667	0.8311
31	142	1	232.6380	10	3	90	0	1	0.6620	0.9595
31	143	1	234.1879	9	14	0	1	1	0.6643	1.1206
31	144	1	235.7379	8	4	0	1	1	0.6667	0.7242
31	145	1	237.2878	6	13	0	0	1	0.6621	1.3978
31	146	1	239.2043	4	2	0	1	1	0.6644	0.6803
31	147	1	240.7543	3	9	0	1	1	0.6667	0.9223
31	148	1	242.3042	1	12	0	1	1	0.6689	1.2292
31	149	1	243.8541	2	11	0	1	1	0.6711	0.7514
31	150	1	245.4040	14	6	0	1	1	0.6733	0.5934
31	151	1	246.9539	2	11	90	0	1	0.6689	1.1557
31	152	1	248.6705	14	6	0	1	1	0.6711	0.6548
31	153	1	250.2204	1	12	0	1	1	0.6732	1.1209
31	154	1	251.7704	2	11	90	1	1	0.6753	1.4272
31	155	1	253.3203	15	7	0	0	1	0.6710	1.3003
31	156	1	255.1702	3	9	90	0	1	0.6667	0.7145
31	157	1	256.7201	4	2	0	1	1	0.6688	1.3405
31	158	1	258.2700	7	1	0	1	1	0.6709	1.0074
31	159	1	259.8199	4	2	0	1	1	0.6730	0.6099
31	160	1	261.3699	3	9	0	1	1	0.6750	0.9156
31	161	1	262.9198	2	11	0	0	1	0.6708	1.1577
31	162	1	264.6530	14	6	0	1	1	0.6728	0.6405
31	163	1	266.2030	15	7	0	0	1	0.6687	1.3943
31	164	1	268.1862	1	12	0	1	1	0.6707	0.6585
31	165	1	269.7361	15	7	0	-1	0	0.6667	-1.0000
31	166	1	271.7860	14	6	90	0	1	0.6627	0.5791
31	167	1	273.3359	15	7	0	0	1	0.6587	1.3656
31	168	1	275.2358	1	12	0	1	1	0.6607	0.6815
31	169	1	276.7857	15	7	0	1	1	0.6627	0.7638
31	170	1	278.3356	3	9	0	1	1	0.6647	1.1339
31	171	1	279.8856	15	7	90	0	1	0.6608	0.8793
31	172	1	281.4355	3	9	0	1	1	0.6628	0.8171
31	173	1	282.9854	15	7	0	0	1	0.6590	0.6922
31	174	1	284.5353	3	9	0	1	1	0.6609	0.5177
31	175	1	286.0853	2	11	90	1	1	0.6629	1.0963
31	176	1	287.6352	1	12	0	1	1	0.6648	0.8423
31	177	1	289.1851	14	6	90	1	1	0.6667	0.8765
31	178	1	290.7350	2	11	90	-1	0	0.6629	-1.0000
31	179	1	292.7849	14	6	0	1	1	0.6648	0.6358
31	180	1	294.3348	2	11	0	1	1	0.6667	1.1027
31	181	1	295.8847	14	6	0	1	1	0.6685	0.6407
31	182	1	297.4347	1	12	90	1	1	0.6703	1.0269
31	183	1	298.9846	2	11	90	-1	0	0.6667	-1.0000
31	184	1	301.0512	15	7	0	-1	0	0.6630	-1.0000
31	185	1	303.0844	2	11	0	1	1	0.6649	1.0572
31	186	1	304.6343	14	6	0	1	1	0.6667	0.6744
31	187	1	306.1842	1	12	0	1	1	0.6684	0.8525
31	188	1	307.7341	2	11	0	1	1	0.6702	0.7586
31	189	1	309.2841	15	7	0	0	1	0.6667	0.9695
31	190	1	310.8340	1	12	90	0	1	0.6632	0.5871
31	191	1	312.3839	15	7	0	0	1	0.6597	1.4688
31	192	1	314.4338	3	9	0	1	1	0.6615	0.6190
31	193	1	315.9837	15	7	90	0	1	0.6580	0.7178
31	194	1	317.5336	2	11	0	1	1	0.6598	1.0560
31	195	1	319.0835	15	7	90	1	1	0.6615	1.0580
31	196	1	320.6335	2	11	0	0	1	0.6582	0.9645
31	197	1	322.1834	1	12	0	1	1	0.6599	0.7899
31	198	1	323.7333	15	7	0	0	1	0.6566	1.3047
31	199	1	325.5832	1	12	0	1	1	0.6583	0.6375
31	200	1	327.1331	15	7	0	1	1	0.6600	0.6243
31	201	1	328.6830	1	12	0	1	1	0.6617	0.7695
31	202	1	330.2330	3	9	0	1	1	0.6634	0.7722
31	203	1	331.7829	4	2	0	1	1	0.6650	0.9990
31	204	1	333.3328	7	1	0	1	1	0.6667	0.8883
31	205	1	334.8827	5	8	0	1	1	0.6683	0.9380
31	206	1	336.4326	4	2	0	1	1	0.6699	0.8613
31	207	1	337.9826	6	13	0	1	1	0.6715	0.8629
31	208	1	339.5325	7	1	0	1	1	0.6731	0.7852
31	209	1	341.0824	4	2	0	1	1	0.6746	0.9143
31	210	1	342.6323	6	13	0	0	1	0.6714	1.1250
31	211	1	344.3489	5	8	0	1	1	0.6730	0.6887
31	212	1	345.8988	8	4	90	1	1	0.6745	0.8659
31	213	1	347.4487	6	13	0	1	1	0.6761	0.8206
31	214	1	348.9987	8	4	0	1	1	0.6776	0.8070
31	215	1	350.5486	6	13	0	1	1	0.6791	0.8240
31	216	1	352.0985	4	2	0	1	1	0.6806	0.7622
31	217	1	353.6484	7	1	0	1	1	0.6820	1.3091
31	218	1	355.1983	6	13	90	0	1	0.6789	0.9911
31	219	1	356.7483	4	2	0	1	1	0.6804	0.5923
31	220	1	358.2982	7	1	0	1	1	0.6818	0.7064
31	221	1	359.8481	4	2	0	1	1	0.6833	0.6285
31	222	1	361.3980	3	9	90	1	1	0.6847	1.1116
31	223	1	362.9479	1	12	0	1	1	0.6861	0.7297
31	224	1	364.4979	2	11	0	1	1	0.6875	0.7317
31	225	1	366.0478	3	9	0	1	1	0.6889	0.8299
31	226	1	367.5977	15	7	0	1	1	0.6903	0.8318
31	227	1	369.1476	14	6	0	1	1	0.6916	0.7059
31	228	1	370.6975	2	11	0	1	1	0.6930	0.7558
31	229	1	372.2475	3	9	0	1	1	0.6943	0.8384
31	230	1	373.7974	2	11	0	1	1	0.6957	0.7122
31	231	1	375.3473	15	7	0	1	1	0.6970	0.7933
31	232	1	376.8972	1	12	0	1	1	0.6983	0.7964
31	233	1	378.4471	14	6	0	1	1	0.6996	0.6702
31	234	1	379.9971	1	12	0	1	1	0.7009	0.7675
31	235	1	381.5470	15	7	0	1	1	0.7021	0.9296
31	236	1	383.0969	1	12	0	1	1	0.7034	0.6927
31	237	1	384.6468	3	9	0	1	1	0.7046	0.7752
31	238	1	386.1967	15	7	0	1	1	0.7059	0.8560
31	239	1	387.7467	1	12	0	1	1	0.7071	0.6028
31	240	1	389.2966	2	11	0	1	1	0.7083	0.7320
31	241	1	390.8465	14	6	0	1	1	0.7095	0.6700
31	242	1	392.3964	1	12	0	1	1	0.7107	0.5931
31	243	1	393.9463	14	6	0	1	1	0.7119	0.5783
31	244	1	395.4963	15	7	0	1	1	0.7131	0.7253
31	245	1	397.0462	14	6	0	1	1	0.7143	0.5675
31	246	1	398.5961	13	5	90	1	1	0.7154	1.0326
31	247	1	400.1460	12	10	90	0	1	0.7126	1.0995
31	248	1	401.8293	13	5	0	1	1	0.7137	0.8073
31	249	1	403.3792	11	15	0	1	1	0.7149	0.8263
31	250	1	404.9291	10	3	0	0	1	0.7120	1.1163
31	251	1	406.5790	12	10	0	1	1	0.7131	1.4026
31	252	1	408.1456	10	3	0	1	1	0.7143	1.0680
31	253	1	409.6955	12	10	0	1	1	0.7154	0.7171
31	254	1	411.2454	9	14	0	1	1	0.7165	0.6882
31	255	1	412.7954	11	15	0	1	1	0.7176	0.7053
31	256	1	414.3453	13	5	0	1	1	0.7188	0.7553
31	257	1	415.8952	11	15	0	1	1	0.7198	0.5349
31	258	1	417.4451	12	10	0	1	1	0.7209	1.0964
31	259	1	418.9950	10	3	90	-1	0	0.7181	-1.0000
31	260	1	421.0449	11	15	0	1	1	0.7192	0.6966
31	261	1	422.5949	10	3	0	1	1	0.7203	1.0834
31	262	1	424.1448	13	5	0	1	1	0.7214	0.7005
31	263	1	425.6947	11	15	0	1	1	0.7224	0.5748
31	264	1	427.2446	13	5	0	1	1	0.7235	0.4971
31	265	1	428.7945	10	3	0	1	1	0.7245	0.5151
31	266	1	430.3445	12	10	90	0	1	0.7218	0.5001
31	267	1	431.8944	9	14	0	1	1	0.7228	0.5679
31	268	1	433.4443	11	15	0	1	1	0.7239	0.5533
31	269	1	434.9942	13	5	0	1	1	0.7249	0.6349
31	270	1	436.5441	12	10	0	1	1	0.7259	0.8925
31	271	1	438.0941	9	14	0	1	1	0.7269	0.8154
31	272	1	439.6440	11	15	0	1	1	0.7279	0.5461
31	273	1	441.1939	12	10	0	1	1	0.7289	0.6108
31	274	1	442.7438	10	3	0	1	1	0.7299	0.5176
31	275	1	444.2937	13	5	0	1	1	0.7309	0.5349
31	276	1	445.8437	11	15	0	1	1	0.7319	0.4896
31	277	1	447.3936	12	10	0	1	1	0.7329	0.2999
31	278	1	448.9435	9	14	90	0	1	0.7302	0.5102
31	279	1	450.4934	8	4	0	1	1	0.7312	0.6562
31	280	1	452.0433	5	8	0	1	1	0.7321	0.6423
31	281	1	453.5933	8	4	90	1	1	0.7331	0.9324
31	282	1	455.1432	5	8	0	1	1	0.7340	0.8695
31	283	1	456.6931	6	13	0	0	1	0.7314	1.3045
31	284	1	458.5763	5	8	90	0	1	0.7289	0.6206
31	285	1	460.1263	8	4	0	1	1	0.7298	0.7024
31	286	1	461.6762	7	1	0	1	1	0.7308	0.8654
31	287	1	463.2261	6	13	90	0	1	0.7282	1.0118
31	288	1	464.8093	7	1	0	1	1	0.7292	0.6123
31	289	1	466.3593	4	2	0	1	1	0.7301	0.5334
31	290	1	467.9092	6	13	0	1	1	0.7310	1.0964
31	291	1	469.4591	8	4	0	1	1	0.7320	0.6504
31	292	1	471.0090	6	13	0	1	1	0.7329	0.8116
31	293	1	472.5589	7	1	0	1	1	0.7338	0.4628
31	294	1	474.1089	6	13	0	1	1	0.7347	0.5768
31	295	1	475.6588	8	4	0	1	1	0.7356	0.5790
31	296	1	477.2087	6	13	0	1	1	0.7365	0.7239
31	297	1	478.7586	4	2	0	1	1	0.7374	0.7590
31	298	1	480.3085	7	1	0	-1	0	0.7349	-1.0000
31	299	1	482.3418	4	2	0	1	1	0.7358	0.9999
31	300	1	483.8917	7	1	90	0	1	0.7333	1.0185
31	301	1	485.4416	6	13	90	0	1	0.7309	0.6677
31	302	1	486.9915	5	8	0	1	1	0.7318	1.0212
31	303	1	488.5414	8	4	0	1	1	0.7327	0.6401
31	304	1	490.0914	6	13	90	0	1	0.7303	0.6422
31	305	1	491.6413	4	2	0	1	1	0.7311	0.6602
31	306	1	493.1911	5	8	0	1	1	0.7320	0.6775
31	307	1	494.7411	6	13	0	1	1	0.7329	1.0491
31	308	1	496.2910	5	8	0	1	1	0.7338	0.9865
31	309	1	497.8410	4	2	0	1	1	0.7346	0.6037
31	310	1	499.3909	6	13	0	1	1	0.7355	0.5577
31	311	1	500.9408	8	4	0	1	1	0.7363	0.5609
31	312	1	502.4907	7	1	0	1	1	0.7372	0.7709
31	313	1	504.0406	8	4	90	0	1	0.7348	0.5011
31	314	1	505.5906	5	8	0	1	1	0.7357	0.7271
31	315	1	507.1405	8	4	0	1	1	0.7365	0.7772
31	316	1	508.6904	9	14	0	1	1	0.7373	0.7142
31	317	1	510.2403	10	3	90	0	1	0.7350	1.0687
31	318	1	511.9402	9	14	90	1	1	0.7358	1.2732
31	319	1	513.4902	8	4	0	1	1	0.7367	0.7153
31	320	1	515.0401	5	8	0	1	1	0.7375	0.7016
31	321	1	516.5900	4	2	0	1	1	0.7383	0.6233
31	322	1	518.1399	5	8	0	1	1	0.7391	0.5928
31	323	1	519.6898	8	4	0	1	1	0.7399	0.5637
31	324	1	521.2398	7	1	0	1	1	0.7407	0.8544
31	325	1	522.7897	5	8	90	0	1	0.7385	0.9029
31	326	1	524.3396	4	2	0	1	1	0.7393	0.5851
31	327	1	525.8895	7	1	0	1	1	0.7401	0.5239
31	328	1	527.4394	5	8	0	1	1	0.7409	0.5572
31	329	1	528.9893	8	4	90	0	1	0.7386	0.5283
31	330	1	530.5393	7	1	0	1	1	0.7394	0.8982
31	331	1	532.0892	8	4	0	1	1	0.7402	0.7563
31	332	1	533.6391	9	14	0	1	1	0.7410	0.8222
31	333	1	535.1890	10	3	0	0	1	0.7387	0.9517
31	334	1	536.7389	13	5	0	1	1	0.7395	0.6507
31	335	1	538.2889	12	10	0	0	1	0.7373	1.0848
31	336	1	539.9388	9	14	0	1	1	0.7381	0.6029
31	337	1	541.4887	8	4	90	1	1	0.7389	0.7807
31	338	1	543.0386	5	8	90	0	1	0.7367	0.8780
31	339	1	544.5885	7	1	0	1	1	0.7375	0.8331
31	340	1	546.1385	8	4	0	1	1	0.7382	0.6111
31	341	1	547.6884	7	1	90	1	1	0.7390	1.0928
31	342	1	549.2383	6	13	0	1	1	0.7398	0.7753
31	343	1	550.7882	4	2	0	1	1	0.7405	0.6814
31	344	1	552.3381	7	1	90	1	1	0.7413	0.8916
31	345	1	553.8881	8	4	0	1	1	0.7420	0.6206
31	346	1	555.4380	7	1	90	1	1	0.7428	0.7667
31	347	1	556.9879	4	2	0	1	1	0.7435	0.6419
31	348	1	558.5378	5	8	0	1	1	0.7443	0.8357
31	349	1	560.0877	4	2	0	1	1	0.7450	0.7427
31	350	1	561.6377	6	13	0	1	1	0.7457	0.8720
31	351	1	563.1876	5	8	90	0	1	0.7436	0.9860
31	352	1	564.7375	6	13	0	1	1	0.7443	0.6352
31	353	1	566.2874	5	8	0	0	1	0.7422	0.6694
31	354	1	567.8373	8	4	0	1	1	0.7429	0.4482
31	355	1	569.3873	5	8	0	1	1	0.7437	1.0422
31	356	1	570.9372	8	4	0	1	1	0.7444	0.5955
31	357	1	572.4871	5	8	0	1	1	0.7451	0.6615
31	358	1	574.0370	7	1	0	1	1	0.7458	0.3757
31	359	1	575.5869	4	2	0	1	1	0.7465	0.7300
31	360	1	577.1369	6	13	0	1	1	0.7472	0.9238
31	361	1	578.6868	5	8	0	1	1	0.7479	0.9108
31	362	1	580.2367	7	1	0	1	1	0.7486	1.0248
31	363	1	581.7866	6	13	0	1	1	0.7493	0.8180
31	364	1	583.3365	8	4	0	1	1	0.7500	0.5971
31	365	1	584.8865	7	1	0	1	1	0.7507	0.5830
31	366	1	586.4364	6	13	90	0	1	0.7486	0.5053
31	367	1	587.9863	4	2	90	1	1	0.7493	1.3544
31	368	1	589.5362	7	1	0	1	1	0.7500	1.0214
31	369	1	591.0861	8	4	0	1	1	0.7507	0.5753
31	370	1	592.6361	7	1	0	1	1	0.7514	0.9940
31	371	1	594.1860	4	2	90	1	1	0.7520	1.2356
31	372	1	595.7359	5	8	90	0	1	0.7500	1.0777
31	373	1	597.3525	8	4	0	1	1	0.7507	0.6445
31	374	1	598.9024	7	1	0	1	1	0.7513	0.7903
31	375	1	600.4523	5	8	0	1	1	0.7520	1.0811
31	376	1	602.0022	4	2	0	1	1	0.7527	0.8425
31	377	1	603.5522	6	13	0	1	1	0.7533	0.6694
31	378	1	605.1021	7	1	90	1	1	0.7540	0.9273
31	379	1	606.6520	4	2	90	0	1	0.7520	0.6259
31	380	1	608.2019	3	9	0	1	1	0.7526	0.8677
31	381	1	609.7518	4	2	0	1	1	0.7533	0.8208
31	382	1	611.3018	6	13	0	1	1	0.7539	0.6309
31	383	1	612.8517	7	1	90	1	1	0.7546	0.8090
31	384	1	614.4016	8	4	0	1	1	0.7552	0.6191
31	385	1	615.9515	7	1	0	1	1	0.7558	0.6371
31	386	1	617.5014	4	2	0	1	1	0.7565	0.6392
31	387	1	619.0514	7	1	0	1	1	0.7571	0.6102
31	388	1	620.6013	6	13	0	1	1	0.7577	0.6923
31	389	1	622.1512	7	1	0	-1	0	0.7558	-1.0000
31	390	1	624.1678	4	2	0	1	1	0.7564	0.5817
31	391	1	625.7177	5	8	0	1	1	0.7570	1.0639
31	392	1	627.2676	7	1	0	1	1	0.7577	0.6180
31	393	1	628.8175	8	4	0	1	1	0.7583	0.6201
31	394	1	630.3674	6	13	0	1	1	0.7589	0.4941
31	395	1	631.9174	5	8	90	0	1	0.7570	0.4002
31	396	1	633.4673	4	2	0	1	1	0.7576	0.7383
31	397	1	635.0172	7	1	90	1	1	0.7582	1.0759
31	398	1	636.5671	4	2	90	0	1	0.7563	0.7900
31	399	1	638.1170	7	1	90	1	1	0.7569	1.0805
31	400	1	639.6670	4	2	0	-1	0	0.7550	-1.0000
31	401	1	641.7335	3	9	0	1	1	0.7556	0.9200
31	402	1	643.2834	4	2	0	1	1	0.7562	0.7305
31	403	1	644.8334	3	9	0	1	1	0.7568	0.6842
31	404	1	646.3833	4	2	0	1	1	0.7574	0.5895
31	405	1	647.9332	6	13	0	1	1	0.7580	0.5444
31	406	1	649.4831	4	2	90	0	1	0.7562	0.7062
31	407	1	651.0330	6	13	0	1	1	0.7568	0.9005
31	408	1	652.5830	5	8	0	1	1	0.7574	1.1266
31	409	1	654.1329	7	1	90	1	1	0.7579	1.0328
31	410	1	655.6828	6	13	90	1	1	0.7585	0.8269
31	411	1	657.2327	5	8	90	0	1	0.7567	0.8768
31	412	1	658.7826	4	2	0	1	1	0.7573	0.6712
31	413	1	660.3326	6	13	0	1	1	0.7579	0.7050
31	414	1	661.8825	5	8	90	0	1	0.7560	0.9471
31	415	1	663.4324	8	4	0	1	1	0.7566	0.5492
31	416	1	664.9823	9	14	0	-1	0	0.7548	-1.0000
31	417	1	666.9989	10	3	0	1	1	0.7554	1.0466
31	418	1	668.5488	11	15	0	1	1	0.7560	0.8398
31	419	1	670.0987	12	10	0	-1	0	0.7542	-1.0000
31	420	1	672.1986	11	15	0	1	1	0.7548	0.9181
31	421	1	673.7485	13	5	0	1	1	0.7553	0.7291
31	422	1	675.2984	10	3	0	1	1	0.7559	0.8912
31	423	1	676.8484	13	5	0	1	1	0.7565	0.6052
31	424	1	678.3983	11	15	0	1	1	0.7571	0.5757
31	425	1	679.9482	9	14	0	1	1	0.7576	0.8485
31	426	1	681.4981	12	10	0	1	1	0.7582	0.6752
31	427	1	683.0480	13	5	0	1	1	0.7588	0.7407
31	428	1	684.5980	10	3	0	1	1	0.7593	0.5996
31	429	1	686.1479	13	5	90	1	1	0.7599	1.1141
31	430	1	687.6978	11	15	0	1	1	0.7605	0.6040
31	431	1	689.2477	13	5	90	1	1	0.7610	0.7178
31	432	1	690.7976	14	6	90	1	1	0.7616	0.9120
31	433	1	692.3476	15	7	0	1	1	0.7621	1.0264
31	434	1	693.8975	1	12	0	1	1	0.7627	0.8672
31	435	1	695.4474	14	6	0	1	1	0.7632	0.6941
31	436	1	696.9973	1	12	0	1	1	0.7638	0.6963
31	437	1	698.5472	3	9	0	1	1	0.7643	1.0014
31	438	1	700.0972	15	7	90	0	1	0.7626	0.8923
31	439	1	701.6471	3	9	0	1	1	0.7631	0.8623
31	440	1	703.1970	4	2	90	1	1	0.7636	1.4717
31	441	1	704.8303	6	13	0	1	1	0.7642	0.7505
31	442	1	706.3802	8	4	0	1	1	0.7647	0.6886
31	443	1	707.9301	5	8	0	1	1	0.7652	0.8186
31	444	1	709.4800	8	4	0	1	1	0.7658	0.5334
31	445	1	711.0299	9	14	0	1	1	0.7663	0.6789
31	446	1	712.5799	12	10	0	1	1	0.7668	0.9208
31	447	1	714.1298	10	3	0	1	1	0.7673	0.8599
31	448	1	715.6797	9	14	0	1	1	0.7679	1.0376
31	449	1	717.2296	8	4	0	1	1	0.7684	0.5599
31	450	1	718.7795	5	8	0	1	1	0.7689	0.4655
31	451	1	720.3294	6	13	0	1	1	0.7694	0.7562
31	452	1	721.8794	5	8	0	1	1	0.7699	0.9181
31	453	1	723.4293	4	2	0	1	1	0.7704	0.6803
31	454	1	724.9792	7	1	90	0	1	0.7687	1.2104
31	455	1	726.7291	8	4	0	1	1	0.7692	0.5487
31	456	1	728.2790	7	1	0	1	1	0.7697	0.7103
31	457	1	729.8290	5	8	0	1	1	0.7702	0.9846
31	458	1	731.3789	6	13	0	1	1	0.7707	0.6346
31	459	1	732.9288	7	1	0	1	1	0.7712	0.7329
31	460	1	734.4787	5	8	0	1	1	0.7717	1.0699
31	461	1	736.0286	8	4	0	1	1	0.7722	0.5601
31	462	1	737.5786	7	1	0	1	1	0.7727	0.5471
31	463	1	739.1285	8	4	0	1	1	0.7732	0.5650
31	464	1	740.6784	5	8	0	1	1	0.7737	0.6953
31	465	1	742.2283	6	13	0	1	1	0.7742	0.5524
31	466	1	743.7782	8	4	0	1	1	0.7747	0.3793
31	467	1	745.3282	9	14	0	1	1	0.7752	0.5405
31	468	1	746.8781	8	4	0	1	1	0.7756	0.4631
31	469	1	748.4280	9	14	90	0	1	0.7740	0.7047
31	470	1	749.9779	11	15	0	1	1	0.7745	0.5477
31	471	1	751.5278	13	5	0	1	1	0.7749	0.8054
31	472	1	753.0777	10	3	0	1	1	0.7754	0.6310
31	473	1	754.6277	12	10	90	0	1	0.7738	0.7139
31	474	1	756.1776	9	14	90	0	1	0.7722	0.6839
31	475	1	757.7275	8	4	90	1	1	0.7726	0.7652
31	476	1	759.2774	5	8	0	1	1	0.7731	1.0249
31	477	1	760.8273	8	4	0	1	1	0.7736	0.6108
31	478	1	762.3773	9	14	0	1	1	0.7741	0.8682
31	479	1	763.9272	12	10	0	0	1	0.7724	1.1272
31	480	1	765.6438	10	3	90	0	1	0.7708	0.9613
31	481	1	767.2437	11	15	0	1	1	0.7713	0.5460
31	482	1	768.7936	9	14	0	1	1	0.7718	1.0599
31	483	1	770.3435	11	15	0	1	1	0.7723	0.5664
31	484	1	771.8934	12	10	90	0	1	0.7707	0.6002
31	485	1	773.4434	13	5	0	1	1	0.7711	0.5214
31	486	1	774.9933	12	10	90	1	1	0.7716	1.2274
31	487	1	776.5432	9	14	90	0	1	0.7700	1.2788
31	488	1	778.3764	10	3	0	1	1	0.7705	0.7256
31	489	1	779.9264	9	14	0	1	1	0.7710	0.1031
31	490	1	781.4763	12	10	0	1	1	0.7714	1.1454
31	491	1	783.0262	13	5	0	1	1	0.7719	0.6352
31	492	1	784.5761	11	15	0	1	1	0.7724	0.5887
31	493	1	786.2927	12	10	90	1	1	0.7728	1.1296
31	494	1	787.8426	13	5	0	1	1	0.7733	0.6031
31	495	1	789.3925	11	15	0	1	1	0.7737	0.5081
31	496	1	790.9425	9	14	0	1	1	0.7742	1.2783
31	497	1	792.4924	10	3	0	1	1	0.7746	0.6572
31	498	1	794.0423	12	10	0	1	1	0.7751	0.8832
31	499	1	795.5922	9	14	0	1	1	0.7756	0.7092
31	500	1	797.1421	10	3	0	1	1	0.7760	0.6640
31	501	1	798.6920	9	14	90	0	1	0.7745	0.4726
31	502	1	800.2420	8	4	90	1	1	0.7749	0.9067
31	503	1	801.7919	7	1	0	1	1	0.7753	0.7818
31	504	1	803.3418	5	8	90	0	1	0.7738	0.8318
31	505	1	804.8917	8	4	0	1	1	0.7743	0.7051
31	506	1	806.4417	6	13	0	1	1	0.7747	0.8835
31	507	1	807.9916	8	4	90	1	1	0.7751	0.7901
31	508	1	809.5415	7	1	90	0	1	0.7736	0.9352
31	509	1	811.0914	6	13	0	1	1	0.7741	0.9383
31	510	1	812.6413	7	1	90	1	1	0.7745	0.7475
31	511	1	814.1913	5	8	0	1	1	0.7750	0.7824
31	512	1	815.7412	4	2	0	1	1	0.7754	0.9756
31	513	1	817.2911	7	1	0	1	1	0.7758	0.9617
31	514	1	818.8410	5	8	0	1	1	0.7763	0.7877
31	515	1	820.3909	4	2	0	1	1	0.7767	0.6146
31	516	1	821.9408	3	9	0	1	1	0.7771	0.7928
31	517	1	823.4908	2	11	0	1	1	0.7776	0.9551
31	518	1	825.0407	3	9	0	1	1	0.7780	0.7159
31	519	1	826.5906	4	2	0	1	1	0.7784	0.7350
31	520	1	828.1405	3	9	0	1	1	0.7788	0.7051
31	521	1	829.6904	15	7	0	0	1	0.7774	0.9312
31	522	1	831.2404	3	9	90	0	1	0.7759	1.0299
31	523	1	832.7903	4	2	0	-1	0	0.7744	-1.0000
31	524	1	834.8235	5	8	0	1	1	0.7748	0.9501
31	525	1	836.3734	6	13	90	1	1	0.7752	0.9047
31	526	1	837.9233	5	8	0	1	1	0.7757	0.7454
31	527	1	839.4733	4	2	0	1	1	0.7761	0.6362
31	528	1	841.0232	7	1	0	1	1	0.7765	0.7176
31	529	1	842.5731	5	8	0	1	1	0.7769	0.7040
31	530	1	844.1230	6	13	90	1	1	0.7774	0.9457
31	531	1	845.6729	4	2	0	1	1	0.7778	0.7237
31	532	1	847.2229	7	1	0	1	1	0.7782	0.7272
31	533	1	848.7728	4	2	0	1	1	0.7786	0.5527
31	534	1	850.3227	3	9	0	1	1	0.7790	0.6029
31	535	1	851.8726	4	2	0	1	1	0.7794	0.5890
31	536	1	853.4226	5	8	0	1	1	0.7799	0.6706
31	537	1	854.9725	6	13	0	1	1	0.7803	0.7842
31	538	1	856.5224	5	8	0	1	1	0.7807	0.6431
31	539	1	858.0723	7	1	0	1	1	0.7811	0.6453
31	540	1	859.6222	5	8	90	0	1	0.7796	0.6955
31	541	1	861.1721	6	13	0	1	1	0.7800	0.7454
31	542	1	862.7221	7	1	0	1	1	0.7804	0.7480
31	543	1	864.2720	4	2	0	1	1	0.7808	0.6695
31	544	1	865.8219	3	9	0	1	1	0.7813	0.6077
31	545	1	867.3718	4	2	90	0	1	0.7798	0.9616
31	546	1	868.9217	3	9	0	1	1	0.7802	0.6119
31	547	1	870.4717	4	2	0	1	1	0.7806	1.0131
31	548	1	872.0216	6	13	0	1	1	0.7810	0.6959
31	549	1	873.5715	5	8	0	1	1	0.7814	0.6988
31	550	1	875.1214	4	2	90	0	1	0.7800	0.6363
31	551	1	876.6713	7	1	0	1	1	0.7804	0.5582
31	552	1	878.2213	5	8	0	1	1	0.7808	0.6244
31	553	1	879.7712	4	2	0	1	1	0.7812	0.6104
31	554	1	881.3211	5	8	0	1	1	0.7816	0.6437
31	555	1	882.8710	4	2	0	1	1	0.7820	0.3097
31	556	1	884.4210	3	9	90	1	1	0.7824	0.9371
31	557	1	885.9709	15	7	0	0	1	0.7810	1.3867
31	558	1	887.8708	3	9	0	1	1	0.7814	0.6540
31	559	1	889.4207	2	11	0	1	1	0.7818	0.9929
31	560	1	890.9706	1	12	90	0	1	0.7804	1.1222
31	561	1	892.6038	14	6	0	1	1	0.7807	0.7062
31	562	1	894.1538	2	11	0	1	1	0.7811	1.1078
31	563	1	895.7037	14	6	0	1	1	0.7815	0.6451
31	564	1	897.2536	1	12	90	1	1	0.7819	0.9511
31	565	1	898.8035	3	9	0	1	1	0.7823	0.6182
31	566	1	900.3535	4	2	0	1	1	0.7827	0.5872
31	567	1	901.9034	6	13	90	-1	0	0.7813	-1.0000
31	568	1	904.0366	5	8	0	1	1	0.7817	0.8893
31	569	1	905.5865	8	4	0	1	1	0.7821	0.7793
31	570	1	907.1364	7	1	0	1	1	0.7825	0.7973
31	571	1	908.6864	8	4	90	1	1	0.7828	0.8152
31	572	1	910.2363	7	1	0	1	1	0.7832	0.6737
31	573	1	911.7862	8	4	90	1	1	0.7836	0.6599
31	574	1	913.3361	9	14	0	1	1	0.7840	0.9974
31	575	1	914.8860	8	4	0	1	1	0.7843	0.6944
31	576	1	916.4360	7	1	90	1	1	0.7847	0.9052
31	577	1	917.9859	5	8	90	-1	0	0.7834	-1.0000
31	578	1	920.0024	7	1	0	1	1	0.7837	0.6673
31	579	1	921.5524	5	8	90	0	1	0.7824	0.7017
31	580	1	923.1023	7	1	0	1	1	0.7828	0.6225
31	581	1	924.6522	8	4	0	1	1	0.7831	0.7525
31	582	1	926.2021	6	13	0	1	1	0.7835	1.1227
31	583	1	927.7520	5	8	90	0	1	0.7822	1.0302
31	584	1	929.3020	8	4	0	1	1	0.7825	0.5198
31	585	1	930.8519	9	14	0	1	1	0.7829	0.9848
31	586	1	932.4018	8	4	0	1	1	0.7833	0.6189
31	587	1	933.9517	6	13	0	1	1	0.7836	0.8139
31	588	1	935.5016	4	2	0	1	1	0.7840	0.6391
31	589	1	937.0515	3	9	0	1	1	0.7844	0.6900
31	590	1	938.6015	1	12	0	1	1	0.7847	0.9642
31	591	1	940.1514	15	7	0	0	1	0.7834	0.9184
31	592	1	941.7013	3	9	90	0	1	0.7821	0.5046
31	593	1	943.2512	15	7	0	1	1	0.7825	1.0175
31	594	1	944.8012	2	11	0	1	1	0.7828	0.9715
31	595	1	946.3511	3	9	0	1	1	0.7832	0.6386
31	596	1	947.9010	1	12	90	0	1	0.7819	0.8797
31	597	1	949.4509	15	7	0	1	1	0.7822	0.6747
31	598	1	951.0008	2	11	0	1	1	0.7826	0.7407
31	599	1	952.5508	1	12	0	1	1	0.7830	0.9350
31	600	1	954.1007	3	9	90	0	1	0.7817	0.9201
31	601	1	1038.2961	1	12	0	-1	0	0.7804	-1.0000
31	602	1	1040.3629	14	6	0	1	1	0.7807	0.0351
31	603	1	1041.9128	2	11	90	0	1	0.7794	0.9333
31	604	1	1043.4627	15	7	90	0	1	0.7781	0.5028
31	605	1	1045.0126	1	12	90	0	1	0.7769	0.7451
31	606	1	1046.5625	2	11	0	1	1	0.7772	0.9872
31	607	1	1048.1125	15	7	0	0	1	0.7759	1.0043
31	608	1	1049.6790	1	12	0	1	1	0.7763	1.3905
31	609	1	1051.2290	14	6	0	1	1	0.7767	0.6247
31	610	1	1052.7789	13	5	0	1	1	0.7770	0.6749
31	611	1	1054.3288	11	15	0	1	1	0.7774	0.6449
31	612	1	1055.8787	9	14	0	1	1	0.7778	0.7590
31	613	1	1057.4286	8	4	0	1	1	0.7781	0.6329
31	614	1	1058.9786	6	13	0	1	1	0.7785	0.6662
31	615	1	1060.5285	4	2	90	1	1	0.7789	0.9893
31	616	1	1062.0784	3	9	0	1	1	0.7792	0.7351
31	617	1	1063.6283	2	11	0	1	1	0.7796	1.0405
31	618	1	1065.1782	1	12	0	1	1	0.7799	0.8027
31	619	1	1066.7281	3	9	0	1	1	0.7803	0.6297
31	620	1	1068.2781	15	7	0	0	1	0.7790	0.8707
31	621	1	1069.8280	14	6	0	1	1	0.7794	0.5377
31	622	1	1071.3779	2	11	0	1	1	0.7797	0.7322
31	623	1	1072.9278	1	12	90	0	1	0.7785	0.9418
31	624	1	1074.4778	14	6	0	1	1	0.7788	0.5920
31	625	1	1076.0277	2	11	90	1	1	0.7792	1.2331
31	626	1	1077.5776	14	6	0	1	1	0.7796	0.7240
31	627	1	1079.1275	1	12	0	1	1	0.7799	0.7260
31	628	1	1080.6774	3	9	90	0	1	0.7787	0.6481
31	629	1	1082.2274	1	12	0	1	1	0.7790	0.6174
31	630	1	1083.7773	14	6	90	1	1	0.7794	1.0045
31	631	1	1085.3272	1	12	0	1	1	0.7797	0.7175
31	632	1	1086.8771	2	11	90	1	1	0.7801	1.0567
31	633	1	1088.4270	15	7	0	0	1	0.7788	1.2510
31	634	1	1090.2603	14	6	0	1	1	0.7792	0.5693
31	635	1	1091.8102	1	12	0	1	1	0.7795	0.7636
31	636	1	1093.3601	15	7	0	1	1	0.7799	0.9251
31	637	1	1094.9100	2	11	0	1	1	0.7802	1.0717
31	638	1	1096.4600	3	9	0	1	1	0.7806	0.7856
31	639	1	1098.0099	4	2	0	1	1	0.7809	0.7078
31	640	1	1099.5598	6	13	90	0	1	0.7797	0.9337
31	641	1	1101.1097	7	1	90	1	1	0.7800	1.1922
31	642	1	1102.6596	5	8	0	1	1	0.7804	0.9865
31	643	1	1104.2095	4	2	0	1	1	0.7807	1.1001
31	644	1	1105.7595	5	8	90	1	1	0.7811	1.2298
31	645	1	1107.3094	8	4	90	1	1	0.7814	0.9281
31	646	1	1108.8593	6	13	90	1	1	0.7817	1.0095
31	647	1	1110.4092	5	8	0	1	1	0.7821	0.9003
31	648	1	1111.9591	4	2	0	1	1	0.7824	0.7272
31	649	1	1113.5091	7	1	90	1	1	0.7827	1.0646
31	650	1	1115.0590	4	2	0	1	1	0.7831	0.6818
31	651	1	1116.6089	5	8	0	0	1	0.7819	0.9724
31	652	1	1118.1588	4	2	0	1	1	0.7822	0.5588
31	653	1	1119.7087	5	8	0	1	1	0.7825	0.6240
31	654	1	1121.2587	8	4	0	1	1	0.7829	1.0269
31	655	1	1122.8086	7	1	90	1	1	0.7832	1.0130
31	656	1	1124.3585	8	4	0	1	1	0.7835	0.6790
31	657	1	1125.9084	5	8	0	1	1	0.7839	0.9524
31	658	1	1127.4584	7	1	0	1	1	0.7842	0.6355
31	659	1	1129.0083	4	2	90	1	1	0.7845	1.0058
31	660	1	1130.5582	7	1	0	1	1	0.7848	0.7985
31	661	1	1132.1081	8	4	0	1	1	0.7852	0.5936
31	662	1	1133.6580	5	8	0	1	1	0.7855	0.6748
31	663	1	1135.2079	7	1	90	1	1	0.7858	1.2217
31	664	1	1136.7579	8	4	0	1	1	0.7861	0.6962
31	665	1	1138.3078	5	8	0	1	1	0.7865	0.9059
31	666	1	1139.8577	8	4	0	1	1	0.7868	0.5560
31	667	1	1141.4076	9	14	0	1	1	0.7871	0.7492
31	668	1	1142.9575	11	15	90	1	1	0.7874	0.8960
31	669	1	1144.5075	9	14	90	0	1	0.7862	1.1702
31	670	1	1146.2740	8	4	0	1	1	0.7866	0.5388
31	671	1	1147.8240	9	14	0	1	1	0.7869	0.6689
31	672	1	1149.3739	12	10	90	1	1	0.7872	0.9117
31	673	1	1150.9238	10	3	90	1	1	0.7875	1.2979
31	674	1	1152.4737	13	5	0	1	1	0.7878	0.7559
31	675	1	1154.0237	10	3	0	1	1	0.7881	1.0779
31	676	1	1155.5736	13	5	0	1	1	0.7885	0.6481
31	677	1	1157.1235	14	6	0	1	1	0.7888	0.7941
31	678	1	1158.6734	13	5	0	1	1	0.7891	0.7162
31	679	1	1160.2233	12	10	0	0	1	0.7879	1.0222
31	680	1	1161.7732	10	3	90	1	1	0.7882	0.6883
31	681	1	1163.3231	9	14	0	1	1	0.7885	1.4737
31	682	1	1164.9397	12	10	0	1	1	0.7889	1.1379
31	683	1	1166.4897	13	5	90	1	1	0.7892	0.9959
31	684	1	1168.0396	12	10	0	1	1	0.7895	0.9661
31	685	1	1169.5895	13	5	0	1	1	0.7898	0.9842
31	686	1	1171.1394	11	15	90	1	1	0.7901	0.8094
31	687	1	1172.6893	12	10	90	1	1	0.7904	0.8755
31	688	1	1174.2393	9	14	0	0	1	0.7892	1.0224
31	689	1	1175.8058	8	4	0	1	1	0.7896	0.5599
31	690	1	1177.3558	6	13	0	1	1	0.7899	0.9460
31	691	1	1178.9057	7	1	0	1	1	0.7902	0.8351
31	692	1	1180.4556	8	4	0	1	1	0.7905	0.6291
31	693	1	1182.0055	9	14	0	1	1	0.7908	0.8083
31	694	1	1183.5554	11	15	0	1	1	0.7911	1.2262
31	695	1	1185.1054	10	3	0	1	1	0.7914	1.2434
31	696	1	1186.6553	11	15	0	1	1	0.7917	0.8465
31	697	1	1188.2052	12	10	90	1	1	0.7920	0.8964
31	698	1	1189.7551	13	5	0	1	1	0.7923	0.6747
31	699	1	1191.3050	12	10	0	1	1	0.7926	1.0125
31	700	1	1192.8550	13	5	0	1	1	0.7929	0.6790
31	701	1	1194.4049	14	6	0	1	1	0.7932	0.6319
31	702	1	1195.9548	13	5	0	1	1	0.7934	0.6029
31	703	1	1197.5047	11	15	90	1	1	0.7937	0.7333
31	704	1	1199.0546	13	5	90	1	1	0.7940	1.1994
31	705	1	1200.6046	14	6	0	1	1	0.7943	0.8491
31	706	1	1202.1545	15	7	0	0	1	0.7932	1.1388
31	707	1	1203.8544	3	9	0	1	1	0.7935	0.6553
31	708	1	1205.4043	2	11	0	1	1	0.7938	1.4084
31	709	1	1206.9542	14	6	0	1	1	0.7941	0.8513
31	710	1	1208.5042	13	5	0	1	1	0.7944	0.6286
31	711	1	1210.0541	11	15	0	1	1	0.7947	0.5187
31	712	1	1211.6040	12	10	0	1	1	0.7949	0.9376
31	713	1	1213.1539	9	14	0	1	1	0.7952	0.7957
31	714	1	1214.7038	12	10	0	-1	0	0.7941	-1.0000
31	715	1	1216.7537	11	15	0	1	1	0.7944	0.6670
31	716	1	1218.3036	12	10	0	1	1	0.7947	1.2941
31	717	1	1219.8536	11	15	90	1	1	0.7950	0.9752
31	718	1	1221.4035	9	14	0	1	1	0.7953	0.8178
31	719	1	1222.9534	8	4	0	1	1	0.7955	0.8204
31	720	1	1224.5033	7	1	0	1	1	0.7958	0.7263
31	721	1	1226.0533	5	8	0	1	1	0.7961	0.7915
31	722	1	1227.6032	4	2	0	1	1	0.7964	0.6184
31	723	1	1229.1531	7	1	0	1	1	0.7967	0.5405
31	724	1	1230.7030	6	13	0	1	1	0.7970	0.9910
31	725	1	1232.2529	7	1	0	1	1	0.7972	0.9768
31	726	1	1233.8029	6	13	0	1	1	0.7975	1.3619
31	727	1	1235.3528	8	4	0	1	1	0.7978	0.6769
31	728	1	1236.9027	5	8	90	1	1	0.7981	0.8701
31	729	1	1238.4526	8	4	0	1	1	0.7984	0.6966
31	730	1	1240.0025	9	14	0	1	1	0.7986	1.0352
31	731	1	1241.5524	8	4	0	1	1	0.7989	0.5735
31	732	1	1243.1024	5	8	90	0	1	0.7978	0.8945
31	733	1	1244.6523	4	2	0	1	1	0.7981	0.5766
31	734	1	1246.2022	7	1	0	1	1	0.7984	0.7225
31	735	1	1247.7521	4	2	0	1	1	0.7986	0.6135
31	736	1	1249.3020	6	13	0	1	1	0.7989	0.8076
31	737	1	1250.8520	5	8	0	1	1	0.7992	0.9697
31	738	1	1252.4019	4	2	0	1	1	0.7995	0.6522
31	739	1	1253.9518	7	1	90	1	1	0.7997	1.2290
31	740	1	1255.5017	5	8	0	1	1	0.8000	1.0559
31	741	1	1257.0517	6	13	0	1	1	0.8003	0.7702
31	742	1	1258.6016	7	1	0	1	1	0.8005	0.6442
31	743	1	1260.1515	4	2	0	1	1	0.8008	0.5174
31	744	1	1261.7014	3	9	0	1	1	0.8011	0.7282
31	745	1	1263.2513	4	2	0	1	1	0.8013	0.8744
31	746	1	1264.8012	6	13	90	1	1	0.8016	0.8125
31	747	1	1266.3512	8	4	0	1	1	0.8019	0.6226
31	748	1	1267.9011	9	14	90	1	1	0.8021	0.9917
31	749	1	1269.4510	11	15	0	1	1	0.8024	0.7858
31	750	1	1271.0009	10	3	0	1	1	0.8027	0.9328
31	751	1	1272.5509	12	10	0	1	1	0.8029	1.2859
31	752	1	1274.1008	11	15	0	1	1	0.8032	0.5690
31	753	1	1275.6507	13	5	90	1	1	0.8035	0.8109
31	754	1	1277.2006	10	3	90	0	1	0.8024	1.1010
31	755	1	1278.8005	9	14	0	1	1	0.8026	0.6209
31	756	1	1280.3504	8	4	0	1	1	0.8029	0.6384
31	757	1	1281.9004	7	1	0	1	1	0.8032	0.6574
31	758	1	1283.4503	8	4	0	1	1	0.8034	0.6425
31	759	1	1285.0002	7	1	90	0	1	0.8024	0.7735
31	760	1	1286.5501	8	4	0	1	1	0.8026	0.5673
31	761	1	1288.1000	6	13	90	1	1	0.8029	1.4803
31	762	1	1289.7833	8	4	90	1	1	0.8031	1.3176
31	763	1	1291.3332	6	13	0	1	1	0.8034	1.3047
31	764	1	1292.8831	8	4	0	1	1	0.8037	0.8578
31	765	1	1294.4330	6	13	0	1	1	0.8039	0.8606
31	766	1	1295.9830	4	2	0	1	1	0.8042	0.7988
31	767	1	1297.5329	5	8	0	1	1	0.8044	0.8160
31	768	1	1299.0828	8	4	0	1	1	0.8047	0.7700
31	769	1	1300.6327	5	8	0	1	1	0.8049	0.7241
31	770	1	1302.1826	6	13	90	1	1	0.8052	0.7103
31	771	1	1303.7326	4	2	90	0	1	0.8042	0.6811
31	772	1	1305.2825	6	13	0	1	1	0.8044	0.7463
31	773	1	1306.8324	5	8	0	1	1	0.8047	0.8924
31	774	1	1308.3823	6	13	0	1	1	0.8049	0.5912
31	775	1	1309.9323	5	8	0	1	1	0.8052	0.6255
31	776	1	1311.4822	4	2	0	1	1	0.8054	0.6276
31	777	1	1313.0321	7	1	0	1	1	0.8057	0.8687
31	778	1	1314.5820	5	8	0	1	1	0.8059	0.6797
31	779	1	1316.1319	8	4	90	1	1	0.8062	0.7462
31	780	1	1317.6818	6	13	90	1	1	0.8064	0.7790
31	781	1	1319.2318	4	2	90	1	1	0.8067	0.9260
31	782	1	1320.7817	6	13	0	1	1	0.8069	0.7201
31	783	1	1322.3316	5	8	0	1	1	0.8072	0.8983
31	784	1	1323.8815	6	13	0	1	1	0.8074	0.6763
31	785	1	1325.4314	8	4	0	1	1	0.8076	0.5656
31	786	1	1326.9814	7	1	0	1	1	0.8079	0.6648
31	787	1	1328.5313	6	13	0	1	1	0.8081	0.6503
31	788	1	1330.0812	8	4	0	1	1	0.8084	0.6517
31	789	1	1331.6311	9	14	0	-1	0	0.8074	-1.0000
31	790	1	1333.6810	12	10	0	1	1	0.8076	0.8765
31	791	1	1335.2309	9	14	0	1	1	0.8078	0.7508
31	792	1	1336.7809	8	4	0	1	1	0.8081	0.5929
31	793	1	1338.3308	5	8	0	1	1	0.8083	0.6260
31	794	1	1339.8807	4	2	0	1	1	0.8086	0.5961
31	795	1	1341.4306	7	1	0	1	1	0.8088	0.6150
31	796	1	1342.9805	6	13	0	1	1	0.8090	0.8083
31	797	1	1344.5305	7	1	0	1	1	0.8093	0.7472
31	798	1	1346.0804	6	13	0	1	1	0.8095	0.8298
31	799	1	1347.6303	7	1	90	1	1	0.8098	1.3115
31	800	1	1349.1802	5	8	0	1	1	0.8100	0.9606
31	801	1	1350.7301	4	2	90	-1	0	0.8090	-1.0000
31	802	1	1352.8134	7	1	0	0	1	0.8080	0.0326
31	803	1	1354.3633	5	8	0	1	1	0.8082	0.9778
31	804	1	1355.9132	8	4	90	1	1	0.8085	0.9476
31	805	1	1357.4631	9	14	0	1	1	0.8087	1.1417
31	806	1	1359.0130	11	15	0	1	1	0.8089	0.7290
31	807	1	1360.5630	13	5	0	1	1	0.8092	1.0978
31	808	1	1362.1129	10	3	0	1	1	0.8094	1.4693
31	809	1	1363.7461	11	15	0	1	1	0.8096	1.0836
31	810	1	1365.2960	10	3	0	1	1	0.8099	0.7497
31	811	1	1366.8460	9	14	0	1	1	0.8101	0.7348
31	812	1	1368.3959	11	15	0	1	1	0.8103	0.5299
31	813	1	1369.9458	13	5	90	1	1	0.8106	0.7230
31	814	1	1371.4957	11	15	0	1	1	0.8108	0.6771
31	815	1	1373.0456	10	3	0	1	1	0.8110	0.7432
31	816	1	1374.5956	11	15	0	1	1	0.8113	0.6182
31	817	1	1376.1455	10	3	0	1	1	0.8115	0.5883
31	818	1	1377.6954	12	10	90	1	1	0.8117	1.3743
31	819	1	1379.2620	10	3	0	1	1	0.8120	0.9597
31	820	1	1380.8119	9	14	0	1	1	0.8122	0.7537
31	821	1	1382.3618	10	3	0	1	1	0.8124	0.6758
31	822	1	1383.9118	13	5	90	1	1	0.8127	0.7260
31	823	1	1385.4617	14	6	90	1	1	0.8129	1.1919
31	824	1	1387.0116	13	5	0	1	1	0.8131	0.7463
31	825	1	1388.5615	10	3	90	-1	0	0.8121	-1.0000
31	826	1	1390.6447	12	10	0	1	1	0.8123	1.4001
31	827	1	1392.2113	13	5	0	1	1	0.8126	0.9535
31	828	1	1393.7612	10	3	0	1	1	0.8128	1.2115
31	829	1	1395.3112	13	5	0	1	1	0.8130	0.8784
31	830	1	1396.8611	11	15	0	0	1	0.8120	1.4560
31	831	1	1398.8943	13	5	0	1	1	0.8123	0.6552
31	832	1	1400.4442	12	10	0	1	1	0.8125	0.8974
31	833	1	1401.9942	9	14	0	1	1	0.8127	0.8036
31	834	1	1403.5441	12	10	0	1	1	0.8129	0.6622
31	835	1	1405.0940	10	3	0	1	1	0.8132	0.8869
31	836	1	1406.6439	9	14	0	1	1	0.8134	0.7295
31	837	1	1408.1938	8	4	0	1	1	0.8136	0.6838
31	838	1	1409.7437	7	1	0	-1	0	0.8126	-1.0000
31	839	1	1411.7936	8	4	0	1	1	0.8129	0.6202
31	840	1	1413.3436	6	13	90	1	1	0.8131	0.8630
31	841	1	1414.8935	4	2	0	-1	0	0.8121	-1.0000
31	842	1	1416.9100	5	8	0	1	1	0.8124	0.1108
31	843	1	1418.4600	4	2	0	1	1	0.8126	0.6729
31	844	1	1420.0099	3	9	0	1	1	0.8128	0.7237
31	845	1	1421.5598	2	11	0	1	1	0.8130	1.3010
31	846	1	1423.1097	3	9	0	1	1	0.8132	0.6471
31	847	1	1424.6596	4	2	90	0	1	0.8123	0.5857
31	848	1	1426.2096	6	13	0	1	1	0.8125	0.7633
31	849	1	1427.7595	5	8	0	1	1	0.8127	0.8774
31	850	1	1429.3094	4	2	0	1	1	0.8129	1.1998
31	851	1	1430.8593	7	1	0	1	1	0.8132	0.9142
31	852	1	1432.4093	6	13	0	1	1	0.8134	0.8363
31	853	1	1433.9592	7	1	0	1	1	0.8136	1.1431
31	854	1	1435.5091	8	4	90	1	1	0.8138	1.4646
31	855	1	1437.3423	6	13	0	1	1	0.8140	0.7993
31	856	1	1438.8922	7	1	0	1	1	0.8143	0.8807
31	857	1	1440.4422	6	13	90	1	1	0.8145	1.1717
31	858	1	1441.9921	5	8	0	1	1	0.8147	1.0136
31	859	1	1443.5420	8	4	0	-1	0	0.8137	-1.0000
31	860	1	1445.6086	7	1	90	1	1	0.8140	1.0282
31	861	1	1447.1585	5	8	0	0	1	0.8130	0.9513
31	862	1	1448.7084	8	4	0	1	1	0.8132	0.6973
31	863	1	1450.2583	7	1	0	1	1	0.8134	0.7305
31	864	1	1451.8082	8	4	0	1	1	0.8137	0.7654
31	865	1	1453.3582	9	14	0	1	1	0.8139	0.7516
31	866	1	1454.9081	11	15	90	1	1	0.8141	0.7215
31	867	1	1456.4580	12	10	0	1	1	0.8143	1.1708
31	868	1	1458.0079	9	14	0	1	1	0.8145	0.6935
31	869	1	1459.5578	12	10	0	1	1	0.8147	0.6486
31	870	1	1461.1077	13	5	0	1	1	0.8149	0.4582
31	871	1	1462.6577	14	6	0	1	1	0.8152	0.5881
31	872	1	1464.2076	13	5	90	1	1	0.8154	0.7342
31	873	1	1465.7575	14	6	90	1	1	0.8156	1.1993
31	874	1	1467.3074	13	5	0	1	1	0.8158	0.6903
31	875	1	1468.8574	10	3	0	1	1	0.8160	1.1404
31	876	1	1470.4073	12	10	0	1	1	0.8162	1.1898
31	877	1	1471.9572	9	14	0	1	1	0.8164	1.4966
31	878	1	1473.6904	8	4	0	1	1	0.8166	0.6112
31	879	1	1475.2404	6	13	0	1	1	0.8168	0.6453
31	880	1	1476.7903	7	1	90	0	1	0.8159	0.9026
31	881	1	1478.3402	6	13	0	1	1	0.8161	0.6335
31	882	1	1479.8901	8	4	0	1	1	0.8163	0.6195
31	883	1	1481.4400	5	8	0	1	1	0.8165	0.7497
31	884	1	1482.9900	8	4	0	1	1	0.8167	0.5589
31	885	1	1484.5399	7	1	90	1	1	0.8169	1.2649
31	886	1	1486.0898	6	13	0	1	1	0.8172	0.6595
31	887	1	1487.6397	7	1	90	-1	0	0.8162	-1.0000
31	888	1	1489.7229	4	2	0	1	1	0.8164	1.2499
31	889	1	1491.2729	3	9	90	1	1	0.8166	1.1729
31	890	1	1492.8228	4	2	90	1	1	0.8169	0.9829
31	891	1	1494.3727	5	8	0	1	1	0.8171	0.8722
31	892	1	1495.9226	6	13	0	1	1	0.8173	0.6502
31	893	1	1497.4726	4	2	0	1	1	0.8175	0.5573
31	894	1	1499.0225	7	1	0	1	1	0.8177	0.6873
31	895	1	1500.5724	4	2	0	1	1	0.8179	0.6884
31	896	1	1502.1223	6	13	0	1	1	0.8181	1.3146
31	897	1	1503.6722	7	1	90	1	1	0.8183	1.2047
31	898	1	1505.2221	8	4	0	1	1	0.8185	0.7755
31	899	1	1506.7721	7	1	0	1	1	0.8187	0.7927
31	900	1	1508.3220	6	13	90	1	1	0.8189	0.8436
31	901	1	1509.8719	5	8	90	1	1	0.8191	1.1499
31	902	1	1511.4218	4	2	0	1	1	0.8193	1.0870
31	903	1	1512.9717	3	9	0	1	1	0.8195	0.9621
31	904	1	1514.5217	1	12	90	1	1	0.8197	1.1400
31	905	1	1516.0716	3	9	90	0	1	0.8188	1.0932
31	906	1	1517.6882	4	2	0	1	1	0.8190	0.9977
31	907	1	1519.2381	5	8	0	1	1	0.8192	1.2715
31	908	1	1520.7880	4	2	0	1	1	0.8194	0.8570
31	909	1	1522.3379	3	9	0	-1	0	0.8185	-1.0000
31	910	1	1524.3711	1	12	0	1	1	0.8187	0.9546
31	911	1	1525.9211	3	9	0	1	1	0.8189	1.4530
31	912	1	1527.5543	15	7	0	0	1	0.8180	1.1155
31	913	1	1529.2042	3	9	0	1	1	0.8182	0.6336
31	914	1	1530.7541	4	2	0	1	1	0.8184	1.0196
31	915	1	1532.3041	7	1	0	1	1	0.8186	0.7487
31	916	1	1533.8540	6	13	0	1	1	0.8188	0.8468
31	917	1	1535.4039	4	2	90	-1	0	0.8179	-1.0000
31	918	1	1537.4538	7	1	0	-1	0	0.8170	-1.0000
31	919	1	1539.5037	5	8	0	1	1	0.8172	1.2620
31	920	1	1541.0536	4	2	0	1	1	0.8174	0.6562
31	921	1	1542.6035	7	1	0	1	1	0.8176	0.9294
31	922	1	1544.1535	8	4	0	1	1	0.8178	0.6127
31	923	1	1545.7034	9	14	90	-1	0	0.8169	-1.0000
31	924	1	1547.7699	8	4	90	-1	0	0.8160	-1.0000
31	925	1	1549.8198	7	1	0	1	1	0.8162	0.8500
31	926	1	1551.3698	4	2	0	1	1	0.8164	0.7241
31	927	1	1552.9197	7	1	90	1	1	0.8166	0.8381
31	928	1	1554.4696	6	13	0	1	1	0.8168	1.1752
31	929	1	1556.0195	4	2	0	1	1	0.8170	1.0662
31	930	1	1557.5694	7	1	0	1	1	0.8172	1.0834
31	931	1	1559.1194	4	2	0	-1	0	0.8163	-1.0000
31	932	1	1561.1526	6	13	0	1	1	0.8165	0.0763
31	933	1	1562.7025	4	2	0	1	1	0.8167	0.9114
31	934	1	1564.2524	7	1	0	1	1	0.8169	0.6093
31	935	1	1565.8023	8	4	0	1	1	0.8171	0.5478
31	936	1	1567.3523	5	8	0	1	1	0.8173	0.7575
31	937	1	1568.9022	4	2	90	1	1	0.8175	1.2076
31	938	1	1570.4521	6	13	0	1	1	0.8177	0.9377
31	939	1	1572.0020	5	8	0	1	1	0.8179	0.9876
31	940	1	1573.5519	4	2	0	1	1	0.8181	0.7339
31	941	1	1575.1019	7	1	0	1	1	0.8183	0.9429
31	942	1	1576.6518	5	8	0	1	1	0.8185	0.7211
31	943	1	1578.2017	7	1	0	1	1	0.8187	1.0911
31	944	1	1579.7516	5	8	0	1	1	0.8189	0.6622
31	945	1	1581.3015	6	13	0	1	1	0.8190	0.6006
31	946	1	1582.8515	8	4	0	1	1	0.8192	0.7294
31	947	1	1584.4014	5	8	90	0	1	0.8184	0.7002
31	948	1	1585.9513	8	4	0	1	1	0.8186	0.9903
31	949	1	1587.5012	9	14	90	0	1	0.8177	0.7844
31	950	1	1589.0511	11	15	0	1	1	0.8179	0.8496
31	951	1	1590.6011	13	5	0	1	1	0.8181	0.6759
31	952	1	1592.1510	12	10	90	0	1	0.8172	1.1587
31	953	1	1593.8509	10	3	0	1	1	0.8174	0.8020
31	954	1	1595.4008	11	15	0	1	1	0.8176	0.4689
31	955	1	1596.9507	9	14	90	0	1	0.8168	0.6307
31	956	1	1598.5006	10	3	0	1	1	0.8169	1.0482
31	957	1	1600.0506	9	14	0	1	1	0.8171	1.2103
31	958	1	1601.6005	8	4	0	1	1	0.8173	0.5896
31	959	1	1603.1504	9	14	0	-1	0	0.8165	-1.0000
31	960	1	1605.1670	12	10	90	0	1	0.8156	0.5748
31	961	1	1606.7169	9	14	0	1	1	0.8158	0.6407
31	962	1	1608.2668	10	3	0	-1	0	0.8150	-1.0000
31	963	1	1610.2834	9	14	0	1	1	0.8152	0.6902
31	964	1	1611.8333	12	10	90	-1	0	0.8143	-1.0000
31	965	1	1613.8999	11	15	0	1	1	0.8145	0.5930
31	966	1	1615.4498	10	3	0	1	1	0.8147	0.7883
31	967	1	1616.9997	9	14	90	0	1	0.8139	0.8222
31	968	1	1618.5496	12	10	0	1	1	0.8140	0.9352
31	969	1	1620.0995	11	15	0	1	1	0.8142	0.5702
31	970	1	1621.6495	9	14	90	0	1	0.8134	0.6194
31	971	1	1623.1994	11	15	0	1	1	0.8136	0.4785
31	972	1	1624.7493	12	10	0	1	1	0.8138	0.7997
31	973	1	1626.2992	13	5	0	1	1	0.8140	0.6097
31	974	1	1627.8491	10	3	0	1	1	0.8142	0.6597
31	975	1	1629.3990	13	5	0	1	1	0.8144	0.5338
31	976	1	1630.9490	14	6	0	1	1	0.8145	0.5839
31	977	1	1632.4989	1	12	0	1	1	0.8147	0.5549
31	978	1	1634.0488	2	11	0	1	1	0.8149	1.4690
31	979	1	1635.7154	15	7	90	0	1	0.8141	1.0505
31	980	1	1637.3153	3	9	0	1	1	0.8143	0.5864
31	981	1	1638.8652	15	7	0	-1	0	0.8135	-1.0000
31	982	1	1640.9318	14	6	0	1	1	0.8136	0.6664
31	983	1	1642.4817	2	11	0	1	1	0.8138	0.7164
31	984	1	1644.0316	15	7	90	0	1	0.8130	0.7656
31	985	1	1645.5815	2	11	90	0	1	0.8122	0.5433
31	986	1	1647.1315	3	9	0	1	1	0.8124	0.6254
31	987	1	1648.6814	2	11	90	0	1	0.8116	0.9643
31	988	1	1650.2313	1	12	90	0	1	0.8107	1.0775
31	989	1	1651.8146	14	6	0	1	1	0.8109	0.6303
31	990	1	1653.3645	2	11	90	-1	0	0.8101	-1.0000
31	991	1	1655.4144	3	9	0	1	1	0.8103	0.8714
31	992	1	1656.9643	1	12	90	0	1	0.8095	0.7456
31	993	1	1658.5142	2	11	90	0	1	0.8087	1.1786
31	994	1	1660.2641	14	6	0	1	1	0.8089	0.6455
31	995	1	1661.8140	13	5	0	1	1	0.8090	0.6318
31	996	1	1663.3640	12	10	90	1	1	0.8092	1.0330
31	997	1	1664.9139	13	5	0	1	1	0.8094	0.7638
31	998	1	1666.4638	12	10	0	1	1	0.8096	0.9740
31	999	1	1668.0137	11	15	0	1	1	0.8098	0.6079
31	1000	1	1669.5636	12	10	0	1	1	0.8100	0.7532
31	1001	1	1671.1136	10	3	0	1	1	0.8102	0.5642
31	1002	1	1672.6635	11	15	0	1	1	0.8104	0.6143
31	1003	1	1674.2134	10	3	0	1	1	0.8106	0.5045
31	1004	1	1675.7633	9	14	0	1	1	0.8108	1.2429
31	1005	1	1677.3132	11	15	90	1	1	0.8109	0.7805
31	1006	1	1678.8632	12	10	90	1	1	0.8111	1.3105
31	1007	1	1680.4131	13	5	0	1	1	0.8113	0.6728
31	1008	1	1681.9630	14	6	0	1	1	0.8115	0.7226
31	1009	1	1683.5129	2	11	0	1	1	0.8117	1.1729
31	1010	1	1685.0628	14	6	0	1	1	0.8119	0.7588
31	1011	1	1686.6127	2	11	90	1	1	0.8121	0.8570
31	1012	1	1688.1627	14	6	90	1	1	0.8123	0.7943
31	1013	1	1689.7126	1	12	0	1	1	0.8124	0.7971
31	1014	1	1691.2625	2	11	0	1	1	0.8126	0.7512
31	1015	1	1692.8124	15	7	0	1	1	0.8128	0.6094
31	1016	1	1694.3624	3	9	0	1	1	0.8130	0.6745
31	1017	1	1695.9123	1	12	0	-1	0	0.8122	-1.0000
31	1018	1	1697.9622	14	6	0	1	1	0.8124	0.9317
31	1019	1	1699.5121	15	7	0	0	1	0.8116	1.2858
31	1020	1	1701.3120	14	6	90	0	1	0.8108	0.5889
31	1021	1	1702.8619	13	5	90	1	1	0.8110	1.2159
31	1022	1	1704.4118	11	15	0	1	1	0.8112	1.2974
31	1023	1	1705.9618	9	14	0	-1	0	0.8104	-1.0000
31	1024	1	1707.9950	11	15	0	1	1	0.8105	1.2827
31	1025	1	1709.5449	12	10	0	1	1	0.8107	0.9165
31	1026	1	1711.0948	13	5	90	-1	0	0.8099	-1.0000
31	1027	1	1713.0947	14	6	0	-1	0	0.8092	-1.0000
31	1028	1	1715.1446	15	7	0	-1	0	0.8084	-1.0000
31	1029	1	1717.1778	3	9	0	-1	0	0.8076	-1.0000
31	1030	1	1719.2277	2	11	0	-1	0	0.8068	-1.0000
31	1031	1	1721.2776	3	9	0	1	1	0.8070	0.6242
31	1032	1	1722.8275	2	11	90	0	1	0.8062	1.1213
31	1033	1	1724.5441	1	12	0	1	1	0.8064	0.8127
31	1034	1	1726.0940	14	6	0	1	1	0.8066	0.6398
31	1035	1	1727.6440	2	11	0	1	1	0.8068	0.6578
31	1036	1	1729.1939	1	12	0	1	1	0.8069	0.5950
31	1037	1	1730.7438	3	9	0	1	1	0.8071	0.6779
31	1038	1	1732.2937	1	12	0	1	1	0.8073	0.5849
31	1039	1	1733.8436	3	9	0	1	1	0.8075	0.5853
31	1040	1	1735.3936	15	7	0	-1	0	0.8067	-1.0000
31	1041	1	1737.4268	1	12	90	1	1	0.8069	1.0990
31	1042	1	1738.9767	14	6	0	1	1	0.8071	0.7010
31	1043	1	1740.5266	2	11	0	1	1	0.8073	0.6543
31	1044	1	1742.0766	1	12	0	1	1	0.8075	0.5923
31	1045	1	1743.6265	2	11	0	1	1	0.8077	0.5153
31	1046	1	1745.1764	15	7	0	0	1	0.8069	1.0126
31	1047	1	1746.7263	14	6	0	1	1	0.8071	0.5506
31	1048	1	1748.2762	2	11	0	1	1	0.8073	0.6974
31	1049	1	1749.8261	1	12	0	1	1	0.8074	1.1628
31	1050	1	1751.3761	3	9	0	1	1	0.8076	0.5895
31	1051	1	1752.9260	2	11	0	1	1	0.8078	0.7669
31	1052	1	1754.4759	15	7	0	0	1	0.8070	0.9299
31	1053	1	1756.0258	3	9	0	1	1	0.8072	0.5794
31	1054	1	1757.5757	15	7	0	1	1	0.8074	0.5181
31	1055	1	1759.1257	14	6	0	1	1	0.8076	0.6793
31	1056	1	1760.6756	13	5	0	1	1	0.8078	0.6334
31	1057	1	1762.2255	11	15	0	1	1	0.8079	0.6043
31	1058	1	1763.7754	12	10	0	1	1	0.8081	1.3426
31	1059	1	1765.3253	13	5	0	1	1	0.8083	1.0396
31	1060	1	1766.8753	12	10	0	1	1	0.8085	0.6742
31	1061	1	1768.4252	10	3	0	1	1	0.8087	0.8517
31	1062	1	1769.9751	9	14	0	1	1	0.8089	0.8385
31	1063	1	1771.5250	11	15	0	1	1	0.8090	0.6478
31	1064	1	1773.0749	9	14	0	1	1	0.8092	0.6820
31	1065	1	1774.6248	8	4	90	1	1	0.8094	0.8280
31	1066	1	1776.1747	9	14	0	1	1	0.8096	0.9271
31	1067	1	1777.7247	11	15	0	1	1	0.8097	0.6404
31	1068	1	1779.2746	9	14	90	0	1	0.8090	0.6744
31	1069	1	1780.8245	12	10	90	0	1	0.8082	0.5973
31	1070	1	1782.3745	9	14	0	1	1	0.8084	0.6473
31	1071	1	1783.9244	8	4	0	1	1	0.8086	0.6653
31	1072	1	1785.4743	9	14	90	0	1	0.8078	0.6515
31	1073	1	1787.0242	10	3	90	1	1	0.8080	0.7977
31	1074	1	1788.5741	11	15	90	0	1	0.8073	0.7997
31	1075	1	1790.1241	13	5	90	1	1	0.8074	0.8497
31	1076	1	1791.6740	11	15	0	1	1	0.8076	0.6118
31	1077	1	1793.2239	9	14	0	1	1	0.8078	0.9178
31	1078	1	1794.7738	10	3	0	1	1	0.8080	1.0151
31	1079	1	1796.3237	13	5	90	1	1	0.8082	0.9701
31	1080	1	1797.8737	12	10	0	-1	0	0.8074	-1.0000
31	1081	1	1799.9402	9	14	90	0	1	0.8067	0.8411
31	1082	1	1801.4901	11	15	90	1	1	0.8068	0.8748
31	1083	1	1803.0401	12	10	0	-1	0	0.8061	-1.0000
31	1084	1	1805.0399	9	14	0	1	1	0.8063	0.6209
31	1085	1	1806.5899	12	10	0	1	1	0.8065	0.6230
31	1086	1	1808.1398	9	14	0	1	1	0.8066	0.5452
31	1087	1	1809.6897	10	3	0	1	1	0.8068	0.7401
31	1088	1	1811.2396	11	15	0	1	1	0.8070	0.5342
31	1089	1	1812.7896	13	5	0	1	1	0.8072	0.7282
31	1090	1	1814.3395	11	15	90	1	1	0.8073	0.9224
31	1091	1	1815.8894	10	3	0	-1	0	0.8066	-1.0000
31	1092	1	1817.9559	12	10	0	1	1	0.8068	0.8089
31	1093	1	1819.5059	13	5	0	1	1	0.8070	0.5720
31	1094	1	1821.0558	14	6	90	0	1	0.8062	0.8453
31	1095	1	1822.6057	15	7	90	0	1	0.8055	1.1518
31	1096	1	1824.2890	2	11	0	1	1	0.8057	0.7968
31	1097	1	1825.8389	14	6	90	1	1	0.8058	1.4226
31	1098	1	1827.5388	15	7	0	-1	0	0.8051	-1.0000
31	1099	1	1829.5720	1	12	0	1	1	0.8053	1.4009
31	1100	1	1831.1386	2	11	0	1	1	0.8055	1.0517
31	1101	1	1832.6885	15	7	0	-1	0	0.8047	-1.0000
31	1102	1	1834.7717	2	11	90	0	1	0.8040	0.9372
31	1103	1	1836.3217	3	9	0	1	1	0.8042	0.5720
31	1104	1	1837.8716	1	12	0	1	1	0.8043	0.5901
31	1105	1	1839.4215	14	6	0	1	1	0.8045	0.5762
31	1106	1	1840.9714	15	7	0	0	1	0.8038	1.1696
31	1107	1	1842.6713	3	9	90	0	1	0.8031	1.1976
31	1108	1	1844.4379	4	2	90	1	1	0.8032	1.3518
31	1109	1	1846.0378	7	1	0	1	1	0.8034	0.8070
31	1110	1	1847.5878	8	4	0	1	1	0.8036	0.9051
31	1111	1	1849.1377	7	1	0	1	1	0.8038	0.7961
31	1112	1	1850.6876	6	13	0	1	1	0.8040	0.7022
31	1113	1	1852.2375	5	8	0	1	1	0.8041	0.7523
31	1114	1	1853.7874	6	13	0	-1	0	0.8034	-1.0000
31	1115	1	1855.9207	4	2	0	1	1	0.8036	0.6042
31	1116	1	1857.4706	7	1	0	1	1	0.8038	0.5592
31	1117	1	1859.0205	8	4	0	1	1	0.8039	0.5773
31	1118	1	1860.5704	6	13	0	1	1	0.8041	0.6271
31	1119	1	1862.1203	7	1	90	1	1	0.8043	1.0126
31	1120	1	1863.6703	4	2	90	1	1	0.8045	0.8395
31	1121	1	1865.2202	7	1	90	1	1	0.8046	0.6808
31	1122	1	1866.7701	4	2	0	1	1	0.8048	0.6997
31	1123	1	1868.3200	7	1	90	1	1	0.8050	0.8449
31	1124	1	1869.8699	5	8	0	1	1	0.8052	0.9440
31	1125	1	1871.4198	8	4	0	1	1	0.8053	0.7211
31	1126	1	1872.9698	9	14	0	1	1	0.8055	0.8042
31	1127	1	1874.5197	11	15	0	1	1	0.8057	0.8532
31	1128	1	1876.0696	9	14	0	1	1	0.8059	0.8567
31	1129	1	1877.6195	10	3	90	0	1	0.8051	1.0014
31	1130	1	1879.1861	13	5	0	1	1	0.8053	0.7791
31	1131	1	1880.7360	11	15	90	1	1	0.8055	0.8617
31	1132	1	1882.2860	13	5	0	1	1	0.8057	0.8639
31	1133	1	1883.8359	14	6	0	1	1	0.8058	0.8499
31	1134	1	1885.3858	13	5	0	1	1	0.8060	0.5952
31	1135	1	1886.9357	10	3	0	1	1	0.8062	0.7581
31	1136	1	1888.4856	13	5	0	1	1	0.8063	0.6161
31	1137	1	1890.0355	10	3	0	1	1	0.8065	0.6344
31	1138	1	1891.5855	9	14	0	1	1	0.8067	1.2118
31	1139	1	1893.1354	8	4	0	1	1	0.8068	0.6065
31	1140	1	1894.6853	5	8	0	1	1	0.8070	0.7204
31	1141	1	1896.2352	7	1	90	1	1	0.8072	1.3622
31	1142	1	1897.8018	5	8	0	1	1	0.8074	0.8672
31	1143	1	1899.3517	7	1	0	1	1	0.8075	0.7421
31	1144	1	1900.9017	8	4	0	1	1	0.8077	0.5684
31	1145	1	1902.4516	9	14	0	1	1	0.8079	0.6982
31	1146	1	1904.0015	12	10	0	1	1	0.8080	0.7954
31	1147	1	1905.5514	9	14	0	1	1	0.8082	0.6535
31	1148	1	1907.1013	8	4	0	1	1	0.8084	0.8476
31	1149	1	1908.6513	7	1	0	1	1	0.8085	0.6417
31	1150	1	1910.2012	8	4	0	-1	0	0.8078	-1.0000
31	1151	1	1912.2344	9	14	90	1	1	0.8080	1.2033
31	1152	1	1913.7843	8	4	0	1	1	0.8082	0.6137
31	1153	1	1915.3342	7	1	0	1	1	0.8083	0.6159
31	1154	1	1916.8842	5	8	0	1	1	0.8085	0.8255
31	1155	1	1918.4341	7	1	90	0	1	0.8078	0.5717
31	1156	1	1919.9840	8	4	0	1	1	0.8080	0.6539
31	1157	1	1921.5339	7	1	0	1	1	0.8081	0.6880
31	1158	1	1923.0838	6	13	0	1	1	0.8083	0.8019
31	1159	1	1924.6338	5	8	90	1	1	0.8085	1.1880
31	1160	1	1926.1837	4	2	0	1	1	0.8086	0.8212
31	1161	1	1927.7336	3	9	0	1	1	0.8088	0.9206
31	1162	1	1929.2835	1	12	90	1	1	0.8090	1.0187
31	1163	1	1930.8334	15	7	0	1	1	0.8091	1.2443
31	1164	1	1932.3834	2	11	0	1	1	0.8093	0.9905
31	1165	1	1933.9333	14	6	90	1	1	0.8094	1.0565
31	1166	1	1935.4832	1	12	0	1	1	0.8096	0.8666
31	1167	1	1937.0331	15	7	0	1	1	0.8098	0.8197
31	1168	1	1938.5830	14	6	90	1	1	0.8099	0.8706
31	1169	1	1940.1330	15	7	0	1	1	0.8101	1.1759
31	1170	1	1941.6829	14	6	0	1	1	0.8103	0.7940
31	1171	1	1943.2328	1	12	0	1	1	0.8104	0.6530
31	1172	1	1944.7827	15	7	0	1	1	0.8106	0.6714
31	1173	1	1946.3326	14	6	90	1	1	0.8107	0.9291
31	1174	1	1947.8826	2	11	90	1	1	0.8109	0.9143
31	1175	1	1949.4325	15	7	0	-1	0	0.8102	-1.0000
31	1176	1	1951.5157	3	9	90	0	1	0.8095	0.5461
31	1177	1	1953.0656	2	11	0	1	1	0.8097	0.8042
31	1178	1	1954.6155	1	12	0	1	1	0.8098	0.9026
31	1179	1	1956.1655	14	6	0	1	1	0.8100	0.7444
31	1180	1	1957.7154	1	12	90	0	1	0.8093	0.8425
31	1181	1	1959.2653	15	7	0	-1	0	0.8086	-1.0000
31	1182	1	1961.2819	14	6	90	1	1	0.8088	1.1000
31	1183	1	1962.8318	15	7	90	1	1	0.8090	1.1821
31	1184	1	1964.3817	2	11	0	1	1	0.8091	1.0552
31	1185	1	1965.9316	1	12	0	1	1	0.8093	0.9141
31	1186	1	1967.4815	3	9	0	1	1	0.8094	0.8843
31	1187	1	1969.0315	2	11	0	1	1	0.8096	1.2375
31	1188	1	1970.5814	3	9	0	1	1	0.8098	0.8875
31	1189	1	1972.1313	2	11	0	1	1	0.8099	0.7145
31	1190	1	1973.6812	14	6	0	1	1	0.8101	0.5567
31	1191	1	1975.2311	15	7	90	0	1	0.8094	0.6538
31	1192	1	1976.7811	2	11	0	1	1	0.8096	0.5608
31	1193	1	1978.3310	1	12	90	1	1	0.8097	0.9148
31	1194	1	1979.8809	3	9	90	1	1	0.8099	1.0280
31	1195	1	1981.4308	2	11	0	1	1	0.8100	0.8234
31	1196	1	1982.9807	3	9	0	1	1	0.8102	0.8416
31	1197	1	1984.5307	1	12	0	1	1	0.8104	0.5703
31	1198	1	1986.0806	14	6	90	1	1	0.8105	0.7964
31	1199	1	1987.6305	1	12	90	1	1	0.8107	0.9112
31	1200	1	1989.1804	2	11	90	1	1	0.8108	0.9135
31	1201	1	1990.7303	14	6	0	1	1	0.8110	0.7717
31	1202	1	1992.2803	2	11	0	1	1	0.8111	0.8057
31	1203	1	1993.8302	1	12	90	-1	0	0.8105	-1.0000
31	1204	1	1995.9134	2	11	0	1	1	0.8106	0.0850
31	1205	1	1997.4633	15	7	0	1	1	0.8108	0.1192
31	1206	1	1999.0132	3	9	0	1	1	0.8109	1.0956
31	1207	1	2000.5632	4	2	0	1	1	0.8111	0.7307
31	1208	1	2002.1131	6	13	0	1	1	0.8113	0.7008
31	1209	1	2003.6630	5	8	0	1	1	0.8114	1.2469
31	1210	1	2005.2129	8	4	0	1	1	0.8116	0.6081
31	1211	1	2006.7628	6	13	0	1	1	0.8117	0.5949
31	1212	1	2008.3128	8	4	0	-1	0	0.8111	-1.0000
31	1213	1	2010.4127	6	13	0	1	1	0.8112	0.7523
31	1214	1	2011.9626	7	1	0	1	1	0.8114	0.9464
31	1215	1	2013.5125	6	13	0	1	1	0.8115	0.7736
31	1216	1	2015.0624	7	1	0	1	1	0.8117	0.7105
31	1217	1	2016.6123	5	8	0	1	1	0.8118	1.0006
31	1218	1	2018.1622	6	13	0	1	1	0.8120	0.6674
31	1219	1	2019.7122	5	8	0	1	1	0.8121	0.8457
31	1220	1	2021.2621	4	2	0	1	1	0.8123	0.7989
31	1221	1	2022.8120	6	13	0	1	1	0.8124	0.6099
31	1222	1	2024.3619	8	4	0	1	1	0.8126	0.6759
31	1223	1	2025.9119	7	1	90	1	1	0.8128	0.9661
31	1224	1	2027.4618	6	13	90	1	1	0.8129	1.0482
31	1225	1	2029.0117	4	2	0	1	1	0.8131	1.0179
31	1226	1	2030.5616	5	8	0	1	1	0.8132	1.4203
31	1227	1	2032.1449	4	2	0	1	1	0.8134	0.9735
31	1228	1	2033.6948	5	8	0	1	1	0.8135	0.6710
31	1229	1	2035.2447	4	2	0	1	1	0.8137	0.8011
31	1230	1	2036.7946	7	1	0	1	1	0.8138	0.7072
31	1231	1	2038.3445	8	4	0	1	1	0.8140	0.9004
31	1232	1	2039.8945	6	13	0	1	1	0.8141	0.8064
31	1233	1	2041.4444	5	8	0	1	1	0.8143	0.6975
31	1234	1	2042.9943	8	4	0	1	1	0.8144	0.6196
31	1235	1	2044.5442	6	13	90	1	1	0.8146	0.9087
31	1236	1	2046.0941	4	2	0	1	1	0.8147	0.7038
31	1237	1	2047.6441	6	13	0	1	1	0.8149	0.6418
31	1238	1	2049.1940	4	2	0	1	1	0.8150	0.5958
31	1239	1	2050.7439	3	9	0	1	1	0.8152	1.2219
31	1240	1	2052.2938	1	12	0	1	1	0.8153	1.0801
31	1241	1	2053.8437	15	7	0	-1	0	0.8147	-1.0000
31	1242	1	2055.9103	1	12	0	1	1	0.8148	0.7113
31	1243	1	2057.4602	14	6	0	-1	0	0.8142	-1.0000
31	1244	1	2059.5434	2	11	0	1	1	0.8143	1.2384
31	1245	1	2061.0934	3	9	0	1	1	0.8145	0.7129
31	1246	1	2062.6433	1	12	0	1	1	0.8146	0.7143
31	1247	1	2064.1932	3	9	0	1	1	0.8148	1.2766
31	1248	1	2065.7431	4	2	0	1	1	0.8149	0.5258
31	1249	1	2067.2930	5	8	0	1	1	0.8151	0.7687
31	1250	1	2068.8430	6	13	0	1	1	0.8152	0.7553
31	1251	1	2070.3929	5	8	0	1	1	0.8153	0.6771
31	1252	1	2071.9428	6	13	0	1	1	0.8155	0.6141
31	1253	1	2073.4927	7	1	0	1	1	0.8156	0.6650
31	1254	1	2075.0426	4	2	0	1	1	0.8158	0.5713
31	1255	1	2076.5925	3	9	0	1	1	0.8159	0.5893
31	1256	1	2078.1425	4	2	0	1	1	0.8161	0.6074
31	1257	1	2079.6924	7	1	0	1	1	0.8162	0.6095
31	1258	1	2081.2423	5	8	90	1	1	0.8164	1.2026
31	1259	1	2082.7922	6	13	90	1	1	0.8165	0.7742
31	1260	1	2084.3421	4	2	0	1	1	0.8167	0.5682
31	1261	1	2085.8921	6	13	0	1	1	0.8168	0.6819
31	1262	1	2087.4420	7	1	0	1	1	0.8170	0.6678
31	1263	1	2088.9919	6	13	0	1	1	0.8171	0.5897
31	1264	1	2090.5418	4	2	0	1	1	0.8172	0.5760
31	1265	1	2092.0918	5	8	0	1	1	0.8174	0.8812
31	1266	1	2093.6417	8	4	0	1	1	0.8175	0.6281
31	1267	1	2095.1916	5	8	0	-1	0	0.8169	-1.0000
31	1268	1	2097.2415	7	1	0	1	1	0.8170	0.5315
31	1269	1	2098.7914	8	4	0	1	1	0.8172	0.5655
31	1270	1	2100.3413	9	14	0	1	1	0.8173	0.6636
31	1271	1	2101.8912	8	4	0	1	1	0.8175	0.5705
31	1272	1	2103.4412	5	8	0	1	1	0.8176	0.7807
31	1273	1	2104.9911	8	4	0	1	1	0.8178	0.5898
31	1274	1	2106.5410	5	8	0	1	1	0.8179	1.0252
31	1275	1	2108.0909	6	13	0	1	1	0.8180	1.3636
31	1276	1	2109.6408	4	2	0	1	1	0.8182	0.9489
31	1277	1	2111.1908	6	13	0	1	1	0.8183	0.7114
31	1278	1	2112.7407	7	1	0	1	1	0.8185	0.6642
31	1279	1	2114.2906	6	13	0	1	1	0.8186	0.6032
31	1280	1	2115.8405	7	1	0	1	1	0.8187	0.8612
31	1281	1	2117.3904	5	8	0	1	1	0.8189	1.3105
31	1282	1	2118.9404	4	2	0	1	1	0.8190	0.6086
31	1283	1	2120.4903	5	8	0	1	1	0.8192	0.7867
31	1284	1	2122.0402	8	4	0	1	1	0.8193	1.1895
31	1285	1	2123.5901	9	14	0	1	1	0.8195	0.6642
31	1286	1	2125.1400	8	4	0	1	1	0.8196	0.5381
31	1287	1	2126.6900	6	13	0	1	1	0.8197	1.0198
31	1288	1	2128.2399	7	1	0	1	1	0.8199	0.6379
31	1289	1	2129.7898	6	13	90	-1	0	0.8192	-1.0000
31	1290	1	2131.8064	7	1	0	1	1	0.8194	0.4785
31	1291	1	2133.3563	5	8	0	1	1	0.8195	0.6896
31	1292	1	2134.9062	7	1	90	1	1	0.8197	1.3956
31	1293	1	2136.4561	5	8	0	1	1	0.8198	0.7248
31	1294	1	2138.0060	4	2	0	1	1	0.8199	0.6318
31	1295	1	2139.5560	3	9	0	1	1	0.8201	0.6819
31	1296	1	2141.1059	4	2	90	0	1	0.8194	0.6359
31	1297	1	2142.6558	3	9	0	1	1	0.8196	0.9416
31	1298	1	2144.2057	15	7	0	1	1	0.8197	1.2480
31	1299	1	2145.7556	14	6	0	1	1	0.8199	1.2663
31	1300	1	2147.3056	15	7	90	1	1	0.8200	1.2042
31	1301	1	2148.8555	3	9	0	1	1	0.8201	0.9174
31	1302	1	2150.4054	2	11	0	1	1	0.8203	0.6795
31	1303	1	2151.9553	15	7	0	-1	0	0.8196	-1.0000
31	1304	1	2154.0052	2	11	0	1	1	0.8198	0.6325
31	1305	1	2155.5551	14	6	0	1	1	0.8199	0.6509
31	1306	1	2157.1051	1	12	0	1	1	0.8201	0.6039
31	1307	1	2158.6550	14	6	0	1	1	0.8202	0.4788
31	1308	1	2160.2049	1	12	90	1	1	0.8203	1.3600
31	1309	1	2161.7881	3	9	0	1	1	0.8205	0.7537
31	1310	1	2163.3381	15	7	0	-1	0	0.8198	-1.0000
31	1311	1	2165.4213	3	9	0	1	1	0.8200	0.6246
31	1312	1	2166.9712	15	7	0	1	1	0.8201	0.6906
31	1313	1	2168.5211	14	6	0	1	1	0.8203	0.5478
31	1314	1	2170.0710	15	7	0	-1	0	0.8196	-1.0000
31	1315	1	2172.1043	1	12	0	1	1	0.8198	1.3657
31	1316	1	2173.6709	3	9	0	1	1	0.8199	1.0151
31	1317	1	2175.2208	4	2	0	1	1	0.8200	0.8402
31	1318	1	2176.7707	6	13	0	1	1	0.8202	0.8432
31	1319	1	2178.3206	7	1	0	1	1	0.8203	0.7172
31	1320	1	2179.8705	5	8	0	1	1	0.8205	0.8624
31	1321	1	2181.4205	6	13	0	1	1	0.8206	0.5455
31	1322	1	2182.9704	7	1	0	1	1	0.8207	0.6435
31	1323	1	2184.5203	8	4	0	1	1	0.8209	0.5807
31	1324	1	2186.0702	6	13	0	1	1	0.8210	0.6158
31	1325	1	2187.6201	5	8	0	1	1	0.8211	0.6177
31	1326	1	2189.1700	6	13	0	1	1	0.8213	0.5394
31	1327	1	2190.7200	8	4	0	1	1	0.8214	0.6376
31	1328	1	2192.2699	7	1	0	1	1	0.8215	0.6563
31	1329	1	2193.8198	6	13	90	-1	0	0.8209	-1.0000
31	1330	1	2195.8864	7	1	0	1	1	0.8211	0.6866
31	1331	1	2197.4363	6	13	0	1	1	0.8212	0.8167
31	1332	1	2198.9862	7	1	0	1	1	0.8213	0.7228
31	1333	1	2200.5361	8	4	0	-1	0	0.8207	-1.0000
31	1334	1	2202.5694	6	13	0	1	1	0.8208	1.0765
31	1335	1	2204.1193	5	8	0	1	1	0.8210	0.8064
31	1336	1	2205.6692	8	4	0	1	1	0.8211	0.5367
31	1337	1	2207.2191	5	8	90	0	1	0.8205	0.5539
31	1338	1	2208.7690	6	13	0	1	1	0.8206	0.6849
31	1339	1	2210.3190	7	1	0	-1	0	0.8200	-1.0000
31	1340	1	2212.4189	5	8	0	-1	0	0.8194	-1.0000
31	1341	1	2214.4687	8	4	0	-1	0	0.8188	-1.0000
31	1342	1	2216.5020	7	1	0	-1	0	0.8182	-1.0000
31	1343	1	2218.5519	8	4	90	-1	0	0.8176	-1.0000
31	1344	1	2220.5851	5	8	0	1	1	0.8177	0.0359
31	1345	1	2222.1350	6	13	0	1	1	0.8178	0.5189
31	1346	1	2223.6849	4	2	0	1	1	0.8180	0.5200
31	1347	1	2225.2349	7	1	0	1	1	0.8181	0.4590
31	1348	1	2226.7848	4	2	90	0	1	0.8175	0.5090
31	1349	1	2228.3347	3	9	0	1	1	0.8176	0.5271
31	1350	1	2229.8846	1	12	0	1	1	0.8178	0.6724
31	1351	1	2231.4345	15	7	0	1	1	0.8179	1.0105
31	1352	1	2232.9845	14	6	0	1	1	0.8180	0.5174
31	1353	1	2234.5344	1	12	90	1	1	0.8182	0.9354
31	1354	1	2236.0843	2	11	0	1	1	0.8183	0.6816
31	1355	1	2237.6342	14	6	90	1	1	0.8185	0.7798
31	1356	1	2239.1841	13	5	0	1	1	0.8186	0.6529
31	1357	1	2240.7341	11	15	0	1	1	0.8187	0.6711
31	1358	1	2242.2840	13	5	0	1	1	0.8189	0.5943
31	1359	1	2243.8339	11	15	0	1	1	0.8190	0.5961
31	1360	1	2245.3838	9	14	0	1	1	0.8191	0.8379
31	1361	1	2246.9337	10	3	0	1	1	0.8193	0.7761
31	1362	1	2248.4836	9	14	90	0	1	0.8186	0.6663
31	1363	1	2250.0336	12	10	0	1	1	0.8188	0.8286
31	1364	1	2251.5835	11	15	0	1	1	0.8189	0.6065
31	1365	1	2253.1334	9	14	90	0	1	0.8183	0.8796
31	1366	1	2254.6833	12	10	0	1	1	0.8184	0.4976
31	1367	1	2256.2332	13	5	0	1	1	0.8186	0.8037
31	1368	1	2257.7832	12	10	0	1	1	0.8187	1.2378
31	1369	1	2259.3331	9	14	0	1	1	0.8188	1.4648
31	1370	1	2260.9497	10	3	0	1	1	0.8190	1.1755
31	1371	1	2262.4996	11	15	0	1	1	0.8191	0.7463
31	1372	1	2264.0495	9	14	0	-1	0	0.8185	-1.0000
31	1373	1	2266.0994	10	3	0	1	1	0.8186	1.2096
31	1374	1	2267.6493	9	14	90	0	1	0.8180	0.6204
31	1375	1	2269.1992	10	3	0	1	1	0.8182	0.5897
31	1376	1	2270.7492	12	10	90	1	1	0.8183	1.1679
31	1377	1	2272.2991	10	3	0	1	1	0.8184	0.8828
31	1378	1	2273.8490	12	10	0	1	1	0.8186	1.2212
31	1379	1	2275.3989	10	3	0	1	1	0.8187	0.7752
31	1380	1	2276.9488	12	10	0	1	1	0.8188	0.6017
31	1381	1	2278.4988	9	14	0	1	1	0.8190	0.2342
31	1382	1	2280.0487	10	3	0	1	1	0.8191	0.9083
31	1383	1	2281.5986	11	15	0	1	1	0.8192	0.6554
31	1384	1	2283.1485	12	10	90	1	1	0.8194	0.9135
31	1385	1	2284.6984	13	5	0	1	1	0.8195	0.9957
31	1386	1	2286.2484	11	15	0	1	1	0.8196	0.5656
31	1387	1	2287.7983	10	3	0	1	1	0.8198	0.6956
31	1388	1	2289.3482	12	10	90	1	1	0.8199	1.0497
31	1389	1	2290.8981	11	15	0	1	1	0.8200	0.6678
31	1390	1	2292.4480	12	10	90	1	1	0.8201	0.8290
31	1391	1	2293.9980	9	14	0	1	1	0.8203	0.7518
31	1392	1	2295.5479	12	10	0	1	1	0.8204	0.7063
31	1393	1	2297.0978	9	14	0	1	1	0.8205	0.5962
31	1394	1	2298.6477	8	4	90	1	1	0.8207	0.7742
31	1395	1	2300.1976	7	1	0	1	1	0.8208	0.9522
31	1396	1	2301.7476	5	8	0	1	1	0.8209	0.8255
31	1397	1	2303.2975	6	13	0	1	1	0.8210	0.8437
31	1398	1	2304.8474	4	2	0	-1	0	0.8205	-1.0000
31	1399	1	2306.8806	7	1	0	1	1	0.8206	1.0364
31	1400	1	2308.4305	6	13	0	1	1	0.8207	0.8624
31	1	2	1.0166	14	6	0	-1	0	NaN	-1.0000
31	2	2	2.5499	2	11	0	-1	0	NaN	-1.0000
31	3	2	4.0831	1	12	0	-1	0	NaN	-1.0000
31	4	2	5.6164	3	9	0	-1	1	0.0000	0.7246
31	5	2	7.1496	2	11	0	-1	0	0.0000	-1.0000
31	6	2	8.6829	14	6	0	-1	0	0.0000	-1.0000
31	7	2	10.2161	13	5	0	-1	1	0.5000	0.6688
31	8	2	11.7494	14	6	0	-1	0	0.5000	-1.0000
31	9	2	13.2826	2	11	0	-1	0	0.5000	-1.0000
31	10	2	14.8159	3	9	0	-1	1	0.3333	0.5650
31	11	2	16.3491	15	7	0	-1	1	0.2500	1.1439
31	12	2	17.8824	1	12	0	-1	0	0.2500	-1.0000
31	13	2	19.4157	3	9	0	-1	1	0.2000	0.6213
31	14	2	20.9489	15	7	0	-1	1	0.1667	1.1520
31	15	2	22.4822	2	11	0	-1	0	0.1667	-1.0000
31	16	2	24.0154	1	12	0	-1	0	0.1667	-1.0000
31	17	2	25.5487	15	7	0	-1	0	0.1667	-1.0000
31	18	2	27.0819	14	6	0	-1	0	0.1667	-1.0000
31	19	2	28.6152	13	5	0	-1	1	0.2857	0.7176
31	20	2	30.1484	12	10	0	-1	0	0.2857	-1.0000
31	21	2	31.6817	11	15	0	-1	1	0.2500	0.6752
31	22	2	33.2149	10	3	0	-1	1	0.2222	0.8861
31	23	2	34.7482	9	14	0	-1	1	0.2000	0.9528
31	24	2	36.2815	8	4	0	-1	1	0.2727	0.9067
31	25	2	37.8147	7	1	0	-1	0	0.2727	-1.0000
31	26	2	39.3480	6	13	0	-1	0	0.2727	-1.0000
31	27	2	40.8812	5	8	0	-1	0	0.2727	-1.0000
31	28	2	42.4145	4	2	0	-1	0	0.2727	-1.0000
31	29	2	43.9477	3	9	0	-1	1	0.3333	0.5691
31	30	2	45.4810	2	11	0	-1	0	0.3333	-1.0000
31	31	2	47.0142	3	9	0	-1	1	0.3077	0.7348
31	32	2	48.5475	4	2	0	-1	0	0.3077	-1.0000
31	33	2	50.0808	5	8	0	-1	1	0.2857	0.9162
31	34	2	51.6140	7	1	0	-1	0	0.2857	-1.0000
31	35	2	53.1473	6	13	0	-1	0	0.2857	-1.0000
31	36	2	54.6805	4	2	0	-1	1	0.2667	0.5885
31	37	2	56.2138	7	1	0	-1	0	0.2667	-1.0000
31	38	2	57.7470	8	4	0	-1	1	0.0048	-1.0000
31	39	2	59.2803	5	8	0	-1	1	0.0048	0.0169
31	40	2	60.8135	4	2	0	-1	0	0.0048	-1.0000
31	41	2	62.3468	6	13	0	-1	0	0.0048	-1.0000
31	42	2	63.8800	4	2	0	-1	1	0.0048	0.6050
31	43	2	65.4133	3	9	0	-1	1	0.0060	0.4635
31	44	2	66.9466	4	2	0	-1	0	0.0060	-1.0000
31	45	2	68.4798	6	13	0	-1	0	0.0060	-1.0000
31	46	2	70.0131	7	1	0	-1	0	0.0060	-1.0000
31	47	2	71.5463	8	4	0	-1	1	0.0060	0.6345
31	48	2	73.0796	9	14	0	-1	1	0.0072	0.9571
31	49	2	74.6128	10	3	0	-1	1	0.0071	0.8961
31	50	2	76.1461	11	15	0	-1	1	0.0071	0.8182
31	51	2	77.6793	12	10	0	-1	0	0.0071	-1.0000
31	52	2	79.2126	13	5	0	-1	1	0.0071	0.9205
31	53	2	80.7458	14	6	0	-1	0	0.0071	-1.0000
31	54	2	82.2791	15	7	0	-1	0	0.0071	-1.0000
31	55	2	83.8123	1	12	0	-1	0	0.0071	-1.0000
31	56	2	85.3456	2	11	0	-1	0	0.0071	-1.0000
31	57	2	86.8789	3	9	0	-1	1	0.0071	0.6942
31	58	2	88.4121	4	2	0	-1	0	0.0071	-1.0000
31	59	2	89.9454	5	8	0	-1	0	0.0071	-1.0000
31	60	2	91.4786	6	13	0	-1	1	0.0071	0.8936
31	61	2	93.0119	8	4	0	-1	1	0.0071	0.5449
31	62	2	94.5451	9	14	0	-1	1	0.0083	0.8357
31	63	2	96.0784	12	10	0	-1	0	0.0083	-1.0000
31	64	2	97.6116	9	14	0	-1	1	0.0083	0.9213
31	65	2	99.1449	10	3	0	-1	1	0.0083	0.6835
31	66	2	100.6781	11	15	0	-1	1	0.0082	0.7350
31	67	2	102.2114	13	5	0	-1	1	0.0082	0.8177
31	68	2	103.7447	14	6	0	-1	0	0.0082	-1.0000
31	69	2	105.2779	2	11	0	-1	0	0.0082	-1.0000
31	70	2	106.8112	3	9	0	-1	1	0.0082	0.5859
31	71	2	108.3444	2	11	0	-1	0	0.0082	-1.0000
31	72	2	109.8777	3	9	0	-1	1	0.0082	0.7515
31	73	2	111.4109	15	7	0	-1	0	0.0082	-1.0000
31	74	2	112.9442	3	9	0	-1	1	0.0082	0.6128
31	75	2	114.4774	4	2	0	-1	0	0.0082	-1.0000
31	76	2	116.0107	5	8	0	-1	0	0.0082	-1.0000
31	77	2	117.5439	6	13	0	-1	0	0.0082	-1.0000
31	78	2	119.0772	7	1	0	-1	0	0.0082	-1.0000
31	79	2	120.6105	8	4	0	-1	1	0.0082	0.5777
31	80	2	122.1437	9	14	0	-1	0	0.0082	-1.0000
31	81	2	123.6770	10	3	0	-1	1	0.0082	0.7440
31	82	2	125.2102	11	15	0	-1	1	0.0082	0.6508
31	83	2	126.7435	12	10	0	-1	0	0.0082	-1.0000
31	84	2	128.2767	13	5	0	-1	1	0.0082	0.7202
31	85	2	129.8100	14	6	0	-1	0	0.0082	-1.0000
31	86	2	131.3432	15	7	0	-1	0	0.0082	-1.0000
31	87	2	132.8765	1	12	0	-1	1	0.0082	0.6798
31	88	2	134.4097	2	11	0	-1	0	0.0082	-1.0000
31	89	2	135.9430	3	9	0	-1	1	0.0081	0.6060
31	90	2	137.4762	4	2	0	-1	1	0.0093	0.7206
31	91	2	139.0095	5	8	0	-1	1	0.0093	0.8034
31	92	2	140.5428	7	1	0	-1	1	0.0093	0.8696
31	93	2	142.0760	8	4	0	-1	1	0.0093	0.8256
31	94	2	143.6093	7	1	0	-1	0	0.0093	-1.0000
31	95	2	145.1425	8	4	0	-1	1	0.0093	0.6702
31	96	2	146.6758	9	14	0	-1	0	0.0093	-1.0000
31	97	2	148.2090	12	10	0	-1	0	0.0093	-1.0000
31	98	2	149.7423	10	3	0	-1	1	0.0092	0.7739
31	99	2	151.2755	13	5	0	-1	1	0.0092	0.6974
31	100	2	152.8088	12	10	0	-1	0	0.0092	-1.0000
31	101	2	154.3421	13	5	0	-1	1	0.0092	0.6550
31	102	2	155.8753	12	10	0	-1	0	0.0092	-1.0000
31	103	2	157.4086	11	15	0	-1	1	0.0092	0.5014
31	104	2	158.9418	10	3	0	-1	1	0.0092	0.8237
31	105	2	160.4751	9	14	0	-1	0	0.0092	-1.0000
31	106	2	162.0083	10	3	0	-1	1	0.0092	0.7487
31	107	2	163.5416	11	15	0	-1	1	0.0092	0.6715
31	108	2	165.0748	12	10	0	-1	0	0.0092	-1.0000
31	109	2	166.6081	13	5	0	-1	1	0.0092	0.6934
31	110	2	168.1413	14	6	0	-1	0	0.0092	-1.0000
31	111	2	169.6746	15	7	0	-1	0	0.0092	-1.0000
31	112	2	171.2078	1	12	0	-1	1	0.0092	0.6212
31	113	2	172.7411	2	11	0	-1	0	0.0092	-1.0000
31	114	2	174.2743	3	9	0	-1	1	0.0092	0.5473
31	115	2	175.8076	4	2	0	-1	0	0.0092	-1.0000
31	116	2	177.3409	5	8	0	-1	0	0.0092	-1.0000
31	117	2	178.8741	6	13	0	-1	0	0.0092	-1.0000
31	118	2	180.4074	7	1	0	-1	0	0.0092	-1.0000
31	119	2	181.9406	8	4	0	-1	1	0.0091	0.7043
31	120	2	183.4739	9	14	0	-1	0	0.0091	-1.0000
31	121	2	185.0071	11	15	0	-1	1	0.0091	0.6137
31	122	2	186.5404	12	10	0	-1	0	0.0091	-1.0000
31	123	2	188.0736	10	3	0	-1	1	0.0091	0.9235
31	124	2	189.6069	9	14	0	-1	0	0.0091	-1.0000
31	125	2	191.1402	12	10	0	-1	0	0.0091	-1.0000
31	126	2	192.6734	11	15	0	-1	1	0.0091	0.7237
31	127	2	194.2067	10	3	0	-1	1	0.0091	1.1422
31	128	2	195.7399	12	10	0	-1	0	0.0091	-1.0000
31	129	2	197.2732	10	3	0	-1	1	0.0091	0.6999
31	130	2	198.8064	12	10	0	-1	0	0.0091	-1.0000
31	131	2	200.3397	13	5	0	-1	1	0.0091	0.6414
31	132	2	201.8729	11	15	0	-1	1	0.0091	0.6599
31	133	2	203.4062	13	5	0	-1	1	0.0091	0.6308
31	134	2	204.9394	10	3	0	-1	1	0.0090	0.9215
31	135	2	206.4727	9	14	0	-1	0	0.0090	-1.0000
31	136	2	208.0059	8	4	0	-1	1	0.0102	0.6872
31	137	2	209.5392	7	1	0	-1	0	0.0102	-1.0000
31	138	2	211.0725	6	13	0	-1	0	0.0102	-1.0000
31	139	2	212.6057	5	8	0	-1	0	0.0102	-1.0000
31	140	2	214.1390	4	2	0	-1	0	0.0102	-1.0000
31	141	2	215.6722	3	9	0	-1	1	0.0113	0.7159
31	142	2	217.2055	2	11	0	-1	1	0.0113	1.4234
31	143	2	218.7387	1	12	0	-1	1	0.0113	0.0170
31	144	2	220.2720	15	7	0	-1	0	0.0113	-1.0000
31	145	2	221.8052	14	6	0	-1	0	0.0113	-1.0000
31	146	2	223.3385	13	5	0	-1	1	0.0124	0.9224
31	147	2	224.8717	12	10	0	-1	0	0.0124	-1.0000
31	148	2	226.4050	11	15	0	-1	1	0.0124	0.7040
31	149	2	227.9382	10	3	0	-1	1	0.0123	0.7869
31	150	2	229.4715	9	14	0	-1	0	0.0123	-1.0000
31	151	2	231.0048	11	15	0	-1	1	0.0123	0.6163
31	152	2	232.5380	9	14	0	-1	0	0.0123	-1.0000
31	153	2	234.0713	11	15	0	-1	1	0.0123	0.5897
31	154	2	235.6045	9	14	0	-1	0	0.0123	-1.0000
31	155	2	237.1378	11	15	0	-1	1	0.0123	0.5153
31	156	2	238.6710	12	10	0	-1	0	0.0123	-1.0000
31	157	2	240.2043	9	14	0	-1	0	0.0123	-1.0000
31	158	2	241.7375	11	15	0	-1	1	0.0123	0.5716
31	159	2	243.2708	13	5	0	-1	1	0.0123	0.6862
31	160	2	244.8040	12	10	0	-1	1	0.0123	0.0811
31	161	2	246.3373	9	14	0	-1	0	0.0123	-1.0000
31	162	2	247.8706	8	4	0	-1	1	0.0134	0.7108
31	163	2	249.4038	9	14	0	-1	0	0.0134	-1.0000
31	164	2	250.9371	10	3	0	-1	1	0.0133	0.8760
31	165	2	252.4703	9	14	0	-1	0	0.0133	-1.0000
31	166	2	254.0036	10	3	0	-1	1	0.0133	0.6735
31	167	2	255.5368	11	15	0	-1	1	0.0082	0.7721
31	168	2	257.0701	12	10	0	-1	0	0.0082	-1.0000
31	169	2	258.6033	13	5	0	-1	1	0.0082	0.7784
31	170	2	260.1366	14	6	0	-1	0	0.0082	-1.0000
31	171	2	261.6698	15	7	0	-1	0	0.0082	-1.0000
31	172	2	263.2031	1	12	0	-1	0	0.0082	-1.0000
31	173	2	264.7363	2	11	0	-1	0	0.0082	-1.0000
31	174	2	266.2696	3	9	0	-1	1	0.0082	0.6634
31	175	2	267.8029	4	2	0	-1	0	0.0082	-1.0000
31	176	2	269.3361	5	8	0	-1	0	0.0082	-1.0000
31	177	2	270.8694	6	13	0	-1	0	0.0082	-1.0000
31	178	2	272.4026	7	1	0	-1	0	0.0082	-1.0000
31	179	2	273.9359	8	4	0	-1	1	0.0082	0.6933
31	180	2	275.4691	9	14	0	-1	0	0.0082	-1.0000
31	181	2	277.0024	10	3	0	-1	1	0.0082	1.0025
31	182	2	278.5356	12	10	0	-1	0	0.0082	-1.0000
31	183	2	280.0689	13	5	0	-1	1	0.0082	0.8160
31	184	2	281.6021	12	10	0	-1	0	0.0082	-1.0000
31	185	2	283.1354	10	3	0	-1	1	0.0082	0.5975
31	186	2	284.6686	13	5	0	-1	1	0.0082	0.7122
31	187	2	286.2019	12	10	0	-1	0	0.0082	-1.0000
31	188	2	287.7352	10	3	0	-1	1	0.0081	0.7179
31	189	2	289.2684	12	10	0	-1	1	0.0081	1.3605
31	190	2	290.8017	9	14	0	-1	0	0.0081	-1.0000
31	191	2	292.3349	12	10	0	-1	0	0.0081	-1.0000
31	192	2	293.8682	13	5	0	-1	1	0.0081	0.8095
31	193	2	295.4014	14	6	0	-1	0	0.0081	-1.0000
31	194	2	296.9347	15	7	0	-1	0	0.0081	-1.0000
31	195	2	298.4679	2	11	0	-1	1	0.0081	0.4810
31	196	2	300.0012	1	12	0	-1	0	0.0081	-1.0000
31	197	2	301.5344	15	7	0	-1	0	0.0081	-1.0000
31	198	2	303.0677	14	6	0	-1	0	0.0081	-1.0000
31	199	2	304.6010	13	5	0	-1	1	0.0088	0.7965
31	200	2	306.1342	12	10	0	-1	0	0.0088	-1.0000
31	201	2	307.6675	11	15	0	-1	1	0.0088	0.0494
31	202	2	309.2007	10	3	0	-1	1	0.0088	0.6122
31	203	2	310.7340	9	14	0	-1	0	0.0088	-1.0000
31	204	2	312.2672	8	4	0	-1	1	0.0095	0.6345
31	205	2	313.8005	7	1	0	-1	0	0.0095	-1.0000
31	206	2	315.3337	6	13	0	-1	0	0.0095	-1.0000
31	207	2	316.8670	5	8	0	-1	0	0.0095	-1.0000
31	208	2	318.4002	4	2	0	-1	0	0.0095	-1.0000
31	209	2	319.9335	3	9	0	-1	1	0.0101	0.9194
31	210	2	321.4668	2	11	0	-1	0	0.0101	-1.0000
31	211	2	323.0000	14	6	0	-1	0	0.0101	-1.0000
31	212	2	324.5333	2	11	0	-1	0	0.0101	-1.0000
31	213	2	326.0665	14	6	0	-1	0	0.0101	-1.0000
31	214	2	327.5998	13	5	0	-1	1	0.0108	0.6932
31	215	2	329.1330	11	15	0	-1	1	0.0108	0.6792
31	216	2	330.6663	10	3	0	-1	1	0.0108	0.5867
31	217	2	332.1995	9	14	0	-1	0	0.0108	-1.0000
31	218	2	333.7328	11	15	0	-1	1	0.0108	0.7042
31	219	2	335.2660	9	14	0	-1	0	0.0108	-1.0000
31	220	2	336.7993	8	4	0	-1	1	0.0114	0.6936
31	221	2	338.3326	9	14	0	-1	0	0.0114	-1.0000
31	222	2	339.8658	12	10	0	-1	0	0.0114	-1.0000
31	223	2	341.3990	9	14	0	-1	0	0.0114	-1.0000
31	224	2	342.9323	10	3	0	-1	1	0.0114	0.6727
31	225	2	344.4656	12	10	0	-1	0	0.0114	-1.0000
31	226	2	345.9988	11	15	0	-1	1	0.0114	0.4862
31	227	2	347.5321	10	3	0	-1	1	0.0114	0.7770
31	228	2	349.0653	9	14	0	-1	0	0.0114	-1.0000
31	229	2	350.5986	8	4	0	-1	1	0.0121	0.8783
31	230	2	352.1318	7	1	0	-1	0	0.0121	-1.0000
31	231	2	353.6651	6	13	0	-1	0	0.0121	-1.0000
31	232	2	355.1983	5	8	0	-1	0	0.0121	-1.0000
31	233	2	356.7316	4	2	0	-1	0	0.0121	-1.0000
31	234	2	358.2648	3	9	0	-1	1	0.0127	0.6681
31	235	2	359.7981	2	11	0	-1	0	0.0127	-1.0000
31	236	2	361.3314	1	12	0	-1	0	0.0127	-1.0000
31	237	2	362.8646	15	7	0	-1	0	0.0127	-1.0000
31	238	2	364.3979	14	6	0	-1	0	0.0127	-1.0000
31	239	2	365.9311	13	5	0	-1	1	0.0134	0.6176
31	240	2	367.4644	12	10	0	-1	0	0.0134	-1.0000
31	241	2	368.9976	9	14	0	-1	0	0.0134	-1.0000
31	242	2	370.5309	11	15	0	-1	1	0.0134	0.9465
31	243	2	372.0641	12	10	0	-1	0	0.0134	-1.0000
31	244	2	373.5974	11	15	0	-1	1	0.0134	0.6637
31	245	2	375.1306	10	3	0	-1	1	0.0134	0.7309
31	246	2	376.6639	9	14	0	-1	0	0.0134	-1.0000
31	247	2	378.1972	12	10	0	-1	0	0.0134	-1.0000
31	248	2	379.7304	13	5	0	-1	1	0.0134	0.8187
31	249	2	381.2637	11	15	0	-1	1	0.0134	0.6453
31	250	2	382.7969	13	5	0	-1	1	0.0134	0.6161
31	251	2	384.3302	10	3	0	-1	1	0.0133	0.5709
31	252	2	385.8634	12	10	0	-1	0	0.0133	-1.0000
31	253	2	387.3967	11	15	0	-1	1	0.0133	0.5764
31	254	2	388.9299	13	5	0	-1	1	0.0133	0.6912
31	255	2	390.4632	10	3	0	-1	1	0.0133	0.7259
31	256	2	391.9964	9	14	0	-1	0	0.0133	-1.0000
31	257	2	393.5297	8	4	0	-1	1	0.0140	0.6668
31	258	2	395.0629	7	1	0	-1	0	0.0140	-1.0000
31	259	2	396.5962	6	13	0	-1	0	0.0140	-1.0000
31	260	2	398.1295	5	8	0	-1	0	0.0140	-1.0000
31	261	2	399.6627	4	2	0	-1	0	0.0140	-1.0000
31	262	2	401.1960	3	9	0	-1	1	0.0146	0.6331
31	263	2	402.7292	2	11	0	-1	0	0.0146	-1.0000
31	264	2	404.2625	1	12	0	-1	1	0.0146	0.6064
31	265	2	405.7957	15	7	0	-1	0	0.0146	-1.0000
31	266	2	407.3290	14	6	0	-1	0	0.0146	-1.0000
31	267	2	408.8622	13	5	0	-1	1	0.0153	0.6148
31	268	2	410.3955	12	10	0	-1	0	0.0153	-1.0000
31	269	2	411.9287	11	15	0	-1	1	0.0153	0.5246
31	270	2	413.4620	10	3	0	-1	1	0.0153	0.6232
31	271	2	414.9952	11	15	0	-1	1	0.0152	0.7537
31	272	2	416.5285	10	3	0	-1	1	0.0152	0.5485
31	273	2	418.0617	9	14	0	-1	0	0.0152	-1.0000
31	274	2	419.5950	10	3	0	-1	1	0.0152	0.7772
31	275	2	421.1283	9	14	0	-1	0	0.0152	-1.0000
31	276	2	422.6615	10	3	0	-1	1	0.0152	0.5911
31	277	2	424.1948	13	5	0	-1	1	0.0152	0.6745
31	278	2	425.7280	11	15	0	-1	1	0.0152	0.6769
31	279	2	427.2612	13	5	0	-1	1	0.0152	0.8877
31	280	2	428.7945	12	10	0	-1	0	0.0152	-1.0000
31	281	2	430.3278	13	5	0	-1	1	0.0152	1.2134
31	282	2	431.8610	11	15	0	-1	1	0.0152	0.8639
31	283	2	433.3943	13	5	0	-1	1	0.0152	0.6267
31	284	2	434.9275	14	6	0	-1	0	0.0152	-1.0000
31	285	2	436.4608	13	5	0	-1	1	0.0158	0.6482
31	286	2	437.9940	14	6	0	-1	0	0.0158	-1.0000
31	287	2	439.5273	15	7	0	-1	0	0.0158	-1.0000
31	288	2	441.0606	1	12	0	-1	0	0.0158	-1.0000
31	289	2	442.5938	2	11	0	-1	0	0.0158	-1.0000
31	290	2	444.1271	3	9	0	-1	1	0.0158	0.6611
31	291	2	445.6603	4	2	0	-1	0	0.0158	-1.0000
31	292	2	447.1936	5	8	0	-1	0	0.0158	-1.0000
31	293	2	448.7268	6	13	0	-1	0	0.0158	-1.0000
31	294	2	450.2601	7	1	0	-1	0	0.0158	-1.0000
31	295	2	451.7933	8	4	0	-1	1	0.0158	0.6917
31	296	2	453.3266	9	14	0	-1	0	0.0158	-1.0000
31	297	2	454.8599	10	3	0	-1	1	0.0158	0.6970
31	298	2	456.3931	11	15	0	-1	1	0.0158	0.6360
31	299	2	457.9264	12	10	0	-1	0	0.0158	-1.0000
31	300	2	459.4596	13	5	0	-1	1	0.0157	0.7694
31	301	2	460.9929	12	10	0	-1	0	0.0157	-1.0000
31	302	2	462.5261	11	15	0	-1	1	0.0157	0.6787
31	303	2	464.0594	12	10	0	-1	0	0.0157	-1.0000
31	304	2	465.5926	11	15	0	-1	1	0.0157	0.5888
31	305	2	467.1259	13	5	0	-1	1	0.0157	1.0066
31	306	2	468.6591	12	10	0	-1	0	0.0157	-1.0000
31	307	2	470.1924	13	5	0	-1	1	0.0157	0.9169
31	308	2	471.7256	11	15	0	-1	1	0.0157	0.6466
31	309	2	473.2589	12	10	0	-1	0	0.0157	-1.0000
31	310	2	474.7921	13	5	0	-1	1	0.0157	0.7010
31	311	2	476.3254	11	15	0	-1	1	0.0157	0.8640
31	312	2	477.8586	9	14	0	-1	0	0.0157	-1.0000
31	313	2	479.3919	12	10	0	-1	0	0.0157	-1.0000
31	314	2	480.9252	11	15	0	-1	1	0.0157	0.8080
31	315	2	482.4584	10	3	0	-1	1	0.0157	0.7470
31	316	2	483.9917	11	15	0	-1	1	0.0156	0.6695
31	317	2	485.5249	12	10	0	-1	0	0.0156	-1.0000
31	318	2	487.0582	13	5	0	-1	1	0.0156	0.6433
31	319	2	488.5914	14	6	0	-1	0	0.0156	-1.0000
31	320	2	490.1247	15	7	0	-1	0	0.0156	-1.0000
31	321	2	491.6579	1	12	0	-1	0	0.0156	-1.0000
31	322	2	493.1912	2	11	0	-1	0	0.0156	-1.0000
31	323	2	494.7245	3	9	0	-1	1	0.0156	0.6886
31	324	2	496.2577	4	2	0	-1	0	0.0156	-1.0000
31	325	2	497.7910	5	8	0	-1	0	0.0156	-1.0000
31	326	2	499.3242	6	13	0	-1	0	0.0156	-1.0000
31	327	2	500.8575	7	1	0	-1	0	0.0156	-1.0000
31	328	2	502.3907	8	4	0	-1	1	0.0156	0.7184
31	329	2	503.9240	9	14	0	-1	0	0.0156	-1.0000
31	330	2	505.4572	10	3	0	-1	1	0.0156	0.6279
31	331	2	506.9905	9	14	0	-1	0	0.0156	-1.0000
31	332	2	508.5237	11	15	0	-1	1	0.0156	0.6334
31	333	2	510.0570	10	3	0	-1	1	0.0156	0.8281
31	334	2	511.5902	9	14	0	-1	0	0.0156	-1.0000
31	335	2	513.1235	12	10	0	-1	0	0.0156	-1.0000
31	336	2	514.6568	10	3	0	-1	1	0.0156	0.8044
31	337	2	516.1900	12	10	0	-1	0	0.0156	-1.0000
31	338	2	517.7233	10	3	0	-1	1	0.0156	0.7929
31	339	2	519.2565	9	14	0	-1	0	0.0156	-1.0000
31	340	2	520.7898	8	4	0	-1	1	0.0162	0.7034
31	341	2	522.3230	9	14	0	-1	0	0.0162	-1.0000
31	342	2	523.8563	11	15	0	-1	1	0.0162	0.5808
31	343	2	525.3895	12	10	0	-1	0	0.0162	-1.0000
31	344	2	526.9228	13	5	0	-1	1	0.0162	0.5374
31	345	2	528.4560	10	3	0	-1	1	0.0162	0.6532
31	346	2	529.9893	9	14	0	-1	0	0.0162	-1.0000
31	347	2	531.5226	8	4	0	-1	1	0.0168	0.6106
31	348	2	533.0558	7	1	0	-1	0	0.0168	-1.0000
31	349	2	534.5891	6	13	0	-1	0	0.0168	-1.0000
31	350	2	536.1223	5	8	0	-1	0	0.0168	-1.0000
31	351	2	537.6556	4	2	0	-1	0	0.0168	-1.0000
31	352	2	539.1888	3	9	0	-1	1	0.0174	0.6564
31	353	2	540.7221	2	11	0	-1	0	0.0174	-1.0000
31	354	2	542.2553	1	12	0	-1	0	0.0174	-1.0000
31	355	2	543.7886	15	7	0	-1	0	0.0174	-1.0000
31	356	2	545.3218	14	6	0	-1	0	0.0174	-1.0000
31	357	2	546.8551	13	5	0	-1	1	0.0181	0.6055
31	358	2	548.3883	12	10	0	-1	0	0.0181	-1.0000
31	359	2	549.9216	11	15	0	-1	1	0.0181	0.6115
31	360	2	551.4548	10	3	0	-1	1	0.0181	0.8541
31	361	2	552.9881	9	14	0	-1	0	0.0181	-1.0000
31	362	2	554.5214	12	10	0	-1	0	0.0181	-1.0000
31	363	2	556.0546	13	5	0	-1	1	0.0180	0.7670
31	364	2	557.5879	12	10	0	-1	0	0.0180	-1.0000
31	365	2	559.1211	10	3	0	-1	1	0.0180	0.8359
31	366	2	560.6544	12	10	0	-1	0	0.0180	-1.0000
31	367	2	562.1876	9	14	0	-1	0	0.0180	-1.0000
31	368	2	563.7209	11	15	0	-1	1	0.0180	0.6362
31	369	2	565.2541	10	3	0	-1	1	0.0180	0.7830
31	370	2	566.7874	12	10	0	-1	0	0.0180	-1.0000
31	371	2	568.3206	9	14	0	-1	0	0.0180	-1.0000
31	372	2	569.8539	12	10	0	-1	0	0.0180	-1.0000
31	373	2	571.3872	11	15	0	-1	1	0.0180	0.6501
31	374	2	572.9204	12	10	0	-1	0	0.0180	-1.0000
31	375	2	574.4537	9	14	0	-1	0	0.0180	-1.0000
31	376	2	575.9869	8	4	0	-1	1	0.0186	0.6902
31	377	2	577.5202	7	1	0	-1	0	0.0186	-1.0000
31	378	2	579.0534	6	13	0	-1	0	0.0186	-1.0000
31	379	2	580.5867	5	8	0	-1	0	0.0186	-1.0000
31	380	2	582.1199	4	2	0	-1	0	0.0186	-1.0000
31	381	2	583.6532	3	9	0	-1	1	0.0193	0.7359
31	382	2	585.1864	2	11	0	-1	0	0.0193	-1.0000
31	383	2	586.7197	1	12	0	-1	0	0.0193	-1.0000
31	384	2	588.2529	15	7	0	-1	1	0.0192	0.7121
31	385	2	589.7862	14	6	0	-1	0	0.0192	-1.0000
31	386	2	591.3195	13	5	0	-1	1	0.0199	0.6537
31	387	2	592.8527	12	10	0	-1	0	0.0199	-1.0000
31	388	2	594.3860	11	15	0	-1	1	0.0199	0.6910
31	389	2	595.9192	10	3	0	-1	1	0.0198	0.8859
31	390	2	597.4525	9	14	0	-1	0	0.0198	-1.0000
31	391	2	598.9857	8	4	0	-1	1	0.0205	0.6512
31	392	2	600.5190	9	14	0	-1	0	0.0205	-1.0000
31	393	2	602.0522	12	10	0	-1	0	0.0205	-1.0000
31	394	2	603.5855	9	14	0	-1	0	0.0205	-1.0000
31	395	2	605.1187	8	4	0	-1	1	0.0211	0.5983
31	396	2	606.6520	6	13	0	-1	0	0.0211	-1.0000
31	397	2	608.1852	4	2	0	-1	0	0.0211	-1.0000
31	398	2	609.7185	7	1	0	-1	0	0.0211	-1.0000
31	399	2	611.2518	5	8	0	-1	0	0.0211	-1.0000
31	400	2	612.7850	7	1	0	-1	0	0.0211	-1.0000
31	401	2	614.3183	5	8	0	-1	0	0.0211	-1.0000
31	402	2	615.8515	8	4	0	-1	1	0.0211	0.5695
31	403	2	617.3848	7	1	0	-1	0	0.0211	-1.0000
31	404	2	618.9180	4	2	0	-1	0	0.0211	-1.0000
31	405	2	620.4513	6	13	0	-1	0	0.0211	-1.0000
31	406	2	621.9845	5	8	0	-1	0	0.0211	-1.0000
31	407	2	623.5178	4	2	0	-1	0	0.0211	-1.0000
31	408	2	625.0510	3	9	0	-1	1	0.0217	0.6021
31	409	2	626.5843	2	11	0	-1	0	0.0217	-1.0000
31	410	2	628.1175	1	12	0	-1	0	0.0217	-1.0000
31	411	2	629.6508	15	7	0	-1	0	0.0217	-1.0000
31	412	2	631.1841	14	6	0	-1	0	0.0217	-1.0000
31	413	2	632.7173	13	5	0	-1	1	0.0223	0.5356
31	414	2	634.2506	12	10	0	-1	0	0.0223	-1.0000
31	415	2	635.7838	11	15	0	-1	1	0.0223	0.7013
31	416	2	637.3171	10	3	0	-1	0	0.0223	-1.0000
31	417	2	638.8503	9	14	0	-1	1	0.0223	0.1144
31	418	2	640.3836	8	4	0	-1	1	0.0229	0.6774
31	419	2	641.9168	7	1	0	-1	0	0.0229	-1.0000
31	420	2	643.4501	6	13	0	-1	0	0.0229	-1.0000
31	421	2	644.9833	7	1	0	-1	0	0.0229	-1.0000
31	422	2	646.5166	4	2	0	-1	0	0.0229	-1.0000
31	423	2	648.0499	7	1	0	-1	0	0.0229	-1.0000
31	424	2	649.5831	6	13	0	-1	0	0.0229	-1.0000
31	425	2	651.1164	4	2	0	-1	0	0.0229	-1.0000
31	426	2	652.6496	7	1	0	-1	0	0.0229	-1.0000
31	427	2	654.1829	6	13	0	-1	0	0.0229	-1.0000
31	428	2	655.7161	7	1	0	-1	0	0.0229	-1.0000
31	429	2	657.2494	6	13	0	-1	0	0.0229	-1.0000
31	430	2	658.7826	8	4	0	-1	1	0.0229	0.8225
31	431	2	660.3159	6	13	0	-1	1	0.0229	1.0972
31	432	2	661.8491	8	4	0	-1	1	0.0229	0.6351
31	433	2	663.3824	7	1	0	-1	0	0.0229	-1.0000
31	434	2	664.9156	5	8	0	-1	0	0.0229	-1.0000
31	435	2	666.4489	4	2	0	-1	0	0.0229	-1.0000
31	436	2	667.9821	3	9	0	-1	1	0.0235	0.6953
31	437	2	669.5154	2	11	0	-1	0	0.0235	-1.0000
31	438	2	671.0487	1	12	0	-1	0	0.0235	-1.0000
31	439	2	672.5819	15	7	0	-1	0	0.0235	-1.0000
31	440	2	674.1152	14	6	0	-1	0	0.0235	-1.0000
31	441	2	675.6484	13	5	0	-1	1	0.0241	0.7086
31	442	2	677.1817	12	10	0	-1	0	0.0241	-1.0000
31	443	2	678.7149	11	15	0	-1	1	0.0241	0.7142
31	444	2	680.2482	10	3	0	-1	1	0.0241	0.7649
31	445	2	681.7814	9	14	0	-1	0	0.0241	-1.0000
31	446	2	683.3147	8	4	0	-1	1	0.0247	0.4981
31	447	2	684.8479	7	1	0	-1	0	0.0247	-1.0000
31	448	2	686.3812	6	13	0	-1	0	0.0247	-1.0000
31	449	2	687.9145	5	8	0	-1	0	0.0247	-1.0000
31	450	2	689.4477	4	2	0	-1	0	0.0247	-1.0000
31	451	2	690.9810	6	13	0	-1	0	0.0247	-1.0000
31	452	2	692.5142	7	1	0	-1	0	0.0247	-1.0000
31	453	2	694.0475	5	8	0	-1	0	0.0247	-1.0000
31	454	2	695.5807	4	2	0	-1	0	0.0247	-1.0000
31	455	2	697.1140	3	9	0	-1	1	0.0253	0.6992
31	456	2	698.6472	4	2	0	-1	0	0.0253	-1.0000
31	457	2	700.1805	5	8	0	-1	0	0.0253	-1.0000
31	458	2	701.7137	6	13	0	-1	0	0.0253	-1.0000
31	459	2	703.2470	4	2	0	-1	0	0.0253	-1.0000
31	460	2	704.7802	7	1	0	-1	0	0.0253	-1.0000
31	461	2	706.3135	6	13	0	-1	0	0.0253	-1.0000
31	462	2	707.8468	7	1	0	-1	0	0.0253	-1.0000
31	463	2	709.3800	5	8	0	-1	0	0.0253	-1.0000
31	464	2	710.9133	8	4	0	-1	1	0.0253	0.7559
31	465	2	712.4465	7	1	0	-1	0	0.0253	-1.0000
31	466	2	713.9798	8	4	0	-1	1	0.0253	0.7133
31	467	2	715.5130	9	14	0	-1	0	0.0253	-1.0000
31	468	2	717.0463	10	3	0	-1	1	0.0253	0.7190
31	469	2	718.5795	11	15	0	-1	1	0.0253	0.6249
31	470	2	720.1128	12	10	0	-1	0	0.0253	-1.0000
31	471	2	721.6460	13	5	0	-1	1	0.0253	0.6469
31	472	2	723.1793	14	6	0	-1	0	0.0253	-1.0000
31	473	2	724.7125	15	7	0	-1	0	0.0253	-1.0000
31	474	2	726.2458	1	12	0	-1	0	0.0253	-1.0000
31	475	2	727.7791	2	11	0	-1	0	0.0253	-1.0000
31	476	2	729.3123	3	9	0	-1	1	0.0252	0.7569
31	477	2	730.8456	4	2	0	-1	0	0.0252	-1.0000
31	478	2	732.3788	5	8	0	-1	0	0.0252	-1.0000
31	479	2	733.9121	6	13	0	-1	0	0.0252	-1.0000
31	480	2	735.4453	7	1	0	-1	0	0.0252	-1.0000
31	481	2	736.9786	5	8	0	-1	0	0.0252	-1.0000
31	482	2	738.5118	4	2	0	-1	0	0.0252	-1.0000
31	483	2	740.0450	5	8	0	-1	0	0.0252	-1.0000
31	484	2	741.5783	6	13	0	-1	0	0.0252	-1.0000
31	485	2	743.1116	8	4	0	-1	1	0.0252	0.7007
31	486	2	744.6448	6	13	0	-1	0	0.0252	-1.0000
31	487	2	746.1781	8	4	0	-1	1	0.0252	0.7070
31	488	2	747.7114	7	1	0	-1	0	0.0252	-1.0000
31	489	2	749.2446	4	2	0	-1	0	0.0252	-1.0000
31	490	2	750.7779	6	13	0	-1	0	0.0252	-1.0000
31	491	2	752.3111	7	1	0	-1	0	0.0252	-1.0000
31	492	2	753.8444	5	8	0	-1	0	0.0252	-1.0000
31	493	2	755.3776	4	2	0	-1	0	0.0252	-1.0000
31	494	2	756.9109	7	1	0	-1	0	0.0252	-1.0000
31	495	2	758.4441	5	8	0	-1	0	0.0252	-1.0000
31	496	2	759.9774	6	13	0	-1	0	0.0252	-1.0000
31	497	2	761.5106	7	1	0	-1	0	0.0252	-1.0000
31	498	2	763.0439	8	4	0	-1	1	0.0252	0.6244
31	499	2	764.5771	9	14	0	-1	0	0.0252	-1.0000
31	500	2	766.1104	10	3	0	-1	1	0.0252	0.7739
31	501	2	767.6437	11	15	0	-1	1	0.0252	0.6486
31	502	2	769.1769	12	10	0	-1	0	0.0252	-1.0000
31	503	2	770.7102	13	5	0	-1	1	0.0251	0.7181
31	504	2	772.2434	14	6	0	-1	0	0.0251	-1.0000
31	505	2	773.7767	15	7	0	-1	0	0.0251	-1.0000
31	506	2	775.3099	1	12	0	-1	1	0.0251	0.6473
31	507	2	776.8432	2	11	0	-1	0	0.0251	-1.0000
31	508	2	778.3764	3	9	0	-1	1	0.0251	0.6686
31	509	2	779.9097	4	2	0	-1	0	0.0251	-1.0000
31	510	2	781.4429	5	8	0	-1	0	0.0251	-1.0000
31	511	2	782.9762	6	13	0	-1	0	0.0251	-1.0000
31	512	2	784.5095	8	4	0	-1	1	0.0251	0.6151
31	513	2	786.0427	9	14	0	-1	1	0.0257	0.0169
31	514	2	787.5759	11	15	0	-1	1	0.0257	0.7813
31	515	2	789.1092	13	5	0	-1	1	0.0257	0.8000
31	516	2	790.6425	11	15	0	-1	1	0.0257	0.5785
31	517	2	792.1757	10	3	0	-1	1	0.0256	0.7253
31	518	2	793.7090	13	5	0	-1	1	0.0256	0.9202
31	519	2	795.2422	10	3	0	-1	1	0.0256	0.8908
31	520	2	796.7755	13	5	0	-1	1	0.0256	0.5576
31	521	2	798.3087	10	3	0	-1	1	0.0256	0.5765
31	522	2	799.8420	9	14	0	-1	0	0.0256	-1.0000
31	523	2	801.3752	11	15	0	-1	0	0.0256	-1.0000
31	524	2	802.9085	12	10	0	-1	1	0.0256	0.3611
31	525	2	804.4417	13	5	0	-1	1	0.0255	0.5557
31	526	2	805.9750	14	6	0	-1	0	0.0255	-1.0000
31	527	2	807.5083	15	7	0	-1	0	0.0255	-1.0000
31	528	2	809.0415	1	12	0	-1	0	0.0255	-1.0000
31	529	2	810.5748	2	11	0	-1	0	0.0255	-1.0000
31	530	2	812.1080	3	9	0	-1	1	0.0255	0.7932
31	531	2	813.6413	4	2	0	-1	0	0.0255	-1.0000
31	532	2	815.1745	5	8	0	-1	0	0.0255	-1.0000
31	533	2	816.7078	6	13	0	-1	0	0.0255	-1.0000
31	534	2	818.2410	7	1	0	-1	0	0.0255	-1.0000
31	535	2	819.7743	8	4	0	-1	1	0.0255	1.2549
31	536	2	821.3075	9	14	0	-1	0	0.0255	-1.0000
31	537	2	822.8408	10	3	0	-1	0	0.0255	-1.0000
31	538	2	824.3741	11	15	0	-1	1	0.0255	1.0550
31	539	2	825.9073	12	10	0	-1	0	0.0255	-1.0000
31	540	2	827.4406	13	5	0	-1	0	0.0255	-1.0000
31	541	2	828.9738	14	6	0	-1	0	0.0255	-1.0000
31	542	2	830.5071	15	7	0	-1	0	0.0255	-1.0000
31	543	2	832.0403	2	11	0	-1	0	0.0255	-1.0000
31	544	2	833.5736	1	12	0	-1	0	0.0255	-1.0000
31	545	2	835.1068	14	6	0	-1	0	0.0255	-1.0000
31	546	2	836.6401	2	11	0	-1	0	0.0255	-1.0000
31	547	2	838.1733	14	6	0	-1	0	0.0255	-1.0000
31	548	2	839.7066	13	5	0	-1	1	0.0261	0.5064
31	549	2	841.2398	10	3	0	-1	1	0.0261	0.6211
31	550	2	842.7731	9	14	0	-1	0	0.0261	-1.0000
31	551	2	844.3064	11	15	0	-1	1	0.0261	1.4588
31	552	2	845.8396	9	14	0	-1	1	0.0261	0.0169
31	553	2	847.3729	8	4	0	-1	0	0.0261	-1.0000
31	554	2	848.9061	9	14	0	-1	0	0.0261	-1.0000
31	555	2	850.4394	11	15	0	-1	1	0.0260	0.6213
31	556	2	851.9726	10	3	0	-1	1	0.0260	0.5926
31	557	2	853.5059	9	14	0	-1	0	0.0260	-1.0000
31	558	2	855.0391	8	4	0	-1	1	0.0266	0.5982
31	559	2	856.5724	7	1	0	-1	0	0.0266	-1.0000
31	560	2	858.1056	6	13	0	-1	0	0.0266	-1.0000
31	561	2	859.6389	5	8	0	-1	0	0.0266	-1.0000
31	562	2	861.1721	4	2	0	-1	0	0.0266	-1.0000
31	563	2	862.7054	3	9	0	-1	1	0.0272	0.7557
31	564	2	864.2386	2	11	0	-1	0	0.0272	-1.0000
31	565	2	865.7719	1	12	0	-1	0	0.0272	-1.0000
31	566	2	867.3052	15	7	0	-1	0	0.0272	-1.0000
31	567	2	868.8384	14	6	0	-1	0	0.0272	-1.0000
31	568	2	870.3717	13	5	0	-1	1	0.0278	1.2496
31	569	2	871.9049	12	10	0	-1	0	0.0278	-1.0000
31	570	2	873.4382	11	15	0	-1	1	0.0278	0.5990
31	571	2	874.9714	13	5	0	-1	1	0.0278	0.8417
31	572	2	876.5047	12	10	0	-1	0	0.0278	-1.0000
31	573	2	878.0379	13	5	0	-1	1	0.0278	0.5750
31	574	2	879.5712	11	15	0	-1	1	0.0278	0.5459
31	575	2	881.1044	13	5	0	-1	1	0.0277	0.7086
31	576	2	882.6377	14	6	0	-1	0	0.0277	-1.0000
31	577	2	884.1710	2	11	0	-1	0	0.0277	-1.0000
31	578	2	885.7042	1	12	0	-1	0	0.0277	-1.0000
31	579	2	887.2375	14	6	0	-1	0	0.0277	-1.0000
31	580	2	888.7707	2	11	0	-1	0	0.0277	-1.0000
31	581	2	890.3040	1	12	0	-1	0	0.0277	-1.0000
31	582	2	891.8372	3	9	0	-1	0	0.0277	-1.0000
31	583	2	893.3705	15	7	0	-1	1	0.0277	0.0266
31	584	2	894.9037	14	6	0	-1	0	0.0277	-1.0000
31	585	2	896.4370	1	12	0	-1	0	0.0277	-1.0000
31	586	2	897.9702	2	11	0	-1	0	0.0277	-1.0000
31	587	2	899.5035	3	9	0	-1	0	0.0277	-1.0000
31	588	2	901.0367	4	2	0	-1	0	0.0277	-1.0000
31	589	2	902.5700	5	8	0	-1	0	0.0277	-1.0000
31	590	2	904.1033	6	13	0	-1	0	0.0277	-1.0000
31	591	2	905.6365	7	1	0	-1	0	0.0277	-1.0000
31	592	2	907.1698	8	4	0	-1	1	0.0277	0.5955
31	593	2	908.7030	9	14	0	-1	0	0.0277	-1.0000
31	594	2	910.2363	10	3	0	-1	1	0.0277	0.6648
31	595	2	911.7695	11	15	0	-1	1	0.0277	0.6036
31	596	2	913.3028	12	10	0	-1	0	0.0277	-1.0000
31	597	2	914.8360	13	5	0	-1	1	0.0277	0.6892
31	598	2	916.3693	14	6	0	-1	0	0.0277	-1.0000
31	599	2	917.9025	15	7	0	-1	0	0.0277	-1.0000
31	600	2	919.4358	1	12	0	-1	0	0.0277	-1.0000
Actual parsing ratio
0.0277
Possible node parses
90.0000
 Node parses selected
0.5000
Possible other parses
510.0000
Other parses selected
3.1020
Chance parsing ratio
0.1500
