*********************************************
* Date/Time: 24-Oct-2019 08:59:17
* Seed: 216997.2
* Subject Number: 016
13	10	3	12	9	2	4	5	8	14	1	6	15	7	11	
*********************************************

Shape exposure time (seconds)
52.0632
subject	trial	phase	onset	node	shape	rotate	acc	resp	total	rt
16	1	1	1.0167	4	12	0	-1	0	0.0000	-1.0000
16	2	1	2.8332	6	2	0	1	1	0.5000	0.3775
16	3	1	4.3831	5	9	90	1	1	0.6667	1.3871
16	4	1	5.9664	4	12	0	1	1	0.7500	0.9077
16	5	1	7.5163	5	9	0	0	1	0.6000	1.3578
16	6	1	9.4329	7	4	0	-1	0	0.5000	-1.0000
16	7	1	11.4660	4	12	0	1	1	0.5714	0.3362
16	8	1	13.0160	6	2	0	1	1	0.6250	0.3867
16	9	1	14.5659	4	12	90	1	1	0.6667	1.1711
16	10	1	16.1158	3	3	0	0	1	0.6000	1.3668
16	11	1	18.0656	2	10	0	1	1	0.6364	1.2089
16	12	1	19.6157	1	13	90	0	1	0.5833	1.3228
16	13	1	21.4989	2	10	90	0	1	0.5385	1.1993
16	14	1	23.2655	3	3	90	-1	0	0.5000	-1.0000
16	15	1	25.2987	4	12	90	-1	0	0.4667	-1.0000
16	16	1	27.3319	6	2	90	0	1	0.4375	1.2062
16	17	1	29.1151	8	5	90	-1	0	0.4118	-1.0000
16	18	1	31.1484	6	2	0	1	1	0.4444	1.4366
16	19	1	32.8149	8	5	0	1	1	0.4737	1.2274
16	20	1	34.3649	6	2	90	1	1	0.5000	0.9413
16	21	1	35.9147	5	9	0	1	1	0.5238	1.1023
16	22	1	37.4647	6	2	0	1	1	0.5455	1.2978
16	23	1	39.0146	7	4	0	1	1	0.5652	0.9624
16	24	1	40.5646	8	5	0	1	1	0.5833	1.0142
16	25	1	42.1145	5	9	0	1	1	0.6000	1.0306
16	26	1	43.6644	8	5	0	0	1	0.5769	1.2085
16	27	1	45.4643	7	4	0	1	1	0.5926	0.9297
16	28	1	47.0142	6	2	0	-1	0	0.5714	-1.0000
16	29	1	49.0807	8	5	0	1	1	0.5862	1.1534
16	30	1	50.6307	7	4	0	1	1	0.6000	0.7703
16	31	1	52.1806	4	12	90	1	1	0.6129	1.1724
16	32	1	53.7305	5	9	0	1	1	0.6250	0.8402
16	33	1	55.2804	8	5	90	0	1	0.6061	1.4330
16	34	1	57.2636	5	9	90	1	1	0.6176	0.9055
16	35	1	58.8136	6	2	0	1	1	0.6286	1.2433
16	36	1	60.3635	8	5	0	-1	0	0.6111	-1.0000
16	37	1	62.4467	9	8	0	-1	0	0.5946	-1.0000
16	38	1	64.4966	10	14	90	0	1	0.5789	1.1444
16	39	1	66.1799	11	1	0	-1	0	0.5641	-1.0000
16	40	1	68.2130	9	8	0	1	1	0.5750	0.0537
16	41	1	69.7630	8	5	90	-1	0	0.5610	-1.0000
16	42	1	71.8296	7	4	90	1	1	0.5714	1.3164
16	43	1	73.3795	5	9	0	1	1	0.5814	0.9026
16	44	1	74.9294	8	5	0	1	1	0.5909	1.2888
16	45	1	76.4793	6	2	0	0	1	0.5778	1.4656
16	46	1	78.5291	4	12	0	0	1	0.5652	1.1450
16	47	1	80.1958	7	4	0	1	1	0.5745	0.7732
16	48	1	81.7457	8	5	0	1	1	0.5833	1.0484
16	49	1	83.2956	6	2	0	1	1	0.5918	1.2104
16	50	1	84.8456	5	9	0	1	1	0.6000	0.8114
16	51	1	86.3955	8	5	90	1	1	0.6078	1.1673
16	52	1	87.9453	6	2	0	1	1	0.6154	0.8169
16	53	1	89.4953	4	12	0	1	1	0.6226	1.2176
16	54	1	91.0452	7	4	0	1	1	0.6296	0.7400
16	55	1	92.5951	4	12	0	1	1	0.6364	0.8217
16	56	1	94.1451	5	9	0	1	1	0.6429	0.6644
16	57	1	95.6950	7	4	0	1	1	0.6491	0.7939
16	58	1	97.2449	8	5	0	1	1	0.6552	1.4520
16	59	1	98.8281	9	8	0	-1	0	0.6441	-1.0000
16	60	1	100.8947	10	14	0	1	1	0.6500	1.3243
16	61	1	102.4446	13	15	0	1	1	0.6557	1.1323
16	62	1	103.9945	10	14	0	1	1	0.6613	0.9599
16	63	1	105.5444	9	8	0	1	1	0.6667	1.2338
16	64	1	107.0943	11	1	0	-1	0	0.6563	-1.0000
16	65	1	109.1610	9	8	0	-1	0	0.6462	-1.0000
16	66	1	111.2108	11	1	0	1	1	0.6515	1.0070
16	67	1	112.7607	12	6	0	1	1	0.6567	1.3604
16	68	1	114.3107	11	1	0	-1	0	0.6471	-1.0000
16	69	1	116.3106	13	15	90	1	1	0.6522	1.2509
16	70	1	117.8605	12	6	0	1	1	0.6571	1.0619
16	71	1	119.4104	11	1	0	1	1	0.6620	0.9505
16	72	1	120.9603	9	8	0	1	1	0.6667	0.9698
16	73	1	122.5102	12	6	0	1	1	0.6712	0.9884
16	74	1	124.0601	9	8	0	1	1	0.6757	0.9748
16	75	1	125.6101	11	1	90	1	1	0.6800	0.9442
16	76	1	127.1600	9	8	0	1	1	0.6842	0.7534
16	77	1	128.7099	8	5	0	0	1	0.6753	1.3630
16	78	1	130.6431	7	4	0	1	1	0.6795	0.8058
16	79	1	132.1929	4	12	0	1	1	0.6835	0.8241
16	80	1	133.7430	5	9	0	1	1	0.6875	0.6834
16	81	1	135.2929	4	12	90	1	1	0.6914	0.9731
16	82	1	136.8428	3	3	90	0	1	0.6829	1.3757
16	83	1	138.8094	1	13	0	-1	0	0.6747	-1.0000
16	84	1	140.8426	2	10	0	1	1	0.6786	1.3262
16	85	1	142.3925	14	7	0	0	1	0.6706	1.0243
16	86	1	143.9424	15	11	90	-1	0	0.6628	-1.0000
16	87	1	145.9423	2	10	0	-1	0	0.6552	-1.0000
16	88	1	147.9922	14	7	0	0	1	0.6477	1.2327
16	89	1	149.7755	15	11	0	1	1	0.6517	1.1467
16	90	1	151.3254	14	7	0	1	1	0.6556	1.0846
16	91	1	152.8752	15	11	0	1	1	0.6593	1.2148
16	92	1	154.4252	2	10	0	0	1	0.6522	0.8808
16	93	1	155.9751	1	13	90	-1	0	0.6452	-1.0000
16	94	1	158.0250	2	10	0	0	1	0.6383	1.4892
16	95	1	160.0749	14	7	0	0	1	0.6316	1.1992
16	96	1	161.8415	1	13	0	-1	0	0.6250	-1.0000
16	97	1	163.8747	14	7	0	1	1	0.6289	0.9992
16	98	1	165.4246	2	10	0	1	1	0.6327	1.3364
16	99	1	166.9745	15	11	0	1	1	0.6364	0.9715
16	100	1	168.5244	3	3	0	-1	0	0.6300	-1.0000
16	101	1	170.5577	1	13	0	1	1	0.6337	0.9883
16	102	1	172.1076	15	11	90	1	1	0.6373	0.8950
16	103	1	173.6575	3	3	0	-1	0	0.6311	-1.0000
16	104	1	175.6740	15	11	0	1	1	0.6346	1.2150
16	105	1	177.2240	3	3	0	1	1	0.6381	1.0262
16	106	1	178.7739	1	13	0	1	1	0.6415	1.2191
16	107	1	180.3238	14	7	90	-1	0	0.6355	-1.0000
16	108	1	182.3570	13	15	90	1	1	0.6389	1.3810
16	109	1	183.9069	12	6	0	1	1	0.6422	0.9192
16	110	1	185.4569	10	14	0	-1	0	0.6364	-1.0000
16	111	1	187.4568	12	6	0	1	1	0.6396	0.6162
16	112	1	189.0067	13	15	0	0	1	0.6339	1.1631
16	113	1	190.7232	14	7	0	-1	0	0.6283	-1.0000
16	114	1	192.7565	1	13	0	-1	0	0.6228	-1.0000
16	115	1	194.8063	15	11	0	0	1	0.6174	1.3465
16	116	1	196.6729	3	3	0	1	1	0.6207	1.1457
16	117	1	198.2228	15	11	0	1	1	0.6239	0.9552
16	118	1	199.7728	3	3	90	0	1	0.6186	0.9720
16	119	1	201.3227	4	12	0	-1	0	0.6134	-1.0000
16	120	1	203.3392	5	9	0	1	1	0.6167	0.7511
16	121	1	204.8891	8	5	0	1	1	0.6198	1.4396
16	122	1	206.5224	9	8	0	1	1	0.6230	0.8634
16	123	1	208.0723	10	14	0	-1	0	0.6179	-1.0000
16	124	1	210.1222	12	6	0	0	1	0.6129	0.0305
16	125	1	211.6721	10	14	0	-1	0	0.6080	-1.0000
16	126	1	213.7554	12	6	0	1	1	0.6111	0.7354
16	127	1	215.3052	10	14	90	0	1	0.6063	1.2169
16	128	1	217.1052	11	1	0	1	1	0.6094	1.3997
16	129	1	218.6717	10	14	0	0	1	0.6047	1.1625
16	130	1	220.3550	9	8	90	0	1	0.6000	1.0309
16	131	1	221.9382	10	14	0	1	1	0.6031	1.2401
16	132	1	223.4882	12	6	0	1	1	0.6061	0.6326
16	133	1	225.0380	11	1	0	1	1	0.6090	0.7644
16	134	1	226.5880	13	15	0	0	1	0.6045	0.8940
16	135	1	228.1380	12	6	90	0	1	0.6000	0.6400
16	136	1	229.6879	10	14	0	-1	0	0.5956	-1.0000
16	137	1	231.7711	12	6	0	1	1	0.5985	0.7670
16	138	1	233.3210	11	1	0	0	1	0.5942	1.4399
16	139	1	235.3042	13	15	0	-1	0	0.5899	-1.0000
16	140	1	237.3375	10	14	0	1	1	0.5929	1.3131
16	141	1	238.8874	12	6	0	1	1	0.5957	0.6745
16	142	1	240.4373	13	15	0	1	1	0.5986	0.9488
16	143	1	241.9872	11	1	0	0	1	0.5944	1.3347
16	144	1	243.8537	13	15	0	1	1	0.5972	0.6048
16	145	1	245.4036	11	1	0	1	1	0.6000	1.0383
16	146	1	246.9536	12	6	0	1	1	0.6027	0.6561
16	147	1	248.5035	11	1	0	1	1	0.6054	0.6909
16	148	1	250.0534	12	6	0	1	1	0.6081	0.6755
16	149	1	251.6034	10	14	0	1	1	0.6107	0.5827
16	150	1	253.1533	13	15	0	1	1	0.6133	0.9686
16	151	1	254.7032	11	1	0	1	1	0.6159	0.8097
16	152	1	256.2531	10	14	90	0	1	0.6118	1.3252
16	153	1	258.1530	11	1	90	1	1	0.6144	1.2971
16	154	1	259.7029	12	6	0	1	1	0.6169	0.7218
16	155	1	261.2529	10	14	90	-1	0	0.6129	-1.0000
16	156	1	263.2528	13	15	0	1	1	0.6154	1.0133
16	157	1	264.8027	11	1	0	1	1	0.6178	0.6632
16	158	1	266.3525	13	15	0	1	1	0.6203	0.6323
16	159	1	267.9025	12	6	0	1	1	0.6226	0.7143
16	160	1	269.4524	9	8	0	1	1	0.6250	0.7334
16	161	1	271.0023	10	14	0	1	1	0.6273	0.7665
16	162	1	272.5523	12	6	0	1	1	0.6296	0.5926
16	163	1	274.1022	13	15	0	1	1	0.6319	0.7081
16	164	1	275.6521	11	1	90	1	1	0.6341	1.2058
16	165	1	277.2020	9	8	0	1	1	0.6364	0.6800
16	166	1	278.7519	10	14	90	-1	0	0.6325	-1.0000
16	167	1	280.8018	13	15	0	1	1	0.6347	0.7446
16	168	1	282.3517	11	1	0	1	1	0.6369	0.8577
16	169	1	283.9017	9	8	0	1	1	0.6391	0.8270
16	170	1	285.4516	8	5	0	-1	0	0.6353	-1.0000
16	171	1	287.5015	7	4	90	0	1	0.6316	0.6993
16	172	1	289.0514	4	12	90	0	1	0.6279	1.2626
16	173	1	290.8513	3	3	90	1	1	0.6301	1.3823
16	174	1	292.4012	15	11	0	1	1	0.6322	0.9529
16	175	1	293.9511	2	10	90	-1	0	0.6286	-1.0000
16	176	1	296.0343	15	11	0	1	1	0.6307	0.9670
16	177	1	297.5843	1	13	0	-1	0	0.6271	-1.0000
16	178	1	299.6674	15	11	90	1	1	0.6292	1.0788
16	179	1	301.2174	3	3	0	-1	0	0.6257	-1.0000
16	180	1	303.2840	2	10	0	-1	0	0.6222	-1.0000
16	181	1	305.3338	14	7	0	0	1	0.6188	1.2363
16	182	1	307.1004	13	15	90	1	1	0.6209	1.0843
16	183	1	308.6503	10	14	0	1	1	0.6230	0.8471
16	184	1	310.2002	13	15	0	1	1	0.6250	0.8498
16	185	1	311.7502	11	1	0	1	1	0.6270	1.1545
16	186	1	313.3001	10	14	0	1	1	0.6290	0.8696
16	187	1	314.8499	12	6	90	0	1	0.6257	0.5667
16	188	1	316.3999	11	1	0	1	1	0.6277	0.8418
16	189	1	317.9499	13	15	90	1	1	0.6296	1.0194
16	190	1	319.4998	14	7	0	0	1	0.6263	1.2303
16	191	1	321.3162	2	10	0	1	1	0.6283	1.4445
16	192	1	322.9329	1	13	90	0	1	0.6250	1.3171
16	193	1	324.7495	14	7	0	1	1	0.6269	1.0032
16	194	1	326.2994	2	10	0	0	1	0.6237	0.9423
16	195	1	327.8493	14	7	90	-1	0	0.6205	-1.0000
16	196	1	329.9492	1	13	90	0	1	0.6173	0.9575
16	197	1	331.4991	14	7	0	-1	0	0.6142	-1.0000
16	198	1	333.5657	1	13	90	0	1	0.6111	1.1961
16	199	1	335.3489	2	10	0	1	1	0.6131	1.0614
16	200	1	336.8988	14	7	90	1	1	0.6150	0.8388
16	201	1	338.4488	2	10	0	1	1	0.6169	0.6171
16	202	1	339.9987	3	3	0	0	1	0.6139	1.4992
16	203	1	342.0319	15	11	0	1	1	0.6158	0.9706
16	204	1	343.5818	14	7	90	0	1	0.6127	1.0365
16	205	1	345.1817	13	15	0	0	1	0.6098	0.9230
16	206	1	346.7317	11	1	0	1	1	0.6117	1.3743
16	207	1	348.2816	13	15	0	1	1	0.6135	0.8803
16	208	1	349.8315	10	14	90	1	1	0.6154	1.1064
16	209	1	351.3814	12	6	0	1	1	0.6172	0.9331
16	210	1	352.9313	13	15	90	1	1	0.6190	0.9183
16	211	1	354.4812	11	1	90	1	1	0.6209	1.4155
16	212	1	356.0311	9	8	0	1	1	0.6226	0.9706
16	213	1	357.5811	12	6	90	0	1	0.6197	0.7333
16	214	1	359.1310	11	1	0	1	1	0.6215	0.9577
16	215	1	360.6809	12	6	0	1	1	0.6233	0.7199
16	216	1	362.2308	9	8	0	1	1	0.6250	0.7538
16	217	1	363.7808	10	14	0	1	1	0.6267	1.0292
16	218	1	365.3307	11	1	0	1	1	0.6284	1.0633
16	219	1	366.8806	12	6	0	1	1	0.6301	0.7921
16	220	1	368.4305	13	15	0	1	1	0.6318	0.7153
16	221	1	369.9804	12	6	0	0	1	0.6290	1.0221
16	222	1	371.5637	9	8	90	0	1	0.6261	0.8622
16	223	1	373.1136	11	1	0	1	1	0.6278	0.8475
16	224	1	374.6635	12	6	0	1	1	0.6295	0.7543
16	225	1	376.2134	11	1	0	1	1	0.6311	1.3966
16	226	1	377.7633	10	14	0	1	1	0.6327	0.5827
16	227	1	379.3133	9	8	90	1	1	0.6344	1.3525
16	228	1	380.8631	11	1	0	1	1	0.6360	0.8111
16	229	1	382.4131	10	14	0	1	1	0.6376	1.1328
16	230	1	383.9630	13	15	0	1	1	0.6391	0.9588
16	231	1	385.5128	14	7	0	0	1	0.6364	1.0239
16	232	1	387.0795	1	13	0	1	1	0.6379	1.3932
16	233	1	388.6627	14	7	0	1	1	0.6395	0.9478
16	234	1	390.2127	15	11	90	1	1	0.6410	1.4119
16	235	1	391.7625	3	3	0	1	1	0.6426	1.2701
16	236	1	393.3125	15	11	90	0	1	0.6398	1.0175
16	237	1	394.8791	2	10	0	1	1	0.6414	0.7473
16	238	1	396.4290	1	13	0	1	1	0.6429	1.3729
16	239	1	397.9789	3	3	0	1	1	0.6444	0.8789
16	240	1	399.5289	4	12	0	0	1	0.6417	0.9758
16	241	1	401.0788	3	3	0	1	1	0.6432	0.9471
16	242	1	402.6287	2	10	0	1	1	0.6446	0.5813
16	243	1	404.1786	15	11	90	0	1	0.6420	1.2230
16	244	1	405.9285	2	10	0	1	1	0.6434	0.8329
16	245	1	407.4784	14	7	0	-1	0	0.6408	-1.0000
16	246	1	409.5450	15	11	0	1	1	0.6423	0.9608
16	247	1	411.0949	14	7	0	1	1	0.6437	1.3635
16	248	1	412.6448	13	15	0	0	1	0.6411	0.8683
16	249	1	414.1948	12	6	0	1	1	0.6426	0.5990
16	250	1	415.7447	9	8	0	1	1	0.6440	0.8559
16	251	1	417.2946	10	14	0	1	1	0.6454	0.8274
16	252	1	418.8445	9	8	0	1	1	0.6468	0.7173
16	253	1	420.3944	8	5	0	-1	0	0.6443	-1.0000
16	254	1	422.4610	7	4	0	1	1	0.6457	1.0529
16	255	1	424.0109	4	12	0	-1	0	0.6431	-1.0000
16	256	1	426.0775	6	2	0	1	1	0.6445	1.2285
16	257	1	427.6274	7	4	0	1	1	0.6459	0.6550
16	258	1	429.1773	4	12	0	1	1	0.6473	0.8009
16	259	1	430.7272	3	3	0	0	1	0.6448	1.2829
16	260	1	432.5938	4	12	0	1	1	0.6462	1.4799
16	261	1	434.1937	5	9	90	0	1	0.6437	0.6469
16	262	1	435.7435	8	5	0	1	1	0.6450	1.0650
16	263	1	437.2935	5	9	0	1	1	0.6464	0.9404
16	264	1	438.8434	8	5	90	-1	0	0.6439	-1.0000
16	265	1	440.9267	7	4	0	1	1	0.6453	0.6027
16	266	1	442.4766	8	5	0	0	1	0.6429	1.1960
16	267	1	444.1932	7	4	0	1	1	0.6442	0.7769
16	268	1	445.7431	5	9	0	1	1	0.6455	0.7791
16	269	1	447.2930	8	5	0	-1	0	0.6431	-1.0000
16	270	1	449.3929	6	2	0	1	1	0.6444	1.1930
16	271	1	450.9428	5	9	0	1	1	0.6458	0.6671
16	272	1	452.4927	4	12	0	-1	0	0.6434	-1.0000
16	273	1	454.4926	3	3	0	-1	0	0.6410	-1.0000
16	274	1	456.5424	1	13	0	1	1	0.6423	1.2917
16	275	1	458.0924	15	11	0	1	1	0.6436	1.2934
16	276	1	459.6423	1	13	90	0	1	0.6413	1.3596
16	277	1	461.5589	3	3	0	1	1	0.6426	1.0749
16	278	1	463.1088	15	11	0	1	1	0.6439	0.8212
16	279	1	464.6587	1	13	0	0	1	0.6416	1.1738
16	280	1	466.3920	2	10	0	1	1	0.6429	0.8173
16	281	1	467.9419	3	3	0	1	1	0.6441	1.2359
16	282	1	469.4918	1	13	90	0	1	0.6418	1.0767
16	283	1	471.1417	14	7	0	-1	0	0.6396	-1.0000
16	284	1	473.1583	15	11	90	1	1	0.6408	1.2035
16	285	1	474.7082	3	3	0	0	1	0.6386	1.3644
16	286	1	476.6081	4	12	0	1	1	0.6399	1.4644
16	287	1	478.1580	7	4	0	1	1	0.6411	0.6357
16	288	1	479.7079	4	12	90	1	1	0.6424	0.9105
16	289	1	481.2579	7	4	0	1	1	0.6436	0.6547
16	290	1	482.8077	5	9	0	1	1	0.6448	0.6888
16	291	1	484.3577	4	12	90	1	1	0.6460	1.2845
16	292	1	485.9076	5	9	0	1	1	0.6473	0.7249
16	293	1	487.4575	7	4	0	1	1	0.6485	0.8550
16	294	1	489.0074	6	2	0	-1	0	0.6463	-1.0000
16	295	1	491.0907	4	12	90	-1	0	0.6441	-1.0000
16	296	1	493.1406	5	9	0	1	1	0.6453	0.6773
16	297	1	494.6905	8	5	0	0	1	0.6431	1.2861
16	298	1	496.4904	5	9	90	0	1	0.6409	0.6234
16	299	1	498.0402	6	2	0	0	1	0.6388	1.1535
16	300	1	499.7402	7	4	0	1	1	0.6400	0.6536
16	301	1	501.2901	4	12	90	0	1	0.6379	0.9750
16	302	1	502.8400	5	9	0	1	1	0.6391	0.6900
16	303	1	504.3900	8	5	0	0	1	0.6370	1.4106
16	304	1	506.3399	5	9	90	1	1	0.6382	1.0449
16	305	1	507.8898	4	12	0	1	1	0.6393	1.4628
16	306	1	509.5063	5	9	0	1	1	0.6405	0.7754
16	307	1	511.0563	7	4	0	1	1	0.6417	0.7123
16	308	1	512.6062	8	5	0	-1	0	0.6396	-1.0000
16	309	1	514.6727	6	2	0	-1	0	0.6375	-1.0000
16	310	1	516.7226	8	5	0	0	1	0.6355	0.0168
16	311	1	518.2726	5	9	0	1	1	0.6367	1.1452
16	312	1	519.8225	6	2	0	0	1	0.6346	1.2274
16	313	1	521.5724	5	9	90	1	1	0.6358	1.0775
16	314	1	523.1223	7	4	0	1	1	0.6369	0.6942
16	315	1	524.6721	4	12	0	-1	0	0.6349	-1.0000
16	316	1	526.7554	6	2	0	0	1	0.6329	1.4462
16	317	1	528.7220	5	9	90	1	1	0.6341	0.9198
16	318	1	530.2719	4	12	0	1	1	0.6352	1.2567
16	319	1	531.8218	7	4	0	1	1	0.6364	0.7467
16	320	1	533.3718	6	2	0	1	1	0.6375	0.9409
16	321	1	534.9217	8	5	0	1	1	0.6386	1.2645
16	322	1	536.4716	9	8	90	0	1	0.6366	0.9947
16	323	1	538.0215	8	5	90	-1	0	0.6347	-1.0000
16	324	1	540.0881	7	4	0	1	1	0.6358	0.6734
16	325	1	541.6380	4	12	0	1	1	0.6369	0.8992
16	326	1	543.1879	3	3	90	-1	0	0.6350	-1.0000
16	327	1	545.2878	2	10	0	1	1	0.6361	1.2174
16	328	1	546.8377	14	7	0	0	1	0.6341	1.1229
16	329	1	548.5043	1	13	0	1	1	0.6353	1.3934
16	330	1	550.0541	2	10	90	0	1	0.6333	1.3159
16	331	1	552.0374	14	7	0	1	1	0.6344	1.3635
16	332	1	553.5874	13	15	0	-1	0	0.6325	-1.0000
16	333	1	555.6372	11	1	0	1	1	0.6336	1.0924
16	334	1	557.1872	10	14	0	1	1	0.6347	0.8534
16	335	1	558.7371	11	1	0	1	1	0.6358	0.8091
16	336	1	560.2870	13	15	0	1	1	0.6369	0.9707
16	337	1	561.8369	14	7	0	0	1	0.6350	0.8126
16	338	1	563.3868	13	15	0	1	1	0.6361	0.7188
16	339	1	564.9368	14	7	0	1	1	0.6372	0.9448
16	340	1	566.4867	1	13	0	1	1	0.6382	1.0738
16	341	1	568.0365	2	10	0	1	1	0.6393	1.3971
16	342	1	569.5865	3	3	0	1	1	0.6404	1.0632
16	343	1	571.1364	1	13	0	1	1	0.6414	0.9534
16	344	1	572.6863	2	10	0	1	1	0.6424	0.9715
16	345	1	574.2362	3	3	0	0	1	0.6406	1.2453
16	346	1	576.0028	15	11	0	1	1	0.6416	1.1111
16	347	1	577.5527	2	10	0	1	1	0.6427	0.9686
16	348	1	579.1027	15	11	0	1	1	0.6437	0.8743
16	349	1	580.6526	3	3	0	1	1	0.6447	0.9572
16	350	1	582.2025	2	10	0	1	1	0.6457	0.7998
16	351	1	583.7524	14	7	90	1	1	0.6467	1.2804
16	352	1	585.3023	15	11	0	1	1	0.6477	0.7873
16	353	1	586.8523	3	3	0	1	1	0.6487	0.9501
16	354	1	588.4022	4	12	90	0	1	0.6469	1.1915
16	355	1	590.1188	6	2	0	1	1	0.6479	1.0430
16	356	1	591.6687	5	9	0	1	1	0.6489	0.8531
16	357	1	593.2186	6	2	0	1	1	0.6499	0.8872
16	358	1	594.7685	8	5	90	-1	0	0.6480	-1.0000
16	359	1	596.7851	7	4	0	1	1	0.6490	0.6968
16	360	1	598.3350	8	5	0	1	1	0.6500	1.3227
16	361	1	599.8849	6	2	0	1	1	0.6510	1.0855
16	362	1	601.4348	8	5	90	-1	0	0.6492	-1.0000
16	363	1	603.4681	7	4	0	1	1	0.6501	0.5735
16	364	1	605.0180	8	5	0	1	1	0.6511	1.4239
16	365	1	606.6012	5	9	0	1	1	0.6521	0.8644
16	366	1	608.1511	8	5	0	1	1	0.6530	0.8334
16	367	1	609.7010	6	2	90	0	1	0.6512	0.8515
16	368	1	611.2510	8	5	0	1	1	0.6522	0.9655
16	369	1	612.8009	7	4	0	1	1	0.6531	0.6956
16	370	1	614.3508	8	5	0	1	1	0.6541	0.8588
16	371	1	615.9007	7	4	0	1	1	0.6550	0.6049
16	372	1	617.4506	6	2	0	-1	0	0.6532	-1.0000
16	373	1	619.5338	8	5	0	1	1	0.6542	1.0681
16	374	1	621.0838	6	2	0	-1	0	0.6524	-1.0000
16	375	1	623.1670	7	4	0	1	1	0.6533	0.5856
16	376	1	624.7169	8	5	90	1	1	0.6543	1.3235
16	377	1	626.2668	7	4	90	1	1	0.6552	0.9907
16	378	1	627.8167	5	9	90	1	1	0.6561	0.8174
16	379	1	629.3666	7	4	0	1	1	0.6570	0.7708
16	380	1	630.9166	5	9	0	1	1	0.6579	0.6611
16	381	1	632.4665	8	5	0	1	1	0.6588	0.9191
16	382	1	634.0164	6	2	0	0	1	0.6571	1.4005
16	383	1	635.9997	4	12	0	0	1	0.6554	1.2587
16	384	1	637.7662	5	9	0	1	1	0.6563	0.6115
16	385	1	639.3161	4	12	0	1	1	0.6571	0.8049
16	386	1	640.8661	5	9	0	1	1	0.6580	0.6315
16	387	1	642.4159	4	12	0	1	1	0.6589	0.5847
16	388	1	643.9659	5	9	0	1	1	0.6598	0.6025
16	389	1	645.5158	7	4	0	1	1	0.6607	0.7499
16	390	1	647.0657	8	5	0	1	1	0.6615	1.1667
16	391	1	648.6157	7	4	0	1	1	0.6624	0.6266
16	392	1	650.1656	8	5	0	1	1	0.6633	0.8188
16	393	1	651.7155	9	8	90	-1	0	0.6616	-1.0000
16	394	1	653.8154	11	1	0	1	1	0.6624	1.2652
16	395	1	655.3652	12	6	0	1	1	0.6633	0.7082
16	396	1	656.9152	11	1	0	1	1	0.6641	1.2052
16	397	1	658.4651	13	15	0	1	1	0.6650	0.8553
16	398	1	660.0150	11	1	90	1	1	0.6658	0.9054
16	399	1	661.5649	12	6	0	1	1	0.6667	0.7794
16	400	1	663.1149	11	1	0	1	1	0.6675	0.8465
16	401	1	664.6648	10	14	0	1	1	0.6683	0.6731
16	402	1	666.2147	9	8	0	-1	0	0.6667	-1.0000
16	403	1	668.2980	8	5	0	1	1	0.6675	1.2317
16	404	1	669.8479	5	9	0	1	1	0.6683	0.6086
16	405	1	671.3978	7	4	0	1	1	0.6691	0.6278
16	406	1	672.9477	5	9	0	1	1	0.6700	0.5978
16	407	1	674.4976	6	2	0	1	1	0.6708	1.4472
16	408	1	676.0974	5	9	0	1	1	0.6716	0.6642
16	409	1	677.6474	8	5	90	1	1	0.6724	0.9060
16	410	1	679.1974	6	2	0	-1	0	0.6707	-1.0000
16	411	1	681.2139	4	12	0	0	1	0.6691	0.0168
16	412	1	682.7638	3	3	90	1	1	0.6699	1.0526
16	413	1	684.3138	4	12	90	1	1	0.6707	0.9746
16	414	1	685.8636	6	2	0	0	1	0.6691	1.4101
16	415	1	687.8136	5	9	0	1	1	0.6699	0.5642
16	416	1	689.3634	4	12	0	1	1	0.6707	1.0289
16	417	1	690.9134	5	9	0	1	1	0.6715	0.5841
16	418	1	692.4633	8	5	0	1	1	0.6722	0.8903
16	419	1	694.0132	9	8	0	1	1	0.6730	0.6682
16	420	1	695.5631	8	5	0	1	1	0.6738	0.9893
16	421	1	697.1131	5	9	0	1	1	0.6746	0.6080
16	422	1	698.6630	8	5	0	1	1	0.6754	0.7705
16	423	1	700.2129	7	4	0	1	1	0.6761	0.7406
16	424	1	701.7628	5	9	90	1	1	0.6769	0.8388
16	425	1	703.3127	7	4	0	1	1	0.6776	0.6645
16	426	1	704.8626	4	12	0	1	1	0.6784	0.8435
16	427	1	706.4126	3	3	0	1	1	0.6792	0.8456
16	428	1	707.9625	15	11	0	1	1	0.6799	1.3418
16	429	1	709.5124	3	3	0	1	1	0.6807	0.7053
16	430	1	711.0623	4	12	0	1	1	0.6814	0.8820
16	431	1	712.6123	3	3	0	1	1	0.6821	0.6931
16	432	1	714.1622	2	10	0	1	1	0.6829	1.3032
16	433	1	715.7121	14	7	90	1	1	0.6836	1.3220
16	434	1	717.2620	15	11	90	1	1	0.6843	1.1144
16	435	1	718.8119	14	7	0	0	1	0.6828	1.0204
16	436	1	720.4285	13	15	0	1	1	0.6835	0.7971
16	437	1	721.9784	11	1	0	1	1	0.6842	1.0380
16	438	1	723.5283	9	8	0	1	1	0.6849	0.7217
16	439	1	725.0783	11	1	0	1	1	0.6856	0.8673
16	440	1	726.6282	9	8	0	1	1	0.6864	0.6283
16	441	1	728.1781	11	1	0	1	1	0.6871	0.6957
16	442	1	729.7280	9	8	90	-1	0	0.6855	-1.0000
16	443	1	731.7445	11	1	0	1	1	0.6862	1.1770
16	444	1	733.2944	10	14	0	1	1	0.6869	0.6835
16	445	1	734.8444	11	1	0	1	1	0.6876	0.7175
16	446	1	736.3943	10	14	0	1	1	0.6883	0.6074
16	447	1	737.9442	12	6	0	1	1	0.6890	0.7855
16	448	1	739.4941	11	1	90	1	1	0.6897	0.8352
16	449	1	741.0441	10	14	0	1	1	0.6904	0.6458
16	450	1	742.5940	12	6	90	0	1	0.6889	0.6155
16	451	1	744.1439	10	14	0	1	1	0.6896	1.0484
16	452	1	745.6938	9	8	0	1	1	0.6903	0.6344
16	453	1	747.2438	11	1	0	1	1	0.6909	0.8617
16	454	1	748.7937	13	15	0	1	1	0.6916	0.7186
16	455	1	750.3436	11	1	90	1	1	0.6923	0.9460
16	456	1	751.8935	12	6	0	1	1	0.6930	0.8348
16	457	1	753.4434	9	8	90	1	1	0.6937	1.1903
16	458	1	754.9933	8	5	0	1	1	0.6943	1.1282
16	459	1	756.5433	5	9	90	1	1	0.6950	0.8428
16	460	1	758.0932	7	4	0	1	1	0.6957	0.6832
16	461	1	759.6431	5	9	0	1	1	0.6963	0.4944
16	462	1	761.1930	4	12	90	-1	0	0.6948	-1.0000
16	463	1	763.2262	3	3	0	1	1	0.6955	0.7834
16	464	1	764.7761	15	11	90	-1	0	0.6940	-1.0000
16	465	1	766.8427	14	7	0	0	1	0.6925	1.4068
16	466	1	768.8093	13	15	0	1	1	0.6931	0.7992
16	467	1	770.3592	10	14	0	1	1	0.6938	0.7228
16	468	1	771.9091	9	8	0	1	1	0.6944	0.6124
16	469	1	773.4590	8	5	0	1	1	0.6951	0.9185
16	470	1	775.0089	5	9	0	1	1	0.6957	0.6165
16	471	1	776.5589	8	5	0	-1	0	0.6943	-1.0000
16	472	1	778.6421	7	4	90	0	1	0.6928	0.7439
16	473	1	780.1920	8	5	90	-1	0	0.6913	-1.0000
16	474	1	782.2585	5	9	90	1	1	0.6920	0.0167
16	475	1	783.8085	8	5	0	1	1	0.6926	0.8880
16	476	1	785.3584	6	2	0	0	1	0.6912	1.4191
16	477	1	787.2916	4	12	90	0	1	0.6897	1.1967
16	478	1	789.0582	7	4	90	1	1	0.6904	0.9822
16	479	1	790.6081	8	5	0	1	1	0.6910	0.9041
16	480	1	792.1580	5	9	0	1	1	0.6917	0.6994
16	481	1	793.7079	8	5	0	1	1	0.6923	0.8615
16	482	1	795.2578	9	8	90	1	1	0.6929	0.9744
16	483	1	796.8078	12	6	0	1	1	0.6936	0.8485
16	484	1	798.3577	9	8	90	1	1	0.6942	0.7397
16	485	1	799.9076	12	6	0	1	1	0.6948	0.6612
16	486	1	801.4575	13	15	90	1	1	0.6955	0.9201
16	487	1	803.0075	14	7	0	0	1	0.6940	1.1941
16	488	1	804.7573	15	11	0	1	1	0.6947	0.9003
16	489	1	806.3073	14	7	0	1	1	0.6953	1.0300
16	490	1	807.8572	15	11	0	1	1	0.6959	0.9352
16	491	1	809.4071	3	3	0	1	1	0.6965	0.9382
16	492	1	810.9570	2	10	0	1	1	0.6972	1.0034
16	493	1	812.5069	14	7	90	1	1	0.6978	1.4704
16	494	1	814.0902	15	11	90	1	1	0.6984	0.9902
16	495	1	815.6401	14	7	90	1	1	0.6990	0.7854
16	496	1	817.1901	15	11	0	1	1	0.6996	0.6753
16	497	1	818.7399	3	3	0	-1	0	0.6982	-1.0000
16	498	1	820.8065	15	11	0	1	1	0.6988	0.8990
16	499	1	822.3564	1	13	0	1	1	0.6994	1.1893
16	500	1	823.9063	14	7	0	1	1	0.7000	0.9991
16	501	1	825.4563	15	11	90	0	1	0.6986	0.8253
16	502	1	827.0062	1	13	0	-1	0	0.6972	-1.0000
16	503	1	829.0727	14	7	0	-1	0	0.6958	-1.0000
16	504	1	831.1226	2	10	90	1	1	0.6964	0.0168
16	505	1	832.6726	14	7	0	1	1	0.6970	0.8557
16	506	1	834.2224	2	10	0	1	1	0.6976	0.7950
16	507	1	835.7723	1	13	0	1	1	0.6982	0.8290
16	508	1	837.3223	2	10	0	1	1	0.6988	1.0390
16	509	1	838.8722	1	13	0	1	1	0.6994	0.7051
16	510	1	840.4221	2	10	0	1	1	0.7000	0.6263
16	511	1	841.9721	15	11	0	1	1	0.7006	0.6446
16	512	1	843.5220	2	10	0	1	1	0.7012	0.6628
16	513	1	845.0718	15	11	0	1	1	0.7018	0.6016
16	514	1	846.6218	2	10	0	1	1	0.7023	0.6026
16	515	1	848.1717	3	3	0	1	1	0.7029	0.7179
16	516	1	849.7216	4	12	0	1	1	0.7035	0.9759
16	517	1	851.2716	3	3	90	1	1	0.7041	1.0566
16	518	1	852.8215	4	12	0	1	1	0.7046	1.0428
16	519	1	854.3714	7	4	0	1	1	0.7052	0.8209
16	520	1	855.9213	5	9	0	1	1	0.7058	0.6641
16	521	1	857.4712	4	12	0	1	1	0.7063	1.3541
16	522	1	859.0212	3	3	0	1	1	0.7069	0.6682
16	523	1	860.5711	4	12	0	1	1	0.7075	0.7669
16	524	1	862.1210	7	4	0	1	1	0.7080	0.6885
16	525	1	863.6709	5	9	0	1	1	0.7086	0.6586
16	526	1	865.2208	8	5	0	1	1	0.7091	0.9009
16	527	1	866.7707	7	4	90	1	1	0.7097	0.9349
16	528	1	868.3206	6	2	90	0	1	0.7083	1.4968
16	529	1	870.3372	4	12	0	1	1	0.7089	0.8074
16	530	1	871.8871	6	2	0	0	1	0.7075	1.2730
16	531	1	873.6704	4	12	0	1	1	0.7081	0.7067
16	532	1	875.2203	6	2	0	1	1	0.7086	1.3173
16	533	1	876.7702	4	12	0	1	1	0.7092	0.7752
16	534	1	878.3201	6	2	0	1	1	0.7097	0.5213
16	535	1	879.8700	4	12	90	1	1	0.7103	0.9714
16	536	1	881.4199	6	2	0	1	1	0.7108	0.5735
16	537	1	882.9699	4	12	90	1	1	0.7114	1.1515
16	538	1	884.5198	7	4	90	1	1	0.7119	0.9301
16	539	1	886.0697	4	12	0	1	1	0.7124	0.8666
16	540	1	887.6196	6	2	0	1	1	0.7130	1.0777
16	541	1	889.1695	7	4	0	1	1	0.7135	0.7602
16	542	1	890.7195	4	12	0	1	1	0.7140	0.8568
16	543	1	892.2694	7	4	0	1	1	0.7145	0.5560
16	544	1	893.8193	5	9	0	1	1	0.7151	0.5102
16	545	1	895.3692	4	12	90	1	1	0.7156	0.8648
16	546	1	896.9191	5	9	0	1	1	0.7161	0.5624
16	547	1	898.4690	6	2	90	-1	0	0.7148	-1.0000
16	548	1	900.5689	8	5	0	1	1	0.7153	0.8633
16	549	1	902.1189	9	8	0	1	1	0.7158	0.7704
16	550	1	903.6688	11	1	0	1	1	0.7164	0.9155
16	551	1	905.2187	13	15	0	1	1	0.7169	0.8535
16	552	1	906.7687	12	6	0	1	1	0.7174	0.8089
16	553	1	908.3185	11	1	0	1	1	0.7179	0.9216
16	554	1	909.8684	12	6	0	1	1	0.7184	0.7490
16	555	1	911.4184	13	15	0	1	1	0.7189	0.7830
16	556	1	912.9683	12	6	0	1	1	0.7194	0.7211
16	557	1	914.5182	11	1	0	1	1	0.7199	0.7711
16	558	1	916.0681	10	14	0	1	1	0.7204	0.8202
16	559	1	917.6180	13	15	0	1	1	0.7209	0.7102
16	560	1	919.1680	14	7	0	0	1	0.7196	1.0802
16	561	1	920.7679	13	15	0	1	1	0.7201	0.6814
16	562	1	922.3178	11	1	0	1	1	0.7206	0.7303
16	563	1	923.8677	13	15	0	1	1	0.7211	0.6217
16	564	1	925.4176	12	6	0	1	1	0.7216	0.7039
16	565	1	926.9675	9	8	0	1	1	0.7221	0.6738
16	566	1	928.5175	8	5	0	1	1	0.7226	1.0599
16	567	1	930.0674	9	8	0	1	1	0.7231	0.6622
16	568	1	931.6172	12	6	90	1	1	0.7236	0.9521
16	569	1	933.1672	11	1	0	1	1	0.7241	0.6662
16	570	1	934.7171	9	8	0	1	1	0.7246	0.6523
16	571	1	936.2670	8	5	0	1	1	0.7250	0.7506
16	572	1	937.8170	6	2	0	1	1	0.7255	1.0073
16	573	1	939.3669	5	9	0	1	1	0.7260	0.6903
16	574	1	940.9167	7	4	0	1	1	0.7265	0.6434
16	575	1	942.4667	6	2	0	1	1	0.7270	0.6776
16	576	1	944.0166	4	12	0	1	1	0.7274	0.7287
16	577	1	945.5666	6	2	0	1	1	0.7279	0.7776
16	578	1	947.1165	5	9	0	1	1	0.7284	0.9247
16	579	1	948.6664	8	5	90	1	1	0.7288	0.8309
16	580	1	950.2163	5	9	0	1	1	0.7293	0.6719
16	581	1	951.7662	7	4	0	1	1	0.7298	0.7071
16	582	1	953.3162	8	5	0	1	1	0.7302	0.8531
16	583	1	954.8661	6	2	0	1	1	0.7307	0.7433
16	584	1	956.4160	4	12	0	1	1	0.7312	0.6483
16	585	1	957.9659	6	2	90	1	1	0.7316	1.0360
16	586	1	959.5158	8	5	0	1	1	0.7321	0.7662
16	587	1	961.0657	9	8	0	1	1	0.7325	0.6876
16	588	1	962.6156	12	6	0	1	1	0.7330	0.8502
16	589	1	964.1656	11	1	0	1	1	0.7334	0.7719
16	590	1	965.7155	12	6	0	1	1	0.7339	0.7406
16	591	1	967.2654	9	8	0	1	1	0.7343	0.6147
16	592	1	968.8153	11	1	90	1	1	0.7348	0.7461
16	593	1	970.3652	9	8	0	1	1	0.7352	0.5726
16	594	1	971.9152	10	14	0	1	1	0.7357	0.7505
16	595	1	973.4651	11	1	0	1	1	0.7361	0.7685
16	596	1	975.0150	10	14	0	1	1	0.7366	0.6412
16	597	1	976.5649	9	8	0	1	1	0.7370	0.6124
16	598	1	978.1148	11	1	0	1	1	0.7375	0.8710
16	599	1	979.6648	9	8	0	1	1	0.7379	0.7765
16	600	1	981.2147	12	6	0	1	1	0.7383	0.7786
16	601	1	1070.2933	13	15	90	-1	0	0.7371	-1.0000
16	602	1	1072.3265	12	6	0	1	1	0.7375	1.0095
16	603	1	1073.8764	11	1	0	1	1	0.7380	0.6921
16	604	1	1075.4263	9	8	0	1	1	0.7384	0.6149
16	605	1	1076.9763	8	5	0	1	1	0.7388	0.8408
16	606	1	1078.5262	5	9	0	1	1	0.7393	0.6030
16	607	1	1080.0761	8	5	0	1	1	0.7397	0.6200
16	608	1	1081.6260	6	2	0	1	1	0.7401	0.8620
16	609	1	1083.1759	7	4	0	1	1	0.7406	0.8655
16	610	1	1084.7258	4	12	90	1	1	0.7410	1.4264
16	611	1	1086.3424	5	9	90	1	1	0.7414	0.7857
16	612	1	1087.8923	7	4	0	1	1	0.7418	0.6452
16	613	1	1089.4423	8	5	0	1	1	0.7423	0.6943
16	614	1	1090.9921	7	4	0	1	1	0.7427	0.6163
16	615	1	1092.5421	6	2	0	1	1	0.7431	0.6192
16	616	1	1094.0920	7	4	0	1	1	0.7435	0.6535
16	617	1	1095.6419	5	9	0	1	1	0.7439	0.6221
16	618	1	1097.1918	7	4	0	1	1	0.7443	0.6418
16	619	1	1098.7418	8	5	0	1	1	0.7447	0.7078
16	620	1	1100.2916	5	9	0	1	1	0.7452	0.5661
16	621	1	1101.8416	7	4	0	1	1	0.7456	0.6144
16	622	1	1103.3915	6	2	0	1	1	0.7460	0.5859
16	623	1	1104.9414	8	5	0	1	1	0.7464	0.5871
16	624	1	1106.4914	6	2	0	1	1	0.7468	0.5263
16	625	1	1108.0412	5	9	90	1	1	0.7472	0.6708
16	626	1	1109.5912	4	12	0	1	1	0.7476	0.8024
16	627	1	1111.1410	7	4	0	1	1	0.7480	0.6590
16	628	1	1112.6910	6	2	0	1	1	0.7484	0.5981
16	629	1	1114.2409	7	4	0	1	1	0.7488	0.5527
16	630	1	1115.7909	5	9	0	1	1	0.7492	0.5549
16	631	1	1117.3408	8	5	90	1	1	0.7496	0.8448
16	632	1	1118.8907	9	8	0	1	1	0.7500	0.6391
16	633	1	1120.4406	12	6	0	1	1	0.7504	0.6246
16	634	1	1121.9905	13	15	0	1	1	0.7508	0.7227
16	635	1	1123.5405	14	7	0	1	1	0.7512	1.2208
16	636	1	1125.0904	13	15	0	1	1	0.7516	0.6457
16	637	1	1126.6403	12	6	90	1	1	0.7520	1.1917
16	638	1	1128.1902	9	8	0	1	1	0.7524	0.6350
16	639	1	1129.7401	8	5	0	1	1	0.7527	0.8770
16	640	1	1131.2900	5	9	0	1	1	0.7531	0.6078
16	641	1	1132.8400	4	12	0	1	1	0.7535	0.7219
16	642	1	1134.3899	6	2	0	1	1	0.7539	0.6741
16	643	1	1135.9398	7	4	90	1	1	0.7543	0.8042
16	644	1	1137.4897	8	5	90	1	1	0.7547	0.8075
16	645	1	1139.0396	9	8	0	1	1	0.7550	0.6176
16	646	1	1140.5895	11	1	0	1	1	0.7554	0.6358
16	647	1	1142.1394	10	14	0	1	1	0.7558	0.6219
16	648	1	1143.6894	11	1	0	1	1	0.7562	0.5747
16	649	1	1145.2393	13	15	0	1	1	0.7565	0.7208
16	650	1	1146.7892	14	7	0	0	1	0.7554	0.6268
16	651	1	1148.3391	1	13	0	1	1	0.7558	0.9808
16	652	1	1149.8890	2	10	0	1	1	0.7561	1.0789
16	653	1	1151.4390	14	7	90	0	1	0.7550	0.6970
16	654	1	1152.9889	2	10	0	1	1	0.7554	0.7324
16	655	1	1154.5387	1	13	0	1	1	0.7557	0.7830
16	656	1	1156.0887	14	7	0	1	1	0.7561	0.8165
16	657	1	1157.6386	15	11	0	1	1	0.7565	0.9464
16	658	1	1159.1885	1	13	0	1	1	0.7568	0.7569
16	659	1	1160.7385	3	3	0	1	1	0.7572	0.6937
16	660	1	1162.2884	2	10	0	1	1	0.7576	0.6483
16	661	1	1163.8383	14	7	90	1	1	0.7579	1.4977
16	662	1	1165.5549	2	10	0	1	1	0.7583	0.8544
16	663	1	1167.1048	15	11	0	1	1	0.7587	0.7925
16	664	1	1168.6547	2	10	0	1	1	0.7590	0.7623
16	665	1	1170.2046	14	7	0	1	1	0.7594	1.0353
16	666	1	1171.7546	2	10	0	1	1	0.7598	0.7990
16	667	1	1173.3045	3	3	0	1	1	0.7601	0.7526
16	668	1	1174.8544	1	13	0	1	1	0.7605	0.8506
16	669	1	1176.4043	3	3	90	0	1	0.7593	0.8052
16	670	1	1177.9542	15	11	90	1	1	0.7597	1.2389
16	671	1	1179.5041	3	3	0	1	1	0.7601	0.6798
16	672	1	1181.0541	2	10	90	1	1	0.7604	0.8587
16	673	1	1182.6040	15	11	90	1	1	0.7608	0.8281
16	674	1	1184.1539	1	13	0	1	1	0.7611	0.7980
16	675	1	1185.7038	2	10	0	1	1	0.7615	0.7697
16	676	1	1187.2537	1	13	0	1	1	0.7618	0.7715
16	677	1	1188.8036	2	10	0	1	1	0.7622	0.7083
16	678	1	1190.3536	3	3	0	1	1	0.7625	0.7122
16	679	1	1191.9035	15	11	0	1	1	0.7629	0.6805
16	680	1	1193.4534	3	3	0	1	1	0.7632	0.6997
16	681	1	1195.0033	15	11	0	1	1	0.7636	0.5885
16	682	1	1196.5532	14	7	0	1	1	0.7639	0.9587
16	683	1	1198.1032	13	15	90	1	1	0.7643	1.0420
16	684	1	1199.6530	10	14	0	1	1	0.7646	0.6761
16	685	1	1201.2030	9	8	0	1	1	0.7650	0.6450
16	686	1	1202.7529	11	1	0	1	1	0.7653	0.6791
16	687	1	1204.3028	10	14	90	1	1	0.7656	1.1304
16	688	1	1205.8528	13	15	0	1	1	0.7660	0.6847
16	689	1	1207.4027	12	6	90	1	1	0.7663	0.8951
16	690	1	1208.9526	10	14	0	1	1	0.7667	0.6397
16	691	1	1210.5024	13	15	0	1	1	0.7670	0.7060
16	692	1	1212.0524	10	14	90	1	1	0.7673	0.7888
16	693	1	1213.6023	11	1	90	1	1	0.7677	0.7415
16	694	1	1215.1523	10	14	0	1	1	0.7680	0.6317
16	695	1	1216.7022	13	15	90	1	1	0.7683	0.9858
16	696	1	1218.2521	14	7	0	1	1	0.7687	0.9559
16	697	1	1219.8020	2	10	0	1	1	0.7690	0.7516
16	698	1	1221.3519	3	3	0	1	1	0.7693	0.7211
16	699	1	1222.9018	4	12	0	1	1	0.7697	0.9940
16	700	1	1224.4517	7	4	0	1	1	0.7700	0.6774
16	701	1	1226.0017	4	12	0	1	1	0.7703	0.7435
16	702	1	1227.5516	6	2	0	1	1	0.7707	0.9057
16	703	1	1229.1015	4	12	0	1	1	0.7710	0.7156
16	704	1	1230.6514	5	9	0	1	1	0.7713	0.6215
16	705	1	1232.2014	4	12	0	1	1	0.7716	0.6226
16	706	1	1233.7513	3	3	0	1	1	0.7720	0.7368
16	707	1	1235.3012	2	10	0	1	1	0.7723	0.5947
16	708	1	1236.8511	1	13	0	1	1	0.7726	0.7567
16	709	1	1238.4010	15	11	0	1	1	0.7729	0.6806
16	710	1	1239.9510	3	3	0	1	1	0.7732	0.6649
16	711	1	1241.5009	15	11	90	0	1	0.7722	0.7951
16	712	1	1243.0508	14	7	0	1	1	0.7725	0.9891
16	713	1	1244.6006	13	15	0	1	1	0.7728	0.8325
16	714	1	1246.1506	11	1	0	1	1	0.7731	0.7214
16	715	1	1247.7005	10	14	0	1	1	0.7734	0.6595
16	716	1	1249.2504	11	1	0	1	1	0.7737	0.6147
16	717	1	1250.8004	13	15	0	1	1	0.7741	0.6968
16	718	1	1252.3503	14	7	0	1	1	0.7744	1.0015
16	719	1	1253.9002	2	10	0	1	1	0.7747	0.8450
16	720	1	1255.4501	15	11	90	1	1	0.7750	1.4391
16	721	1	1257.0334	2	10	90	1	1	0.7753	0.9920
16	722	1	1258.5832	15	11	0	1	1	0.7756	0.7217
16	723	1	1260.1332	1	13	0	0	1	0.7746	0.8201
16	724	1	1261.6831	2	10	90	1	1	0.7749	1.1570
16	725	1	1263.2330	3	3	0	1	1	0.7752	0.7287
16	726	1	1264.7830	1	13	0	1	1	0.7755	1.0809
16	727	1	1266.3329	2	10	0	1	1	0.7758	0.7001
16	728	1	1267.8828	1	13	0	1	1	0.7761	0.7170
16	729	1	1269.4327	14	7	0	-1	0	0.7750	-1.0000
16	730	1	1271.4659	15	11	0	1	1	0.7753	0.7350
16	731	1	1273.0159	2	10	0	1	1	0.7756	0.8977
16	732	1	1274.5657	3	3	0	1	1	0.7760	0.6433
16	733	1	1276.1157	1	13	0	1	1	0.7763	0.6938
16	734	1	1277.6656	3	3	0	1	1	0.7766	0.6462
16	735	1	1279.2155	2	10	90	1	1	0.7769	0.9857
16	736	1	1280.7654	3	3	0	1	1	0.7772	0.6984
16	737	1	1282.3154	15	11	90	1	1	0.7775	1.0045
16	738	1	1283.8653	1	13	0	1	1	0.7778	0.8311
16	739	1	1285.4152	14	7	90	1	1	0.7781	1.4578
16	740	1	1287.0651	13	15	0	1	1	0.7784	0.9588
16	741	1	1288.6150	14	7	0	1	1	0.7787	1.0578
16	742	1	1290.1650	1	13	90	1	1	0.7790	0.9948
16	743	1	1291.7149	3	3	0	1	1	0.7793	0.7588
16	744	1	1293.2648	1	13	0	1	1	0.7796	0.7762
16	745	1	1294.8147	14	7	90	1	1	0.7799	1.0651
16	746	1	1296.3646	13	15	0	1	1	0.7802	0.7473
16	747	1	1297.9145	11	1	0	1	1	0.7805	0.6213
16	748	1	1299.4645	9	8	0	1	1	0.7807	0.6242
16	749	1	1301.0144	10	14	0	0	1	0.7797	1.0106
16	750	1	1302.5976	12	6	0	1	1	0.7800	0.8501
16	751	1	1304.1476	13	15	0	1	1	0.7803	0.7095
16	752	1	1305.6975	14	7	0	1	1	0.7806	1.0475
16	753	1	1307.2474	1	13	90	1	1	0.7809	0.9856
16	754	1	1308.7973	15	11	0	1	1	0.7812	0.7786
16	755	1	1310.3472	2	10	90	1	1	0.7815	0.9417
16	756	1	1311.8971	15	11	0	1	1	0.7817	0.6879
16	757	1	1313.4470	14	7	90	1	1	0.7820	0.9927
16	758	1	1314.9970	2	10	0	1	1	0.7823	0.8830
16	759	1	1316.5469	14	7	0	1	1	0.7826	1.0290
16	760	1	1318.0968	1	13	90	1	1	0.7829	0.8881
16	761	1	1319.6467	3	3	0	1	1	0.7832	0.7624
16	762	1	1321.1966	15	11	0	1	1	0.7835	0.7312
16	763	1	1322.7466	1	13	0	0	1	0.7824	0.7188
16	764	1	1324.2965	2	10	0	1	1	0.7827	0.6724
16	765	1	1325.8464	15	11	90	1	1	0.7830	0.8826
16	766	1	1327.3963	3	3	0	1	1	0.7833	0.6607
16	767	1	1328.9462	2	10	0	1	1	0.7836	0.7417
16	768	1	1330.4962	15	11	0	1	1	0.7839	0.5845
16	769	1	1332.0461	3	3	0	1	1	0.7841	0.6830
16	770	1	1333.5960	2	10	90	1	1	0.7844	0.8919
16	771	1	1335.1459	1	13	0	1	1	0.7847	0.8469
16	772	1	1336.6958	15	11	90	1	1	0.7850	0.8641
16	773	1	1338.2458	14	7	0	1	1	0.7853	1.0754
16	774	1	1339.7956	15	11	0	1	1	0.7855	0.7241
16	775	1	1341.3456	2	10	90	0	1	0.7845	1.0958
16	776	1	1342.9954	3	3	90	1	1	0.7848	0.8536
16	777	1	1344.5454	1	13	0	1	1	0.7851	0.8078
16	778	1	1346.0953	14	7	0	1	1	0.7853	0.7606
16	779	1	1347.6452	1	13	90	1	1	0.7856	0.9397
16	780	1	1349.1952	15	11	0	1	1	0.7859	0.7175
16	781	1	1350.7451	14	7	0	1	1	0.7862	1.0397
16	782	1	1352.2949	15	11	90	1	1	0.7864	0.8181
16	783	1	1353.8449	1	13	0	1	1	0.7867	0.9160
16	784	1	1355.3948	15	11	0	1	1	0.7870	0.7573
16	785	1	1356.9447	1	13	0	1	1	0.7873	0.8241
16	786	1	1358.4947	2	10	0	1	1	0.7875	0.6824
16	787	1	1360.0446	14	7	0	1	1	0.7878	1.0201
16	788	1	1361.5945	1	13	90	1	1	0.7881	0.8785
16	789	1	1363.1444	2	10	0	1	1	0.7883	0.7674
16	790	1	1364.6943	1	13	0	1	1	0.7886	0.8509
16	791	1	1366.2442	2	10	90	1	1	0.7889	1.0126
16	792	1	1367.7942	1	13	90	1	1	0.7891	0.8547
16	793	1	1369.3441	3	3	0	1	1	0.7894	0.7278
16	794	1	1370.8940	1	13	0	1	1	0.7897	0.7939
16	795	1	1372.4439	2	10	0	1	1	0.7899	0.7172
16	796	1	1373.9938	15	11	90	1	1	0.7902	0.8633
16	797	1	1375.5438	3	3	0	1	1	0.7905	0.7699
16	798	1	1377.0937	1	13	0	1	1	0.7907	0.7861
16	799	1	1378.6435	15	11	0	1	1	0.7910	0.7574
16	800	1	1380.1935	14	7	0	1	1	0.7913	1.0153
16	801	1	1381.7434	15	11	90	1	1	0.7915	0.8101
16	802	1	1383.2933	2	10	0	1	1	0.7918	0.7160
16	803	1	1384.8433	1	13	0	1	1	0.7920	0.8130
16	804	1	1386.3932	3	3	0	1	1	0.7923	0.7038
16	805	1	1387.9431	4	12	0	1	1	0.7925	0.8495
16	806	1	1389.4930	6	2	0	1	1	0.7928	0.8203
16	807	1	1391.0429	8	5	0	1	1	0.7931	0.8859
16	808	1	1392.5929	6	2	0	1	1	0.7933	0.7443
16	809	1	1394.1428	8	5	0	1	1	0.7936	0.8582
16	810	1	1395.6927	6	2	0	1	1	0.7938	0.6531
16	811	1	1397.2426	4	12	0	1	1	0.7941	1.0384
16	812	1	1398.7925	6	2	0	1	1	0.7943	0.6245
16	813	1	1400.3425	4	12	0	1	1	0.7946	0.5944
16	814	1	1401.8924	5	9	0	1	1	0.7948	0.8193
16	815	1	1403.4422	7	4	0	1	1	0.7951	0.6787
16	816	1	1404.9922	6	2	0	1	1	0.7953	0.7292
16	817	1	1406.5421	8	5	0	1	1	0.7956	0.7147
16	818	1	1408.0920	6	2	0	1	1	0.7958	0.6691
16	819	1	1409.6420	8	5	0	1	1	0.7961	0.6718
16	820	1	1411.1919	9	8	0	1	1	0.7963	0.6251
16	821	1	1412.7417	10	14	90	0	1	0.7954	1.2677
16	822	1	1414.6084	12	6	0	1	1	0.7956	0.7755
16	823	1	1416.1583	11	1	0	1	1	0.7959	0.8747
16	824	1	1417.7082	12	6	0	1	1	0.7961	0.6836
16	825	1	1419.2581	10	14	0	1	1	0.7964	0.9575
16	826	1	1420.8080	11	1	0	1	1	0.7966	0.6238
16	827	1	1422.3580	12	6	0	1	1	0.7969	0.6108
16	828	1	1423.9079	9	8	0	1	1	0.7971	0.7092
16	829	1	1425.4578	10	14	90	1	1	0.7973	1.1755
16	830	1	1427.0077	9	8	0	1	1	0.7976	0.6173
16	831	1	1428.5576	12	6	0	1	1	0.7978	0.6671
16	832	1	1430.1075	10	14	0	1	1	0.7981	1.0374
16	833	1	1431.6574	9	8	0	1	1	0.7983	0.6234
16	834	1	1433.2074	12	6	0	1	1	0.7986	0.6421
16	835	1	1434.7573	11	1	90	1	1	0.7988	0.8676
16	836	1	1436.3072	12	6	0	1	1	0.7990	0.6445
16	837	1	1437.8571	13	15	0	1	1	0.7993	0.6959
16	838	1	1439.4070	11	1	0	1	1	0.7995	0.6017
16	839	1	1440.9569	9	8	0	1	1	0.7998	0.6200
16	840	1	1442.5069	10	14	0	1	1	0.8000	0.8621
16	841	1	1444.0568	9	8	90	0	1	0.7990	0.6549
16	842	1	1445.6067	12	6	0	1	1	0.7993	1.1375
16	843	1	1447.1566	10	14	0	1	1	0.7995	0.7884
16	844	1	1448.7065	13	15	0	1	1	0.7998	0.6931
16	845	1	1450.2565	14	7	90	-1	0	0.7988	-1.0000
16	846	1	1452.3897	2	10	0	1	1	0.7991	0.8355
16	847	1	1453.9396	1	13	0	1	1	0.7993	1.0617
16	848	1	1455.4895	2	10	90	0	1	0.7983	0.7114
16	849	1	1457.0395	14	7	90	-1	0	0.7974	-1.0000
16	850	1	1459.0727	1	13	0	1	1	0.7976	0.8083
16	851	1	1460.6226	3	3	0	1	1	0.7979	0.7778
16	852	1	1462.1725	4	12	0	1	1	0.7981	0.8442
16	853	1	1463.7224	3	3	90	1	1	0.7984	0.8943
16	854	1	1465.2723	1	13	0	1	1	0.7986	0.7515
16	855	1	1466.8222	14	7	0	1	1	0.7988	1.0587
16	856	1	1468.3722	15	11	90	1	1	0.7991	0.9487
16	857	1	1469.9220	3	3	0	1	1	0.7993	0.7272
16	858	1	1471.4720	15	11	0	1	1	0.7995	0.6956
16	859	1	1473.0219	14	7	0	1	1	0.7998	1.1628
16	860	1	1474.5718	15	11	0	1	1	0.8000	0.8278
16	861	1	1476.1218	3	3	90	1	1	0.8002	0.8471
16	862	1	1477.6716	2	10	90	1	1	0.8005	1.0080
16	863	1	1479.2216	15	11	0	1	1	0.8007	0.7702
16	864	1	1480.7715	14	7	0	1	1	0.8009	1.1254
16	865	1	1482.3214	13	15	0	0	1	0.8000	0.8222
16	866	1	1483.9214	10	14	0	1	1	0.8002	1.1440
16	867	1	1485.4712	11	1	0	1	1	0.8005	0.7139
16	868	1	1487.0212	10	14	0	1	1	0.8007	0.7639
16	869	1	1488.5711	11	1	0	1	1	0.8009	0.6205
16	870	1	1490.1210	9	8	0	1	1	0.8011	0.6722
16	871	1	1491.6709	12	6	90	1	1	0.8014	1.1060
16	872	1	1493.2209	10	14	0	1	1	0.8016	0.7868
16	873	1	1494.7708	11	1	90	1	1	0.8018	0.7905
16	874	1	1496.3207	13	15	90	1	1	0.8021	0.8079
16	875	1	1497.8706	14	7	0	1	1	0.8023	1.0490
16	876	1	1499.4205	1	13	0	1	1	0.8025	0.6844
16	877	1	1500.9704	14	7	0	1	1	0.8027	0.7185
16	878	1	1502.5204	13	15	0	1	1	0.8030	0.9286
16	879	1	1504.0703	10	14	0	1	1	0.8032	0.6264
16	880	1	1505.6202	12	6	0	1	1	0.8034	0.7554
16	881	1	1507.1701	11	1	0	1	1	0.8036	0.6786
16	882	1	1508.7201	13	15	0	1	1	0.8039	0.6963
16	883	1	1510.2700	14	7	0	1	1	0.8041	1.4341
16	884	1	1511.8532	2	10	90	1	1	0.8043	0.9704
16	885	1	1513.4031	14	7	90	-1	0	0.8034	-1.0000
16	886	1	1515.4530	13	15	0	1	1	0.8036	0.6837
16	887	1	1517.0029	12	6	0	1	1	0.8038	0.7007
16	888	1	1518.5528	13	15	0	1	1	0.8041	1.1685
16	889	1	1520.1028	10	14	0	1	1	0.8043	0.8826
16	890	1	1521.6527	13	15	0	1	1	0.8045	0.6271
16	891	1	1523.2026	12	6	90	1	1	0.8047	1.0795
16	892	1	1524.7525	11	1	0	1	1	0.8049	0.6963
16	893	1	1526.3024	9	8	90	1	1	0.8052	0.8412
16	894	1	1527.8524	12	6	0	1	1	0.8054	0.8272
16	895	1	1529.4022	10	14	0	1	1	0.8056	0.6705
16	896	1	1530.9522	13	15	0	1	1	0.8058	0.7056
16	897	1	1532.5021	10	14	0	1	1	0.8060	0.6906
16	898	1	1534.0520	9	8	0	1	1	0.8062	0.6278
16	899	1	1535.6020	12	6	0	1	1	0.8065	0.7270
16	900	1	1537.1518	11	1	0	1	1	0.8067	0.5849
16	901	1	1538.7018	12	6	90	1	1	0.8069	0.7781
16	902	1	1540.2517	9	8	0	1	1	0.8071	0.6372
16	903	1	1541.8016	12	6	0	1	1	0.8073	0.6552
16	904	1	1543.3515	11	1	0	1	1	0.8075	0.6411
16	905	1	1544.9015	10	14	90	1	1	0.8077	0.7714
16	906	1	1546.4514	9	8	0	1	1	0.8079	0.6282
16	907	1	1548.0013	11	1	90	1	1	0.8082	0.6958
16	908	1	1549.5512	12	6	90	1	1	0.8084	0.8731
16	909	1	1551.1011	11	1	0	1	1	0.8086	0.7002
16	910	1	1552.6510	12	6	0	1	1	0.8088	0.7658
16	911	1	1554.2010	9	8	0	1	1	0.8090	0.5759
16	912	1	1555.7509	10	14	0	1	1	0.8092	0.5784
16	913	1	1557.3008	9	8	0	1	1	0.8094	0.5488
16	914	1	1558.8507	12	6	0	1	1	0.8096	0.7088
16	915	1	1560.4006	13	15	0	1	1	0.8098	0.7764
16	916	1	1561.9505	10	14	0	1	1	0.8100	0.6666
16	917	1	1563.5005	9	8	0	1	1	0.8103	0.6203
16	918	1	1565.0504	11	1	0	1	1	0.8105	0.6212
16	919	1	1566.6003	13	15	0	1	1	0.8107	0.6568
16	920	1	1568.1502	12	6	0	1	1	0.8109	0.6894
16	921	1	1569.7001	11	1	90	1	1	0.8111	0.7731
16	922	1	1571.2501	9	8	90	1	1	0.8113	0.9015
16	923	1	1572.8000	8	5	90	1	1	0.8115	0.8716
16	924	1	1574.3499	9	8	0	1	1	0.8117	0.7628
16	925	1	1575.8998	10	14	0	1	1	0.8119	0.7971
16	926	1	1577.4497	11	1	0	1	1	0.8121	0.5274
16	927	1	1578.9996	10	14	0	1	1	0.8123	0.5771
16	928	1	1580.5496	12	6	0	1	1	0.8125	0.6901
16	929	1	1582.0995	9	8	90	1	1	0.8127	0.6602
16	930	1	1583.6494	10	14	0	1	1	0.8129	0.5513
16	931	1	1585.1993	11	1	0	1	1	0.8131	0.6162
16	932	1	1586.7492	9	8	0	1	1	0.8133	0.6357
16	933	1	1588.2992	11	1	0	1	1	0.8135	0.6525
16	934	1	1589.8491	12	6	90	1	1	0.8137	0.7998
16	935	1	1591.3990	9	8	0	1	1	0.8139	0.6740
16	936	1	1592.9489	10	14	0	1	1	0.8141	0.6270
16	937	1	1594.4988	9	8	90	1	1	0.8143	0.7248
16	938	1	1596.0487	10	14	0	1	1	0.8145	0.6163
16	939	1	1597.5987	11	1	0	1	1	0.8147	0.6503
16	940	1	1599.1486	9	8	90	1	1	0.8149	0.7314
16	941	1	1600.6985	10	14	90	1	1	0.8151	0.8308
16	942	1	1602.2484	13	15	0	1	1	0.8153	0.5924
16	943	1	1603.7983	11	1	0	1	1	0.8155	0.6265
16	944	1	1605.3483	10	14	0	1	1	0.8157	0.5153
16	945	1	1606.8981	11	1	90	1	1	0.8159	0.6468
16	946	1	1608.4481	13	15	0	1	1	0.8161	0.6647
16	947	1	1609.9980	14	7	90	0	1	0.8152	1.3554
16	948	1	1611.8812	2	10	0	1	1	0.8154	0.7834
16	949	1	1613.4312	3	3	0	1	1	0.8156	0.6084
16	950	1	1614.9811	15	11	90	1	1	0.8158	0.8505
16	951	1	1616.5310	1	13	0	1	1	0.8160	0.9486
16	952	1	1618.0809	2	10	0	1	1	0.8162	0.6948
16	953	1	1619.6308	15	11	0	1	1	0.8164	0.5703
16	954	1	1621.1807	3	3	90	1	1	0.8166	0.8121
16	955	1	1622.7307	1	13	0	1	1	0.8168	0.6706
16	956	1	1624.2806	3	3	0	1	1	0.8169	0.6726
16	957	1	1625.8305	1	13	0	1	1	0.8171	0.7055
16	958	1	1627.3804	2	10	0	1	1	0.8173	0.7088
16	959	1	1628.9303	3	3	0	1	1	0.8175	0.7893
16	960	1	1630.4803	15	11	0	1	1	0.8177	0.5362
16	961	1	1632.0301	2	10	90	1	1	0.8179	0.8585
16	962	1	1633.5801	15	11	90	1	1	0.8181	0.6674
16	963	1	1635.1300	3	3	0	1	1	0.8183	0.5745
16	964	1	1636.6799	15	11	90	1	1	0.8185	0.6237
16	965	1	1638.2298	1	13	0	1	1	0.8187	0.7856
16	966	1	1639.7798	15	11	0	1	1	0.8188	0.6276
16	967	1	1641.3297	2	10	0	1	1	0.8190	0.6954
16	968	1	1642.8796	14	7	0	1	1	0.8192	1.0971
16	969	1	1644.4295	1	13	0	1	1	0.8194	0.6507
16	970	1	1645.9794	3	3	0	1	1	0.8196	0.6361
16	971	1	1647.5294	4	12	0	1	1	0.8198	0.8141
16	972	1	1649.0793	5	9	0	1	1	0.8200	0.6096
16	973	1	1650.6292	8	5	0	1	1	0.8201	0.7717
16	974	1	1652.1791	7	4	90	1	1	0.8203	0.7884
16	975	1	1653.7290	4	12	0	1	1	0.8205	0.7117
16	976	1	1655.2789	6	2	0	1	1	0.8207	1.0183
16	977	1	1656.8289	8	5	0	1	1	0.8209	0.7964
16	978	1	1658.3788	5	9	0	1	1	0.8211	0.5905
16	979	1	1659.9287	4	12	0	1	1	0.8212	0.6721
16	980	1	1661.4786	5	9	0	1	1	0.8214	0.5774
16	981	1	1663.0285	6	2	0	1	1	0.8216	0.7396
16	982	1	1664.5784	5	9	0	1	1	0.8218	0.5821
16	983	1	1666.1284	6	2	0	1	1	0.8220	0.5684
16	984	1	1667.6782	4	12	0	1	1	0.8222	0.5694
16	985	1	1669.2282	5	9	0	1	1	0.8223	0.5092
16	986	1	1670.7781	6	2	0	1	1	0.8225	0.5428
16	987	1	1672.3280	4	12	0	1	1	0.8227	0.6893
16	988	1	1673.8779	3	3	0	1	1	0.8229	0.6896
16	989	1	1675.4279	1	13	0	1	1	0.8231	0.6767
16	990	1	1676.9778	3	3	0	1	1	0.8232	0.6298
16	991	1	1678.5277	2	10	0	1	1	0.8234	0.5839
16	992	1	1680.0776	1	13	0	1	1	0.8236	0.6833
16	993	1	1681.6275	14	7	90	1	1	0.8238	1.3735
16	994	1	1683.1775	2	10	0	1	1	0.8239	0.6553
16	995	1	1684.7274	14	7	90	1	1	0.8241	0.9440
16	996	1	1686.2772	13	15	0	1	1	0.8243	0.8036
16	997	1	1687.8272	12	6	0	1	1	0.8245	0.8695
16	998	1	1689.3771	10	14	0	1	1	0.8246	0.6319
16	999	1	1690.9271	13	15	0	1	1	0.8248	0.6656
16	1000	1	1692.4770	14	7	0	1	1	0.8250	1.3881
16	1001	1	1694.0269	2	10	0	1	1	0.8252	0.8938
16	1002	1	1695.5768	1	13	90	1	1	0.8253	0.8631
16	1003	1	1697.1267	15	11	0	1	1	0.8255	0.7541
16	1004	1	1698.6766	14	7	0	1	1	0.8257	0.9001
16	1005	1	1700.2266	2	10	0	1	1	0.8259	0.5979
16	1006	1	1701.7765	15	11	90	1	1	0.8260	0.8559
16	1007	1	1703.3264	1	13	0	1	1	0.8262	0.7779
16	1008	1	1704.8763	3	3	0	1	1	0.8264	0.6671
16	1009	1	1706.4262	4	12	90	0	1	0.8256	0.6225
16	1010	1	1707.9761	7	4	0	1	1	0.8257	0.8966
16	1011	1	1709.5261	8	5	0	1	1	0.8259	0.8015
16	1012	1	1711.0760	9	8	0	1	1	0.8261	0.6770
16	1013	1	1712.6259	10	14	0	1	1	0.8263	0.6310
16	1014	1	1714.1758	9	8	0	1	1	0.8264	0.6798
16	1015	1	1715.7257	8	5	0	1	1	0.8266	0.9546
16	1016	1	1717.2757	6	2	90	1	1	0.8268	0.8597
16	1017	1	1718.8256	4	12	0	1	1	0.8269	0.6876
16	1018	1	1720.3755	7	4	0	1	1	0.8271	0.6256
16	1019	1	1721.9254	4	12	90	1	1	0.8273	0.7714
16	1020	1	1723.4753	5	9	90	1	1	0.8275	0.7401
16	1021	1	1725.0252	8	5	90	1	1	0.8276	0.8221
16	1022	1	1726.5752	6	2	0	1	1	0.8278	0.6483
16	1023	1	1728.1251	4	12	0	1	1	0.8280	0.6195
16	1024	1	1729.6750	6	2	0	1	1	0.8281	0.5576
16	1025	1	1731.2249	7	4	0	1	1	0.8283	0.6078
16	1026	1	1732.7748	6	2	0	1	1	0.8285	0.5930
16	1027	1	1734.3247	7	4	90	1	1	0.8286	0.7559
16	1028	1	1735.8747	5	9	0	0	1	0.8278	0.6945
16	1029	1	1737.4246	7	4	0	1	1	0.8280	0.6309
16	1030	1	1738.9745	8	5	0	1	1	0.8282	0.7785
16	1031	1	1740.5244	7	4	90	1	1	0.8283	0.8603
16	1032	1	1742.0743	5	9	0	1	1	0.8285	0.6387
16	1033	1	1743.6243	7	4	0	1	1	0.8287	0.8153
16	1034	1	1745.1741	5	9	0	1	1	0.8288	0.5626
16	1035	1	1746.7241	7	4	90	1	1	0.8290	0.7408
16	1036	1	1748.2740	5	9	90	1	1	0.8292	0.7906
16	1037	1	1749.8239	4	12	0	1	1	0.8293	0.6325
16	1038	1	1751.3738	6	2	0	1	1	0.8295	0.5875
16	1039	1	1752.9237	5	9	0	1	1	0.8296	0.5887
16	1040	1	1754.4737	7	4	90	1	1	0.8298	0.7356
16	1041	1	1756.0236	5	9	90	1	1	0.8300	0.6718
16	1042	1	1757.5735	6	2	90	1	1	0.8301	0.9470
16	1043	1	1759.1234	7	4	0	1	1	0.8303	0.7252
16	1044	1	1760.6733	5	9	0	1	1	0.8305	0.6141
16	1045	1	1762.2233	6	2	0	1	1	0.8306	0.5844
16	1046	1	1763.7732	8	5	90	1	1	0.8308	0.9079
16	1047	1	1765.3231	7	4	0	1	1	0.8309	0.9423
16	1048	1	1766.8730	6	2	0	1	1	0.8311	0.7357
16	1049	1	1768.4229	5	9	0	1	1	0.8313	0.5936
16	1050	1	1769.9729	8	5	0	1	1	0.8314	0.8032
16	1051	1	1771.5228	7	4	0	1	1	0.8316	0.5977
16	1052	1	1773.0726	5	9	0	1	1	0.8317	0.5361
16	1053	1	1774.6226	8	5	0	1	1	0.8319	0.7773
16	1054	1	1776.1725	6	2	0	1	1	0.8321	0.6191
16	1055	1	1777.7225	5	9	0	1	1	0.8322	0.5422
16	1056	1	1779.2724	4	12	0	1	1	0.8324	0.6550
16	1057	1	1780.8223	3	3	0	1	1	0.8325	0.6102
16	1058	1	1782.3722	4	12	0	1	1	0.8327	0.6615
16	1059	1	1783.9221	3	3	90	1	1	0.8329	0.8052
16	1060	1	1785.4720	1	13	0	1	1	0.8330	0.7284
16	1061	1	1787.0220	15	11	0	1	1	0.8332	0.6174
16	1062	1	1788.5719	14	7	0	1	1	0.8333	0.7157
16	1063	1	1790.1218	2	10	0	1	1	0.8335	0.6707
16	1064	1	1791.6717	15	11	0	1	1	0.8336	0.5601
16	1065	1	1793.2216	2	10	90	1	1	0.8338	0.8192
16	1066	1	1794.7715	3	3	0	1	1	0.8340	0.6456
16	1067	1	1796.3215	4	12	90	1	1	0.8341	0.8877
16	1068	1	1797.8714	5	9	0	1	1	0.8343	0.6336
16	1069	1	1799.4213	7	4	0	1	1	0.8344	0.6832
16	1070	1	1800.9712	6	2	0	1	1	0.8346	0.9416
16	1071	1	1802.5211	4	12	0	1	1	0.8347	0.7195
16	1072	1	1804.0710	3	3	0	1	1	0.8349	0.6417
16	1073	1	1805.6210	4	12	0	1	1	0.8350	0.5961
16	1074	1	1807.1709	3	3	90	1	1	0.8352	0.7578
16	1075	1	1808.7208	1	13	0	1	1	0.8353	0.8555
16	1076	1	1810.2707	2	10	0	1	1	0.8355	0.9382
16	1077	1	1811.8207	14	7	0	1	1	0.8357	0.8763
16	1078	1	1813.3705	15	11	0	1	1	0.8358	0.7488
16	1079	1	1814.9204	3	3	0	1	1	0.8360	0.5921
16	1080	1	1816.4704	1	13	0	1	1	0.8361	0.6898
16	1081	1	1818.0203	14	7	0	1	1	0.8363	0.6922
16	1082	1	1819.5702	2	10	0	1	1	0.8364	0.5332
16	1083	1	1821.1202	14	7	90	1	1	0.8366	0.8243
16	1084	1	1822.6701	2	10	0	1	1	0.8367	0.6985
16	1085	1	1824.2200	1	13	0	1	1	0.8369	0.6994
16	1086	1	1825.7699	2	10	0	1	1	0.8370	0.5905
16	1087	1	1827.3198	3	3	0	1	1	0.8372	0.6569
16	1088	1	1828.8697	1	13	0	1	1	0.8373	0.6587
16	1089	1	1830.4196	15	11	90	1	1	0.8375	0.8050
16	1090	1	1831.9695	14	7	0	1	1	0.8376	0.6299
16	1091	1	1833.5195	2	10	0	1	1	0.8378	0.7280
16	1092	1	1835.0694	1	13	0	1	1	0.8379	0.7791
16	1093	1	1836.6193	14	7	0	1	1	0.8381	0.7814
16	1094	1	1838.1692	13	15	90	1	1	0.8382	0.8622
16	1095	1	1839.7192	10	14	90	1	1	0.8384	0.6883
16	1096	1	1841.2691	12	6	90	1	1	0.8385	0.9155
16	1097	1	1842.8190	11	1	0	1	1	0.8387	0.6123
16	1098	1	1844.3689	10	14	0	1	1	0.8388	0.5025
16	1099	1	1845.9188	13	15	90	1	1	0.8389	0.8417
16	1100	1	1847.4687	11	1	0	1	1	0.8391	0.5705
16	1101	1	1849.0187	12	6	0	1	1	0.8392	0.8290
16	1102	1	1850.5686	9	8	0	1	1	0.8394	0.6078
16	1103	1	1852.1185	12	6	90	1	1	0.8395	0.7688
16	1104	1	1853.6684	9	8	0	1	1	0.8397	0.5643
16	1105	1	1855.2184	12	6	0	1	1	0.8398	0.6465
16	1106	1	1856.7683	13	15	0	1	1	0.8400	0.6630
16	1107	1	1858.3182	14	7	0	1	1	0.8401	0.8267
16	1108	1	1859.8681	13	15	0	1	1	0.8403	0.6526
16	1109	1	1861.4180	11	1	0	1	1	0.8404	0.5589
16	1110	1	1862.9679	9	8	90	1	1	0.8405	0.9448
16	1111	1	1864.5178	8	5	0	1	1	0.8407	0.8337
16	1112	1	1866.0677	7	4	0	1	1	0.8408	0.6612
16	1113	1	1867.6176	8	5	0	1	1	0.8410	0.5826
16	1114	1	1869.1676	5	9	0	1	1	0.8411	0.5849
16	1115	1	1870.7175	8	5	0	1	1	0.8413	0.6671
16	1116	1	1872.2674	7	4	0	1	1	0.8414	0.6210
16	1117	1	1873.8174	5	9	0	1	1	0.8415	0.6392
16	1118	1	1875.3673	6	2	0	1	1	0.8417	0.5934
16	1119	1	1876.9172	8	5	0	1	1	0.8418	0.5478
16	1120	1	1878.4671	7	4	0	1	1	0.8420	0.5176
16	1121	1	1880.0170	8	5	90	1	1	0.8421	0.7915
16	1122	1	1881.5669	7	4	0	1	1	0.8422	0.5534
16	1123	1	1883.1168	5	9	90	1	1	0.8424	0.7465
16	1124	1	1884.6667	6	2	0	1	1	0.8425	0.7019
16	1125	1	1886.2167	5	9	0	1	1	0.8427	0.5756
16	1126	1	1887.7666	4	12	0	1	1	0.8428	0.6105
16	1127	1	1889.3165	3	3	0	1	1	0.8429	0.6924
16	1128	1	1890.8664	1	13	0	1	1	0.8431	0.6609
16	1129	1	1892.4163	15	11	0	1	1	0.8432	0.7750
16	1130	1	1893.9663	1	13	0	1	1	0.8434	0.5545
16	1131	1	1895.5162	15	11	0	1	1	0.8435	0.5564
16	1132	1	1897.0661	14	7	0	1	1	0.8436	0.8463
16	1133	1	1898.6160	13	15	0	0	1	0.8429	0.7690
16	1134	1	1900.1659	11	1	0	1	1	0.8430	0.7390
16	1135	1	1901.7158	9	8	0	1	1	0.8432	0.5960
16	1136	1	1903.2658	10	14	90	1	1	0.8433	1.1273
16	1137	1	1904.8157	12	6	90	1	1	0.8434	0.8716
16	1138	1	1906.3656	9	8	0	1	1	0.8436	0.5696
16	1139	1	1907.9155	11	1	0	1	1	0.8437	0.4757
16	1140	1	1909.4654	12	6	0	1	1	0.8439	0.6539
16	1141	1	1911.0153	10	14	0	1	1	0.8440	0.5775
16	1142	1	1912.5653	9	8	0	1	1	0.8441	0.5951
16	1143	1	1914.1152	11	1	0	1	1	0.8443	0.5812
16	1144	1	1915.6651	13	15	90	1	1	0.8444	0.7278
16	1145	1	1917.2151	12	6	90	1	1	0.8445	0.7928
16	1146	1	1918.7650	13	15	0	1	1	0.8447	0.6355
16	1147	1	1920.3149	10	14	90	1	1	0.8448	0.7004
16	1148	1	1921.8647	9	8	90	1	1	0.8449	0.7345
16	1149	1	1923.4147	8	5	90	1	1	0.8451	0.7698
16	1150	1	1924.9646	6	2	0	1	1	0.8452	0.6266
16	1151	1	1926.5146	4	12	0	1	1	0.8454	0.6456
16	1152	1	1928.0645	7	4	0	1	1	0.8455	0.6647
16	1153	1	1929.6144	4	12	0	1	1	0.8456	0.6182
16	1154	1	1931.1643	3	3	0	1	1	0.8458	0.7323
16	1155	1	1932.7142	4	12	0	1	1	0.8459	0.6531
16	1156	1	1934.2642	3	3	0	1	1	0.8460	0.6711
16	1157	1	1935.8141	4	12	90	1	1	0.8462	0.9452
16	1158	1	1937.3640	3	3	0	1	1	0.8463	0.7233
16	1159	1	1938.9139	15	11	0	1	1	0.8464	0.5667
16	1160	1	1940.4638	14	7	0	1	1	0.8466	1.0326
16	1161	1	1942.0137	2	10	0	1	1	0.8467	0.7951
16	1162	1	1943.5636	14	7	0	1	1	0.8468	0.5248
16	1163	1	1945.1135	1	13	90	1	1	0.8469	0.8937
16	1164	1	1946.6635	14	7	0	1	1	0.8471	0.8163
16	1165	1	1948.2134	2	10	0	1	1	0.8472	0.7230
16	1166	1	1949.7633	1	13	0	1	1	0.8473	0.6611
16	1167	1	1951.3132	2	10	90	1	1	0.8475	0.8551
16	1168	1	1952.8632	3	3	0	1	1	0.8476	0.5853
16	1169	1	1954.4131	2	10	90	1	1	0.8477	0.7941
16	1170	1	1955.9630	1	13	0	1	1	0.8479	0.7658
16	1171	1	1957.5129	2	10	0	1	1	0.8480	0.5596
16	1172	1	1959.0628	1	13	0	1	1	0.8481	0.6894
16	1173	1	1960.6128	14	7	0	1	1	0.8483	0.6425
16	1174	1	1962.1627	2	10	0	1	1	0.8484	0.6617
16	1175	1	1963.7126	15	11	0	1	1	0.8485	0.6636
16	1176	1	1965.2625	14	7	0	1	1	0.8486	0.7619
16	1177	1	1966.8124	1	13	0	1	1	0.8488	0.7155
16	1178	1	1968.3623	3	3	0	1	1	0.8489	0.6061
16	1179	1	1969.9122	2	10	90	0	1	0.8482	0.7033
16	1180	1	1971.4622	1	13	0	1	1	0.8483	0.6584
16	1181	1	1973.0121	2	10	90	1	1	0.8484	0.8683
16	1182	1	1974.5620	15	11	0	1	1	0.8486	0.6946
16	1183	1	1976.1119	1	13	0	1	1	0.8487	0.5848
16	1184	1	1977.6618	14	7	0	1	1	0.8488	0.6819
16	1185	1	1979.2118	2	10	90	1	1	0.8489	0.8291
16	1186	1	1980.7617	15	11	0	1	1	0.8491	0.6376
16	1187	1	1982.3116	2	10	0	1	1	0.8492	0.8008
16	1188	1	1983.8615	15	11	0	1	1	0.8493	0.5628
16	1189	1	1985.4114	14	7	0	1	1	0.8495	0.9649
16	1190	1	1986.9614	2	10	0	1	1	0.8496	0.7258
16	1191	1	1988.5113	1	13	0	1	1	0.8497	0.7119
16	1192	1	1990.0612	2	10	0	1	1	0.8498	0.6197
16	1193	1	1991.6111	15	11	0	1	1	0.8500	0.4612
16	1194	1	1993.1610	1	13	90	1	1	0.8501	0.7182
16	1195	1	1994.7109	2	10	0	1	1	0.8502	0.5774
16	1196	1	1996.2608	15	11	0	1	1	0.8503	0.4984
16	1197	1	1997.8108	14	7	0	1	1	0.8505	0.9325
16	1198	1	1999.3607	1	13	0	1	1	0.8506	0.7909
16	1199	1	2000.9106	3	3	0	1	1	0.8507	0.7142
16	1200	1	2002.4605	4	12	0	1	1	0.8508	0.8119
16	1201	1	2004.0104	5	9	0	1	1	0.8510	0.5732
16	1202	1	2005.5604	7	4	0	1	1	0.8511	0.5925
16	1203	1	2007.1103	6	2	0	1	1	0.8512	0.6103
16	1204	1	2008.6602	5	9	0	1	1	0.8513	0.5646
16	1205	1	2010.2101	8	5	0	1	1	0.8515	0.6943
16	1206	1	2011.7600	9	8	0	1	1	0.8516	0.6010
16	1207	1	2013.3100	8	5	0	1	1	0.8517	0.6492
16	1208	1	2014.8599	6	2	0	1	1	0.8518	0.6358
16	1209	1	2016.4098	8	5	0	1	1	0.8519	0.7502
16	1210	1	2017.9597	9	8	0	1	1	0.8521	0.5767
16	1211	1	2019.5096	8	5	0	1	1	0.8522	0.6425
16	1212	1	2021.0595	9	8	0	1	1	0.8523	0.5161
16	1213	1	2022.6095	10	14	90	1	1	0.8524	0.7738
16	1214	1	2024.1594	13	15	0	0	1	0.8517	0.6958
16	1215	1	2025.7093	14	7	0	1	1	0.8519	1.0348
16	1216	1	2027.2592	2	10	0	1	1	0.8520	0.7651
16	1217	1	2028.8091	14	7	0	1	1	0.8521	0.6072
16	1218	1	2030.3591	13	15	0	1	1	0.8522	0.8011
16	1219	1	2031.9090	11	1	0	1	1	0.8523	0.6598
16	1220	1	2033.4589	9	8	0	1	1	0.8525	0.6771
16	1221	1	2035.0088	10	14	0	1	1	0.8526	0.6468
16	1222	1	2036.5587	9	8	0	1	1	0.8527	0.6004
16	1223	1	2038.1086	10	14	0	1	1	0.8528	0.5878
16	1224	1	2039.6585	9	8	0	1	1	0.8529	0.5584
16	1225	1	2041.2085	11	1	0	1	1	0.8531	0.6558
16	1226	1	2042.7584	12	6	0	1	1	0.8532	0.8328
16	1227	1	2044.3083	9	8	90	1	1	0.8533	1.0122
16	1228	1	2045.8582	11	1	0	1	1	0.8534	0.6609
16	1229	1	2047.4081	9	8	0	1	1	0.8535	0.5999
16	1230	1	2048.9581	10	14	0	1	1	0.8537	0.5702
16	1231	1	2050.5080	13	15	0	1	1	0.8538	0.6683
16	1232	1	2052.0579	10	14	90	1	1	0.8539	0.7973
16	1233	1	2053.6078	12	6	90	1	1	0.8540	0.8646
16	1234	1	2055.1577	10	14	0	1	1	0.8541	0.5951
16	1235	1	2056.7076	11	1	0	1	1	0.8543	0.5474
16	1236	1	2058.2576	10	14	0	1	1	0.8544	0.5671
16	1237	1	2059.8074	11	1	0	1	1	0.8545	0.5998
16	1238	1	2061.3574	9	8	0	1	1	0.8546	0.6189
16	1239	1	2062.9073	8	5	0	1	1	0.8547	0.7332
16	1240	1	2064.4572	5	9	0	1	1	0.8548	0.5579
16	1241	1	2066.0072	7	4	0	1	1	0.8550	0.5931
16	1242	1	2067.5571	5	9	0	1	1	0.8551	0.5620
16	1243	1	2069.1070	7	4	0	1	1	0.8552	0.6118
16	1244	1	2070.6569	6	2	0	1	1	0.8553	0.5838
16	1245	1	2072.2068	5	9	0	1	1	0.8554	0.5381
16	1246	1	2073.7567	4	12	0	1	1	0.8555	0.5886
16	1247	1	2075.3067	7	4	0	1	1	0.8557	0.5580
16	1248	1	2076.8566	6	2	0	1	1	0.8558	0.5438
16	1249	1	2078.4065	7	4	0	1	1	0.8559	0.5607
16	1250	1	2079.9564	8	5	90	1	1	0.8560	0.7879
16	1251	1	2081.5063	5	9	90	1	1	0.8561	0.7102
16	1252	1	2083.0563	6	2	0	1	1	0.8562	0.5521
16	1253	1	2084.6061	7	4	0	1	1	0.8563	0.5382
16	1254	1	2086.1561	8	5	90	1	1	0.8565	0.7481
16	1255	1	2087.7060	7	4	90	1	1	0.8566	0.7331
16	1256	1	2089.2559	5	9	0	1	1	0.8567	0.6879
16	1257	1	2090.8058	8	5	0	1	1	0.8568	0.7233
16	1258	1	2092.3558	7	4	0	1	1	0.8569	0.5635
16	1259	1	2093.9057	4	12	0	1	1	0.8570	0.8066
16	1260	1	2095.4555	5	9	0	1	1	0.8571	0.5527
16	1261	1	2097.0055	8	5	0	1	1	0.8573	0.5536
16	1262	1	2098.5555	7	4	90	1	1	0.8574	0.7796
16	1263	1	2100.1053	6	2	0	1	1	0.8575	0.6068
16	1264	1	2101.6553	5	9	0	1	1	0.8576	0.5775
16	1265	1	2103.2051	6	2	0	1	1	0.8577	0.9472
16	1266	1	2104.7551	7	4	0	1	1	0.8578	0.5972
16	1267	1	2106.3050	6	2	0	1	1	0.8579	0.5513
16	1268	1	2107.8549	7	4	0	1	1	0.8580	0.5526
16	1269	1	2109.4048	5	9	0	1	1	0.8582	0.5704
16	1270	1	2110.9548	6	2	0	1	1	0.8583	0.5259
16	1271	1	2112.5046	5	9	90	1	1	0.8584	0.7196
16	1272	1	2114.0546	4	12	0	1	1	0.8585	0.5765
16	1273	1	2115.6045	6	2	0	1	1	0.8586	0.5160
16	1274	1	2117.1544	4	12	90	1	1	0.8587	0.7246
16	1275	1	2118.7044	3	3	0	1	1	0.8588	0.7267
16	1276	1	2120.2543	15	11	0	1	1	0.8589	0.5228
16	1277	1	2121.8042	1	13	0	1	1	0.8590	0.7320
16	1278	1	2123.3541	2	10	90	1	1	0.8592	0.7811
16	1279	1	2124.9040	1	13	0	1	1	0.8593	0.6723
16	1280	1	2126.4539	14	7	0	1	1	0.8594	0.9623
16	1281	1	2128.0038	13	15	0	1	1	0.8595	0.9794
16	1282	1	2129.5538	11	1	0	1	1	0.8596	0.5508
16	1283	1	2131.1037	9	8	0	1	1	0.8597	0.6167
16	1284	1	2132.6536	10	14	90	1	1	0.8598	1.0027
16	1285	1	2134.2035	12	6	90	1	1	0.8599	0.8435
16	1286	1	2135.7535	13	15	0	1	1	0.8600	0.6696
16	1287	1	2137.3034	11	1	0	1	1	0.8601	0.5289
16	1288	1	2138.8533	13	15	0	1	1	0.8602	0.5789
16	1289	1	2140.4032	12	6	0	1	1	0.8604	0.8853
16	1290	1	2141.9531	10	14	0	1	1	0.8605	0.5340
16	1291	1	2143.5030	9	8	0	1	1	0.8606	0.5040
16	1292	1	2145.0530	10	14	90	1	1	0.8607	0.6834
16	1293	1	2146.6029	11	1	0	1	1	0.8608	0.4778
16	1294	1	2148.1528	12	6	0	1	1	0.8609	0.6718
16	1295	1	2149.7027	9	8	0	1	1	0.8610	0.5766
16	1296	1	2151.2526	12	6	0	1	1	0.8611	0.5307
16	1297	1	2152.8025	11	1	90	1	1	0.8612	0.7096
16	1298	1	2154.3525	9	8	90	1	1	0.8613	0.8548
16	1299	1	2155.9024	12	6	0	1	1	0.8614	0.6497
16	1300	1	2157.4523	13	15	0	1	1	0.8615	0.6043
16	1301	1	2159.0022	10	14	0	1	1	0.8616	0.5259
16	1302	1	2160.5521	13	15	90	1	1	0.8618	0.7353
16	1303	1	2162.1020	10	14	90	1	1	0.8619	0.6427
16	1304	1	2163.6520	9	8	0	1	1	0.8620	0.6272
16	1305	1	2165.2019	11	1	90	1	1	0.8621	0.7743
16	1306	1	2166.7518	12	6	0	1	1	0.8622	0.7591
16	1307	1	2168.3017	9	8	0	1	1	0.8623	0.7454
16	1308	1	2169.8516	12	6	90	0	1	0.8616	0.7333
16	1309	1	2171.4016	11	1	0	1	1	0.8617	0.8294
16	1310	1	2172.9515	9	8	90	1	1	0.8618	0.7371
16	1311	1	2174.5014	8	5	0	1	1	0.8619	0.7712
16	1312	1	2176.0513	6	2	0	1	1	0.8620	0.6453
16	1313	1	2177.6012	8	5	0	1	1	0.8621	0.6938
16	1314	1	2179.1512	5	9	0	1	1	0.8623	0.6320
16	1315	1	2180.7011	4	12	0	1	1	0.8624	0.6019
16	1316	1	2182.2509	5	9	90	1	1	0.8625	0.7016
16	1317	1	2183.8009	6	2	0	1	1	0.8626	0.6072
16	1318	1	2185.3508	5	9	90	1	1	0.8627	0.7215
16	1319	1	2186.9007	8	5	0	1	1	0.8628	0.6761
16	1320	1	2188.4506	5	9	0	1	1	0.8629	0.6456
16	1321	1	2190.0006	6	2	90	1	1	0.8630	0.8384
16	1322	1	2191.5505	8	5	0	1	1	0.8631	0.6020
16	1323	1	2193.1004	5	9	0	1	1	0.8632	0.5242
16	1324	1	2194.6503	8	5	0	1	1	0.8633	0.6050
16	1325	1	2196.2003	5	9	0	1	1	0.8634	0.6238
16	1326	1	2197.7502	6	2	0	1	1	0.8635	0.7221
16	1327	1	2199.3000	8	5	90	1	1	0.8636	0.8841
16	1328	1	2200.8500	6	2	0	1	1	0.8637	0.5825
16	1329	1	2202.3999	7	4	90	1	1	0.8638	0.7591
16	1330	1	2203.9499	5	9	0	1	1	0.8639	0.6344
16	1331	1	2205.4998	6	2	0	1	1	0.8640	0.5884
16	1332	1	2207.0497	5	9	0	1	1	0.8641	0.5267
16	1333	1	2208.5996	4	12	0	1	1	0.8642	0.6888
16	1334	1	2210.1495	5	9	0	1	1	0.8643	0.5465
16	1335	1	2211.6994	4	12	0	1	1	0.8644	0.5635
16	1336	1	2213.2493	3	3	0	1	1	0.8645	0.5829
16	1337	1	2214.7992	4	12	90	0	1	0.8639	0.5370
16	1338	1	2216.3492	5	9	0	1	1	0.8640	0.6034
16	1339	1	2217.8991	7	4	0	1	1	0.8641	0.8131
16	1340	1	2219.4490	4	12	0	1	1	0.8642	0.6232
16	1341	1	2220.9989	7	4	0	1	1	0.8643	0.6254
16	1342	1	2222.5489	5	9	0	1	1	0.8644	0.6112
16	1343	1	2224.0988	6	2	0	1	1	0.8645	0.9980
16	1344	1	2225.6487	8	5	0	1	1	0.8646	0.9023
16	1345	1	2227.1986	5	9	90	1	1	0.8647	0.7297
16	1346	1	2228.7485	7	4	0	1	1	0.8648	0.6504
16	1347	1	2230.2984	4	12	0	1	1	0.8649	0.9901
16	1348	1	2231.8484	5	9	0	1	1	0.8650	0.5916
16	1349	1	2233.3983	8	5	0	1	1	0.8651	0.5934
16	1350	1	2234.9482	7	4	0	1	1	0.8652	0.5798
16	1351	1	2236.4981	5	9	0	1	1	0.8653	0.5506
16	1352	1	2238.0480	6	2	0	1	1	0.8654	0.6641
16	1353	1	2239.5979	7	4	0	1	1	0.8655	0.5387
16	1354	1	2241.1479	8	5	0	1	1	0.8656	0.6527
16	1355	1	2242.6978	7	4	0	1	1	0.8657	0.5584
16	1356	1	2244.2477	8	5	90	1	1	0.8658	0.7053
16	1357	1	2245.7976	9	8	90	1	1	0.8659	0.8342
16	1358	1	2247.3475	11	1	0	1	1	0.8660	0.6594
16	1359	1	2248.8975	10	14	0	1	1	0.8661	0.5348
16	1360	1	2250.4474	12	6	90	1	1	0.8662	0.7606
16	1361	1	2251.9973	10	14	90	1	1	0.8663	0.8576
16	1362	1	2253.5472	9	8	0	1	1	0.8664	0.6373
16	1363	1	2255.0971	12	6	0	1	1	0.8665	0.6873
16	1364	1	2256.6471	13	15	0	1	1	0.8666	0.7371
16	1365	1	2258.1970	10	14	0	1	1	0.8667	0.5316
16	1366	1	2259.7469	13	15	90	1	1	0.8668	0.7254
16	1367	1	2261.2968	12	6	90	1	1	0.8669	0.9341
16	1368	1	2262.8467	10	14	90	1	1	0.8670	0.7763
16	1369	1	2264.3966	12	6	0	1	1	0.8671	0.6991
16	1370	1	2265.9466	11	1	90	1	1	0.8672	0.8623
16	1371	1	2267.4965	9	8	0	1	1	0.8673	0.6082
16	1372	1	2269.0464	12	6	0	1	1	0.8673	0.8184
16	1373	1	2270.5963	9	8	0	1	1	0.8674	0.5479
16	1374	1	2272.1462	11	1	0	1	1	0.8675	0.4701
16	1375	1	2273.6962	10	14	0	1	1	0.8676	0.5040
16	1376	1	2275.2461	12	6	0	1	1	0.8677	0.6501
16	1377	1	2276.7960	11	1	0	1	1	0.8678	0.6038
16	1378	1	2278.3459	12	6	0	1	1	0.8679	0.5571
16	1379	1	2279.8958	10	14	90	1	1	0.8680	0.6564
16	1380	1	2281.4457	11	1	0	1	1	0.8681	0.4983
16	1381	1	2282.9956	9	8	0	1	1	0.8682	0.7244
16	1382	1	2284.5456	12	6	0	1	1	0.8683	0.5986
16	1383	1	2286.0955	9	8	0	1	1	0.8684	0.5206
16	1384	1	2287.6454	10	14	0	1	1	0.8685	0.4915
16	1385	1	2289.1953	12	6	0	1	1	0.8686	0.5573
16	1386	1	2290.7452	13	15	0	1	1	0.8687	0.6709
16	1387	1	2292.2952	11	1	0	1	1	0.8688	0.6730
16	1388	1	2293.8450	12	6	90	0	1	0.8682	0.5795
16	1389	1	2295.3950	11	1	0	1	1	0.8683	0.5491
16	1390	1	2296.9449	9	8	0	1	1	0.8683	0.5198
16	1391	1	2298.4948	12	6	90	1	1	0.8684	0.6961
16	1392	1	2300.0448	13	15	0	1	1	0.8685	0.5541
16	1393	1	2301.5947	12	6	0	1	1	0.8686	0.5883
16	1394	1	2303.1446	13	15	0	1	1	0.8687	0.5916
16	1395	1	2304.6945	12	6	0	1	1	0.8688	0.6895
16	1396	1	2306.2444	11	1	0	1	1	0.8689	0.5472
16	1397	1	2307.7943	9	8	0	1	1	0.8690	0.7257
16	1398	1	2309.3442	11	1	0	1	1	0.8691	0.5202
16	1399	1	2310.8942	13	15	0	1	1	0.8692	0.6179
16	1400	1	2312.4441	12	6	0	1	1	0.8693	0.6829
16	1	2	1.0166	15	11	0	-1	0	NaN	-1.0000
16	2	2	2.5499	14	7	0	-1	0	NaN	-1.0000
16	3	2	4.0831	2	10	0	-1	0	NaN	-1.0000
16	4	2	5.6164	1	13	0	-1	0	NaN	-1.0000
16	5	2	7.1496	14	7	0	-1	0	NaN	-1.0000
16	6	2	8.6829	15	11	0	-1	0	NaN	-1.0000
16	7	2	10.2161	2	10	0	-1	0	NaN	-1.0000
16	8	2	11.7494	1	13	0	-1	0	NaN	-1.0000
16	9	2	13.2826	3	3	0	-1	0	NaN	-1.0000
16	10	2	14.8159	15	11	0	-1	0	NaN	-1.0000
16	11	2	16.3491	3	3	0	-1	0	NaN	-1.0000
16	12	2	17.8824	1	13	0	-1	0	NaN	-1.0000
16	13	2	19.4156	14	7	0	-1	0	NaN	-1.0000
16	14	2	20.9489	13	15	0	-1	1	1.0000	0.7138
16	15	2	22.4821	12	6	0	-1	0	1.0000	-1.0000
16	16	2	24.0154	13	15	0	-1	0	1.0000	-1.0000
16	17	2	25.5486	14	7	0	-1	0	1.0000	-1.0000
16	18	2	27.0819	15	11	0	-1	0	1.0000	-1.0000
16	19	2	28.6152	1	13	0	-1	0	1.0000	-1.0000
16	20	2	30.1484	2	10	0	-1	0	1.0000	-1.0000
16	21	2	31.6817	3	3	0	-1	0	1.0000	-1.0000
16	22	2	33.2149	4	12	0	-1	1	1.0000	0.8798
16	23	2	34.7482	5	9	0	-1	0	1.0000	-1.0000
16	24	2	36.2814	6	2	0	-1	0	1.0000	-1.0000
16	25	2	37.8147	7	4	0	-1	0	1.0000	-1.0000
16	26	2	39.3479	8	5	0	-1	0	1.0000	-1.0000
16	27	2	40.8812	9	8	0	-1	1	1.0000	0.8299
16	28	2	42.4144	10	14	0	-1	0	1.0000	-1.0000
16	29	2	43.9477	11	1	0	-1	0	1.0000	-1.0000
16	30	2	45.4809	12	6	0	-1	0	1.0000	-1.0000
16	31	2	47.0142	13	15	0	-1	0	1.0000	-1.0000
16	32	2	48.5474	11	1	0	-1	0	1.0000	-1.0000
16	33	2	50.0807	10	14	0	-1	0	1.0000	-1.0000
16	34	2	51.6139	9	8	0	-1	0	1.0000	-1.0000
16	35	2	53.1472	10	14	0	-1	0	1.0000	-1.0000
16	36	2	54.6805	12	6	0	-1	0	1.0000	-1.0000
16	37	2	56.2137	10	14	0	-1	0	1.0000	-1.0000
16	38	2	57.7470	12	6	0	-1	0	1.0000	-1.0000
16	39	2	59.2802	10	14	0	-1	0	1.0000	-1.0000
16	40	2	60.8135	11	1	0	-1	0	1.0000	-1.0000
16	41	2	62.3467	12	6	0	-1	0	1.0000	-1.0000
16	42	2	63.8799	10	14	0	-1	0	1.0000	-1.0000
16	43	2	65.4132	12	6	0	-1	0	1.0000	-1.0000
16	44	2	66.9464	10	14	0	-1	0	1.0000	-1.0000
16	45	2	68.4797	11	1	0	-1	0	1.0000	-1.0000
16	46	2	70.0129	10	14	0	-1	0	1.0000	-1.0000
16	47	2	71.5462	9	8	0	-1	0	1.0000	-1.0000
16	48	2	73.0795	8	5	0	-1	0	1.0000	-1.0000
16	49	2	74.6127	7	4	0	-1	1	0.7500	0.8422
16	50	2	76.1460	6	2	0	-1	0	0.7500	-1.0000
16	51	2	77.6792	5	9	0	-1	0	0.7500	-1.0000
16	52	2	79.2125	4	12	0	-1	0	0.7500	-1.0000
16	53	2	80.7457	3	3	0	-1	1	0.8000	0.9980
16	54	2	82.2790	2	10	0	-1	0	0.8000	-1.0000
16	55	2	83.8122	1	13	0	-1	0	0.8000	-1.0000
16	56	2	85.3454	15	11	0	-1	0	0.8000	-1.0000
16	57	2	86.8787	14	7	0	-1	0	0.8000	-1.0000
16	58	2	88.4120	13	15	0	-1	1	0.8333	0.8026
16	59	2	89.9452	12	6	0	-1	0	0.8333	-1.0000
16	60	2	91.4785	11	1	0	-1	0	0.8333	-1.0000
16	61	2	93.0118	13	15	0	-1	0	0.8333	-1.0000
16	62	2	94.5450	12	6	0	-1	0	0.8333	-1.0000
16	63	2	96.0782	13	15	0	-1	0	0.8333	-1.0000
16	64	2	97.6115	11	1	0	-1	0	0.8333	-1.0000
16	65	2	99.1448	12	6	0	-1	0	0.8333	-1.0000
16	66	2	100.6780	11	1	0	-1	0	0.8333	-1.0000
16	67	2	102.2113	10	14	0	-1	0	0.8333	-1.0000
16	68	2	103.7445	12	6	0	-1	0	0.8333	-1.0000
16	69	2	105.2777	9	8	0	-1	0	0.8333	-1.0000
16	70	2	106.8110	12	6	0	-1	0	0.8333	-1.0000
16	71	2	108.3443	9	8	0	-1	0	0.8333	-1.0000
16	72	2	109.8775	11	1	0	-1	0	0.8333	-1.0000
16	73	2	111.4108	13	15	0	-1	0	0.8333	-1.0000
16	74	2	112.9440	10	14	0	-1	0	0.8333	-1.0000
16	75	2	114.4773	12	6	0	-1	0	0.8333	-1.0000
16	76	2	116.0106	13	15	0	-1	0	0.8333	-1.0000
16	77	2	117.5438	14	7	0	-1	0	0.8333	-1.0000
16	78	2	119.0771	15	11	0	-1	1	0.7143	0.7295
16	79	2	120.6103	1	13	0	-1	0	0.7143	-1.0000
16	80	2	122.1436	2	10	0	-1	0	0.7143	-1.0000
16	81	2	123.6768	3	3	0	-1	0	0.7143	-1.0000
16	82	2	125.2101	4	12	0	-1	0	0.7143	-1.0000
16	83	2	126.7433	5	9	0	-1	1	0.6250	0.7432
16	84	2	128.2765	6	2	0	-1	0	0.6250	-1.0000
16	85	2	129.8098	7	4	0	-1	0	0.6250	-1.0000
16	86	2	131.3431	8	5	0	-1	0	0.6250	-1.0000
16	87	2	132.8763	9	8	0	-1	1	0.6667	1.0264
16	88	2	134.4096	10	14	0	-1	0	0.6667	-1.0000
16	89	2	135.9428	11	1	0	-1	0	0.6667	-1.0000
16	90	2	137.4761	12	6	0	-1	0	0.6667	-1.0000
16	91	2	139.0093	9	8	0	-1	0	0.6667	-1.0000
16	92	2	140.5426	12	6	0	-1	0	0.6667	-1.0000
16	93	2	142.0758	10	14	0	-1	0	0.6667	-1.0000
16	94	2	143.6091	11	1	0	-1	0	0.6667	-1.0000
16	95	2	145.1423	10	14	0	-1	0	0.6667	-1.0000
16	96	2	146.6755	11	1	0	-1	0	0.6667	-1.0000
16	97	2	148.2089	9	8	0	-1	0	0.6667	-1.0000
16	98	2	149.7421	12	6	0	-1	0	0.6667	-1.0000
16	99	2	151.2753	9	8	0	-1	0	0.6667	-1.0000
16	100	2	152.8086	12	6	0	-1	0	0.6667	-1.0000
16	101	2	154.3418	10	14	0	-1	0	0.6667	-1.0000
16	102	2	155.8751	13	15	0	-1	0	0.6667	-1.0000
16	103	2	157.4084	10	14	0	-1	0	0.6667	-1.0000
16	104	2	158.9416	9	8	0	-1	0	0.6667	-1.0000
16	105	2	160.4749	8	5	0	-1	1	0.7000	0.9961
16	106	2	162.0081	9	8	0	-1	0	0.7000	-1.0000
16	107	2	163.5413	10	14	0	-1	0	0.7000	-1.0000
16	108	2	165.0746	11	1	0	-1	0	0.7000	-1.0000
16	109	2	166.6079	12	6	0	-1	0	0.7000	-1.0000
16	110	2	168.1411	13	15	0	-1	0	0.7000	-1.0000
16	111	2	169.6744	14	7	0	-1	0	0.7000	-1.0000
16	112	2	171.2076	15	11	0	-1	1	0.6364	0.8709
16	113	2	172.7409	1	13	0	-1	0	0.6364	-1.0000
16	114	2	174.2741	2	10	0	-1	0	0.6364	-1.0000
16	115	2	175.8074	3	3	0	-1	0	0.6364	-1.0000
16	116	2	177.3406	4	12	0	-1	0	0.6364	-1.0000
16	117	2	178.8739	5	9	0	-1	1	0.5833	0.8847
16	118	2	180.4071	6	2	0	-1	0	0.5833	-1.0000
16	119	2	181.9404	7	4	0	-1	0	0.5833	-1.0000
16	120	2	183.4736	8	5	0	-1	0	0.5833	-1.0000
16	121	2	185.0068	7	4	0	-1	0	0.5833	-1.0000
16	122	2	186.5402	8	5	0	-1	0	0.5833	-1.0000
16	123	2	188.0734	9	8	0	-1	1	0.6154	0.8053
16	124	2	189.6067	12	6	0	-1	0	0.6154	-1.0000
16	125	2	191.1399	10	14	0	-1	0	0.6154	-1.0000
16	126	2	192.6731	11	1	0	-1	0	0.6154	-1.0000
16	127	2	194.2064	9	8	0	-1	0	0.6154	-1.0000
16	128	2	195.7397	12	6	0	-1	0	0.6154	-1.0000
16	129	2	197.2729	9	8	0	-1	0	0.6154	-1.0000
16	130	2	198.8062	12	6	0	-1	0	0.6154	-1.0000
16	131	2	200.3394	11	1	0	-1	0	0.6154	-1.0000
16	132	2	201.8727	10	14	0	-1	0	0.6154	-1.0000
16	133	2	203.4059	11	1	0	-1	0	0.6154	-1.0000
16	134	2	204.9392	13	15	0	-1	0	0.6154	-1.0000
16	135	2	206.4724	10	14	0	-1	0	0.6154	-1.0000
16	136	2	208.0057	9	8	0	-1	0	0.6154	-1.0000
16	137	2	209.5389	8	5	0	-1	0	0.6154	-1.0000
16	138	2	211.0722	7	4	0	-1	0	0.6154	-1.0000
16	139	2	212.6054	6	2	0	-1	0	0.6154	-1.0000
16	140	2	214.1386	5	9	0	-1	1	0.5714	0.9320
16	141	2	215.6719	4	12	0	-1	0	0.5714	-1.0000
16	142	2	217.2052	3	3	0	-1	0	0.5714	-1.0000
16	143	2	218.7384	2	10	0	-1	0	0.5714	-1.0000
16	144	2	220.2717	1	13	0	-1	0	0.5714	-1.0000
16	145	2	221.8050	15	11	0	-1	0	0.5714	-1.0000
16	146	2	223.3382	14	7	0	-1	0	0.5714	-1.0000
16	147	2	224.8715	13	15	0	-1	1	0.6000	1.4780
16	148	2	226.4047	12	6	0	-1	1	0.5625	0.0168
16	149	2	227.9380	11	1	0	-1	0	0.5625	-1.0000
16	150	2	229.4712	10	14	0	-1	0	0.5625	-1.0000
16	151	2	231.0045	12	6	0	-1	0	0.5625	-1.0000
16	152	2	232.5377	10	14	0	-1	0	0.5625	-1.0000
16	153	2	234.0710	13	15	0	-1	0	0.5625	-1.0000
16	154	2	235.6042	10	14	0	-1	0	0.5625	-1.0000
16	155	2	237.1375	13	15	0	-1	0	0.5625	-1.0000
16	156	2	238.6707	11	1	0	-1	0	0.5625	-1.0000
16	157	2	240.2040	12	6	0	-1	0	0.5625	-1.0000
16	158	2	241.7372	13	15	0	-1	0	0.5625	-1.0000
16	159	2	243.2704	12	6	0	-1	0	0.5625	-1.0000
16	160	2	244.8037	11	1	0	-1	0	0.5625	-1.0000
16	161	2	246.3370	12	6	0	-1	0	0.5625	-1.0000
16	162	2	247.8702	11	1	0	-1	0	0.5625	-1.0000
16	163	2	249.4035	9	8	0	-1	0	0.5625	-1.0000
16	164	2	250.9367	12	6	0	-1	0	0.5625	-1.0000
16	165	2	252.4700	10	14	0	-1	0	0.5625	-1.0000
16	166	2	254.0033	9	8	0	-1	0	0.5625	-1.0000
16	167	2	255.5365	8	5	0	-1	1	0.5882	0.6699
16	168	2	257.0698	7	4	0	-1	0	0.5882	-1.0000
16	169	2	258.6030	6	2	0	-1	0	0.5882	-1.0000
16	170	2	260.1363	5	9	0	-1	0	0.5882	-1.0000
16	171	2	261.6695	4	12	0	-1	1	0.5556	0.8718
16	172	2	263.2028	3	3	0	-1	0	0.5556	-1.0000
16	173	2	264.7360	2	10	0	-1	0	0.5556	-1.0000
16	174	2	266.2693	1	13	0	-1	0	0.5556	-1.0000
16	175	2	267.8025	15	11	0	-1	0	0.5556	-1.0000
16	176	2	269.3358	14	7	0	-1	0	0.5556	-1.0000
16	177	2	270.8690	13	15	0	-1	1	0.5789	0.8575
16	178	2	272.4023	12	6	0	-1	0	0.5789	-1.0000
16	179	2	273.9355	11	1	0	-1	0	0.5789	-1.0000
16	180	2	275.4687	10	14	0	-1	0	0.5789	-1.0000
16	181	2	277.0020	12	6	0	-1	0	0.5789	-1.0000
16	182	2	278.5353	11	1	0	-1	0	0.5789	-1.0000
16	183	2	280.0685	9	8	0	-1	0	0.5789	-1.0000
16	184	2	281.6018	10	14	0	-1	0	0.5789	-1.0000
16	185	2	283.1350	9	8	0	-1	0	0.5789	-1.0000
16	186	2	284.6683	10	14	0	-1	0	0.5789	-1.0000
16	187	2	286.2015	11	1	0	-1	0	0.5789	-1.0000
16	188	2	287.7348	12	6	0	-1	0	0.5789	-1.0000
16	189	2	289.2681	13	15	0	-1	0	0.5789	-1.0000
16	190	2	290.8013	11	1	0	-1	0	0.5789	-1.0000
16	191	2	292.3346	13	15	0	-1	0	0.5789	-1.0000
16	192	2	293.8678	14	7	0	-1	0	0.5789	-1.0000
16	193	2	295.4010	2	10	0	-1	1	0.5500	0.6457
16	194	2	296.9343	1	13	0	-1	0	0.5500	-1.0000
16	195	2	298.4675	14	7	0	-1	0	0.5500	-1.0000
16	196	2	300.0008	13	15	0	-1	1	0.5714	0.7977
16	197	2	301.5341	12	6	0	-1	0	0.5714	-1.0000
16	198	2	303.0673	11	1	0	-1	0	0.5714	-1.0000
16	199	2	304.6006	10	14	0	-1	0	0.5714	-1.0000
16	200	2	306.1338	9	8	0	-1	0	0.5714	-1.0000
16	201	2	307.6671	8	5	0	-1	1	0.5909	0.9558
16	202	2	309.2003	7	4	0	-1	0	0.5909	-1.0000
16	203	2	310.7335	6	2	0	-1	0	0.5909	-1.0000
16	204	2	312.2668	5	9	0	-1	0	0.5909	-1.0000
16	205	2	313.8001	4	12	0	-1	1	0.5652	1.1746
16	206	2	315.3333	3	3	0	-1	0	0.5652	-1.0000
16	207	2	316.8666	2	10	0	-1	0	0.5652	-1.0000
16	208	2	318.3998	1	13	0	-1	0	0.5652	-1.0000
16	209	2	319.9331	15	11	0	-1	0	0.5652	-1.0000
16	210	2	321.4663	14	7	0	-1	0	0.5652	-1.0000
16	211	2	322.9996	13	15	0	-1	1	0.5833	0.7912
16	212	2	324.5329	14	7	0	-1	0	0.5833	-1.0000
16	213	2	326.0661	15	11	0	-1	0	0.5833	-1.0000
16	214	2	327.5994	14	7	0	-1	0	0.5833	-1.0000
16	215	2	329.1326	2	10	0	-1	1	0.5600	0.9622
16	216	2	330.6658	15	11	0	-1	0	0.5600	-1.0000
16	217	2	332.1991	2	10	0	-1	0	0.5600	-1.0000
16	218	2	333.7324	1	13	0	-1	0	0.5600	-1.0000
16	219	2	335.2656	14	7	0	-1	0	0.5600	-1.0000
16	220	2	336.7989	13	15	0	-1	1	0.5769	0.7682
16	221	2	338.3321	12	6	0	-1	0	0.5769	-1.0000
16	222	2	339.8654	11	1	0	-1	0	0.5769	-1.0000
16	223	2	341.3985	10	14	0	-1	0	0.5769	-1.0000
16	224	2	342.9319	13	15	0	-1	0	0.5769	-1.0000
16	225	2	344.4651	11	1	0	-1	0	0.5769	-1.0000
16	226	2	345.9984	12	6	0	-1	0	0.5769	-1.0000
16	227	2	347.5316	13	15	0	-1	0	0.5769	-1.0000
16	228	2	349.0649	14	7	0	-1	0	0.5769	-1.0000
16	229	2	350.5981	15	11	0	-1	1	0.5556	1.0328
16	230	2	352.1314	1	13	0	-1	0	0.5556	-1.0000
16	231	2	353.6646	2	10	0	-1	0	0.5556	-1.0000
16	232	2	355.1979	3	3	0	-1	0	0.5556	-1.0000
16	233	2	356.7311	4	12	0	-1	1	0.5714	0.7871
16	234	2	358.2644	5	9	0	-1	0	0.5714	-1.0000
16	235	2	359.7976	6	2	0	-1	0	0.5714	-1.0000
16	236	2	361.3309	7	4	0	-1	0	0.5714	-1.0000
16	237	2	362.8641	8	5	0	-1	0	0.5714	-1.0000
16	238	2	364.3974	9	8	0	-1	1	0.5862	1.2158
16	239	2	365.9306	10	14	0	-1	0	0.5862	-1.0000
16	240	2	367.4639	11	1	0	-1	0	0.5862	-1.0000
16	241	2	368.9972	12	6	0	-1	0	0.5862	-1.0000
16	242	2	370.5304	13	15	0	-1	0	0.5862	-1.0000
16	243	2	372.0636	12	6	0	-1	0	0.5862	-1.0000
16	244	2	373.5969	11	1	0	-1	0	0.5862	-1.0000
16	245	2	375.1302	13	15	0	-1	0	0.5862	-1.0000
16	246	2	376.6634	11	1	0	-1	0	0.5862	-1.0000
16	247	2	378.1967	10	14	0	-1	0	0.5862	-1.0000
16	248	2	379.7299	12	6	0	-1	0	0.5862	-1.0000
16	249	2	381.2632	11	1	0	-1	0	0.5862	-1.0000
16	250	2	382.7964	12	6	0	-1	0	0.5862	-1.0000
16	251	2	384.3297	13	15	0	-1	0	0.5862	-1.0000
16	252	2	385.8629	14	7	0	-1	1	0.6000	0.8874
16	253	2	387.3961	2	10	0	-1	0	0.6000	-1.0000
16	254	2	388.9294	14	7	0	-1	0	0.6000	-1.0000
16	255	2	390.4627	13	15	0	-1	1	0.6129	0.8145
16	256	2	391.9959	12	6	0	-1	0	0.6129	-1.0000
16	257	2	393.5292	11	1	0	-1	0	0.6129	-1.0000
16	258	2	395.0624	10	14	0	-1	0	0.6129	-1.0000
16	259	2	396.5956	9	8	0	-1	0	0.6129	-1.0000
16	260	2	398.1290	8	5	0	-1	0	0.6129	-1.0000
16	261	2	399.6622	7	4	0	-1	1	0.5938	0.6081
16	262	2	401.1954	6	2	0	-1	0	0.5938	-1.0000
16	263	2	402.7287	5	9	0	-1	0	0.5938	-1.0000
16	264	2	404.2620	4	12	0	-1	0	0.5938	-1.0000
16	265	2	405.7952	3	3	0	-1	0	0.5938	-1.0000
16	266	2	407.3285	2	10	0	-1	0	0.5938	-1.0000
16	267	2	408.8617	1	13	0	-1	0	0.5938	-1.0000
16	268	2	410.3949	15	11	0	-1	0	0.5938	-1.0000
16	269	2	411.9282	14	7	0	-1	0	0.5938	-1.0000
16	270	2	413.4614	13	15	0	-1	1	0.6061	0.9532
16	271	2	414.9947	10	14	0	-1	0	0.6061	-1.0000
16	272	2	416.5279	11	1	0	-1	0	0.6061	-1.0000
16	273	2	418.0612	9	8	0	-1	0	0.6061	-1.0000
16	274	2	419.5944	8	5	0	-1	1	0.6176	0.9158
16	275	2	421.1277	9	8	0	-1	0	0.6176	-1.0000
16	276	2	422.6610	11	1	0	-1	0	0.6176	-1.0000
16	277	2	424.1942	10	14	0	-1	0	0.6176	-1.0000
16	278	2	425.7274	12	6	0	-1	0	0.6176	-1.0000
16	279	2	427.2607	13	15	0	-1	0	0.6176	-1.0000
16	280	2	428.7940	10	14	0	-1	0	0.6176	-1.0000
16	281	2	430.3272	11	1	0	-1	0	0.6176	-1.0000
16	282	2	431.8605	10	14	0	-1	0	0.6176	-1.0000
16	283	2	433.3937	9	8	0	-1	0	0.6176	-1.0000
16	284	2	434.9270	12	6	0	-1	0	0.6176	-1.0000
16	285	2	436.4602	9	8	0	-1	0	0.6176	-1.0000
16	286	2	437.9935	10	14	0	-1	0	0.6176	-1.0000
16	287	2	439.5267	11	1	0	-1	0	0.6176	-1.0000
16	288	2	441.0600	12	6	0	-1	0	0.6176	-1.0000
16	289	2	442.5932	13	15	0	-1	0	0.6176	-1.0000
16	290	2	444.1265	14	7	0	-1	0	0.6176	-1.0000
16	291	2	445.6597	15	11	0	-1	1	0.6000	0.7871
16	292	2	447.1930	1	13	0	-1	0	0.6000	-1.0000
16	293	2	448.7262	2	10	0	-1	0	0.6000	-1.0000
16	294	2	450.2595	3	3	0	-1	0	0.6000	-1.0000
16	295	2	451.7928	4	12	0	-1	0	0.6000	-1.0000
16	296	2	453.3260	5	9	0	-1	0	0.6000	-1.0000
16	297	2	454.8593	6	2	0	-1	0	0.6000	-1.0000
16	298	2	456.3925	7	4	0	-1	0	0.6000	-1.0000
16	299	2	457.9258	8	5	0	-1	0	0.6000	-1.0000
16	300	2	459.4590	9	8	0	-1	1	0.6111	0.7632
16	301	2	460.9923	8	5	0	-1	1	0.6216	1.3738
16	302	2	462.5255	7	4	0	-1	0	0.6216	-1.0000
16	303	2	464.0588	6	2	0	-1	0	0.6216	-1.0000
16	304	2	465.5920	8	5	0	-1	0	0.6216	-1.0000
16	305	2	467.1253	6	2	0	-1	0	0.6216	-1.0000
16	306	2	468.6585	5	9	0	-1	0	0.6216	-1.0000
16	307	2	470.1918	8	5	0	-1	0	0.6216	-1.0000
16	308	2	471.7250	5	9	0	-1	0	0.6216	-1.0000
16	309	2	473.2582	6	2	0	-1	0	0.6216	-1.0000
16	310	2	474.7915	7	4	0	-1	0	0.6216	-1.0000
16	311	2	476.3248	4	12	0	-1	0	0.6216	-1.0000
16	312	2	477.8580	5	9	0	-1	0	0.6216	-1.0000
16	313	2	479.3913	6	2	0	-1	0	0.6216	-1.0000
16	314	2	480.9246	4	12	0	-1	0	0.6216	-1.0000
16	315	2	482.4578	5	9	0	-1	0	0.6216	-1.0000
16	316	2	483.9910	6	2	0	-1	0	0.6216	-1.0000
16	317	2	485.5243	7	4	0	-1	0	0.6216	-1.0000
16	318	2	487.0576	8	5	0	-1	0	0.6216	-1.0000
16	319	2	488.5908	9	8	0	-1	1	0.6316	0.7673
16	320	2	490.1241	10	14	0	-1	0	0.6316	-1.0000
16	321	2	491.6573	11	1	0	-1	0	0.6316	-1.0000
16	322	2	493.1906	12	6	0	-1	0	0.6316	-1.0000
16	323	2	494.7238	13	15	0	-1	0	0.6316	-1.0000
16	324	2	496.2571	14	7	0	-1	0	0.6316	-1.0000
16	325	2	497.7903	15	11	0	-1	1	0.6154	1.1830
16	326	2	499.3236	1	13	0	-1	0	0.6154	-1.0000
16	327	2	500.8568	2	10	0	-1	0	0.6154	-1.0000
16	328	2	502.3901	3	3	0	-1	0	0.6154	-1.0000
16	329	2	503.9233	4	12	0	-1	1	0.6250	1.1474
16	330	2	505.4566	5	9	0	-1	0	0.6250	-1.0000
16	331	2	506.9899	6	2	0	-1	0	0.6250	-1.0000
16	332	2	508.5231	4	12	0	-1	0	0.6250	-1.0000
16	333	2	510.0563	7	4	0	-1	0	0.6250	-1.0000
16	334	2	511.5896	4	12	0	-1	0	0.6250	-1.0000
16	335	2	513.1228	6	2	0	-1	0	0.6250	-1.0000
16	336	2	514.6561	4	12	0	-1	0	0.6250	-1.0000
16	337	2	516.1893	7	4	0	-1	0	0.6250	-1.0000
16	338	2	517.7226	4	12	0	-1	0	0.6250	-1.0000
16	339	2	519.2558	3	3	0	-1	0	0.6250	-1.0000
16	340	2	520.7891	2	10	0	-1	0	0.6250	-1.0000
16	341	2	522.3223	1	13	0	-1	0	0.6250	-1.0000
16	342	2	523.8556	3	3	0	-1	0	0.6250	-1.0000
16	343	2	525.3889	1	13	0	-1	0	0.6250	-1.0000
16	344	2	526.9221	3	3	0	-1	0	0.6250	-1.0000
16	345	2	528.4553	15	11	0	-1	0	0.6250	-1.0000
16	346	2	529.9886	14	7	0	-1	0	0.6250	-1.0000
16	347	2	531.5219	13	15	0	-1	1	0.6341	0.7007
16	348	2	533.0551	12	6	0	-1	0	0.6341	-1.0000
16	349	2	534.5884	11	1	0	-1	0	0.6341	-1.0000
16	350	2	536.1216	10	14	0	-1	0	0.6341	-1.0000
16	351	2	537.6549	9	8	0	-1	0	0.6341	-1.0000
16	352	2	539.1881	8	5	0	-1	0	0.6341	-1.0000
16	353	2	540.7214	7	4	0	-1	1	0.6190	0.6848
16	354	2	542.2546	6	2	0	-1	0	0.6190	-1.0000
16	355	2	543.7879	5	9	0	-1	0	0.6190	-1.0000
16	356	2	545.3211	4	12	0	-1	0	0.6190	-1.0000
16	357	2	546.8544	3	3	0	-1	1	0.6279	1.3517
16	358	2	548.3876	2	10	0	-1	1	0.6136	0.0168
16	359	2	549.9209	1	13	0	-1	0	0.6136	-1.0000
16	360	2	551.4541	15	11	0	-1	0	0.6136	-1.0000
16	361	2	552.9874	3	3	0	-1	0	0.6136	-1.0000
16	362	2	554.5206	2	10	0	-1	0	0.6136	-1.0000
16	363	2	556.0539	15	11	0	-1	0	0.6136	-1.0000
16	364	2	557.5871	14	7	0	-1	0	0.6136	-1.0000
16	365	2	559.1204	13	15	0	-1	1	0.6222	0.7819
16	366	2	560.6536	11	1	0	-1	0	0.6222	-1.0000
16	367	2	562.1869	9	8	0	-1	0	0.6222	-1.0000
16	368	2	563.7202	11	1	0	-1	0	0.6222	-1.0000
16	369	2	565.2534	12	6	0	-1	0	0.6222	-1.0000
16	370	2	566.7867	13	15	0	-1	0	0.6222	-1.0000
16	371	2	568.3199	10	14	0	-1	0	0.6222	-1.0000
16	372	2	569.8532	11	1	0	-1	0	0.6222	-1.0000
16	373	2	571.3864	9	8	0	-1	0	0.6222	-1.0000
16	374	2	572.9197	10	14	0	-1	0	0.6222	-1.0000
16	375	2	574.4529	12	6	0	-1	0	0.6222	-1.0000
16	376	2	575.9862	13	15	0	-1	0	0.6222	-1.0000
16	377	2	577.5194	14	7	0	-1	0	0.6222	-1.0000
16	378	2	579.0527	15	11	0	-1	1	0.6087	0.7204
16	379	2	580.5859	1	13	0	-1	0	0.6087	-1.0000
16	380	2	582.1192	2	10	0	-1	0	0.6087	-1.0000
16	381	2	583.6524	3	3	0	-1	0	0.6087	-1.0000
16	382	2	585.1856	4	12	0	-1	0	0.6087	-1.0000
16	383	2	586.7189	5	9	0	-1	1	0.5957	0.0167
16	384	2	588.2522	6	2	0	-1	0	0.5957	-1.0000
16	385	2	589.7855	7	4	0	-1	0	0.5957	-1.0000
16	386	2	591.3187	8	5	0	-1	0	0.5957	-1.0000
16	387	2	592.8519	9	8	0	-1	1	0.6042	0.6822
16	388	2	594.3852	10	14	0	-1	0	0.6042	-1.0000
16	389	2	595.9185	11	1	0	-1	0	0.6042	-1.0000
16	390	2	597.4517	12	6	0	-1	0	0.6042	-1.0000
16	391	2	598.9850	11	1	0	-1	0	0.6042	-1.0000
16	392	2	600.5182	12	6	0	-1	0	0.6042	-1.0000
16	393	2	602.0515	9	8	0	-1	0	0.6042	-1.0000
16	394	2	603.5847	12	6	0	-1	0	0.6042	-1.0000
16	395	2	605.1179	9	8	0	-1	0	0.6042	-1.0000
16	396	2	606.6512	11	1	0	-1	0	0.6042	-1.0000
16	397	2	608.1845	9	8	0	-1	0	0.6042	-1.0000
16	398	2	609.7177	10	14	0	-1	0	0.6042	-1.0000
16	399	2	611.2510	12	6	0	-1	0	0.6042	-1.0000
16	400	2	612.7842	9	8	0	-1	0	0.6042	-1.0000
16	401	2	614.3174	11	1	0	-1	0	0.6042	-1.0000
16	402	2	615.8507	9	8	0	-1	0	0.6042	-1.0000
16	403	2	617.3840	8	5	0	-1	1	0.6122	0.8061
16	404	2	618.9172	9	8	0	-1	0	0.6122	-1.0000
16	405	2	620.4505	8	5	0	-1	0	0.6122	-1.0000
16	406	2	621.9837	9	8	0	-1	0	0.6122	-1.0000
16	407	2	623.5170	10	14	0	-1	0	0.6122	-1.0000
16	408	2	625.0502	11	1	0	-1	0	0.6122	-1.0000
16	409	2	626.5835	12	6	0	-1	0	0.6122	-1.0000
16	410	2	628.1168	13	15	0	-1	0	0.6122	-1.0000
16	411	2	629.6500	14	7	0	-1	0	0.6122	-1.0000
16	412	2	631.1833	15	11	0	-1	1	0.6000	0.8306
16	413	2	632.7165	1	13	0	-1	0	0.6000	-1.0000
16	414	2	634.2498	2	10	0	-1	0	0.6000	-1.0000
16	415	2	635.7830	3	3	0	-1	0	0.6000	-1.0000
16	416	2	637.3163	4	12	0	-1	0	0.6000	-1.0000
16	417	2	638.8495	5	9	0	-1	0	0.6000	-1.0000
16	418	2	640.3828	6	2	0	-1	0	0.6000	-1.0000
16	419	2	641.9160	7	4	0	-1	0	0.6000	-1.0000
16	420	2	643.4493	8	5	0	-1	1	0.5882	0.9646
16	421	2	644.9825	6	2	0	-1	0	0.5882	-1.0000
16	422	2	646.5157	8	5	0	-1	0	0.5882	-1.0000
16	423	2	648.0490	5	9	0	-1	0	0.5882	-1.0000
16	424	2	649.5823	8	5	0	-1	0	0.5882	-1.0000
16	425	2	651.1155	9	8	0	-1	1	0.5962	0.8826
16	426	2	652.6488	12	6	0	-1	0	0.5962	-1.0000
16	427	2	654.1820	11	1	0	-1	0	0.5962	-1.0000
16	428	2	655.7153	13	15	0	-1	0	0.5962	-1.0000
16	429	2	657.2485	12	6	0	-1	0	0.5962	-1.0000
16	430	2	658.7818	13	15	0	-1	0	0.5962	-1.0000
16	431	2	660.3150	12	6	0	-1	0	0.5962	-1.0000
16	432	2	661.8483	10	14	0	-1	0	0.5962	-1.0000
16	433	2	663.3815	11	1	0	-1	0	0.5962	-1.0000
16	434	2	664.9147	9	8	0	-1	0	0.5962	-1.0000
16	435	2	666.4480	8	5	0	-1	1	0.6038	1.2467
16	436	2	667.9813	9	8	0	-1	0	0.6038	-1.0000
16	437	2	669.5146	10	14	0	-1	0	0.6038	-1.0000
16	438	2	671.0478	11	1	0	-1	0	0.6038	-1.0000
16	439	2	672.5810	12	6	0	-1	0	0.6038	-1.0000
16	440	2	674.1143	13	15	0	-1	0	0.6038	-1.0000
16	441	2	675.6476	14	7	0	-1	0	0.6038	-1.0000
16	442	2	677.1808	15	11	0	-1	1	0.5926	0.6565
16	443	2	678.7141	1	13	0	-1	0	0.5926	-1.0000
16	444	2	680.2473	2	10	0	-1	0	0.5926	-1.0000
16	445	2	681.7806	3	3	0	-1	0	0.5926	-1.0000
16	446	2	683.3138	4	12	0	-1	0	0.5926	-1.0000
16	447	2	684.8470	5	9	0	-1	0	0.5926	-1.0000
16	448	2	686.3803	6	2	0	-1	0	0.5926	-1.0000
16	449	2	687.9136	7	4	0	-1	0	0.5926	-1.0000
16	450	2	689.4468	8	5	0	-1	0	0.5926	-1.0000
16	451	2	690.9801	7	4	0	-1	0	0.5926	-1.0000
16	452	2	692.5133	6	2	0	-1	0	0.5926	-1.0000
16	453	2	694.0466	8	5	0	-1	0	0.5926	-1.0000
16	454	2	695.5798	6	2	0	-1	0	0.5926	-1.0000
16	455	2	697.1131	7	4	0	-1	0	0.5926	-1.0000
16	456	2	698.6463	5	9	0	-1	0	0.5926	-1.0000
16	457	2	700.1796	6	2	0	-1	0	0.5926	-1.0000
16	458	2	701.7128	5	9	0	-1	0	0.5926	-1.0000
16	459	2	703.2461	7	4	0	-1	0	0.5926	-1.0000
16	460	2	704.7794	4	12	0	-1	0	0.5926	-1.0000
16	461	2	706.3126	7	4	0	-1	0	0.5926	-1.0000
16	462	2	707.8459	8	5	0	-1	0	0.5926	-1.0000
16	463	2	709.3791	7	4	0	-1	0	0.5926	-1.0000
16	464	2	710.9124	6	2	0	-1	0	0.5926	-1.0000
16	465	2	712.4456	4	12	0	-1	0	0.5926	-1.0000
16	466	2	713.9789	3	3	0	-1	0	0.5926	-1.0000
16	467	2	715.5121	2	10	0	-1	1	0.5818	1.1739
16	468	2	717.0453	1	13	0	-1	0	0.5818	-1.0000
16	469	2	718.5786	15	11	0	-1	0	0.5818	-1.0000
16	470	2	720.1119	14	7	0	-1	0	0.5818	-1.0000
16	471	2	721.6451	13	15	0	-1	1	0.5893	0.7215
16	472	2	723.1784	12	6	0	-1	0	0.5893	-1.0000
16	473	2	724.7116	11	1	0	-1	0	0.5893	-1.0000
16	474	2	726.2449	10	14	0	-1	0	0.5893	-1.0000
16	475	2	727.7781	9	8	0	-1	0	0.5893	-1.0000
16	476	2	729.3114	8	5	0	-1	1	0.5965	0.7987
16	477	2	730.8446	7	4	0	-1	0	0.5965	-1.0000
16	478	2	732.3779	6	2	0	-1	0	0.5965	-1.0000
16	479	2	733.9111	5	9	0	-1	1	0.5862	1.3028
16	480	2	735.4444	4	12	0	-1	1	0.5763	0.2022
16	481	2	736.9776	7	4	0	-1	0	0.5763	-1.0000
16	482	2	738.5109	5	9	0	-1	0	0.5763	-1.0000
16	483	2	740.0442	4	12	0	-1	0	0.5763	-1.0000
16	484	2	741.5774	3	3	0	-1	0	0.5763	-1.0000
16	485	2	743.1106	2	10	0	-1	0	0.5763	-1.0000
16	486	2	744.6439	14	7	0	-1	1	0.5667	0.1540
16	487	2	746.1772	15	11	0	-1	0	0.5667	-1.0000
16	488	2	747.7104	14	7	0	-1	0	0.5667	-1.0000
16	489	2	749.2437	13	15	0	-1	0	0.5667	-1.0000
16	490	2	750.7769	12	6	0	-1	0	0.5667	-1.0000
16	491	2	752.3101	9	8	0	-1	1	0.5574	1.2564
16	492	2	753.8434	12	6	0	-1	0	0.5574	-1.0000
16	493	2	755.3766	13	15	0	-1	0	0.5574	-1.0000
16	494	2	756.9099	14	7	0	-1	0	0.5574	-1.0000
16	495	2	758.4432	15	11	0	-1	0	0.5574	-1.0000
16	496	2	759.9764	1	13	0	-1	0	0.5574	-1.0000
16	497	2	761.5097	2	10	0	-1	0	0.5574	-1.0000
16	498	2	763.0429	3	3	0	-1	0	0.5574	-1.0000
16	499	2	764.5762	4	12	0	-1	0	0.5574	-1.0000
16	500	2	766.1095	5	9	0	-1	1	0.5484	0.0960
16	501	2	767.6427	6	2	0	-1	0	0.5484	-1.0000
16	502	2	769.1759	7	4	0	-1	0	0.5484	-1.0000
16	503	2	770.7092	8	5	0	-1	0	0.5484	-1.0000
16	504	2	772.2425	9	8	0	-1	1	0.5556	1.0837
16	505	2	773.7757	10	14	0	-1	0	0.5556	-1.0000
16	506	2	775.3090	11	1	0	-1	0	0.5556	-1.0000
16	507	2	776.8422	12	6	0	-1	0	0.5556	-1.0000
16	508	2	778.3754	13	15	0	-1	0	0.5556	-1.0000
16	509	2	779.9087	14	7	0	-1	0	0.5556	-1.0000
16	510	2	781.4420	15	11	0	-1	1	0.5469	0.8920
16	511	2	782.9752	1	13	0	-1	0	0.5469	-1.0000
16	512	2	784.5085	2	10	0	-1	0	0.5469	-1.0000
16	513	2	786.0417	14	7	0	-1	0	0.5469	-1.0000
16	514	2	787.5750	2	10	0	-1	0	0.5469	-1.0000
16	515	2	789.1082	15	11	0	-1	0	0.5469	-1.0000
16	516	2	790.6415	3	3	0	-1	0	0.5469	-1.0000
16	517	2	792.1747	15	11	0	-1	0	0.5469	-1.0000
16	518	2	793.7080	2	10	0	-1	0	0.5469	-1.0000
16	519	2	795.2412	14	7	0	-1	0	0.5469	-1.0000
16	520	2	796.7745	2	10	0	-1	0	0.5469	-1.0000
16	521	2	798.3077	1	13	0	-1	0	0.5469	-1.0000
16	522	2	799.8410	3	3	0	-1	0	0.5469	-1.0000
16	523	2	801.3742	4	12	0	-1	1	0.5538	1.1043
16	524	2	802.9075	7	4	0	-1	0	0.5538	-1.0000
16	525	2	804.4407	8	5	0	-1	0	0.5538	-1.0000
16	526	2	805.9739	7	4	0	-1	0	0.5538	-1.0000
16	527	2	807.5072	6	2	0	-1	0	0.5538	-1.0000
16	528	2	809.0405	5	9	0	-1	0	0.5538	-1.0000
16	529	2	810.5738	4	12	0	-1	0	0.5538	-1.0000
16	530	2	812.1069	3	3	0	-1	0	0.5538	-1.0000
16	531	2	813.6402	2	10	0	-1	0	0.5538	-1.0000
16	532	2	815.1735	1	13	0	-1	0	0.5538	-1.0000
16	533	2	816.7068	15	11	0	-1	0	0.5538	-1.0000
16	534	2	818.2400	14	7	0	-1	0	0.5538	-1.0000
16	535	2	819.7733	13	15	0	-1	1	0.5606	0.6396
16	536	2	821.3064	12	6	0	-1	0	0.5606	-1.0000
16	537	2	822.8398	11	1	0	-1	0	0.5606	-1.0000
16	538	2	824.3730	10	14	0	-1	0	0.5606	-1.0000
16	539	2	825.9062	9	8	0	-1	0	0.5606	-1.0000
16	540	2	827.4395	8	5	0	-1	1	0.5672	1.0870
16	541	2	828.9728	7	4	0	-1	0	0.5672	-1.0000
16	542	2	830.5060	8	5	0	-1	0	0.5672	-1.0000
16	543	2	832.0392	7	4	0	-1	0	0.5672	-1.0000
16	544	2	833.5725	8	5	0	-1	0	0.5672	-1.0000
16	545	2	835.1058	6	2	0	-1	0	0.5672	-1.0000
16	546	2	836.6390	8	5	0	-1	0	0.5672	-1.0000
16	547	2	838.1723	9	8	0	-1	1	0.5735	0.7057
16	548	2	839.7055	12	6	0	-1	0	0.5735	-1.0000
16	549	2	841.2388	11	1	0	-1	0	0.5735	-1.0000
16	550	2	842.7721	12	6	0	-1	0	0.5735	-1.0000
16	551	2	844.3053	13	15	0	-1	0	0.5735	-1.0000
16	552	2	845.8386	12	6	0	-1	0	0.5735	-1.0000
16	553	2	847.3718	9	8	0	-1	0	0.5735	-1.0000
16	554	2	848.9050	8	5	0	-1	1	0.5797	0.8049
16	555	2	850.4383	9	8	0	-1	0	0.5797	-1.0000
16	556	2	851.9715	10	14	0	-1	0	0.5797	-1.0000
16	557	2	853.5048	11	1	0	-1	0	0.5797	-1.0000
16	558	2	855.0381	12	6	0	-1	0	0.5797	-1.0000
16	559	2	856.5713	13	15	0	-1	0	0.5797	-1.0000
16	560	2	858.1046	14	7	0	-1	0	0.5797	-1.0000
16	561	2	859.6378	15	11	0	-1	1	0.5714	0.6487
16	562	2	861.1711	1	13	0	-1	0	0.5714	-1.0000
16	563	2	862.7043	2	10	0	-1	0	0.5714	-1.0000
16	564	2	864.2376	3	3	0	-1	0	0.5714	-1.0000
16	565	2	865.7708	4	12	0	-1	0	0.5714	-1.0000
16	566	2	867.3041	5	9	0	-1	0	0.5714	-1.0000
16	567	2	868.8373	6	2	0	-1	0	0.5714	-1.0000
16	568	2	870.3706	7	4	0	-1	0	0.5714	-1.0000
16	569	2	871.9038	8	5	0	-1	0	0.5714	-1.0000
16	570	2	873.4371	9	8	0	-1	1	0.5775	0.8968
16	571	2	874.9703	10	14	0	-1	0	0.5775	-1.0000
16	572	2	876.5036	9	8	0	-1	0	0.5775	-1.0000
16	573	2	878.0368	8	5	0	-1	0	0.5775	-1.0000
16	574	2	879.5701	6	2	0	-1	0	0.5775	-1.0000
16	575	2	881.1034	8	5	0	-1	0	0.5775	-1.0000
16	576	2	882.6366	7	4	0	-1	1	0.5694	1.2167
16	577	2	884.1698	6	2	0	-1	0	0.5694	-1.0000
16	578	2	885.7031	7	4	0	-1	0	0.5694	-1.0000
16	579	2	887.2364	8	5	0	-1	0	0.5694	-1.0000
16	580	2	888.7696	9	8	0	-1	1	0.5753	0.9082
16	581	2	890.3028	12	6	0	-1	0	0.5753	-1.0000
16	582	2	891.8361	9	8	0	-1	0	0.5753	-1.0000
16	583	2	893.3693	12	6	0	-1	0	0.5753	-1.0000
16	584	2	894.9026	9	8	0	-1	0	0.5753	-1.0000
16	585	2	896.4359	10	14	0	-1	0	0.5753	-1.0000
16	586	2	897.9691	9	8	0	-1	0	0.5753	-1.0000
16	587	2	899.5024	8	5	0	-1	0	0.5753	-1.0000
16	588	2	901.0356	7	4	0	-1	0	0.5753	-1.0000
16	589	2	902.5689	6	2	0	-1	0	0.5753	-1.0000
16	590	2	904.1021	5	9	0	-1	0	0.5753	-1.0000
16	591	2	905.6353	4	12	0	-1	0	0.5753	-1.0000
16	592	2	907.1686	3	3	0	-1	0	0.5753	-1.0000
16	593	2	908.7019	2	10	0	-1	1	0.5676	1.0558
16	594	2	910.2351	1	13	0	-1	0	0.5676	-1.0000
16	595	2	911.7684	15	11	0	-1	0	0.5676	-1.0000
16	596	2	913.3016	14	7	0	-1	0	0.5676	-1.0000
16	597	2	914.8349	13	15	0	-1	1	0.5733	0.6679
16	598	2	916.3681	12	6	0	-1	0	0.5733	-1.0000
16	599	2	917.9014	11	1	0	-1	0	0.5733	-1.0000
16	600	2	919.4346	10	14	0	-1	0	0.5733	-1.0000
Actual parsing ratio
0.5733
Possible node parses
88.0000
 Node parses selected
0.4886
Possible other parses
512.0000
Other parses selected
0.0625
Chance parsing ratio
0.1467
