*********************************************
* Date/Time: 05-Nov-2019 08:59:32
* Seed: 210797.7
* Subject Number: 027
2	1	15	6	10	9	13	11	4	8	14	7	12	3	5	
*********************************************

Shape exposure time (seconds)
58.8474
subject	trial	phase	onset	node	shape	rotate	acc	resp	total	rt
27	1	1	1.0166	6	9	0	-1	0	0.0000	-1.0000
27	2	1	2.7832	4	6	90	-1	0	0.0000	-1.0000
27	3	1	4.8331	6	9	0	1	1	0.3333	1.1964
27	4	1	6.3830	8	11	90	0	1	0.2500	0.8627
27	5	1	7.9329	6	9	0	1	1	0.4000	1.1847
27	6	1	9.4828	5	10	0	1	1	0.5000	0.8496
27	7	1	11.0327	7	13	0	0	1	0.4286	0.8048
27	8	1	12.5827	5	10	0	1	1	0.5000	0.9821
27	9	1	14.1326	6	9	0	1	1	0.5556	0.8894
27	10	1	15.6825	5	10	0	1	1	0.6000	0.8740
27	11	1	17.2324	6	9	0	1	1	0.6364	0.7651
27	12	1	18.7824	5	10	0	1	1	0.6667	0.7341
27	13	1	20.3323	6	9	0	1	1	0.6923	0.7534
27	14	1	21.8822	7	13	0	0	1	0.6429	1.0422
27	15	1	23.5154	5	10	0	1	1	0.6667	0.8822
27	16	1	25.0653	6	9	0	1	1	0.6875	0.6444
27	17	1	26.6153	7	13	0	0	1	0.6471	0.9504
27	18	1	28.1652	6	9	0	1	1	0.6667	0.8711
27	19	1	29.7151	5	10	90	0	1	0.6316	0.6352
27	20	1	31.2650	8	11	0	1	1	0.6500	1.1005
27	21	1	32.8150	9	4	0	0	1	0.6190	1.1655
27	22	1	34.5649	8	11	0	-1	0	0.5909	-1.0000
27	23	1	36.5981	6	9	0	1	1	0.6087	1.4944
27	24	1	38.2313	4	6	90	0	1	0.5833	1.2691
27	25	1	40.0479	5	10	90	0	1	0.5600	1.4852
27	26	1	42.0812	8	11	0	-1	0	0.5385	-1.0000
27	27	1	44.1144	5	10	0	-1	0	0.5185	-1.0000
27	28	1	46.1643	6	9	0	1	1	0.5357	0.9049
27	29	1	47.7142	5	10	0	0	1	0.5172	1.0034
27	30	1	49.2641	7	13	0	0	1	0.5000	1.4849
27	31	1	51.2807	5	10	90	0	1	0.4839	1.4038
27	32	1	53.2306	8	11	0	1	1	0.5000	1.1180
27	33	1	54.7805	9	4	0	1	1	0.5152	1.0889
27	34	1	56.3304	8	11	0	1	1	0.5294	0.9792
27	35	1	57.8803	9	4	0	1	1	0.5429	0.7736
27	36	1	59.4302	11	14	0	1	1	0.5556	0.9502
27	37	1	60.9802	10	8	0	1	1	0.5676	0.6804
27	38	1	62.5301	13	12	0	1	1	0.5789	0.6519
27	39	1	64.0800	12	7	0	1	1	0.5897	0.6855
27	40	1	65.6299	10	8	0	1	1	0.6000	0.6225
27	41	1	67.1798	13	12	90	0	1	0.5854	0.7379
27	42	1	68.7298	11	14	0	1	1	0.5952	0.9805
27	43	1	70.2797	12	7	90	0	1	0.5814	1.1257
27	44	1	71.9963	13	12	0	0	1	0.5682	1.3614
27	45	1	73.9462	11	14	90	1	1	0.5778	1.3315
27	46	1	75.4961	12	7	0	1	1	0.5870	1.3003
27	47	1	77.0460	11	14	0	0	1	0.5745	1.2556
27	48	1	78.8626	13	12	0	1	1	0.5833	1.0059
27	49	1	80.4125	11	14	0	1	1	0.5918	1.2472
27	50	1	81.9624	12	7	0	1	1	0.6000	1.0100
27	51	1	83.5123	10	8	0	1	1	0.6078	0.8692
27	52	1	85.0622	12	7	0	1	1	0.6154	0.7102
27	53	1	86.6122	10	8	90	0	1	0.6038	0.6803
27	54	1	88.1621	12	7	90	0	1	0.5926	0.6996
27	55	1	89.7120	11	14	0	1	1	0.6000	0.8296
27	56	1	91.2619	10	8	0	1	1	0.6071	1.1355
27	57	1	92.8118	9	4	0	1	1	0.6140	1.0098
27	58	1	94.3618	11	14	0	1	1	0.6207	1.1878
27	59	1	95.9117	12	7	0	1	1	0.6271	0.9021
27	60	1	97.4616	9	4	0	1	1	0.6333	0.8080
27	61	1	99.0115	8	11	90	0	1	0.6230	0.8259
27	62	1	100.5615	7	13	90	0	1	0.6129	0.8600
27	63	1	102.1114	8	11	0	-1	0	0.6032	-1.0000
27	64	1	104.2113	9	4	0	1	1	0.6094	1.1453
27	65	1	105.7612	8	11	0	1	1	0.6154	1.3885
27	66	1	107.3111	7	13	0	1	1	0.6212	0.9896
27	67	1	108.8610	8	11	0	1	1	0.6269	0.8636
27	68	1	110.4109	6	9	0	1	1	0.6324	0.7386
27	69	1	111.9609	7	13	0	1	1	0.6377	0.7717
27	70	1	113.5108	4	6	0	0	1	0.6286	1.3499
27	71	1	115.3607	5	10	0	1	1	0.6338	1.2451
27	72	1	116.9106	7	13	90	1	1	0.6389	0.9110
27	73	1	118.4605	4	6	0	1	1	0.6438	1.1359
27	74	1	120.0104	5	10	0	1	1	0.6486	1.2517
27	75	1	121.5603	4	6	0	1	1	0.6533	1.0143
27	76	1	123.1103	6	9	0	1	1	0.6579	0.7261
27	77	1	124.6602	7	13	0	1	1	0.6623	0.8084
27	78	1	126.2101	8	11	0	1	1	0.6667	0.8272
27	79	1	127.7600	7	13	90	0	1	0.6582	1.1804
27	80	1	129.4766	4	6	90	0	1	0.6500	0.9051
27	81	1	131.0266	7	13	0	1	1	0.6543	0.8911
27	82	1	132.5765	8	11	0	1	1	0.6585	0.9419
27	83	1	134.1264	9	4	0	-1	0	0.6506	-1.0000
27	84	1	136.1596	8	11	0	-1	0	0.6429	-1.0000
27	85	1	138.1928	6	9	0	1	1	0.6471	0.7648
27	86	1	139.7427	5	10	90	0	1	0.6395	1.3269
27	87	1	141.6593	7	13	0	0	1	0.6322	1.3945
27	88	1	143.6092	6	9	0	1	1	0.6364	0.6765
27	89	1	145.1591	5	10	0	1	1	0.6404	0.8213
27	90	1	146.7091	7	13	90	0	1	0.6333	0.7606
27	91	1	148.2590	5	10	0	1	1	0.6374	0.9228
27	92	1	149.8089	6	9	0	1	1	0.6413	0.6368
27	93	1	151.3588	7	13	0	0	1	0.6344	1.0868
27	94	1	152.9753	6	9	90	1	1	0.6383	0.9902
27	95	1	154.5253	4	6	0	1	1	0.6421	0.7833
27	96	1	156.0752	7	13	0	1	1	0.6458	0.9306
27	97	1	157.6252	8	11	0	1	1	0.6495	0.8046
27	98	1	159.1751	6	9	0	1	1	0.6531	0.6466
27	99	1	160.7250	4	6	0	1	1	0.6566	0.9355
27	100	1	162.2749	6	9	90	1	1	0.6600	0.8747
27	101	1	163.8248	8	11	0	1	1	0.6634	0.8607
27	102	1	165.3748	7	13	0	1	1	0.6667	0.9915
27	103	1	166.9247	5	10	0	1	1	0.6699	0.8816
27	104	1	168.4746	6	9	0	1	1	0.6731	0.6591
27	105	1	170.0245	4	6	0	1	1	0.6762	0.9966
27	106	1	171.5744	5	10	90	0	1	0.6698	1.2074
27	107	1	173.3243	6	9	0	1	1	0.6729	0.7201
27	108	1	174.8743	7	13	0	0	1	0.6667	0.9154
27	109	1	176.4242	6	9	0	1	1	0.6697	0.7415
27	110	1	177.9741	4	6	90	0	1	0.6636	0.8075
27	111	1	179.5240	5	10	0	0	1	0.6577	1.2421
27	112	1	181.3073	4	6	0	1	1	0.6607	1.4424
27	113	1	182.8905	6	9	90	1	1	0.6637	0.8034
27	114	1	184.4404	5	10	0	-1	0	0.6579	-1.0000
27	115	1	186.4903	8	11	0	1	1	0.6609	1.2516
27	116	1	188.0402	6	9	0	1	1	0.6638	0.7252
27	117	1	189.5902	4	6	0	1	1	0.6667	1.0638
27	118	1	191.1401	7	13	0	1	1	0.6695	0.8895
27	119	1	192.6900	4	6	0	1	1	0.6723	0.8745
27	120	1	194.2399	6	9	0	1	1	0.6750	0.6854
27	121	1	195.7899	5	10	0	1	1	0.6777	1.2306
27	122	1	197.3398	6	9	0	1	1	0.6803	0.7859
27	123	1	198.8897	7	13	0	1	1	0.6829	0.7088
27	124	1	200.4396	4	6	0	1	1	0.6855	0.8219
27	125	1	201.9896	7	13	0	1	1	0.6880	0.8082
27	126	1	203.5394	8	11	0	1	1	0.6905	0.9541
27	127	1	205.0894	7	13	0	1	1	0.6929	1.2763
27	128	1	206.6393	4	6	0	1	1	0.6953	0.9743
27	129	1	208.1892	5	10	0	0	1	0.6899	1.3770
27	130	1	210.1058	4	6	0	1	1	0.6923	0.9158
27	131	1	211.6557	6	9	0	1	1	0.6947	0.6623
27	132	1	213.2056	5	10	0	1	1	0.6970	0.6948
27	133	1	214.7555	8	11	0	1	1	0.6992	1.1620
27	134	1	216.3054	7	13	0	1	1	0.7015	0.8283
27	135	1	217.8554	8	11	0	1	1	0.7037	0.7651
27	136	1	219.4053	6	9	0	1	1	0.7059	0.6243
27	137	1	220.9552	7	13	0	1	1	0.7080	0.7704
27	138	1	222.5051	5	10	0	1	1	0.7101	0.7565
27	139	1	224.0551	8	11	0	1	1	0.7122	0.5825
27	140	1	225.6050	6	9	0	1	1	0.7143	0.5367
27	141	1	227.1549	7	13	0	1	1	0.7163	0.6511
27	142	1	228.7048	6	9	0	1	1	0.7183	0.6052
27	143	1	230.2547	7	13	0	1	1	0.7203	0.5597
27	144	1	231.8046	5	10	0	1	1	0.7222	0.4810
27	145	1	233.3546	7	13	0	1	1	0.7241	0.7380
27	146	1	234.9045	8	11	90	0	1	0.7192	1.0132
27	147	1	236.4877	7	13	0	1	1	0.7211	0.9659
27	148	1	238.0376	5	10	90	1	1	0.7230	0.8241
27	149	1	239.5876	4	6	0	1	1	0.7248	0.6649
27	150	1	241.1375	3	15	0	1	1	0.7267	1.0511
27	151	1	242.6874	1	2	90	-1	0	0.7219	-1.0000
27	152	1	244.7373	2	1	0	1	1	0.7237	0.8602
27	153	1	246.2872	3	15	0	1	1	0.7255	0.8308
27	154	1	247.8372	1	2	0	-1	0	0.7208	-1.0000
27	155	1	249.8870	15	5	0	1	1	0.7226	1.0706
27	156	1	251.4370	1	2	0	0	1	0.7179	1.2171
27	157	1	253.2035	3	15	0	1	1	0.7197	0.8903
27	158	1	254.7535	1	2	0	1	1	0.7215	0.7327
27	159	1	256.3034	14	3	0	1	1	0.7233	0.7491
27	160	1	257.8533	2	1	0	1	1	0.7250	0.8797
27	161	1	259.4032	1	2	0	1	1	0.7267	0.8492
27	162	1	260.9532	3	15	0	1	1	0.7284	1.0439
27	163	1	262.5031	4	6	0	1	1	0.7301	0.6784
27	164	1	264.0530	3	15	0	1	1	0.7317	0.7276
27	165	1	265.6029	2	1	0	1	1	0.7333	0.6656
27	166	1	267.1528	15	5	90	1	1	0.7349	1.2290
27	167	1	268.7027	1	2	0	1	1	0.7365	0.9429
27	168	1	270.2527	14	3	0	-1	0	0.7321	-1.0000
27	169	1	272.3192	1	2	90	1	1	0.7337	1.1492
27	170	1	273.8691	15	5	90	1	1	0.7353	0.8806
27	171	1	275.4191	3	15	0	1	1	0.7368	0.9306
27	172	1	276.9690	1	2	0	1	1	0.7384	0.8516
27	173	1	278.5189	2	1	0	1	1	0.7399	0.7748
27	174	1	280.0688	1	2	0	1	1	0.7414	0.6797
27	175	1	281.6187	14	3	90	0	1	0.7371	0.4897
27	176	1	283.1686	2	1	0	1	1	0.7386	0.7488
27	177	1	284.7186	1	2	0	1	1	0.7401	0.7991
27	178	1	286.2685	3	15	0	1	1	0.7416	0.9921
27	179	1	287.8184	1	2	0	1	1	0.7430	0.6435
27	180	1	289.3684	3	15	0	1	1	0.7444	0.6613
27	181	1	290.9183	4	6	0	1	1	0.7459	0.8557
27	182	1	292.4682	3	15	90	1	1	0.7473	0.8884
27	183	1	294.0181	4	6	0	1	1	0.7486	0.6196
27	184	1	295.5680	7	13	0	1	1	0.7500	0.7187
27	185	1	297.1179	5	10	0	1	1	0.7514	1.2947
27	186	1	298.6678	8	11	90	0	1	0.7473	0.8166
27	187	1	300.2178	7	13	90	0	1	0.7433	0.6923
27	188	1	301.7677	5	10	90	0	1	0.7394	1.3342
27	189	1	303.6343	4	6	0	1	1	0.7407	0.8590
27	190	1	305.1842	5	10	0	0	1	0.7368	0.8604
27	191	1	306.7341	4	6	0	1	1	0.7382	0.7343
27	192	1	308.2840	5	10	0	1	1	0.7396	1.0244
27	193	1	309.8339	7	13	0	1	1	0.7409	0.9478
27	194	1	311.3839	4	6	0	1	1	0.7423	0.8057
27	195	1	312.9338	7	13	0	1	1	0.7436	0.6147
27	196	1	314.4837	6	9	0	1	1	0.7449	0.6821
27	197	1	316.0336	5	10	0	1	1	0.7462	1.0199
27	198	1	317.5835	4	6	0	1	1	0.7475	0.7011
27	199	1	319.1334	5	10	0	1	1	0.7487	0.6230
27	200	1	320.6834	4	6	0	1	1	0.7500	0.6744
27	201	1	322.2333	3	15	0	1	1	0.7512	0.7884
27	202	1	323.7832	2	1	0	1	1	0.7525	0.6783
27	203	1	325.3332	14	3	0	1	1	0.7537	0.7926
27	204	1	326.8831	15	5	0	0	1	0.7500	1.2906
27	205	1	328.7163	14	3	0	1	1	0.7512	0.7693
27	206	1	330.2662	13	12	0	1	1	0.7524	0.8673
27	207	1	331.8161	14	3	0	1	1	0.7536	0.6616
27	208	1	333.3660	2	1	0	1	1	0.7548	0.6798
27	209	1	334.9160	1	2	0	1	1	0.7560	0.9539
27	210	1	336.4659	3	15	0	1	1	0.7571	0.8107
27	211	1	338.0158	4	6	0	1	1	0.7583	0.7008
27	212	1	339.5657	3	15	0	1	1	0.7594	0.6079
27	213	1	341.1157	2	1	0	1	1	0.7606	0.6261
27	214	1	342.6656	14	3	90	0	1	0.7570	0.6124
27	215	1	344.2155	15	5	0	1	1	0.7581	0.6942
27	216	1	345.7654	14	3	0	1	1	0.7593	0.6311
27	217	1	347.3153	2	1	0	1	1	0.7604	0.6191
27	218	1	348.8652	1	2	0	1	1	0.7615	1.0192
27	219	1	350.4152	15	5	0	1	1	0.7626	1.0373
27	220	1	351.9651	2	1	90	0	1	0.7591	0.7206
27	221	1	353.5150	1	2	0	1	1	0.7602	0.9467
27	222	1	355.0649	2	1	0	1	1	0.7613	1.0137
27	223	1	356.6149	14	3	0	1	1	0.7623	0.7269
27	224	1	358.1648	1	2	0	1	1	0.7634	0.8096
27	225	1	359.7147	15	5	0	1	1	0.7644	0.9060
27	226	1	361.2646	2	1	0	1	1	0.7655	0.7172
27	227	1	362.8145	3	15	90	1	1	0.7665	1.0392
27	228	1	364.3644	15	5	0	1	1	0.7675	0.8651
27	229	1	365.9144	1	2	90	1	1	0.7686	1.1061
27	230	1	367.4643	2	1	90	0	1	0.7652	0.6454
27	231	1	369.0142	3	15	0	-1	0	0.7619	-1.0000
27	232	1	371.0474	4	6	0	1	1	0.7629	0.9502
27	233	1	372.5974	3	15	0	1	1	0.7639	0.6791
27	234	1	374.1473	1	2	90	0	1	0.7607	1.2754
27	235	1	375.9805	2	1	0	1	1	0.7617	0.8172
27	236	1	377.5304	15	5	0	1	1	0.7627	0.9313
27	237	1	379.0803	2	1	0	1	1	0.7637	0.7260
27	238	1	380.6303	3	15	0	1	1	0.7647	0.7584
27	239	1	382.1802	4	6	0	1	1	0.7657	1.0497
27	240	1	383.7301	3	15	0	1	1	0.7667	0.6515
27	241	1	385.2800	2	1	0	1	1	0.7676	0.5897
27	242	1	386.8299	3	15	0	1	1	0.7686	0.6558
27	243	1	388.3799	1	2	0	1	1	0.7695	0.6098
27	244	1	389.9298	14	3	0	1	1	0.7705	0.5805
27	245	1	391.4797	15	5	0	1	1	0.7714	0.6128
27	246	1	393.0297	2	1	0	1	1	0.7724	0.5519
27	247	1	394.5796	15	5	0	1	1	0.7733	0.6341
27	248	1	396.1295	2	1	90	0	1	0.7702	0.5082
27	249	1	397.6794	1	2	0	1	1	0.7711	0.6852
27	250	1	399.2293	15	5	0	1	1	0.7720	0.6086
27	251	1	400.7792	3	15	0	1	1	0.7729	0.7054
27	252	1	402.3291	15	5	0	1	1	0.7738	0.6606
27	253	1	403.8791	2	1	90	0	1	0.7708	0.7096
27	254	1	405.4290	1	2	0	1	1	0.7717	0.8087
27	255	1	406.9789	14	3	0	1	1	0.7725	0.6187
27	256	1	408.5288	2	1	0	-1	0	0.7695	-1.0000
27	257	1	410.6121	15	5	0	1	1	0.7704	0.7136
27	258	1	412.1620	3	15	0	1	1	0.7713	0.7466
27	259	1	413.7119	4	6	0	1	1	0.7722	0.9406
27	260	1	415.2618	3	15	0	1	1	0.7731	1.1037
27	261	1	416.8117	15	5	90	1	1	0.7739	0.8501
27	262	1	418.3616	3	15	0	1	1	0.7748	0.7395
27	263	1	419.9116	1	2	0	1	1	0.7757	0.7262
27	264	1	421.4615	14	3	0	1	1	0.7765	0.7431
27	265	1	423.0114	13	12	0	0	1	0.7736	1.0014
27	266	1	424.5613	12	7	90	0	1	0.7707	0.9403
27	267	1	426.1112	11	14	0	1	1	0.7715	1.1025
27	268	1	427.6611	10	8	0	1	1	0.7724	1.4245
27	269	1	429.2277	12	7	0	1	1	0.7732	1.3785
27	270	1	430.7777	13	12	0	1	1	0.7741	1.1708
27	271	1	432.3276	10	8	0	1	1	0.7749	1.0621
27	272	1	433.8775	12	7	0	0	1	0.7721	0.9367
27	273	1	435.4274	10	8	0	1	1	0.7729	0.8902
27	274	1	436.9773	9	4	0	1	1	0.7737	0.9713
27	275	1	438.5273	11	14	90	0	1	0.7709	1.2785
27	276	1	440.3605	12	7	90	0	1	0.7681	0.8054
27	277	1	441.9104	9	4	90	0	1	0.7653	1.0152
27	278	1	443.5104	12	7	0	0	1	0.7626	1.0480
27	279	1	445.0936	11	14	0	-1	0	0.7599	-1.0000
27	280	1	447.1102	13	12	0	1	1	0.7607	0.9675
27	281	1	448.6601	12	7	0	0	1	0.7580	1.1458
27	282	1	450.3767	11	14	0	1	1	0.7589	1.4126
27	283	1	451.9266	9	4	0	1	1	0.7597	1.1741
27	284	1	453.4765	11	14	0	1	1	0.7606	0.8102
27	285	1	455.0264	9	4	0	1	1	0.7614	0.7141
27	286	1	456.5763	11	14	0	1	1	0.7622	0.7654
27	287	1	458.1263	10	8	0	1	1	0.7631	0.7183
27	288	1	459.6762	11	14	90	0	1	0.7604	0.6403
27	289	1	461.2261	13	12	0	1	1	0.7612	0.8685
27	290	1	462.7760	10	8	0	1	1	0.7621	0.6937
27	291	1	464.3259	13	12	0	1	1	0.7629	0.7599
27	292	1	465.8759	14	3	0	1	1	0.7637	0.6180
27	293	1	467.4258	15	5	90	1	1	0.7645	0.9233
27	294	1	468.9757	2	1	0	1	1	0.7653	0.5902
27	295	1	470.5256	1	2	0	1	1	0.7661	0.7360
27	296	1	472.0755	15	5	0	1	1	0.7669	0.9461
27	297	1	473.6254	14	3	0	1	1	0.7677	0.6604
27	298	1	475.1754	15	5	90	1	1	0.7685	0.8855
27	299	1	476.7253	2	1	90	1	1	0.7692	1.0632
27	300	1	478.2752	14	3	0	1	1	0.7700	0.6670
27	301	1	479.8251	2	1	0	1	1	0.7708	1.2445
27	302	1	481.3750	15	5	0	1	1	0.7715	0.9426
27	303	1	482.9250	1	2	0	1	1	0.7723	0.6888
27	304	1	484.4749	3	15	0	1	1	0.7730	0.8816
27	305	1	486.0248	1	2	90	1	1	0.7738	0.8686
27	306	1	487.5747	15	5	0	1	1	0.7745	1.3017
27	307	1	489.1247	1	2	0	1	1	0.7752	0.7929
27	308	1	490.6746	15	5	0	1	1	0.7760	0.6500
27	309	1	492.2245	14	3	0	1	1	0.7767	0.6372
27	310	1	493.7744	13	12	0	1	1	0.7774	0.7981
27	311	1	495.3243	10	8	0	1	1	0.7781	0.5140
27	312	1	496.8742	11	14	0	1	1	0.7788	0.8983
27	313	1	498.4242	13	12	0	0	1	0.7764	1.0772
27	314	1	500.0741	11	14	90	1	1	0.7771	1.1550
27	315	1	501.6240	9	4	0	1	1	0.7778	0.8857
27	316	1	503.1739	11	14	0	1	1	0.7785	0.7918
27	317	1	504.7238	12	7	0	1	1	0.7792	1.4499
27	318	1	506.2738	10	8	0	1	1	0.7799	0.6837
27	319	1	507.8237	9	4	0	1	1	0.7806	0.6860
27	320	1	509.3736	12	7	0	1	1	0.7813	0.8789
27	321	1	510.9235	10	8	0	1	1	0.7819	0.6575
27	322	1	512.4734	9	4	90	1	1	0.7826	0.9964
27	323	1	514.0233	12	7	0	0	1	0.7802	1.1572
27	324	1	515.7733	9	4	0	1	1	0.7809	0.7045
27	325	1	517.3232	8	11	0	1	1	0.7815	1.0425
27	326	1	518.8731	9	4	0	1	1	0.7822	0.7554
27	327	1	520.4230	11	14	0	1	1	0.7829	0.6786
27	328	1	521.9729	9	4	0	1	1	0.7835	0.5847
27	329	1	523.5229	11	14	90	0	1	0.7812	0.7474
27	330	1	525.0728	12	7	0	1	1	0.7818	0.6849
27	331	1	526.6227	13	12	0	1	1	0.7825	0.6869
27	332	1	528.1726	10	8	0	1	1	0.7831	0.5771
27	333	1	529.7225	13	12	90	1	1	0.7838	0.8028
27	334	1	531.2725	10	8	0	1	1	0.7844	0.6293
27	335	1	532.8223	9	4	0	1	1	0.7851	0.6781
27	336	1	534.3723	8	11	0	1	1	0.7857	0.6963
27	337	1	535.9222	7	13	0	0	1	0.7834	1.0833
27	338	1	537.6055	5	10	0	-1	0	0.7811	-1.0000
27	339	1	539.6220	4	6	0	1	1	0.7817	1.0156
27	340	1	541.1719	3	15	90	1	1	0.7824	0.8739
27	341	1	542.7219	2	1	0	1	1	0.7830	0.6986
27	342	1	544.2718	3	15	0	1	1	0.7836	0.6211
27	343	1	545.8217	15	5	0	1	1	0.7843	0.5440
27	344	1	547.3716	2	1	0	1	1	0.7849	0.6100
27	345	1	548.9215	14	3	0	1	1	0.7855	0.6441
27	346	1	550.4715	13	12	0	1	1	0.7861	0.7740
27	347	1	552.0214	14	3	0	1	1	0.7867	0.5843
27	348	1	553.5713	1	2	0	1	1	0.7874	0.6827
27	349	1	555.1212	3	15	0	1	1	0.7880	0.6046
27	350	1	556.6711	4	6	0	1	1	0.7886	0.6534
27	351	1	558.2211	7	13	90	0	1	0.7863	0.5923
27	352	1	559.7710	4	6	0	1	1	0.7869	0.6425
27	353	1	561.3209	7	13	0	0	1	0.7847	0.6756
27	354	1	562.8708	8	11	0	1	1	0.7853	0.6308
27	355	1	564.4207	5	10	90	0	1	0.7831	0.8735
27	356	1	565.9707	7	13	90	0	1	0.7809	0.7634
27	357	1	567.5206	6	9	0	1	1	0.7815	0.9896
27	358	1	569.0705	7	13	90	0	1	0.7793	0.6540
27	359	1	570.6204	5	10	90	0	1	0.7772	0.9298
27	360	1	572.1703	7	13	0	1	1	0.7778	0.5962
27	361	1	573.7203	4	6	0	1	1	0.7784	0.6782
27	362	1	575.2702	5	10	0	1	1	0.7790	1.3837
27	363	1	576.8201	7	13	0	1	1	0.7796	0.9697
27	364	1	578.3700	6	9	0	1	1	0.7802	0.6519
27	365	1	579.9199	4	6	0	1	1	0.7808	0.6847
27	366	1	581.4699	5	10	90	0	1	0.7787	0.9756
27	367	1	583.0198	7	13	0	1	1	0.7793	0.6260
27	368	1	584.5696	4	6	0	1	1	0.7799	0.6269
27	369	1	586.1196	3	15	0	1	1	0.7805	0.5819
27	370	1	587.6695	4	6	90	1	1	0.7811	1.2238
27	371	1	589.2195	7	13	0	1	1	0.7817	1.0492
27	372	1	590.7694	4	6	90	1	1	0.7823	0.9558
27	373	1	592.3193	3	15	90	1	1	0.7828	1.0064
27	374	1	593.8692	15	5	90	1	1	0.7834	0.8646
27	375	1	595.4191	2	1	0	0	1	0.7813	0.6593
27	376	1	596.9691	3	15	0	1	1	0.7819	0.8196
27	377	1	598.5190	4	6	0	1	1	0.7825	0.6630
27	378	1	600.0689	3	15	0	1	1	0.7831	0.6165
27	379	1	601.6188	15	5	0	1	1	0.7836	0.8105
27	380	1	603.1687	3	15	90	1	1	0.7842	0.8277
27	381	1	604.7186	15	5	90	1	1	0.7848	0.7989
27	382	1	606.2686	1	2	90	1	1	0.7853	0.9941
27	383	1	607.8185	14	3	0	1	1	0.7859	0.7381
27	384	1	609.3684	1	2	0	1	1	0.7865	0.8373
27	385	1	610.9183	15	5	0	1	1	0.7870	0.6634
27	386	1	612.4682	14	3	90	0	1	0.7850	0.6179
27	387	1	614.0182	13	12	0	1	1	0.7855	0.7477
27	388	1	615.5681	12	7	0	1	1	0.7861	1.0373
27	389	1	617.1180	9	4	90	1	1	0.7866	1.2465
27	390	1	618.6680	11	14	0	1	1	0.7872	0.8165
27	391	1	620.2178	12	7	90	1	1	0.7877	1.0918
27	392	1	621.7678	11	14	0	1	1	0.7883	0.7900
27	393	1	623.3177	9	4	0	1	1	0.7888	0.7269
27	394	1	624.8676	10	8	0	1	1	0.7893	0.7135
27	395	1	626.4175	12	7	0	1	1	0.7899	0.6191
27	396	1	627.9675	11	14	0	1	1	0.7904	0.6372
27	397	1	629.5174	12	7	0	1	1	0.7909	0.7033
27	398	1	631.0673	10	8	0	1	1	0.7915	0.6892
27	399	1	632.6172	11	14	90	0	1	0.7895	0.5806
27	400	1	634.1671	13	12	0	1	1	0.7900	0.7576
27	401	1	635.7170	12	7	90	1	1	0.7905	1.0647
27	402	1	637.2670	11	14	0	1	1	0.7910	0.9708
27	403	1	638.8169	10	8	90	1	1	0.7916	0.8926
27	404	1	640.3668	12	7	0	0	1	0.7896	1.0227
27	405	1	641.9167	13	12	0	1	1	0.7901	0.8812
27	406	1	643.4666	10	8	0	1	1	0.7906	0.6898
27	407	1	645.0166	12	7	90	0	1	0.7887	0.5973
27	408	1	646.5665	11	14	90	0	1	0.7868	0.6140
27	409	1	648.1164	13	12	0	1	1	0.7873	0.6653
27	410	1	649.6663	11	14	0	0	1	0.7854	1.1158
27	411	1	651.2829	13	12	90	1	1	0.7859	0.8896
27	412	1	652.8328	12	7	90	1	1	0.7864	1.0357
27	413	1	654.3827	13	12	0	0	1	0.7845	0.9259
27	414	1	655.9327	11	14	0	1	1	0.7850	0.7198
27	415	1	657.4826	13	12	0	1	1	0.7855	0.7551
27	416	1	659.0325	11	14	0	0	1	0.7837	1.1252
27	417	1	660.6658	12	7	0	0	1	0.7818	0.9968
27	418	1	662.2490	13	12	0	1	1	0.7823	0.7254
27	419	1	663.7989	14	3	0	1	1	0.7828	0.6790
27	420	1	665.3488	13	12	0	1	1	0.7833	0.6812
27	421	1	666.8988	14	3	90	0	1	0.7815	0.7003
27	422	1	668.4487	13	12	0	1	1	0.7820	0.8603
27	423	1	669.9986	10	8	0	1	1	0.7825	0.6381
27	424	1	671.5485	9	4	90	1	1	0.7830	0.9120
27	425	1	673.0984	10	8	90	1	1	0.7835	1.0752
27	426	1	674.6484	12	7	0	0	1	0.7817	0.9973
27	427	1	676.1983	11	14	90	1	1	0.7822	0.9679
27	428	1	677.7482	10	8	90	1	1	0.7827	1.0645
27	429	1	679.2981	12	7	0	1	1	0.7832	0.8917
27	430	1	680.8480	13	12	0	1	1	0.7837	0.6379
27	431	1	682.3980	11	14	0	1	1	0.7842	0.6078
27	432	1	683.9479	9	4	90	1	1	0.7847	0.8808
27	433	1	685.4978	11	14	0	0	1	0.7829	1.0276
27	434	1	687.0477	10	8	0	1	1	0.7834	0.6939
27	435	1	688.5977	11	14	0	1	1	0.7839	0.7920
27	436	1	690.1476	9	4	0	1	1	0.7844	0.8089
27	437	1	691.6975	10	8	0	1	1	0.7849	0.6371
27	438	1	693.2474	12	7	0	1	1	0.7854	0.8773
27	439	1	694.7973	13	12	0	1	1	0.7859	0.6401
27	440	1	696.3472	14	3	0	1	1	0.7864	0.7221
27	441	1	697.8972	15	5	0	1	1	0.7868	0.7394
27	442	1	699.4471	1	2	0	1	1	0.7873	0.6295
27	443	1	700.9970	14	3	0	1	1	0.7878	0.6327
27	444	1	702.5469	2	1	90	1	1	0.7883	0.7788
27	445	1	704.0968	3	15	0	1	1	0.7888	0.6211
27	446	1	705.6468	15	5	90	1	1	0.7892	0.7348
27	447	1	707.1967	1	2	0	1	1	0.7897	0.5768
27	448	1	708.7466	14	3	0	1	1	0.7902	0.6112
27	449	1	710.2965	15	5	90	1	1	0.7906	0.6773
27	450	1	711.8464	1	2	90	1	1	0.7911	0.7277
27	451	1	713.3964	14	3	0	1	1	0.7916	0.6492
27	452	1	714.9463	13	12	90	1	1	0.7920	1.1315
27	453	1	716.4962	14	3	0	1	1	0.7925	0.6684
27	454	1	718.0461	2	1	0	0	1	0.7907	0.6231
27	455	1	719.5960	15	5	0	1	1	0.7912	0.6405
27	456	1	721.1460	2	1	0	1	1	0.7917	0.6436
27	457	1	722.6959	1	2	0	1	1	0.7921	0.6288
27	458	1	724.2458	14	3	0	1	1	0.7926	0.5347
27	459	1	725.7957	13	12	0	1	1	0.7930	0.8101
27	460	1	727.3456	11	14	0	0	1	0.7913	1.0518
27	461	1	728.9289	12	7	0	0	1	0.7896	1.0529
27	462	1	730.5122	11	14	0	1	1	0.7900	0.7324
27	463	1	732.0621	10	8	0	1	1	0.7905	0.6238
27	464	1	733.6120	9	4	0	1	1	0.7909	0.6572
27	465	1	735.1619	10	8	0	1	1	0.7914	0.6107
27	466	1	736.7118	9	4	0	1	1	0.7918	0.6140
27	467	1	738.2617	10	8	0	1	1	0.7923	0.5361
27	468	1	739.8117	9	4	0	1	1	0.7927	0.5689
27	469	1	741.3616	8	11	90	0	1	0.7910	1.0191
27	470	1	742.9615	9	4	0	1	1	0.7915	0.6523
27	471	1	744.5114	10	8	0	1	1	0.7919	0.5745
27	472	1	746.0613	12	7	0	1	1	0.7924	0.5129
27	473	1	747.6112	13	12	0	1	1	0.7928	0.7071
27	474	1	749.1612	12	7	0	1	1	0.7932	0.4846
27	475	1	750.7111	13	12	0	1	1	0.7937	0.5505
27	476	1	752.2610	11	14	0	1	1	0.7941	0.7606
27	477	1	753.8109	9	4	0	1	1	0.7945	0.5058
27	478	1	755.3608	8	11	0	1	1	0.7950	1.0037
27	479	1	756.9108	9	4	0	1	1	0.7954	0.5750
27	480	1	758.4607	11	14	0	1	1	0.7958	0.7217
27	481	1	760.0106	10	8	0	1	1	0.7963	0.5461
27	482	1	761.5605	12	7	0	1	1	0.7967	0.6929
27	483	1	763.1104	13	12	0	1	1	0.7971	0.7756
27	484	1	764.6604	11	14	90	0	1	0.7955	0.6174
27	485	1	766.2103	12	7	90	1	1	0.7959	0.8275
27	486	1	767.7602	10	8	90	1	1	0.7963	0.7815
27	487	1	769.3101	12	7	0	1	1	0.7967	0.5917
27	488	1	770.8600	13	12	0	1	1	0.7971	1.0566
27	489	1	772.4100	14	3	0	1	1	0.7975	0.7079
27	490	1	773.9599	2	1	0	1	1	0.7980	0.6615
27	491	1	775.5098	15	5	90	1	1	0.7984	0.7599
27	492	1	777.0597	1	2	0	1	1	0.7988	0.7769
27	493	1	778.6096	14	3	0	1	1	0.7992	0.6674
27	494	1	780.1596	13	12	0	1	1	0.7996	0.6210
27	495	1	781.7095	14	3	0	1	1	0.8000	0.5922
27	496	1	783.2594	2	1	0	1	1	0.8004	0.6264
27	497	1	784.8093	1	2	0	1	1	0.8008	0.6441
27	498	1	786.3592	14	3	0	1	1	0.8012	0.6157
27	499	1	787.9092	15	5	0	1	1	0.8016	0.6805
27	500	1	789.4591	1	2	0	1	1	0.8020	0.6030
27	501	1	791.0090	15	5	0	1	1	0.8024	0.6045
27	502	1	792.5589	14	3	90	0	1	0.8008	0.4947
27	503	1	794.1088	15	5	0	1	1	0.8012	0.6077
27	504	1	795.6587	14	3	90	1	1	0.8016	0.8832
27	505	1	797.2087	15	5	0	1	1	0.8020	0.6138
27	506	1	798.7586	1	2	0	1	1	0.8024	0.5820
27	507	1	800.3085	15	5	90	1	1	0.8028	0.6802
27	508	1	801.8584	2	1	90	1	1	0.8031	0.8274
27	509	1	803.4083	15	5	0	1	1	0.8035	0.6056
27	510	1	804.9583	2	1	90	1	1	0.8039	0.7193
27	511	1	806.5082	3	15	90	1	1	0.8043	1.0563
27	512	1	808.0581	1	2	0	1	1	0.8047	0.5785
27	513	1	809.6080	3	15	90	1	1	0.8051	0.6783
27	514	1	811.1579	2	1	90	0	1	0.8035	1.0803
27	515	1	812.8079	15	5	0	1	1	0.8039	0.6142
27	516	1	814.3578	14	3	90	1	1	0.8043	1.0322
27	517	1	815.9077	15	5	90	1	1	0.8046	0.7940
27	518	1	817.4576	1	2	0	1	1	0.8050	0.6202
27	519	1	819.0075	2	1	0	1	1	0.8054	1.3263
27	520	1	820.5575	15	5	0	1	1	0.8058	0.5601
27	521	1	822.1074	3	15	0	1	1	0.8061	0.7864
27	522	1	823.6573	15	5	0	1	1	0.8065	0.6594
27	523	1	825.2072	1	2	0	1	1	0.8069	0.5334
27	524	1	826.7571	3	15	0	1	1	0.8073	0.6005
27	525	1	828.3071	15	5	0	1	1	0.8076	0.5215
27	526	1	829.8570	14	3	0	1	1	0.8080	0.5567
27	527	1	831.4069	2	1	0	0	1	0.8065	0.9910
27	528	1	832.9568	15	5	0	1	1	0.8068	0.5286
27	529	1	834.5067	1	2	0	1	1	0.8072	0.6114
27	530	1	836.0566	15	5	0	1	1	0.8075	0.5959
27	531	1	837.6066	14	3	0	1	1	0.8079	0.6153
27	532	1	839.1565	1	2	90	1	1	0.8083	0.8732
27	533	1	840.7064	3	15	90	1	1	0.8086	1.0982
27	534	1	842.2563	4	6	90	1	1	0.8090	1.3576
27	535	1	843.8063	7	13	0	1	1	0.8093	0.9760
27	536	1	845.3562	4	6	0	1	1	0.8097	0.8004
27	537	1	846.9061	5	10	90	1	1	0.8101	1.1562
27	538	1	848.4560	8	11	90	0	1	0.8086	0.7261
27	539	1	850.0059	5	10	0	1	1	0.8089	0.8866
27	540	1	851.5558	6	9	0	1	1	0.8093	0.8101
27	541	1	853.1058	4	6	0	1	1	0.8096	0.7160
27	542	1	854.6557	3	15	0	1	1	0.8100	0.6220
27	543	1	856.2056	15	5	0	1	1	0.8103	0.6069
27	544	1	857.7555	14	3	0	1	1	0.8107	0.5947
27	545	1	859.3054	2	1	0	1	1	0.8110	0.7391
27	546	1	860.8554	3	15	0	1	1	0.8114	0.6463
27	547	1	862.4053	15	5	0	1	1	0.8117	0.5833
27	548	1	863.9552	14	3	0	1	1	0.8120	0.5867
27	549	1	865.5051	15	5	0	1	1	0.8124	0.3807
27	550	1	867.0550	2	1	90	1	1	0.8127	0.7514
27	551	1	868.6050	15	5	0	1	1	0.8131	0.5448
27	552	1	870.1549	14	3	0	1	1	0.8134	0.5628
27	553	1	871.7048	13	12	90	-1	0	0.8119	-1.0000
27	554	1	873.7214	12	7	0	1	1	0.8123	0.8996
27	555	1	875.2713	11	14	90	0	1	0.8108	0.8534
27	556	1	876.8212	9	4	0	1	1	0.8112	0.8091
27	557	1	878.3711	11	14	0	1	1	0.8115	0.5866
27	558	1	879.9210	10	8	90	1	1	0.8118	0.7808
27	559	1	881.4710	11	14	90	1	1	0.8122	0.9107
27	560	1	883.0209	13	12	0	1	1	0.8125	0.6890
27	561	1	884.5708	10	8	0	1	1	0.8128	0.5790
27	562	1	886.1207	11	14	0	1	1	0.8132	0.9650
27	563	1	887.6706	12	7	0	1	1	0.8135	0.7259
27	564	1	889.2206	11	14	90	1	1	0.8138	0.7921
27	565	1	890.7705	10	8	0	1	1	0.8142	0.6194
27	566	1	892.3204	13	12	0	1	1	0.8145	0.6212
27	567	1	893.8703	12	7	0	1	1	0.8148	0.6394
27	568	1	895.4203	10	8	0	1	1	0.8151	0.5615
27	569	1	896.9702	12	7	0	1	1	0.8155	0.5958
27	570	1	898.5201	10	8	0	1	1	0.8158	0.5819
27	571	1	900.0700	13	12	0	1	1	0.8161	0.6627
27	572	1	901.6199	14	3	0	1	1	0.8164	0.6984
27	573	1	903.1698	13	12	0	1	1	0.8168	0.5880
27	574	1	904.7198	12	7	0	0	1	0.8153	0.9111
27	575	1	906.2697	10	8	0	1	1	0.8157	0.5920
27	576	1	907.8196	12	7	0	1	1	0.8160	0.6263
27	577	1	909.3695	13	12	0	1	1	0.8163	0.6283
27	578	1	910.9194	14	3	90	0	1	0.8149	0.5503
27	579	1	912.4694	13	12	0	1	1	0.8152	0.6646
27	580	1	914.0193	14	3	0	1	1	0.8155	0.6333
27	581	1	915.5692	13	12	0	1	1	0.8158	0.6209
27	582	1	917.1191	14	3	0	1	1	0.8162	0.7513
27	583	1	918.6690	15	5	0	1	1	0.8165	0.6715
27	584	1	920.2190	2	1	0	1	1	0.8168	0.7230
27	585	1	921.7689	3	15	0	1	1	0.8171	0.6121
27	586	1	923.3188	1	2	0	1	1	0.8174	0.6149
27	587	1	924.8687	2	1	90	1	1	0.8177	0.8238
27	588	1	926.4186	15	5	90	1	1	0.8180	0.7459
27	589	1	927.9686	1	2	0	1	1	0.8183	0.7012
27	590	1	929.5185	2	1	0	1	1	0.8186	0.7513
27	591	1	931.0684	14	3	0	1	1	0.8190	0.6569
27	592	1	932.6183	15	5	0	1	1	0.8193	0.6591
27	593	1	934.1682	14	3	0	1	1	0.8196	0.6460
27	594	1	935.7181	1	2	0	1	1	0.8199	0.5662
27	595	1	937.2681	14	3	90	1	1	0.8202	0.7777
27	596	1	938.8180	2	1	0	0	1	0.8188	0.7319
27	597	1	940.3679	1	2	0	1	1	0.8191	0.6863
27	598	1	941.9178	14	3	0	1	1	0.8194	0.8320
27	599	1	943.4677	15	5	0	1	1	0.8197	0.6408
27	600	1	945.0177	3	15	90	1	1	0.8200	0.9639
27	601	1	1026.0801	4	6	0	-1	0	0.8186	-1.0000
27	602	1	1028.1800	7	13	90	0	1	0.8173	0.9540
27	603	1	1029.7299	5	10	0	-1	0	0.8159	-1.0000
27	604	1	1031.7965	8	11	0	1	1	0.8162	0.8414
27	605	1	1033.3464	6	9	0	1	1	0.8165	0.9241
27	606	1	1034.8963	5	10	0	1	1	0.8168	1.3723
27	607	1	1036.4462	8	11	90	0	1	0.8155	0.8318
27	608	1	1037.9962	5	10	0	1	1	0.8158	0.6734
27	609	1	1039.5461	7	13	90	0	1	0.8144	0.9306
27	610	1	1041.0960	5	10	0	1	1	0.8148	0.5345
27	611	1	1042.6459	6	9	0	1	1	0.8151	0.6479
27	612	1	1044.1959	4	6	0	1	1	0.8154	0.7140
27	613	1	1045.7458	3	15	0	1	1	0.8157	0.6518
27	614	1	1047.2957	2	1	0	1	1	0.8160	0.9913
27	615	1	1048.8456	1	2	90	0	1	0.8146	1.1527
27	616	1	1050.5789	3	15	0	1	1	0.8149	0.7789
27	617	1	1052.1288	15	5	0	1	1	0.8152	0.8607
27	618	1	1053.6787	3	15	0	1	1	0.8155	0.6711
27	619	1	1055.2286	1	2	90	1	1	0.8158	0.9121
27	620	1	1056.7785	2	1	0	1	1	0.8161	1.0109
27	621	1	1058.3284	15	5	90	1	1	0.8164	0.7739
27	622	1	1059.8784	1	2	0	1	1	0.8167	0.7435
27	623	1	1061.4283	15	5	0	1	1	0.8170	0.6819
27	624	1	1062.9782	14	3	0	1	1	0.8173	0.7637
27	625	1	1064.5281	1	2	0	1	1	0.8176	0.6697
27	626	1	1066.0780	14	3	0	1	1	0.8179	0.5757
27	627	1	1067.6280	15	5	0	1	1	0.8182	0.6090
27	628	1	1069.1779	14	3	0	1	1	0.8185	0.5157
27	629	1	1070.7278	15	5	90	1	1	0.8188	0.8220
27	630	1	1072.2777	14	3	0	1	1	0.8190	0.5989
27	631	1	1073.8276	15	5	0	1	1	0.8193	0.5700
27	632	1	1075.3776	14	3	0	1	1	0.8196	0.5241
27	633	1	1076.9275	15	5	0	1	1	0.8199	0.6216
27	634	1	1078.4774	2	1	0	1	1	0.8202	0.8633
27	635	1	1080.0273	3	15	90	1	1	0.8205	1.0260
27	636	1	1081.5772	15	5	90	1	1	0.8208	0.8364
27	637	1	1083.1272	3	15	0	1	1	0.8210	0.5988
27	638	1	1084.6771	2	1	0	0	1	0.8197	0.6646
27	639	1	1086.2270	15	5	0	1	1	0.8200	0.6188
27	640	1	1087.7769	3	15	0	1	1	0.8203	0.5087
27	641	1	1089.3268	2	1	90	0	1	0.8190	0.7032
27	642	1	1090.8767	15	5	0	1	1	0.8193	0.5607
27	643	1	1092.4267	1	2	90	1	1	0.8196	0.7219
27	644	1	1093.9766	2	1	0	0	1	0.8183	0.7564
27	645	1	1095.5265	3	15	0	1	1	0.8186	0.5514
27	646	1	1097.0764	15	5	0	1	1	0.8189	0.6493
27	647	1	1098.6264	3	15	0	1	1	0.8192	0.5395
27	648	1	1100.1763	1	2	0	1	1	0.8194	0.5578
27	649	1	1101.7262	14	3	0	1	1	0.8197	0.6704
27	650	1	1103.2761	15	5	0	1	1	0.8200	0.5457
27	651	1	1104.8261	14	3	0	1	1	0.8203	0.6119
27	652	1	1106.3760	1	2	0	1	1	0.8206	0.5486
27	653	1	1107.9259	15	5	0	1	1	0.8208	0.5677
27	654	1	1109.4758	1	2	0	1	1	0.8211	0.4889
27	655	1	1111.0257	3	15	0	1	1	0.8214	0.5561
27	656	1	1112.5756	2	1	0	1	1	0.8216	0.8302
27	657	1	1114.1256	3	15	0	1	1	0.8219	0.5270
27	658	1	1115.6755	4	6	0	1	1	0.8222	0.8667
27	659	1	1117.2254	3	15	90	1	1	0.8225	0.7554
27	660	1	1118.7753	2	1	0	1	1	0.8227	0.8219
27	661	1	1120.3252	1	2	0	1	1	0.8230	0.5369
27	662	1	1121.8751	2	1	0	0	1	0.8218	0.7935
27	663	1	1123.4251	3	15	0	1	1	0.8220	0.5715
27	664	1	1124.9750	2	1	0	1	1	0.8223	1.2936
27	665	1	1126.5249	14	3	0	1	1	0.8226	0.5769
27	666	1	1128.0748	1	2	90	1	1	0.8228	0.8179
27	667	1	1129.6248	14	3	0	1	1	0.8231	0.6448
27	668	1	1131.1747	13	12	0	1	1	0.8234	0.8552
27	669	1	1132.7246	10	8	0	1	1	0.8236	0.6813
27	670	1	1134.2745	9	4	0	1	1	0.8239	0.6981
27	671	1	1135.8244	11	14	0	1	1	0.8241	1.0853
27	672	1	1137.3743	12	7	0	1	1	0.8244	0.8476
27	673	1	1138.9243	11	14	0	1	1	0.8247	0.7214
27	674	1	1140.4742	12	7	0	1	1	0.8249	0.5465
27	675	1	1142.0241	10	8	0	1	1	0.8252	0.5978
27	676	1	1143.5740	11	14	0	1	1	0.8254	0.7447
27	677	1	1145.1239	10	8	0	1	1	0.8257	0.5049
27	678	1	1146.6739	12	7	90	1	1	0.8260	0.8278
27	679	1	1148.2238	9	4	90	1	1	0.8262	0.8288
27	680	1	1149.7737	8	11	0	1	1	0.8265	0.8791
27	681	1	1151.3236	6	9	0	1	1	0.8267	0.6588
27	682	1	1152.8735	4	6	0	1	1	0.8270	0.6910
27	683	1	1154.4235	7	13	0	1	1	0.8272	0.5664
27	684	1	1155.9734	5	10	90	1	1	0.8275	0.9044
27	685	1	1157.5233	7	13	90	1	1	0.8277	0.8429
27	686	1	1159.0732	4	6	0	1	1	0.8280	0.7007
27	687	1	1160.6231	5	10	90	1	1	0.8282	0.9107
27	688	1	1162.1731	7	13	90	0	1	0.8270	0.9127
27	689	1	1163.7230	8	11	0	1	1	0.8273	0.6738
27	690	1	1165.2729	6	9	90	1	1	0.8275	0.7570
27	691	1	1166.8228	4	6	0	1	1	0.8278	0.5994
27	692	1	1168.3727	3	15	90	1	1	0.8280	0.9839
27	693	1	1169.9227	1	2	0	1	1	0.8283	0.6339
27	694	1	1171.4726	15	5	0	1	1	0.8285	0.6048
27	695	1	1173.0225	2	1	0	1	1	0.8288	0.7022
27	696	1	1174.5724	1	2	0	1	1	0.8290	0.6735
27	697	1	1176.1223	14	3	90	1	1	0.8293	0.9475
27	698	1	1177.6723	15	5	0	1	1	0.8295	0.6459
27	699	1	1179.2222	14	3	90	1	1	0.8298	0.9512
27	700	1	1180.7721	2	1	0	0	1	0.8286	0.7777
27	701	1	1182.3220	14	3	90	0	1	0.8274	0.5720
27	702	1	1183.8719	13	12	90	1	1	0.8276	0.9729
27	703	1	1185.4218	14	3	0	1	1	0.8279	1.0887
27	704	1	1186.9718	15	5	90	1	1	0.8281	0.8021
27	705	1	1188.5217	3	15	90	1	1	0.8284	1.0111
27	706	1	1190.0716	1	2	0	1	1	0.8286	0.6622
27	707	1	1191.6215	3	15	0	1	1	0.8289	0.7431
27	708	1	1193.1715	4	6	90	1	1	0.8291	0.9532
27	709	1	1194.7214	3	15	90	1	1	0.8293	0.8286
27	710	1	1196.2713	4	6	0	1	1	0.8296	0.9906
27	711	1	1197.8212	6	9	0	1	1	0.8298	0.6887
27	712	1	1199.3711	8	11	0	1	1	0.8301	0.8672
27	713	1	1200.9211	5	10	0	1	1	0.8303	0.9968
27	714	1	1202.4710	4	6	0	1	1	0.8305	0.6308
27	715	1	1204.0209	5	10	0	1	1	0.8308	0.6809
27	716	1	1205.5708	8	11	0	1	1	0.8310	0.9071
27	717	1	1207.1207	5	10	0	1	1	0.8312	0.6360
27	718	1	1208.6706	6	9	0	1	1	0.8315	0.7021
27	719	1	1210.2206	7	13	0	1	1	0.8317	0.7549
27	720	1	1211.7705	8	11	0	1	1	0.8319	0.7381
27	721	1	1213.3204	6	9	90	1	1	0.8322	0.7573
27	722	1	1214.8703	7	13	0	1	1	0.8324	0.8874
27	723	1	1216.4203	8	11	0	1	1	0.8326	0.7775
27	724	1	1217.9702	9	4	0	1	1	0.8329	0.6995
27	725	1	1219.5201	8	11	0	1	1	0.8331	0.6371
27	726	1	1221.0700	9	4	0	1	1	0.8333	0.5427
27	727	1	1222.6199	11	14	0	1	1	0.8336	0.9790
27	728	1	1224.1699	12	7	0	1	1	0.8338	0.8519
27	729	1	1225.7198	9	4	90	1	1	0.8340	0.8059
27	730	1	1227.2697	11	14	0	1	1	0.8342	0.6959
27	731	1	1228.8196	12	7	0	1	1	0.8345	0.6343
27	732	1	1230.3695	13	12	0	1	1	0.8347	0.7153
27	733	1	1231.9194	11	14	0	1	1	0.8349	0.6692
27	734	1	1233.4694	13	12	0	1	1	0.8351	0.6553
27	735	1	1235.0193	10	8	0	1	1	0.8354	0.6745
27	736	1	1236.5692	9	4	0	1	1	0.8356	0.5955
27	737	1	1238.1191	12	7	0	1	1	0.8358	0.6455
27	738	1	1239.6690	10	8	0	1	1	0.8360	0.5516
27	739	1	1241.2190	9	4	0	1	1	0.8363	0.5867
27	740	1	1242.7689	12	7	90	1	1	0.8365	0.7967
27	741	1	1244.3188	13	12	0	1	1	0.8367	0.6875
27	742	1	1245.8687	14	3	0	1	1	0.8369	0.7520
27	743	1	1247.4186	15	5	90	1	1	0.8371	0.7077
27	744	1	1248.9686	3	15	90	1	1	0.8374	0.7560
27	745	1	1250.5185	15	5	0	1	1	0.8376	0.6474
27	746	1	1252.0684	1	2	90	1	1	0.8378	0.7133
27	747	1	1253.6183	14	3	0	1	1	0.8380	0.5394
27	748	1	1255.1682	13	12	0	1	1	0.8382	0.5736
27	749	1	1256.7181	12	7	0	1	1	0.8385	0.8484
27	750	1	1258.2681	11	14	0	1	1	0.8387	0.7058
27	751	1	1259.8180	10	8	0	1	1	0.8389	0.5485
27	752	1	1261.3679	12	7	0	1	1	0.8391	0.5809
27	753	1	1262.9178	9	4	0	1	1	0.8393	0.5845
27	754	1	1264.4678	10	8	0	1	1	0.8395	0.5221
27	755	1	1266.0177	9	4	0	1	1	0.8397	0.4922
27	756	1	1267.5676	12	7	0	1	1	0.8399	0.6861
27	757	1	1269.1175	11	14	0	1	1	0.8402	0.5271
27	758	1	1270.6674	10	8	0	1	1	0.8404	0.4983
27	759	1	1272.2174	13	12	90	1	1	0.8406	0.8684
27	760	1	1273.7673	12	7	0	1	1	0.8408	0.5973
27	761	1	1275.3172	11	14	0	1	1	0.8410	0.5687
27	762	1	1276.8671	9	4	90	1	1	0.8412	0.7945
27	763	1	1278.4170	8	11	90	0	1	0.8401	0.6995
27	764	1	1279.9670	9	4	0	1	1	0.8403	0.6389
27	765	1	1281.5169	10	8	0	1	1	0.8405	0.5928
27	766	1	1283.0668	9	4	0	1	1	0.8407	0.5959
27	767	1	1284.6167	11	14	90	0	1	0.8396	0.6769
27	768	1	1286.1666	10	8	0	1	1	0.8398	0.5032
27	769	1	1287.7166	13	12	0	1	1	0.8401	0.6492
27	770	1	1289.2665	11	14	0	1	1	0.8403	0.9382
27	771	1	1290.8164	13	12	0	1	1	0.8405	0.5894
27	772	1	1292.3663	11	14	0	1	1	0.8407	0.7664
27	773	1	1293.9162	12	7	0	1	1	0.8409	0.6735
27	774	1	1295.4662	11	14	0	1	1	0.8411	0.7065
27	775	1	1297.0161	12	7	90	1	1	0.8413	0.9340
27	776	1	1298.5660	9	4	0	1	1	0.8415	0.6482
27	777	1	1300.1159	10	8	0	1	1	0.8417	0.6010
27	778	1	1301.6658	9	4	0	1	1	0.8419	0.7159
27	779	1	1303.2158	11	14	0	1	1	0.8421	0.8142
27	780	1	1304.7656	12	7	0	1	1	0.8423	0.7990
27	781	1	1306.3156	10	8	90	1	1	0.8425	0.7371
27	782	1	1307.8655	12	7	90	1	1	0.8427	0.7564
27	783	1	1309.4154	11	14	0	1	1	0.8429	0.9665
27	784	1	1310.9653	12	7	0	1	1	0.8431	0.8086
27	785	1	1312.5153	11	14	0	1	1	0.8433	0.6185
27	786	1	1314.0652	9	4	0	1	1	0.8435	0.5410
27	787	1	1315.6151	12	7	0	1	1	0.8437	0.6546
27	788	1	1317.1650	11	14	0	1	1	0.8439	0.8316
27	789	1	1318.7149	9	4	0	1	1	0.8441	0.6112
27	790	1	1320.2649	11	14	0	1	1	0.8443	0.5958
27	791	1	1321.8148	12	7	90	1	1	0.8445	0.9018
27	792	1	1323.3647	11	14	0	1	1	0.8447	0.6650
27	793	1	1324.9146	12	7	0	1	1	0.8449	0.7141
27	794	1	1326.4645	11	14	0	1	1	0.8451	0.5411
27	795	1	1328.0145	10	8	0	1	1	0.8453	0.6062
27	796	1	1329.5644	12	7	0	1	1	0.8455	0.6256
27	797	1	1331.1143	9	4	90	1	1	0.8457	0.8024
27	798	1	1332.6642	11	14	0	1	1	0.8459	0.6446
27	799	1	1334.2141	13	12	0	1	1	0.8461	0.6945
27	800	1	1335.7641	10	8	0	1	1	0.8462	0.5378
27	801	1	1337.3140	13	12	0	1	1	0.8464	1.1466
27	802	1	1338.8639	11	14	0	1	1	0.8466	0.7020
27	803	1	1340.4138	10	8	90	1	1	0.8468	0.7520
27	804	1	1341.9638	12	7	0	1	1	0.8470	0.6745
27	805	1	1343.5137	13	12	0	1	1	0.8472	0.8842
27	806	1	1345.0636	10	8	90	1	1	0.8474	0.7905
27	807	1	1346.6135	12	7	90	1	1	0.8476	0.8724
27	808	1	1348.1634	9	4	0	1	1	0.8478	0.7462
27	809	1	1349.7133	11	14	90	1	1	0.8480	1.0364
27	810	1	1351.2633	9	4	0	1	1	0.8481	0.6545
27	811	1	1352.8132	12	7	90	1	1	0.8483	0.7846
27	812	1	1354.3631	9	4	90	1	1	0.8485	0.7548
27	813	1	1355.9130	12	7	0	1	1	0.8487	0.6928
27	814	1	1357.4629	9	4	0	1	1	0.8489	0.6473
27	815	1	1359.0129	11	14	0	1	1	0.8491	0.7931
27	816	1	1360.5628	9	4	0	1	1	0.8493	0.6191
27	817	1	1362.1127	8	11	0	1	1	0.8494	0.9244
27	818	1	1363.6626	6	9	0	1	1	0.8496	0.7191
27	819	1	1365.2125	5	10	0	1	1	0.8498	0.9294
27	820	1	1366.7624	8	11	0	1	1	0.8500	1.0757
27	821	1	1368.3124	5	10	90	1	1	0.8502	0.7892
27	822	1	1369.8623	6	9	0	1	1	0.8504	0.6464
27	823	1	1371.4122	4	6	90	1	1	0.8505	1.0017
27	824	1	1372.9621	3	15	0	1	1	0.8507	0.7465
27	825	1	1374.5120	4	6	0	-1	0	0.8497	-1.0000
27	826	1	1376.5620	6	9	0	1	1	0.8499	1.2598
27	827	1	1378.1119	4	6	0	1	1	0.8501	0.7659
27	828	1	1379.6618	6	9	0	1	1	0.8502	0.6074
27	829	1	1381.2117	5	10	0	1	1	0.8504	0.7849
27	830	1	1382.7616	7	13	90	0	1	0.8494	1.1230
27	831	1	1384.4782	4	6	0	1	1	0.8496	0.5905
27	832	1	1386.0281	7	13	0	1	1	0.8498	0.9138
27	833	1	1387.5780	8	11	0	1	1	0.8499	0.7560
27	834	1	1389.1280	7	13	0	1	1	0.8501	0.7106
27	835	1	1390.6779	5	10	0	1	1	0.8503	0.7920
27	836	1	1392.2278	7	13	0	1	1	0.8505	0.5541
27	837	1	1393.7777	4	6	90	1	1	0.8507	0.8922
27	838	1	1395.3276	6	9	0	1	1	0.8508	0.6542
27	839	1	1396.8776	7	13	0	1	1	0.8510	0.8162
27	840	1	1398.4275	5	10	0	1	1	0.8512	0.8982
27	841	1	1399.9774	7	13	0	1	1	0.8514	0.6605
27	842	1	1401.5273	4	6	0	1	1	0.8515	0.5667
27	843	1	1403.0772	3	15	0	1	1	0.8517	0.6010
27	844	1	1404.6272	1	2	0	1	1	0.8519	0.6509
27	845	1	1406.1771	14	3	0	1	1	0.8521	0.6848
27	846	1	1407.7270	1	2	0	1	1	0.8522	0.6233
27	847	1	1409.2769	3	15	0	1	1	0.8524	0.5451
27	848	1	1410.8268	2	1	0	1	1	0.8526	0.7384
27	849	1	1412.3768	14	3	0	1	1	0.8528	0.5479
27	850	1	1413.9267	13	12	90	1	1	0.8529	0.9191
27	851	1	1415.4766	11	14	0	1	1	0.8531	0.9691
27	852	1	1417.0265	10	8	0	1	1	0.8533	0.6032
27	853	1	1418.5764	9	4	0	1	1	0.8535	0.6203
27	854	1	1420.1264	11	14	0	1	1	0.8536	0.6396
27	855	1	1421.6763	12	7	0	1	1	0.8538	0.7044
27	856	1	1423.2262	10	8	0	1	1	0.8540	0.4831
27	857	1	1424.7761	12	7	0	1	1	0.8541	0.5184
27	858	1	1426.3260	11	14	0	1	1	0.8543	0.5511
27	859	1	1427.8760	9	4	0	1	1	0.8545	0.5690
27	860	1	1429.4259	11	14	0	1	1	0.8547	0.5239
27	861	1	1430.9758	12	7	0	1	1	0.8548	0.4929
27	862	1	1432.5257	9	4	0	1	1	0.8550	0.5910
27	863	1	1434.0756	12	7	0	1	1	0.8552	0.5465
27	864	1	1435.6256	13	12	0	1	1	0.8553	0.7551
27	865	1	1437.1755	11	14	0	1	1	0.8555	0.5503
27	866	1	1438.7254	9	4	0	1	1	0.8557	0.4726
27	867	1	1440.2753	8	11	0	1	1	0.8558	0.7146
27	868	1	1441.8252	7	13	0	1	1	0.8560	0.5565
27	869	1	1443.3751	6	9	0	1	1	0.8562	0.6706
27	870	1	1444.9251	7	13	0	1	1	0.8563	0.5613
27	871	1	1446.4750	8	11	0	1	1	0.8565	0.6108
27	872	1	1448.0249	5	10	0	1	1	0.8567	0.7732
27	873	1	1449.5748	7	13	0	1	1	0.8568	0.6154
27	874	1	1451.1248	8	11	0	1	1	0.8570	0.5850
27	875	1	1452.6747	9	4	90	1	1	0.8571	0.8271
27	876	1	1454.2246	8	11	0	1	1	0.8573	0.5893
27	877	1	1455.7745	5	10	90	1	1	0.8575	0.7674
27	878	1	1457.3244	8	11	90	1	1	0.8576	0.8174
27	879	1	1458.8743	7	13	0	1	1	0.8578	0.7394
27	880	1	1460.4243	8	11	90	0	1	0.8568	0.6125
27	881	1	1461.9742	6	9	90	1	1	0.8570	1.3675
27	882	1	1463.5241	8	11	0	1	1	0.8571	0.9686
27	883	1	1465.0740	5	10	90	1	1	0.8573	0.9706
27	884	1	1466.6239	4	6	0	1	1	0.8575	0.8779
27	885	1	1468.1739	6	9	0	1	1	0.8576	0.7349
27	886	1	1469.7238	5	10	0	1	1	0.8578	0.7540
27	887	1	1471.2737	4	6	0	1	1	0.8579	0.6430
27	888	1	1472.8236	5	10	0	1	1	0.8581	0.6931
27	889	1	1474.3735	8	11	0	1	1	0.8583	0.6655
27	890	1	1475.9235	7	13	0	1	1	0.8584	0.6984
27	891	1	1477.4734	5	10	0	1	1	0.8586	0.8753
27	892	1	1479.0233	6	9	0	1	1	0.8587	0.6225
27	893	1	1480.5732	7	13	0	1	1	0.8589	0.6249
27	894	1	1482.1231	6	9	0	1	1	0.8591	0.5136
27	895	1	1483.6731	5	10	90	0	1	0.8581	0.5013
27	896	1	1485.2230	6	9	0	1	1	0.8583	0.5671
27	897	1	1486.7729	4	6	0	1	1	0.8584	0.6492
27	898	1	1488.3228	5	10	0	1	1	0.8586	0.8271
27	899	1	1489.8728	4	6	0	1	1	0.8587	0.5731
27	900	1	1491.4227	6	9	0	1	1	0.8589	0.5915
27	901	1	1492.9726	5	10	0	1	1	0.8590	0.5441
27	902	1	1494.5225	8	11	0	1	1	0.8592	0.6423
27	903	1	1496.0724	6	9	0	1	1	0.8594	0.5818
27	904	1	1497.6223	7	13	90	1	1	0.8595	1.1596
27	905	1	1499.1723	4	6	0	1	1	0.8597	0.6484
27	906	1	1500.7222	6	9	0	1	1	0.8598	0.6195
27	907	1	1502.2721	8	11	0	1	1	0.8600	0.6853
27	908	1	1503.8220	5	10	90	1	1	0.8601	0.8796
27	909	1	1505.3719	8	11	0	1	1	0.8603	0.7060
27	910	1	1506.9219	7	13	0	1	1	0.8604	0.7080
27	911	1	1508.4718	4	6	0	1	1	0.8606	0.6779
27	912	1	1510.0217	5	10	0	1	1	0.8607	0.9190
27	913	1	1511.5716	6	9	0	1	1	0.8609	0.6665
27	914	1	1513.1215	4	6	0	1	1	0.8611	0.6688
27	915	1	1514.6715	5	10	0	1	1	0.8612	0.7667
27	916	1	1516.2214	8	11	0	1	1	0.8614	0.5126
27	917	1	1517.7713	5	10	0	1	1	0.8615	0.7544
27	918	1	1519.3212	4	6	90	1	1	0.8617	0.9167
27	919	1	1520.8711	5	10	90	1	1	0.8618	0.9496
27	920	1	1522.4211	4	6	0	1	1	0.8620	0.7448
27	921	1	1523.9710	3	15	0	1	1	0.8621	0.6987
27	922	1	1525.5209	4	6	0	1	1	0.8623	0.5720
27	923	1	1527.0708	5	10	0	1	1	0.8624	0.9590
27	924	1	1528.6207	8	11	0	1	1	0.8626	0.6252
27	925	1	1530.1706	9	4	0	1	1	0.8627	0.5794
27	926	1	1531.7206	11	14	0	1	1	0.8629	0.9973
27	927	1	1533.2705	10	8	0	1	1	0.8630	0.6478
27	928	1	1534.8204	13	12	0	1	1	0.8631	0.7603
27	929	1	1536.3703	10	8	0	1	1	0.8633	0.6184
27	930	1	1537.9202	11	14	90	1	1	0.8634	0.9098
27	931	1	1539.4702	12	7	0	1	1	0.8636	0.7033
27	932	1	1541.0201	9	4	90	1	1	0.8637	0.7526
27	933	1	1542.5700	11	14	0	1	1	0.8639	0.6919
27	934	1	1544.1199	10	8	0	1	1	0.8640	0.5977
27	935	1	1545.6698	11	14	90	1	1	0.8642	0.8565
27	936	1	1547.2198	13	12	0	1	1	0.8643	0.7289
27	937	1	1548.7697	14	3	0	1	1	0.8645	0.6681
27	938	1	1550.3196	2	1	0	1	1	0.8646	0.7181
27	939	1	1551.8695	1	2	90	1	1	0.8647	0.7671
27	940	1	1553.4194	14	3	0	1	1	0.8649	0.6732
27	941	1	1554.9694	13	12	90	1	1	0.8650	0.9005
27	942	1	1556.5193	11	14	0	1	1	0.8652	0.8054
27	943	1	1558.0692	9	4	90	1	1	0.8653	0.7287
27	944	1	1559.6191	11	14	0	1	1	0.8655	1.2096
27	945	1	1561.1690	9	4	0	1	1	0.8656	0.7651
27	946	1	1562.7190	8	11	0	1	1	0.8658	0.6389
27	947	1	1564.2689	5	10	0	1	1	0.8659	0.7518
27	948	1	1565.8188	8	11	0	1	1	0.8660	0.5940
27	949	1	1567.3687	6	9	0	1	1	0.8662	0.5959
27	950	1	1568.9186	7	13	0	1	1	0.8663	0.5835
27	951	1	1570.4686	8	11	90	0	1	0.8654	0.6164
27	952	1	1572.0185	9	4	0	1	1	0.8655	0.5542
27	953	1	1573.5684	12	7	0	1	1	0.8657	0.6857
27	954	1	1575.1183	9	4	0	1	1	0.8658	0.5758
27	955	1	1576.6682	11	14	0	1	1	0.8660	0.7524
27	956	1	1578.2182	9	4	0	1	1	0.8661	0.6278
27	957	1	1579.7681	12	7	90	1	1	0.8662	0.7737
27	958	1	1581.3180	10	8	0	1	1	0.8664	0.6483
27	959	1	1582.8679	11	14	0	1	1	0.8665	0.5528
27	960	1	1584.4178	10	8	0	1	1	0.8667	0.5562
27	961	1	1585.9678	13	12	0	1	1	0.8668	0.8623
27	962	1	1587.5177	14	3	90	1	1	0.8669	0.8799
27	963	1	1589.0676	13	12	0	1	1	0.8671	0.5628
27	964	1	1590.6175	14	3	0	1	1	0.8672	0.6602
27	965	1	1592.1675	13	12	0	1	1	0.8674	0.5345
27	966	1	1593.7174	14	3	90	1	1	0.8675	0.7286
27	967	1	1595.2673	1	2	0	1	1	0.8676	0.6974
27	968	1	1596.8172	14	3	0	1	1	0.8678	0.6835
27	969	1	1598.3671	1	2	0	1	1	0.8679	0.5748
27	970	1	1599.9170	15	5	0	1	1	0.8680	0.8169
27	971	1	1601.4670	3	15	0	1	1	0.8682	0.4988
27	972	1	1603.0169	4	6	0	1	1	0.8683	0.6611
27	973	1	1604.5668	7	13	0	1	1	0.8684	0.7739
27	974	1	1606.1167	8	11	0	1	1	0.8686	0.6000
27	975	1	1607.6666	5	10	0	0	1	0.8677	0.7142
27	976	1	1609.2166	7	13	0	1	1	0.8678	0.5574
27	977	1	1610.7665	8	11	0	1	1	0.8680	0.6874
27	978	1	1612.3164	9	4	0	1	1	0.8681	0.6099
27	979	1	1613.8663	11	14	0	1	1	0.8682	0.7065
27	980	1	1615.4162	13	12	0	1	1	0.8684	0.5973
27	981	1	1616.9661	14	3	0	1	1	0.8685	0.5834
27	982	1	1618.5161	15	5	0	1	1	0.8686	0.5367
27	983	1	1620.0660	1	2	0	1	1	0.8688	0.5719
27	984	1	1621.6159	14	3	0	1	1	0.8689	0.6702
27	985	1	1623.1658	13	12	0	1	1	0.8690	0.5600
27	986	1	1624.7157	10	8	0	1	1	0.8692	0.5769
27	987	1	1626.2657	9	4	0	1	1	0.8693	0.5801
27	988	1	1627.8156	8	11	0	1	1	0.8694	0.5191
27	989	1	1629.3655	6	9	0	1	1	0.8696	0.5688
27	990	1	1630.9154	7	13	0	1	1	0.8697	0.4744
27	991	1	1632.4653	4	6	0	1	1	0.8698	0.6525
27	992	1	1634.0153	7	13	0	1	1	0.8700	0.4791
27	993	1	1635.5652	5	10	90	0	1	0.8691	0.5435
27	994	1	1637.1151	8	11	90	0	1	0.8682	0.5936
27	995	1	1638.6650	6	9	0	1	1	0.8683	0.6447
27	996	1	1640.2149	4	6	0	1	1	0.8685	0.5829
27	997	1	1641.7649	5	10	0	1	1	0.8686	0.9838
27	998	1	1643.3148	8	11	90	1	1	0.8687	1.2274
27	999	1	1644.8647	5	10	0	1	1	0.8689	0.8453
27	1000	1	1646.4146	4	6	0	1	1	0.8690	0.5901
27	1001	1	1647.9646	3	15	0	1	1	0.8691	0.6562
27	1002	1	1649.5145	1	2	0	1	1	0.8693	0.6114
27	1003	1	1651.0644	2	1	0	1	1	0.8694	1.0453
27	1004	1	1652.6143	15	5	0	1	1	0.8695	0.5676
27	1005	1	1654.1642	14	3	90	1	1	0.8697	0.7938
27	1006	1	1655.7142	2	1	90	1	1	0.8698	0.9717
27	1007	1	1657.2641	15	5	0	1	1	0.8699	0.6048
27	1008	1	1658.8140	3	15	0	1	1	0.8700	0.5444
27	1009	1	1660.3639	15	5	0	1	1	0.8702	0.5608
27	1010	1	1661.9138	14	3	0	1	1	0.8703	0.6600
27	1011	1	1663.4637	1	2	0	1	1	0.8704	0.6131
27	1012	1	1665.0137	14	3	0	1	1	0.8706	0.6477
27	1013	1	1666.5636	2	1	0	1	1	0.8707	1.0506
27	1014	1	1668.1135	1	2	0	1	1	0.8708	0.5712
27	1015	1	1669.6634	14	3	0	1	1	0.8709	0.5413
27	1016	1	1671.2133	1	2	0	1	1	0.8711	0.5764
27	1017	1	1672.7633	3	15	90	1	1	0.8712	0.9467
27	1018	1	1674.3132	15	5	0	1	1	0.8713	0.7072
27	1019	1	1675.8631	14	3	0	1	1	0.8714	0.5675
27	1020	1	1677.4130	1	2	0	1	1	0.8716	0.6490
27	1021	1	1678.9629	15	5	0	1	1	0.8717	0.5870
27	1022	1	1680.5129	2	1	0	1	1	0.8718	0.8288
27	1023	1	1682.0628	3	15	0	1	1	0.8719	0.5121
27	1024	1	1683.6127	15	5	0	1	1	0.8721	0.5132
27	1025	1	1685.1626	1	2	0	1	1	0.8722	0.5141
27	1026	1	1686.7125	15	5	90	1	1	0.8723	0.7575
27	1027	1	1688.2624	14	3	0	1	1	0.8724	0.6475
27	1028	1	1689.8124	15	5	90	1	1	0.8726	0.6337
27	1029	1	1691.3623	3	15	0	1	1	0.8727	0.5226
27	1030	1	1692.9122	15	5	0	1	1	0.8728	0.5254
27	1031	1	1694.4621	2	1	0	1	1	0.8729	0.7825
27	1032	1	1696.0121	14	3	0	1	1	0.8731	0.5287
27	1033	1	1697.5620	2	1	0	1	1	0.8732	0.7248
27	1034	1	1699.1119	1	2	90	1	1	0.8733	0.7728
27	1035	1	1700.6618	2	1	0	0	1	0.8725	0.6960
27	1036	1	1702.2117	1	2	0	1	1	0.8726	0.6342
27	1037	1	1703.7617	14	3	0	1	1	0.8727	0.5232
27	1038	1	1705.3116	2	1	0	1	1	0.8728	0.7505
27	1039	1	1706.8615	14	3	90	0	1	0.8720	0.4645
27	1040	1	1708.4114	1	2	0	1	1	0.8721	0.5944
27	1041	1	1709.9613	15	5	90	1	1	0.8722	0.6915
27	1042	1	1711.5113	1	2	0	1	1	0.8724	0.6147
27	1043	1	1713.0612	2	1	0	1	1	0.8725	0.7928
27	1044	1	1714.6111	15	5	0	1	1	0.8726	0.5713
27	1045	1	1716.1610	2	1	0	1	1	0.8727	0.5410
27	1046	1	1717.7109	3	15	0	1	1	0.8728	0.6219
27	1047	1	1719.2608	15	5	0	1	1	0.8730	0.6245
27	1048	1	1720.8108	2	1	0	1	1	0.8731	0.6911
27	1049	1	1722.3607	14	3	0	1	1	0.8732	0.7252
27	1050	1	1723.9106	1	2	90	1	1	0.8733	0.7760
27	1051	1	1725.4605	15	5	0	1	1	0.8735	0.5540
27	1052	1	1727.0104	3	15	0	1	1	0.8736	0.5712
27	1053	1	1728.5604	2	1	0	1	1	0.8737	0.8443
27	1054	1	1730.1103	3	15	90	1	1	0.8738	0.7984
27	1055	1	1731.6602	2	1	0	1	1	0.8739	0.6726
27	1056	1	1733.2101	3	15	0	1	1	0.8741	0.8355
27	1057	1	1734.7601	15	5	0	1	1	0.8742	0.6458
27	1058	1	1736.3100	1	2	0	1	1	0.8743	0.6165
27	1059	1	1737.8599	2	1	0	1	1	0.8744	0.7457
27	1060	1	1739.4098	15	5	0	1	1	0.8745	0.6199
27	1061	1	1740.9597	14	3	90	-1	0	0.8737	-1.0000
27	1062	1	1742.9763	15	5	0	1	1	0.8738	0.8131
27	1063	1	1744.5262	14	3	0	1	1	0.8739	0.6386
27	1064	1	1746.0761	1	2	0	1	1	0.8741	0.5466
27	1065	1	1747.6260	14	3	0	1	1	0.8742	0.7548
27	1066	1	1749.1760	2	1	90	1	1	0.8743	0.8688
27	1067	1	1750.7259	3	15	0	1	1	0.8744	0.6318
27	1068	1	1752.2758	15	5	90	1	1	0.8745	0.6822
27	1069	1	1753.8257	2	1	90	0	1	0.8737	0.6686
27	1070	1	1755.3756	14	3	90	0	1	0.8729	0.5591
27	1071	1	1756.9256	1	2	0	1	1	0.8730	0.5920
27	1072	1	1758.4755	3	15	0	1	1	0.8731	0.6092
27	1073	1	1760.0254	2	1	90	0	1	0.8723	0.6609
27	1074	1	1761.5753	3	15	0	1	1	0.8724	0.6146
27	1075	1	1763.1252	15	5	0	1	1	0.8726	0.6325
27	1076	1	1764.6752	2	1	0	1	1	0.8727	0.7310
27	1077	1	1766.2251	14	3	0	1	1	0.8728	0.6527
27	1078	1	1767.7750	2	1	0	1	1	0.8729	0.9587
27	1079	1	1769.3249	1	2	90	1	1	0.8730	0.8013
27	1080	1	1770.8749	3	15	0	1	1	0.8731	0.5793
27	1081	1	1772.4248	15	5	0	1	1	0.8733	0.6144
27	1082	1	1773.9747	1	2	90	1	1	0.8734	0.6479
27	1083	1	1775.5246	14	3	0	1	1	0.8735	0.6006
27	1084	1	1777.0745	13	12	0	1	1	0.8736	0.7793
27	1085	1	1778.6244	11	14	0	1	1	0.8737	0.8613
27	1086	1	1780.1744	10	8	0	1	1	0.8738	0.6394
27	1087	1	1781.7243	13	12	0	1	1	0.8740	0.6734
27	1088	1	1783.2742	11	14	0	1	1	0.8741	0.8355
27	1089	1	1784.8241	13	12	0	1	1	0.8742	0.6141
27	1090	1	1786.3740	14	3	0	1	1	0.8743	1.0802
27	1091	1	1787.9240	1	2	0	1	1	0.8744	0.6983
27	1092	1	1789.4739	2	1	0	0	1	0.8736	0.8760
27	1093	1	1791.0238	3	15	0	1	1	0.8737	0.5752
27	1094	1	1792.5737	4	6	0	1	1	0.8739	0.6883
27	1095	1	1794.1237	6	9	0	1	1	0.8740	0.6731
27	1096	1	1795.6736	5	10	0	1	1	0.8741	0.9953
27	1097	1	1797.2235	6	9	0	1	1	0.8742	0.5664
27	1098	1	1798.7734	8	11	0	1	1	0.8743	0.7435
27	1099	1	1800.3233	7	13	0	1	1	0.8744	0.7625
27	1100	1	1801.8732	8	11	0	1	1	0.8745	0.6527
27	1101	1	1803.4232	5	10	90	1	1	0.8747	0.8949
27	1102	1	1804.9731	4	6	0	1	1	0.8748	0.6259
27	1103	1	1806.5230	3	15	0	1	1	0.8749	0.6114
27	1104	1	1808.0729	4	6	0	1	1	0.8750	0.6438
27	1105	1	1809.6228	5	10	0	1	1	0.8751	0.8235
27	1106	1	1811.1728	7	13	0	1	1	0.8752	0.6332
27	1107	1	1812.7226	4	6	0	1	1	0.8753	0.6022
27	1108	1	1814.2726	7	13	90	1	1	0.8755	0.7481
27	1109	1	1815.8225	6	9	0	1	1	0.8756	0.5753
27	1110	1	1817.3724	8	11	0	1	1	0.8757	0.5133
27	1111	1	1818.9224	5	10	0	1	1	0.8758	0.7075
27	1112	1	1820.4723	7	13	0	1	1	0.8759	0.5017
27	1113	1	1822.0222	6	9	0	1	1	0.8760	0.5357
27	1114	1	1823.5721	5	10	0	1	1	0.8761	0.8898
27	1115	1	1825.1220	7	13	0	1	1	0.8762	0.6187
27	1116	1	1826.6719	6	9	0	1	1	0.8763	0.5088
27	1117	1	1828.2219	5	10	0	1	1	0.8765	0.7200
27	1118	1	1829.7718	6	9	0	1	1	0.8766	0.5450
27	1119	1	1831.3217	4	6	0	1	1	0.8767	0.4363
27	1120	1	1832.8716	7	13	0	1	1	0.8768	0.5983
27	1121	1	1834.4215	5	10	0	1	1	0.8769	0.7124
27	1122	1	1835.9715	7	13	90	0	1	0.8761	0.5547
27	1123	1	1837.5214	6	9	90	1	1	0.8762	0.9890
27	1124	1	1839.0713	4	6	0	1	1	0.8763	0.7024
27	1125	1	1840.6212	6	9	0	1	1	0.8764	0.5928
27	1126	1	1842.1711	8	11	90	1	1	0.8766	1.1069
27	1127	1	1843.7211	9	4	90	1	1	0.8767	0.8529
27	1128	1	1845.2710	12	7	0	1	1	0.8768	1.0158
27	1129	1	1846.8209	11	14	0	1	1	0.8769	0.8256
27	1130	1	1848.3708	9	4	90	1	1	0.8770	0.7301
27	1131	1	1849.9208	10	8	0	1	1	0.8771	0.6208
27	1132	1	1851.4707	11	14	0	1	1	0.8772	0.6702
27	1133	1	1853.0206	10	8	90	1	1	0.8773	0.6890
27	1134	1	1854.5705	9	4	0	1	1	0.8774	0.5956
27	1135	1	1856.1204	8	11	0	1	1	0.8775	0.8215
27	1136	1	1857.6703	7	13	0	1	1	0.8776	0.6628
27	1137	1	1859.2203	8	11	0	1	1	0.8777	0.5536
27	1138	1	1860.7702	9	4	0	1	1	0.8779	0.5558
27	1139	1	1862.3201	12	7	0	1	1	0.8780	0.7327
27	1140	1	1863.8700	11	14	0	1	1	0.8781	0.5441
27	1141	1	1865.4200	9	4	0	1	1	0.8782	0.5459
27	1142	1	1866.9699	8	11	0	1	1	0.8783	0.6123
27	1143	1	1868.5198	6	9	0	1	1	0.8784	0.5661
27	1144	1	1870.0697	8	11	0	1	1	0.8785	0.5202
27	1145	1	1871.6196	9	4	90	1	1	0.8786	0.6822
27	1146	1	1873.1695	10	8	0	1	1	0.8787	0.5393
27	1147	1	1874.7195	12	7	0	1	1	0.8788	0.5253
27	1148	1	1876.2694	13	12	90	1	1	0.8789	0.8008
27	1149	1	1877.8193	10	8	0	1	1	0.8790	0.5144
27	1150	1	1879.3692	13	12	90	1	1	0.8791	0.7887
27	1151	1	1880.9191	10	8	0	1	1	0.8792	0.5513
27	1152	1	1882.4691	9	4	0	1	1	0.8793	0.5679
27	1153	1	1884.0190	11	14	0	1	1	0.8794	0.6028
27	1154	1	1885.5689	9	4	0	1	1	0.8795	0.5078
27	1155	1	1887.1188	8	11	90	1	1	0.8797	0.9273
27	1156	1	1888.6687	6	9	0	1	1	0.8798	0.5605
27	1157	1	1890.2187	7	13	0	1	1	0.8799	0.4512
27	1158	1	1891.7686	5	10	90	0	1	0.8791	0.4683
27	1159	1	1893.3185	8	11	0	1	1	0.8792	0.7913
27	1160	1	1894.8684	7	13	0	1	1	0.8793	0.8403
27	1161	1	1896.4183	8	11	0	1	1	0.8794	0.6208
27	1162	1	1897.9683	9	4	90	1	1	0.8795	0.6684
27	1163	1	1899.5182	10	8	90	1	1	0.8796	0.6706
27	1164	1	1901.0681	13	12	0	1	1	0.8797	0.9766
27	1165	1	1902.6180	12	7	0	1	1	0.8798	0.6763
27	1166	1	1904.1679	11	14	0	1	1	0.8799	0.5662
27	1167	1	1905.7179	9	4	0	1	1	0.8800	0.6149
27	1168	1	1907.2678	11	14	0	1	1	0.8801	0.6184
27	1169	1	1908.8177	10	8	0	1	1	0.8802	0.5393
27	1170	1	1910.3676	13	12	0	1	1	0.8803	0.6531
27	1171	1	1911.9175	11	14	0	1	1	0.8804	0.6244
27	1172	1	1913.4675	12	7	0	1	1	0.8805	0.6267
27	1173	1	1915.0174	9	4	0	1	1	0.8806	0.5967
27	1174	1	1916.5673	8	11	0	1	1	0.8807	0.6146
27	1175	1	1918.1172	7	13	0	1	1	0.8809	0.8401
27	1176	1	1919.6671	5	10	0	1	1	0.8810	0.7298
27	1177	1	1921.2171	4	6	0	1	1	0.8811	0.6367
27	1178	1	1922.7670	6	9	0	1	1	0.8812	0.5738
27	1179	1	1924.3169	4	6	90	1	1	0.8813	0.9288
27	1180	1	1925.8668	5	10	90	1	1	0.8814	0.7550
27	1181	1	1927.4168	7	13	0	1	1	0.8815	0.6440
27	1182	1	1928.9666	6	9	0	1	1	0.8816	0.5352
27	1183	1	1930.5166	4	6	0	1	1	0.8817	0.6018
27	1184	1	1932.0665	5	10	0	1	1	0.8818	0.5704
27	1185	1	1933.6164	4	6	0	1	1	0.8819	0.5894
27	1186	1	1935.1663	5	10	0	1	1	0.8820	0.8155
27	1187	1	1936.7163	4	6	0	1	1	0.8821	0.5462
27	1188	1	1938.2662	5	10	0	1	1	0.8822	0.6762
27	1189	1	1939.8161	4	6	90	1	1	0.8823	0.7097
27	1190	1	1941.3660	3	15	0	1	1	0.8824	0.6799
27	1191	1	1942.9159	4	6	0	1	1	0.8825	0.5387
27	1192	1	1944.4659	3	15	0	1	1	0.8826	0.4920
27	1193	1	1946.0158	4	6	90	1	1	0.8826	0.8290
27	1194	1	1947.5657	3	15	0	1	1	0.8827	0.5432
27	1195	1	1949.1156	1	2	0	1	1	0.8828	0.6903
27	1196	1	1950.6655	3	15	0	1	1	0.8829	0.5804
27	1197	1	1952.2155	2	1	0	0	1	0.8822	0.9505
27	1198	1	1953.7654	1	2	0	1	1	0.8823	0.6326
27	1199	1	1955.3153	14	3	0	1	1	0.8824	0.6663
27	1200	1	1956.8652	13	12	0	1	1	0.8825	0.6366
27	1201	1	1958.4151	14	3	0	1	1	0.8826	0.5272
27	1202	1	1959.9650	15	5	0	1	1	0.8827	0.6412
27	1203	1	1961.5150	1	2	0	1	1	0.8828	0.6109
27	1204	1	1963.0649	14	3	0	1	1	0.8829	0.7410
27	1205	1	1964.6148	1	2	90	1	1	0.8830	0.8552
27	1206	1	1966.1647	14	3	0	1	1	0.8831	0.6013
27	1207	1	1967.7146	1	2	90	1	1	0.8832	0.8747
27	1208	1	1969.2646	3	15	0	1	1	0.8833	0.7654
27	1209	1	1970.8145	15	5	0	1	1	0.8834	0.6543
27	1210	1	1972.3644	3	15	0	1	1	0.8835	0.5453
27	1211	1	1973.9143	15	5	0	1	1	0.8836	0.5624
27	1212	1	1975.4642	3	15	0	1	1	0.8837	0.4858
27	1213	1	1977.0141	15	5	0	1	1	0.8838	0.5506
27	1214	1	1978.5641	2	1	0	1	1	0.8839	0.9379
27	1215	1	1980.1140	14	3	0	1	1	0.8840	0.5885
27	1216	1	1981.6639	15	5	0	1	1	0.8840	0.5262
27	1217	1	1983.2138	2	1	90	1	1	0.8841	0.9281
27	1218	1	1984.7637	14	3	0	1	1	0.8842	0.6423
27	1219	1	1986.3137	1	2	0	1	1	0.8843	0.5483
27	1220	1	1987.8636	15	5	0	1	1	0.8844	0.5812
27	1221	1	1989.4135	2	1	0	1	1	0.8845	0.9206
27	1222	1	1990.9634	15	5	0	1	1	0.8846	0.6503
27	1223	1	1992.5134	1	2	0	1	1	0.8847	0.6046
27	1224	1	1994.0633	15	5	0	1	1	0.8848	0.5110
27	1225	1	1995.6132	14	3	0	1	1	0.8849	0.6409
27	1226	1	1997.1631	1	2	0	1	1	0.8850	0.6107
27	1227	1	1998.7130	3	15	0	1	1	0.8851	0.5331
27	1228	1	2000.2629	1	2	0	1	1	0.8852	0.4871
27	1229	1	2001.8129	15	5	0	1	1	0.8853	0.4893
27	1230	1	2003.3628	14	3	0	1	1	0.8854	0.5072
27	1231	1	2004.9127	15	5	90	1	1	0.8855	0.7162
27	1232	1	2006.4626	3	15	90	1	1	0.8856	0.6552
27	1233	1	2008.0125	4	6	0	1	1	0.8856	0.7375
27	1234	1	2009.5625	5	10	0	1	1	0.8857	1.0434
27	1235	1	2011.1124	8	11	0	1	1	0.8858	0.6463
27	1236	1	2012.6623	7	13	0	1	1	0.8859	0.7760
27	1237	1	2014.2122	4	6	0	1	1	0.8860	0.6338
27	1238	1	2015.7621	3	15	0	1	1	0.8861	0.6042
27	1239	1	2017.3121	4	6	0	1	1	0.8862	0.5740
27	1240	1	2018.8620	6	9	90	1	1	0.8863	0.9277
27	1241	1	2020.4119	8	11	0	1	1	0.8864	0.7048
27	1242	1	2021.9618	7	13	0	1	1	0.8865	0.5323
27	1243	1	2023.5117	8	11	0	1	1	0.8866	0.5502
27	1244	1	2025.0617	7	13	0	1	1	0.8867	0.5204
27	1245	1	2026.6116	8	11	0	1	1	0.8867	0.5384
27	1246	1	2028.1615	7	13	0	1	1	0.8868	0.4606
27	1247	1	2029.7114	8	11	90	1	1	0.8869	1.0385
27	1248	1	2031.2614	7	13	0	1	1	0.8870	0.6245
27	1249	1	2032.8113	5	10	0	1	1	0.8871	0.8015
27	1250	1	2034.3612	6	9	0	1	1	0.8872	0.5331
27	1251	1	2035.9111	7	13	0	1	1	0.8873	0.5189
27	1252	1	2037.4610	4	6	0	1	1	0.8874	0.4730
27	1253	1	2039.0109	3	15	0	1	1	0.8875	0.5059
27	1254	1	2040.5609	1	2	0	1	1	0.8876	0.5411
27	1255	1	2042.1108	15	5	0	1	1	0.8876	0.4632
27	1256	1	2043.6607	1	2	90	1	1	0.8877	0.7054
27	1257	1	2045.2106	14	3	0	1	1	0.8878	0.5314
27	1258	1	2046.7605	15	5	90	1	1	0.8879	0.6762
27	1259	1	2048.3105	14	3	90	1	1	0.8880	0.7438
27	1260	1	2049.8604	15	5	0	1	1	0.8881	0.6341
27	1261	1	2051.4103	3	15	90	1	1	0.8882	0.7318
27	1262	1	2052.9602	4	6	0	1	1	0.8883	0.7498
27	1263	1	2054.5101	3	15	0	1	1	0.8884	0.5760
27	1264	1	2056.0601	15	5	0	1	1	0.8884	0.5138
27	1265	1	2057.6100	14	3	0	1	1	0.8885	0.5959
27	1266	1	2059.1599	1	2	0	1	1	0.8886	0.5809
27	1267	1	2060.7098	2	1	0	0	1	0.8879	0.7111
27	1268	1	2062.2597	14	3	0	1	1	0.8880	0.5866
27	1269	1	2063.8097	15	5	0	1	1	0.8881	0.5871
27	1270	1	2065.3596	1	2	0	1	1	0.8882	0.5592
27	1271	1	2066.9095	14	3	90	0	1	0.8875	0.4647
27	1272	1	2068.4594	15	5	0	1	1	0.8876	0.5294
27	1273	1	2070.0093	1	2	0	1	1	0.8877	0.5817
27	1274	1	2071.5592	14	3	0	1	1	0.8878	0.6627
27	1275	1	2073.1092	2	1	90	1	1	0.8878	1.1768
27	1276	1	2074.6591	14	3	0	1	1	0.8879	0.6988
27	1277	1	2076.2090	13	12	0	1	1	0.8880	0.7976
27	1278	1	2077.7589	10	8	0	1	1	0.8881	0.6868
27	1279	1	2079.3089	12	7	0	1	1	0.8882	0.8016
27	1280	1	2080.8588	10	8	90	1	1	0.8883	0.7073
27	1281	1	2082.4087	9	4	90	1	1	0.8884	0.9643
27	1282	1	2083.9586	11	14	0	1	1	0.8885	0.8542
27	1283	1	2085.5085	12	7	0	1	1	0.8885	1.1122
27	1284	1	2087.0585	10	8	0	1	1	0.8886	0.6199
27	1285	1	2088.6084	12	7	0	1	1	0.8887	0.6685
27	1286	1	2090.1583	13	12	0	1	1	0.8888	0.6077
27	1287	1	2091.7082	10	8	0	1	1	0.8889	0.4965
27	1288	1	2093.2581	11	14	0	1	1	0.8890	0.7722
27	1289	1	2094.8080	10	8	0	1	1	0.8891	0.5167
27	1290	1	2096.3580	11	14	0	1	1	0.8891	0.5360
27	1291	1	2097.9078	10	8	0	1	1	0.8892	0.4101
27	1292	1	2099.4578	12	7	0	1	1	0.8893	0.6841
27	1293	1	2101.0077	9	4	0	1	1	0.8894	0.7491
27	1294	1	2102.5577	8	11	90	1	1	0.8895	1.1195
27	1295	1	2104.1076	5	10	90	1	1	0.8896	1.0585
27	1296	1	2105.6575	4	6	0	1	1	0.8897	0.6753
27	1297	1	2107.2074	3	15	0	1	1	0.8897	0.5667
27	1298	1	2108.7573	15	5	0	1	1	0.8898	0.5996
27	1299	1	2110.3072	14	3	0	1	1	0.8899	0.6670
27	1300	1	2111.8572	13	12	0	1	1	0.8900	0.5877
27	1301	1	2113.4071	12	7	90	1	1	0.8901	0.7508
27	1302	1	2114.9570	9	4	0	1	1	0.8902	0.5771
27	1303	1	2116.5069	10	8	0	1	1	0.8903	0.5951
27	1304	1	2118.0568	9	4	90	1	1	0.8903	0.6613
27	1305	1	2119.6068	12	7	0	1	1	0.8904	0.5993
27	1306	1	2121.1567	13	12	0	1	1	0.8905	0.6322
27	1307	1	2122.7066	12	7	0	1	1	0.8906	0.6195
27	1308	1	2124.2565	13	12	0	1	1	0.8907	0.6844
27	1309	1	2125.8064	11	14	90	1	1	0.8908	0.8315
27	1310	1	2127.3564	12	7	0	1	1	0.8908	0.5616
27	1311	1	2128.9063	10	8	0	1	1	0.8909	0.5636
27	1312	1	2130.4562	12	7	90	1	1	0.8910	0.8379
27	1313	1	2132.0061	10	8	90	1	1	0.8911	0.6799
27	1314	1	2133.5560	13	12	0	1	1	0.8912	0.6506
27	1315	1	2135.1060	10	8	0	1	1	0.8913	0.5087
27	1316	1	2136.6559	9	4	0	1	1	0.8913	0.6221
27	1317	1	2138.2058	8	11	0	1	1	0.8914	0.8472
27	1318	1	2139.7557	7	13	0	1	1	0.8915	0.5611
27	1319	1	2141.3056	8	11	0	1	1	0.8916	0.5632
27	1320	1	2142.8556	7	13	0	1	1	0.8917	0.4852
27	1321	1	2144.4055	5	10	0	1	1	0.8917	1.3204
27	1322	1	2145.9554	8	11	90	1	1	0.8918	1.0334
27	1323	1	2147.5053	5	10	0	1	1	0.8919	0.7486
27	1324	1	2149.0552	8	11	0	1	1	0.8920	0.9262
27	1325	1	2150.6051	5	10	0	1	1	0.8921	0.8796
27	1326	1	2152.1551	8	11	0	1	1	0.8922	0.5310
27	1327	1	2153.7050	5	10	0	1	1	0.8922	0.5158
27	1328	1	2155.2549	8	11	0	1	1	0.8923	0.4074
27	1329	1	2156.8048	6	9	0	1	1	0.8924	0.6172
27	1330	1	2158.3548	5	10	90	1	1	0.8925	0.7780
27	1331	1	2159.9047	4	6	0	1	1	0.8926	0.8134
27	1332	1	2161.4546	3	15	0	1	1	0.8926	0.5582
27	1333	1	2163.0045	2	1	0	1	1	0.8927	1.2498
27	1334	1	2164.5544	1	2	0	1	1	0.8928	0.5946
27	1335	1	2166.1043	2	1	0	1	1	0.8929	0.5965
27	1336	1	2167.6543	14	3	0	1	1	0.8930	0.6306
27	1337	1	2169.2042	2	1	0	1	1	0.8930	0.8258
27	1338	1	2170.7541	15	5	90	1	1	0.8931	0.6838
27	1339	1	2172.3040	2	1	90	1	1	0.8932	0.9099
27	1340	1	2173.8539	15	5	0	1	1	0.8933	0.5919
27	1341	1	2175.4039	2	1	0	0	1	0.8926	0.8342
27	1342	1	2176.9538	15	5	90	1	1	0.8927	0.9798
27	1343	1	2178.5037	1	2	90	0	1	0.8920	0.6611
27	1344	1	2180.0536	2	1	0	1	1	0.8921	1.1596
27	1345	1	2181.6035	15	5	0	1	1	0.8922	0.6834
27	1346	1	2183.1535	3	15	0	1	1	0.8923	0.5886
27	1347	1	2184.7034	4	6	90	1	1	0.8924	0.8956
27	1348	1	2186.2533	7	13	0	1	1	0.8924	0.7357
27	1349	1	2187.8032	5	10	90	1	1	0.8925	0.8347
27	1350	1	2189.3532	4	6	0	1	1	0.8926	0.6925
27	1351	1	2190.9031	3	15	90	1	1	0.8927	0.7257
27	1352	1	2192.4530	1	2	0	1	1	0.8928	0.7130
27	1353	1	2194.0029	14	3	90	1	1	0.8928	0.9073
27	1354	1	2195.5528	1	2	0	1	1	0.8929	0.5895
27	1355	1	2197.1027	15	5	0	1	1	0.8930	0.6231
27	1356	1	2198.6527	3	15	0	1	1	0.8931	0.5921
27	1357	1	2200.2026	15	5	0	1	1	0.8931	0.6275
27	1358	1	2201.7525	14	3	0	1	1	0.8932	0.5983
27	1359	1	2203.3024	13	12	0	1	1	0.8933	0.6157
27	1360	1	2204.8523	11	14	0	1	1	0.8934	0.7942
27	1361	1	2206.4023	10	8	0	1	1	0.8935	0.5712
27	1362	1	2207.9522	11	14	0	1	1	0.8935	0.6687
27	1363	1	2209.5021	10	8	0	1	1	0.8936	0.4802
27	1364	1	2211.0520	12	7	0	1	1	0.8937	0.6569
27	1365	1	2212.6019	9	4	0	1	1	0.8938	0.5796
27	1366	1	2214.1519	11	14	0	1	1	0.8939	0.5649
27	1367	1	2215.7018	13	12	0	1	1	0.8939	0.6157
27	1368	1	2217.2517	12	7	0	1	1	0.8940	0.5062
27	1369	1	2218.8016	13	12	0	1	1	0.8941	0.5232
27	1370	1	2220.3515	14	3	0	1	1	0.8942	0.5426
27	1371	1	2221.9015	2	1	90	0	1	0.8935	0.7673
27	1372	1	2223.4514	1	2	0	1	1	0.8936	0.6415
27	1373	1	2225.0013	14	3	0	1	1	0.8937	0.5644
27	1374	1	2226.5512	15	5	0	1	1	0.8937	0.5977
27	1375	1	2228.1011	3	15	0	1	1	0.8938	0.5042
27	1376	1	2229.6511	2	1	0	1	1	0.8939	0.8594
27	1377	1	2231.2010	1	2	0	1	1	0.8940	0.5731
27	1378	1	2232.7509	2	1	0	1	1	0.8940	0.7832
27	1379	1	2234.3008	1	2	0	1	1	0.8941	0.5120
27	1380	1	2235.8507	3	15	0	1	1	0.8942	0.5642
27	1381	1	2237.4007	4	6	90	1	1	0.8943	0.8841
27	1382	1	2238.9506	6	9	0	1	1	0.8944	0.6784
27	1383	1	2240.5005	7	13	90	1	1	0.8944	0.9049
27	1384	1	2242.0504	8	11	0	1	1	0.8945	0.6516
27	1385	1	2243.6003	7	13	0	1	1	0.8946	0.4777
27	1386	1	2245.1502	8	11	0	1	1	0.8947	0.6556
27	1387	1	2246.7002	5	10	90	1	1	0.8947	0.8806
27	1388	1	2248.2501	8	11	0	1	1	0.8948	0.7400
27	1389	1	2249.8000	9	4	0	1	1	0.8949	0.6461
27	1390	1	2251.3499	8	11	90	1	1	0.8950	0.9029
27	1391	1	2252.8998	6	9	0	1	1	0.8950	0.6650
27	1392	1	2254.4498	5	10	0	1	1	0.8951	0.7955
27	1393	1	2255.9997	6	9	0	1	1	0.8952	0.5582
27	1394	1	2257.5496	5	10	0	1	1	0.8953	0.6245
27	1395	1	2259.0995	8	11	0	1	1	0.8953	0.6905
27	1396	1	2260.6494	7	13	0	1	1	0.8954	0.6134
27	1397	1	2262.1994	4	6	0	1	1	0.8955	0.6937
27	1398	1	2263.7493	3	15	0	1	1	0.8956	0.5850
27	1399	1	2265.2992	1	2	0	1	1	0.8956	0.6191
27	1400	1	2266.8491	3	15	0	1	1	0.8957	0.5238
27	1	2	1.0166	6	9	0	-1	0	NaN	-1.0000
27	2	2	2.5499	8	11	0	-1	0	NaN	-1.0000
27	3	2	4.0831	6	9	0	-1	0	NaN	-1.0000
27	4	2	5.6164	8	11	0	-1	0	NaN	-1.0000
27	5	2	7.1496	6	9	0	-1	0	NaN	-1.0000
27	6	2	8.6829	5	10	0	-1	1	0.0000	0.5763
27	7	2	10.2161	8	11	0	-1	0	0.0000	-1.0000
27	8	2	11.7494	6	9	0	-1	0	0.0000	-1.0000
27	9	2	13.2826	7	13	0	-1	0	0.0000	-1.0000
27	10	2	14.8159	5	10	0	-1	0	0.0000	-1.0000
27	11	2	16.3492	7	13	0	-1	0	0.0000	-1.0000
27	12	2	17.8824	6	9	0	-1	0	0.0000	-1.0000
27	13	2	19.4156	7	13	0	-1	0	0.0000	-1.0000
27	14	2	20.9489	5	10	0	-1	0	0.0000	-1.0000
27	15	2	22.4822	6	9	0	-1	0	0.0000	-1.0000
27	16	2	24.0154	5	10	0	-1	0	0.0000	-1.0000
27	17	2	25.5487	4	6	0	-1	1	0.0000	1.1508
27	18	2	27.0819	3	15	0	-1	0	0.0000	-1.0000
27	19	2	28.6152	2	1	0	-1	0	0.0000	-1.0000
27	20	2	30.1484	1	2	0	-1	0	0.0000	-1.0000
27	21	2	31.6817	15	5	0	-1	1	0.0000	1.0174
27	22	2	33.2149	14	3	0	-1	0	0.0000	-1.0000
27	23	2	34.7482	13	12	0	-1	0	0.0000	-1.0000
27	24	2	36.2814	12	7	0	-1	0	0.0000	-1.0000
27	25	2	37.8147	11	14	0	-1	0	0.0000	-1.0000
27	26	2	39.3480	10	8	0	-1	0	0.0000	-1.0000
27	27	2	40.8812	9	4	0	-1	0	0.0000	-1.0000
27	28	2	42.4145	8	11	0	-1	0	0.0000	-1.0000
27	29	2	43.9477	7	13	0	-1	0	0.0000	-1.0000
27	30	2	45.4810	6	9	0	-1	0	0.0000	-1.0000
27	31	2	47.0142	8	11	0	-1	0	0.0000	-1.0000
27	32	2	48.5475	9	4	0	-1	1	0.2500	0.9524
27	33	2	50.0807	11	14	0	-1	0	0.2500	-1.0000
27	34	2	51.6140	13	12	0	-1	0	0.2500	-1.0000
27	35	2	53.1473	11	14	0	-1	0	0.2500	-1.0000
27	36	2	54.6805	13	12	0	-1	0	0.2500	-1.0000
27	37	2	56.2138	14	3	0	-1	1	0.4000	0.6456
27	38	2	57.7470	13	12	0	-1	0	0.4000	-1.0000
27	39	2	59.2803	12	7	0	-1	0	0.4000	-1.0000
27	40	2	60.8135	10	8	0	-1	0	0.4000	-1.0000
27	41	2	62.3468	9	4	0	-1	0	0.4000	-1.0000
27	42	2	63.8800	8	11	0	-1	1	0.5000	0.7399
27	43	2	65.4133	5	10	0	-1	0	0.5000	-1.0000
27	44	2	66.9465	4	6	0	-1	0	0.5000	-1.0000
27	45	2	68.4798	7	13	0	-1	0	0.5000	-1.0000
27	46	2	70.0131	6	9	0	-1	0	0.5000	-1.0000
27	47	2	71.5463	5	10	0	-1	0	0.5000	-1.0000
27	48	2	73.0796	4	6	0	-1	0	0.5000	-1.0000
27	49	2	74.6128	3	15	0	-1	0	0.5000	-1.0000
27	50	2	76.1461	2	1	0	-1	0	0.5000	-1.0000
27	51	2	77.6793	1	2	0	-1	0	0.5000	-1.0000
27	52	2	79.2126	15	5	0	-1	1	0.4286	0.5905
27	53	2	80.7458	14	3	0	-1	0	0.4286	-1.0000
27	54	2	82.2791	13	12	0	-1	0	0.4286	-1.0000
27	55	2	83.8123	12	7	0	-1	0	0.4286	-1.0000
27	56	2	85.3456	11	14	0	-1	0	0.4286	-1.0000
27	57	2	86.8789	10	8	0	-1	0	0.4286	-1.0000
27	58	2	88.4121	9	4	0	-1	0	0.4286	-1.0000
27	59	2	89.9454	8	11	0	-1	0	0.4286	-1.0000
27	60	2	91.4786	7	13	0	-1	0	0.4286	-1.0000
27	61	2	93.0119	5	10	0	-1	1	0.3750	0.6315
27	62	2	94.5451	7	13	0	-1	0	0.3750	-1.0000
27	63	2	96.0784	4	6	0	-1	0	0.3750	-1.0000
27	64	2	97.6116	7	13	0	-1	0	0.3750	-1.0000
27	65	2	99.1449	6	9	0	-1	0	0.3750	-1.0000
27	66	2	100.6781	4	6	0	-1	0	0.3750	-1.0000
27	67	2	102.2114	6	9	0	-1	0	0.3750	-1.0000
27	68	2	103.7446	4	6	0	-1	0	0.3750	-1.0000
27	69	2	105.2779	3	15	0	-1	0	0.3750	-1.0000
27	70	2	106.8112	1	2	0	-1	0	0.3750	-1.0000
27	71	2	108.3444	2	1	0	-1	0	0.3750	-1.0000
27	72	2	109.8777	15	5	0	-1	1	0.3333	1.0142
27	73	2	111.4109	2	1	0	-1	0	0.3333	-1.0000
27	74	2	112.9442	15	5	0	-1	0	0.3333	-1.0000
27	75	2	114.4774	14	3	0	-1	0	0.3333	-1.0000
27	76	2	116.0107	15	5	0	-1	0	0.3333	-1.0000
27	77	2	117.5439	1	2	0	-1	0	0.3333	-1.0000
27	78	2	119.0772	2	1	0	-1	0	0.3333	-1.0000
27	79	2	120.6104	3	15	0	-1	0	0.3333	-1.0000
27	80	2	122.1437	4	6	0	-1	0	0.3333	-1.0000
27	81	2	123.6769	5	10	0	-1	0	0.3333	-1.0000
27	82	2	125.2102	6	9	0	-1	0	0.3333	-1.0000
27	83	2	126.7434	7	13	0	-1	0	0.3333	-1.0000
27	84	2	128.2767	8	11	0	-1	0	0.3333	-1.0000
27	85	2	129.8100	9	4	0	-1	1	0.4000	1.0179
27	86	2	131.3432	10	8	0	-1	0	0.4000	-1.0000
27	87	2	132.8765	11	14	0	-1	0	0.4000	-1.0000
27	88	2	134.4097	12	7	0	-1	0	0.4000	-1.0000
27	89	2	135.9430	13	12	0	-1	0	0.4000	-1.0000
27	90	2	137.4762	14	3	0	-1	0	0.4000	-1.0000
27	91	2	139.0095	2	1	0	-1	0	0.4000	-1.0000
27	92	2	140.5427	14	3	0	-1	0	0.4000	-1.0000
27	93	2	142.0760	15	5	0	-1	1	0.3636	0.6703
27	94	2	143.6092	3	15	0	-1	0	0.3636	-1.0000
27	95	2	145.1425	4	6	0	-1	0	0.3636	-1.0000
27	96	2	146.6758	7	13	0	-1	0	0.3636	-1.0000
27	97	2	148.2090	6	9	0	-1	0	0.3636	-1.0000
27	98	2	149.7423	8	11	0	-1	0	0.3636	-1.0000
27	99	2	151.2755	6	9	0	-1	0	0.3636	-1.0000
27	100	2	152.8088	7	13	0	-1	0	0.3636	-1.0000
27	101	2	154.3420	5	10	0	-1	0	0.3636	-1.0000
27	102	2	155.8753	7	13	0	-1	0	0.3636	-1.0000
27	103	2	157.4085	8	11	0	-1	0	0.3636	-1.0000
27	104	2	158.9418	6	9	0	-1	0	0.3636	-1.0000
27	105	2	160.4751	5	10	0	-1	0	0.3636	-1.0000
27	106	2	162.0083	4	6	0	-1	0	0.3636	-1.0000
27	107	2	163.5416	3	15	0	-1	0	0.3636	-1.0000
27	108	2	165.0748	2	1	0	-1	0	0.3636	-1.0000
27	109	2	166.6081	1	2	0	-1	0	0.3636	-1.0000
27	110	2	168.1413	15	5	0	-1	1	0.3333	0.8289
27	111	2	169.6746	14	3	0	-1	0	0.3333	-1.0000
27	112	2	171.2078	13	12	0	-1	0	0.3333	-1.0000
27	113	2	172.7411	12	7	0	-1	0	0.3333	-1.0000
27	114	2	174.2743	11	14	0	-1	0	0.3333	-1.0000
27	115	2	175.8076	10	8	0	-1	0	0.3333	-1.0000
27	116	2	177.3408	9	4	0	-1	0	0.3333	-1.0000
27	117	2	178.8741	8	11	0	-1	0	0.3333	-1.0000
27	118	2	180.4073	7	13	0	-1	0	0.3333	-1.0000
27	119	2	181.9406	6	9	0	-1	1	0.3077	0.6947
27	120	2	183.4739	5	10	0	-1	0	0.3077	-1.0000
27	121	2	185.0071	6	9	0	-1	0	0.3077	-1.0000
27	122	2	186.5404	7	13	0	-1	0	0.3077	-1.0000
27	123	2	188.0736	6	9	0	-1	0	0.3077	-1.0000
27	124	2	189.6069	4	6	0	-1	0	0.3077	-1.0000
27	125	2	191.1401	5	10	0	-1	0	0.3077	-1.0000
27	126	2	192.6734	7	13	0	-1	0	0.3077	-1.0000
27	127	2	194.2066	8	11	0	-1	0	0.3077	-1.0000
27	128	2	195.7399	6	9	0	-1	0	0.3077	-1.0000
27	129	2	197.2731	4	6	0	-1	0	0.3077	-1.0000
27	130	2	198.8064	6	9	0	-1	0	0.3077	-1.0000
27	131	2	200.3397	4	6	0	-1	0	0.3077	-1.0000
27	132	2	201.8729	7	13	0	-1	0	0.3077	-1.0000
27	133	2	203.4062	5	10	0	-1	0	0.3077	-1.0000
27	134	2	204.9394	4	6	0	-1	0	0.3077	-1.0000
27	135	2	206.4727	7	13	0	-1	0	0.3077	-1.0000
27	136	2	208.0059	6	9	0	-1	0	0.3077	-1.0000
27	137	2	209.5392	5	10	0	-1	0	0.3077	-1.0000
27	138	2	211.0725	4	6	0	-1	0	0.3077	-1.0000
27	139	2	212.6057	3	15	0	-1	0	0.3077	-1.0000
27	140	2	214.1390	2	1	0	-1	0	0.3077	-1.0000
27	141	2	215.6722	1	2	0	-1	0	0.3077	-1.0000
27	142	2	217.2054	15	5	0	-1	0	0.3077	-1.0000
27	143	2	218.7387	14	3	0	-1	1	0.2857	0.0170
27	144	2	220.2720	13	12	0	-1	0	0.2857	-1.0000
27	145	2	221.8052	12	7	0	-1	0	0.2857	-1.0000
27	146	2	223.3385	11	14	0	-1	0	0.2857	-1.0000
27	147	2	224.8717	10	8	0	-1	0	0.2857	-1.0000
27	148	2	226.4050	9	4	0	-1	0	0.2857	-1.0000
27	149	2	227.9382	8	11	0	-1	1	0.3333	0.9681
27	150	2	229.4715	7	13	0	-1	0	0.3333	-1.0000
27	151	2	231.0047	6	9	0	-1	1	0.3125	1.1026
27	152	2	232.5380	4	6	0	-1	0	0.3125	-1.0000
27	153	2	234.0712	6	9	0	-1	0	0.3125	-1.0000
27	154	2	235.6045	8	11	0	-1	0	0.3125	-1.0000
27	155	2	237.1377	5	10	0	-1	0	0.3125	-1.0000
27	156	2	238.6710	7	13	0	-1	0	0.3125	-1.0000
27	157	2	240.2043	6	9	0	-1	0	0.3125	-1.0000
27	158	2	241.7375	4	6	0	-1	0	0.3125	-1.0000
27	159	2	243.2708	6	9	0	-1	0	0.3125	-1.0000
27	160	2	244.8040	8	11	0	-1	0	0.3125	-1.0000
27	161	2	246.3373	7	13	0	-1	0	0.3125	-1.0000
27	162	2	247.8705	5	10	0	-1	1	0.2941	0.4777
27	163	2	249.4038	7	13	0	-1	1	0.2778	0.0170
27	164	2	250.9370	5	10	0	-1	1	0.2632	0.0168
27	165	2	252.4703	8	11	0	-1	0	0.2632	-1.0000
27	166	2	254.0035	7	13	0	-1	0	0.2632	-1.0000
27	167	2	255.5368	6	9	0	-1	0	0.2632	-1.0000
27	168	2	257.0701	5	10	0	-1	0	0.2632	-1.0000
27	169	2	258.6033	4	6	0	-1	0	0.2632	-1.0000
27	170	2	260.1366	3	15	0	-1	0	0.2632	-1.0000
27	171	2	261.6698	2	1	0	-1	0	0.2632	-1.0000
27	172	2	263.2031	1	2	0	-1	0	0.2632	-1.0000
27	173	2	264.7363	15	5	0	-1	1	0.2500	0.7471
27	174	2	266.2696	14	3	0	-1	0	0.2500	-1.0000
27	175	2	267.8028	13	12	0	-1	0	0.2500	-1.0000
27	176	2	269.3361	12	7	0	-1	0	0.2500	-1.0000
27	177	2	270.8693	11	14	0	-1	0	0.2500	-1.0000
27	178	2	272.4026	10	8	0	-1	0	0.2500	-1.0000
27	179	2	273.9358	9	4	0	-1	0	0.2500	-1.0000
27	180	2	275.4691	8	11	0	-1	0	0.2500	-1.0000
27	181	2	277.0024	5	10	0	-1	1	0.2381	1.2016
27	182	2	278.5356	8	11	0	-1	0	0.2381	-1.0000
27	183	2	280.0689	7	13	0	-1	0	0.2381	-1.0000
27	184	2	281.6021	8	11	0	-1	0	0.2381	-1.0000
27	185	2	283.1354	9	4	0	-1	1	0.2727	1.4999
27	186	2	284.6686	12	7	0	-1	1	0.2609	0.0168
27	187	2	286.2019	13	12	0	-1	0	0.2609	-1.0000
27	188	2	287.7351	11	14	0	-1	0	0.2609	-1.0000
27	189	2	289.2684	13	12	0	-1	0	0.2609	-1.0000
27	190	2	290.8016	11	14	0	-1	0	0.2609	-1.0000
27	191	2	292.3349	12	7	0	-1	0	0.2609	-1.0000
27	192	2	293.8681	9	4	0	-1	0	0.2609	-1.0000
27	193	2	295.4014	12	7	0	-1	0	0.2609	-1.0000
27	194	2	296.9346	13	12	0	-1	0	0.2609	-1.0000
27	195	2	298.4679	10	8	0	-1	0	0.2609	-1.0000
27	196	2	300.0012	11	14	0	-1	0	0.2609	-1.0000
27	197	2	301.5344	12	7	0	-1	0	0.2609	-1.0000
27	198	2	303.0677	13	12	0	-1	0	0.2609	-1.0000
27	199	2	304.6009	14	3	0	-1	0	0.2609	-1.0000
27	200	2	306.1342	15	5	0	-1	0	0.2609	-1.0000
27	201	2	307.6674	1	2	0	-1	1	0.2500	0.7118
27	202	2	309.2007	2	1	0	-1	0	0.2500	-1.0000
27	203	2	310.7339	3	15	0	-1	0	0.2500	-1.0000
27	204	2	312.2672	4	6	0	-1	0	0.2500	-1.0000
27	205	2	313.8004	5	10	0	-1	0	0.2500	-1.0000
27	206	2	315.3337	6	9	0	-1	1	0.2400	0.8215
27	207	2	316.8670	7	13	0	-1	0	0.2400	-1.0000
27	208	2	318.4002	8	11	0	-1	0	0.2400	-1.0000
27	209	2	319.9335	9	4	0	-1	1	0.2692	1.0867
27	210	2	321.4667	10	8	0	-1	0	0.2692	-1.0000
27	211	2	323.0000	13	12	0	-1	0	0.2692	-1.0000
27	212	2	324.5332	10	8	0	-1	0	0.2692	-1.0000
27	213	2	326.0665	13	12	0	-1	0	0.2692	-1.0000
27	214	2	327.5997	14	3	0	-1	0	0.2692	-1.0000
27	215	2	329.1330	2	1	0	-1	1	0.2593	0.9906
27	216	2	330.6662	14	3	0	-1	0	0.2593	-1.0000
27	217	2	332.1995	2	1	0	-1	0	0.2593	-1.0000
27	218	2	333.7327	14	3	0	-1	0	0.2593	-1.0000
27	219	2	335.2660	2	1	0	-1	0	0.2593	-1.0000
27	220	2	336.7993	3	15	0	-1	1	0.2500	1.2281
27	221	2	338.3325	2	1	0	-1	0	0.2500	-1.0000
27	222	2	339.8658	14	3	0	-1	0	0.2500	-1.0000
27	223	2	341.3990	13	12	0	-1	1	0.2759	0.7402
27	224	2	342.9323	14	3	0	-1	0	0.2759	-1.0000
27	225	2	344.4655	2	1	0	-1	0	0.2759	-1.0000
27	226	2	345.9988	3	15	0	-1	0	0.2759	-1.0000
27	227	2	347.5320	4	6	0	-1	0	0.2759	-1.0000
27	228	2	349.0653	5	10	0	-1	1	0.2667	1.0901
27	229	2	350.5985	6	9	0	-1	0	0.2667	-1.0000
27	230	2	352.1318	7	13	0	-1	0	0.2667	-1.0000
27	231	2	353.6651	8	11	0	-1	0	0.2667	-1.0000
27	232	2	355.1983	9	4	0	-1	1	0.2903	0.9737
27	233	2	356.7315	10	8	0	-1	0	0.2903	-1.0000
27	234	2	358.2648	11	14	0	-1	0	0.2903	-1.0000
27	235	2	359.7981	12	7	0	-1	0	0.2903	-1.0000
27	236	2	361.3313	13	12	0	-1	0	0.2903	-1.0000
27	237	2	362.8646	14	3	0	-1	1	0.3125	0.9073
27	238	2	364.3978	15	5	0	-1	0	0.3125	-1.0000
27	239	2	365.9311	1	2	0	-1	0	0.3125	-1.0000
27	240	2	367.4643	2	1	0	-1	0	0.3125	-1.0000
27	241	2	368.9976	1	2	0	-1	0	0.3125	-1.0000
27	242	2	370.5308	2	1	0	-1	0	0.3125	-1.0000
27	243	2	372.0641	15	5	0	-1	1	0.3030	0.6673
27	244	2	373.5973	14	3	0	-1	0	0.3030	-1.0000
27	245	2	375.1306	2	1	0	-1	0	0.3030	-1.0000
27	246	2	376.6638	14	3	0	-1	0	0.3030	-1.0000
27	247	2	378.1971	13	12	0	-1	0	0.3030	-1.0000
27	248	2	379.7304	10	8	0	-1	0	0.3030	-1.0000
27	249	2	381.2636	11	14	0	-1	0	0.3030	-1.0000
27	250	2	382.7968	13	12	0	-1	0	0.3030	-1.0000
27	251	2	384.3301	12	7	0	-1	0	0.3030	-1.0000
27	252	2	385.8634	11	14	0	-1	0	0.3030	-1.0000
27	253	2	387.3966	9	4	0	-1	0	0.3030	-1.0000
27	254	2	388.9299	10	8	0	-1	0	0.3030	-1.0000
27	255	2	390.4631	9	4	0	-1	0	0.3030	-1.0000
27	256	2	391.9964	10	8	0	-1	0	0.3030	-1.0000
27	257	2	393.5296	11	14	0	-1	0	0.3030	-1.0000
27	258	2	395.0629	12	7	0	-1	0	0.3030	-1.0000
27	259	2	396.5962	13	12	0	-1	0	0.3030	-1.0000
27	260	2	398.1294	14	3	0	-1	1	0.3235	1.4192
27	261	2	399.6627	15	5	0	-1	1	0.3143	0.0170
27	262	2	401.1959	1	2	0	-1	0	0.3143	-1.0000
27	263	2	402.7292	2	1	0	-1	0	0.3143	-1.0000
27	264	2	404.2624	3	15	0	-1	0	0.3143	-1.0000
27	265	2	405.7957	4	6	0	-1	0	0.3143	-1.0000
27	266	2	407.3289	5	10	0	-1	0	0.3143	-1.0000
27	267	2	408.8622	6	9	0	-1	0	0.3143	-1.0000
27	268	2	410.3954	7	13	0	-1	0	0.3143	-1.0000
27	269	2	411.9287	8	11	0	-1	0	0.3143	-1.0000
27	270	2	413.4619	9	4	0	-1	1	0.3333	0.5661
27	271	2	414.9952	10	8	0	-1	0	0.3333	-1.0000
27	272	2	416.5285	13	12	0	-1	0	0.3333	-1.0000
27	273	2	418.0617	11	14	0	-1	0	0.3333	-1.0000
27	274	2	419.5950	12	7	0	-1	0	0.3333	-1.0000
27	275	2	421.1282	10	8	0	-1	0	0.3333	-1.0000
27	276	2	422.6615	13	12	0	-1	0	0.3333	-1.0000
27	277	2	424.1947	12	7	0	-1	0	0.3333	-1.0000
27	278	2	425.7280	11	14	0	-1	0	0.3333	-1.0000
27	279	2	427.2613	13	12	0	-1	0	0.3333	-1.0000
27	280	2	428.7945	12	7	0	-1	0	0.3333	-1.0000
27	281	2	430.3277	11	14	0	-1	0	0.3333	-1.0000
27	282	2	431.8610	10	8	0	-1	0	0.3333	-1.0000
27	283	2	433.3942	11	14	0	-1	0	0.3333	-1.0000
27	284	2	434.9275	10	8	0	-1	0	0.3333	-1.0000
27	285	2	436.4608	11	14	0	-1	0	0.3333	-1.0000
27	286	2	437.9940	12	7	0	-1	0	0.3333	-1.0000
27	287	2	439.5273	13	12	0	-1	0	0.3333	-1.0000
27	288	2	441.0605	14	3	0	-1	1	0.3514	0.8378
27	289	2	442.5938	15	5	0	-1	0	0.3514	-1.0000
27	290	2	444.1270	1	2	0	-1	0	0.3514	-1.0000
27	291	2	445.6603	2	1	0	-1	0	0.3514	-1.0000
27	292	2	447.1935	3	15	0	-1	0	0.3514	-1.0000
27	293	2	448.7268	4	6	0	-1	0	0.3514	-1.0000
27	294	2	450.2600	5	10	0	-1	0	0.3514	-1.0000
27	295	2	451.7933	6	9	0	-1	0	0.3514	-1.0000
27	296	2	453.3265	7	13	0	-1	0	0.3514	-1.0000
27	297	2	454.8598	8	11	0	-1	0	0.3514	-1.0000
27	298	2	456.3931	9	4	0	-1	1	0.3684	0.7059
27	299	2	457.9263	10	8	0	-1	0	0.3684	-1.0000
27	300	2	459.4596	11	14	0	-1	0	0.3684	-1.0000
27	301	2	460.9928	12	7	0	-1	0	0.3684	-1.0000
27	302	2	462.5261	13	12	0	-1	0	0.3684	-1.0000
27	303	2	464.0593	14	3	0	-1	0	0.3684	-1.0000
27	304	2	465.5926	1	2	0	-1	1	0.3590	0.6424
27	305	2	467.1258	15	5	0	-1	0	0.3590	-1.0000
27	306	2	468.6591	14	3	0	-1	0	0.3590	-1.0000
27	307	2	470.1923	1	2	0	-1	0	0.3590	-1.0000
27	308	2	471.7256	3	15	0	-1	0	0.3590	-1.0000
27	309	2	473.2588	4	6	0	-1	0	0.3590	-1.0000
27	310	2	474.7921	6	9	0	-1	1	0.3500	0.6603
27	311	2	476.3253	5	10	0	-1	0	0.3500	-1.0000
27	312	2	477.8586	4	6	0	-1	0	0.3500	-1.0000
27	313	2	479.3919	7	13	0	-1	0	0.3500	-1.0000
27	314	2	480.9251	5	10	0	-1	0	0.3500	-1.0000
27	315	2	482.4584	4	6	0	-1	0	0.3500	-1.0000
27	316	2	483.9916	3	15	0	-1	0	0.3500	-1.0000
27	317	2	485.5249	2	1	0	-1	0	0.3500	-1.0000
27	318	2	487.0581	1	2	0	-1	0	0.3500	-1.0000
27	319	2	488.5914	15	5	0	-1	0	0.3500	-1.0000
27	320	2	490.1246	14	3	0	-1	0	0.3500	-1.0000
27	321	2	491.6579	13	12	0	-1	0	0.3500	-1.0000
27	322	2	493.1911	12	7	0	-1	1	0.3415	0.7556
27	323	2	494.7244	11	14	0	-1	0	0.3415	-1.0000
27	324	2	496.2577	10	8	0	-1	0	0.3415	-1.0000
27	325	2	497.7909	9	4	0	-1	0	0.3415	-1.0000
27	326	2	499.3242	8	11	0	-1	0	0.3415	-1.0000
27	327	2	500.8574	7	13	0	-1	0	0.3415	-1.0000
27	328	2	502.3907	6	9	0	-1	1	0.3333	0.7405
27	329	2	503.9239	5	10	0	-1	0	0.3333	-1.0000
27	330	2	505.4572	4	6	0	-1	0	0.3333	-1.0000
27	331	2	506.9904	3	15	0	-1	0	0.3333	-1.0000
27	332	2	508.5237	15	5	0	-1	1	0.3256	1.0398
27	333	2	510.0569	3	15	0	-1	0	0.3256	-1.0000
27	334	2	511.5902	4	6	0	-1	0	0.3256	-1.0000
27	335	2	513.1235	3	15	0	-1	0	0.3256	-1.0000
27	336	2	514.6567	2	1	0	-1	0	0.3256	-1.0000
27	337	2	516.1900	14	3	0	-1	0	0.3256	-1.0000
27	338	2	517.7232	13	12	0	-1	1	0.3409	0.6564
27	339	2	519.2565	10	8	0	-1	0	0.3409	-1.0000
27	340	2	520.7897	9	4	0	-1	0	0.3409	-1.0000
27	341	2	522.3230	12	7	0	-1	0	0.3409	-1.0000
27	342	2	523.8562	11	14	0	-1	0	0.3409	-1.0000
27	343	2	525.3895	12	7	0	-1	0	0.3409	-1.0000
27	344	2	526.9227	11	14	0	-1	0	0.3409	-1.0000
27	345	2	528.4560	9	4	0	-1	0	0.3409	-1.0000
27	346	2	529.9892	10	8	0	-1	0	0.3409	-1.0000
27	347	2	531.5225	11	14	0	-1	0	0.3409	-1.0000
27	348	2	533.0557	12	7	0	-1	0	0.3409	-1.0000
27	349	2	534.5890	13	12	0	-1	0	0.3409	-1.0000
27	350	2	536.1222	14	3	0	-1	1	0.3556	0.9136
27	351	2	537.6555	15	5	0	-1	0	0.3556	-1.0000
27	352	2	539.1888	1	2	0	-1	0	0.3556	-1.0000
27	353	2	540.7220	2	1	0	-1	0	0.3556	-1.0000
27	354	2	542.2553	3	15	0	-1	0	0.3556	-1.0000
27	355	2	543.7885	4	6	0	-1	0	0.3556	-1.0000
27	356	2	545.3218	5	10	0	-1	0	0.3556	-1.0000
27	357	2	546.8550	6	9	0	-1	0	0.3556	-1.0000
27	358	2	548.3883	7	13	0	-1	0	0.3556	-1.0000
27	359	2	549.9215	8	11	0	-1	0	0.3556	-1.0000
27	360	2	551.4548	9	4	0	-1	0	0.3556	-1.0000
27	361	2	552.9880	12	7	0	-1	1	0.3478	1.2961
27	362	2	554.5213	13	12	0	-1	0	0.3478	-1.0000
27	363	2	556.0545	11	14	0	-1	0	0.3478	-1.0000
27	364	2	557.5878	10	8	0	-1	0	0.3478	-1.0000
27	365	2	559.1211	12	7	0	-1	0	0.3478	-1.0000
27	366	2	560.6543	11	14	0	-1	0	0.3478	-1.0000
27	367	2	562.1876	10	8	0	-1	0	0.3478	-1.0000
27	368	2	563.7208	13	12	0	-1	0	0.3478	-1.0000
27	369	2	565.2541	10	8	0	-1	0	0.3478	-1.0000
27	370	2	566.7873	13	12	0	-1	0	0.3478	-1.0000
27	371	2	568.3206	11	14	0	-1	0	0.3478	-1.0000
27	372	2	569.8538	13	12	0	-1	0	0.3478	-1.0000
27	373	2	571.3871	14	3	0	-1	1	0.3617	0.9604
27	374	2	572.9203	13	12	0	-1	0	0.3617	-1.0000
27	375	2	574.4536	11	14	0	-1	0	0.3617	-1.0000
27	376	2	575.9868	10	8	0	-1	0	0.3617	-1.0000
27	377	2	577.5201	9	4	0	-1	0	0.3617	-1.0000
27	378	2	579.0534	8	11	0	-1	0	0.3617	-1.0000
27	379	2	580.5866	7	13	0	-1	1	0.3542	0.9597
27	380	2	582.1199	6	9	0	-1	0	0.3542	-1.0000
27	381	2	583.6531	5	10	0	-1	0	0.3542	-1.0000
27	382	2	585.1864	4	6	0	-1	0	0.3542	-1.0000
27	383	2	586.7196	3	15	0	-1	0	0.3542	-1.0000
27	384	2	588.2528	2	1	0	-1	0	0.3542	-1.0000
27	385	2	589.7861	1	2	0	-1	0	0.3542	-1.0000
27	386	2	591.3194	15	5	0	-1	0	0.3542	-1.0000
27	387	2	592.8526	14	3	0	-1	1	0.3469	0.4389
27	388	2	594.3859	13	12	0	-1	1	0.3600	0.0168
27	389	2	595.9191	12	7	0	-1	0	0.3600	-1.0000
27	390	2	597.4524	11	14	0	-1	0	0.3600	-1.0000
27	391	2	598.9857	13	12	0	-1	0	0.3600	-1.0000
27	392	2	600.5189	10	8	0	-1	0	0.3600	-1.0000
27	393	2	602.0522	11	14	0	-1	0	0.3600	-1.0000
27	394	2	603.5854	12	7	0	-1	0	0.3600	-1.0000
27	395	2	605.1187	9	4	0	-1	0	0.3600	-1.0000
27	396	2	606.6519	10	8	0	-1	0	0.3600	-1.0000
27	397	2	608.1852	11	14	0	-1	0	0.3600	-1.0000
27	398	2	609.7184	13	12	0	-1	0	0.3600	-1.0000
27	399	2	611.2517	10	8	0	-1	0	0.3600	-1.0000
27	400	2	612.7849	11	14	0	-1	0	0.3600	-1.0000
27	401	2	614.3182	13	12	0	-1	0	0.3600	-1.0000
27	402	2	615.8515	11	14	0	-1	0	0.3600	-1.0000
27	403	2	617.3847	12	7	0	-1	0	0.3600	-1.0000
27	404	2	618.9179	11	14	0	-1	0	0.3600	-1.0000
27	405	2	620.4512	9	4	0	-1	0	0.3600	-1.0000
27	406	2	621.9845	10	8	0	-1	0	0.3600	-1.0000
27	407	2	623.5177	11	14	0	-1	0	0.3600	-1.0000
27	408	2	625.0510	12	7	0	-1	0	0.3600	-1.0000
27	409	2	626.5842	13	12	0	-1	0	0.3600	-1.0000
27	410	2	628.1175	14	3	0	-1	1	0.3725	0.7734
27	411	2	629.6507	15	5	0	-1	0	0.3725	-1.0000
27	412	2	631.1840	1	2	0	-1	0	0.3725	-1.0000
27	413	2	632.7173	2	1	0	-1	0	0.3725	-1.0000
27	414	2	634.2505	3	15	0	-1	0	0.3725	-1.0000
27	415	2	635.7838	4	6	0	-1	0	0.3725	-1.0000
27	416	2	637.3170	5	10	0	-1	0	0.3725	-1.0000
27	417	2	638.8502	6	9	0	-1	0	0.3725	-1.0000
27	418	2	640.3835	7	13	0	-1	0	0.3725	-1.0000
27	419	2	641.9167	8	11	0	-1	0	0.3725	-1.0000
27	420	2	643.4500	9	4	0	-1	0	0.3725	-1.0000
27	421	2	644.9833	12	7	0	-1	1	0.3654	0.6760
27	422	2	646.5165	11	14	0	-1	0	0.3654	-1.0000
27	423	2	648.0498	10	8	0	-1	0	0.3654	-1.0000
27	424	2	649.5830	12	7	0	-1	0	0.3654	-1.0000
27	425	2	651.1163	10	8	0	-1	0	0.3654	-1.0000
27	426	2	652.6495	12	7	0	-1	0	0.3654	-1.0000
27	427	2	654.1828	13	12	0	-1	0	0.3654	-1.0000
27	428	2	655.7160	12	7	0	-1	0	0.3654	-1.0000
27	429	2	657.2493	11	14	0	-1	0	0.3654	-1.0000
27	430	2	658.7825	12	7	0	-1	0	0.3654	-1.0000
27	431	2	660.3158	13	12	0	-1	0	0.3654	-1.0000
27	432	2	661.8491	11	14	0	-1	0	0.3654	-1.0000
27	433	2	663.3823	12	7	0	-1	0	0.3654	-1.0000
27	434	2	664.9156	10	8	0	-1	0	0.3654	-1.0000
27	435	2	666.4488	12	7	0	-1	0	0.3654	-1.0000
27	436	2	667.9821	13	12	0	-1	0	0.3654	-1.0000
27	437	2	669.5153	14	3	0	-1	1	0.3774	0.8479
27	438	2	671.0486	15	5	0	-1	0	0.3774	-1.0000
27	439	2	672.5818	1	2	0	-1	0	0.3774	-1.0000
27	440	2	674.1151	2	1	0	-1	0	0.3774	-1.0000
27	441	2	675.6483	3	15	0	-1	0	0.3774	-1.0000
27	442	2	677.1816	4	6	0	-1	0	0.3774	-1.0000
27	443	2	678.7148	5	10	0	-1	0	0.3774	-1.0000
27	444	2	680.2481	6	9	0	-1	0	0.3774	-1.0000
27	445	2	681.7814	7	13	0	-1	0	0.3774	-1.0000
27	446	2	683.3146	8	11	0	-1	0	0.3774	-1.0000
27	447	2	684.8479	9	4	0	-1	1	0.3889	0.6197
27	448	2	686.3811	10	8	0	-1	0	0.3889	-1.0000
27	449	2	687.9144	11	14	0	-1	0	0.3889	-1.0000
27	450	2	689.4476	12	7	0	-1	0	0.3889	-1.0000
27	451	2	690.9809	9	4	0	-1	0	0.3889	-1.0000
27	452	2	692.5141	12	7	0	-1	0	0.3889	-1.0000
27	453	2	694.0474	10	8	0	-1	0	0.3889	-1.0000
27	454	2	695.5806	11	14	0	-1	0	0.3889	-1.0000
27	455	2	697.1139	13	12	0	-1	0	0.3889	-1.0000
27	456	2	698.6471	11	14	0	-1	0	0.3889	-1.0000
27	457	2	700.1804	13	12	0	-1	0	0.3889	-1.0000
27	458	2	701.7136	11	14	0	-1	0	0.3889	-1.0000
27	459	2	703.2469	9	4	0	-1	0	0.3889	-1.0000
27	460	2	704.7801	11	14	0	-1	0	0.3889	-1.0000
27	461	2	706.3134	9	4	0	-1	0	0.3889	-1.0000
27	462	2	707.8467	8	11	0	-1	0	0.3889	-1.0000
27	463	2	709.3799	9	4	0	-1	0	0.3889	-1.0000
27	464	2	710.9132	11	14	0	-1	0	0.3889	-1.0000
27	465	2	712.4464	12	7	0	-1	0	0.3889	-1.0000
27	466	2	713.9797	13	12	0	-1	0	0.3889	-1.0000
27	467	2	715.5129	14	3	0	-1	1	0.4000	0.7070
27	468	2	717.0462	15	5	0	-1	0	0.4000	-1.0000
27	469	2	718.5794	1	2	0	-1	0	0.4000	-1.0000
27	470	2	720.1127	2	1	0	-1	0	0.4000	-1.0000
27	471	2	721.6459	3	15	0	-1	0	0.4000	-1.0000
27	472	2	723.1792	4	6	0	-1	0	0.4000	-1.0000
27	473	2	724.7125	5	10	0	-1	0	0.4000	-1.0000
27	474	2	726.2457	6	9	0	-1	0	0.4000	-1.0000
27	475	2	727.7789	7	13	0	-1	0	0.4000	-1.0000
27	476	2	729.3122	8	11	0	-1	0	0.4000	-1.0000
27	477	2	730.8455	9	4	0	-1	1	0.4107	0.8461
27	478	2	732.3787	10	8	0	-1	0	0.4107	-1.0000
27	479	2	733.9119	11	14	0	-1	0	0.4107	-1.0000
27	480	2	735.4452	12	7	0	-1	0	0.4107	-1.0000
27	481	2	736.9785	10	8	0	-1	0	0.4107	-1.0000
27	482	2	738.5117	11	14	0	-1	0	0.4107	-1.0000
27	483	2	740.0450	12	7	0	-1	0	0.4107	-1.0000
27	484	2	741.5782	9	4	0	-1	0	0.4107	-1.0000
27	485	2	743.1115	10	8	0	-1	0	0.4107	-1.0000
27	486	2	744.6447	12	7	0	-1	0	0.4107	-1.0000
27	487	2	746.1780	10	8	0	-1	0	0.4107	-1.0000
27	488	2	747.7112	9	4	0	-1	0	0.4107	-1.0000
27	489	2	749.2445	8	11	0	-1	0	0.4107	-1.0000
27	490	2	750.7777	6	9	0	-1	0	0.4107	-1.0000
27	491	2	752.3110	7	13	0	-1	0	0.4107	-1.0000
27	492	2	753.8443	4	6	0	-1	0	0.4107	-1.0000
27	493	2	755.3775	3	15	0	-1	1	0.4211	0.5700
27	494	2	756.9108	2	1	0	-1	0	0.4211	-1.0000
27	495	2	758.4440	15	5	0	-1	0	0.4211	-1.0000
27	496	2	759.9773	1	2	0	-1	0	0.4211	-1.0000
27	497	2	761.5105	2	1	0	-1	0	0.4211	-1.0000
27	498	2	763.0438	3	15	0	-1	0	0.4211	-1.0000
27	499	2	764.5770	4	6	0	-1	0	0.4211	-1.0000
27	500	2	766.1103	5	10	0	-1	0	0.4211	-1.0000
27	501	2	767.6435	6	9	0	-1	0	0.4211	-1.0000
27	502	2	769.1768	7	13	0	-1	0	0.4211	-1.0000
27	503	2	770.7100	8	11	0	-1	0	0.4211	-1.0000
27	504	2	772.2433	9	4	0	-1	1	0.4310	0.7759
27	505	2	773.7766	10	8	0	-1	0	0.4310	-1.0000
27	506	2	775.3098	11	14	0	-1	0	0.4310	-1.0000
27	507	2	776.8430	12	7	0	-1	0	0.4310	-1.0000
27	508	2	778.3763	13	12	0	-1	0	0.4310	-1.0000
27	509	2	779.9095	14	3	0	-1	1	0.4407	0.9338
27	510	2	781.4428	15	5	0	-1	0	0.4407	-1.0000
27	511	2	782.9761	1	2	0	-1	0	0.4407	-1.0000
27	512	2	784.5093	2	1	0	-1	0	0.4407	-1.0000
27	513	2	786.0426	14	3	0	-1	0	0.4407	-1.0000
27	514	2	787.5758	15	5	0	-1	0	0.4407	-1.0000
27	515	2	789.1090	14	3	0	-1	0	0.4407	-1.0000
27	516	2	790.6423	13	12	0	-1	1	0.4500	0.8256
27	517	2	792.1756	12	7	0	-1	0	0.4500	-1.0000
27	518	2	793.7088	10	8	0	-1	0	0.4500	-1.0000
27	519	2	795.2421	13	12	0	-1	0	0.4500	-1.0000
27	520	2	796.7753	12	7	0	-1	0	0.4500	-1.0000
27	521	2	798.3086	10	8	0	-1	0	0.4500	-1.0000
27	522	2	799.8418	12	7	0	-1	0	0.4500	-1.0000
27	523	2	801.3751	9	4	0	-1	0	0.4500	-1.0000
27	524	2	802.9083	10	8	0	-1	0	0.4500	-1.0000
27	525	2	804.4416	9	4	0	-1	0	0.4500	-1.0000
27	526	2	805.9749	8	11	0	-1	1	0.4590	0.7405
27	527	2	807.5081	7	13	0	-1	0	0.4590	-1.0000
27	528	2	809.0414	6	9	0	-1	0	0.4590	-1.0000
27	529	2	810.5746	5	10	0	-1	0	0.4590	-1.0000
27	530	2	812.1079	4	6	0	-1	0	0.4590	-1.0000
27	531	2	813.6411	3	15	0	-1	0	0.4590	-1.0000
27	532	2	815.1744	2	1	0	-1	0	0.4590	-1.0000
27	533	2	816.7076	1	2	0	-1	0	0.4590	-1.0000
27	534	2	818.2409	15	5	0	-1	0	0.4590	-1.0000
27	535	2	819.7741	14	3	0	-1	0	0.4590	-1.0000
27	536	2	821.3074	13	12	0	-1	1	0.4677	0.7030
27	537	2	822.8407	12	7	0	-1	0	0.4677	-1.0000
27	538	2	824.3739	11	14	0	-1	0	0.4677	-1.0000
27	539	2	825.9072	10	8	0	-1	0	0.4677	-1.0000
27	540	2	827.4404	9	4	0	-1	0	0.4677	-1.0000
27	541	2	828.9737	11	14	0	-1	0	0.4677	-1.0000
27	542	2	830.5069	12	7	0	-1	0	0.4677	-1.0000
27	543	2	832.0402	10	8	0	-1	0	0.4677	-1.0000
27	544	2	833.5734	13	12	0	-1	0	0.4677	-1.0000
27	545	2	835.1067	11	14	0	-1	0	0.4677	-1.0000
27	546	2	836.6399	9	4	0	-1	0	0.4677	-1.0000
27	547	2	838.1732	12	7	0	-1	0	0.4677	-1.0000
27	548	2	839.7064	9	4	0	-1	0	0.4677	-1.0000
27	549	2	841.2397	8	11	0	-1	1	0.4762	0.7878
27	550	2	842.7729	5	10	0	-1	0	0.4762	-1.0000
27	551	2	844.3062	7	13	0	-1	0	0.4762	-1.0000
27	552	2	845.8394	6	9	0	-1	0	0.4762	-1.0000
27	553	2	847.3727	4	6	0	-1	0	0.4762	-1.0000
27	554	2	848.9060	6	9	0	-1	0	0.4762	-1.0000
27	555	2	850.4392	8	11	0	-1	0	0.4762	-1.0000
27	556	2	851.9725	9	4	0	-1	1	0.4844	0.6316
27	557	2	853.5057	10	8	0	-1	0	0.4844	-1.0000
27	558	2	855.0390	11	14	0	-1	0	0.4844	-1.0000
27	559	2	856.5722	12	7	0	-1	0	0.4844	-1.0000
27	560	2	858.1055	13	12	0	-1	0	0.4844	-1.0000
27	561	2	859.6387	14	3	0	-1	0	0.4844	-1.0000
27	562	2	861.1720	15	5	0	-1	1	0.4769	0.1831
27	563	2	862.7053	1	2	0	-1	0	0.4769	-1.0000
27	564	2	864.2385	2	1	0	-1	0	0.4769	-1.0000
27	565	2	865.7718	3	15	0	-1	0	0.4769	-1.0000
27	566	2	867.3050	4	6	0	-1	0	0.4769	-1.0000
27	567	2	868.8383	5	10	0	-1	0	0.4769	-1.0000
27	568	2	870.3715	6	9	0	-1	0	0.4769	-1.0000
27	569	2	871.9048	7	13	0	-1	0	0.4769	-1.0000
27	570	2	873.4380	8	11	0	-1	0	0.4769	-1.0000
27	571	2	874.9713	6	9	0	-1	0	0.4769	-1.0000
27	572	2	876.5045	7	13	0	-1	0	0.4769	-1.0000
27	573	2	878.0378	4	6	0	-1	0	0.4769	-1.0000
27	574	2	879.5710	7	13	0	-1	0	0.4769	-1.0000
27	575	2	881.1043	6	9	0	-1	0	0.4769	-1.0000
27	576	2	882.6376	7	13	0	-1	0	0.4769	-1.0000
27	577	2	884.1708	6	9	0	-1	0	0.4769	-1.0000
27	578	2	885.7040	5	10	0	-1	0	0.4769	-1.0000
27	579	2	887.2373	8	11	0	-1	0	0.4769	-1.0000
27	580	2	888.7706	9	4	0	-1	1	0.4848	0.8249
27	581	2	890.3038	11	14	0	-1	0	0.4848	-1.0000
27	582	2	891.8371	9	4	0	-1	0	0.4848	-1.0000
27	583	2	893.3703	10	8	0	-1	0	0.4848	-1.0000
27	584	2	894.9036	12	7	0	-1	0	0.4848	-1.0000
27	585	2	896.4368	11	14	0	-1	0	0.4848	-1.0000
27	586	2	897.9701	10	8	0	-1	0	0.4848	-1.0000
27	587	2	899.5033	9	4	0	-1	1	0.4776	0.8763
27	588	2	901.0366	8	11	0	-1	0	0.4776	-1.0000
27	589	2	902.5698	7	13	0	-1	0	0.4776	-1.0000
27	590	2	904.1031	6	9	0	-1	0	0.4776	-1.0000
27	591	2	905.6363	5	10	0	-1	0	0.4776	-1.0000
27	592	2	907.1696	4	6	0	-1	0	0.4776	-1.0000
27	593	2	908.7028	3	15	0	-1	0	0.4776	-1.0000
27	594	2	910.2361	2	1	0	-1	0	0.4776	-1.0000
27	595	2	911.7694	1	2	0	-1	0	0.4776	-1.0000
27	596	2	913.3026	15	5	0	-1	0	0.4776	-1.0000
27	597	2	914.8359	14	3	0	-1	1	0.4706	0.4227
27	598	2	916.3691	13	12	0	-1	0	0.4706	-1.0000
27	599	2	917.9024	12	7	0	-1	0	0.4706	-1.0000
27	600	2	919.4356	11	14	0	-1	0	0.4706	-1.0000
Actual parsing ratio
0.4706
Possible node parses
86.0000
 Node parses selected
0.3721
Possible other parses
514.0000
Other parses selected
0.0700
Chance parsing ratio
0.1433
