*********************************************
* Date/Time: 22-Nov-2019 09:12:09
* Seed: 211474.2
* Subject Number: 037
7	9	15	11	13	3	10	14	6	8	4	2	12	5	1	
*********************************************

Shape exposure time (seconds)
140.3264
subject	trial	phase	onset	node	shape	rotate	acc	resp	total	rt
37	1	1	1.0166	14	5	0	-1	0	0.0000	-1.0000
37	2	1	2.8665	13	12	0	-1	0	0.0000	-1.0000
37	3	1	4.8831	12	2	0	-1	0	0.0000	-1.0000
37	4	1	6.9163	9	6	0	-1	0	0.0000	-1.0000
37	5	1	8.9662	11	4	0	-1	0	0.0000	-1.0000
37	6	1	11.0161	10	8	0	1	1	0.1667	0.0884
37	7	1	12.5660	12	2	0	1	1	0.2857	0.0437
37	8	1	14.1160	9	6	0	1	1	0.3750	0.5737
37	9	1	15.6659	12	2	0	1	1	0.4444	0.5425
37	10	1	17.2158	10	8	90	1	1	0.5000	0.8179
37	11	1	18.7657	11	4	0	1	1	0.5455	0.9627
37	12	1	20.3157	9	6	0	1	1	0.5833	0.8545
37	13	1	21.8656	11	4	0	1	1	0.6154	0.8078
37	14	1	23.4155	10	8	0	0	1	0.5714	1.2411
37	15	1	25.2320	9	6	0	1	1	0.6000	1.3136
37	16	1	26.7819	11	4	90	0	1	0.5625	0.7716
37	17	1	28.3319	10	8	0	1	1	0.5882	1.3005
37	18	1	29.8817	12	2	90	0	1	0.5556	1.0480
37	19	1	31.4650	11	4	90	1	1	0.5789	1.0645
37	20	1	33.0150	12	2	0	1	1	0.6000	0.7787
37	21	1	34.5649	9	6	0	1	1	0.6190	0.8448
37	22	1	36.1148	10	8	90	1	1	0.6364	0.8456
37	23	1	37.6647	11	4	0	1	1	0.6522	0.7039
37	24	1	39.2147	12	2	0	1	1	0.6667	0.8830
37	25	1	40.7646	13	12	90	1	1	0.6800	1.2533
37	26	1	42.3145	14	5	0	1	1	0.6923	1.0307
37	27	1	43.8643	1	7	0	0	1	0.6667	1.1454
37	28	1	45.5810	14	5	0	1	1	0.6786	0.9804
37	29	1	47.1308	1	7	0	1	1	0.6897	0.5188
37	30	1	48.6808	3	15	0	0	1	0.6667	0.8249
37	31	1	50.2307	4	11	90	0	1	0.6452	0.9549
37	32	1	51.7806	7	10	0	-1	0	0.6250	-1.0000
37	33	1	53.8306	4	11	0	0	1	0.6061	0.7631
37	34	1	55.3804	5	13	0	1	1	0.6176	1.3571
37	35	1	56.9304	8	14	0	0	1	0.6000	1.0234
37	36	1	58.4803	7	10	0	1	1	0.6111	1.2320
37	37	1	60.0302	5	13	0	1	1	0.6216	1.2021
37	38	1	61.5801	8	14	0	1	1	0.6316	1.1575
37	39	1	63.1301	6	3	90	1	1	0.6410	0.9357
37	40	1	64.6800	8	14	0	1	1	0.6500	0.8413
37	41	1	66.2299	6	3	0	1	1	0.6585	1.1317
37	42	1	67.7798	8	14	0	1	1	0.6667	1.3246
37	43	1	69.3298	9	6	0	1	1	0.6744	0.9276
37	44	1	70.8797	10	8	0	0	1	0.6591	0.8018
37	45	1	72.4296	9	6	0	1	1	0.6667	0.7558
37	46	1	73.9795	10	8	0	1	1	0.6739	0.9343
37	47	1	75.5294	12	2	0	1	1	0.6809	0.8562
37	48	1	77.0793	9	6	0	1	1	0.6875	0.6820
37	49	1	78.6293	12	2	0	1	1	0.6939	0.5712
37	50	1	80.1792	13	12	90	1	1	0.7000	0.8303
37	51	1	81.7291	11	4	0	1	1	0.7059	1.1193
37	52	1	83.2790	9	6	90	1	1	0.7115	0.8029
37	53	1	84.8289	10	8	0	0	1	0.6981	0.9484
37	54	1	86.3789	11	4	0	1	1	0.7037	0.8055
37	55	1	87.9288	12	2	0	1	1	0.7091	1.0156
37	56	1	89.4787	11	4	0	1	1	0.7143	0.7776
37	57	1	91.0286	13	12	0	1	1	0.7193	1.1331
37	58	1	92.5785	14	5	0	1	1	0.7241	0.8631
37	59	1	94.1285	2	9	0	0	1	0.7119	1.0892
37	60	1	95.7284	3	15	0	0	1	0.7000	1.4891
37	61	1	97.7783	2	9	0	-1	0	0.6885	-1.0000
37	62	1	99.7948	1	7	0	1	1	0.6935	0.0473
37	63	1	101.3447	14	5	0	1	1	0.6984	0.8174
37	64	1	102.8947	13	12	0	1	1	0.7031	0.7390
37	65	1	104.4445	12	2	0	1	1	0.7077	0.9318
37	66	1	105.9945	11	4	0	1	1	0.7121	0.7259
37	67	1	107.5444	13	12	0	1	1	0.7164	0.6971
37	68	1	109.0943	14	5	0	1	1	0.7206	0.5713
37	69	1	110.6443	13	12	0	1	1	0.7246	0.6361
37	70	1	112.1941	12	2	0	1	1	0.7286	1.0062
37	71	1	113.7441	9	6	0	1	1	0.7324	0.6576
37	72	1	115.2940	8	14	90	0	1	0.7222	0.5157
37	73	1	116.8439	6	3	0	1	1	0.7260	1.2844
37	74	1	118.3938	4	11	0	0	1	0.7162	0.8879
37	75	1	119.9438	6	3	0	1	1	0.7200	0.9698
37	76	1	121.4937	5	13	0	1	1	0.7237	0.9888
37	77	1	123.0436	7	10	0	1	1	0.7273	0.8945
37	78	1	124.5935	4	11	0	0	1	0.7179	0.9271
37	79	1	126.1435	5	13	0	1	1	0.7215	1.1702
37	80	1	127.6934	4	11	90	0	1	0.7125	0.9164
37	81	1	129.2433	5	13	90	-1	0	0.7037	-1.0000
37	82	1	131.2932	6	3	0	-1	0	0.6951	-1.0000
37	83	1	133.4264	4	11	0	0	1	0.6867	1.0859
37	84	1	135.0263	6	3	0	-1	0	0.6786	-1.0000
37	85	1	137.0429	8	14	0	0	1	0.6706	0.8614
37	86	1	138.5928	9	6	90	0	1	0.6628	0.8009
37	87	1	140.1427	11	4	0	1	1	0.6667	1.0276
37	88	1	141.6926	13	12	90	1	1	0.6705	0.8050
37	89	1	143.2426	14	5	90	0	1	0.6629	0.8870
37	90	1	144.7925	13	12	0	1	1	0.6667	0.8252
37	91	1	146.3424	11	4	90	1	1	0.6703	0.9867
37	92	1	147.8923	9	6	0	1	1	0.6739	0.8280
37	93	1	149.4422	8	14	90	0	1	0.6667	1.2792
37	94	1	151.2755	7	10	90	1	1	0.6702	1.0783
37	95	1	152.8254	8	14	0	1	1	0.6737	1.4645
37	96	1	154.3753	7	10	90	1	1	0.6771	0.9530
37	97	1	155.9252	4	11	0	1	1	0.6804	0.8113
37	98	1	157.4751	6	3	0	1	1	0.6837	0.8304
37	99	1	159.0251	5	13	0	0	1	0.6768	0.6552
37	100	1	160.5750	8	14	0	1	1	0.6800	1.3945
37	101	1	162.1249	6	3	90	0	1	0.6733	0.7714
37	102	1	163.6748	7	10	0	1	1	0.6765	0.9666
37	103	1	165.2247	8	14	0	1	1	0.6796	1.0806
37	104	1	166.7746	7	10	0	1	1	0.6827	1.0189
37	105	1	168.3246	8	14	0	1	1	0.6857	0.8438
37	106	1	169.8745	6	3	0	1	1	0.6887	0.6539
37	107	1	171.4244	4	11	0	0	1	0.6822	0.7533
37	108	1	172.9744	3	15	0	0	1	0.6759	0.8518
37	109	1	174.5243	1	7	90	-1	0	0.6697	-1.0000
37	110	1	176.6074	3	15	0	0	1	0.6636	1.0738
37	111	1	178.2073	2	9	90	-1	0	0.6577	-1.0000
37	112	1	180.2406	15	1	0	1	1	0.6607	1.1676
37	113	1	181.7906	14	5	0	1	1	0.6637	0.7387
37	114	1	183.3405	1	7	0	1	1	0.6667	0.9968
37	115	1	184.8904	14	5	0	1	1	0.6696	1.0153
37	116	1	186.4403	1	7	90	0	1	0.6638	1.3840
37	117	1	188.3235	3	15	90	0	1	0.6581	0.9582
37	118	1	189.8734	15	1	0	0	1	0.6525	1.2807
37	119	1	191.6734	14	5	0	1	1	0.6555	0.6799
37	120	1	193.2233	2	9	0	1	1	0.6583	1.0345
37	121	1	194.7732	14	5	0	1	1	0.6612	1.0843
37	122	1	196.3231	1	7	0	1	1	0.6639	0.7493
37	123	1	197.8730	15	1	0	1	1	0.6667	0.7367
37	124	1	199.4229	2	9	0	1	1	0.6694	0.7534
37	125	1	200.9729	1	7	0	1	1	0.6720	0.6287
37	126	1	202.5228	3	15	0	0	1	0.6667	0.8390
37	127	1	204.0727	4	11	0	1	1	0.6693	1.4969
37	128	1	205.6726	3	15	0	1	1	0.6719	0.9049
37	129	1	207.2225	1	7	0	1	1	0.6744	0.6817
37	130	1	208.7723	2	9	90	0	1	0.6692	0.6853
37	131	1	210.3224	14	5	0	1	1	0.6718	1.1350
37	132	1	211.8723	15	1	0	1	1	0.6742	0.8493
37	133	1	213.4222	1	7	0	1	1	0.6767	0.7861
37	134	1	214.9721	3	15	90	0	1	0.6716	0.9645
37	135	1	216.5221	15	1	0	1	1	0.6741	0.7277
37	136	1	218.0720	14	5	0	1	1	0.6765	0.6014
37	137	1	219.6218	15	1	0	1	1	0.6788	0.6517
37	138	1	221.1718	1	7	0	1	1	0.6812	0.8138
37	139	1	222.7217	3	15	0	0	1	0.6763	0.7505
37	140	1	224.2717	4	11	0	1	1	0.6786	0.5139
37	141	1	225.8216	5	13	0	1	1	0.6809	0.9000
37	142	1	227.3714	4	11	90	0	1	0.6761	0.6610
37	143	1	228.9214	5	13	0	1	1	0.6783	0.6322
37	144	1	230.4713	8	14	0	1	1	0.6806	0.8423
37	145	1	232.0213	7	10	0	1	1	0.6828	0.7484
37	146	1	233.5712	4	11	0	1	1	0.6849	0.6547
37	147	1	235.1211	7	10	0	1	1	0.6871	0.5752
37	148	1	236.6710	8	14	90	0	1	0.6824	0.7546
37	149	1	238.2209	5	13	90	1	1	0.6846	0.9330
37	150	1	239.7708	6	3	0	1	1	0.6867	0.8227
37	151	1	241.3208	4	11	0	1	1	0.6887	0.8395
37	152	1	242.8706	7	10	0	1	1	0.6908	0.6511
37	153	1	244.4206	6	3	0	1	1	0.6928	0.8277
37	154	1	245.9705	7	10	0	1	1	0.6948	0.6712
37	155	1	247.5205	6	3	0	1	1	0.6968	0.6399
37	156	1	249.0704	4	11	0	1	1	0.6987	1.0579
37	157	1	250.6203	3	15	0	0	1	0.6943	1.1894
37	158	1	252.3202	15	1	0	1	1	0.6962	0.6255
37	159	1	253.8701	14	5	0	1	1	0.6981	0.6756
37	160	1	255.4200	2	9	0	1	1	0.7000	1.1083
37	161	1	256.9699	3	15	90	0	1	0.6957	0.6624
37	162	1	258.5198	2	9	0	1	1	0.6975	0.6342
37	163	1	260.0698	14	5	0	1	1	0.6994	0.7798
37	164	1	261.6197	1	7	0	1	1	0.7012	0.6698
37	165	1	263.1696	3	15	90	0	1	0.6970	0.4801
37	166	1	264.7195	2	9	90	0	1	0.6928	0.7701
37	167	1	266.2695	15	1	0	1	1	0.6946	0.5321
37	168	1	267.8194	3	15	0	1	1	0.6964	0.8369
37	169	1	269.3693	1	7	0	1	1	0.6982	0.8084
37	170	1	270.9192	15	1	0	1	1	0.7000	0.9544
37	171	1	272.4691	14	5	90	0	1	0.6959	0.7644
37	172	1	274.0191	2	9	0	1	1	0.6977	0.6052
37	173	1	275.5690	1	7	0	1	1	0.6994	0.7206
37	174	1	277.1189	3	15	0	0	1	0.6954	0.8028
37	175	1	278.6688	15	1	0	1	1	0.6971	0.7729
37	176	1	280.2187	2	9	90	0	1	0.6932	0.6307
37	177	1	281.7686	15	1	0	1	1	0.6949	0.6009
37	178	1	283.3185	2	9	0	1	1	0.6966	0.6338
37	179	1	284.8685	14	5	0	1	1	0.6983	0.6210
37	180	1	286.4184	13	12	0	1	1	0.7000	0.8619
37	181	1	287.9683	11	4	0	1	1	0.7017	0.6560
37	182	1	289.5182	12	2	0	1	1	0.7033	0.9314
37	183	1	291.0681	9	6	0	1	1	0.7049	0.8856
37	184	1	292.6181	8	14	0	1	1	0.7065	0.8717
37	185	1	294.1680	5	13	0	1	1	0.7081	0.6978
37	186	1	295.7179	4	11	0	1	1	0.7097	0.6840
37	187	1	297.2679	6	3	0	1	1	0.7112	0.7965
37	188	1	298.8178	4	11	0	1	1	0.7128	0.7202
37	189	1	300.3677	6	3	0	1	1	0.7143	0.5606
37	190	1	301.9175	7	10	0	1	1	0.7158	0.5480
37	191	1	303.4675	4	11	0	1	1	0.7173	0.5180
37	192	1	305.0174	7	10	90	0	1	0.7135	0.5841
37	193	1	306.5674	6	3	0	1	1	0.7150	0.6182
37	194	1	308.1173	5	13	0	0	1	0.7113	1.2923
37	195	1	310.0005	6	3	0	1	1	0.7128	1.1998
37	196	1	311.5504	5	13	0	1	1	0.7143	1.1551
37	197	1	313.1004	4	11	0	1	1	0.7157	0.7419
37	198	1	314.6503	7	10	90	0	1	0.7121	0.9033
37	199	1	316.2002	6	3	0	1	1	0.7136	0.7614
37	200	1	317.7501	5	13	0	1	1	0.7150	0.6674
37	201	1	319.3000	6	3	0	1	1	0.7164	0.6056
37	202	1	320.8499	4	11	0	1	1	0.7178	0.5757
37	203	1	322.3998	7	10	90	0	1	0.7143	0.5772
37	204	1	323.9498	8	14	90	-1	0	0.7108	-1.0000
37	205	1	325.9663	5	13	90	0	1	0.7073	0.9953
37	206	1	327.5162	6	3	0	-1	0	0.7039	-1.0000
37	207	1	329.5828	7	10	0	1	1	0.7053	0.8353
37	208	1	331.1327	5	13	0	1	1	0.7067	0.6436
37	209	1	332.6827	8	14	0	1	1	0.7081	0.6631
37	210	1	334.2326	5	13	90	0	1	0.7048	0.4717
37	211	1	335.7824	7	10	0	1	1	0.7062	0.8739
37	212	1	337.3324	5	13	0	1	1	0.7075	1.1971
37	213	1	338.8823	4	11	0	1	1	0.7089	0.6550
37	214	1	340.4322	3	15	90	0	1	0.7056	0.4801
37	215	1	341.9822	4	11	0	1	1	0.7070	0.4677
37	216	1	343.5321	6	3	0	1	1	0.7083	0.4696
37	217	1	345.0820	8	14	0	1	1	0.7097	0.4543
37	218	1	346.6319	9	6	0	1	1	0.7110	0.2963
37	219	1	348.1819	11	4	0	1	1	0.7123	0.5397
37	220	1	349.7318	12	2	0	1	1	0.7136	0.5407
37	221	1	351.2817	13	12	0	1	1	0.7149	0.4320
37	222	1	352.8316	10	8	0	1	1	0.7162	0.3367
37	223	1	354.3815	9	6	0	1	1	0.7175	0.3400
37	224	1	355.9314	12	2	0	1	1	0.7188	0.4049
37	225	1	357.4813	13	12	0	1	1	0.7200	0.4389
37	226	1	359.0313	11	4	90	0	1	0.7168	0.4104
37	227	1	360.5812	13	12	0	1	1	0.7181	0.4591
37	228	1	362.1311	12	2	0	1	1	0.7193	0.6544
37	229	1	363.6810	13	12	0	1	1	0.7205	0.5286
37	230	1	365.2309	10	8	0	1	1	0.7217	0.4186
37	231	1	366.7809	12	2	90	0	1	0.7186	0.6124
37	232	1	368.3308	9	6	0	1	1	0.7198	0.6951
37	233	1	369.8807	12	2	0	1	1	0.7210	0.6329
37	234	1	371.4306	9	6	0	1	1	0.7222	0.6016
37	235	1	372.9805	8	14	0	1	1	0.7234	1.2437
37	236	1	374.5305	7	10	0	1	1	0.7246	1.0379
37	237	1	376.0804	4	11	90	0	1	0.7215	0.7041
37	238	1	377.6303	3	15	0	1	1	0.7227	0.5312
37	239	1	379.1802	2	9	0	1	1	0.7238	0.7561
37	240	1	380.7301	14	5	0	1	1	0.7250	0.6157
37	241	1	382.2801	1	7	90	0	1	0.7220	0.5856
37	242	1	383.8299	15	1	0	1	1	0.7231	1.4824
37	243	1	385.4132	2	9	0	1	1	0.7243	1.2124
37	244	1	386.9632	15	1	0	1	1	0.7254	0.6866
37	245	1	388.5131	14	5	0	1	1	0.7265	0.6087
37	246	1	390.0629	1	7	0	1	1	0.7276	0.3066
37	247	1	391.6129	2	9	0	1	1	0.7287	0.3566
37	248	1	393.1628	14	5	0	1	1	0.7298	0.3588
37	249	1	394.7128	15	1	0	1	1	0.7309	0.2967
37	250	1	396.2626	2	9	0	1	1	0.7320	0.2343
37	251	1	397.8126	3	15	0	1	1	0.7331	0.2528
37	252	1	399.3624	2	9	0	1	1	0.7341	0.3030
37	253	1	400.9124	14	5	0	1	1	0.7352	0.2579
37	254	1	402.4623	15	1	0	1	1	0.7362	0.2740
37	255	1	404.0122	3	15	0	1	1	0.7373	0.2454
37	256	1	405.5622	1	7	0	1	1	0.7383	0.2479
37	257	1	407.1121	15	1	0	1	1	0.7393	0.2812
37	258	1	408.6620	1	7	0	1	1	0.7403	0.3315
37	259	1	410.2119	3	15	90	0	1	0.7375	0.3017
37	260	1	411.7619	4	11	0	1	1	0.7385	0.4956
37	261	1	413.3118	3	15	0	1	1	0.7395	0.3525
37	262	1	414.8617	1	7	0	1	1	0.7405	0.7720
37	263	1	416.4116	14	5	0	1	1	0.7414	0.7098
37	264	1	417.9615	2	9	0	1	1	0.7424	0.6162
37	265	1	419.5115	3	15	0	1	1	0.7434	1.1460
37	266	1	421.0613	2	9	90	0	1	0.7406	0.6523
37	267	1	422.6113	14	5	0	1	1	0.7416	0.4782
37	268	1	424.1612	2	9	0	1	1	0.7425	0.3687
37	269	1	425.7111	14	5	0	1	1	0.7435	0.3703
37	270	1	427.2610	15	1	0	1	1	0.7444	0.3404
37	271	1	428.8110	3	15	0	1	1	0.7454	0.4708
37	272	1	430.3609	1	7	90	0	1	0.7426	0.4088
37	273	1	431.9108	14	5	0	1	1	0.7436	0.5215
37	274	1	433.4607	1	7	0	1	1	0.7445	0.5247
37	275	1	435.0106	3	15	90	0	1	0.7418	0.6377
37	276	1	436.5606	2	9	0	-1	0	0.7391	-1.0000
37	277	1	438.6271	15	1	0	1	1	0.7401	0.8772
37	278	1	440.1770	1	7	0	1	1	0.7410	0.9432
37	279	1	441.7269	2	9	0	1	1	0.7419	0.6906
37	280	1	443.2769	3	15	0	0	1	0.7393	0.7567
37	281	1	444.8268	1	7	0	1	1	0.7402	1.3495
37	282	1	446.3766	14	5	0	1	1	0.7411	0.6476
37	283	1	447.9266	13	12	0	1	1	0.7420	0.7151
37	284	1	449.4766	10	8	0	1	1	0.7430	0.7808
37	285	1	451.0265	13	12	0	1	1	0.7439	0.6551
37	286	1	452.5764	12	2	90	0	1	0.7413	0.7210
37	287	1	454.1263	10	8	0	1	1	0.7422	0.6740
37	288	1	455.6762	13	12	0	1	1	0.7431	0.8213
37	289	1	457.2261	14	5	0	1	1	0.7439	0.6315
37	290	1	458.7761	15	1	0	1	1	0.7448	0.7296
37	291	1	460.3260	3	15	0	1	1	0.7457	1.1628
37	292	1	461.8759	2	9	0	1	1	0.7466	0.6698
37	293	1	463.4258	3	15	90	-1	0	0.7440	-1.0000
37	294	1	465.4757	2	9	0	-1	0	0.7415	-1.0000
37	295	1	467.5089	1	7	90	0	1	0.7390	0.8286
37	296	1	469.0589	14	5	0	1	1	0.7399	0.9267
37	297	1	470.6088	1	7	0	0	1	0.7374	1.2483
37	298	1	472.4587	2	9	0	1	1	0.7383	0.6779
37	299	1	474.0086	3	15	0	-1	0	0.7358	-1.0000
37	300	1	476.0585	4	11	90	0	1	0.7333	1.1258
37	301	1	477.7417	6	3	0	1	1	0.7342	0.7080
37	302	1	479.2917	5	13	90	0	1	0.7318	0.5014
37	303	1	480.8416	6	3	90	1	1	0.7327	1.4957
37	304	1	482.4415	4	11	0	1	1	0.7336	0.7428
37	305	1	483.9914	6	3	0	1	1	0.7344	0.7609
37	306	1	485.5413	5	13	0	1	1	0.7353	0.8764
37	307	1	487.0912	6	3	90	0	1	0.7329	0.6690
37	308	1	488.6412	5	13	90	0	1	0.7305	0.7516
37	309	1	490.1911	7	10	0	1	1	0.7314	0.7532
37	310	1	491.7410	5	13	90	1	1	0.7323	0.8364
37	311	1	493.2909	8	14	0	1	1	0.7331	0.9664
37	312	1	494.8408	6	3	0	1	1	0.7340	0.8085
37	313	1	496.3907	5	13	90	1	1	0.7348	0.9231
37	314	1	497.9407	7	10	0	1	1	0.7357	0.6847
37	315	1	499.4906	8	14	90	1	1	0.7365	0.9596
37	316	1	501.0405	7	10	0	1	1	0.7373	0.6899
37	317	1	502.5905	6	3	0	1	1	0.7382	0.7698
37	318	1	504.1403	5	13	0	1	1	0.7390	1.0919
37	319	1	505.6902	7	10	0	1	1	0.7398	0.7741
37	320	1	507.2402	4	11	90	0	1	0.7375	0.8093
37	321	1	508.7900	5	13	90	1	1	0.7383	1.4662
37	322	1	510.3900	7	10	0	1	1	0.7391	0.7156
37	323	1	511.9400	4	11	0	1	1	0.7399	1.2618
37	324	1	513.4898	6	3	0	1	1	0.7407	0.7677
37	325	1	515.0398	8	14	0	0	1	0.7385	0.7221
37	326	1	516.5897	7	10	0	1	1	0.7393	0.7226
37	327	1	518.1396	8	14	0	1	1	0.7401	0.5648
37	328	1	519.6895	5	13	90	0	1	0.7378	0.2961
37	329	1	521.2395	8	14	0	1	1	0.7386	0.3140
37	330	1	522.7894	6	3	90	0	1	0.7364	0.2683
37	331	1	524.3393	4	11	0	1	1	0.7372	0.8623
37	332	1	525.8892	5	13	90	0	1	0.7349	0.8964
37	333	1	527.4391	4	11	0	1	1	0.7357	0.7380
37	334	1	528.9890	3	15	0	1	1	0.7365	0.6912
37	335	1	530.5390	15	1	0	1	1	0.7373	0.6467
37	336	1	532.0889	2	9	0	1	1	0.7381	0.6327
37	337	1	533.6388	1	7	0	1	1	0.7389	0.6818
37	338	1	535.1887	14	5	0	1	1	0.7396	0.4927
37	339	1	536.7387	13	12	0	1	1	0.7404	0.4633
37	340	1	538.2886	12	2	0	1	1	0.7412	0.5917
37	341	1	539.8385	11	4	90	0	1	0.7390	0.4671
37	342	1	541.3884	10	8	0	1	1	0.7398	0.8039
37	343	1	542.9383	13	12	0	1	1	0.7405	0.5991
37	344	1	544.4882	10	8	0	1	1	0.7413	0.4894
37	345	1	546.0382	13	12	90	0	1	0.7391	0.3474
37	346	1	547.5880	14	5	0	1	1	0.7399	0.6693
37	347	1	549.1380	1	7	90	0	1	0.7378	0.4797
37	348	1	550.6879	14	5	0	1	1	0.7385	0.5776
37	349	1	552.2379	1	7	0	0	1	0.7364	1.0758
37	350	1	553.9044	15	1	90	0	1	0.7343	0.7370
37	351	1	555.4543	3	15	0	-1	0	0.7322	-1.0000
37	352	1	557.5209	1	7	0	1	1	0.7330	0.9275
37	353	1	559.0708	15	1	0	1	1	0.7337	0.7707
37	354	1	560.6207	1	7	0	1	1	0.7345	0.9326
37	355	1	562.1706	15	1	0	1	1	0.7352	0.6136
37	356	1	563.7206	2	9	0	1	1	0.7360	0.7117
37	357	1	565.2705	14	5	0	1	1	0.7367	0.7618
37	358	1	566.8204	13	12	0	1	1	0.7374	0.8612
37	359	1	568.3703	14	5	90	0	1	0.7354	0.5579
37	360	1	569.9203	13	12	0	1	1	0.7361	0.7531
37	361	1	571.4702	12	2	90	1	1	0.7368	1.0754
37	362	1	573.0201	10	8	0	0	1	0.7348	1.3002
37	363	1	574.9032	9	6	90	1	1	0.7355	1.0490
37	364	1	576.4532	8	14	90	1	1	0.7363	1.1312
37	365	1	578.0032	6	3	90	1	1	0.7370	1.1346
37	366	1	579.5531	5	13	0	0	1	0.7350	1.2320
37	367	1	581.3029	8	14	0	1	1	0.7357	1.0506
37	368	1	582.8529	6	3	0	1	1	0.7364	0.8607
37	369	1	584.4028	7	10	0	1	1	0.7371	0.7014
37	370	1	585.9527	5	13	0	1	1	0.7378	0.7688
37	371	1	587.5026	7	10	90	0	1	0.7358	0.5949
37	372	1	589.0526	5	13	0	1	1	0.7366	0.4517
37	373	1	590.6025	7	10	90	0	1	0.7346	0.9990
37	374	1	592.1691	4	11	0	0	1	0.7326	0.8871
37	375	1	593.7190	5	13	90	0	1	0.7307	0.7310
37	376	1	595.2689	7	10	0	1	1	0.7314	0.8913
37	377	1	596.8188	5	13	0	1	1	0.7321	1.0547
37	378	1	598.3688	4	11	0	0	1	0.7302	0.8477
37	379	1	599.9187	6	3	0	1	1	0.7309	0.6896
37	380	1	601.4686	8	14	90	1	1	0.7316	0.8049
37	381	1	603.0185	7	10	90	0	1	0.7297	0.6777
37	382	1	604.5684	5	13	0	1	1	0.7304	1.1758
37	383	1	606.1184	4	11	0	0	1	0.7285	0.9219
37	384	1	607.6682	7	10	0	1	1	0.7292	0.8760
37	385	1	609.2182	8	14	90	0	1	0.7273	0.4795
37	386	1	610.7681	6	3	0	1	1	0.7280	0.7525
37	387	1	612.3180	7	10	0	1	1	0.7287	0.6122
37	388	1	613.8679	6	3	0	1	1	0.7294	0.8215
37	389	1	615.4179	8	14	0	0	1	0.7275	1.4464
37	390	1	617.4344	5	13	0	1	1	0.7282	1.1590
37	391	1	618.9843	7	10	0	1	1	0.7289	0.8731
37	392	1	620.5343	5	13	0	1	1	0.7296	0.6032
37	393	1	622.0841	4	11	0	1	1	0.7303	0.7175
37	394	1	623.6341	5	13	90	1	1	0.7310	0.7515
37	395	1	625.1840	8	14	0	1	1	0.7316	1.1046
37	396	1	626.7338	5	13	0	1	1	0.7323	1.0119
37	397	1	628.2837	6	3	90	1	1	0.7330	0.8525
37	398	1	629.8337	4	11	90	0	1	0.7312	0.9505
37	399	1	631.3837	7	10	0	1	1	0.7318	0.8245
37	400	1	632.9335	4	11	90	0	1	0.7300	0.8108
37	401	1	634.4835	6	3	0	1	1	0.7307	0.9580
37	402	1	636.0334	8	14	0	1	1	0.7313	1.3271
37	403	1	637.5834	5	13	0	1	1	0.7320	1.2024
37	404	1	639.1332	8	14	0	0	1	0.7302	1.1563
37	405	1	640.8499	7	10	0	1	1	0.7309	0.7037
37	406	1	642.3998	5	13	0	-1	0	0.7291	-1.0000
37	407	1	644.4496	8	14	0	1	1	0.7297	0.7679
37	408	1	645.9996	5	13	0	1	1	0.7304	0.6901
37	409	1	647.5495	4	11	0	1	1	0.7311	0.6922
37	410	1	649.0994	3	15	0	0	1	0.7293	1.0769
37	411	1	650.6827	4	11	0	1	1	0.7299	0.7429
37	412	1	652.2326	7	10	0	1	1	0.7306	0.7609
37	413	1	653.7825	6	3	90	0	1	0.7288	1.3553
37	414	1	655.6991	5	13	0	1	1	0.7295	0.7333
37	415	1	657.2490	8	14	0	1	1	0.7301	0.4800
37	416	1	658.7989	6	3	0	1	1	0.7308	0.7219
37	417	1	660.3489	8	14	90	0	1	0.7290	0.5807
37	418	1	661.8987	9	6	0	1	1	0.7297	0.8069
37	419	1	663.4487	12	2	0	1	1	0.7303	0.5995
37	420	1	664.9986	13	12	0	1	1	0.7310	0.5058
37	421	1	666.5485	10	8	0	0	1	0.7292	0.9883
37	422	1	668.0983	9	6	90	0	1	0.7275	0.5272
37	423	1	669.6484	11	4	0	1	1	0.7281	0.9131
37	424	1	671.1983	10	8	0	1	1	0.7288	0.9940
37	425	1	672.7482	13	12	0	1	1	0.7294	0.7895
37	426	1	674.2981	10	8	0	1	1	0.7300	0.7596
37	427	1	675.8480	11	4	0	1	1	0.7307	0.6500
37	428	1	677.3980	10	8	0	1	1	0.7313	0.5716
37	429	1	678.9478	13	12	90	0	1	0.7296	0.3646
37	430	1	680.4978	12	2	0	1	1	0.7302	1.1836
37	431	1	682.0477	10	8	0	1	1	0.7309	0.8659
37	432	1	683.5976	9	6	0	1	1	0.7315	0.8520
37	433	1	685.1476	11	4	0	1	1	0.7321	0.8220
37	434	1	686.6975	10	8	90	1	1	0.7327	0.8707
37	435	1	688.2474	12	2	0	1	1	0.7333	0.7462
37	436	1	689.7973	11	4	0	1	1	0.7339	0.8924
37	437	1	691.3472	13	12	0	1	1	0.7346	0.7175
37	438	1	692.8971	14	5	0	1	1	0.7352	0.6391
37	439	1	694.4471	15	1	90	1	1	0.7358	0.8331
37	440	1	695.9970	14	5	0	1	1	0.7364	0.8673
37	441	1	697.5468	1	7	0	0	1	0.7347	1.1586
37	442	1	699.2635	15	1	0	1	1	0.7353	0.8661
37	443	1	700.8134	3	15	0	1	1	0.7359	1.1723
37	444	1	702.3633	2	9	0	1	1	0.7365	0.7729
37	445	1	703.9133	3	15	0	1	1	0.7371	0.8240
37	446	1	705.4632	2	9	0	1	1	0.7377	0.5530
37	447	1	707.0130	15	1	90	1	1	0.7383	0.7966
37	448	1	708.5630	2	9	90	0	1	0.7366	0.7012
37	449	1	710.1129	1	7	0	1	1	0.7372	1.1205
37	450	1	711.6628	3	15	0	1	1	0.7378	1.0254
37	451	1	713.2127	2	9	0	1	1	0.7384	0.8368
37	452	1	714.7626	1	7	0	1	1	0.7389	1.2708
37	453	1	716.3126	15	1	0	1	1	0.7395	0.7940
37	454	1	717.8624	14	5	0	1	1	0.7401	0.6510
37	455	1	719.4124	15	1	0	1	1	0.7407	0.3331
37	456	1	720.9623	2	9	0	1	1	0.7412	0.3350
37	457	1	722.5123	3	15	0	1	1	0.7418	0.2734
37	458	1	724.0621	4	11	0	1	1	0.7424	0.4353
37	459	1	725.6121	3	15	90	0	1	0.7407	0.4534
37	460	1	727.1620	4	11	0	1	1	0.7413	0.8062
37	461	1	728.7119	3	15	0	1	1	0.7419	1.0163
37	462	1	730.2618	2	9	0	1	1	0.7424	0.7156
37	463	1	731.8117	15	1	0	1	1	0.7430	1.0855
37	464	1	733.3617	14	5	90	0	1	0.7414	0.9597
37	465	1	734.9116	13	12	0	1	1	0.7419	0.6886
37	466	1	736.4615	10	8	0	1	1	0.7425	0.5307
37	467	1	738.0115	11	4	0	1	1	0.7430	0.4217
37	468	1	739.5614	13	12	0	1	1	0.7436	0.6469
37	469	1	741.1113	14	5	0	1	1	0.7441	0.4421
37	470	1	742.6612	13	12	90	0	1	0.7426	0.6043
37	471	1	744.2111	14	5	0	1	1	0.7431	0.5584
37	472	1	745.7611	13	12	90	0	1	0.7415	0.4646
37	473	1	747.3110	11	4	0	1	1	0.7421	0.6263
37	474	1	748.8608	12	2	0	1	1	0.7426	0.7725
37	475	1	750.4108	11	4	90	0	1	0.7411	0.6956
37	476	1	751.9607	13	12	0	1	1	0.7416	0.6315
37	477	1	753.5106	12	2	0	1	1	0.7421	0.7616
37	478	1	755.0605	10	8	0	1	1	0.7427	0.7173
37	479	1	756.6105	12	2	0	1	1	0.7432	1.1344
37	480	1	758.1604	13	12	90	0	1	0.7417	1.0413
37	481	1	759.7270	12	2	90	0	1	0.7401	0.6573
37	482	1	761.2768	9	6	90	1	1	0.7407	0.7715
37	483	1	762.8268	11	4	0	1	1	0.7412	0.6627
37	484	1	764.3767	13	12	90	0	1	0.7397	1.1926
37	485	1	766.1433	12	2	0	1	1	0.7402	0.6089
37	486	1	767.6932	11	4	0	1	1	0.7407	0.7722
37	487	1	769.2432	12	2	0	1	1	0.7413	0.6306
37	488	1	770.7931	13	12	0	1	1	0.7418	0.7595
37	489	1	772.3430	14	5	0	1	1	0.7423	0.6972
37	490	1	773.8929	2	9	0	1	1	0.7429	0.4113
37	491	1	775.4428	15	1	0	1	1	0.7434	0.4950
37	492	1	776.9927	3	15	0	1	1	0.7439	0.4168
37	493	1	778.5427	4	11	0	1	1	0.7444	0.3696
37	494	1	780.0926	3	15	90	0	1	0.7429	0.4517
37	495	1	781.6425	15	1	0	1	1	0.7434	0.2951
37	496	1	783.1923	1	7	90	0	1	0.7419	0.4412
37	497	1	784.7424	3	15	90	0	1	0.7404	0.7939
37	498	1	786.2923	15	1	0	-1	0	0.7390	-1.0000
37	499	1	788.3255	14	5	0	1	1	0.7395	0.7960
37	500	1	789.8754	13	12	90	0	1	0.7380	0.6848
37	501	1	791.4253	11	4	0	1	1	0.7385	0.6561
37	502	1	792.9752	9	6	0	1	1	0.7390	0.7370
37	503	1	794.5252	12	2	0	1	1	0.7396	0.8684
37	504	1	796.0751	13	12	0	1	1	0.7401	0.7265
37	505	1	797.6250	12	2	0	1	1	0.7406	0.6645
37	506	1	799.1749	11	4	0	1	1	0.7411	0.9534
37	507	1	800.7248	9	6	0	1	1	0.7416	1.0526
37	508	1	802.2747	8	14	0	1	1	0.7421	1.3735
37	509	1	803.8247	6	3	90	0	1	0.7407	1.0719
37	510	1	805.4246	7	10	90	0	1	0.7392	0.6886
37	511	1	806.9745	6	3	0	1	1	0.7397	0.6591
37	512	1	808.5244	5	13	0	1	1	0.7402	0.6278
37	513	1	810.0743	4	11	0	1	1	0.7407	0.6790
37	514	1	811.6242	6	3	0	1	1	0.7412	1.2720
37	515	1	813.1742	8	14	0	1	1	0.7417	0.6036
37	516	1	814.7241	5	13	0	1	1	0.7422	0.4933
37	517	1	816.2739	8	14	0	1	1	0.7427	0.3503
37	518	1	817.8239	7	10	0	1	1	0.7432	0.3694
37	519	1	819.3739	5	13	0	1	1	0.7437	0.6117
37	520	1	820.9238	7	10	0	1	1	0.7442	0.5818
37	521	1	822.4737	6	3	0	1	1	0.7447	0.6625
37	522	1	824.0236	5	13	90	0	1	0.7433	0.6966
37	523	1	825.5735	4	11	0	1	1	0.7438	0.5236
37	524	1	827.1234	7	10	0	1	1	0.7443	0.3968
37	525	1	828.6734	4	11	90	0	1	0.7429	0.3679
37	526	1	830.2233	5	13	90	-1	0	0.7414	-1.0000
37	527	1	832.2565	6	3	0	1	1	0.7419	0.7996
37	528	1	833.8064	4	11	0	1	1	0.7424	0.7070
37	529	1	835.3563	6	3	90	0	1	0.7410	0.2918
37	530	1	836.9063	5	13	90	0	1	0.7396	0.4379
37	531	1	838.4562	8	14	90	-1	1	0.7382	-1.0000
37	532	1	840.5228	5	13	90	0	1	0.7368	0.5506
37	533	1	842.0726	4	11	0	1	1	0.7373	0.6644
37	534	1	843.6225	3	15	90	0	1	0.7360	0.6830
37	535	1	845.1725	1	7	0	1	1	0.7364	0.6197
37	536	1	846.7224	15	1	0	1	1	0.7369	0.5748
37	537	1	848.2723	14	5	0	1	1	0.7374	0.4013
37	538	1	849.8222	15	1	90	1	1	0.7379	0.9632
37	539	1	851.3722	3	15	90	1	1	0.7384	1.3172
37	540	1	852.9221	15	1	90	0	1	0.7370	0.8235
37	541	1	854.4720	3	15	0	1	1	0.7375	1.2416
37	542	1	856.0220	2	9	0	1	1	0.7380	0.6196
37	543	1	857.5719	15	1	0	1	1	0.7385	0.8137
37	544	1	859.1217	3	15	0	1	1	0.7390	1.4879
37	545	1	860.7550	2	9	90	0	1	0.7376	0.6067
37	546	1	862.3050	15	1	90	1	1	0.7381	0.7353
37	547	1	863.8549	3	15	0	1	1	0.7386	1.1374
37	548	1	865.4047	15	1	0	1	1	0.7391	0.7555
37	549	1	866.9547	3	15	0	1	1	0.7395	0.7737
37	550	1	868.5046	1	7	0	1	1	0.7400	0.8889
37	551	1	870.0545	3	15	0	1	1	0.7405	0.8589
37	552	1	871.6045	2	9	0	1	1	0.7409	0.6371
37	553	1	873.1544	3	15	0	1	1	0.7414	0.3351
37	554	1	874.7043	1	7	0	1	1	0.7419	0.7691
37	555	1	876.2542	15	1	0	1	1	0.7423	0.3539
37	556	1	877.8041	14	5	90	0	1	0.7410	1.0772
37	557	1	879.4541	1	7	0	1	1	0.7415	1.1715
37	558	1	881.0039	3	15	0	1	1	0.7419	1.0283
37	559	1	882.5539	15	1	0	1	1	0.7424	1.0316
37	560	1	884.1038	2	9	90	0	1	0.7411	0.5364
37	561	1	885.6537	3	15	90	0	1	0.7398	0.6042
37	562	1	887.2036	15	1	0	1	1	0.7402	0.5418
37	563	1	888.7536	14	5	0	1	1	0.7407	0.6229
37	564	1	890.3035	13	12	0	1	1	0.7411	1.3938
37	565	1	891.8534	11	4	0	1	1	0.7416	1.1708
37	566	1	893.4033	12	2	0	1	1	0.7420	1.2208
37	567	1	894.9532	11	4	0	1	1	0.7425	0.8085
37	568	1	896.5032	9	6	0	1	1	0.7430	0.7290
37	569	1	898.0531	10	8	0	1	1	0.7434	0.6191
37	570	1	899.6030	9	6	0	1	1	0.7439	0.3504
37	571	1	901.1529	10	8	0	1	1	0.7443	0.3527
37	572	1	902.7029	13	12	0	1	1	0.7448	0.2429
37	573	1	904.2527	14	5	0	1	1	0.7452	0.3235
37	574	1	905.8027	13	12	0	1	1	0.7456	0.5507
37	575	1	907.3526	12	2	0	0	1	0.7443	0.3596
37	576	1	908.9025	11	4	0	1	1	0.7448	0.1870
37	577	1	910.4523	10	8	0	1	1	0.7452	0.0611
37	578	1	912.0357	13	12	90	0	1	0.7439	0.9259
37	579	1	913.5856	11	4	0	1	1	0.7444	0.7986
37	580	1	915.1355	10	8	0	1	1	0.7448	0.6887
37	581	1	916.6854	12	2	0	1	1	0.7453	0.3402
37	582	1	918.2354	11	4	0	1	1	0.7457	0.0388
37	583	1	919.7853	13	12	0	1	1	0.7461	0.8723
37	584	1	921.3352	11	4	0	1	1	0.7466	0.6181
37	585	1	922.8851	13	12	0	1	1	0.7470	0.5391
37	586	1	924.4351	10	8	0	0	1	0.7457	0.3331
37	587	1	925.9850	13	12	0	1	1	0.7462	0.3513
37	588	1	927.5349	12	2	0	1	1	0.7466	0.3547
37	589	1	929.0848	13	12	0	1	1	0.7470	0.2445
37	590	1	930.6347	11	4	0	1	1	0.7475	0.2455
37	591	1	932.1846	9	6	0	1	1	0.7479	0.3126
37	592	1	933.7345	12	2	90	0	1	0.7466	0.2347
37	593	1	935.2845	9	6	0	1	1	0.7470	0.2851
37	594	1	936.8343	10	8	0	1	1	0.7475	0.3988
37	595	1	938.3843	11	4	0	1	1	0.7479	0.2411
37	596	1	939.9342	12	2	90	0	1	0.7466	0.1473
37	597	1	941.4841	10	8	0	1	1	0.7471	0.2614
37	598	1	943.0341	9	6	0	1	1	0.7475	0.2473
37	599	1	944.5840	8	14	0	1	1	0.7479	0.2493
37	600	1	946.1339	6	3	0	1	1	0.7483	0.3316
37	601	1	1056.3114	4	11	0	1	1	0.7488	0.8743
37	602	1	1057.8614	5	13	0	1	1	0.7492	0.7628
37	603	1	1059.4112	8	14	0	0	1	0.7479	0.7343
37	604	1	1060.9612	7	10	0	1	1	0.7483	0.6870
37	605	1	1062.5111	6	3	0	1	1	0.7488	0.7864
37	606	1	1064.0610	7	10	0	1	1	0.7492	0.4846
37	607	1	1065.6109	6	3	0	1	1	0.7496	0.4226
37	608	1	1067.1609	8	14	0	1	1	0.7500	0.3287
37	609	1	1068.7107	5	13	0	1	1	0.7504	0.3148
37	610	1	1070.2607	8	14	0	1	1	0.7508	0.2675
37	611	1	1071.8106	5	13	0	1	1	0.7512	0.2707
37	612	1	1073.3606	7	10	0	1	1	0.7516	0.2725
37	613	1	1074.9105	6	3	0	1	1	0.7520	0.2592
37	614	1	1076.4604	4	11	0	1	1	0.7524	0.2771
37	615	1	1078.0103	5	13	0	1	1	0.7528	0.2630
37	616	1	1079.5601	4	11	90	0	1	0.7516	0.3773
37	617	1	1081.1101	3	15	0	1	1	0.7520	0.3300
37	618	1	1082.6601	15	1	0	1	1	0.7524	0.4135
37	619	1	1084.2100	14	5	0	1	1	0.7528	0.3034
37	620	1	1085.7599	15	1	0	1	1	0.7532	0.2574
37	621	1	1087.3098	1	7	0	1	1	0.7536	0.3064
37	622	1	1088.8597	3	15	0	1	1	0.7540	0.3106
37	623	1	1090.4097	1	7	0	1	1	0.7544	0.2796
37	624	1	1091.9596	2	9	90	0	1	0.7532	0.5540
37	625	1	1093.5095	1	7	0	1	1	0.7536	0.3627
37	626	1	1095.0594	2	9	0	1	1	0.7540	0.2860
37	627	1	1096.6093	14	5	0	1	1	0.7544	0.5437
37	628	1	1098.1592	1	7	90	0	1	0.7532	0.6089
37	629	1	1099.7092	15	1	0	1	1	0.7536	0.4360
37	630	1	1101.2591	14	5	0	1	1	0.7540	0.3426
37	631	1	1102.8090	13	12	0	1	1	0.7544	0.4072
37	632	1	1104.3589	10	8	0	1	1	0.7547	0.3132
37	633	1	1105.9089	11	4	0	1	1	0.7551	0.3005
37	634	1	1107.4587	12	2	0	1	1	0.7555	0.6546
37	635	1	1109.0087	11	4	90	0	1	0.7543	0.3849
37	636	1	1110.5586	9	6	90	0	1	0.7531	0.2736
37	637	1	1112.1085	10	8	0	1	1	0.7535	0.5329
37	638	1	1113.6584	13	12	0	1	1	0.7539	0.6631
37	639	1	1115.2084	12	2	90	0	1	0.7527	0.7771
37	640	1	1116.7583	10	8	0	1	1	0.7531	0.6509
37	641	1	1118.3081	12	2	0	1	1	0.7535	0.5578
37	642	1	1119.8581	9	6	0	1	1	0.7539	0.3514
37	643	1	1121.4081	8	14	0	1	1	0.7543	0.4162
37	644	1	1122.9580	7	10	90	0	1	0.7531	0.4997
37	645	1	1124.5079	5	13	0	1	1	0.7535	0.3416
37	646	1	1126.0578	6	3	0	1	1	0.7539	0.4247
37	647	1	1127.6077	8	14	0	1	1	0.7543	0.4724
37	648	1	1129.1576	5	13	0	1	1	0.7546	0.7305
37	649	1	1130.7075	7	10	0	1	1	0.7550	0.5419
37	650	1	1132.2574	6	3	0	1	1	0.7554	0.6560
37	651	1	1133.8074	7	10	90	0	1	0.7542	0.6098
37	652	1	1135.3573	6	3	0	1	1	0.7546	0.3388
37	653	1	1136.9072	5	13	0	1	1	0.7550	0.2944
37	654	1	1138.4572	4	11	0	1	1	0.7554	0.3921
37	655	1	1140.0071	6	3	0	1	1	0.7557	0.5865
37	656	1	1141.5570	5	13	0	1	1	0.7561	0.4925
37	657	1	1143.1069	4	11	90	0	1	0.7549	0.5573
37	658	1	1144.6568	3	15	0	1	1	0.7553	0.4647
37	659	1	1146.2067	1	7	0	1	1	0.7557	0.7707
37	660	1	1147.7567	3	15	0	1	1	0.7561	0.8208
37	661	1	1149.3066	1	7	90	0	1	0.7549	0.6949
37	662	1	1150.8565	14	5	0	1	1	0.7553	0.5209
37	663	1	1152.4064	15	1	0	1	1	0.7557	0.6509
37	664	1	1153.9564	2	9	0	1	1	0.7560	0.5256
37	665	1	1155.5062	1	7	0	1	1	0.7564	0.3830
37	666	1	1157.0562	14	5	0	1	1	0.7568	0.3852
37	667	1	1158.6061	15	1	0	1	1	0.7571	0.3714
37	668	1	1160.1560	1	7	0	1	1	0.7575	0.2134
37	669	1	1161.7059	2	9	90	0	1	0.7564	0.2782
37	670	1	1163.2559	15	1	90	1	1	0.7567	0.3453
37	671	1	1164.8058	2	9	90	0	1	0.7556	0.6824
37	672	1	1166.3557	1	7	0	1	1	0.7560	0.7821
37	673	1	1167.9055	14	5	90	0	1	0.7548	0.6227
37	674	1	1169.4555	1	7	0	1	1	0.7552	0.9299
37	675	1	1171.0055	15	1	0	1	1	0.7556	0.6282
37	676	1	1172.5554	2	9	0	1	1	0.7559	0.5180
37	677	1	1174.1053	1	7	0	1	1	0.7563	0.5043
37	678	1	1175.6552	14	5	0	1	1	0.7566	0.7302
37	679	1	1177.2051	13	12	0	1	1	0.7570	0.7000
37	680	1	1178.7550	11	4	0	1	1	0.7574	0.5903
37	681	1	1180.3050	12	2	0	1	1	0.7577	0.6083
37	682	1	1181.8549	9	6	0	1	1	0.7581	0.4493
37	683	1	1183.4047	11	4	0	1	1	0.7584	0.5794
37	684	1	1184.9547	12	2	0	1	1	0.7588	0.7414
37	685	1	1186.5047	11	4	0	1	1	0.7591	0.6328
37	686	1	1188.0546	10	8	0	1	1	0.7595	0.5386
37	687	1	1189.6044	12	2	90	0	1	0.7584	0.7810
37	688	1	1191.1544	11	4	0	1	1	0.7587	0.9117
37	689	1	1192.7043	10	8	90	0	1	0.7576	0.8650
37	690	1	1194.2542	11	4	0	1	1	0.7580	0.6116
37	691	1	1195.8042	13	12	0	1	1	0.7583	0.6120
37	692	1	1197.3541	12	2	0	1	1	0.7587	0.6313
37	693	1	1198.9040	9	6	90	1	1	0.7590	0.8092
37	694	1	1200.4539	10	8	0	1	1	0.7594	0.9718
37	695	1	1202.0037	9	6	0	1	1	0.7597	0.7334
37	696	1	1203.5538	12	2	0	1	1	0.7601	0.5919
37	697	1	1205.1036	10	8	0	1	1	0.7604	0.7537
37	698	1	1206.6536	9	6	0	1	1	0.7607	0.6757
37	699	1	1208.2035	8	14	0	1	1	0.7611	1.4302
37	700	1	1209.7700	6	3	0	-1	0	0.7600	-1.0000
37	701	1	1211.8533	8	14	0	1	1	0.7603	0.0524
37	702	1	1213.4033	5	13	0	1	1	0.7607	0.0167
37	703	1	1214.9532	8	14	0	1	1	0.7610	0.1209
37	704	1	1216.5031	9	6	0	1	1	0.7614	0.2971
37	705	1	1218.0530	11	4	0	1	1	0.7617	0.2831
37	706	1	1219.6029	9	6	0	1	1	0.7620	0.2372
37	707	1	1221.1528	12	2	0	1	1	0.7624	0.2243
37	708	1	1222.7028	11	4	90	0	1	0.7613	0.2265
37	709	1	1224.2527	10	8	0	1	1	0.7616	0.5485
37	710	1	1225.8025	9	6	0	1	1	0.7620	0.2790
37	711	1	1227.3525	8	14	0	1	1	0.7623	0.7290
37	712	1	1228.9024	5	13	0	1	1	0.7626	0.3628
37	713	1	1230.4524	4	11	0	1	1	0.7630	0.7808
37	714	1	1232.0022	7	10	0	1	1	0.7633	1.1193
37	715	1	1233.5522	6	3	0	1	1	0.7636	1.0734
37	716	1	1235.1021	5	13	0	1	1	0.7640	1.0579
37	717	1	1236.6520	6	3	0	1	1	0.7643	0.5335
37	718	1	1238.2019	8	14	0	1	1	0.7646	0.2805
37	719	1	1239.7519	6	3	0	1	1	0.7650	0.2494
37	720	1	1241.3018	5	13	0	1	1	0.7653	0.2678
37	721	1	1242.8517	7	10	90	0	1	0.7642	0.2378
37	722	1	1244.4016	6	3	0	1	1	0.7645	0.2865
37	723	1	1245.9516	8	14	0	1	1	0.7649	1.3447
37	724	1	1247.5015	5	13	0	1	1	0.7652	0.8201
37	725	1	1249.0514	8	14	0	1	1	0.7655	0.3887
37	726	1	1250.6013	9	6	0	1	1	0.7658	0.2803
37	727	1	1252.1512	12	2	0	1	1	0.7662	0.6183
37	728	1	1253.7011	10	8	0	-1	0	0.7651	-1.0000
37	729	1	1255.7844	9	6	0	1	1	0.7654	0.3609
37	730	1	1257.3343	11	4	0	1	1	0.7658	0.3619
37	731	1	1258.8842	9	6	0	1	1	0.7661	0.4599
37	732	1	1260.4341	12	2	0	1	1	0.7664	1.0701
37	733	1	1261.9840	11	4	0	1	1	0.7667	0.9441
37	734	1	1263.5339	9	6	0	1	1	0.7670	0.4674
37	735	1	1265.0839	10	8	0	1	1	0.7673	0.3740
37	736	1	1266.6338	13	12	0	1	1	0.7677	0.3903
37	737	1	1268.1837	12	2	0	1	1	0.7680	0.5364
37	738	1	1269.7336	11	4	0	1	1	0.7683	0.3478
37	739	1	1271.2836	10	8	90	0	1	0.7673	0.3175
37	740	1	1272.8335	13	12	0	1	1	0.7676	0.5279
37	741	1	1274.3834	11	4	0	1	1	0.7679	0.3381
37	742	1	1275.9333	12	2	90	0	1	0.7668	0.2601
37	743	1	1277.4832	13	12	0	1	1	0.7672	0.3569
37	744	1	1279.0331	14	5	0	1	1	0.7675	0.2963
37	745	1	1280.5830	15	1	0	1	1	0.7678	0.2345
37	746	1	1282.1330	2	9	0	1	1	0.7681	0.2202
37	747	1	1283.6829	15	1	0	1	1	0.7684	0.1904
37	748	1	1285.2328	2	9	0	1	1	0.7687	0.1280
37	749	1	1286.7827	14	5	0	1	1	0.7690	0.2267
37	750	1	1288.3326	15	1	0	1	1	0.7693	0.2291
37	751	1	1289.8826	14	5	0	1	1	0.7696	0.2949
37	752	1	1291.4325	13	12	0	1	1	0.7699	0.1677
37	753	1	1292.9824	10	8	0	1	1	0.7703	0.1868
37	754	1	1294.5323	12	2	0	1	1	0.7706	0.1573
37	755	1	1296.0822	9	6	90	0	1	0.7695	0.2071
37	756	1	1297.6322	12	2	0	1	1	0.7698	0.4800
37	757	1	1299.1821	9	6	0	1	1	0.7701	0.4820
37	758	1	1300.7320	12	2	0	1	1	0.7704	0.5321
37	759	1	1302.2819	10	8	0	1	1	0.7708	0.3276
37	760	1	1303.8318	13	12	0	1	1	0.7711	0.2657
37	761	1	1305.3817	14	5	0	1	1	0.7714	0.2195
37	762	1	1306.9317	13	12	90	0	1	0.7703	0.2537
37	763	1	1308.4816	11	4	0	1	1	0.7706	0.3519
37	764	1	1310.0315	13	12	90	0	1	0.7696	0.9459
37	765	1	1311.5814	14	5	0	1	1	0.7699	0.6440
37	766	1	1313.1314	13	12	90	0	1	0.7689	0.5180
37	767	1	1314.6813	11	4	0	1	1	0.7692	0.7428
37	768	1	1316.2312	12	2	0	1	1	0.7695	0.5700
37	769	1	1317.7811	11	4	0	1	1	0.7698	0.6350
37	770	1	1319.3310	10	8	0	1	1	0.7701	0.6384
37	771	1	1320.8810	12	2	0	1	1	0.7704	0.6565
37	772	1	1322.4309	10	8	0	1	1	0.7707	0.8172
37	773	1	1323.9808	12	2	0	1	1	0.7710	0.3886
37	774	1	1325.5307	13	12	0	1	1	0.7713	0.2455
37	775	1	1327.0806	12	2	90	0	1	0.7703	0.4088
37	776	1	1328.6305	9	6	90	0	1	0.7693	0.7141
37	777	1	1330.1805	10	8	0	1	1	0.7696	0.9237
37	778	1	1331.7304	13	12	0	1	1	0.7699	0.9111
37	779	1	1333.2803	14	5	0	1	1	0.7702	1.0570
37	780	1	1334.8302	13	12	90	1	1	0.7705	0.7712
37	781	1	1336.3802	12	2	0	1	1	0.7708	0.8043
37	782	1	1337.9301	10	8	90	0	1	0.7698	0.9030
37	783	1	1339.4799	13	12	0	1	1	0.7701	0.7614
37	784	1	1341.0299	12	2	0	1	1	0.7704	0.6983
37	785	1	1342.5798	11	4	0	1	1	0.7707	0.6056
37	786	1	1344.1298	9	6	0	1	1	0.7710	0.7037
37	787	1	1345.6796	11	4	0	1	1	0.7713	0.5456
37	788	1	1347.2296	9	6	90	1	1	0.7716	0.7237
37	789	1	1348.7795	8	14	0	1	1	0.7719	1.1739
37	790	1	1350.3294	5	13	0	1	1	0.7722	0.6787
37	791	1	1351.8793	4	11	90	0	1	0.7712	0.7288
37	792	1	1353.4293	7	10	0	1	1	0.7715	0.6041
37	793	1	1354.9792	4	11	0	0	1	0.7705	0.9262
37	794	1	1356.5291	5	13	0	1	1	0.7708	0.6087
37	795	1	1358.0790	6	3	0	1	1	0.7711	0.7065
37	796	1	1359.6289	8	14	0	1	1	0.7714	0.8991
37	797	1	1361.1789	7	10	90	0	1	0.7704	0.5653
37	798	1	1362.7288	6	3	0	1	1	0.7707	0.3926
37	799	1	1364.2787	8	14	0	1	1	0.7710	0.3627
37	800	1	1365.8286	5	13	0	1	1	0.7712	0.4449
37	801	1	1367.3785	8	14	0	1	1	0.7715	0.4936
37	802	1	1368.9284	5	13	0	1	1	0.7718	0.3846
37	803	1	1370.4784	7	10	0	1	1	0.7721	0.4516
37	804	1	1372.0283	4	11	0	1	1	0.7724	0.1801
37	805	1	1373.5782	7	10	0	1	1	0.7727	0.2299
37	806	1	1375.1281	8	14	0	1	1	0.7730	0.1371
37	807	1	1376.6780	5	13	0	1	1	0.7732	0.2513
37	808	1	1378.2280	7	10	90	0	1	0.7723	0.3176
37	809	1	1379.7779	4	11	0	1	1	0.7726	0.3662
37	810	1	1381.3278	7	10	0	1	1	0.7728	0.7057
37	811	1	1382.8777	6	3	0	1	1	0.7731	0.3878
37	812	1	1384.4276	8	14	0	1	1	0.7734	0.2605
37	813	1	1385.9776	5	13	0	1	1	0.7737	0.2146
37	814	1	1387.6275	8	14	0	1	1	0.7740	0.9186
37	815	1	1389.1774	5	13	0	1	1	0.7742	0.2480
37	816	1	1390.7273	8	14	90	0	1	0.7733	0.2500
37	817	1	1392.2772	9	6	0	1	1	0.7736	0.1390
37	818	1	1393.8271	8	14	0	1	1	0.7738	0.2050
37	819	1	1395.3771	6	3	0	1	1	0.7741	0.0168
37	820	1	1396.9270	4	11	0	1	1	0.7744	0.2891
37	821	1	1398.4769	5	13	0	1	1	0.7747	0.2591
37	822	1	1400.0268	8	14	0	1	1	0.7749	0.2133
37	823	1	1401.5767	7	10	90	0	1	0.7740	0.1047
37	824	1	1403.1267	5	13	0	1	1	0.7743	0.2506
37	825	1	1404.6766	4	11	0	1	1	0.7745	0.2355
37	826	1	1406.2265	7	10	0	1	1	0.7748	0.2056
37	827	1	1407.7764	6	3	0	1	1	0.7751	0.2571
37	828	1	1409.3263	8	14	90	0	1	0.7742	0.2430
37	829	1	1410.8762	9	6	0	1	1	0.7744	0.2758
37	830	1	1412.4262	11	4	0	1	1	0.7747	0.2620
37	831	1	1413.9761	9	6	0	1	1	0.7750	0.2172
37	832	1	1415.5260	11	4	0	1	1	0.7752	0.2195
37	833	1	1417.0759	13	12	0	1	1	0.7755	0.1722
37	834	1	1418.6258	12	2	0	1	1	0.7758	0.2077
37	835	1	1420.1758	11	4	0	1	1	0.7760	0.1456
37	836	1	1421.7257	9	6	0	1	1	0.7763	0.1948
37	837	1	1423.2756	10	8	0	1	1	0.7766	0.1337
37	838	1	1424.8255	12	2	0	1	1	0.7768	0.5186
37	839	1	1426.3754	13	12	90	0	1	0.7759	0.5687
37	840	1	1427.9254	11	4	0	1	1	0.7762	0.6680
37	841	1	1429.4752	10	8	90	1	1	0.7765	1.3102
37	842	1	1431.0252	13	12	0	1	1	0.7767	0.8800
37	843	1	1432.5751	12	2	0	1	1	0.7770	0.6583
37	844	1	1434.1249	13	12	90	1	1	0.7773	0.9645
37	845	1	1435.6749	12	2	0	1	1	0.7775	1.0465
37	846	1	1437.2249	13	12	0	1	1	0.7778	0.8883
37	847	1	1438.7748	12	2	90	0	1	0.7769	0.7294
37	848	1	1440.3247	13	12	0	1	1	0.7771	0.6040
37	849	1	1441.8746	12	2	90	0	1	0.7762	0.6534
37	850	1	1443.4246	9	6	0	1	1	0.7765	0.6715
37	851	1	1444.9744	12	2	0	1	1	0.7767	0.4355
37	852	1	1446.5244	11	4	0	1	1	0.7770	0.3091
37	853	1	1448.0743	9	6	90	0	1	0.7761	0.3268
37	854	1	1449.6242	12	2	0	1	1	0.7763	0.6810
37	855	1	1451.1742	9	6	0	1	1	0.7766	0.5564
37	856	1	1452.7241	12	2	0	1	1	0.7769	0.5253
37	857	1	1454.2740	13	12	0	1	1	0.7771	0.3673
37	858	1	1455.8239	11	4	0	1	1	0.7774	0.3373
37	859	1	1457.3738	12	2	0	1	1	0.7776	0.4823
37	860	1	1458.9237	9	6	0	1	1	0.7779	0.7418
37	861	1	1460.4736	10	8	90	0	1	0.7770	0.5998
37	862	1	1462.0235	12	2	90	0	1	0.7761	0.4100
37	863	1	1463.5735	10	8	90	0	1	0.7752	0.9226
37	864	1	1465.1234	9	6	0	1	1	0.7755	0.6380
37	865	1	1466.6733	8	14	0	1	1	0.7757	0.4468
37	866	1	1468.2233	6	3	0	1	1	0.7760	0.6100
37	867	1	1469.7731	7	10	90	1	1	0.7762	1.3950
37	868	1	1471.3230	8	14	0	-1	0	0.7753	-1.0000
37	869	1	1473.4729	6	3	0	1	1	0.7756	0.5603
37	870	1	1475.0229	8	14	0	1	1	0.7759	0.6572
37	871	1	1476.5728	6	3	90	0	1	0.7750	1.0287
37	872	1	1478.1561	7	10	0	1	1	0.7752	0.7560
37	873	1	1479.7060	5	13	0	1	1	0.7755	0.8392
37	874	1	1481.2559	7	10	0	1	1	0.7757	0.5522
37	875	1	1482.8058	5	13	0	1	1	0.7760	0.5876
37	876	1	1484.3556	8	14	0	1	1	0.7763	0.6858
37	877	1	1485.9056	6	3	0	1	1	0.7765	0.5279
37	878	1	1487.4556	4	11	0	1	1	0.7768	0.8340
37	879	1	1489.0055	3	15	0	1	1	0.7770	0.9958
37	880	1	1490.5554	15	1	90	1	1	0.7773	0.9169
37	881	1	1492.1053	3	15	0	1	1	0.7775	0.9348
37	882	1	1493.6553	15	1	0	1	1	0.7778	0.6985
37	883	1	1495.2052	14	5	0	1	1	0.7780	0.5566
37	884	1	1496.7550	2	9	90	0	1	0.7771	0.6223
37	885	1	1498.3050	14	5	0	1	1	0.7774	0.4957
37	886	1	1499.8549	1	7	0	0	1	0.7765	1.2183
37	887	1	1501.6549	3	15	0	1	1	0.7768	0.9063
37	888	1	1503.2047	2	9	0	1	1	0.7770	0.9887
37	889	1	1504.7547	1	7	90	0	1	0.7762	0.9107
37	890	1	1506.3046	2	9	0	1	1	0.7764	0.6715
37	891	1	1507.8544	1	7	0	1	1	0.7767	0.9951
37	892	1	1509.4044	2	9	90	0	1	0.7758	0.7877
37	893	1	1510.9543	14	5	0	1	1	0.7760	0.6949
37	894	1	1512.5043	2	9	90	0	1	0.7752	0.6971
37	895	1	1514.0542	15	1	0	1	1	0.7754	0.4740
37	896	1	1515.6041	3	15	0	1	1	0.7757	0.8453
37	897	1	1517.1540	15	1	0	1	1	0.7759	0.7194
37	898	1	1518.7039	14	5	0	1	1	0.7762	0.6408
37	899	1	1520.2538	1	7	90	0	1	0.7753	0.6423
37	900	1	1521.8038	14	5	90	0	1	0.7744	0.5483
37	901	1	1523.3537	15	1	90	0	1	0.7736	0.3435
37	902	1	1524.9036	14	5	90	1	1	0.7738	0.8418
37	903	1	1526.4536	15	1	90	1	1	0.7741	0.8751
37	904	1	1528.0034	3	15	90	1	1	0.7743	1.1967
37	905	1	1529.5532	1	7	0	0	1	0.7735	0.8957
37	906	1	1531.1033	15	1	0	1	1	0.7737	0.7702
37	907	1	1532.6532	14	5	90	1	1	0.7740	0.9007
37	908	1	1534.2032	13	12	90	1	1	0.7742	0.8209
37	909	1	1535.7531	11	4	0	1	1	0.7745	0.9043
37	910	1	1537.3029	13	12	0	1	1	0.7747	0.7623
37	911	1	1538.8529	12	2	0	1	1	0.7750	0.7326
37	912	1	1540.4028	10	8	0	1	1	0.7752	0.8133
37	913	1	1541.9527	11	4	0	1	1	0.7755	0.7034
37	914	1	1543.5027	12	2	0	1	1	0.7757	0.4665
37	915	1	1545.0526	11	4	0	1	1	0.7760	0.3395
37	916	1	1546.6025	9	6	0	1	1	0.7762	0.4389
37	917	1	1548.1523	8	14	0	1	1	0.7764	0.6489
37	918	1	1549.7023	9	6	0	1	1	0.7767	0.3637
37	919	1	1551.2522	12	2	0	1	1	0.7769	0.2359
37	920	1	1552.8022	11	4	0	1	1	0.7772	0.2875
37	921	1	1554.3520	13	12	90	0	1	0.7763	0.4649
37	922	1	1555.9020	11	4	0	1	1	0.7766	0.6595
37	923	1	1557.4519	12	2	0	1	1	0.7768	0.5322
37	924	1	1559.0018	9	6	90	0	1	0.7760	0.4235
37	925	1	1560.5518	8	14	0	1	1	0.7762	0.3778
37	926	1	1562.1017	7	10	0	1	1	0.7765	0.7956
37	927	1	1563.6516	8	14	0	1	1	0.7767	0.6365
37	928	1	1565.2015	6	3	0	1	1	0.7769	0.8321
37	929	1	1566.7514	8	14	0	1	1	0.7772	0.8180
37	930	1	1568.3014	6	3	0	1	1	0.7774	0.7082
37	931	1	1569.8513	7	10	0	1	1	0.7777	0.6305
37	932	1	1571.4012	4	11	0	-1	0	0.7768	-1.0000
37	933	1	1573.4344	3	15	0	1	1	0.7771	0.9657
37	934	1	1574.9842	15	1	0	1	1	0.7773	0.8252
37	935	1	1576.5343	1	7	90	0	1	0.7765	0.7951
37	936	1	1578.0842	3	15	0	1	1	0.7767	0.7330
37	937	1	1579.6341	4	11	0	1	1	0.7769	0.3510
37	938	1	1581.1840	5	13	0	1	1	0.7772	0.2894
37	939	1	1582.7339	4	11	0	1	1	0.7774	0.2273
37	940	1	1584.2839	6	3	0	1	1	0.7777	0.2620
37	941	1	1585.8338	8	14	0	1	1	0.7779	0.3116
37	942	1	1587.3837	9	6	90	0	1	0.7771	0.2496
37	943	1	1588.9336	11	4	0	1	1	0.7773	0.5237
37	944	1	1590.4835	9	6	0	1	1	0.7775	0.4619
37	945	1	1592.0334	11	4	0	1	1	0.7778	1.0240
37	946	1	1593.5833	9	6	0	1	1	0.7780	0.4968
37	947	1	1595.1333	8	14	0	1	1	0.7782	0.4363
37	948	1	1596.6832	6	3	0	1	1	0.7785	0.7089
37	949	1	1598.2331	5	13	90	0	1	0.7777	0.3589
37	950	1	1599.7831	7	10	0	1	1	0.7779	0.3302
37	951	1	1601.3329	8	14	0	1	1	0.7781	0.4125
37	952	1	1602.8829	6	3	0	1	1	0.7784	0.7172
37	953	1	1604.4328	5	13	90	0	1	0.7775	0.7993
37	954	1	1605.9827	4	11	0	1	1	0.7778	0.5629
37	955	1	1607.5326	5	13	0	1	1	0.7780	0.3406
37	956	1	1609.0825	4	11	0	1	1	0.7782	0.2941
37	957	1	1610.6325	5	13	0	1	1	0.7785	0.2967
37	958	1	1612.1824	8	14	90	0	1	0.7777	0.3617
37	959	1	1613.7323	5	13	0	1	1	0.7779	0.3331
37	960	1	1615.2822	7	10	90	0	1	0.7771	0.3671
37	961	1	1616.8321	8	14	0	1	1	0.7773	0.3215
37	962	1	1618.3821	5	13	90	0	1	0.7765	0.3713
37	963	1	1619.9320	4	11	0	1	1	0.7767	1.1743
37	964	1	1621.4819	7	10	0	1	1	0.7770	0.6154
37	965	1	1623.0318	6	3	90	0	1	0.7762	0.2962
37	966	1	1624.5818	8	14	90	0	1	0.7754	0.2354
37	967	1	1626.1316	6	3	90	0	1	0.7746	0.6056
37	968	1	1627.6816	5	13	0	1	1	0.7748	1.4559
37	969	1	1629.2815	8	14	0	1	1	0.7750	0.8626
37	970	1	1630.8314	5	13	0	1	1	0.7753	0.8820
37	971	1	1632.3813	6	3	0	1	1	0.7755	0.7720
37	972	1	1633.9313	8	14	0	1	1	0.7757	0.6611
37	973	1	1635.4811	6	3	0	1	1	0.7760	0.5205
37	974	1	1637.0311	4	11	90	0	1	0.7752	0.6983
37	975	1	1638.5810	3	15	0	1	1	0.7754	0.4270
37	976	1	1640.1309	1	7	0	0	1	0.7746	1.1184
37	977	1	1641.8142	2	9	0	1	1	0.7748	1.0193
37	978	1	1643.3641	1	7	0	1	1	0.7751	0.8120
37	979	1	1644.9139	15	1	90	1	1	0.7753	0.7666
37	980	1	1646.4639	14	5	0	1	1	0.7755	0.8655
37	981	1	1648.0139	15	1	0	1	1	0.7757	0.6275
37	982	1	1649.5638	3	15	90	0	1	0.7749	0.4217
37	983	1	1651.1137	2	9	0	1	1	0.7752	0.5358
37	984	1	1652.6636	14	5	90	1	1	0.7754	1.0664
37	985	1	1654.2136	15	1	0	1	1	0.7756	0.8758
37	986	1	1655.7635	2	9	90	0	1	0.7748	0.6367
37	987	1	1657.3134	14	5	0	1	1	0.7751	0.8959
37	988	1	1658.8633	15	1	0	1	1	0.7753	0.6100
37	989	1	1660.4131	14	5	0	1	1	0.7755	0.4830
37	990	1	1661.9631	2	9	0	1	1	0.7758	0.3583
37	991	1	1663.5130	1	7	0	1	1	0.7760	0.4230
37	992	1	1665.0629	2	9	0	1	1	0.7762	0.5382
37	993	1	1666.6129	14	5	0	1	1	0.7764	0.3952
37	994	1	1668.1628	13	12	0	1	1	0.7767	0.3825
37	995	1	1669.7127	14	5	0	1	1	0.7769	0.7366
37	996	1	1671.2627	2	9	0	1	1	0.7771	0.7054
37	997	1	1672.8126	3	15	0	1	1	0.7773	0.8690
37	998	1	1674.3625	15	1	0	1	1	0.7776	0.8871
37	999	1	1675.9124	14	5	0	1	1	0.7778	0.6652
37	1000	1	1677.4623	1	7	0	1	1	0.7780	0.5548
37	1001	1	1679.0122	2	9	0	1	1	0.7782	0.6052
37	1002	1	1680.5622	15	1	0	1	1	0.7784	0.3659
37	1003	1	1682.1121	1	7	0	1	1	0.7787	0.7054
37	1004	1	1683.6620	14	5	0	1	1	0.7789	0.5788
37	1005	1	1685.2119	2	9	0	1	1	0.7791	0.5321
37	1006	1	1686.7618	15	1	0	1	1	0.7793	0.3597
37	1007	1	1688.3118	1	7	0	1	1	0.7795	0.4253
37	1008	1	1689.8617	2	9	0	1	1	0.7798	0.3479
37	1009	1	1691.4115	3	15	0	1	1	0.7800	0.2699
37	1010	1	1692.9615	1	7	0	1	1	0.7802	0.4946
37	1011	1	1694.5114	15	1	0	1	1	0.7804	0.3535
37	1012	1	1696.0613	3	15	0	1	1	0.7806	0.2922
37	1013	1	1697.6113	1	7	0	1	1	0.7808	0.3088
37	1014	1	1699.1612	3	15	0	1	1	0.7811	0.7283
37	1015	1	1700.7111	1	7	0	1	1	0.7813	0.5858
37	1016	1	1702.2610	2	9	0	1	1	0.7815	0.5563
37	1017	1	1703.8109	1	7	90	0	1	0.7807	0.3491
37	1018	1	1705.3609	15	1	90	0	1	0.7800	0.3692
37	1019	1	1706.9108	14	5	0	1	1	0.7802	0.9292
37	1020	1	1708.4607	1	7	0	1	1	0.7804	0.6921
37	1021	1	1710.0106	14	5	0	1	1	0.7806	0.5025
37	1022	1	1711.5605	1	7	90	0	1	0.7798	0.5035
37	1023	1	1713.1105	3	15	90	0	1	0.7791	0.3776
37	1024	1	1714.6604	4	11	0	0	1	0.7783	1.3732
37	1025	1	1716.5769	3	15	0	1	1	0.7785	1.0086
37	1026	1	1718.1268	4	11	0	1	1	0.7788	0.6745
37	1027	1	1719.6768	7	10	0	1	1	0.7790	0.9953
37	1028	1	1721.2267	6	3	0	1	1	0.7792	0.7094
37	1029	1	1722.7766	8	14	90	0	1	0.7784	0.8235
37	1030	1	1724.3265	7	10	0	1	1	0.7786	0.5386
37	1031	1	1725.8764	4	11	90	0	1	0.7779	0.5249
37	1032	1	1727.4264	5	13	0	1	1	0.7781	0.5896
37	1033	1	1728.9763	8	14	0	1	1	0.7783	0.7051
37	1034	1	1730.5262	5	13	90	0	1	0.7776	0.5951
37	1035	1	1732.0761	8	14	0	1	1	0.7778	1.3173
37	1036	1	1733.6260	9	6	90	1	1	0.7780	0.9038
37	1037	1	1735.1760	12	2	0	1	1	0.7782	0.7614
37	1038	1	1736.7259	13	12	0	1	1	0.7784	0.8115
37	1039	1	1738.2757	10	8	90	0	1	0.7777	0.5258
37	1040	1	1739.8257	9	6	90	1	1	0.7779	1.0078
37	1041	1	1741.3756	8	14	0	1	1	0.7781	1.1046
37	1042	1	1742.9255	5	13	90	0	1	0.7774	1.2678
37	1043	1	1744.7255	8	14	0	1	1	0.7776	0.8118
37	1044	1	1746.2754	6	3	0	1	1	0.7778	0.8135
37	1045	1	1747.8253	5	13	0	1	1	0.7780	0.5120
37	1046	1	1749.3752	8	14	90	0	1	0.7772	0.5461
37	1047	1	1750.9251	7	10	0	1	1	0.7775	0.3881
37	1048	1	1752.4751	8	14	90	0	1	0.7767	0.5344
37	1049	1	1754.9583	5	13	0	1	1	0.7769	0.0167
37	1050	1	1756.5082	4	11	0	0	1	0.7762	0.5490
37	1051	1	1759.4747	5	13	0	0	1	0.7755	0.0294
37	1052	1	1761.0246	4	11	0	1	1	0.7757	0.4794
37	1053	1	1762.5745	3	15	0	1	1	0.7759	0.3709
37	1054	1	1764.1244	2	9	0	1	1	0.7761	0.2916
37	1055	1	1765.6744	1	7	0	1	1	0.7763	0.3429
37	1056	1	1767.2243	2	9	0	1	1	0.7765	0.4718
37	1057	1	1768.7742	15	1	0	1	1	0.7767	0.5711
37	1058	1	1770.3241	1	7	0	1	1	0.7769	0.4439
37	1059	1	1771.8741	14	5	0	1	1	0.7771	0.3992
37	1060	1	1773.4240	13	12	0	1	1	0.7774	0.6096
37	1061	1	1774.9739	12	2	0	1	1	0.7776	0.4021
37	1062	1	1776.5238	11	4	0	1	1	0.7778	0.3723
37	1063	1	1778.0737	13	12	0	1	1	0.7780	0.3435
37	1064	1	1779.6236	10	8	0	1	1	0.7782	0.3607
37	1065	1	1781.1736	12	2	0	1	1	0.7784	0.6985
37	1066	1	1782.7235	9	6	90	0	1	0.7777	0.6698
37	1067	1	1784.2734	11	4	90	0	1	0.7769	0.5277
37	1068	1	1785.8233	10	8	0	0	1	0.7762	1.3939
37	1069	1	1787.8065	11	4	0	1	1	0.7764	0.6117
37	1070	1	1789.3564	13	12	90	1	1	0.7766	1.1892
37	1071	1	1790.9064	12	2	0	1	1	0.7768	1.0137
37	1072	1	1792.4563	9	6	0	1	1	0.7771	0.7449
37	1073	1	1794.0062	10	8	0	1	1	0.7773	0.6031
37	1074	1	1795.5561	9	6	0	1	1	0.7775	0.3639
37	1075	1	1797.1060	8	14	0	1	1	0.7777	0.5914
37	1076	1	1798.6560	5	13	0	1	1	0.7779	0.3054
37	1077	1	1800.2059	4	11	0	1	1	0.7781	0.3061
37	1078	1	1801.7558	3	15	0	1	1	0.7783	0.0372
37	1079	1	1803.3057	2	9	0	1	1	0.7785	0.1994
37	1080	1	1804.8556	14	5	0	1	1	0.7787	0.2335
37	1081	1	1806.4056	1	7	0	1	1	0.7789	0.2992
37	1082	1	1807.9555	3	15	0	1	1	0.7791	0.5578
37	1083	1	1809.5054	1	7	0	1	1	0.7793	0.3187
37	1084	1	1811.0553	15	1	0	1	1	0.7795	0.2899
37	1085	1	1812.6052	3	15	0	1	1	0.7797	0.3402
37	1086	1	1814.1552	2	9	0	1	1	0.7799	0.2782
37	1087	1	1815.7051	1	7	0	1	1	0.7801	0.3123
37	1088	1	1817.2550	14	5	0	1	1	0.7803	0.2490
37	1089	1	1818.8049	2	9	0	1	1	0.7805	0.3164
37	1090	1	1820.3548	3	15	0	1	1	0.7807	0.3665
37	1091	1	1821.9048	15	1	0	1	1	0.7809	0.3365
37	1092	1	1823.4547	2	9	0	1	1	0.7811	0.2746
37	1093	1	1825.0046	15	1	0	1	1	0.7813	0.2434
37	1094	1	1826.5545	14	5	0	1	1	0.7815	0.2311
37	1095	1	1828.1044	13	12	0	1	1	0.7817	0.2810
37	1096	1	1829.6544	14	5	0	1	1	0.7819	0.2507
37	1097	1	1831.2043	13	12	0	1	1	0.7821	0.2530
37	1098	1	1832.7542	11	4	0	1	1	0.7823	0.3991
37	1099	1	1834.3041	13	12	0	1	1	0.7825	0.8639
37	1100	1	1835.8540	14	5	0	1	1	0.7827	0.3061
37	1101	1	1837.4039	13	12	0	1	1	0.7829	0.2607
37	1102	1	1838.9539	14	5	0	1	1	0.7831	0.3275
37	1103	1	1840.5038	15	1	0	1	1	0.7833	0.7442
37	1104	1	1842.0537	14	5	90	0	1	0.7826	0.5074
37	1105	1	1843.6036	15	1	0	1	1	0.7828	0.7175
37	1106	1	1845.1535	1	7	0	1	1	0.7830	0.8947
37	1107	1	1846.7035	14	5	90	1	1	0.7832	0.9461
37	1108	1	1848.2534	1	7	90	0	1	0.7825	1.0122
37	1109	1	1849.8033	3	15	0	1	1	0.7827	1.1902
37	1110	1	1851.3532	15	1	0	1	1	0.7829	1.4002
37	1111	1	1852.9031	2	9	0	1	1	0.7831	0.7621
37	1112	1	1854.4530	1	7	0	1	1	0.7833	0.4113
37	1113	1	1856.0030	14	5	0	1	1	0.7835	0.3663
37	1114	1	1857.5529	2	9	90	0	1	0.7828	0.3191
37	1115	1	1859.1028	1	7	0	1	1	0.7830	0.8984
37	1116	1	1860.6527	3	15	0	1	1	0.7832	1.1073
37	1117	1	1862.2026	4	11	0	1	1	0.7833	0.7414
37	1118	1	1863.7526	7	10	0	1	1	0.7835	0.5354
37	1119	1	1865.3025	4	11	0	1	1	0.7837	0.5549
37	1120	1	1866.8524	3	15	0	1	1	0.7839	0.2853
37	1121	1	1868.5189	2	9	0	-1	0	0.7832	-1.0000
37	1122	1	1870.5522	15	1	0	1	1	0.7834	0.5678
37	1123	1	1872.1021	1	7	0	1	1	0.7836	1.2591
37	1124	1	1873.6520	2	9	0	1	1	0.7838	0.6694
37	1125	1	1875.2020	15	1	0	1	1	0.7840	0.3500
37	1126	1	1876.7519	14	5	0	1	1	0.7842	0.4011
37	1127	1	1878.3018	13	12	0	1	1	0.7844	0.3553
37	1128	1	1879.8517	10	8	0	1	1	0.7846	0.3083
37	1129	1	1881.4016	13	12	0	1	1	0.7848	0.3271
37	1130	1	1882.9516	14	5	90	0	1	0.7841	0.3294
37	1131	1	1884.5014	2	9	0	1	1	0.7843	0.3796
37	1132	1	1886.0514	14	5	0	1	1	0.7845	0.8618
37	1133	1	1887.6013	15	1	0	1	1	0.7846	1.4547
37	1134	1	1889.2179	14	5	0	1	1	0.7848	0.9591
37	1135	1	1890.7678	15	1	90	0	1	0.7841	0.9442
37	1136	1	1892.3177	3	15	0	1	1	0.7843	0.4033
37	1137	1	1893.8677	4	11	0	1	1	0.7845	0.9334
37	1138	1	1895.4176	3	15	0	1	1	0.7847	0.7915
37	1139	1	1896.9675	1	7	0	1	1	0.7849	1.4164
37	1140	1	1898.5341	14	5	0	1	1	0.7851	0.8909
37	1141	1	1900.0840	15	1	0	1	1	0.7853	0.6999
37	1142	1	1901.6339	2	9	0	1	1	0.7855	0.6231
37	1143	1	1903.1838	14	5	0	1	1	0.7857	0.5453
37	1144	1	1904.7338	2	9	0	1	1	0.7858	0.6439
37	1145	1	1906.2837	1	7	90	0	1	0.7852	1.0923
37	1146	1	1907.9003	14	5	0	1	1	0.7853	0.6439
37	1147	1	1909.4502	15	1	0	1	1	0.7855	0.3589
37	1148	1	1911.0001	3	15	0	1	1	0.7857	0.6332
37	1149	1	1912.5500	2	9	0	1	1	0.7859	0.4113
37	1150	1	1914.0999	3	15	0	1	1	0.7861	0.3001
37	1151	1	1915.6499	2	9	90	0	1	0.7854	0.2872
37	1152	1	1917.1997	14	5	90	1	1	0.7856	0.8014
37	1153	1	1918.7497	13	12	90	1	1	0.7858	0.9463
37	1154	1	1920.2996	10	8	90	1	1	0.7860	1.2697
37	1155	1	1921.8495	12	2	0	1	1	0.7861	1.2073
37	1156	1	1923.3994	9	6	0	1	1	0.7863	0.6658
37	1157	1	1924.9494	8	14	0	1	1	0.7865	1.0841
37	1158	1	1926.4992	5	13	90	0	1	0.7858	0.7808
37	1159	1	1928.0492	6	3	0	1	1	0.7860	0.7033
37	1160	1	1929.5991	7	10	0	1	1	0.7862	0.6742
37	1161	1	1931.1491	8	14	0	1	1	0.7864	0.5964
37	1162	1	1932.6989	9	6	0	1	1	0.7866	0.6611
37	1163	1	1934.2489	8	14	0	1	1	0.7868	0.7123
37	1164	1	1935.7988	5	13	0	1	1	0.7869	0.6973
37	1165	1	1937.3487	7	10	0	1	1	0.7871	0.5881
37	1166	1	1938.8986	4	11	0	1	1	0.7873	0.6057
37	1167	1	1940.4485	7	10	0	1	1	0.7875	0.6086
37	1168	1	1941.9985	5	13	0	1	1	0.7877	0.6102
37	1169	1	1943.5484	7	10	90	0	1	0.7870	0.9006
37	1170	1	1945.0983	5	13	0	1	1	0.7872	0.4870
37	1171	1	1946.6482	7	10	0	1	1	0.7874	0.6487
37	1172	1	1948.1981	8	14	0	1	1	0.7875	0.3626
37	1173	1	1949.7481	7	10	0	1	1	0.7877	0.3012
37	1174	1	1951.2980	5	13	0	1	1	0.7879	0.2078
37	1175	1	1952.8479	8	14	0	1	1	0.7881	0.1761
37	1176	1	1954.3978	6	3	0	1	1	0.7883	0.2590
37	1177	1	1955.9477	4	11	0	1	1	0.7884	0.2613
37	1178	1	1957.4976	5	13	90	0	1	0.7878	0.2791
37	1179	1	1959.0476	6	3	0	1	1	0.7880	0.3136
37	1180	1	1960.5975	8	14	90	0	1	0.7873	0.3155
37	1181	1	1962.1474	5	13	90	0	1	0.7866	0.3326
37	1182	1	1963.6973	8	14	90	0	1	0.7860	1.1026
37	1183	1	1965.3139	6	3	0	1	1	0.7861	0.6701
37	1184	1	1966.8638	8	14	0	1	1	0.7863	1.3122
37	1185	1	1968.4137	6	3	0	1	1	0.7865	0.6429
37	1186	1	1969.9637	5	13	0	1	1	0.7867	1.0763
37	1187	1	1971.5136	6	3	0	1	1	0.7869	0.6153
37	1188	1	1973.0635	4	11	0	1	1	0.7870	0.4897
37	1189	1	1974.6134	5	13	0	1	1	0.7872	0.6679
37	1190	1	1976.1633	6	3	0	1	1	0.7874	0.5727
37	1191	1	1977.7133	4	11	0	1	1	0.7876	0.3187
37	1192	1	1979.2632	6	3	90	0	1	0.7869	0.2743
37	1193	1	1980.8131	4	11	0	1	1	0.7871	0.3869
37	1194	1	1982.3630	5	13	0	1	1	0.7873	0.6450
37	1195	1	1983.9130	4	11	0	1	1	0.7874	0.3708
37	1196	1	1985.4629	3	15	0	1	1	0.7876	0.2652
37	1197	1	1987.0128	4	11	0	1	1	0.7878	0.2672
37	1198	1	1988.6127	5	13	0	1	1	0.7880	0.0754
37	1199	1	1990.1626	4	11	0	-1	1	0.7873	-1.0000
37	1200	1	1992.2292	7	10	0	1	1	0.7875	0.6028
37	1201	1	1993.8291	8	14	90	0	1	0.7868	1.0514
37	1202	1	1995.3957	5	13	0	1	1	0.7870	0.8288
37	1203	1	1996.9455	7	10	0	1	1	0.7872	0.6876
37	1204	1	1998.4955	5	13	0	1	1	0.7874	0.5611
37	1205	1	2000.0454	8	14	0	1	1	0.7876	0.7395
37	1206	1	2001.5953	9	6	90	0	1	0.7869	0.5011
37	1207	1	2003.1453	10	8	0	1	1	0.7871	0.7268
37	1208	1	2004.6952	13	12	90	0	1	0.7864	0.7614
37	1209	1	2006.2451	12	2	0	1	1	0.7866	0.6195
37	1210	1	2007.7950	9	6	0	1	1	0.7868	0.6534
37	1211	1	2009.3449	12	2	0	1	1	0.7870	0.5435
37	1212	1	2010.8949	9	6	0	1	1	0.7871	0.5456
37	1213	1	2012.4448	8	14	0	1	1	0.7873	0.7397
37	1214	1	2013.9947	7	10	90	0	1	0.7867	0.8213
37	1215	1	2015.5446	4	11	90	0	1	0.7860	0.5839
37	1216	1	2017.0945	3	15	0	1	1	0.7862	0.8099
37	1217	1	2018.6444	2	9	90	1	1	0.7864	0.8443
37	1218	1	2020.1944	3	15	0	1	1	0.7865	0.9115
37	1219	1	2021.7443	15	1	0	1	1	0.7867	0.7201
37	1220	1	2023.2942	1	7	90	0	1	0.7861	0.6263
37	1221	1	2024.8441	15	1	0	1	1	0.7862	0.3559
37	1222	1	2026.3940	1	7	90	0	1	0.7856	0.4383
37	1223	1	2027.9440	2	9	0	1	1	0.7858	0.3924
37	1224	1	2029.4939	1	7	0	0	1	0.7851	1.0185
37	1225	1	2031.0605	14	5	0	1	1	0.7853	0.8440
37	1226	1	2032.6104	15	1	0	1	1	0.7855	0.6866
37	1227	1	2034.1603	3	15	90	0	1	0.7848	0.8003
37	1228	1	2035.7102	2	9	0	1	1	0.7850	0.9618
37	1229	1	2037.2601	1	7	0	1	1	0.7852	0.9798
37	1230	1	2038.8100	14	5	90	1	1	0.7854	0.8539
37	1231	1	2040.3600	15	1	90	1	1	0.7855	0.8880
37	1232	1	2041.9099	2	9	0	1	1	0.7857	0.9399
37	1233	1	2043.4598	1	7	0	0	1	0.7851	0.9737
37	1234	1	2045.0097	3	15	90	1	1	0.7853	1.3270
37	1235	1	2046.5596	4	11	90	1	1	0.7854	1.2481
37	1236	1	2048.1095	7	10	0	1	1	0.7856	0.9950
37	1237	1	2049.6595	4	11	0	1	1	0.7858	0.7575
37	1238	1	2051.2094	6	3	0	1	1	0.7859	0.6636
37	1239	1	2052.7593	7	10	0	1	1	0.7861	0.7287
37	1240	1	2054.3092	8	14	0	1	1	0.7863	0.4442
37	1241	1	2055.8591	6	3	0	1	1	0.7865	0.4449
37	1242	1	2057.4091	8	14	90	0	1	0.7858	0.3040
37	1243	1	2058.9590	5	13	0	1	1	0.7860	0.3371
37	1244	1	2060.5089	6	3	0	1	1	0.7862	0.9791
37	1245	1	2062.0588	7	10	0	-1	0	0.7855	-1.0000
37	1246	1	2064.1253	8	14	0	1	1	0.7857	0.8360
37	1247	1	2065.6753	5	13	0	1	1	0.7859	0.4863
37	1248	1	2067.2252	4	11	0	1	1	0.7861	0.4389
37	1249	1	2068.7751	3	15	90	0	1	0.7854	0.4740
37	1250	1	2070.3251	1	7	0	1	1	0.7856	0.6682
37	1251	1	2071.8749	3	15	90	0	1	0.7850	0.7185
37	1252	1	2073.4249	15	1	90	1	1	0.7851	0.8311
37	1253	1	2074.9748	3	15	0	1	1	0.7853	0.9304
37	1254	1	2076.5247	1	7	0	1	1	0.7855	0.9008
37	1255	1	2078.0746	14	5	90	1	1	0.7857	0.9666
37	1256	1	2079.6245	2	9	0	1	1	0.7858	1.2892
37	1257	1	2081.1745	3	15	0	1	1	0.7860	1.1455
37	1258	1	2082.7244	15	1	0	1	1	0.7862	0.7808
37	1259	1	2084.2743	3	15	0	1	1	0.7863	0.6697
37	1260	1	2085.8242	1	7	90	0	1	0.7857	0.8651
37	1261	1	2087.3741	15	1	0	1	1	0.7859	0.6431
37	1262	1	2088.9240	3	15	0	1	1	0.7861	0.6920
37	1263	1	2090.4740	4	11	90	1	1	0.7862	1.0314
37	1264	1	2092.0238	7	10	0	1	1	0.7864	0.6802
37	1265	1	2093.5738	8	14	90	0	1	0.7858	1.2262
37	1266	1	2095.3404	5	13	0	1	1	0.7859	0.9327
37	1267	1	2096.8903	7	10	0	1	1	0.7861	0.7897
37	1268	1	2098.4402	5	13	0	1	1	0.7863	0.6172
37	1269	1	2099.9901	4	11	0	1	1	0.7864	0.3475
37	1270	1	2101.5400	6	3	0	1	1	0.7866	0.3173
37	1271	1	2103.0900	8	14	0	1	1	0.7868	0.3023
37	1272	1	2104.6399	6	3	0	1	1	0.7869	0.3521
37	1273	1	2106.1898	5	13	0	1	1	0.7871	0.5154
37	1274	1	2107.7397	8	14	0	1	1	0.7873	0.4058
37	1275	1	2109.2897	5	13	90	0	1	0.7867	0.3264
37	1276	1	2110.8396	4	11	0	1	1	0.7868	0.7286
37	1277	1	2112.3895	7	10	0	1	1	0.7870	0.7476
37	1278	1	2113.9393	8	14	0	1	1	0.7872	0.3973
37	1279	1	2115.4893	6	3	0	1	1	0.7873	0.2719
37	1280	1	2117.0392	8	14	0	1	1	0.7875	0.2728
37	1281	1	2118.5891	9	6	0	1	1	0.7877	0.1163
37	1282	1	2120.1391	12	2	0	1	1	0.7878	0.3249
37	1283	1	2121.6890	11	4	90	0	1	0.7872	0.2164
37	1284	1	2123.2389	12	2	0	1	1	0.7874	0.4423
37	1285	1	2124.7888	11	4	0	1	1	0.7875	0.3325
37	1286	1	2126.3387	9	6	0	1	1	0.7877	0.6706
37	1287	1	2127.8887	11	4	90	0	1	0.7871	0.5929
37	1288	1	2129.4386	9	6	0	1	1	0.7873	0.4827
37	1289	1	2130.9884	10	8	0	0	1	0.7867	1.3646
37	1290	1	2132.8551	12	2	0	1	1	0.7868	0.7303
37	1291	1	2134.4049	13	12	90	0	1	0.7862	0.4271
37	1292	1	2135.9549	14	5	0	1	1	0.7864	0.9903
37	1293	1	2137.5048	1	7	0	1	1	0.7865	0.9112
37	1294	1	2139.0547	3	15	0	1	1	0.7867	0.9147
37	1295	1	2140.6047	4	11	0	1	1	0.7869	0.8364
37	1296	1	2142.1546	6	3	0	1	1	0.7870	0.7894
37	1297	1	2143.7045	4	11	0	1	1	0.7872	0.7932
37	1298	1	2145.2544	6	3	0	1	1	0.7874	0.8427
37	1299	1	2146.8043	5	13	0	1	1	0.7875	0.5089
37	1300	1	2148.3543	8	14	0	1	1	0.7877	0.3817
37	1301	1	2149.9042	5	13	0	1	1	0.7879	0.3518
37	1302	1	2151.4541	8	14	90	0	1	0.7873	0.7072
37	1303	1	2153.0040	5	13	0	1	1	0.7874	0.4524
37	1304	1	2154.5539	6	3	0	1	1	0.7876	0.3100
37	1305	1	2156.1039	5	13	0	1	1	0.7877	0.4401
37	1306	1	2157.6538	4	11	0	1	1	0.7879	0.5234
37	1307	1	2159.2037	5	13	90	0	1	0.7873	0.2856
37	1308	1	2160.7536	4	11	0	1	1	0.7875	0.3356
37	1309	1	2162.3035	7	10	0	1	1	0.7876	0.6257
37	1310	1	2163.8535	5	13	0	1	1	0.7878	0.7077
37	1311	1	2165.4034	7	10	90	0	1	0.7872	0.6779
37	1312	1	2166.9533	6	3	0	1	1	0.7873	0.6321
37	1313	1	2168.5031	7	10	0	1	1	0.7875	0.6328
37	1314	1	2170.0531	5	13	90	1	1	0.7877	1.2122
37	1315	1	2171.6030	6	3	0	1	1	0.7878	0.7649
37	1316	1	2173.1528	4	11	0	1	1	0.7880	0.9604
37	1317	1	2174.7028	6	3	90	0	1	0.7874	0.7065
37	1318	1	2176.2528	5	13	0	1	1	0.7876	0.4841
37	1319	1	2177.8027	8	14	0	1	1	0.7877	0.8542
37	1320	1	2179.3526	6	3	0	1	1	0.7879	0.4244
37	1321	1	2180.9026	8	14	0	1	1	0.7880	0.0913
37	1322	1	2182.4525	7	10	0	1	1	0.7882	0.5568
37	1323	1	2184.0024	6	3	0	1	1	0.7884	0.2869
37	1324	1	2185.5523	5	13	90	0	1	0.7878	0.1929
37	1325	1	2187.1022	6	3	90	0	1	0.7872	0.4189
37	1326	1	2188.6521	8	14	0	1	1	0.7873	1.3011
37	1327	1	2190.2021	7	10	0	1	1	0.7875	0.6780
37	1328	1	2191.7520	6	3	0	1	1	0.7877	0.6013
37	1329	1	2193.3019	5	13	0	1	1	0.7878	0.5061
37	1330	1	2194.8518	8	14	0	1	1	0.7880	0.3002
37	1331	1	2196.4017	6	3	0	1	1	0.7881	0.3182
37	1332	1	2197.9516	4	11	0	1	1	0.7883	0.4497
37	1333	1	2199.5016	6	3	90	0	1	0.7877	0.4664
37	1334	1	2201.0515	4	11	0	1	1	0.7879	0.4059
37	1335	1	2202.6014	6	3	0	1	1	0.7880	0.3759
37	1336	1	2204.1513	7	10	90	0	1	0.7874	0.2821
37	1337	1	2205.7013	6	3	0	1	1	0.7876	0.5240
37	1338	1	2207.2512	7	10	90	0	1	0.7870	0.4608
37	1339	1	2208.8011	6	3	90	1	1	0.7872	0.6558
37	1340	1	2210.3510	5	13	0	1	1	0.7873	0.9783
37	1341	1	2211.9009	7	10	0	1	1	0.7875	0.7082
37	1342	1	2213.4508	5	13	90	1	1	0.7876	1.0308
37	1343	1	2215.0008	6	3	0	1	1	0.7878	0.9211
37	1344	1	2216.5507	5	13	0	1	1	0.7879	0.6026
37	1345	1	2218.1005	7	10	0	1	1	0.7881	0.6209
37	1346	1	2219.6505	5	13	0	1	1	0.7883	0.6054
37	1347	1	2221.2004	8	14	0	1	1	0.7884	1.1675
37	1348	1	2222.7503	9	6	0	1	1	0.7886	0.8656
37	1349	1	2224.3003	8	14	0	1	1	0.7887	0.5317
37	1350	1	2225.8502	5	13	0	1	1	0.7889	0.8217
37	1351	1	2227.4001	7	10	0	1	1	0.7890	0.6639
37	1352	1	2228.9500	6	3	90	1	1	0.7892	0.9392
37	1353	1	2230.4999	5	13	0	1	1	0.7894	1.0213
37	1354	1	2232.0498	6	3	0	1	1	0.7895	0.6716
37	1355	1	2233.5998	5	13	0	1	1	0.7897	0.6096
37	1356	1	2235.1497	8	14	0	1	1	0.7898	0.6748
37	1357	1	2236.6996	6	3	90	1	1	0.7900	0.7416
37	1358	1	2238.2496	8	14	0	1	1	0.7901	0.6944
37	1359	1	2239.7995	7	10	0	1	1	0.7903	0.6017
37	1360	1	2241.3494	6	3	0	1	1	0.7904	0.5717
37	1361	1	2242.8993	4	11	0	0	1	0.7899	0.7167
37	1362	1	2244.4492	3	15	90	1	1	0.7900	1.0708
37	1363	1	2245.9991	1	7	0	1	1	0.7902	0.7062
37	1364	1	2247.5491	3	15	0	1	1	0.7903	0.8363
37	1365	1	2249.0990	15	1	0	1	1	0.7905	0.6303
37	1366	1	2250.6489	14	5	0	1	1	0.7906	0.3285
37	1367	1	2252.1988	13	12	0	1	1	0.7908	0.2830
37	1368	1	2253.7487	14	5	0	1	1	0.7909	0.2685
37	1369	1	2255.2986	13	12	0	1	1	0.7911	0.3187
37	1370	1	2256.8486	11	4	90	0	1	0.7905	0.3359
37	1371	1	2258.3985	10	8	0	1	1	0.7907	0.4660
37	1372	1	2259.9484	13	12	0	1	1	0.7908	0.6280
37	1373	1	2261.4983	14	5	90	0	1	0.7902	0.3908
37	1374	1	2263.0483	13	12	0	1	1	0.7904	0.6638
37	1375	1	2264.5982	10	8	0	1	1	0.7905	0.6511
37	1376	1	2266.1481	9	6	0	1	1	0.7907	0.9719
37	1377	1	2267.6979	12	2	0	1	1	0.7908	1.1193
37	1378	1	2269.2479	10	8	0	1	1	0.7910	0.7854
37	1379	1	2270.7978	12	2	90	0	1	0.7904	0.3072
37	1380	1	2272.3478	10	8	90	0	1	0.7899	0.7895
37	1381	1	2273.8977	12	2	0	1	1	0.7900	0.3757
37	1382	1	2275.4476	11	4	0	1	1	0.7902	0.2968
37	1383	1	2276.9975	10	8	90	1	1	0.7903	1.0195
37	1384	1	2278.5474	13	12	0	1	1	0.7905	0.7019
37	1385	1	2280.0974	10	8	0	1	1	0.7906	0.8306
37	1386	1	2281.6473	12	2	0	1	1	0.7908	0.5781
37	1387	1	2283.1972	13	12	0	1	1	0.7909	0.6921
37	1388	1	2284.7471	14	5	0	1	1	0.7911	0.5329
37	1389	1	2286.2970	13	12	0	1	1	0.7912	0.5841
37	1390	1	2287.8469	14	5	0	1	1	0.7914	0.4410
37	1391	1	2289.3969	13	12	0	1	1	0.7915	0.3312
37	1392	1	2290.9468	10	8	0	1	1	0.7917	0.2708
37	1393	1	2292.4966	13	12	0	1	1	0.7918	0.4333
37	1394	1	2294.0466	14	5	0	1	1	0.7920	0.3053
37	1395	1	2295.5965	2	9	0	1	1	0.7921	0.3250
37	1396	1	2297.1464	14	5	0	1	1	0.7923	0.2615
37	1397	1	2298.6964	13	12	90	0	1	0.7917	0.2808
37	1398	1	2300.2463	14	5	0	1	1	0.7918	0.2510
37	1399	1	2301.7962	13	12	0	1	1	0.7920	0.4292
37	1400	1	2303.3461	10	8	0	1	1	0.7921	0.5898
37	1	2	1.0166	15	1	0	-1	0	NaN	-1.0000
37	2	2	2.5499	14	5	0	-1	0	NaN	-1.0000
37	3	2	4.0831	1	7	0	-1	0	NaN	-1.0000
37	4	2	5.6164	2	9	0	-1	1	0.0000	0.5649
37	5	2	7.1496	1	7	0	-1	0	0.0000	-1.0000
37	6	2	8.6829	2	9	0	-1	0	0.0000	-1.0000
37	7	2	10.2161	3	15	0	-1	0	0.0000	-1.0000
37	8	2	11.7494	15	1	0	-1	0	0.0000	-1.0000
37	9	2	13.2826	3	15	0	-1	0	0.0000	-1.0000
37	10	2	14.8159	4	11	0	-1	0	0.0000	-1.0000
37	11	2	16.3491	7	10	0	-1	1	0.0000	0.4252
37	12	2	17.8824	5	13	0	-1	0	0.0000	-1.0000
37	13	2	19.4157	7	10	0	-1	0	0.0000	-1.0000
37	14	2	20.9489	5	13	0	-1	0	0.0000	-1.0000
37	15	2	22.4821	4	11	0	-1	0	0.0000	-1.0000
37	16	2	24.0154	3	15	0	-1	1	0.3333	0.4226
37	17	2	25.5487	2	9	0	-1	0	0.3333	-1.0000
37	18	2	27.0819	1	7	0	-1	0	0.3333	-1.0000
37	19	2	28.6152	15	1	0	-1	0	0.3333	-1.0000
37	20	2	30.1484	14	5	0	-1	0	0.3333	-1.0000
37	21	2	31.6817	13	12	0	-1	0	0.3333	-1.0000
37	22	2	33.2149	12	2	0	-1	0	0.3333	-1.0000
37	23	2	34.7482	11	4	0	-1	0	0.3333	-1.0000
37	24	2	36.2814	10	8	0	-1	1	0.2500	0.3325
37	25	2	37.8146	9	6	0	-1	0	0.2500	-1.0000
37	26	2	39.3479	8	14	0	-1	0	0.2500	-1.0000
37	27	2	40.8812	7	10	0	-1	0	0.2500	-1.0000
37	28	2	42.4145	6	3	0	-1	1	0.2000	1.1116
37	29	2	43.9476	5	13	0	-1	0	0.2000	-1.0000
37	30	2	45.4810	4	11	0	-1	0	0.2000	-1.0000
37	31	2	47.0142	3	15	0	-1	0	0.2000	-1.0000
37	32	2	48.5475	1	7	0	-1	0	0.2000	-1.0000
37	33	2	50.0806	3	15	0	-1	1	0.1667	0.4857
37	34	2	51.6140	4	11	0	-1	0	0.1667	-1.0000
37	35	2	53.1473	6	3	0	-1	0	0.1667	-1.0000
37	36	2	54.6804	8	14	0	-1	0	0.1667	-1.0000
37	37	2	56.2137	6	3	0	-1	1	0.1429	0.6400
37	38	2	57.7470	7	10	0	-1	0	0.1429	-1.0000
37	39	2	59.2802	4	11	0	-1	0	0.1429	-1.0000
37	40	2	60.8135	6	3	0	-1	0	0.1429	-1.0000
37	41	2	62.3467	8	14	0	-1	0	0.1429	-1.0000
37	42	2	63.8800	5	13	0	-1	1	0.1250	0.3178
37	43	2	65.4133	7	10	0	-1	0	0.1250	-1.0000
37	44	2	66.9465	6	3	0	-1	0	0.1250	-1.0000
37	45	2	68.4797	4	11	0	-1	0	0.1250	-1.0000
37	46	2	70.0130	3	15	0	-1	0	0.1250	-1.0000
37	47	2	71.5463	2	9	0	-1	1	0.1111	0.3636
37	48	2	73.0795	1	7	0	-1	0	0.1111	-1.0000
37	49	2	74.6128	15	1	0	-1	0	0.1111	-1.0000
37	50	2	76.1460	14	5	0	-1	1	0.1000	0.6440
37	51	2	77.6793	13	12	0	-1	0	0.1000	-1.0000
37	52	2	79.2125	12	2	0	-1	1	0.0909	0.8257
37	53	2	80.7458	11	4	0	-1	0	0.0909	-1.0000
37	54	2	82.2790	10	8	0	-1	0	0.0909	-1.0000
37	55	2	83.8123	9	6	0	-1	0	0.0909	-1.0000
37	56	2	85.3455	8	14	0	-1	1	0.1667	0.3084
37	57	2	86.8788	7	10	0	-1	0	0.1667	-1.0000
37	58	2	88.4121	6	3	0	-1	0	0.1667	-1.0000
37	59	2	89.9453	5	13	0	-1	0	0.1667	-1.0000
37	60	2	91.4786	4	11	0	-1	1	0.1538	0.3035
37	61	2	93.0117	7	10	0	-1	0	0.1538	-1.0000
37	62	2	94.5451	6	3	0	-1	0	0.1538	-1.0000
37	63	2	96.0783	5	13	0	-1	0	0.1538	-1.0000
37	64	2	97.6116	4	11	0	-1	1	0.1429	0.3145
37	65	2	99.1448	3	15	0	-1	0	0.1429	-1.0000
37	66	2	100.6781	2	9	0	-1	0	0.1429	-1.0000
37	67	2	102.2113	14	5	0	-1	1	0.1333	0.0168
37	68	2	103.7446	15	1	0	-1	0	0.1333	-1.0000
37	69	2	105.2778	14	5	0	-1	0	0.1333	-1.0000
37	70	2	106.8111	1	7	0	-1	1	0.1250	0.9547
37	71	2	108.3443	15	1	0	-1	0	0.1250	-1.0000
37	72	2	109.8776	3	15	0	-1	0	0.1250	-1.0000
37	73	2	111.4109	1	7	0	-1	1	0.1176	0.6914
37	74	2	112.9441	2	9	0	-1	0	0.1176	-1.0000
37	75	2	114.4773	1	7	0	-1	0	0.1176	-1.0000
37	76	2	116.0106	15	1	0	-1	1	0.1111	0.2036
37	77	2	117.5439	14	5	0	-1	0	0.1111	-1.0000
37	78	2	119.0771	13	12	0	-1	1	0.1579	0.5128
37	79	2	120.6104	12	2	0	-1	0	0.1579	-1.0000
37	80	2	122.1436	11	4	0	-1	0	0.1579	-1.0000
37	81	2	123.6769	10	8	0	-1	0	0.1579	-1.0000
37	82	2	125.2101	9	6	0	-1	1	0.1500	0.2039
37	83	2	126.7434	8	14	0	-1	0	0.1500	-1.0000
37	84	2	128.2766	7	10	0	-1	0	0.1500	-1.0000
37	85	2	129.8099	6	3	0	-1	1	0.1429	1.2358
37	86	2	131.3432	5	13	0	-1	0	0.1429	-1.0000
37	87	2	132.8764	4	11	0	-1	1	0.1364	0.2823
37	88	2	134.4097	3	15	0	-1	0	0.1364	-1.0000
37	89	2	135.9429	2	9	0	-1	1	0.1304	1.4072
37	90	2	137.4762	1	7	0	-1	1	0.1250	0.0168
37	91	2	139.0094	15	1	0	-1	0	0.1250	-1.0000
37	92	2	140.5426	14	5	0	-1	0	0.1250	-1.0000
37	93	2	142.0758	2	9	0	-1	1	0.1200	1.3221
37	94	2	143.6092	15	1	0	-1	1	0.1154	0.0168
37	95	2	145.1424	2	9	0	-1	0	0.1154	-1.0000
37	96	2	146.6756	14	5	0	-1	0	0.1154	-1.0000
37	97	2	148.2089	15	1	0	-1	0	0.1154	-1.0000
37	98	2	149.7422	2	9	0	-1	1	0.1111	0.9991
37	99	2	151.2754	1	7	0	-1	0	0.1111	-1.0000
37	100	2	152.8086	3	15	0	-1	1	0.1071	0.5572
37	101	2	154.3419	2	9	0	-1	0	0.1071	-1.0000
37	102	2	155.8752	14	5	0	-1	0	0.1071	-1.0000
37	103	2	157.4085	13	12	0	-1	0	0.1071	-1.0000
37	104	2	158.9417	14	5	0	-1	1	0.1379	0.3443
37	105	2	160.4750	13	12	0	-1	0	0.1379	-1.0000
37	106	2	162.0082	12	2	0	-1	1	0.1333	0.2377
37	107	2	163.5415	11	4	0	-1	0	0.1333	-1.0000
37	108	2	165.0747	10	8	0	-1	1	0.1290	0.7711
37	109	2	166.6080	9	6	0	-1	0	0.1290	-1.0000
37	110	2	168.1412	8	14	0	-1	1	0.1563	0.2806
37	111	2	169.6745	7	10	0	-1	0	0.1563	-1.0000
37	112	2	171.2077	6	3	0	-1	1	0.1515	0.3981
37	113	2	172.7410	5	13	0	-1	0	0.1515	-1.0000
37	114	2	174.2742	4	11	0	-1	1	0.1471	0.9477
37	115	2	175.8075	3	15	0	-1	0	0.1471	-1.0000
37	116	2	177.3407	2	9	0	-1	1	0.1429	0.2494
37	117	2	178.8740	1	7	0	-1	0	0.1429	-1.0000
37	118	2	180.4072	15	1	0	-1	1	0.1389	0.8308
37	119	2	181.9405	14	5	0	-1	0	0.1389	-1.0000
37	120	2	183.4738	13	12	0	-1	1	0.1622	0.2763
37	121	2	185.0070	12	2	0	-1	0	0.1622	-1.0000
37	122	2	186.5402	13	12	0	-1	1	0.1579	0.2179
37	123	2	188.0735	14	5	0	-1	1	0.1795	0.6364
37	124	2	189.6068	2	9	0	-1	1	0.1750	0.5111
37	125	2	191.1400	15	1	0	-1	1	0.1707	0.5780
37	126	2	192.6733	2	9	0	-1	1	0.1667	0.8688
37	127	2	194.2065	14	5	0	-1	1	0.1628	1.4471
37	128	2	195.7398	15	1	0	-1	1	0.1591	0.0168
37	129	2	197.2730	2	9	0	-1	1	0.1556	0.6214
37	130	2	198.8063	3	15	0	-1	1	0.1522	0.4796
37	131	2	200.3395	4	11	0	-1	1	0.1702	0.4185
37	132	2	201.8728	5	13	0	-1	1	0.1667	0.3574
37	133	2	203.4061	7	10	0	-1	1	0.1633	0.3602
37	134	2	204.9393	6	3	0	-1	1	0.1600	0.3465
37	135	2	206.4726	8	14	0	-1	1	0.1569	0.3650
37	136	2	208.0058	9	6	0	-1	0	0.1569	-1.0000
37	137	2	209.5391	10	8	0	-1	1	0.1538	0.0168
37	138	2	211.0723	11	4	0	-1	1	0.1509	0.2455
37	139	2	212.6056	12	2	0	-1	1	0.1481	0.4244
37	140	2	214.1388	13	12	0	-1	1	0.1455	0.4271
37	141	2	215.6721	14	5	0	-1	1	0.1607	0.4459
37	142	2	217.2053	15	1	0	-1	1	0.1579	0.5605
37	143	2	218.7386	1	7	0	-1	1	0.1552	1.2352
37	144	2	220.2718	2	9	0	-1	0	0.1552	-1.0000
37	145	2	221.8051	3	15	0	-1	1	0.1525	0.3285
37	146	2	223.3383	4	11	0	-1	1	0.1667	0.3313
37	147	2	224.8716	5	13	0	-1	1	0.1639	0.2545
37	148	2	226.4049	6	3	0	-1	1	0.1613	0.1457
37	149	2	227.9381	7	10	0	-1	1	0.1587	0.0680
37	150	2	229.4714	8	14	0	-1	1	0.1563	0.0169
37	151	2	231.0046	5	13	0	-1	1	0.1538	0.0732
37	152	2	232.5379	8	14	0	-1	1	0.1515	0.0443
37	153	2	234.0711	5	13	0	-1	1	0.1493	0.0168
37	154	2	235.6044	8	14	0	-1	1	0.1471	0.0169
37	155	2	237.1376	6	3	0	-1	1	0.1449	0.0169
37	156	2	238.6709	4	11	0	-1	1	0.1429	0.0169
37	157	2	240.2041	6	3	0	-1	1	0.1408	0.0167
37	158	2	241.7374	4	11	0	-1	0	0.1408	-1.0000
37	159	2	243.2706	6	3	0	-1	0	0.1408	-1.0000
37	160	2	244.8039	5	13	0	-1	0	0.1408	-1.0000
37	161	2	246.3371	6	3	0	-1	1	0.1389	0.4209
37	162	2	247.8704	4	11	0	-1	0	0.1389	-1.0000
37	163	2	249.4037	7	10	0	-1	0	0.1389	-1.0000
37	164	2	250.9369	4	11	0	-1	0	0.1389	-1.0000
37	165	2	252.4701	7	10	0	-1	0	0.1389	-1.0000
37	166	2	254.0034	8	14	0	-1	1	0.1370	0.3055
37	167	2	255.5367	9	6	0	-1	0	0.1370	-1.0000
37	168	2	257.0699	10	8	0	-1	0	0.1370	-1.0000
37	169	2	258.6031	11	4	0	-1	0	0.1370	-1.0000
37	170	2	260.1364	12	2	0	-1	0	0.1370	-1.0000
37	171	2	261.6697	13	12	0	-1	0	0.1370	-1.0000
37	172	2	263.2029	14	5	0	-1	1	0.1486	0.1791
37	173	2	264.7362	15	1	0	-1	0	0.1486	-1.0000
37	174	2	266.2694	1	7	0	-1	0	0.1486	-1.0000
37	175	2	267.8027	2	9	0	-1	0	0.1486	-1.0000
37	176	2	269.3359	3	15	0	-1	0	0.1486	-1.0000
37	177	2	270.8692	4	11	0	-1	1	0.1600	0.8326
37	178	2	272.4024	5	13	0	-1	0	0.1600	-1.0000
37	179	2	273.9356	6	3	0	-1	0	0.1600	-1.0000
37	180	2	275.4689	7	10	0	-1	0	0.1600	-1.0000
37	181	2	277.0021	6	3	0	-1	1	0.1579	1.0677
37	182	2	278.5355	7	10	0	-1	0	0.1579	-1.0000
37	183	2	280.0687	8	14	0	-1	0	0.1579	-1.0000
37	184	2	281.6019	7	10	0	-1	0	0.1579	-1.0000
37	185	2	283.1352	8	14	0	-1	0	0.1579	-1.0000
37	186	2	284.6685	6	3	0	-1	1	0.1558	0.2333
37	187	2	286.2017	4	11	0	-1	0	0.1558	-1.0000
37	188	2	287.7350	7	10	0	-1	1	0.1538	0.5749
37	189	2	289.2682	8	14	0	-1	0	0.1538	-1.0000
37	190	2	290.8015	9	6	0	-1	1	0.1646	0.3729
37	191	2	292.3347	8	14	0	-1	0	0.1646	-1.0000
37	192	2	293.8680	7	10	0	-1	0	0.1646	-1.0000
37	193	2	295.4012	4	11	0	-1	0	0.1646	-1.0000
37	194	2	296.9345	3	15	0	-1	1	0.1750	0.3036
37	195	2	298.4678	2	9	0	-1	0	0.1750	-1.0000
37	196	2	300.0010	3	15	0	-1	1	0.1728	0.4209
37	197	2	301.5343	4	11	0	-1	0	0.1728	-1.0000
37	198	2	303.0675	5	13	0	-1	0	0.1728	-1.0000
37	199	2	304.6007	6	3	0	-1	0	0.1728	-1.0000
37	200	2	306.1340	7	10	0	-1	0	0.1728	-1.0000
37	201	2	307.6672	8	14	0	-1	1	0.1707	0.7068
37	202	2	309.2005	9	6	0	-1	0	0.1707	-1.0000
37	203	2	310.7338	10	8	0	-1	0	0.1707	-1.0000
37	204	2	312.2670	11	4	0	-1	0	0.1707	-1.0000
37	205	2	313.8003	12	2	0	-1	0	0.1707	-1.0000
37	206	2	315.3335	13	12	0	-1	1	0.1687	1.3604
37	207	2	316.8668	14	5	0	-1	0	0.1687	-1.0000
37	208	2	318.4000	15	1	0	-1	0	0.1687	-1.0000
37	209	2	319.9333	1	7	0	-1	0	0.1687	-1.0000
37	210	2	321.4665	2	9	0	-1	0	0.1687	-1.0000
37	211	2	322.9998	1	7	0	-1	1	0.1667	0.3502
37	212	2	324.5330	3	15	0	-1	0	0.1667	-1.0000
37	213	2	326.0663	15	1	0	-1	0	0.1667	-1.0000
37	214	2	327.5996	1	7	0	-1	1	0.1647	0.3585
37	215	2	329.1327	2	9	0	-1	0	0.1647	-1.0000
37	216	2	330.6660	1	7	0	-1	1	0.1628	1.4839
37	217	2	332.1993	2	9	0	-1	1	0.1609	0.0167
37	218	2	333.7326	3	15	0	-1	0	0.1609	-1.0000
37	219	2	335.2658	15	1	0	-1	0	0.1609	-1.0000
37	220	2	336.7991	1	7	0	-1	1	0.1591	0.0710
37	221	2	338.3323	2	9	0	-1	0	0.1591	-1.0000
37	222	2	339.8655	1	7	0	-1	0	0.1591	-1.0000
37	223	2	341.3988	15	1	0	-1	1	0.1573	0.2871
37	224	2	342.9321	14	5	0	-1	0	0.1573	-1.0000
37	225	2	344.4653	1	7	0	-1	0	0.1573	-1.0000
37	226	2	345.9985	2	9	0	-1	1	0.1556	0.9995
37	227	2	347.5318	3	15	0	-1	0	0.1556	-1.0000
37	228	2	349.0651	4	11	0	-1	0	0.1556	-1.0000
37	229	2	350.5984	5	13	0	-1	0	0.1556	-1.0000
37	230	2	352.1315	6	3	0	-1	0	0.1556	-1.0000
37	231	2	353.6648	7	10	0	-1	1	0.1538	0.2609
37	232	2	355.1981	8	14	0	-1	0	0.1538	-1.0000
37	233	2	356.7314	9	6	0	-1	0	0.1538	-1.0000
37	234	2	358.2646	10	8	0	-1	0	0.1538	-1.0000
37	235	2	359.7978	11	4	0	-1	0	0.1538	-1.0000
37	236	2	361.3310	12	2	0	-1	1	0.1522	0.7070
37	237	2	362.8643	13	12	0	-1	0	0.1522	-1.0000
37	238	2	364.3977	14	5	0	-1	1	0.6750	0.9521
37	239	2	365.9309	15	1	0	-1	0	0.6750	-1.0000
37	240	2	367.4641	1	7	0	-1	0	0.6750	-1.0000
37	241	2	368.9973	14	5	0	-1	0	0.6750	-1.0000
37	242	2	370.5306	1	7	0	-1	1	0.6722	0.3552
37	243	2	372.0639	3	15	0	-1	0	0.6722	-1.0000
37	244	2	373.5971	2	9	0	-1	0	0.6722	-1.0000
37	245	2	375.1304	15	1	0	-1	1	0.6694	1.3397
37	246	2	376.6637	2	9	0	-1	1	0.6667	0.0168
37	247	2	378.1969	3	15	0	-1	0	0.6667	-1.0000
37	248	2	379.7302	4	11	0	-1	1	0.6680	0.4198
37	249	2	381.2634	7	10	0	-1	0	0.6680	-1.0000
37	250	2	382.7967	5	13	0	-1	0	0.6680	-1.0000
37	251	2	384.3299	6	3	0	-1	0	0.6680	-1.0000
37	252	2	385.8632	4	11	0	-1	1	0.6653	0.1269
37	253	2	387.3964	5	13	0	-1	0	0.6653	-1.0000
37	254	2	388.9296	7	10	0	-1	0	0.6653	-1.0000
37	255	2	390.4629	8	14	0	-1	0	0.6653	-1.0000
37	256	2	391.9961	7	10	0	-1	1	0.6626	0.2979
37	257	2	393.5294	6	3	0	-1	0	0.6626	-1.0000
37	258	2	395.0627	5	13	0	-1	0	0.6626	-1.0000
37	259	2	396.5959	4	11	0	-1	0	0.6626	-1.0000
37	260	2	398.1292	3	15	0	-1	1	0.6640	1.3808
37	261	2	399.6624	2	9	0	-1	1	0.6613	0.0167
37	262	2	401.1957	1	7	0	-1	0	0.6613	-1.0000
37	263	2	402.7290	15	1	0	-1	0	0.6613	-1.0000
37	264	2	404.2622	14	5	0	-1	1	0.6586	0.3345
37	265	2	405.7954	13	12	0	-1	0	0.6586	-1.0000
37	266	2	407.3287	12	2	0	-1	0	0.6586	-1.0000
37	267	2	408.8620	11	4	0	-1	1	0.6560	0.4078
37	268	2	410.3952	10	8	0	-1	0	0.6560	-1.0000
37	269	2	411.9285	9	6	0	-1	0	0.6560	-1.0000
37	270	2	413.4617	8	14	0	-1	1	0.6574	0.2723
37	271	2	414.9950	9	6	0	-1	0	0.6574	-1.0000
37	272	2	416.5282	12	2	0	-1	0	0.6574	-1.0000
37	273	2	418.0615	13	12	0	-1	1	0.6548	0.5043
37	274	2	419.5948	11	4	0	-1	0	0.6548	-1.0000
37	275	2	421.1280	12	2	0	-1	0	0.6548	-1.0000
37	276	2	422.6612	10	8	0	-1	1	0.6522	0.3208
37	277	2	424.1945	13	12	0	-1	0	0.6522	-1.0000
37	278	2	425.7277	11	4	0	-1	0	0.6522	-1.0000
37	279	2	427.2610	9	6	0	-1	0	0.6522	-1.0000
37	280	2	428.7943	11	4	0	-1	0	0.6522	-1.0000
37	281	2	430.3275	10	8	0	-1	1	0.6496	0.3825
37	282	2	431.8608	13	12	0	-1	0	0.6496	-1.0000
37	283	2	433.3940	10	8	0	-1	0	0.6496	-1.0000
37	284	2	434.9273	9	6	0	-1	0	0.6496	-1.0000
37	285	2	436.4605	11	4	0	-1	1	0.6471	0.5373
37	286	2	437.9938	10	8	0	-1	0	0.6471	-1.0000
37	287	2	439.5270	9	6	0	-1	0	0.6471	-1.0000
37	288	2	441.0603	8	14	0	-1	0	0.6471	-1.0000
37	289	2	442.5935	7	10	0	-1	0	0.6471	-1.0000
37	290	2	444.1268	6	3	0	-1	0	0.6471	-1.0000
37	291	2	445.6599	5	13	0	-1	1	0.6445	0.4256
37	292	2	447.1933	4	11	0	-1	0	0.6445	-1.0000
37	293	2	448.7265	3	15	0	-1	0	0.6445	-1.0000
37	294	2	450.2598	2	9	0	-1	0	0.6445	-1.0000
37	295	2	451.7931	1	7	0	-1	0	0.6445	-1.0000
37	296	2	453.3263	15	1	0	-1	1	0.6420	1.1117
37	297	2	454.8596	14	5	0	-1	0	0.6420	-1.0000
37	298	2	456.3928	13	12	0	-1	0	0.6420	-1.0000
37	299	2	457.9260	12	2	0	-1	0	0.6420	-1.0000
37	300	2	459.4593	11	4	0	-1	0	0.6420	-1.0000
37	301	2	460.9926	9	6	0	-1	1	0.6395	0.4053
37	302	2	462.5258	10	8	0	-1	0	0.6395	-1.0000
37	303	2	464.0591	9	6	0	-1	0	0.6395	-1.0000
37	304	2	465.5922	8	14	0	-1	0	0.6395	-1.0000
37	305	2	467.1256	5	13	0	-1	1	0.6371	0.4324
37	306	2	468.6589	4	11	0	-1	0	0.6371	-1.0000
37	307	2	470.1921	5	13	0	-1	0	0.6371	-1.0000
37	308	2	471.7253	4	11	0	-1	1	0.6346	0.3447
37	309	2	473.2586	6	3	0	-1	0	0.6346	-1.0000
37	310	2	474.7918	4	11	0	-1	1	0.6322	0.4780
37	311	2	476.3251	3	15	0	-1	0	0.6322	-1.0000
37	312	2	477.8583	15	1	0	-1	0	0.6322	-1.0000
37	313	2	479.3916	1	7	0	-1	1	0.6298	0.3580
37	314	2	480.9249	15	1	0	-1	0	0.6298	-1.0000
37	315	2	482.4581	2	9	0	-1	0	0.6298	-1.0000
37	316	2	483.9914	1	7	0	-1	1	0.6274	0.3509
37	317	2	485.5246	15	1	0	-1	0	0.6274	-1.0000
37	318	2	487.0579	14	5	0	-1	0	0.6274	-1.0000
37	319	2	488.5911	13	12	0	-1	1	0.6288	0.5988
37	320	2	490.1243	12	2	0	-1	0	0.6288	-1.0000
37	321	2	491.6576	11	4	0	-1	0	0.6288	-1.0000
37	322	2	493.1909	10	8	0	-1	0	0.6288	-1.0000
37	323	2	494.7241	9	6	0	-1	0	0.6288	-1.0000
37	324	2	496.2574	8	14	0	-1	1	0.6302	0.1320
37	325	2	497.7907	7	10	0	-1	0	0.6302	-1.0000
37	326	2	499.3239	6	3	0	-1	0	0.6302	-1.0000
37	327	2	500.8572	5	13	0	-1	0	0.6302	-1.0000
37	328	2	502.3904	4	11	0	-1	0	0.6302	-1.0000
37	329	2	503.9237	3	15	0	-1	1	0.6316	0.5315
37	330	2	505.4569	2	9	0	-1	0	0.6316	-1.0000
37	331	2	506.9902	15	1	0	-1	0	0.6316	-1.0000
37	332	2	508.5234	1	7	0	-1	0	0.6316	-1.0000
37	333	2	510.0567	2	9	0	-1	0	0.6316	-1.0000
37	334	2	511.5898	3	15	0	-1	0	0.6316	-1.0000
37	335	2	513.1232	15	1	0	-1	0	0.6316	-1.0000
37	336	2	514.6564	2	9	0	-1	0	0.6316	-1.0000
37	337	2	516.1897	1	7	0	-1	0	0.6316	-1.0000
37	338	2	517.7229	2	9	0	-1	1	0.6292	0.2023
37	339	2	519.2562	14	5	0	-1	0	0.6292	-1.0000
37	340	2	520.7894	2	9	0	-1	0	0.6292	-1.0000
37	341	2	522.3227	15	1	0	-1	0	0.6292	-1.0000
37	342	2	523.8559	1	7	0	-1	0	0.6292	-1.0000
37	343	2	525.3892	14	5	0	-1	1	0.6269	0.0169
37	344	2	526.9225	13	12	0	-1	0	0.6269	-1.0000
37	345	2	528.4557	12	2	0	-1	0	0.6269	-1.0000
37	346	2	529.9889	11	4	0	-1	0	0.6269	-1.0000
37	347	2	531.5222	10	8	0	-1	0	0.6269	-1.0000
37	348	2	533.0554	9	6	0	-1	1	0.6245	0.3909
37	349	2	534.5887	8	14	0	-1	0	0.6245	-1.0000
37	350	2	536.1220	7	10	0	-1	0	0.6245	-1.0000
37	351	2	537.6552	6	3	0	-1	0	0.6245	-1.0000
37	352	2	539.1885	5	13	0	-1	1	0.6222	0.5134
37	353	2	540.7217	4	11	0	-1	0	0.6222	-1.0000
37	354	2	542.2550	3	15	0	-1	0	0.6222	-1.0000
37	355	2	543.7883	2	9	0	-1	0	0.6222	-1.0000
37	356	2	545.3215	1	7	0	-1	0	0.6222	-1.0000
37	357	2	546.8548	15	1	0	-1	0	0.6222	-1.0000
37	358	2	548.3880	14	5	0	-1	0	0.6222	-1.0000
37	359	2	549.9212	13	12	0	-1	0	0.6222	-1.0000
37	360	2	551.4545	12	2	0	-1	0	0.6222	-1.0000
37	361	2	552.9877	11	4	0	-1	1	0.6199	0.7464
37	362	2	554.5210	13	12	0	-1	0	0.6199	-1.0000
37	363	2	556.0543	12	2	0	-1	0	0.6199	-1.0000
37	364	2	557.5875	9	6	0	-1	0	0.6199	-1.0000
37	365	2	559.1208	12	2	0	-1	0	0.6199	-1.0000
37	366	2	560.6540	9	6	0	-1	1	0.6176	0.2158
37	367	2	562.1873	11	4	0	-1	0	0.6176	-1.0000
37	368	2	563.7205	9	6	0	-1	0	0.6176	-1.0000
37	369	2	565.2538	12	2	0	-1	1	0.6154	0.4162
37	370	2	566.7870	10	8	0	-1	0	0.6154	-1.0000
37	371	2	568.3203	12	2	0	-1	0	0.6154	-1.0000
37	372	2	569.8535	9	6	0	-1	0	0.6154	-1.0000
37	373	2	571.3868	12	2	0	-1	0	0.6154	-1.0000
37	374	2	572.9201	10	8	0	-1	0	0.6154	-1.0000
37	375	2	574.4533	12	2	0	-1	0	0.6154	-1.0000
37	376	2	575.9865	13	12	0	-1	0	0.6154	-1.0000
37	377	2	577.5198	14	5	0	-1	1	0.6168	1.2542
37	378	2	579.0531	15	1	0	-1	0	0.6168	-1.0000
37	379	2	580.5863	1	7	0	-1	0	0.6168	-1.0000
37	380	2	582.1195	2	9	0	-1	0	0.6168	-1.0000
37	381	2	583.6528	3	15	0	-1	1	0.6145	0.9931
37	382	2	585.1861	4	11	0	-1	0	0.6145	-1.0000
37	383	2	586.7193	5	13	0	-1	0	0.6145	-1.0000
37	384	2	588.2526	6	3	0	-1	0	0.6145	-1.0000
37	385	2	589.7858	7	10	0	-1	0	0.6145	-1.0000
37	386	2	591.3191	8	14	0	-1	0	0.6145	-1.0000
37	387	2	592.8523	9	6	0	-1	1	0.6159	0.7217
37	388	2	594.3856	10	8	0	-1	0	0.6159	-1.0000
37	389	2	595.9188	11	4	0	-1	0	0.6159	-1.0000
37	390	2	597.4521	12	2	0	-1	0	0.6159	-1.0000
37	391	2	598.9853	13	12	0	-1	0	0.6159	-1.0000
37	392	2	600.5186	10	8	0	-1	1	0.6137	0.5115
37	393	2	602.0519	13	12	0	-1	0	0.6137	-1.0000
37	394	2	603.5851	11	4	0	-1	0	0.6137	-1.0000
37	395	2	605.1183	13	12	0	-1	1	0.6115	0.6476
37	396	2	606.6516	14	5	0	-1	0	0.6115	-1.0000
37	397	2	608.1849	1	7	0	-1	0	0.6115	-1.0000
37	398	2	609.7181	2	9	0	-1	1	0.6093	1.1681
37	399	2	611.2514	14	5	0	-1	0	0.6093	-1.0000
37	400	2	612.7846	2	9	0	-1	0	0.6093	-1.0000
37	401	2	614.3179	15	1	0	-1	0	0.6093	-1.0000
37	402	2	615.8511	14	5	0	-1	1	0.6071	0.8908
37	403	2	617.3844	15	1	0	-1	0	0.6071	-1.0000
37	404	2	618.9176	1	7	0	-1	0	0.6071	-1.0000
37	405	2	620.4509	2	9	0	-1	0	0.6071	-1.0000
37	406	2	621.9841	1	7	0	-1	1	0.6050	0.5662
37	407	2	623.5174	15	1	0	-1	0	0.6050	-1.0000
37	408	2	625.0507	14	5	0	-1	0	0.6050	-1.0000
37	409	2	626.5839	13	12	0	-1	0	0.6050	-1.0000
37	410	2	628.1172	12	2	0	-1	0	0.6050	-1.0000
37	411	2	629.6504	11	4	0	-1	0	0.6050	-1.0000
37	412	2	631.1837	10	8	0	-1	0	0.6050	-1.0000
37	413	2	632.7169	9	6	0	-1	0	0.6050	-1.0000
37	414	2	634.2502	8	14	0	-1	0	0.6050	-1.0000
37	415	2	635.7834	7	10	0	-1	1	0.6028	1.2144
37	416	2	637.3167	6	3	0	-1	1	0.6007	0.0167
37	417	2	638.8499	5	13	0	-1	0	0.6007	-1.0000
37	418	2	640.3832	4	11	0	-1	0	0.6007	-1.0000
37	419	2	641.9164	3	15	0	-1	0	0.6007	-1.0000
37	420	2	643.4497	2	9	0	-1	1	0.5986	1.4683
37	421	2	644.9829	3	15	0	-1	1	0.5965	0.0168
37	422	2	646.5162	15	1	0	-1	0	0.5965	-1.0000
37	423	2	648.0494	2	9	0	-1	0	0.5965	-1.0000
37	424	2	649.5826	1	7	0	-1	0	0.5965	-1.0000
37	425	2	651.1160	3	15	0	-1	0	0.5965	-1.0000
37	426	2	652.6492	1	7	0	-1	0	0.5965	-1.0000
37	427	2	654.1825	14	5	0	-1	0	0.5965	-1.0000
37	428	2	655.7157	15	1	0	-1	0	0.5965	-1.0000
37	429	2	657.2490	1	7	0	-1	0	0.5965	-1.0000
37	430	2	658.7822	3	15	0	-1	1	0.5944	0.7116
37	431	2	660.3154	2	9	0	-1	0	0.5944	-1.0000
37	432	2	661.8487	14	5	0	-1	0	0.5944	-1.0000
37	433	2	663.3820	2	9	0	-1	0	0.5944	-1.0000
37	434	2	664.9152	14	5	0	-1	0	0.5944	-1.0000
37	435	2	666.4485	2	9	0	-1	0	0.5944	-1.0000
37	436	2	667.9817	3	15	0	-1	0	0.5944	-1.0000
37	437	2	669.5150	4	11	0	-1	1	0.5958	0.5067
37	438	2	671.0483	5	13	0	-1	0	0.5958	-1.0000
37	439	2	672.5815	6	3	0	-1	0	0.5958	-1.0000
37	440	2	674.1147	7	10	0	-1	0	0.5958	-1.0000
37	441	2	675.6480	8	14	0	-1	0	0.5958	-1.0000
37	442	2	677.1812	9	6	0	-1	0	0.5958	-1.0000
37	443	2	678.7145	10	8	0	-1	0	0.5958	-1.0000
37	444	2	680.2478	11	4	0	-1	0	0.5958	-1.0000
37	445	2	681.7810	12	2	0	-1	1	0.5938	0.6411
37	446	2	683.3143	13	12	0	-1	0	0.5938	-1.0000
37	447	2	684.8475	14	5	0	-1	0	0.5938	-1.0000
37	448	2	686.3807	15	1	0	-1	0	0.5938	-1.0000
37	449	2	687.9140	1	7	0	-1	0	0.5938	-1.0000
37	450	2	689.4473	2	9	0	-1	0	0.5938	-1.0000
37	451	2	690.9805	3	15	0	-1	0	0.5938	-1.0000
37	452	2	692.5138	4	11	0	-1	1	0.5952	0.7079
37	453	2	694.0471	7	10	0	-1	0	0.5952	-1.0000
37	454	2	695.5803	5	13	0	-1	0	0.5952	-1.0000
37	455	2	697.1136	4	11	0	-1	0	0.5952	-1.0000
37	456	2	698.6468	6	3	0	-1	0	0.5952	-1.0000
37	457	2	700.1801	8	14	0	-1	1	0.5931	0.9137
37	458	2	701.7133	6	3	0	-1	0	0.5931	-1.0000
37	459	2	703.2465	5	13	0	-1	0	0.5931	-1.0000
37	460	2	704.7798	7	10	0	-1	1	0.5911	1.0660
37	461	2	706.3131	4	11	0	-1	0	0.5911	-1.0000
37	462	2	707.8463	6	3	0	-1	0	0.5911	-1.0000
37	463	2	709.3796	5	13	0	-1	0	0.5911	-1.0000
37	464	2	710.9129	6	3	0	-1	1	0.5890	0.4522
37	465	2	712.4461	8	14	0	-1	0	0.5890	-1.0000
37	466	2	713.9793	9	6	0	-1	0	0.5890	-1.0000
37	467	2	715.5126	10	8	0	-1	0	0.5890	-1.0000
37	468	2	717.0459	11	4	0	-1	1	0.5870	0.7039
37	469	2	718.5791	12	2	0	-1	0	0.5870	-1.0000
37	470	2	720.1123	13	12	0	-1	0	0.5870	-1.0000
37	471	2	721.6456	14	5	0	-1	0	0.5870	-1.0000
37	472	2	723.1788	15	1	0	-1	0	0.5870	-1.0000
37	473	2	724.7121	1	7	0	-1	0	0.5870	-1.0000
37	474	2	726.2453	2	9	0	-1	1	0.5850	0.3846
37	475	2	727.7786	3	15	0	-1	0	0.5850	-1.0000
37	476	2	729.3119	4	11	0	-1	0	0.5850	-1.0000
37	477	2	730.8451	5	13	0	-1	0	0.5850	-1.0000
37	478	2	732.3783	6	3	0	-1	0	0.5850	-1.0000
37	479	2	733.9116	7	10	0	-1	1	0.5831	1.4219
37	480	2	735.4449	8	14	0	-1	1	0.5811	0.0167
37	481	2	736.9781	7	10	0	-1	0	0.5811	-1.0000
37	482	2	738.5113	5	13	0	-1	0	0.5811	-1.0000
37	483	2	740.0446	6	3	0	-1	0	0.5811	-1.0000
37	484	2	741.5779	8	14	0	-1	1	0.5791	0.4600
37	485	2	743.1112	5	13	0	-1	0	0.5791	-1.0000
37	486	2	744.6444	4	11	0	-1	0	0.5791	-1.0000
37	487	2	746.1777	3	15	0	-1	0	0.5791	-1.0000
37	488	2	747.7109	15	1	0	-1	1	0.5772	0.2470
37	489	2	749.2442	2	9	0	-1	0	0.5772	-1.0000
37	490	2	750.7774	1	7	0	-1	0	0.5772	-1.0000
37	491	2	752.3107	3	15	0	-1	0	0.5772	-1.0000
37	492	2	753.8439	1	7	0	-1	1	0.5753	0.3220
37	493	2	755.3772	2	9	0	-1	0	0.5753	-1.0000
37	494	2	756.9104	1	7	0	-1	0	0.5753	-1.0000
37	495	2	758.4437	2	9	0	-1	0	0.5753	-1.0000
37	496	2	759.9769	1	7	0	-1	0	0.5753	-1.0000
37	497	2	761.5102	15	1	0	-1	0	0.5753	-1.0000
37	498	2	763.0434	14	5	0	-1	1	0.5733	1.4909
37	499	2	764.5766	13	12	0	-1	1	0.5748	0.0168
37	500	2	766.1099	12	2	0	-1	0	0.5748	-1.0000
37	501	2	767.6432	11	4	0	-1	0	0.5748	-1.0000
37	502	2	769.1765	10	8	0	-1	0	0.5748	-1.0000
37	503	2	770.7097	9	6	0	-1	0	0.5748	-1.0000
37	504	2	772.2430	8	14	0	-1	0	0.5748	-1.0000
37	505	2	773.7762	7	10	0	-1	0	0.5748	-1.0000
37	506	2	775.3095	6	3	0	-1	0	0.5748	-1.0000
37	507	2	776.8427	5	13	0	-1	0	0.5748	-1.0000
37	508	2	778.3759	4	11	0	-1	0	0.5748	-1.0000
37	509	2	779.9092	3	15	0	-1	0	0.5748	-1.0000
37	510	2	781.4425	2	9	0	-1	1	0.5728	0.6435
37	511	2	782.9757	1	7	0	-1	0	0.5728	-1.0000
37	512	2	784.5090	3	15	0	-1	0	0.5728	-1.0000
37	513	2	786.0422	15	1	0	-1	0	0.5728	-1.0000
37	514	2	787.5755	14	5	0	-1	0	0.5728	-1.0000
37	515	2	789.1087	2	9	0	-1	0	0.5728	-1.0000
37	516	2	790.6419	15	1	0	-1	0	0.5728	-1.0000
37	517	2	792.1753	2	9	0	-1	1	0.5710	1.0627
37	518	2	793.7085	15	1	0	-1	0	0.5710	-1.0000
37	519	2	795.2417	14	5	0	-1	0	0.5710	-1.0000
37	520	2	796.7750	1	7	0	-1	0	0.5710	-1.0000
37	521	2	798.3082	15	1	0	-1	0	0.5710	-1.0000
37	522	2	799.8415	1	7	0	-1	0	0.5710	-1.0000
37	523	2	801.3748	15	1	0	-1	0	0.5710	-1.0000
37	524	2	802.9080	2	9	0	-1	0	0.5710	-1.0000
37	525	2	804.4412	15	1	0	-1	1	0.5691	0.0169
37	526	2	805.9745	14	5	0	-1	0	0.5691	-1.0000
37	527	2	807.5078	13	12	0	-1	0	0.5691	-1.0000
37	528	2	809.0409	12	2	0	-1	0	0.5691	-1.0000
37	529	2	810.5742	11	4	0	-1	0	0.5691	-1.0000
37	530	2	812.1075	10	8	0	-1	1	0.5672	0.4108
37	531	2	813.6408	9	6	0	-1	0	0.5672	-1.0000
37	532	2	815.1740	8	14	0	-1	0	0.5672	-1.0000
37	533	2	816.7072	7	10	0	-1	0	0.5672	-1.0000
37	534	2	818.2406	6	3	0	-1	0	0.5672	-1.0000
37	535	2	819.7737	5	13	0	-1	0	0.5672	-1.0000
37	536	2	821.3071	4	11	0	-1	0	0.5672	-1.0000
37	537	2	822.8403	3	15	0	-1	0	0.5672	-1.0000
37	538	2	824.3736	2	9	0	-1	0	0.5672	-1.0000
37	539	2	825.9068	1	7	0	-1	1	0.5654	0.8353
37	540	2	827.4401	15	1	0	-1	0	0.5654	-1.0000
37	541	2	828.9733	14	5	0	-1	0	0.5654	-1.0000
37	542	2	830.5066	15	1	0	-1	0	0.5654	-1.0000
37	543	2	832.0397	14	5	0	-1	0	0.5654	-1.0000
37	544	2	833.5731	1	7	0	-1	1	0.5635	0.3528
37	545	2	835.1064	3	15	0	-1	0	0.5635	-1.0000
37	546	2	836.6396	2	9	0	-1	0	0.5635	-1.0000
37	547	2	838.1728	15	1	0	-1	0	0.5635	-1.0000
37	548	2	839.7061	2	9	0	-1	1	0.5617	1.4519
37	549	2	841.2394	1	7	0	-1	1	0.5599	0.0168
37	550	2	842.7726	15	1	0	-1	0	0.5599	-1.0000
37	551	2	844.3059	2	9	0	-1	0	0.5599	-1.0000
37	552	2	845.8390	3	15	0	-1	0	0.5599	-1.0000
37	553	2	847.3724	1	7	0	-1	0	0.5599	-1.0000
37	554	2	848.9056	15	1	0	-1	0	0.5599	-1.0000
37	555	2	850.4389	1	7	0	-1	1	0.5581	0.3184
37	556	2	851.9721	15	1	0	-1	0	0.5581	-1.0000
37	557	2	853.5053	14	5	0	-1	0	0.5581	-1.0000
37	558	2	855.0386	13	12	0	-1	0	0.5581	-1.0000
37	559	2	856.5719	12	2	0	-1	0	0.5581	-1.0000
37	560	2	858.1051	11	4	0	-1	0	0.5581	-1.0000
37	561	2	859.6384	10	8	0	-1	0	0.5581	-1.0000
37	562	2	861.1716	9	6	0	-1	0	0.5581	-1.0000
37	563	2	862.7049	8	14	0	-1	0	0.5581	-1.0000
37	564	2	864.2381	7	10	0	-1	1	0.5563	1.0000
37	565	2	865.7714	6	3	0	-1	0	0.5563	-1.0000
37	566	2	867.3046	5	13	0	-1	0	0.5563	-1.0000
37	567	2	868.8379	4	11	0	-1	0	0.5563	-1.0000
37	568	2	870.3711	3	15	0	-1	0	0.5563	-1.0000
37	569	2	871.9044	2	9	0	-1	0	0.5563	-1.0000
37	570	2	873.4377	1	7	0	-1	0	0.5563	-1.0000
37	571	2	874.9709	14	5	0	-1	0	0.5563	-1.0000
37	572	2	876.5042	2	9	0	-1	1	0.5545	0.4296
37	573	2	878.0374	1	7	0	-1	0	0.5545	-1.0000
37	574	2	879.5707	2	9	0	-1	0	0.5545	-1.0000
37	575	2	881.1039	3	15	0	-1	0	0.5545	-1.0000
37	576	2	882.6372	4	11	0	-1	0	0.5545	-1.0000
37	577	2	884.1705	6	3	0	-1	1	0.5527	0.0758
37	578	2	885.7037	4	11	0	-1	0	0.5527	-1.0000
37	579	2	887.2369	7	10	0	-1	0	0.5527	-1.0000
37	580	2	888.7702	4	11	0	-1	1	0.5510	0.4678
37	581	2	890.3034	3	15	0	-1	0	0.5510	-1.0000
37	582	2	891.8367	15	1	0	-1	0	0.5510	-1.0000
37	583	2	893.3700	2	9	0	-1	0	0.5510	-1.0000
37	584	2	894.9032	3	15	0	-1	0	0.5510	-1.0000
37	585	2	896.4365	4	11	0	-1	0	0.5510	-1.0000
37	586	2	897.9697	3	15	0	-1	0	0.5510	-1.0000
37	587	2	899.5030	2	9	0	-1	1	0.5492	0.7591
37	588	2	901.0362	1	7	0	-1	0	0.5492	-1.0000
37	589	2	902.5695	15	1	0	-1	0	0.5492	-1.0000
37	590	2	904.1027	14	5	0	-1	0	0.5492	-1.0000
37	591	2	905.6359	13	12	0	-1	0	0.5492	-1.0000
37	592	2	907.1692	12	2	0	-1	0	0.5492	-1.0000
37	593	2	908.7024	11	4	0	-1	0	0.5492	-1.0000
37	594	2	910.2357	10	8	0	-1	1	0.5475	0.2021
37	595	2	911.7690	9	6	0	-1	0	0.5475	-1.0000
37	596	2	913.3022	8	14	0	-1	0	0.5475	-1.0000
37	597	2	914.8355	7	10	0	-1	0	0.5475	-1.0000
37	598	2	916.3687	6	3	0	-1	0	0.5475	-1.0000
37	599	2	917.9020	5	13	0	-1	0	0.5475	-1.0000
37	600	2	919.4352	4	11	0	-1	1	0.5457	0.5066
Actual parsing ratio
0.5457
Possible node parses
83.0000
 Node parses selected
2.0843
Possible other parses
517.0000
Other parses selected
0.2785
Chance parsing ratio
0.1383
