*********************************************
* Date/Time: 27-Sep-2019 08:55:43
* Seed: 213480.1
* Subject Number: 008
10	15	5	14	2	11	12	9	8	4	1	7	3	13	6	
*********************************************

Shape exposure time (seconds)
90.1173
subject	trial	phase	onset	node	shape	rotate	acc	resp	total	rt
8	1	1	1.0166	14	13	90	0	1	0.0000	1.3739
8	2	1	2.7165	1	10	0	1	1	0.5000	1.4671
8	3	1	4.3164	15	6	0	-1	0	0.3333	-1.0000
8	4	1	6.4163	3	5	0	-1	0	0.2500	-1.0000
8	5	1	8.4662	15	6	0	0	1	0.2000	0.9003
8	6	1	10.0161	3	5	0	-1	0	0.1667	-1.0000
8	7	1	12.0827	4	14	0	1	1	0.2857	0.9170
8	8	1	13.6326	3	5	0	0	1	0.2500	1.0140
8	9	1	15.1825	4	14	90	1	1	0.3333	1.3361
8	10	1	16.7324	5	2	0	1	1	0.4000	1.0030
8	11	1	18.2824	7	12	0	1	1	0.4545	1.0373
8	12	1	19.8323	4	14	0	0	1	0.4167	1.2474
8	13	1	21.6654	5	2	0	-1	0	0.3846	-1.0000
8	14	1	23.6987	8	9	0	-1	0	0.3571	-1.0000
8	15	1	25.7987	7	12	90	-1	0	0.3333	-1.0000
8	16	1	27.8652	6	11	0	-1	0	0.3125	-1.0000
8	17	1	29.9151	5	2	0	1	1	0.3529	1.1968
8	18	1	31.4650	7	12	0	1	1	0.3889	1.0695
8	19	1	33.0149	8	9	90	1	1	0.4211	0.7527
8	20	1	34.5649	5	2	0	0	1	0.4000	1.0113
8	21	1	36.1481	4	14	90	1	1	0.4286	1.0915
8	22	1	37.6980	5	2	0	1	1	0.4545	0.9343
8	23	1	39.2480	6	11	0	0	1	0.4348	0.9829
8	24	1	40.7979	7	12	0	0	1	0.4167	1.1446
8	25	1	42.4645	4	14	90	0	1	0.4000	1.0780
8	26	1	44.1477	7	12	0	1	1	0.4231	1.1879
8	27	1	45.6976	6	11	0	-1	0	0.4074	-1.0000
8	28	1	47.7474	4	14	0	1	1	0.4286	0.8841
8	29	1	49.2974	5	2	0	1	1	0.4483	0.8690
8	30	1	50.8474	8	9	0	0	1	0.4333	0.9521
8	31	1	52.3973	9	8	0	1	1	0.4516	1.2252
8	32	1	53.9472	11	1	90	0	1	0.4375	1.2925
8	33	1	55.7471	10	4	0	0	1	0.4242	1.2674
8	34	1	57.6137	12	7	90	-1	0	0.4118	-1.0000
8	35	1	59.6302	10	4	0	1	1	0.4286	1.3693
8	36	1	61.1802	13	3	0	-1	0	0.4167	-1.0000
8	37	1	63.2634	14	13	0	0	1	0.4054	0.9682
8	38	1	64.8133	13	3	0	1	1	0.4211	1.3373
8	39	1	66.3632	10	4	0	1	1	0.4359	0.7966
8	40	1	67.9131	13	3	0	1	1	0.4500	1.0546
8	41	1	69.4631	14	13	0	0	1	0.4390	1.2325
8	42	1	71.2630	13	3	0	0	1	0.4286	1.1115
8	43	1	72.9294	11	1	0	-1	0	0.4186	-1.0000
8	44	1	74.9628	10	4	0	-1	0	0.4091	-1.0000
8	45	1	76.9959	12	7	0	1	1	0.4222	0.9466
8	46	1	78.5459	11	1	0	0	1	0.4130	0.7735
8	47	1	80.0959	13	3	90	1	1	0.4255	1.2080
8	48	1	81.6458	11	1	0	1	1	0.4375	1.0339
8	49	1	83.1957	13	3	90	1	1	0.4490	0.8107
8	50	1	84.7456	12	7	90	0	1	0.4400	0.8451
8	51	1	86.2955	9	8	0	0	1	0.4314	1.4080
8	52	1	88.2621	10	4	0	1	1	0.4423	1.2006
8	53	1	89.8120	9	8	0	1	1	0.4528	1.2681
8	54	1	91.3619	8	9	0	1	1	0.4630	1.0767
8	55	1	92.9119	5	2	0	1	1	0.4727	1.4467
8	56	1	94.4617	8	9	90	1	1	0.4821	0.9538
8	57	1	96.0117	6	11	0	1	1	0.4912	0.9726
8	58	1	97.5615	8	9	0	0	1	0.4828	1.2942
8	59	1	99.4115	7	12	90	0	1	0.4746	0.8841
8	60	1	100.9614	6	11	0	0	1	0.4667	1.0781
8	61	1	102.5613	7	12	0	-1	0	0.4590	-1.0000
8	62	1	104.5946	6	11	0	-1	0	0.4516	-1.0000
8	63	1	106.6277	7	12	0	0	1	0.4444	1.0761
8	64	1	108.2276	6	11	0	-1	0	0.4375	-1.0000
8	65	1	110.2609	8	9	0	0	1	0.4308	0.9296
8	66	1	111.8109	9	8	0	-1	0	0.4242	-1.0000
8	67	1	113.8775	12	7	0	1	1	0.4328	0.8012
8	68	1	115.4274	11	1	90	0	1	0.4265	0.9962
8	69	1	116.9773	13	3	0	1	1	0.4348	0.9506
8	70	1	118.5272	10	4	0	0	1	0.4286	1.0007
8	71	1	120.1104	11	1	0	1	1	0.4366	1.0811
8	72	1	121.6603	9	8	0	1	1	0.4444	0.8592
8	73	1	123.2103	12	7	0	1	1	0.4521	0.6207
8	74	1	124.7602	11	1	0	1	1	0.4595	0.4475
8	75	1	126.3101	12	7	90	0	1	0.4533	0.4341
8	76	1	127.8600	10	4	0	0	1	0.4474	0.5157
8	77	1	129.4100	13	3	0	1	1	0.4545	0.6937
8	78	1	130.9599	12	7	0	0	1	0.4487	0.9838
8	79	1	132.5098	11	1	0	1	1	0.4557	1.1287
8	80	1	134.0597	9	8	0	-1	0	0.4500	-1.0000
8	81	1	136.0762	11	1	0	1	1	0.4568	0.0743
8	82	1	137.6595	9	8	0	1	1	0.4634	0.8763
8	83	1	139.2095	12	7	0	1	1	0.4699	0.7823
8	84	1	140.7593	10	4	0	1	1	0.4762	1.1352
8	85	1	142.3093	11	1	0	0	1	0.4706	1.0104
8	86	1	143.8926	10	4	0	1	1	0.4767	0.8835
8	87	1	145.4425	13	3	0	0	1	0.4713	1.0283
8	88	1	147.0424	14	13	0	1	1	0.4773	0.6134
8	89	1	148.5923	13	3	0	1	1	0.4831	0.5191
8	90	1	150.1422	11	1	90	0	1	0.4778	0.3454
8	91	1	151.6922	9	8	0	0	1	0.4725	0.5384
8	92	1	153.2421	8	9	0	0	1	0.4674	0.8776
8	93	1	154.7920	6	11	90	0	1	0.4624	0.8478
8	94	1	156.3419	5	2	0	1	1	0.4681	1.4576
8	95	1	157.8918	6	11	0	1	1	0.4737	1.1068
8	96	1	159.4417	5	2	0	1	1	0.4792	0.6459
8	97	1	160.9917	4	14	0	0	1	0.4742	0.9201
8	98	1	162.5416	3	5	0	1	1	0.4796	0.8259
8	99	1	164.0915	1	10	0	1	1	0.4848	0.7481
8	100	1	165.6414	2	15	0	1	1	0.4900	0.7344
8	101	1	167.1913	15	6	0	0	1	0.4851	1.4397
8	102	1	169.1579	14	13	0	1	1	0.4902	0.8327
8	103	1	170.7078	13	3	0	0	1	0.4854	0.9158
8	104	1	172.2578	14	13	0	1	1	0.4904	0.6779
8	105	1	173.8077	13	3	0	1	1	0.4952	0.6800
8	106	1	175.3576	12	7	0	1	1	0.5000	1.3215
8	107	1	176.9075	9	8	0	1	1	0.5047	0.8430
8	108	1	178.4574	8	9	0	1	1	0.5093	1.1173
8	109	1	180.0074	9	8	0	1	1	0.5138	0.7846
8	110	1	181.5572	12	7	0	1	1	0.5182	0.6905
8	111	1	183.1072	11	1	0	1	1	0.5225	0.5473
8	112	1	184.6571	13	3	90	0	1	0.5179	0.6935
8	113	1	186.2070	11	1	0	0	1	0.5133	0.6800
8	114	1	187.7570	12	7	0	1	1	0.5175	1.3057
8	115	1	189.3068	10	4	0	0	1	0.5130	1.4357
8	116	1	191.2568	12	7	0	1	1	0.5172	0.7511
8	117	1	192.8067	11	1	0	0	1	0.5128	1.3769
8	118	1	194.6899	10	4	0	1	1	0.5169	0.5167
8	119	1	196.2399	9	8	0	1	1	0.5210	0.5346
8	120	1	197.7898	8	9	0	1	1	0.5250	1.1459
8	121	1	199.3397	5	2	0	1	1	0.5289	1.1148
8	122	1	200.8896	8	9	0	1	1	0.5328	0.9099
8	123	1	202.4395	5	2	0	1	1	0.5366	0.9122
8	124	1	203.9895	6	11	0	1	1	0.5403	0.7212
8	125	1	205.5394	8	9	90	0	1	0.5360	0.7563
8	126	1	207.0892	9	8	0	1	1	0.5397	0.9826
8	127	1	208.6392	8	9	0	1	1	0.5433	0.7766
8	128	1	210.1891	9	8	0	1	1	0.5469	0.9226
8	129	1	211.7390	8	9	0	1	1	0.5504	1.0516
8	130	1	213.2889	5	2	0	1	1	0.5538	1.2626
8	131	1	214.8389	8	9	0	1	1	0.5573	0.7517
8	132	1	216.3888	7	12	0	1	1	0.5606	1.0266
8	133	1	217.9387	5	2	0	1	1	0.5639	0.8359
8	134	1	219.4886	6	11	90	0	1	0.5597	0.7425
8	135	1	221.0386	7	12	90	1	1	0.5630	1.1611
8	136	1	222.5885	5	2	90	0	1	0.5588	1.2592
8	137	1	224.4217	6	11	90	0	1	0.5547	1.1377
8	138	1	226.0883	7	12	0	0	1	0.5507	0.8943
8	139	1	227.6382	4	14	0	1	1	0.5540	0.9773
8	140	1	229.1881	6	11	0	1	1	0.5571	1.0116
8	141	1	230.7381	5	2	0	1	1	0.5603	1.0605
8	142	1	232.2880	6	11	0	0	1	0.5563	0.8705
8	143	1	233.8379	5	2	90	0	1	0.5524	0.7776
8	144	1	235.3878	4	14	0	1	1	0.5556	1.0997
8	145	1	236.9378	7	12	90	-1	0	0.5517	-1.0000
8	146	1	239.0542	8	9	0	1	1	0.5548	1.4174
8	147	1	240.6042	9	8	0	1	1	0.5578	0.6997
8	148	1	242.1542	8	9	0	1	1	0.5608	0.6857
8	149	1	243.7041	6	11	0	1	1	0.5638	0.5276
8	150	1	245.2540	4	14	0	1	1	0.5667	0.4646
8	151	1	246.8039	5	2	0	1	1	0.5695	0.4840
8	152	1	248.3538	6	11	0	1	1	0.5724	0.5966
8	153	1	249.9038	4	14	0	1	1	0.5752	0.4558
8	154	1	251.4537	6	11	90	0	1	0.5714	0.3621
8	155	1	253.0035	8	9	0	1	1	0.5742	0.8590
8	156	1	254.5535	5	2	0	0	1	0.5705	1.2300
8	157	1	256.3701	8	9	0	1	1	0.5732	0.7084
8	158	1	257.9199	6	11	0	1	1	0.5759	0.9999
8	159	1	259.4699	8	9	90	1	1	0.5786	0.8569
8	160	1	261.0199	6	11	0	1	1	0.5813	0.9547
8	161	1	262.5697	4	14	0	1	1	0.5839	0.7980
8	162	1	264.1197	6	11	0	1	1	0.5864	0.7041
8	163	1	265.6696	5	2	0	1	1	0.5890	0.6261
8	164	1	267.2195	4	14	0	1	1	0.5915	0.5800
8	165	1	268.7694	6	11	0	1	1	0.5939	0.5027
8	166	1	270.3194	5	2	90	0	1	0.5904	0.6313
8	167	1	271.8693	8	9	90	1	1	0.5928	0.8094
8	168	1	273.4192	6	11	0	1	1	0.5952	0.8927
8	169	1	274.9691	8	9	0	0	1	0.5917	0.9105
8	170	1	276.5191	7	12	0	0	1	0.5882	1.0086
8	171	1	278.1023	4	14	0	1	1	0.5906	0.8802
8	172	1	279.6522	5	2	0	0	1	0.5872	1.1862
8	173	1	281.3521	8	9	0	1	1	0.5896	1.1355
8	174	1	282.9021	6	11	0	1	1	0.5920	1.0254
8	175	1	284.4520	8	9	0	1	1	0.5943	0.7236
8	176	1	286.0019	7	12	90	-1	0	0.5909	-1.0000
8	177	1	288.0351	8	9	0	1	1	0.5932	1.3004
8	178	1	289.5850	9	8	0	1	1	0.5955	0.6947
8	179	1	291.1349	12	7	0	0	1	0.5922	0.9516
8	180	1	292.6849	10	4	0	1	1	0.5944	0.9705
8	181	1	294.2348	9	8	0	1	1	0.5967	0.6690
8	182	1	295.7847	8	9	0	1	1	0.5989	0.6712
8	183	1	297.3346	5	2	90	0	1	0.5956	0.7532
8	184	1	298.8846	7	12	0	1	1	0.5978	0.9301
8	185	1	300.4344	5	2	0	0	1	0.5946	0.9014
8	186	1	301.9844	4	14	0	1	1	0.5968	0.9194
8	187	1	303.5343	5	2	90	0	1	0.5936	0.7939
8	188	1	305.0843	4	14	90	0	1	0.5904	0.7633
8	189	1	306.6342	5	2	0	1	1	0.5926	1.1655
8	190	1	308.1841	6	11	0	-1	0	0.5895	-1.0000
8	191	1	310.2173	7	12	0	1	1	0.5916	1.2465
8	192	1	311.7672	5	2	0	0	1	0.5885	1.1046
8	193	1	313.4005	8	9	90	1	1	0.5907	0.9277
8	194	1	314.9504	6	11	0	0	1	0.5876	0.9774
8	195	1	316.5003	8	9	0	1	1	0.5897	0.6904
8	196	1	318.0503	5	2	0	1	1	0.5918	0.8695
8	197	1	319.6001	6	11	0	1	1	0.5939	0.7593
8	198	1	321.1501	5	2	0	1	1	0.5960	0.9215
8	199	1	322.7000	6	11	0	0	1	0.5930	0.9882
8	200	1	324.2666	4	14	0	1	1	0.5950	0.5559
8	201	1	325.8165	5	2	90	1	1	0.5970	1.1192
8	202	1	327.3664	7	12	0	1	1	0.5990	1.2973
8	203	1	328.9164	6	11	90	1	1	0.6010	1.0435
8	204	1	330.4662	4	14	0	1	1	0.6029	1.3163
8	205	1	332.0162	5	2	0	1	1	0.6049	1.1274
8	206	1	333.5660	8	9	90	1	1	0.6068	0.9859
8	207	1	335.1160	5	2	0	1	1	0.6087	0.8274
8	208	1	336.6659	7	12	0	0	1	0.6058	0.9726
8	209	1	338.2159	5	2	0	1	1	0.6077	0.7519
8	210	1	339.7658	6	11	0	1	1	0.6095	0.7858
8	211	1	341.3157	5	2	0	1	1	0.6114	1.0120
8	212	1	342.8656	6	11	90	1	1	0.6132	0.8529
8	213	1	344.4155	4	14	0	1	1	0.6150	0.8242
8	214	1	345.9655	6	11	0	1	1	0.6168	0.9542
8	215	1	347.5153	8	9	90	1	1	0.6186	1.1004
8	216	1	349.0653	5	2	0	1	1	0.6204	0.8141
8	217	1	350.6152	7	12	0	1	1	0.6221	0.9443
8	218	1	352.1651	4	14	0	0	1	0.6193	1.2667
8	219	1	353.9817	7	12	0	1	1	0.6210	0.6329
8	220	1	355.5316	8	9	0	1	1	0.6227	0.9877
8	221	1	357.0816	5	2	0	1	1	0.6244	0.7811
8	222	1	358.6315	4	14	0	1	1	0.6261	0.9761
8	223	1	360.1813	3	5	0	1	1	0.6278	0.8827
8	224	1	361.7312	15	6	0	1	1	0.6295	0.7712
8	225	1	363.2812	14	13	0	1	1	0.6311	0.7104
8	226	1	364.8312	2	15	90	0	1	0.6283	0.7754
8	227	1	366.3811	1	10	0	1	1	0.6300	0.6027
8	228	1	367.9310	2	15	0	0	1	0.6272	0.8132
8	229	1	369.4809	3	5	0	1	1	0.6288	0.5427
8	230	1	371.0308	15	6	0	1	1	0.6304	0.6076
8	231	1	372.5808	14	13	0	1	1	0.6320	0.7377
8	232	1	374.1307	13	3	0	1	1	0.6336	0.7079
8	233	1	375.6805	12	7	0	1	1	0.6352	1.0633
8	234	1	377.2305	10	4	90	0	1	0.6325	0.8411
8	235	1	378.7804	13	3	0	1	1	0.6340	0.7634
8	236	1	380.3303	10	4	0	1	1	0.6356	0.9724
8	237	1	381.8803	12	7	90	0	1	0.6329	0.9756
8	238	1	383.4302	9	8	0	1	1	0.6345	0.6894
8	239	1	384.9801	12	7	0	1	1	0.6360	0.8506
8	240	1	386.5300	11	1	90	0	1	0.6333	0.8378
8	241	1	388.0800	9	8	90	0	1	0.6307	0.7597
8	242	1	389.6298	12	7	0	1	1	0.6322	0.9539
8	243	1	391.1798	13	3	0	1	1	0.6337	0.8268
8	244	1	392.7297	14	13	0	1	1	0.6352	1.2620
8	245	1	394.2796	1	10	0	1	1	0.6367	1.3762
8	246	1	395.8295	14	13	0	1	1	0.6382	0.8811
8	247	1	397.3795	15	6	0	1	1	0.6397	0.5963
8	248	1	398.9293	2	15	90	0	1	0.6371	0.7572
8	249	1	400.4793	3	5	0	1	1	0.6386	0.9204
8	250	1	402.0292	4	14	0	0	1	0.6360	1.1293
8	251	1	403.6792	7	12	0	1	1	0.6375	0.9846
8	252	1	405.2291	5	2	90	0	1	0.6349	0.8425
8	253	1	406.7790	8	9	0	1	1	0.6364	1.0688
8	254	1	408.3288	7	12	0	1	1	0.6378	0.8949
8	255	1	409.8788	8	9	0	1	1	0.6392	1.2971
8	256	1	411.4287	7	12	90	1	1	0.6406	1.2499
8	257	1	412.9787	6	11	0	1	1	0.6420	1.0291
8	258	1	414.5285	4	14	90	1	1	0.6434	1.2870
8	259	1	416.0785	7	12	90	0	1	0.6409	0.9201
8	260	1	417.6284	8	9	90	1	1	0.6423	0.9872
8	261	1	419.1784	7	12	0	1	1	0.6437	0.8602
8	262	1	420.7282	5	2	0	1	1	0.6450	0.8784
8	263	1	422.2782	6	11	90	0	1	0.6426	1.1215
8	264	1	423.9281	7	12	90	1	1	0.6439	1.2465
8	265	1	425.4780	6	11	0	0	1	0.6415	0.9936
8	266	1	427.0279	8	9	0	1	1	0.6429	0.9797
8	267	1	428.5778	7	12	0	1	1	0.6442	1.1260
8	268	1	430.1278	5	2	0	1	1	0.6455	0.8239
8	269	1	431.6777	7	12	0	1	1	0.6468	0.9857
8	270	1	433.2276	6	11	0	1	1	0.6481	1.0030
8	271	1	434.7775	8	9	0	1	1	0.6494	1.0370
8	272	1	436.3274	6	11	90	0	1	0.6471	0.8324
8	273	1	437.8774	4	14	90	0	1	0.6447	1.0581
8	274	1	439.5273	6	11	0	0	1	0.6423	0.9765
8	275	1	441.0772	5	2	0	1	1	0.6436	0.8974
8	276	1	442.6270	8	9	0	1	1	0.6449	0.9168
8	277	1	444.1771	5	2	0	1	1	0.6462	0.7749
8	278	1	445.7270	7	12	90	0	1	0.6439	0.5356
8	279	1	447.2769	6	11	0	1	1	0.6452	0.9387
8	280	1	448.8268	5	2	0	-1	0	0.6429	-1.0000
8	281	1	450.8434	6	11	0	1	1	0.6441	0.7473
8	282	1	452.3933	5	2	0	1	1	0.6454	0.7654
8	283	1	453.9432	4	14	0	1	1	0.6466	0.7835
8	284	1	455.4931	3	5	0	0	1	0.6444	1.2510
8	285	1	457.2764	1	10	0	0	1	0.6421	1.0511
8	286	1	458.8429	3	5	90	0	1	0.6399	0.5087
8	287	1	460.3929	1	10	90	0	1	0.6376	0.6066
8	288	1	461.9428	3	5	0	1	1	0.6389	0.8478
8	289	1	463.4926	15	6	0	1	1	0.6401	0.6752
8	290	1	465.0425	14	13	90	0	1	0.6379	0.7399
8	291	1	466.5926	1	10	90	0	1	0.6357	1.4632
8	292	1	468.5925	3	5	90	0	1	0.6336	0.8394
8	293	1	470.1424	2	15	90	0	1	0.6314	1.0163
8	294	1	471.6923	14	13	0	1	1	0.6327	0.7954
8	295	1	473.2422	15	6	90	0	1	0.6305	0.5894
8	296	1	474.7921	1	10	0	1	1	0.6318	0.6544
8	297	1	476.3421	14	13	90	0	1	0.6296	0.5777
8	298	1	477.8920	1	10	0	0	1	0.6275	0.5466
8	299	1	479.4419	2	15	0	1	1	0.6288	0.7577
8	300	1	480.9918	1	10	0	1	1	0.6300	0.6638
8	301	1	482.5417	2	15	0	1	1	0.6312	0.5540
8	302	1	484.0916	1	10	0	1	1	0.6325	0.4128
8	303	1	485.6415	14	13	0	1	1	0.6337	1.0850
8	304	1	487.1915	1	10	90	0	1	0.6316	0.7042
8	305	1	488.7414	2	15	0	1	1	0.6328	0.8182
8	306	1	490.2913	15	6	90	0	1	0.6307	0.6605
8	307	1	491.8413	1	10	0	1	1	0.6319	0.6785
8	308	1	493.3912	2	15	0	0	1	0.6299	1.0795
8	309	1	494.9743	1	10	0	1	1	0.6311	0.4895
8	310	1	496.5243	15	6	0	1	1	0.6323	0.6515
8	311	1	498.0743	3	5	0	1	1	0.6334	0.7808
8	312	1	499.6242	15	6	0	1	1	0.6346	1.0225
8	313	1	501.1740	1	10	0	1	1	0.6358	0.5614
8	314	1	502.7240	3	5	0	1	1	0.6369	0.6597
8	315	1	504.2739	1	10	90	1	1	0.6381	1.1579
8	316	1	505.8239	3	5	90	0	1	0.6361	1.0959
8	317	1	507.4237	1	10	0	-1	0	0.6341	-1.0000
8	318	1	509.4737	15	6	0	1	1	0.6352	0.8221
8	319	1	511.0236	2	15	0	1	1	0.6364	1.2071
8	320	1	512.5735	14	13	90	1	1	0.6375	1.3863
8	321	1	514.1234	1	10	0	1	1	0.6386	1.4044
8	322	1	515.6733	14	13	0	1	1	0.6398	1.0533
8	323	1	517.2232	13	3	0	0	1	0.6378	1.0404
8	324	1	518.8565	14	13	0	1	1	0.6389	0.7342
8	325	1	520.4064	13	3	0	1	1	0.6400	0.8013
8	326	1	521.9564	12	7	90	1	1	0.6411	1.2822
8	327	1	523.5062	13	3	0	1	1	0.6422	0.7897
8	328	1	525.0561	14	13	0	0	1	0.6402	0.8716
8	329	1	526.6060	1	10	0	1	1	0.6413	0.6167
8	330	1	528.1559	14	13	90	0	1	0.6394	0.7627
8	331	1	529.7059	2	15	90	1	1	0.6405	1.0848
8	332	1	531.2558	3	5	0	0	1	0.6386	1.3107
8	333	1	533.1557	2	15	0	1	1	0.6396	1.2357
8	334	1	534.7056	15	6	0	1	1	0.6407	0.7901
8	335	1	536.2556	3	5	0	1	1	0.6418	0.6327
8	336	1	537.8055	4	14	0	1	1	0.6429	1.0011
8	337	1	539.3554	7	12	0	1	1	0.6439	0.8443
8	338	1	540.9054	6	11	0	1	1	0.6450	0.8465
8	339	1	542.4553	8	9	0	1	1	0.6460	0.8481
8	340	1	544.0052	7	12	90	1	1	0.6471	0.8506
8	341	1	545.5551	8	9	0	1	1	0.6481	0.8531
8	342	1	547.1051	5	2	90	0	1	0.6462	0.9815
8	343	1	548.6550	7	12	0	1	1	0.6472	1.2250
8	344	1	550.2049	6	11	0	0	1	0.6453	1.4978
8	345	1	552.2881	8	9	0	1	1	0.6464	0.6158
8	346	1	553.8380	7	12	0	1	1	0.6474	0.9377
8	347	1	555.3880	5	2	0	0	1	0.6455	1.4507
8	348	1	557.3879	8	9	0	1	1	0.6466	0.6048
8	349	1	558.9378	7	12	90	0	1	0.6447	0.7488
8	350	1	560.4877	4	14	0	0	1	0.6429	1.0549
8	351	1	562.1376	5	2	0	1	1	0.6439	0.5738
8	352	1	563.6875	8	9	0	1	1	0.6449	0.7203
8	353	1	565.2374	9	8	0	1	1	0.6459	0.5942
8	354	1	566.7873	8	9	0	1	1	0.6469	0.6273
8	355	1	568.3373	9	8	0	1	1	0.6479	0.3907
8	356	1	569.8872	11	1	0	1	1	0.6489	0.3605
8	357	1	571.4371	9	8	0	1	1	0.6499	0.6024
8	358	1	572.9870	10	4	90	0	1	0.6480	0.4435
8	359	1	574.5370	11	1	0	1	1	0.6490	0.8138
8	360	1	576.0869	13	3	0	0	1	0.6472	0.8646
8	361	1	577.6368	10	4	0	1	1	0.6482	0.6590
8	362	1	579.1866	9	8	0	1	1	0.6492	0.5971
8	363	1	580.7366	12	7	0	1	1	0.6501	0.6793
8	364	1	582.2866	9	8	0	1	1	0.6511	0.5200
8	365	1	583.8364	8	9	90	0	1	0.6493	0.8262
8	366	1	585.3864	9	8	0	1	1	0.6503	0.5895
8	367	1	586.9363	12	7	0	1	1	0.6512	1.0224
8	368	1	588.4862	9	8	0	1	1	0.6522	0.8655
8	369	1	590.0362	12	7	0	1	1	0.6531	0.9155
8	370	1	591.5861	10	4	0	1	1	0.6541	0.9164
8	371	1	593.1360	13	3	90	1	1	0.6550	0.9518
8	372	1	594.6859	11	1	0	1	1	0.6559	1.1299
8	373	1	596.2358	10	4	0	1	1	0.6568	1.2588
8	374	1	597.7857	13	3	90	1	1	0.6578	0.9262
8	375	1	599.3356	10	4	90	0	1	0.6560	0.8310
8	376	1	600.8856	13	3	0	1	1	0.6569	1.1222
8	377	1	602.4355	11	1	0	0	1	0.6552	1.1404
8	378	1	604.1188	13	3	0	1	1	0.6561	0.6878
8	379	1	605.6687	14	13	0	1	1	0.6570	0.8359
8	380	1	607.2186	13	3	90	1	1	0.6579	0.9173
8	381	1	608.7685	14	13	0	1	1	0.6588	0.9356
8	382	1	610.3184	13	3	0	0	1	0.6571	1.0815
8	383	1	611.9184	14	13	0	1	1	0.6580	0.7297
8	384	1	613.4683	15	6	0	1	1	0.6589	0.6673
8	385	1	615.0182	1	10	90	-1	0	0.6571	-1.0000
8	386	1	617.1014	15	6	0	1	1	0.6580	0.8413
8	387	1	618.6513	2	15	0	1	1	0.6589	0.7965
8	388	1	620.2012	3	5	0	0	1	0.6572	1.0694
8	389	1	621.8511	1	10	90	1	1	0.6581	1.0995
8	390	1	623.4011	3	5	0	1	1	0.6590	0.9109
8	391	1	624.9510	2	15	90	0	1	0.6573	0.9449
8	392	1	626.5010	1	10	90	-1	0	0.6556	-1.0000
8	393	1	628.5175	15	6	0	1	1	0.6565	0.6267
8	394	1	630.0674	1	10	90	0	1	0.6548	0.6604
8	395	1	631.6173	14	13	0	1	1	0.6557	0.7582
8	396	1	633.1672	13	3	90	0	1	0.6540	0.6485
8	397	1	634.7172	11	1	0	1	1	0.6549	0.5227
8	398	1	636.2671	10	4	90	0	1	0.6533	0.7315
8	399	1	637.8169	9	8	0	1	1	0.6541	0.8456
8	400	1	639.3669	10	4	90	1	1	0.6550	0.7050
8	401	1	640.9169	9	8	90	0	1	0.6534	0.5947
8	402	1	642.4668	10	4	0	1	1	0.6542	0.9798
8	403	1	644.0167	11	1	0	0	1	0.6526	0.9196
8	404	1	645.5666	10	4	0	1	1	0.6535	0.9201
8	405	1	647.1165	11	1	0	1	1	0.6543	0.7157
8	406	1	648.6664	9	8	0	1	1	0.6552	0.6689
8	407	1	650.2164	8	9	0	1	1	0.6560	0.8793
8	408	1	651.7662	6	11	90	0	1	0.6544	0.7860
8	409	1	653.3162	8	9	0	1	1	0.6553	0.7865
8	410	1	654.8661	7	12	0	1	1	0.6561	0.8857
8	411	1	656.4160	6	11	0	0	1	0.6545	0.7758
8	412	1	657.9660	8	9	90	1	1	0.6553	0.8418
8	413	1	659.5159	5	2	0	1	1	0.6562	0.7466
8	414	1	661.0658	4	14	0	0	1	0.6546	1.2928
8	415	1	662.8991	5	2	0	1	1	0.6554	0.6772
8	416	1	664.4490	8	9	0	1	1	0.6563	0.7108
8	417	1	665.9989	9	8	0	1	1	0.6571	0.6171
8	418	1	667.5488	8	9	0	1	1	0.6579	0.6030
8	419	1	669.0987	7	12	0	1	1	0.6587	0.7011
8	420	1	670.6486	6	11	0	1	1	0.6595	0.5752
8	421	1	672.1986	8	9	0	1	1	0.6603	0.6562
8	422	1	673.7485	9	8	0	1	1	0.6611	0.5786
8	423	1	675.2984	12	7	90	0	1	0.6596	0.7575
8	424	1	676.8483	11	1	0	1	1	0.6604	0.7903
8	425	1	678.3982	12	7	90	1	1	0.6612	0.8085
8	426	1	679.9482	9	8	0	1	1	0.6620	0.5562
8	427	1	681.4981	8	9	0	1	1	0.6628	0.9085
8	428	1	683.0480	6	11	90	1	1	0.6636	0.9266
8	429	1	684.5979	8	9	90	1	1	0.6643	0.7846
8	430	1	686.1479	5	2	0	1	1	0.6651	0.7398
8	431	1	687.6977	6	11	0	1	1	0.6659	0.9823
8	432	1	689.2477	8	9	0	1	1	0.6667	0.8874
8	433	1	690.7976	9	8	0	1	1	0.6674	0.6970
8	434	1	692.3475	11	1	0	1	1	0.6682	0.8591
8	435	1	693.8975	12	7	0	0	1	0.6667	1.1012
8	436	1	695.5139	13	3	90	0	1	0.6651	1.0537
8	437	1	697.0806	12	7	0	1	1	0.6659	1.1192
8	438	1	698.6305	10	4	0	1	1	0.6667	0.8962
8	439	1	700.1805	11	1	0	1	1	0.6674	0.7382
8	440	1	701.7304	12	7	0	1	1	0.6682	0.7415
8	441	1	703.2802	13	3	0	1	1	0.6689	0.7905
8	442	1	704.8302	14	13	0	1	1	0.6697	0.6337
8	443	1	706.3801	1	10	0	1	1	0.6704	0.6031
8	444	1	707.9301	15	6	0	1	1	0.6712	0.6056
8	445	1	709.4799	1	10	0	1	1	0.6719	0.8000
8	446	1	711.0299	3	5	0	0	1	0.6704	0.8341
8	447	1	712.5798	1	10	90	0	1	0.6689	0.6588
8	448	1	714.1297	15	6	0	1	1	0.6696	0.9022
8	449	1	715.6796	2	15	90	0	1	0.6682	0.8082
8	450	1	717.2296	1	10	0	1	1	0.6689	0.9223
8	451	1	718.7795	2	15	0	1	1	0.6696	1.2448
8	452	1	720.3294	1	10	90	1	1	0.6704	1.1339
8	453	1	721.8793	15	6	0	1	1	0.6711	0.7673
8	454	1	723.4292	14	13	0	1	1	0.6718	0.9295
8	455	1	724.9792	15	6	0	1	1	0.6725	0.8195
8	456	1	726.5291	3	5	0	0	1	0.6711	1.1108
8	457	1	728.1956	15	6	90	0	1	0.6696	0.6595
8	458	1	729.7456	2	15	0	1	1	0.6703	1.2704
8	459	1	731.2955	15	6	0	1	1	0.6710	0.7593
8	460	1	732.8454	3	5	0	1	1	0.6717	0.7951
8	461	1	734.3953	4	14	0	1	1	0.6725	0.8604
8	462	1	735.9453	7	12	0	1	1	0.6732	0.8786
8	463	1	737.4952	8	9	0	1	1	0.6739	0.8336
8	464	1	739.0450	6	11	90	0	1	0.6724	0.8029
8	465	1	740.5950	4	14	90	1	1	0.6731	1.0608
8	466	1	742.1449	7	12	0	1	1	0.6738	0.7748
8	467	1	743.6949	4	14	90	1	1	0.6745	0.9850
8	468	1	745.2448	7	12	0	1	1	0.6752	0.6670
8	469	1	746.7947	6	11	0	1	1	0.6759	0.9240
8	470	1	748.3446	8	9	0	1	1	0.6766	0.8300
8	471	1	749.8945	5	2	0	1	1	0.6773	0.7532
8	472	1	751.4444	6	11	0	1	1	0.6780	0.6115
8	473	1	752.9944	4	14	0	1	1	0.6786	0.6935
8	474	1	754.5443	7	12	90	0	1	0.6772	0.6316
8	475	1	756.0942	4	14	0	1	1	0.6779	0.9214
8	476	1	757.6441	6	11	0	1	1	0.6786	0.8759
8	477	1	759.1941	5	2	0	1	1	0.6792	0.8456
8	478	1	760.7439	6	11	0	1	1	0.6799	0.8000
8	479	1	762.2939	8	9	90	1	1	0.6806	0.8342
8	480	1	763.8438	6	11	0	1	1	0.6813	0.8042
8	481	1	765.3937	8	9	90	1	1	0.6819	0.6780
8	482	1	766.9436	6	11	0	1	1	0.6826	0.7120
8	483	1	768.4936	5	2	0	1	1	0.6832	0.7460
8	484	1	770.0435	7	12	0	1	1	0.6839	0.8281
8	485	1	771.5934	6	11	90	0	1	0.6825	0.6386
8	486	1	773.1433	7	12	0	1	1	0.6831	0.8314
8	487	1	774.6932	5	2	0	1	1	0.6838	0.7385
8	488	1	776.2432	8	9	0	1	1	0.6844	0.8833
8	489	1	777.7930	9	8	90	1	1	0.6851	1.3018
8	490	1	779.3430	12	7	0	0	1	0.6837	1.3686
8	491	1	781.2263	10	4	0	1	1	0.6843	0.7483
8	492	1	782.7762	12	7	90	0	1	0.6829	0.8636
8	493	1	784.3261	10	4	0	1	1	0.6836	1.3298
8	494	1	785.8760	13	3	90	0	1	0.6822	1.1707
8	495	1	787.6426	11	1	0	1	1	0.6828	0.9255
8	496	1	789.1925	12	7	0	0	1	0.6815	1.3421
8	497	1	791.0757	13	3	0	1	1	0.6821	0.5961
8	498	1	792.6256	11	1	0	1	1	0.6827	0.7251
8	499	1	794.1756	9	8	0	1	1	0.6834	0.8402
8	500	1	795.7254	10	4	0	1	1	0.6840	0.7944
8	501	1	797.2754	11	1	0	1	1	0.6846	0.6364
8	502	1	798.8254	13	3	0	1	1	0.6853	0.6864
8	503	1	800.3753	10	4	0	1	1	0.6859	0.5122
8	504	1	801.9251	12	7	0	1	1	0.6865	0.8031
8	505	1	803.4751	9	8	0	1	1	0.6871	0.7087
8	506	1	805.0250	12	7	0	1	1	0.6877	0.6617
8	507	1	806.5749	11	1	0	1	1	0.6884	0.4567
8	508	1	808.1248	9	8	0	1	1	0.6890	0.7791
8	509	1	809.6748	12	7	0	1	1	0.6896	0.7639
8	510	1	811.2247	13	3	0	1	1	0.6902	0.7664
8	511	1	812.7745	12	7	90	1	1	0.6908	1.0723
8	512	1	814.3245	11	1	0	1	1	0.6914	0.8671
8	513	1	815.8745	12	7	0	1	1	0.6920	0.9815
8	514	1	817.4244	13	3	90	0	1	0.6907	0.8063
8	515	1	818.9743	12	7	0	1	1	0.6913	0.8883
8	516	1	820.5242	11	1	0	1	1	0.6919	0.8905
8	517	1	822.0741	9	8	0	1	1	0.6925	0.9567
8	518	1	823.6240	8	9	0	1	1	0.6931	0.9595
8	519	1	825.1740	5	2	90	0	1	0.6917	0.9606
8	520	1	826.7239	8	9	0	1	1	0.6923	0.9159
8	521	1	828.2738	6	11	0	1	1	0.6929	0.8528
8	522	1	829.8237	7	12	0	1	1	0.6935	0.7750
8	523	1	831.3737	4	14	0	1	1	0.6941	0.7770
8	524	1	832.9236	7	12	0	1	1	0.6947	0.7644
8	525	1	834.4735	8	9	0	1	1	0.6952	0.6701
8	526	1	836.0234	7	12	0	1	1	0.6958	0.8164
8	527	1	837.5733	5	2	0	1	1	0.6964	0.8346
8	528	1	839.1232	8	9	90	1	1	0.6970	0.9328
8	529	1	840.6732	5	2	0	1	1	0.6975	0.8546
8	530	1	842.2231	8	9	0	0	1	0.6962	0.6330
8	531	1	843.7730	6	11	0	1	1	0.6968	0.6178
8	532	1	845.3229	5	2	0	1	1	0.6974	0.7171
8	533	1	846.8728	4	14	0	1	1	0.6979	0.7995
8	534	1	848.4228	5	2	0	1	1	0.6985	0.7210
8	535	1	849.9727	7	12	0	1	1	0.6991	0.6740
8	536	1	851.5226	4	14	0	1	1	0.6996	0.9160
8	537	1	853.0725	7	12	0	1	1	0.7002	0.8393
8	538	1	854.6224	4	14	0	1	1	0.7007	0.6176
8	539	1	856.1724	6	11	90	0	1	0.6994	0.8917
8	540	1	857.7223	7	12	0	1	1	0.7000	0.7495
8	541	1	859.2722	4	14	0	1	1	0.7006	0.8314
8	542	1	860.8221	5	2	90	1	1	0.7011	1.0896
8	543	1	862.3721	8	9	0	1	1	0.7017	0.8838
8	544	1	863.9220	6	11	0	1	1	0.7022	1.3508
8	545	1	865.4719	7	12	0	1	1	0.7028	0.8399
8	546	1	867.0217	6	11	90	0	1	0.7015	0.9704
8	547	1	868.5717	5	2	0	1	1	0.7020	1.0362
8	548	1	870.1216	6	11	0	1	1	0.7026	1.4050
8	549	1	871.6716	5	2	0	1	1	0.7031	0.8002
8	550	1	873.2215	6	11	90	0	1	0.7018	0.8812
8	551	1	874.7713	5	2	0	1	1	0.7024	0.6914
8	552	1	876.3213	8	9	0	1	1	0.7029	0.8053
8	553	1	877.8712	9	8	0	0	1	0.7016	1.2554
8	554	1	879.6877	8	9	0	1	1	0.7022	0.6722
8	555	1	881.2377	9	8	0	1	1	0.7027	0.6750
8	556	1	882.7876	8	9	0	1	1	0.7032	0.6448
8	557	1	884.3376	6	11	0	-1	0	0.7020	-1.0000
8	558	1	886.3541	5	2	0	1	1	0.7025	0.8056
8	559	1	887.9041	4	14	0	1	1	0.7030	0.8559
8	560	1	889.4540	7	12	0	1	1	0.7036	0.6498
8	561	1	891.0039	6	11	0	0	1	0.7023	1.1947
8	562	1	892.7871	8	9	90	1	1	0.7028	0.9807
8	563	1	894.3370	5	2	90	0	1	0.7016	0.9024
8	564	1	895.8870	8	9	0	1	1	0.7021	0.9208
8	565	1	897.4369	6	11	90	0	1	0.7009	1.1138
8	566	1	899.1035	5	2	90	-1	0	0.6996	-1.0000
8	567	1	901.1200	8	9	90	1	1	0.7002	1.0626
8	568	1	902.6699	9	8	0	1	1	0.7007	0.8578
8	569	1	904.2199	8	9	0	1	1	0.7012	0.6840
8	570	1	905.7698	6	11	0	1	1	0.7018	0.7660
8	571	1	907.3197	5	2	0	1	1	0.7023	0.6240
8	572	1	908.8696	4	14	0	1	1	0.7028	0.8182
8	573	1	910.4195	5	2	0	1	1	0.7033	0.6281
8	574	1	911.9695	4	14	0	1	1	0.7038	0.6944
8	575	1	913.5194	5	2	90	0	1	0.7026	0.6485
8	576	1	915.0693	4	14	90	0	1	0.7014	0.7773
8	577	1	916.6192	7	12	90	1	1	0.7019	0.6208
8	578	1	918.1691	4	14	0	1	1	0.7024	0.5415
8	579	1	919.7191	6	11	0	0	1	0.7012	0.8969
8	580	1	921.2690	7	12	0	1	1	0.7017	1.2828
8	581	1	922.8189	5	2	0	1	1	0.7022	0.9157
8	582	1	924.3688	7	12	0	1	1	0.7027	0.9992
8	583	1	925.9187	8	9	0	1	1	0.7033	0.7770
8	584	1	927.4687	6	11	0	1	1	0.7038	1.2262
8	585	1	929.0186	7	12	0	1	1	0.7043	0.9735
8	586	1	930.5684	6	11	0	1	1	0.7048	0.7360
8	587	1	932.1184	7	12	0	1	1	0.7053	0.5762
8	588	1	933.6683	6	11	0	1	1	0.7058	0.8503
8	589	1	935.2183	4	14	0	1	1	0.7063	0.7257
8	590	1	936.7681	3	5	0	0	1	0.7051	0.8229
8	591	1	938.3181	2	15	0	1	1	0.7056	0.9857
8	592	1	939.8680	14	13	0	1	1	0.7061	0.9878
8	593	1	941.4179	1	10	0	1	1	0.7066	1.2287
8	594	1	942.9679	14	13	0	1	1	0.7071	0.8789
8	595	1	944.5178	15	6	0	1	1	0.7076	0.7862
8	596	1	946.0676	3	5	90	0	1	0.7064	0.9964
8	597	1	947.6176	15	6	90	0	1	0.7052	1.1747
8	598	1	949.3508	1	10	0	1	1	0.7057	0.9613
8	599	1	950.9008	3	5	0	1	1	0.7062	1.1392
8	600	1	952.4506	15	6	0	1	1	0.7067	0.7732
8	601	1	1035.6463	3	5	0	-1	0	0.7055	-1.0000
8	602	1	1037.6629	2	15	90	-1	0	0.7043	-1.0000
8	603	1	1039.7127	15	6	0	1	1	0.7048	1.2072
8	604	1	1041.2627	3	5	0	1	1	0.7053	1.0340
8	605	1	1042.8127	4	14	0	1	1	0.7058	0.7631
8	606	1	1044.3626	7	12	0	1	1	0.7063	0.7173
8	607	1	1045.9125	6	11	0	1	1	0.7068	1.2953
8	608	1	1047.4624	5	2	0	1	1	0.7072	0.8334
8	609	1	1049.0124	4	14	0	1	1	0.7077	0.6583
8	610	1	1050.5623	5	2	0	1	1	0.7082	0.8374
8	611	1	1052.1122	7	12	90	1	1	0.7087	0.7586
8	612	1	1053.6621	8	9	0	1	1	0.7092	0.8246
8	613	1	1055.2120	7	12	0	1	1	0.7096	0.6666
8	614	1	1056.7619	8	9	0	1	1	0.7101	0.6864
8	615	1	1058.3119	5	2	0	1	1	0.7106	0.8148
8	616	1	1059.8618	8	9	0	1	1	0.7110	0.6421
8	617	1	1061.4117	9	8	0	0	1	0.7099	0.8510
8	618	1	1062.9616	10	4	0	1	1	0.7104	0.7742
8	619	1	1064.5115	13	3	0	0	1	0.7092	1.3843
8	620	1	1066.4614	11	1	0	1	1	0.7097	0.7143
8	621	1	1068.0113	10	4	0	1	1	0.7101	0.9715
8	622	1	1069.5613	12	7	90	0	1	0.7090	0.9745
8	623	1	1071.1112	13	3	0	1	1	0.7095	0.9288
8	624	1	1072.6610	10	4	0	1	1	0.7099	0.7068
8	625	1	1074.2110	13	3	0	1	1	0.7104	0.9005
8	626	1	1075.7609	14	13	0	1	1	0.7109	0.9190
8	627	1	1077.3109	13	3	0	1	1	0.7113	0.7760
8	628	1	1078.8608	11	1	0	1	1	0.7118	0.6986
8	629	1	1080.4107	12	7	0	1	1	0.7122	0.8762
8	630	1	1081.9606	11	1	0	1	1	0.7127	0.7340
8	631	1	1083.5105	10	4	0	1	1	0.7132	0.8014
8	632	1	1085.0605	12	7	0	1	1	0.7136	0.8821
8	633	1	1086.6104	11	1	90	0	1	0.7125	0.7254
8	634	1	1088.1603	9	8	0	1	1	0.7129	0.8548
8	635	1	1089.7102	10	4	0	1	1	0.7134	0.6325
8	636	1	1091.2601	13	3	0	1	1	0.7138	0.6666
8	637	1	1092.8100	10	4	90	1	1	0.7143	1.0378
8	638	1	1094.3600	9	8	0	1	1	0.7147	0.8800
8	639	1	1095.9099	8	9	0	1	1	0.7152	0.7060
8	640	1	1097.4598	5	2	0	1	1	0.7156	1.0761
8	641	1	1099.0097	8	9	0	1	1	0.7161	0.9660
8	642	1	1100.5597	7	12	0	1	1	0.7165	0.7438
8	643	1	1102.1096	5	2	0	1	1	0.7170	0.7463
8	644	1	1103.6595	7	12	0	1	1	0.7174	0.6365
8	645	1	1105.2094	4	14	90	1	1	0.7178	0.7824
8	646	1	1106.7593	7	12	90	1	1	0.7183	0.8154
8	647	1	1108.3093	4	14	0	1	1	0.7187	0.6423
8	648	1	1109.8592	7	12	90	1	1	0.7191	0.7395
8	649	1	1111.4091	5	2	0	1	1	0.7196	0.7267
8	650	1	1112.9590	7	12	0	1	1	0.7200	0.7929
8	651	1	1114.5089	8	9	0	1	1	0.7204	0.6031
8	652	1	1116.0589	5	2	0	1	1	0.7209	0.7958
8	653	1	1117.6087	6	11	0	0	1	0.7198	1.0550
8	654	1	1119.2254	8	9	0	1	1	0.7202	0.6053
8	655	1	1120.7753	6	11	0	1	1	0.7206	0.8012
8	656	1	1122.3252	4	14	0	1	1	0.7210	0.7375
8	657	1	1123.8750	5	2	0	1	1	0.7215	0.7248
8	658	1	1125.4250	6	11	0	1	1	0.7219	0.8392
8	659	1	1126.9749	8	9	90	1	1	0.7223	0.7929
8	660	1	1128.5249	5	2	0	1	1	0.7227	1.0189
8	661	1	1130.0748	6	11	0	1	1	0.7231	0.7971
8	662	1	1131.6247	5	2	0	1	1	0.7236	0.8780
8	663	1	1133.1747	6	11	0	1	1	0.7240	0.7680
8	664	1	1134.7245	5	2	0	1	1	0.7244	0.7231
8	665	1	1136.2745	6	11	0	1	1	0.7248	0.6284
8	666	1	1137.8244	5	2	0	1	1	0.7252	0.7103
8	667	1	1139.3743	6	11	0	1	1	0.7256	0.6176
8	668	1	1140.9243	4	14	0	1	1	0.7260	0.7638
8	669	1	1142.4741	7	12	0	1	1	0.7265	0.7327
8	670	1	1144.0241	5	2	90	1	1	0.7269	0.7839
8	671	1	1145.5740	8	9	0	1	1	0.7273	0.7048
8	672	1	1147.1238	9	8	90	1	1	0.7277	1.2999
8	673	1	1148.6738	11	1	0	1	1	0.7281	0.8689
8	674	1	1150.2237	10	4	90	1	1	0.7285	1.0002
8	675	1	1151.7736	13	3	90	0	1	0.7274	0.8264
8	676	1	1153.3236	11	1	0	1	1	0.7278	0.7161
8	677	1	1154.8734	10	4	0	1	1	0.7282	0.9253
8	678	1	1156.4234	9	8	0	1	1	0.7286	0.8324
8	679	1	1157.9734	11	1	0	1	1	0.7290	0.8174
8	680	1	1159.5232	13	3	0	1	1	0.7294	0.8195
8	681	1	1161.0732	11	1	90	1	1	0.7298	1.0935
8	682	1	1162.6230	10	4	0	1	1	0.7302	1.0649
8	683	1	1164.1730	13	3	0	0	1	0.7291	0.9550
8	684	1	1165.7230	10	4	0	1	1	0.7295	0.8448
8	685	1	1167.2728	12	7	90	1	1	0.7299	0.9751
8	686	1	1168.8227	9	8	0	0	1	0.7289	1.1530
8	687	1	1170.4892	8	9	0	1	1	0.7293	0.7024
8	688	1	1172.0393	6	11	0	1	1	0.7297	0.8646
8	689	1	1173.5892	4	14	0	1	1	0.7300	0.8663
8	690	1	1175.1391	5	2	90	1	1	0.7304	0.7730
8	691	1	1176.6890	7	12	0	1	1	0.7308	0.8386
8	692	1	1178.2390	4	14	0	1	1	0.7312	0.6318
8	693	1	1179.7889	5	2	0	1	1	0.7316	0.9229
8	694	1	1181.3387	7	12	0	1	1	0.7320	0.6373
8	695	1	1182.8887	8	9	0	1	1	0.7324	0.6071
8	696	1	1184.4387	5	2	0	1	1	0.7328	0.6254
8	697	1	1185.9885	8	9	0	1	1	0.7331	0.6915
8	698	1	1187.5385	9	8	0	1	1	0.7335	0.7723
8	699	1	1189.0884	10	4	0	1	1	0.7339	0.7593
8	700	1	1190.6383	13	3	0	1	1	0.7343	1.4816
8	701	1	1192.2882	10	4	0	1	1	0.7347	0.9517
8	702	1	1193.8382	11	1	0	1	1	0.7350	0.7284
8	703	1	1195.3881	13	3	90	0	1	0.7340	1.0997
8	704	1	1197.0546	11	1	90	1	1	0.7344	1.2568
8	705	1	1198.6046	10	4	0	1	1	0.7348	0.8111
8	706	1	1200.1545	13	3	0	1	1	0.7351	1.0361
8	707	1	1201.7044	12	7	0	1	1	0.7355	1.2312
8	708	1	1203.2543	13	3	0	0	1	0.7345	1.1684
8	709	1	1204.9543	11	1	0	1	1	0.7348	1.0376
8	710	1	1206.5042	12	7	0	1	1	0.7352	1.2157
8	711	1	1208.0541	11	1	0	1	1	0.7356	0.7538
8	712	1	1209.6040	13	3	0	0	1	0.7346	1.4604
8	713	1	1211.6372	14	13	0	0	1	0.7335	1.1377
8	714	1	1213.3038	2	15	0	1	1	0.7339	1.0247
8	715	1	1214.8537	14	13	90	0	1	0.7329	1.0730
8	716	1	1216.4703	13	3	0	1	1	0.7332	1.0576
8	717	1	1218.0202	12	7	0	1	1	0.7336	0.8196
8	718	1	1219.5702	11	1	0	1	1	0.7340	0.5966
8	719	1	1221.1201	10	4	0	1	1	0.7344	0.7599
8	720	1	1222.6700	13	3	0	1	1	0.7347	0.8578
8	721	1	1224.2199	11	1	0	1	1	0.7351	0.6683
8	722	1	1225.7698	13	3	0	1	1	0.7355	0.7649
8	723	1	1227.3198	10	4	0	1	1	0.7358	0.7524
8	724	1	1228.8697	9	8	0	1	1	0.7362	0.7690
8	725	1	1230.4196	10	4	0	1	1	0.7366	0.8201
8	726	1	1231.9695	11	1	0	1	1	0.7369	0.6625
8	727	1	1233.5194	10	4	90	0	1	0.7359	0.6324
8	728	1	1235.0694	13	3	0	1	1	0.7363	0.9386
8	729	1	1236.6193	14	13	0	1	1	0.7366	1.1333
8	730	1	1238.1692	1	10	0	1	1	0.7370	1.2148
8	731	1	1239.7191	15	6	0	1	1	0.7373	0.8807
8	732	1	1241.2690	1	10	90	0	1	0.7363	0.7708
8	733	1	1242.8190	2	15	0	1	1	0.7367	0.9798
8	734	1	1244.3689	1	10	0	0	1	0.7357	0.8864
8	735	1	1245.9188	15	6	0	1	1	0.7361	0.6959
8	736	1	1247.4687	3	5	0	0	1	0.7351	1.1793
8	737	1	1249.1686	15	6	90	0	1	0.7341	0.6621
8	738	1	1250.7185	3	5	0	1	1	0.7344	1.2881
8	739	1	1252.2685	2	15	0	1	1	0.7348	1.1153
8	740	1	1253.8183	15	6	0	1	1	0.7351	0.9255
8	741	1	1255.3683	2	15	0	1	1	0.7355	0.7344
8	742	1	1256.9182	1	10	0	1	1	0.7358	0.9136
8	743	1	1258.4681	2	15	90	1	1	0.7362	0.9957
8	744	1	1260.0180	1	10	0	1	1	0.7366	0.9500
8	745	1	1261.5680	3	5	90	1	1	0.7369	0.9038
8	746	1	1263.1179	15	6	0	1	1	0.7373	0.8576
8	747	1	1264.6677	3	5	0	1	1	0.7376	1.0044
8	748	1	1266.2177	1	10	0	1	1	0.7380	0.7820
8	749	1	1267.7676	14	13	90	0	1	0.7370	0.8169
8	750	1	1269.3176	1	10	0	1	1	0.7373	0.9771
8	751	1	1270.8675	15	6	0	1	1	0.7377	0.9802
8	752	1	1272.4174	2	15	0	1	1	0.7380	0.8226
8	753	1	1273.9673	3	5	0	1	1	0.7384	1.0471
8	754	1	1275.5173	1	10	0	1	1	0.7387	0.7937
8	755	1	1277.0672	2	15	0	1	1	0.7391	1.0037
8	756	1	1278.6171	1	10	90	0	1	0.7381	0.7498
8	757	1	1280.1670	2	15	0	1	1	0.7384	0.7525
8	758	1	1281.7169	1	10	90	1	1	0.7388	0.9938
8	759	1	1283.2669	3	5	90	1	1	0.7391	0.9650
8	760	1	1284.8167	4	14	0	1	1	0.7395	0.7591
8	761	1	1286.3667	6	11	0	0	1	0.7385	1.4325
8	762	1	1288.3499	4	14	0	1	1	0.7388	0.7129
8	763	1	1289.8998	6	11	0	1	1	0.7392	0.8122
8	764	1	1291.4498	7	12	0	1	1	0.7395	0.8786
8	765	1	1292.9997	5	2	0	1	1	0.7399	0.9271
8	766	1	1294.5496	6	11	0	1	1	0.7402	0.8662
8	767	1	1296.0994	5	2	0	1	1	0.7405	0.6932
8	768	1	1297.6494	8	9	0	1	1	0.7409	0.6313
8	769	1	1299.1994	7	12	0	1	1	0.7412	0.6634
8	770	1	1300.7493	5	2	0	1	1	0.7416	0.6507
8	771	1	1302.2992	8	9	0	1	1	0.7419	0.6195
8	772	1	1303.8491	6	11	0	1	1	0.7422	0.7029
8	773	1	1305.3989	7	12	0	1	1	0.7426	0.6089
8	774	1	1306.9490	5	2	0	1	1	0.7429	0.6274
8	775	1	1308.4989	7	12	0	1	1	0.7432	0.5652
8	776	1	1310.0488	8	9	90	1	1	0.7436	0.7272
8	777	1	1311.5987	7	12	90	1	1	0.7439	0.8088
8	778	1	1313.1486	6	11	0	1	1	0.7442	0.8274
8	779	1	1314.6985	8	9	0	1	1	0.7445	0.7334
8	780	1	1316.2484	6	11	0	1	1	0.7449	0.7514
8	781	1	1317.7984	8	9	90	1	1	0.7452	0.6735
8	782	1	1319.3483	6	11	0	1	1	0.7455	0.8356
8	783	1	1320.8982	7	12	0	1	1	0.7458	0.8217
8	784	1	1322.4482	5	2	0	1	1	0.7462	0.7917
8	785	1	1323.9981	4	14	90	1	1	0.7465	0.8425
8	786	1	1325.5480	6	11	0	1	1	0.7468	0.8920
8	787	1	1327.0979	7	12	0	1	1	0.7471	0.7021
8	788	1	1328.6478	8	9	0	1	1	0.7475	0.7048
8	789	1	1330.1977	7	12	0	1	1	0.7478	0.7380
8	790	1	1331.7477	5	2	90	1	1	0.7481	0.7082
8	791	1	1333.2976	4	14	90	1	1	0.7484	0.8852
8	792	1	1334.8475	6	11	0	1	1	0.7487	0.8081
8	793	1	1336.3974	5	2	0	1	1	0.7491	0.8264
8	794	1	1337.9473	8	9	90	1	1	0.7494	0.7644
8	795	1	1339.4973	5	2	0	1	1	0.7497	0.6707
8	796	1	1341.0472	4	14	0	1	1	0.7500	0.7369
8	797	1	1342.5970	3	5	90	1	1	0.7503	0.7873
8	798	1	1344.1470	2	15	0	1	1	0.7506	1.1089
8	799	1	1345.6969	14	13	0	1	1	0.7509	0.9668
8	800	1	1347.2469	15	6	0	1	1	0.7512	0.9849
8	801	1	1348.7968	2	15	0	1	1	0.7516	0.8590
8	802	1	1350.3467	15	6	90	1	1	0.7519	1.1486
8	803	1	1351.8966	1	10	0	1	1	0.7522	1.3747
8	804	1	1353.4465	3	5	0	1	1	0.7525	1.1684
8	805	1	1354.9965	4	14	0	1	1	0.7528	0.8517
8	806	1	1356.5464	3	5	0	1	1	0.7531	0.8374
8	807	1	1358.0963	2	15	0	1	1	0.7534	0.7746
8	808	1	1359.6462	1	10	90	0	1	0.7525	0.8253
8	809	1	1361.1961	15	6	0	1	1	0.7528	0.9079
8	810	1	1362.7461	14	13	0	1	1	0.7531	0.9099
8	811	1	1364.2960	2	15	0	1	1	0.7534	0.7989
8	812	1	1365.8459	14	13	90	1	1	0.7537	1.3300
8	813	1	1367.3958	13	3	0	0	1	0.7528	1.2359
8	814	1	1369.1623	12	7	0	1	1	0.7531	1.0695
8	815	1	1370.7123	13	3	90	0	1	0.7521	1.3905
8	816	1	1372.6955	10	4	0	-1	0	0.7512	-1.0000
8	817	1	1374.7121	13	3	90	1	1	0.7515	1.4885
8	818	1	1376.3120	11	1	0	1	1	0.7518	0.7678
8	819	1	1377.8619	9	8	0	0	1	0.7509	0.9451
8	820	1	1379.4119	10	4	0	1	1	0.7512	0.7069
8	821	1	1380.9618	13	3	0	1	1	0.7515	0.9658
8	822	1	1382.5116	14	13	0	1	1	0.7518	1.0164
8	823	1	1384.0616	15	6	0	1	1	0.7521	0.9211
8	824	1	1385.6115	3	5	0	1	1	0.7524	0.8763
8	825	1	1387.1614	4	14	0	1	1	0.7527	0.6539
8	826	1	1388.7113	3	5	0	1	1	0.7530	0.7525
8	827	1	1390.2612	1	10	0	1	1	0.7533	1.0586
8	828	1	1391.8111	14	13	0	1	1	0.7536	0.8685
8	829	1	1393.3611	13	3	90	0	1	0.7527	0.8394
8	830	1	1394.9110	10	4	0	1	1	0.7530	0.9529
8	831	1	1396.4610	9	8	0	1	1	0.7533	0.8270
8	832	1	1398.0109	8	9	0	1	1	0.7536	0.8759
8	833	1	1399.5608	6	11	90	1	1	0.7539	1.0379
8	834	1	1401.1107	4	14	0	1	1	0.7542	0.9451
8	835	1	1402.6606	6	11	0	1	1	0.7545	1.0422
8	836	1	1404.2106	4	14	0	1	1	0.7548	0.7734
8	837	1	1405.7605	7	12	90	1	1	0.7551	0.8556
8	838	1	1407.3104	4	14	0	1	1	0.7554	0.7293
8	839	1	1408.8603	6	11	0	0	1	0.7545	1.2276
8	840	1	1410.6769	7	12	0	1	1	0.7548	0.6910
8	841	1	1412.2268	6	11	0	1	1	0.7551	0.8684
8	842	1	1413.7767	8	9	90	1	1	0.7553	0.8222
8	843	1	1415.3267	9	8	0	1	1	0.7556	0.9540
8	844	1	1416.8766	8	9	0	1	1	0.7559	0.7794
8	845	1	1418.4265	5	2	0	1	1	0.7562	0.7335
8	846	1	1419.9764	8	9	0	1	1	0.7565	0.7035
8	847	1	1421.5263	6	11	90	1	1	0.7568	1.1055
8	848	1	1423.0763	8	9	0	1	1	0.7571	0.7076
8	849	1	1424.6261	6	11	0	1	1	0.7574	0.8058
8	850	1	1426.1761	8	9	90	1	1	0.7576	0.6960
8	851	1	1427.7260	7	12	0	1	1	0.7579	0.7768
8	852	1	1429.2759	8	9	90	1	1	0.7582	0.8440
8	853	1	1430.8259	6	11	0	1	1	0.7585	0.7969
8	854	1	1432.3758	5	2	0	1	1	0.7588	0.7363
8	855	1	1433.9257	6	11	0	1	1	0.7591	0.6743
8	856	1	1435.4756	8	9	0	1	1	0.7593	0.6765
8	857	1	1437.0255	9	8	0	1	1	0.7596	0.7744
8	858	1	1438.5754	11	1	0	1	1	0.7599	0.8724
8	859	1	1440.1254	12	7	0	1	1	0.7602	1.1467
8	860	1	1441.6752	9	8	90	1	1	0.7605	0.8285
8	861	1	1443.2252	11	1	0	1	1	0.7607	0.6866
8	862	1	1444.7751	12	7	0	1	1	0.7610	0.7689
8	863	1	1446.3250	13	3	90	0	1	0.7601	1.1389
8	864	1	1448.0250	12	7	90	1	1	0.7604	1.4068
8	865	1	1449.5749	9	8	0	1	1	0.7607	1.0412
8	866	1	1451.1248	11	1	0	1	1	0.7610	0.7071
8	867	1	1452.6747	13	3	90	1	1	0.7612	0.9972
8	868	1	1454.2246	12	7	0	0	1	0.7604	0.9189
8	869	1	1455.7746	11	1	0	1	1	0.7606	0.6166
8	870	1	1457.3245	10	4	0	1	1	0.7609	0.8107
8	871	1	1458.8744	12	7	0	1	1	0.7612	0.9090
8	872	1	1460.4243	9	8	0	1	1	0.7615	0.7680
8	873	1	1461.9742	12	7	0	1	1	0.7617	0.6731
8	874	1	1463.5241	10	4	90	1	1	0.7620	0.8036
8	875	1	1465.0741	13	3	0	1	1	0.7623	1.1092
8	876	1	1466.6239	11	1	0	1	1	0.7626	0.8069
8	877	1	1468.1739	12	7	0	1	1	0.7628	0.9540
8	878	1	1469.7237	13	3	0	1	1	0.7631	1.0683
8	879	1	1471.2737	14	13	0	0	1	0.7622	1.1981
8	880	1	1473.0070	15	6	0	1	1	0.7625	0.8729
8	881	1	1474.5569	3	5	0	1	1	0.7628	0.9219
8	882	1	1476.1068	1	10	0	1	1	0.7630	0.9558
8	883	1	1477.6567	14	13	0	1	1	0.7633	1.0541
8	884	1	1479.2067	1	10	0	1	1	0.7636	0.7371
8	885	1	1480.7566	14	13	0	1	1	0.7638	0.6433
8	886	1	1482.3065	1	10	0	1	1	0.7641	0.6294
8	887	1	1483.8564	15	6	0	1	1	0.7644	0.7744
8	888	1	1485.4063	14	13	0	1	1	0.7646	0.8584
8	889	1	1486.9563	1	10	0	1	1	0.7649	0.6986
8	890	1	1488.5062	14	13	0	1	1	0.7652	0.7657
8	891	1	1490.0561	15	6	0	1	1	0.7654	0.7199
8	892	1	1491.6060	2	15	0	1	1	0.7657	0.8808
8	893	1	1493.1559	15	6	0	1	1	0.7660	0.7398
8	894	1	1494.7059	14	13	0	1	1	0.7662	0.8209
8	895	1	1496.2558	15	6	0	1	1	0.7665	0.6961
8	896	1	1497.8057	1	10	0	1	1	0.7667	0.7621
8	897	1	1499.3556	14	13	0	1	1	0.7670	0.7632
8	898	1	1500.9055	1	10	0	1	1	0.7673	0.6219
8	899	1	1502.4554	3	5	90	1	1	0.7675	0.9593
8	900	1	1504.0054	15	6	0	1	1	0.7678	0.7226
8	901	1	1505.5553	2	15	0	1	1	0.7680	1.0113
8	902	1	1507.1052	15	6	0	1	1	0.7683	0.7272
8	903	1	1508.6551	2	15	90	1	1	0.7685	0.8879
8	904	1	1510.2051	1	10	0	1	1	0.7688	1.1777
8	905	1	1511.7549	3	5	0	1	1	0.7691	1.1167
8	906	1	1513.3049	2	15	0	1	1	0.7693	0.8791
8	907	1	1514.8548	14	13	0	1	1	0.7696	0.8812
8	908	1	1516.4047	1	10	0	1	1	0.7698	0.9473
8	909	1	1517.9546	2	15	0	1	1	0.7701	1.2055
8	910	1	1519.5045	1	10	0	1	1	0.7703	0.7433
8	911	1	1521.0545	14	13	0	1	1	0.7706	0.7922
8	912	1	1522.6044	15	6	0	1	1	0.7708	0.7635
8	913	1	1524.1543	2	15	0	1	1	0.7711	0.7345
8	914	1	1525.7043	14	13	0	1	1	0.7713	0.6878
8	915	1	1527.2542	13	3	0	0	1	0.7705	1.1057
8	916	1	1528.9208	14	13	0	1	1	0.7707	0.7180
8	917	1	1530.4707	1	10	0	1	1	0.7710	1.2322
8	918	1	1532.0206	14	13	0	1	1	0.7712	0.9626
8	919	1	1533.5705	2	15	90	0	1	0.7704	1.1096
8	920	1	1535.2371	14	13	0	1	1	0.7707	0.7857
8	921	1	1536.7870	15	6	0	1	1	0.7709	0.7237
8	922	1	1538.3369	3	5	0	1	1	0.7711	1.0457
8	923	1	1539.8868	15	6	0	1	1	0.7714	0.7291
8	924	1	1541.4368	14	13	0	1	1	0.7716	0.8112
8	925	1	1542.9867	2	15	0	1	1	0.7719	0.8291
8	926	1	1544.5365	14	13	0	1	1	0.7721	0.8472
8	927	1	1546.0865	13	3	0	1	1	0.7724	1.1522
8	928	1	1547.6365	14	13	0	1	1	0.7726	0.8023
8	929	1	1549.1864	1	10	0	1	1	0.7729	0.9014
8	930	1	1550.7363	3	5	90	1	1	0.7731	0.9354
8	931	1	1552.2862	4	14	90	1	1	0.7734	0.8734
8	932	1	1553.8361	6	11	90	1	1	0.7736	1.0037
8	933	1	1555.3860	7	12	0	1	1	0.7738	0.8147
8	934	1	1556.9360	4	14	0	1	1	0.7741	0.6880
8	935	1	1558.4859	3	5	0	1	1	0.7743	0.7849
8	936	1	1560.0358	15	6	0	1	1	0.7746	0.6751
8	937	1	1561.5857	3	5	0	1	1	0.7748	0.7102
8	938	1	1563.1356	1	10	0	1	1	0.7751	0.6951
8	939	1	1564.6855	2	15	90	0	1	0.7742	0.9543
8	940	1	1566.2355	3	5	90	1	1	0.7745	1.1324
8	941	1	1567.7854	15	6	0	1	1	0.7747	0.8467
8	942	1	1569.3353	1	10	0	1	1	0.7749	1.1527
8	943	1	1570.8852	15	6	0	1	1	0.7752	0.8336
8	944	1	1572.4352	2	15	90	1	1	0.7754	0.9328
8	945	1	1573.9851	1	10	0	1	1	0.7757	0.8709
8	946	1	1575.5350	15	6	0	1	1	0.7759	1.1918
8	947	1	1577.0849	14	13	0	1	1	0.7761	0.8748
8	948	1	1578.6348	1	10	0	1	1	0.7764	0.7810
8	949	1	1580.1848	14	13	0	1	1	0.7766	0.7511
8	950	1	1581.7347	1	10	0	1	1	0.7768	0.6561
8	951	1	1583.2846	14	13	0	1	1	0.7771	0.6742
8	952	1	1584.8345	1	10	0	1	1	0.7773	0.6290
8	953	1	1586.3845	2	15	0	1	1	0.7775	0.9023
8	954	1	1587.9344	15	6	0	1	1	0.7778	0.6979
8	955	1	1589.4843	14	13	0	1	1	0.7780	0.7306
8	956	1	1591.0341	2	15	90	1	1	0.7782	0.9419
8	957	1	1592.5841	3	5	0	1	1	0.7785	0.8640
8	958	1	1594.1340	15	6	90	0	1	0.7777	0.7388
8	959	1	1595.6840	3	5	0	-1	0	0.7769	-1.0000
8	960	1	1597.7338	4	14	90	1	1	0.7771	1.0261
8	961	1	1599.2837	6	11	90	0	1	0.7763	0.9472
8	962	1	1600.8337	7	12	0	1	1	0.7765	0.7263
8	963	1	1602.3836	8	9	0	1	1	0.7767	0.8564
8	964	1	1603.9335	9	8	0	1	1	0.7770	0.8418
8	965	1	1605.4834	8	9	0	1	1	0.7772	0.8595
8	966	1	1607.0334	5	2	90	1	1	0.7774	0.8775
8	967	1	1608.5833	8	9	0	1	1	0.7777	0.7515
8	968	1	1610.1332	6	11	0	0	1	0.7769	0.9785
8	969	1	1611.6831	7	12	0	1	1	0.7771	0.8836
8	970	1	1613.2330	5	2	0	1	1	0.7773	0.8389
8	971	1	1614.7830	8	9	0	1	1	0.7775	0.6649
8	972	1	1616.3329	6	11	0	1	1	0.7778	0.8109
8	973	1	1617.8828	7	12	0	-1	0	0.7770	-1.0000
8	974	1	1619.9160	6	11	0	1	1	0.7772	1.2919
8	975	1	1621.4659	7	12	0	1	1	0.7774	0.7181
8	976	1	1623.0158	5	2	0	1	1	0.7777	0.6561
8	977	1	1624.5658	7	12	0	1	1	0.7779	0.6262
8	978	1	1626.1157	8	9	0	1	1	0.7781	0.6924
8	979	1	1627.6656	9	8	0	1	1	0.7783	0.6452
8	980	1	1629.2156	12	7	0	0	1	0.7776	0.8884
8	981	1	1630.7655	11	1	0	1	1	0.7778	0.6987
8	982	1	1632.3154	9	8	90	1	1	0.7780	1.2287
8	983	1	1633.8653	11	1	0	1	1	0.7782	0.7175
8	984	1	1635.4152	9	8	0	1	1	0.7785	0.8008
8	985	1	1636.9651	12	7	0	1	1	0.7787	0.9629
8	986	1	1638.5150	9	8	0	1	1	0.7789	0.7249
8	987	1	1640.0650	11	1	0	1	1	0.7791	0.5510
8	988	1	1641.6149	12	7	90	1	1	0.7794	1.0169
8	989	1	1643.1648	11	1	0	1	1	0.7796	0.6832
8	990	1	1644.7147	10	4	0	1	1	0.7798	0.9412
8	991	1	1646.2647	9	8	0	1	1	0.7800	0.7822
8	992	1	1647.8145	11	1	0	1	1	0.7802	0.6095
8	993	1	1649.3645	10	4	0	1	1	0.7805	0.7703
8	994	1	1650.9144	11	1	90	0	1	0.7797	0.5813
8	995	1	1652.4643	13	3	90	-1	0	0.7789	-1.0000
8	996	1	1654.4809	10	4	0	1	1	0.7791	1.2550
8	997	1	1656.0308	9	8	0	1	1	0.7793	0.6973
8	998	1	1657.5807	8	9	90	1	1	0.7796	0.7955
8	999	1	1659.1306	6	11	0	1	1	0.7798	0.9894
8	1000	1	1660.6806	4	14	90	1	1	0.7800	0.8793
8	1001	1	1662.2305	5	2	0	1	1	0.7802	0.8163
8	1002	1	1663.7804	7	12	90	1	1	0.7804	1.0114
8	1003	1	1665.3303	5	2	0	1	1	0.7807	0.9181
8	1004	1	1666.8802	7	12	0	1	1	0.7809	0.7907
8	1005	1	1668.4302	6	11	0	1	1	0.7811	0.8260
8	1006	1	1669.9801	4	14	90	1	1	0.7813	0.7155
8	1007	1	1671.5300	6	11	0	1	1	0.7815	1.1648
8	1008	1	1673.0799	7	12	0	1	1	0.7817	0.8480
8	1009	1	1674.6298	4	14	0	1	1	0.7820	0.8832
8	1010	1	1676.1798	7	12	0	1	1	0.7822	0.6437
8	1011	1	1677.7297	5	2	90	0	1	0.7814	0.7739
8	1012	1	1679.2796	6	11	0	1	1	0.7816	1.0163
8	1013	1	1680.8294	4	14	0	1	1	0.7818	0.8586
8	1014	1	1682.3794	7	12	0	1	1	0.7821	0.6685
8	1015	1	1683.9294	5	2	0	1	1	0.7823	0.7493
8	1016	1	1685.4793	7	12	0	1	1	0.7825	0.9127
8	1017	1	1687.0291	8	9	0	1	1	0.7827	0.7873
8	1018	1	1688.5791	5	2	0	1	1	0.7829	0.8037
8	1019	1	1690.1290	4	14	0	1	1	0.7831	0.6150
8	1020	1	1691.6790	6	11	0	1	1	0.7833	0.8249
8	1021	1	1693.2289	5	2	0	1	1	0.7835	0.6672
8	1022	1	1694.7788	8	9	0	1	1	0.7838	0.6840
8	1023	1	1696.3287	9	8	90	1	1	0.7840	0.7513
8	1024	1	1697.8786	12	7	0	1	1	0.7842	0.8492
8	1025	1	1699.4285	13	3	0	-1	0	0.7834	-1.0000
8	1026	1	1701.4783	12	7	90	0	1	0.7827	1.3775
8	1027	1	1703.4450	13	3	90	1	1	0.7829	1.3143
8	1028	1	1704.9949	12	7	0	1	1	0.7831	0.9479
8	1029	1	1706.5448	11	1	0	1	1	0.7833	0.7100
8	1030	1	1708.0948	13	3	0	1	1	0.7835	0.9691
8	1031	1	1709.6447	10	4	0	1	1	0.7837	0.8271
8	1032	1	1711.1946	11	1	0	1	1	0.7839	0.6218
8	1033	1	1712.7445	13	3	0	1	1	0.7841	1.0394
8	1034	1	1714.2944	11	1	0	1	1	0.7843	0.7061
8	1035	1	1715.8444	9	8	0	1	1	0.7845	0.8834
8	1036	1	1717.3943	11	1	0	1	1	0.7847	0.5976
8	1037	1	1718.9442	12	7	0	1	1	0.7850	0.7757
8	1038	1	1720.4941	13	3	0	1	1	0.7852	0.8247
8	1039	1	1722.0440	11	1	90	0	1	0.7844	0.5548
8	1040	1	1723.5940	12	7	0	1	1	0.7846	0.8299
8	1041	1	1725.1438	11	1	0	1	1	0.7848	0.6724
8	1042	1	1726.6938	9	8	0	1	1	0.7850	0.7370
8	1043	1	1728.2437	8	9	0	1	1	0.7852	0.8043
8	1044	1	1729.7936	7	12	0	1	1	0.7854	0.8055
8	1045	1	1731.3436	8	9	0	1	1	0.7856	0.6644
8	1046	1	1732.8934	5	2	0	1	1	0.7859	0.9534
8	1047	1	1734.4434	6	11	0	1	1	0.7861	0.9245
8	1048	1	1735.9933	5	2	0	1	1	0.7863	1.2148
8	1049	1	1737.5432	7	12	0	1	1	0.7865	0.7366
8	1050	1	1739.0931	5	2	0	1	1	0.7867	0.7232
8	1051	1	1740.6431	4	14	0	1	1	0.7869	0.7241
8	1052	1	1742.1930	7	12	0	1	1	0.7871	0.6630
8	1053	1	1743.7429	4	14	0	1	1	0.7873	0.5519
8	1054	1	1745.2928	5	2	90	0	1	0.7865	0.6831
8	1055	1	1746.8428	4	14	0	1	1	0.7867	0.8610
8	1056	1	1748.3927	7	12	0	1	1	0.7869	0.6239
8	1057	1	1749.9426	8	9	0	1	1	0.7871	0.6403
8	1058	1	1751.4925	6	11	90	1	1	0.7873	0.9624
8	1059	1	1753.0424	5	2	90	1	1	0.7875	0.9004
8	1060	1	1754.5923	7	12	0	1	1	0.7877	0.6469
8	1061	1	1756.1422	6	11	90	1	1	0.7879	0.8898
8	1062	1	1757.6922	5	2	90	1	1	0.7881	0.7156
8	1063	1	1759.2421	4	14	0	1	1	0.7883	0.6528
8	1064	1	1760.7920	5	2	0	1	1	0.7885	0.8958
8	1065	1	1762.3419	8	9	0	1	1	0.7887	0.6729
8	1066	1	1763.8919	9	8	0	1	1	0.7889	0.7723
8	1067	1	1765.4418	8	9	0	1	1	0.7891	0.6462
8	1068	1	1766.9917	5	2	0	1	1	0.7893	0.6950
8	1069	1	1768.5416	7	12	90	1	1	0.7895	0.9372
8	1070	1	1770.0915	8	9	90	1	1	0.7897	0.8444
8	1071	1	1771.6415	9	8	90	1	1	0.7899	0.7346
8	1072	1	1773.1913	10	4	0	1	1	0.7901	0.8810
8	1073	1	1774.7412	13	3	0	1	1	0.7903	1.1537
8	1074	1	1776.2912	11	1	0	1	1	0.7905	0.7888
8	1075	1	1777.8411	10	4	0	1	1	0.7907	0.7586
8	1076	1	1779.3910	9	8	0	1	1	0.7909	0.7129
8	1077	1	1780.9410	8	9	0	1	1	0.7911	0.6998
8	1078	1	1782.4908	6	11	90	1	1	0.7913	1.2456
8	1079	1	1784.0408	7	12	0	1	1	0.7915	0.8480
8	1080	1	1785.5907	8	9	0	1	1	0.7917	0.6882
8	1081	1	1787.1406	7	12	90	1	1	0.7919	0.6912
8	1082	1	1788.6906	5	2	0	1	1	0.7921	0.7562
8	1083	1	1790.2405	4	14	90	1	1	0.7922	0.7596
8	1084	1	1791.7904	3	5	0	1	1	0.7924	0.7775
8	1085	1	1793.3403	1	10	0	1	1	0.7926	1.0998
8	1086	1	1794.8901	14	13	90	1	1	0.7928	0.9086
8	1087	1	1796.4401	15	6	90	1	1	0.7930	0.8797
8	1088	1	1797.9901	2	15	0	1	1	0.7932	0.9927
8	1089	1	1799.5399	14	13	0	1	1	0.7934	0.8518
8	1090	1	1801.0899	15	6	0	1	1	0.7936	0.7569
8	1091	1	1802.6398	3	5	0	1	1	0.7938	0.7922
8	1092	1	1804.1898	1	10	0	1	1	0.7940	0.7462
8	1093	1	1805.7397	14	13	0	1	1	0.7941	0.7638
8	1094	1	1807.2894	13	3	0	1	1	0.7943	1.0375
8	1095	1	1808.8395	14	13	0	1	1	0.7945	0.8794
8	1096	1	1810.3894	15	6	0	1	1	0.7947	0.8986
8	1097	1	1811.9394	14	13	0	1	1	0.7949	0.6928
8	1098	1	1813.4892	1	10	90	1	1	0.7951	0.8229
8	1099	1	1815.0391	15	6	0	1	1	0.7953	0.6797
8	1100	1	1816.5891	3	5	0	1	1	0.7955	0.8269
8	1101	1	1818.1390	15	6	0	1	1	0.7956	0.6530
8	1102	1	1819.6888	2	15	0	1	1	0.7958	0.7820
8	1103	1	1821.2388	14	13	0	1	1	0.7960	0.7698
8	1104	1	1822.7887	13	3	0	1	1	0.7962	0.8990
8	1105	1	1824.3387	11	1	90	1	1	0.7964	0.8052
8	1106	1	1825.8886	9	8	90	1	1	0.7966	0.9514
8	1107	1	1827.4385	10	4	0	1	1	0.7967	0.8891
8	1108	1	1828.9885	12	7	90	1	1	0.7969	1.1955
8	1109	1	1830.5384	10	4	90	1	1	0.7971	0.9254
8	1110	1	1832.0883	9	8	0	1	1	0.7973	0.8306
8	1111	1	1833.6382	10	4	0	1	1	0.7975	0.8654
8	1112	1	1835.1882	9	8	0	1	1	0.7977	0.7227
8	1113	1	1836.7380	11	1	0	1	1	0.7978	0.6614
8	1114	1	1838.2880	12	7	0	1	1	0.7980	0.7748
8	1115	1	1839.8379	11	1	90	1	1	0.7982	0.7299
8	1116	1	1841.3878	13	3	0	1	1	0.7984	0.8910
8	1117	1	1842.9377	14	13	0	1	1	0.7986	0.7663
8	1118	1	1844.4877	1	10	0	1	1	0.7987	0.9922
8	1119	1	1846.0376	2	15	0	1	1	0.7989	0.9132
8	1120	1	1847.5875	1	10	0	1	1	0.7991	0.8686
8	1121	1	1849.1374	15	6	0	1	1	0.7993	0.7734
8	1122	1	1850.6874	2	15	0	1	1	0.7995	0.7766
8	1123	1	1852.2373	3	5	0	1	1	0.7996	0.8105
8	1124	1	1853.7872	2	15	0	1	1	0.7998	0.7958
8	1125	1	1855.3371	15	6	0	1	1	0.8000	0.8474
8	1126	1	1856.8870	14	13	0	1	1	0.8002	0.7839
8	1127	1	1858.4369	13	3	0	1	1	0.8004	0.9139
8	1128	1	1859.9869	11	1	90	1	1	0.8005	0.8048
8	1129	1	1861.5368	13	3	0	1	1	0.8007	1.3829
8	1130	1	1863.0866	14	13	0	1	1	0.8009	0.9042
8	1131	1	1864.6365	15	6	0	1	1	0.8011	0.6994
8	1132	1	1866.1865	14	13	0	1	1	0.8012	0.6843
8	1133	1	1867.7365	13	3	0	1	1	0.8014	0.7828
8	1134	1	1869.2864	10	4	0	1	1	0.8016	0.8805
8	1135	1	1870.8363	12	7	0	1	1	0.8018	1.0117
8	1136	1	1872.3862	13	3	0	1	1	0.8019	0.8858
8	1137	1	1873.9361	14	13	0	1	1	0.8021	0.6958
8	1138	1	1875.4860	2	15	0	1	1	0.8023	0.7768
8	1139	1	1877.0360	15	6	0	1	1	0.8025	0.6988
8	1140	1	1878.5858	14	13	0	1	1	0.8026	0.7022
8	1141	1	1880.1358	13	3	90	1	1	0.8028	1.0549
8	1142	1	1881.6857	12	7	90	1	1	0.8030	1.1384
8	1143	1	1883.2357	13	3	0	1	1	0.8031	0.7724
8	1144	1	1884.7856	12	7	0	1	1	0.8033	0.6944
8	1145	1	1886.3355	11	1	0	1	1	0.8035	0.6486
8	1146	1	1887.8854	12	7	0	1	1	0.8037	0.6174
8	1147	1	1889.4353	11	1	0	1	1	0.8038	0.6686
8	1148	1	1890.9852	12	7	90	1	1	0.8040	0.9589
8	1149	1	1892.5351	10	4	0	1	1	0.8042	0.8169
8	1150	1	1894.0851	11	1	0	1	1	0.8043	0.6268
8	1151	1	1895.6350	12	7	0	1	1	0.8045	0.9807
8	1152	1	1897.1849	13	3	0	1	1	0.8047	0.8219
8	1153	1	1898.7348	11	1	0	1	1	0.8049	0.6012
8	1154	1	1900.2847	12	7	0	1	1	0.8050	0.6981
8	1155	1	1901.8347	11	1	90	1	1	0.8052	0.9252
8	1156	1	1903.3846	9	8	90	1	1	0.8054	0.8320
8	1157	1	1904.9345	10	4	0	1	1	0.8055	0.6883
8	1158	1	1906.4844	12	7	0	1	1	0.8057	0.7064
8	1159	1	1908.0343	10	4	0	1	1	0.8059	0.6775
8	1160	1	1909.5843	11	1	0	1	1	0.8060	0.6159
8	1161	1	1911.1342	10	4	0	1	1	0.8062	0.6499
8	1162	1	1912.6841	13	3	0	1	1	0.8064	0.7480
8	1163	1	1914.2340	12	7	0	1	1	0.8065	0.7021
8	1164	1	1915.7839	9	8	0	1	1	0.8067	0.7190
8	1165	1	1917.3338	11	1	90	1	1	0.8069	0.8490
8	1166	1	1918.8838	10	4	0	1	1	0.8070	0.7241
8	1167	1	1920.4337	13	3	90	1	1	0.8072	1.3182
8	1168	1	1921.9836	14	13	0	-1	0	0.8065	-1.0000
8	1169	1	1924.0169	2	15	0	-1	0	0.8058	-1.0000
8	1170	1	1926.0501	3	5	0	-1	0	0.8051	-1.0000
8	1171	1	1928.1000	4	14	0	0	1	0.8044	1.4429
8	1172	1	1930.0665	6	11	0	1	1	0.8046	1.1723
8	1173	1	1931.6165	5	2	0	1	1	0.8048	1.0146
8	1174	1	1933.1664	6	11	0	1	1	0.8049	1.0496
8	1175	1	1934.7163	4	14	0	1	1	0.8051	0.9555
8	1176	1	1936.2661	3	5	0	1	1	0.8053	0.7807
8	1177	1	1937.8161	15	6	0	1	1	0.8054	0.8788
8	1178	1	1939.3660	1	10	90	1	1	0.8056	0.9141
8	1179	1	1940.9160	2	15	0	1	1	0.8058	0.9629
8	1180	1	1942.4659	3	5	90	1	1	0.8059	0.9503
8	1181	1	1944.0158	4	14	0	1	1	0.8061	0.7122
8	1182	1	1945.5657	5	2	0	1	1	0.8063	0.9866
8	1183	1	1947.1157	4	14	0	1	1	0.8064	0.7324
8	1184	1	1948.6656	5	2	0	1	1	0.8066	0.7185
8	1185	1	1950.2154	7	12	0	1	1	0.8068	0.8164
8	1186	1	1951.7654	8	9	90	1	1	0.8069	0.8340
8	1187	1	1953.3153	7	12	0	1	1	0.8071	0.7406
8	1188	1	1954.8652	5	2	0	1	1	0.8072	0.7909
8	1189	1	1956.4151	6	11	0	1	1	0.8074	0.9851
8	1190	1	1957.9651	7	12	0	1	1	0.8076	0.9379
8	1191	1	1959.5150	4	14	90	1	1	0.8077	0.7799
8	1192	1	1961.0649	3	5	0	1	1	0.8079	0.8940
8	1193	1	1962.6148	15	6	90	1	1	0.8080	0.8490
8	1194	1	1964.1647	2	15	0	1	1	0.8082	0.9301
8	1195	1	1965.7147	3	5	0	1	1	0.8084	1.0294
8	1196	1	1967.2646	15	6	0	1	1	0.8085	0.8712
8	1197	1	1968.8145	1	10	0	1	1	0.8087	0.7768
8	1198	1	1970.3645	14	13	0	1	1	0.8088	0.9236
8	1199	1	1971.9144	13	3	0	1	1	0.8090	0.8296
8	1200	1	1973.4642	10	4	0	1	1	0.8092	0.7028
8	1201	1	1975.0142	12	7	90	1	1	0.8093	0.9297
8	1202	1	1976.5641	10	4	0	1	1	0.8095	0.6749
8	1203	1	1978.1140	9	8	0	1	1	0.8096	0.9664
8	1204	1	1979.6640	10	4	0	1	1	0.8098	0.7920
8	1205	1	1981.2139	13	3	0	1	1	0.8100	0.7461
8	1206	1	1982.7638	12	7	0	1	1	0.8101	0.6843
8	1207	1	1984.3137	10	4	0	1	1	0.8103	0.6531
8	1208	1	1985.8636	9	8	0	1	1	0.8104	0.6406
8	1209	1	1987.4136	8	9	90	1	1	0.8106	0.7054
8	1210	1	1988.9635	7	12	0	1	1	0.8107	0.7726
8	1211	1	1990.5134	6	11	0	1	1	0.8109	0.8066
8	1212	1	1992.0633	8	9	0	0	1	0.8102	0.7276
8	1213	1	1993.6132	5	2	0	1	1	0.8104	0.8270
8	1214	1	1995.1631	8	9	0	1	1	0.8105	0.8130
8	1215	1	1996.7131	9	8	90	1	1	0.8107	1.0870
8	1216	1	1998.2629	12	7	0	1	1	0.8109	1.1372
8	1217	1	1999.8129	10	4	0	1	1	0.8110	0.7230
8	1218	1	2001.3628	11	1	0	1	1	0.8112	0.7252
8	1219	1	2002.9128	10	4	90	1	1	0.8113	0.8072
8	1220	1	2004.4627	13	3	0	1	1	0.8115	1.2882
8	1221	1	2006.0126	12	7	0	1	1	0.8116	1.2437
8	1222	1	2007.5625	9	8	90	1	1	0.8118	1.1333
8	1223	1	2009.1124	8	9	0	1	1	0.8119	0.9277
8	1224	1	2010.6623	6	11	0	1	1	0.8121	0.9458
8	1225	1	2012.2123	5	2	0	1	1	0.8122	0.7239
8	1226	1	2013.7622	4	14	90	1	1	0.8124	0.7417
8	1227	1	2015.3121	3	5	0	1	1	0.8126	0.8241
8	1228	1	2016.8620	4	14	90	1	1	0.8127	0.7608
8	1229	1	2018.4119	5	2	0	1	1	0.8129	0.7309
8	1230	1	2019.9618	4	14	90	1	1	0.8130	0.6701
8	1231	1	2021.5118	5	2	0	1	1	0.8132	0.7671
8	1232	1	2023.0617	4	14	0	1	1	0.8133	0.7213
8	1233	1	2024.6116	7	12	0	1	1	0.8135	0.7233
8	1234	1	2026.1615	6	11	0	1	1	0.8136	0.8386
8	1235	1	2027.7115	5	2	0	1	1	0.8138	0.7596
8	1236	1	2029.2614	4	14	0	1	1	0.8139	0.7455
8	1237	1	2030.8113	6	11	0	1	1	0.8141	0.8276
8	1238	1	2032.3612	8	9	0	1	1	0.8142	0.6387
8	1239	1	2033.9111	7	12	0	1	1	0.8144	0.6415
8	1240	1	2035.4610	5	2	90	0	1	0.8137	0.5938
8	1241	1	2037.0110	6	11	0	1	1	0.8139	0.8054
8	1242	1	2038.5609	8	9	0	1	1	0.8140	0.8060
8	1243	1	2040.1108	6	11	0	1	1	0.8142	0.8733
8	1244	1	2041.6607	8	9	0	1	1	0.8143	0.6674
8	1245	1	2043.2107	7	12	0	1	1	0.8145	0.7333
8	1246	1	2044.7605	4	14	0	1	1	0.8146	0.6384
8	1247	1	2046.3105	7	12	90	1	1	0.8148	0.7212
8	1248	1	2047.8604	5	2	0	1	1	0.8149	0.8026
8	1249	1	2049.4103	7	12	0	1	1	0.8151	0.7577
8	1250	1	2050.9602	5	2	0	1	1	0.8152	1.0000
8	1251	1	2052.5102	7	12	0	1	1	0.8153	0.6967
8	1252	1	2054.0601	5	2	0	1	1	0.8155	0.6842
8	1253	1	2055.6100	6	11	0	1	1	0.8156	0.7821
8	1254	1	2057.1599	4	14	0	1	1	0.8158	0.7681
8	1255	1	2058.7098	3	5	0	1	1	0.8159	0.8183
8	1256	1	2060.2598	15	6	0	1	1	0.8161	0.9481
8	1257	1	2061.8097	14	13	0	1	1	0.8162	0.8212
8	1258	1	2063.3596	1	10	0	1	1	0.8164	0.8565
8	1259	1	2064.9094	3	5	90	1	1	0.8165	0.7774
8	1260	1	2066.4594	2	15	0	1	1	0.8167	0.8923
8	1261	1	2068.0093	3	5	0	1	1	0.8168	0.7668
8	1262	1	2069.5593	2	15	0	1	1	0.8170	0.7366
8	1263	1	2071.1092	1	10	90	1	1	0.8171	0.7537
8	1264	1	2072.6591	2	15	90	1	1	0.8172	0.8839
8	1265	1	2074.2090	1	10	0	1	1	0.8174	0.9020
8	1266	1	2075.7589	15	6	0	1	1	0.8175	0.8253
8	1267	1	2077.3088	1	10	0	1	1	0.8177	0.6993
8	1268	1	2078.8588	15	6	0	1	1	0.8178	0.6203
8	1269	1	2080.4086	14	13	0	1	1	0.8180	1.1034
8	1270	1	2081.9586	15	6	90	0	1	0.8173	0.7535
8	1271	1	2083.5086	3	5	90	-1	0	0.8167	-1.0000
8	1272	1	2085.5251	2	15	0	1	1	0.8168	1.4113
8	1273	1	2087.0916	14	13	0	1	1	0.8170	1.0754
8	1274	1	2088.6416	13	3	90	1	1	0.8171	1.0944
8	1275	1	2090.1915	12	7	90	1	1	0.8173	0.9526
8	1276	1	2091.7414	10	4	90	1	1	0.8174	0.7135
8	1277	1	2093.2914	13	3	0	1	1	0.8175	0.9887
8	1278	1	2094.8413	10	4	0	1	1	0.8177	0.7655
8	1279	1	2096.3911	12	7	0	1	1	0.8178	0.9924
8	1280	1	2097.9411	13	3	0	1	1	0.8180	0.7867
8	1281	1	2099.4911	11	1	90	1	1	0.8181	0.7563
8	1282	1	2101.0410	9	8	0	1	1	0.8183	0.8070
8	1283	1	2102.5909	10	4	90	1	1	0.8184	0.8412
8	1284	1	2104.1408	12	7	0	1	1	0.8185	0.8111
8	1285	1	2105.6907	9	8	0	1	1	0.8187	0.7322
8	1286	1	2107.2406	12	7	0	1	1	0.8188	0.6235
8	1287	1	2108.7905	10	4	0	1	1	0.8190	0.7537
8	1288	1	2110.3405	11	1	0	1	1	0.8191	0.7076
8	1289	1	2111.8904	10	4	90	1	1	0.8192	0.6938
8	1290	1	2113.4403	12	7	0	1	1	0.8194	0.6466
8	1291	1	2114.9902	9	8	0	1	1	0.8195	0.6657
8	1292	1	2116.5401	12	7	90	1	1	0.8197	0.9081
8	1293	1	2118.0901	13	3	90	1	1	0.8198	1.0214
8	1294	1	2119.6399	10	4	0	1	1	0.8199	0.8149
8	1295	1	2121.1899	9	8	0	1	1	0.8201	0.6418
8	1296	1	2122.7398	8	9	0	1	1	0.8202	0.8671
8	1297	1	2124.2897	5	2	0	1	1	0.8204	0.7583
8	1298	1	2125.8397	8	9	90	1	1	0.8205	0.6966
8	1299	1	2127.3896	9	8	0	1	1	0.8206	0.7133
8	1300	1	2128.9395	12	7	0	1	1	0.8208	0.7964
8	1301	1	2130.4894	13	3	0	1	1	0.8209	0.7985
8	1302	1	2132.0393	14	13	90	1	1	0.8210	0.7997
8	1303	1	2133.5893	15	6	0	1	1	0.8212	0.7232
8	1304	1	2135.1392	2	15	0	1	1	0.8213	0.8368
8	1305	1	2136.6890	15	6	0	1	1	0.8215	0.9831
8	1306	1	2138.2390	1	10	0	1	1	0.8216	0.8398
8	1307	1	2139.7889	15	6	90	0	1	0.8210	0.6993
8	1308	1	2141.3388	3	5	0	-1	0	0.8203	-1.0000
8	1309	1	2143.3888	15	6	90	-1	0	0.8197	-1.0000
8	1310	1	2145.4385	1	10	0	-1	0	0.8191	-1.0000
8	1311	1	2147.4718	15	6	0	-1	0	0.8185	-1.0000
8	1312	1	2149.5218	2	15	0	1	1	0.8186	0.8384
8	1313	1	2151.0717	15	6	0	1	1	0.8187	0.7443
8	1314	1	2152.6216	1	10	0	1	1	0.8189	0.7454
8	1315	1	2154.1715	14	13	0	1	1	0.8190	0.7806
8	1316	1	2155.7214	2	15	0	1	1	0.8191	0.6866
8	1317	1	2157.2714	1	10	0	1	1	0.8193	0.6395
8	1318	1	2158.8212	2	15	0	1	1	0.8194	0.6430
8	1319	1	2160.3712	14	13	0	1	1	0.8196	0.7238
8	1320	1	2161.9211	1	10	0	1	1	0.8197	0.6308
8	1321	1	2163.4710	15	6	90	0	1	0.8191	0.7450
8	1322	1	2165.0210	3	5	0	1	1	0.8192	0.8748
8	1323	1	2166.5709	2	15	0	1	1	0.8193	0.7011
8	1324	1	2168.1208	3	5	0	1	1	0.8195	0.9432
8	1325	1	2169.6707	1	10	0	1	1	0.8196	0.7854
8	1326	1	2171.2206	3	5	0	1	1	0.8198	0.6427
8	1327	1	2172.7706	2	15	0	1	1	0.8199	0.6773
8	1328	1	2174.3205	14	13	0	1	1	0.8200	0.7595
8	1329	1	2175.8704	13	3	0	1	1	0.8202	0.9365
8	1330	1	2177.4202	10	4	0	1	1	0.8203	0.7318
8	1331	1	2178.9702	9	8	0	1	1	0.8204	0.7337
8	1332	1	2180.5202	12	7	0	1	1	0.8206	0.9587
8	1333	1	2182.0701	11	1	90	1	1	0.8207	0.8655
8	1334	1	2183.6200	12	7	0	1	1	0.8208	0.7722
8	1335	1	2185.1699	9	8	0	1	1	0.8210	0.9010
8	1336	1	2186.7198	11	1	0	1	1	0.8211	0.6802
8	1337	1	2188.2698	12	7	0	1	1	0.8212	0.7146
8	1338	1	2189.8196	10	4	0	1	1	0.8214	0.7323
8	1339	1	2191.3696	13	3	90	1	1	0.8215	1.0854
8	1340	1	2192.9195	12	7	0	1	1	0.8216	0.6884
8	1341	1	2194.4694	11	1	0	1	1	0.8218	0.6585
8	1342	1	2196.0193	9	8	0	1	1	0.8219	0.6772
8	1343	1	2197.5693	10	4	0	1	1	0.8220	0.6297
8	1344	1	2199.1192	13	3	0	1	1	0.8222	0.6968
8	1345	1	2200.6691	12	7	0	1	1	0.8223	0.6178
8	1346	1	2202.2190	13	3	0	1	1	0.8224	0.6679
8	1347	1	2203.7689	14	13	0	1	1	0.8226	0.7832
8	1348	1	2205.3189	1	10	90	1	1	0.8227	0.7373
8	1349	1	2206.8688	14	13	90	1	1	0.8228	0.8022
8	1350	1	2208.4187	2	15	90	1	1	0.8230	0.7884
8	1351	1	2209.9686	15	6	0	0	1	0.8224	0.9040
8	1352	1	2211.5185	3	5	0	1	1	0.8225	0.7455
8	1353	1	2213.0685	1	10	0	1	1	0.8226	0.8106
8	1354	1	2214.6184	14	13	0	1	1	0.8227	0.7326
8	1355	1	2216.1683	1	10	0	1	1	0.8229	0.8146
8	1356	1	2217.7182	2	15	0	1	1	0.8230	0.8167
8	1357	1	2219.2681	14	13	90	1	1	0.8231	0.9468
8	1358	1	2220.8180	2	15	0	1	1	0.8233	1.1101
8	1359	1	2222.3680	3	5	0	1	1	0.8234	0.8401
8	1360	1	2223.9179	4	14	90	1	1	0.8235	0.7626
8	1361	1	2225.4678	6	11	0	1	1	0.8237	1.0366
8	1362	1	2227.0177	4	14	0	1	1	0.8238	1.1492
8	1363	1	2228.5676	5	2	90	1	1	0.8239	0.7525
8	1364	1	2230.1176	4	14	0	1	1	0.8240	0.6253
8	1365	1	2231.6675	3	5	0	1	1	0.8242	0.8834
8	1366	1	2233.2174	15	6	0	1	1	0.8243	0.7585
8	1367	1	2234.7673	2	15	90	0	1	0.8237	0.7924
8	1368	1	2236.3173	3	5	0	1	1	0.8238	0.7936
8	1369	1	2237.8671	15	6	0	1	1	0.8240	0.9251
8	1370	1	2239.4171	14	13	0	1	1	0.8241	0.8789
8	1371	1	2240.9670	2	15	0	1	1	0.8242	0.7839
8	1372	1	2242.5169	15	6	0	1	1	0.8243	0.7226
8	1373	1	2244.0668	3	5	0	1	1	0.8245	0.7579
8	1374	1	2245.6167	2	15	0	1	1	0.8246	0.5982
8	1375	1	2247.1667	1	10	0	1	1	0.8247	0.6975
8	1376	1	2248.7165	15	6	0	1	1	0.8249	0.7784
8	1377	1	2250.2665	1	10	90	1	1	0.8250	0.8775
8	1378	1	2251.8164	14	13	0	1	1	0.8251	0.8637
8	1379	1	2253.3663	1	10	0	1	1	0.8252	1.4895
8	1380	1	2255.0162	15	6	0	1	1	0.8254	0.9439
8	1381	1	2256.5662	2	15	0	1	1	0.8255	0.7539
8	1382	1	2258.1161	3	5	0	1	1	0.8256	0.8189
8	1383	1	2259.6660	15	6	0	1	1	0.8257	0.5987
8	1384	1	2261.2159	1	10	0	1	1	0.8259	0.7430
8	1385	1	2262.7658	2	15	0	1	1	0.8260	0.6824
8	1386	1	2264.3158	14	13	0	1	1	0.8261	0.7482
8	1387	1	2265.8657	1	10	0	1	1	0.8262	0.6704
8	1388	1	2267.4155	2	15	0	1	1	0.8264	0.6887
8	1389	1	2268.9656	3	5	0	1	1	0.8265	0.6733
8	1390	1	2270.5154	2	15	0	1	1	0.8266	0.7085
8	1391	1	2272.0654	15	6	90	1	1	0.8267	0.9348
8	1392	1	2273.6153	3	5	0	1	1	0.8269	0.8078
8	1393	1	2275.1652	15	6	0	1	1	0.8270	0.6657
8	1394	1	2276.7151	1	10	0	1	1	0.8271	0.7811
8	1395	1	2278.2651	14	13	0	1	1	0.8272	0.8788
8	1396	1	2279.8150	1	10	90	1	1	0.8274	0.7531
8	1397	1	2281.3649	2	15	0	1	1	0.8275	0.9312
8	1398	1	2282.9148	14	13	0	1	1	0.8276	0.8362
8	1399	1	2284.4647	1	10	0	1	1	0.8277	0.9351
8	1400	1	2286.0147	2	15	0	1	1	0.8279	0.6974
8	1	2	1.0166	9	8	0	-1	0	NaN	-1.0000
8	2	2	2.5498	11	1	0	-1	0	NaN	-1.0000
8	3	2	4.0831	12	7	0	-1	0	NaN	-1.0000
8	4	2	5.6163	10	4	0	-1	0	NaN	-1.0000
8	5	2	7.1496	9	8	0	-1	0	NaN	-1.0000
8	6	2	8.6828	12	7	0	-1	0	NaN	-1.0000
8	7	2	10.2161	10	4	0	-1	0	NaN	-1.0000
8	8	2	11.7493	13	3	0	-1	1	0.0000	0.7059
8	9	2	13.2826	14	13	0	-1	1	0.5000	1.0927
8	10	2	14.8159	13	3	0	-1	0	0.5000	-1.0000
8	11	2	16.3491	11	1	0	-1	0	0.5000	-1.0000
8	12	2	17.8824	12	7	0	-1	0	0.5000	-1.0000
8	13	2	19.4156	11	1	0	-1	0	0.5000	-1.0000
8	14	2	20.9488	12	7	0	-1	0	0.5000	-1.0000
8	15	2	22.4822	11	1	0	-1	0	0.5000	-1.0000
8	16	2	24.0154	10	4	0	-1	0	0.5000	-1.0000
8	17	2	25.5487	9	8	0	-1	0	0.5000	-1.0000
8	18	2	27.0819	8	9	0	-1	0	0.5000	-1.0000
8	19	2	28.6152	7	12	0	-1	0	0.5000	-1.0000
8	20	2	30.1484	6	11	0	-1	0	0.5000	-1.0000
8	21	2	31.6817	5	2	0	-1	0	0.5000	-1.0000
8	22	2	33.2149	4	14	0	-1	0	0.5000	-1.0000
8	23	2	34.7482	3	5	0	-1	0	0.5000	-1.0000
8	24	2	36.2815	2	15	0	-1	0	0.5000	-1.0000
8	25	2	37.8147	1	10	0	-1	0	0.5000	-1.0000
8	26	2	39.3480	15	6	0	-1	0	0.5000	-1.0000
8	27	2	40.8811	14	13	0	-1	0	0.5000	-1.0000
8	28	2	42.4145	13	3	0	-1	0	0.5000	-1.0000
8	29	2	43.9477	12	7	0	-1	0	0.5000	-1.0000
8	30	2	45.4810	11	1	0	-1	0	0.5000	-1.0000
8	31	2	47.0142	12	7	0	-1	1	0.3333	0.3530
8	32	2	48.5475	9	8	0	-1	0	0.3333	-1.0000
8	33	2	50.0807	8	9	0	-1	0	0.3333	-1.0000
8	34	2	51.6140	7	12	0	-1	0	0.3333	-1.0000
8	35	2	53.1472	5	2	0	-1	0	0.3333	-1.0000
8	36	2	54.6805	7	12	0	-1	0	0.3333	-1.0000
8	37	2	56.2138	4	14	0	-1	0	0.3333	-1.0000
8	38	2	57.7470	6	11	0	-1	1	0.2500	0.7883
8	39	2	59.2803	8	9	0	-1	0	0.2500	-1.0000
8	40	2	60.8135	7	12	0	-1	0	0.2500	-1.0000
8	41	2	62.3467	4	14	0	-1	0	0.2500	-1.0000
8	42	2	63.8800	6	11	0	-1	0	0.2500	-1.0000
8	43	2	65.4132	5	2	0	-1	0	0.2500	-1.0000
8	44	2	66.9465	7	12	0	-1	1	0.2000	0.2444
8	45	2	68.4798	8	9	0	-1	0	0.2000	-1.0000
8	46	2	70.0130	9	8	0	-1	0	0.2000	-1.0000
8	47	2	71.5462	10	4	0	-1	0	0.2000	-1.0000
8	48	2	73.0795	11	1	0	-1	0	0.2000	-1.0000
8	49	2	74.6128	12	7	0	-1	1	0.1667	0.8017
8	50	2	76.1460	13	3	0	-1	0	0.1667	-1.0000
8	51	2	77.6793	14	13	0	-1	0	0.1667	-1.0000
8	52	2	79.2125	15	6	0	-1	0	0.1667	-1.0000
8	53	2	80.7458	1	10	0	-1	0	0.1667	-1.0000
8	54	2	82.2791	2	15	0	-1	0	0.1667	-1.0000
8	55	2	83.8123	3	5	0	-1	1	0.1429	0.2431
8	56	2	85.3456	4	14	0	-1	0	0.1429	-1.0000
8	57	2	86.8788	5	2	0	-1	0	0.1429	-1.0000
8	58	2	88.4120	6	11	0	-1	0	0.1429	-1.0000
8	59	2	89.9453	7	12	0	-1	0	0.1429	-1.0000
8	60	2	91.4786	8	9	0	-1	0	0.1429	-1.0000
8	61	2	93.0118	7	12	0	-1	1	0.1250	1.0916
8	62	2	94.5451	8	9	0	-1	0	0.1250	-1.0000
8	63	2	96.0783	9	8	0	-1	0	0.1250	-1.0000
8	64	2	97.6116	10	4	0	-1	0	0.1250	-1.0000
8	65	2	99.1448	12	7	0	-1	0	0.1250	-1.0000
8	66	2	100.6781	10	4	0	-1	0	0.1250	-1.0000
8	67	2	102.2113	9	8	0	-1	0	0.1250	-1.0000
8	68	2	103.7446	11	1	0	-1	1	0.1111	1.3668
8	69	2	105.2779	9	8	0	-1	0	0.1111	-1.0000
8	70	2	106.8111	10	4	0	-1	0	0.1111	-1.0000
8	71	2	108.3443	13	3	0	-1	0	0.1111	-1.0000
8	72	2	109.8776	14	13	0	-1	0	0.1111	-1.0000
8	73	2	111.4109	1	10	0	-1	1	0.1000	0.3725
8	74	2	112.9441	15	6	0	-1	0	0.1000	-1.0000
8	75	2	114.4774	3	5	0	-1	1	0.0909	1.0012
8	76	2	116.0106	4	14	0	-1	0	0.0909	-1.0000
8	77	2	117.5439	5	2	0	-1	0	0.0909	-1.0000
8	78	2	119.0771	6	11	0	-1	0	0.0909	-1.0000
8	79	2	120.6104	7	12	0	-1	1	0.0833	0.9336
8	80	2	122.1436	8	9	0	-1	0	0.0833	-1.0000
8	81	2	123.6769	9	8	0	-1	0	0.0833	-1.0000
8	82	2	125.2101	10	4	0	-1	0	0.0833	-1.0000
8	83	2	126.7434	11	1	0	-1	0	0.0833	-1.0000
8	84	2	128.2767	12	7	0	-1	0	0.0833	-1.0000
8	85	2	129.8099	13	3	0	-1	0	0.0833	-1.0000
8	86	2	131.3432	14	13	0	-1	0	0.0833	-1.0000
8	87	2	132.8764	15	6	0	-1	0	0.0833	-1.0000
8	88	2	134.4096	1	10	0	-1	0	0.0833	-1.0000
8	89	2	135.9429	2	15	0	-1	0	0.0833	-1.0000
8	90	2	137.4762	3	5	0	-1	1	0.0769	1.1231
8	91	2	139.0094	1	10	0	-1	0	0.0769	-1.0000
8	92	2	140.5427	14	13	0	-1	0	0.0769	-1.0000
8	93	2	142.0759	15	6	0	-1	0	0.0769	-1.0000
8	94	2	143.6091	3	5	0	-1	1	0.0714	0.6067
8	95	2	145.1425	1	10	0	-1	0	0.0714	-1.0000
8	96	2	146.6757	3	5	0	-1	0	0.0714	-1.0000
8	97	2	148.2089	4	14	0	-1	0	0.0714	-1.0000
8	98	2	149.7422	5	2	0	-1	0	0.0714	-1.0000
8	99	2	151.2755	6	11	0	-1	0	0.0714	-1.0000
8	100	2	152.8087	4	14	0	-1	0	0.0714	-1.0000
8	101	2	154.3419	7	12	0	-1	0	0.0714	-1.0000
8	102	2	155.8752	6	11	0	-1	0	0.0714	-1.0000
8	103	2	157.4085	8	9	0	-1	0	0.0714	-1.0000
8	104	2	158.9417	9	8	0	-1	0	0.0714	-1.0000
8	105	2	160.4749	10	4	0	-1	0	0.0714	-1.0000
8	106	2	162.0082	11	1	0	-1	0	0.0714	-1.0000
8	107	2	163.5415	12	7	0	-1	0	0.0714	-1.0000
8	108	2	165.0747	13	3	0	-1	0	0.0714	-1.0000
8	109	2	166.6079	14	13	0	-1	0	0.0714	-1.0000
8	110	2	168.1413	15	6	0	-1	0	0.0714	-1.0000
8	111	2	169.6745	1	10	0	-1	0	0.0714	-1.0000
8	112	2	171.2077	2	15	0	-1	0	0.0714	-1.0000
8	113	2	172.7410	3	5	0	-1	0	0.0714	-1.0000
8	114	2	174.2743	4	14	0	-1	0	0.0714	-1.0000
8	115	2	175.8075	5	2	0	-1	0	0.0714	-1.0000
8	116	2	177.3407	6	11	0	-1	0	0.0714	-1.0000
8	117	2	178.8740	7	12	0	-1	0	0.0714	-1.0000
8	118	2	180.4073	8	9	0	-1	0	0.0714	-1.0000
8	119	2	181.9405	9	8	0	-1	1	0.1333	0.8670
8	120	2	183.4738	10	4	0	-1	0	0.1333	-1.0000
8	121	2	185.0070	9	8	0	-1	0	0.1333	-1.0000
8	122	2	186.5403	11	1	0	-1	0	0.1333	-1.0000
8	123	2	188.0736	12	7	0	-1	0	0.1333	-1.0000
8	124	2	189.6068	13	3	0	-1	0	0.1333	-1.0000
8	125	2	191.1401	12	7	0	-1	0	0.1333	-1.0000
8	126	2	192.6733	10	4	0	-1	1	0.1250	1.1420
8	127	2	194.2065	12	7	0	-1	0	0.1250	-1.0000
8	128	2	195.7398	11	1	0	-1	0	0.1250	-1.0000
8	129	2	197.2730	13	3	0	-1	0	0.1250	-1.0000
8	130	2	198.8063	12	7	0	-1	0	0.1250	-1.0000
8	131	2	200.3396	10	4	0	-1	0	0.1250	-1.0000
8	132	2	201.8728	13	3	0	-1	0	0.1250	-1.0000
8	133	2	203.4060	12	7	0	-1	0	0.1250	-1.0000
8	134	2	204.9393	13	3	0	-1	0	0.1250	-1.0000
8	135	2	206.4726	12	7	0	-1	1	0.1176	0.2708
8	136	2	208.0058	13	3	0	-1	0	0.1176	-1.0000
8	137	2	209.5391	14	13	0	-1	0	0.1176	-1.0000
8	138	2	211.0724	15	6	0	-1	1	0.1111	1.1438
8	139	2	212.6056	1	10	0	-1	0	0.1111	-1.0000
8	140	2	214.1389	2	15	0	-1	0	0.1111	-1.0000
8	141	2	215.6721	3	5	0	-1	0	0.1111	-1.0000
8	142	2	217.2054	4	14	0	-1	0	0.1111	-1.0000
8	143	2	218.7386	5	2	0	-1	1	0.1053	0.1486
8	144	2	220.2719	6	11	0	-1	0	0.1053	-1.0000
8	145	2	221.8051	7	12	0	-1	0	0.1053	-1.0000
8	146	2	223.3384	8	9	0	-1	0	0.1053	-1.0000
8	147	2	224.8716	9	8	0	-1	0	0.1053	-1.0000
8	148	2	226.4049	10	4	0	-1	0	0.1053	-1.0000
8	149	2	227.9382	11	1	0	-1	0	0.1053	-1.0000
8	150	2	229.4714	12	7	0	-1	1	0.1000	0.8239
8	151	2	231.0046	9	8	0	-1	0	0.1000	-1.0000
8	152	2	232.5379	11	1	0	-1	0	0.1000	-1.0000
8	153	2	234.0711	13	3	0	-1	1	0.0952	0.2564
8	154	2	235.6044	11	1	0	-1	0	0.0952	-1.0000
8	155	2	237.1377	13	3	0	-1	0	0.0952	-1.0000
8	156	2	238.6709	12	7	0	-1	1	0.0909	0.7274
8	157	2	240.2042	13	3	0	-1	0	0.0909	-1.0000
8	158	2	241.7374	11	1	0	-1	0	0.0909	-1.0000
8	159	2	243.2706	10	4	0	-1	0	0.0909	-1.0000
8	160	2	244.8039	12	7	0	-1	0	0.0909	-1.0000
8	161	2	246.3372	11	1	0	-1	0	0.0909	-1.0000
8	162	2	247.8704	9	8	0	-1	0	0.0909	-1.0000
8	163	2	249.4036	8	9	0	-1	0	0.0909	-1.0000
8	164	2	250.9370	5	2	0	-1	0	0.0909	-1.0000
8	165	2	252.4702	7	12	0	-1	0	0.0909	-1.0000
8	166	2	254.0034	8	9	0	-1	0	0.0909	-1.0000
8	167	2	255.5366	9	8	0	-1	0	0.0909	-1.0000
8	168	2	257.0700	10	4	0	-1	0	0.0909	-1.0000
8	169	2	258.6032	11	1	0	-1	0	0.0909	-1.0000
8	170	2	260.1365	12	7	0	-1	1	0.0870	0.7977
8	171	2	261.6697	13	3	0	-1	0	0.0870	-1.0000
8	172	2	263.2030	14	13	0	-1	1	0.1250	0.9169
8	173	2	264.7361	15	6	0	-1	0	0.1250	-1.0000
8	174	2	266.2695	1	10	0	-1	0	0.1250	-1.0000
8	175	2	267.8027	2	15	0	-1	0	0.1250	-1.0000
8	176	2	269.3359	3	5	0	-1	0	0.1250	-1.0000
8	177	2	270.8692	4	14	0	-1	0	0.1250	-1.0000
8	178	2	272.4025	5	2	0	-1	0	0.1250	-1.0000
8	179	2	273.9358	6	11	0	-1	1	0.1200	0.6636
8	180	2	275.4690	7	12	0	-1	1	0.1154	0.5864
8	181	2	277.0022	8	9	0	-1	0	0.1154	-1.0000
8	182	2	278.5355	5	2	0	-1	0	0.1154	-1.0000
8	183	2	280.0688	6	11	0	-1	1	0.1111	0.6266
8	184	2	281.6020	8	9	0	-1	0	0.1111	-1.0000
8	185	2	283.1353	7	12	0	-1	0	0.1111	-1.0000
8	186	2	284.6685	6	11	0	-1	1	0.1071	0.5396
8	187	2	286.2017	4	14	0	-1	0	0.1071	-1.0000
8	188	2	287.7350	3	5	0	-1	1	0.1379	0.7043
8	189	2	289.2683	2	15	0	-1	1	0.1333	1.1220
8	190	2	290.8015	14	13	0	-1	0	0.1333	-1.0000
8	191	2	292.3348	2	15	0	-1	0	0.1333	-1.0000
8	192	2	293.8680	14	13	0	-1	1	0.1290	0.6192
8	193	2	295.4013	2	15	0	-1	0	0.1290	-1.0000
8	194	2	296.9345	14	13	0	-1	0	0.1290	-1.0000
8	195	2	298.4678	13	3	0	-1	1	0.1563	0.4514
8	196	2	300.0011	14	13	0	-1	0	0.1563	-1.0000
8	197	2	301.5343	15	6	0	-1	0	0.1563	-1.0000
8	198	2	303.0675	1	10	0	-1	0	0.1563	-1.0000
8	199	2	304.6008	2	15	0	-1	1	0.1515	0.7668
8	200	2	306.1340	3	5	0	-1	1	0.1471	0.5773
8	201	2	307.6673	4	14	0	-1	1	0.1714	0.6281
8	202	2	309.2006	5	2	0	-1	1	0.1667	0.7266
8	203	2	310.7338	6	11	0	-1	1	0.1622	0.7613
8	204	2	312.2671	7	12	0	-1	0	0.1622	-1.0000
8	205	2	313.8003	8	9	0	-1	0	0.1622	-1.0000
8	206	2	315.3336	9	8	0	-1	0	0.1622	-1.0000
8	207	2	316.8669	10	4	0	-1	0	0.1622	-1.0000
8	208	2	318.4001	11	1	0	-1	0	0.1622	-1.0000
8	209	2	319.9334	12	7	0	-1	1	0.1579	0.4420
8	210	2	321.4666	13	3	0	-1	0	0.1579	-1.0000
8	211	2	322.9999	11	1	0	-1	0	0.1579	-1.0000
8	212	2	324.5331	10	4	0	-1	0	0.1579	-1.0000
8	213	2	326.0664	9	8	0	-1	0	0.1579	-1.0000
8	214	2	327.5996	10	4	0	-1	0	0.1579	-1.0000
8	215	2	329.1329	13	3	0	-1	0	0.1579	-1.0000
8	216	2	330.6661	10	4	0	-1	0	0.1579	-1.0000
8	217	2	332.1994	9	8	0	-1	0	0.1579	-1.0000
8	218	2	333.7326	12	7	0	-1	0	0.1579	-1.0000
8	219	2	335.2659	13	3	0	-1	1	0.1538	0.5974
8	220	2	336.7992	12	7	0	-1	0	0.1538	-1.0000
8	221	2	338.3324	13	3	0	-1	0	0.1538	-1.0000
8	222	2	339.8656	12	7	0	-1	0	0.1538	-1.0000
8	223	2	341.3989	11	1	0	-1	0	0.1538	-1.0000
8	224	2	342.9321	10	4	0	-1	0	0.1538	-1.0000
8	225	2	344.4654	9	8	0	-1	0	0.1538	-1.0000
8	226	2	345.9987	10	4	0	-1	0	0.1538	-1.0000
8	227	2	347.5319	11	1	0	-1	0	0.1538	-1.0000
8	228	2	349.0651	12	7	0	-1	1	0.1500	0.5262
8	229	2	350.5984	13	3	0	-1	0	0.1500	-1.0000
8	230	2	352.1317	14	13	0	-1	0	0.1500	-1.0000
8	231	2	353.6649	15	6	0	-1	0	0.1500	-1.0000
8	232	2	355.1982	1	10	0	-1	0	0.1500	-1.0000
8	233	2	356.7314	2	15	0	-1	1	0.1463	0.7159
8	234	2	358.2646	3	5	0	-1	0	0.1463	-1.0000
8	235	2	359.7979	4	14	0	-1	0	0.1463	-1.0000
8	236	2	361.3312	5	2	0	-1	0	0.1463	-1.0000
8	237	2	362.8644	6	11	0	-1	0	0.1463	-1.0000
8	238	2	364.3977	7	12	0	-1	1	0.1429	0.3769
8	239	2	365.9310	8	9	0	-1	0	0.1429	-1.0000
8	240	2	367.4641	9	8	0	-1	0	0.1429	-1.0000
8	241	2	368.9975	10	4	0	-1	0	0.1429	-1.0000
8	242	2	370.5307	9	8	0	-1	0	0.1429	-1.0000
8	243	2	372.0640	8	9	0	-1	0	0.1429	-1.0000
8	244	2	373.5972	6	11	0	-1	0	0.1429	-1.0000
8	245	2	375.1305	5	2	0	-1	1	0.1395	0.5246
8	246	2	376.6637	4	14	0	-1	0	0.1395	-1.0000
8	247	2	378.1970	6	11	0	-1	1	0.1364	0.3853
8	248	2	379.7302	8	9	0	-1	0	0.1364	-1.0000
8	249	2	381.2635	7	12	0	-1	0	0.1364	-1.0000
8	250	2	382.7968	5	2	0	-1	1	0.1333	0.8587
8	251	2	384.3300	4	14	0	-1	0	0.1333	-1.0000
8	252	2	385.8633	7	12	0	-1	0	0.1333	-1.0000
8	253	2	387.3964	4	14	0	-1	0	0.1333	-1.0000
8	254	2	388.9297	7	12	0	-1	0	0.1333	-1.0000
8	255	2	390.4630	4	14	0	-1	0	0.1333	-1.0000
8	256	2	391.9963	3	5	0	-1	0	0.1333	-1.0000
8	257	2	393.5295	2	15	0	-1	0	0.1333	-1.0000
8	258	2	395.0627	1	10	0	-1	0	0.1333	-1.0000
8	259	2	396.5960	15	6	0	-1	0	0.1333	-1.0000
8	260	2	398.1293	14	13	0	-1	1	0.1304	0.6450
8	261	2	399.6625	13	3	0	-1	0	0.1304	-1.0000
8	262	2	401.1958	12	7	0	-1	0	0.1304	-1.0000
8	263	2	402.7290	11	1	0	-1	1	0.1277	0.3343
8	264	2	404.2623	10	4	0	-1	0	0.1277	-1.0000
8	265	2	405.7956	9	8	0	-1	0	0.1277	-1.0000
8	266	2	407.3288	8	9	0	-1	0	0.1277	-1.0000
8	267	2	408.8620	7	12	0	-1	0	0.1277	-1.0000
8	268	2	410.3952	6	11	0	-1	0	0.1277	-1.0000
8	269	2	411.9286	5	2	0	-1	0	0.1277	-1.0000
8	270	2	413.4618	4	14	0	-1	0	0.1277	-1.0000
8	271	2	414.9951	7	12	0	-1	0	0.1277	-1.0000
8	272	2	416.5283	8	9	0	-1	0	0.1277	-1.0000
8	273	2	418.0616	5	2	0	-1	0	0.1277	-1.0000
8	274	2	419.5948	7	12	0	-1	0	0.1277	-1.0000
8	275	2	421.1281	4	14	0	-1	0	0.1277	-1.0000
8	276	2	422.6613	7	12	0	-1	1	0.1250	0.5296
8	277	2	424.1945	5	2	0	-1	0	0.1250	-1.0000
8	278	2	425.7278	6	11	0	-1	0	0.1250	-1.0000
8	279	2	427.2610	5	2	0	-1	0	0.1250	-1.0000
8	280	2	428.7943	8	9	0	-1	0	0.1250	-1.0000
8	281	2	430.3276	9	8	0	-1	0	0.1250	-1.0000
8	282	2	431.8608	12	7	0	-1	0	0.1250	-1.0000
8	283	2	433.3941	9	8	0	-1	0	0.1250	-1.0000
8	284	2	434.9274	8	9	0	-1	0	0.1250	-1.0000
8	285	2	436.4606	9	8	0	-1	0	0.1250	-1.0000
8	286	2	437.9939	8	9	0	-1	0	0.1250	-1.0000
8	287	2	439.5271	7	12	0	-1	1	0.1224	0.6082
8	288	2	441.0604	6	11	0	-1	0	0.1224	-1.0000
8	289	2	442.5936	5	2	0	-1	0	0.1224	-1.0000
8	290	2	444.1268	4	14	0	-1	0	0.1224	-1.0000
8	291	2	445.6601	3	5	0	-1	0	0.1224	-1.0000
8	292	2	447.1934	2	15	0	-1	0	0.1224	-1.0000
8	293	2	448.7266	1	10	0	-1	0	0.1224	-1.0000
8	294	2	450.2599	15	6	0	-1	0	0.1224	-1.0000
8	295	2	451.7931	14	13	0	-1	0	0.1224	-1.0000
8	296	2	453.3264	13	3	0	-1	1	0.1400	0.5849
8	297	2	454.8596	12	7	0	-1	1	0.1373	1.0036
8	298	2	456.3929	11	1	0	-1	0	0.1373	-1.0000
8	299	2	457.9262	10	4	0	-1	0	0.1373	-1.0000
8	300	2	459.4594	9	8	0	-1	0	0.1373	-1.0000
8	301	2	460.9927	11	1	0	-1	0	0.1373	-1.0000
8	302	2	462.5258	10	4	0	-1	0	0.1373	-1.0000
8	303	2	464.0592	12	7	0	-1	0	0.1373	-1.0000
8	304	2	465.5924	13	3	0	-1	0	0.1373	-1.0000
8	305	2	467.1256	11	1	0	-1	0	0.1373	-1.0000
8	306	2	468.6589	10	4	0	-1	0	0.1373	-1.0000
8	307	2	470.1921	12	7	0	-1	1	0.1346	0.6797
8	308	2	471.7255	13	3	0	-1	0	0.1346	-1.0000
8	309	2	473.2587	11	1	0	-1	0	0.1346	-1.0000
8	310	2	474.7920	13	3	0	-1	0	0.1346	-1.0000
8	311	2	476.3252	12	7	0	-1	0	0.1346	-1.0000
8	312	2	477.8585	13	3	0	-1	0	0.1346	-1.0000
8	313	2	479.3917	14	13	0	-1	0	0.1346	-1.0000
8	314	2	480.9249	13	3	0	-1	1	0.1509	0.8743
8	315	2	482.4582	11	1	0	-1	0	0.1509	-1.0000
8	316	2	483.9914	10	4	0	-1	0	0.1509	-1.0000
8	317	2	485.5247	9	8	0	-1	0	0.1509	-1.0000
8	318	2	487.0580	8	9	0	-1	0	0.1509	-1.0000
8	319	2	488.5912	7	12	0	-1	0	0.1509	-1.0000
8	320	2	490.1245	6	11	0	-1	0	0.1509	-1.0000
8	321	2	491.6577	5	2	0	-1	0	0.1509	-1.0000
8	322	2	493.1910	4	14	0	-1	1	0.1481	0.7043
8	323	2	494.7243	3	5	0	-1	0	0.1481	-1.0000
8	324	2	496.2575	2	15	0	-1	1	0.1455	0.7247
8	325	2	497.7908	1	10	0	-1	0	0.1455	-1.0000
8	326	2	499.3240	15	6	0	-1	0	0.1455	-1.0000
8	327	2	500.8573	14	13	0	-1	0	0.1455	-1.0000
8	328	2	502.3905	13	3	0	-1	0	0.1455	-1.0000
8	329	2	503.9237	12	7	0	-1	0	0.1455	-1.0000
8	330	2	505.4570	11	1	0	-1	0	0.1455	-1.0000
8	331	2	506.9903	12	7	0	-1	1	0.1429	0.5369
8	332	2	508.5235	11	1	0	-1	0	0.1429	-1.0000
8	333	2	510.0568	10	4	0	-1	0	0.1429	-1.0000
8	334	2	511.5900	9	8	0	-1	0	0.1429	-1.0000
8	335	2	513.1233	8	9	0	-1	0	0.1429	-1.0000
8	336	2	514.6565	9	8	0	-1	0	0.1429	-1.0000
8	337	2	516.1898	12	7	0	-1	1	0.1404	1.4337
8	338	2	517.7230	11	1	0	-1	1	0.1379	0.0168
8	339	2	519.2563	13	3	0	-1	1	0.1356	0.9429
8	340	2	520.7896	12	7	0	-1	0	0.1356	-1.0000
8	341	2	522.3228	9	8	0	-1	0	0.1356	-1.0000
8	342	2	523.8561	11	1	0	-1	0	0.1356	-1.0000
8	343	2	525.3893	12	7	0	-1	1	0.1333	0.6348
8	344	2	526.9226	10	4	0	-1	0	0.1333	-1.0000
8	345	2	528.4558	9	8	0	-1	0	0.1333	-1.0000
8	346	2	529.9891	10	4	0	-1	1	0.1311	0.8823
8	347	2	531.5223	11	1	0	-1	0	0.1311	-1.0000
8	348	2	533.0556	12	7	0	-1	1	0.1290	0.6475
8	349	2	534.5888	13	3	0	-1	0	0.1290	-1.0000
8	350	2	536.1221	14	13	0	-1	1	0.1429	0.6205
8	351	2	537.6553	15	6	0	-1	0	0.1429	-1.0000
8	352	2	539.1886	1	10	0	-1	0	0.1429	-1.0000
8	353	2	540.7219	2	15	0	-1	1	0.1406	0.8856
8	354	2	542.2550	3	5	0	-1	0	0.1406	-1.0000
8	355	2	543.7883	4	14	0	-1	1	0.1538	0.4430
8	356	2	545.3216	5	2	0	-1	1	0.1515	0.5894
8	357	2	546.8549	6	11	0	-1	1	0.1493	0.6234
8	358	2	548.3881	7	12	0	-1	0	0.1493	-1.0000
8	359	2	549.9214	8	9	0	-1	0	0.1493	-1.0000
8	360	2	551.4546	9	8	0	-1	1	0.1618	0.9366
8	361	2	552.9878	11	1	0	-1	0	0.1618	-1.0000
8	362	2	554.5211	9	8	0	-1	0	0.1618	-1.0000
8	363	2	556.0544	8	9	0	-1	0	0.1618	-1.0000
8	364	2	557.5876	5	2	0	-1	0	0.1618	-1.0000
8	365	2	559.1208	7	12	0	-1	0	0.1618	-1.0000
8	366	2	560.6542	5	2	0	-1	1	0.1594	0.4252
8	367	2	562.1874	6	11	0	-1	1	0.1571	1.0200
8	368	2	563.7206	8	9	0	-1	1	0.1549	1.2469
8	369	2	565.2539	9	8	0	-1	0	0.1549	-1.0000
8	370	2	566.7872	11	1	0	-1	0	0.1549	-1.0000
8	371	2	568.3204	9	8	0	-1	0	0.1549	-1.0000
8	372	2	569.8537	11	1	0	-1	0	0.1549	-1.0000
8	373	2	571.3869	12	7	0	-1	1	0.1528	0.5890
8	374	2	572.9202	9	8	0	-1	0	0.1528	-1.0000
8	375	2	574.4534	12	7	0	-1	0	0.1528	-1.0000
8	376	2	575.9867	13	3	0	-1	1	0.1507	0.7726
8	377	2	577.5199	14	13	0	-1	0	0.1507	-1.0000
8	378	2	579.0532	15	6	0	-1	1	0.1486	0.7463
8	379	2	580.5864	1	10	0	-1	1	0.1467	0.9095
8	380	2	582.1197	2	15	0	-1	1	0.1447	1.1678
8	381	2	583.6529	3	5	0	-1	1	0.1429	1.1705
8	382	2	585.1862	4	14	0	-1	1	0.1538	1.2521
8	383	2	586.7195	5	2	0	-1	0	0.1538	-1.0000
8	384	2	588.2527	6	11	0	-1	0	0.1538	-1.0000
8	385	2	589.7860	7	12	0	-1	0	0.1538	-1.0000
8	386	2	591.3192	8	9	0	-1	0	0.1538	-1.0000
8	387	2	592.8524	9	8	0	-1	0	0.1538	-1.0000
8	388	2	594.3857	10	4	0	-1	0	0.1538	-1.0000
8	389	2	595.9190	11	1	0	-1	0	0.1538	-1.0000
8	390	2	597.4522	12	7	0	-1	0	0.1538	-1.0000
8	391	2	598.9855	10	4	0	-1	0	0.1538	-1.0000
8	392	2	600.5187	12	7	0	-1	0	0.1538	-1.0000
8	393	2	602.0520	13	3	0	-1	0	0.1538	-1.0000
8	394	2	603.5852	14	13	0	-1	1	0.1646	0.4377
8	395	2	605.1185	2	15	0	-1	1	0.1625	0.7929
8	396	2	606.6518	14	13	0	-1	0	0.1625	-1.0000
8	397	2	608.1850	15	6	0	-1	1	0.1605	0.8943
8	398	2	609.7183	14	13	0	-1	0	0.1605	-1.0000
8	399	2	611.2515	1	10	0	-1	0	0.1605	-1.0000
8	400	2	612.7848	14	13	0	-1	1	0.1585	0.6304
8	401	2	614.3180	13	3	0	-1	1	0.1687	0.8094
8	402	2	615.8513	12	7	0	-1	0	0.1687	-1.0000
8	403	2	617.3845	13	3	0	-1	0	0.1687	-1.0000
8	404	2	618.9178	14	13	0	-1	0	0.1687	-1.0000
8	405	2	620.4510	2	15	0	-1	1	0.1667	0.7242
8	406	2	621.9843	1	10	0	-1	0	0.1667	-1.0000
8	407	2	623.5175	15	6	0	-1	0	0.1667	-1.0000
8	408	2	625.0507	14	13	0	-1	0	0.1667	-1.0000
8	409	2	626.5839	13	3	0	-1	0	0.1667	-1.0000
8	410	2	628.1173	12	7	0	-1	0	0.1667	-1.0000
8	411	2	629.6505	11	1	0	-1	0	0.1667	-1.0000
8	412	2	631.1838	10	4	0	-1	0	0.1667	-1.0000
8	413	2	632.7170	9	8	0	-1	0	0.1667	-1.0000
8	414	2	634.2503	8	9	0	-1	0	0.1667	-1.0000
8	415	2	635.7834	7	12	0	-1	0	0.1667	-1.0000
8	416	2	637.3168	6	11	0	-1	0	0.1667	-1.0000
8	417	2	638.8500	5	2	0	-1	0	0.1667	-1.0000
8	418	2	640.3833	4	14	0	-1	0	0.1667	-1.0000
8	419	2	641.9166	3	5	0	-1	0	0.1667	-1.0000
8	420	2	643.4498	2	15	0	-1	1	0.1647	0.7174
8	421	2	644.9831	3	5	0	-1	0	0.1647	-1.0000
8	422	2	646.5163	15	6	0	-1	0	0.1647	-1.0000
8	423	2	648.0496	2	15	0	-1	0	0.1647	-1.0000
8	424	2	649.5828	14	13	0	-1	1	0.1628	0.8714
8	425	2	651.1161	1	10	0	-1	0	0.1628	-1.0000
8	426	2	652.6493	2	15	0	-1	0	0.1628	-1.0000
8	427	2	654.1826	3	5	0	-1	0	0.1628	-1.0000
8	428	2	655.7159	15	6	0	-1	0	0.1628	-1.0000
8	429	2	657.2491	1	10	0	-1	0	0.1628	-1.0000
8	430	2	658.7824	3	5	0	-1	1	0.1609	0.5531
8	431	2	660.3156	2	15	0	-1	0	0.1609	-1.0000
8	432	2	661.8488	14	13	0	-1	1	0.1591	0.5575
8	433	2	663.3821	15	6	0	-1	1	0.1573	0.8655
8	434	2	664.9153	2	15	0	-1	0	0.1573	-1.0000
8	435	2	666.4486	15	6	0	-1	0	0.1573	-1.0000
8	436	2	667.9818	1	10	0	-1	1	0.1556	0.9541
8	437	2	669.5151	2	15	0	-1	0	0.1556	-1.0000
8	438	2	671.0484	3	5	0	-1	0	0.1556	-1.0000
8	439	2	672.5816	4	14	0	-1	0	0.1556	-1.0000
8	440	2	674.1149	5	2	0	-1	1	0.1538	0.4366
8	441	2	675.6482	6	11	0	-1	1	0.1522	0.9676
8	442	2	677.1814	7	12	0	-1	0	0.1522	-1.0000
8	443	2	678.7146	8	9	0	-1	0	0.1522	-1.0000
8	444	2	680.2479	9	8	0	-1	0	0.1522	-1.0000
8	445	2	681.7812	10	4	0	-1	0	0.1522	-1.0000
8	446	2	683.3144	11	1	0	-1	0	0.1522	-1.0000
8	447	2	684.8476	12	7	0	-1	1	0.1505	0.6318
8	448	2	686.3809	13	3	0	-1	0	0.1505	-1.0000
8	449	2	687.9142	14	13	0	-1	1	0.1596	1.1972
8	450	2	689.4474	15	6	0	-1	0	0.1596	-1.0000
8	451	2	690.9807	14	13	0	-1	0	0.1596	-1.0000
8	452	2	692.5139	1	10	0	-1	0	0.1596	-1.0000
8	453	2	694.0472	2	15	0	-1	0	0.1596	-1.0000
8	454	2	695.5804	15	6	0	-1	0	0.1596	-1.0000
8	455	2	697.1137	14	13	0	-1	0	0.1596	-1.0000
8	456	2	698.6470	15	6	0	-1	1	0.1579	0.6724
8	457	2	700.1802	3	5	0	-1	0	0.1579	-1.0000
8	458	2	701.7134	1	10	0	-1	0	0.1579	-1.0000
8	459	2	703.2467	2	15	0	-1	0	0.1579	-1.0000
8	460	2	704.7799	1	10	0	-1	0	0.1579	-1.0000
8	461	2	706.3132	14	13	0	-1	0	0.1579	-1.0000
8	462	2	707.8465	15	6	0	-1	1	0.1563	0.8969
8	463	2	709.3797	1	10	0	-1	0	0.1563	-1.0000
8	464	2	710.9130	14	13	0	-1	1	0.1546	0.7105
8	465	2	712.4462	2	15	0	-1	0	0.1546	-1.0000
8	466	2	713.9795	1	10	0	-1	0	0.1546	-1.0000
8	467	2	715.5127	15	6	0	-1	0	0.1546	-1.0000
8	468	2	717.0460	14	13	0	-1	0	0.1546	-1.0000
8	469	2	718.5792	13	3	0	-1	0	0.1546	-1.0000
8	470	2	720.1125	12	7	0	-1	1	0.1531	0.9989
8	471	2	721.6457	11	1	0	-1	0	0.1531	-1.0000
8	472	2	723.1790	10	4	0	-1	0	0.1531	-1.0000
8	473	2	724.7122	9	8	0	-1	0	0.1531	-1.0000
8	474	2	726.2455	8	9	0	-1	0	0.1531	-1.0000
8	475	2	727.7787	7	12	0	-1	0	0.1531	-1.0000
8	476	2	729.3120	6	11	0	-1	1	0.1515	0.4865
8	477	2	730.8453	5	2	0	-1	1	0.1500	1.0174
8	478	2	732.3785	4	14	0	-1	1	0.1485	0.7806
8	479	2	733.9117	3	5	0	-1	1	0.1569	0.7999
8	480	2	735.4450	2	15	0	-1	1	0.1553	0.9304
8	481	2	736.9782	14	13	0	-1	0	0.1553	-1.0000
8	482	2	738.5115	2	15	0	-1	1	0.1538	0.5193
8	483	2	740.0448	14	13	0	-1	0	0.1538	-1.0000
8	484	2	741.5780	15	6	0	-1	0	0.1538	-1.0000
8	485	2	743.1113	14	13	0	-1	0	0.1538	-1.0000
8	486	2	744.6445	1	10	0	-1	0	0.1538	-1.0000
8	487	2	746.1778	2	15	0	-1	0	0.1538	-1.0000
8	488	2	747.7110	15	6	0	-1	0	0.1538	-1.0000
8	489	2	749.2443	1	10	0	-1	0	0.1538	-1.0000
8	490	2	750.7775	2	15	0	-1	1	0.1524	1.0059
8	491	2	752.3108	3	5	0	-1	0	0.1524	-1.0000
8	492	2	753.8440	2	15	0	-1	1	0.1509	0.6274
8	493	2	755.3773	14	13	0	-1	1	0.1495	1.3341
8	494	2	756.9105	15	6	0	-1	0	0.1495	-1.0000
8	495	2	758.4437	2	15	0	-1	0	0.1495	-1.0000
8	496	2	759.9771	3	5	0	-1	0	0.1495	-1.0000
8	497	2	761.5103	4	14	0	-1	1	0.1574	0.6729
8	498	2	763.0436	5	2	0	-1	0	0.1574	-1.0000
8	499	2	764.5768	6	11	0	-1	0	0.1574	-1.0000
8	500	2	766.1101	7	12	0	-1	1	0.1560	0.4733
8	501	2	767.6434	8	9	0	-1	0	0.1560	-1.0000
8	502	2	769.1765	9	8	0	-1	0	0.1560	-1.0000
8	503	2	770.7099	10	4	0	-1	0	0.1560	-1.0000
8	504	2	772.2430	11	1	0	-1	0	0.1560	-1.0000
8	505	2	773.7763	12	7	0	-1	1	0.1545	0.5032
8	506	2	775.3096	13	3	0	-1	1	0.1532	0.6657
8	507	2	776.8429	14	13	0	-1	1	0.1607	0.7172
8	508	2	778.3760	15	6	0	-1	0	0.1607	-1.0000
8	509	2	779.9093	1	10	0	-1	0	0.1607	-1.0000
8	510	2	781.4426	2	15	0	-1	1	0.1593	0.6128
8	511	2	782.9759	3	5	0	-1	0	0.1593	-1.0000
8	512	2	784.5091	4	14	0	-1	1	0.1667	0.6025
8	513	2	786.0424	5	2	0	-1	0	0.1667	-1.0000
8	514	2	787.5756	8	9	0	-1	0	0.1667	-1.0000
8	515	2	789.1089	6	11	0	-1	1	0.1652	0.0185
8	516	2	790.6421	4	14	0	-1	1	0.1638	0.5332
8	517	2	792.1754	7	12	0	-1	0	0.1638	-1.0000
8	518	2	793.7086	8	9	0	-1	0	0.1638	-1.0000
8	519	2	795.2419	6	11	0	-1	0	0.1638	-1.0000
8	520	2	796.7751	5	2	0	-1	1	0.1624	0.7042
8	521	2	798.3084	8	9	0	-1	0	0.1624	-1.0000
8	522	2	799.8417	5	2	0	-1	0	0.1624	-1.0000
8	523	2	801.3749	4	14	0	-1	0	0.1624	-1.0000
8	524	2	802.9082	3	5	0	-1	1	0.1695	1.0193
8	525	2	804.4414	1	10	0	-1	0	0.1695	-1.0000
8	526	2	805.9747	15	6	0	-1	0	0.1695	-1.0000
8	527	2	807.5079	14	13	0	-1	1	0.1681	0.7405
8	528	2	809.0411	13	3	0	-1	1	0.1750	0.8544
8	529	2	810.5744	12	7	0	-1	0	0.1750	-1.0000
8	530	2	812.1077	11	1	0	-1	1	0.1736	1.0040
8	531	2	813.6409	10	4	0	-1	0	0.1736	-1.0000
8	532	2	815.1742	9	8	0	-1	0	0.1736	-1.0000
8	533	2	816.7074	8	9	0	-1	0	0.1736	-1.0000
8	534	2	818.2407	7	12	0	-1	0	0.1736	-1.0000
8	535	2	819.7740	6	11	0	-1	0	0.1736	-1.0000
8	536	2	821.3072	5	2	0	-1	0	0.1736	-1.0000
8	537	2	822.8405	4	14	0	-1	1	0.1721	0.7030
8	538	2	824.3737	3	5	0	-1	1	0.1789	0.6894
8	539	2	825.9070	2	15	0	-1	1	0.1774	0.5638
8	540	2	827.4402	1	10	0	-1	1	0.1760	0.6154
8	541	2	828.9734	3	5	0	-1	1	0.1746	0.6342
8	542	2	830.5067	2	15	0	-1	1	0.1732	0.8289
8	543	2	832.0400	1	10	0	-1	1	0.1719	0.7196
8	544	2	833.5732	2	15	0	-1	0	0.1719	-1.0000
8	545	2	835.1065	3	5	0	-1	0	0.1719	-1.0000
8	546	2	836.6397	4	14	0	-1	0	0.1719	-1.0000
8	547	2	838.1729	3	5	0	-1	0	0.1719	-1.0000
8	548	2	839.7062	4	14	0	-1	1	0.1783	0.6531
8	549	2	841.2395	7	12	0	-1	0	0.1783	-1.0000
8	550	2	842.7727	6	11	0	-1	0	0.1783	-1.0000
8	551	2	844.3059	7	12	0	-1	0	0.1783	-1.0000
8	552	2	845.8392	5	2	0	-1	0	0.1783	-1.0000
8	553	2	847.3725	6	11	0	-1	0	0.1783	-1.0000
8	554	2	848.9057	4	14	0	-1	1	0.1769	0.6221
8	555	2	850.4390	5	2	0	-1	0	0.1769	-1.0000
8	556	2	851.9723	4	14	0	-1	1	0.1756	0.5792
8	557	2	853.5055	3	5	0	-1	1	0.1818	0.7099
8	558	2	855.0388	2	15	0	-1	0	0.1818	-1.0000
8	559	2	856.5720	1	10	0	-1	0	0.1818	-1.0000
8	560	2	858.1052	15	6	0	-1	0	0.1818	-1.0000
8	561	2	859.6385	14	13	0	-1	1	0.1805	0.6569
8	562	2	861.1717	13	3	0	-1	0	0.1805	-1.0000
8	563	2	862.7050	12	7	0	-1	1	0.1791	0.5183
8	564	2	864.2383	11	1	0	-1	1	0.1778	0.9212
8	565	2	865.7716	10	4	0	-1	0	0.1778	-1.0000
8	566	2	867.3048	9	8	0	-1	0	0.1778	-1.0000
8	567	2	868.8380	8	9	0	-1	1	0.1838	0.8975
8	568	2	870.3713	7	12	0	-1	0	0.1838	-1.0000
8	569	2	871.9046	6	11	0	-1	1	0.1825	0.5988
8	570	2	873.4378	5	2	0	-1	0	0.1825	-1.0000
8	571	2	874.9711	8	9	0	-1	0	0.1825	-1.0000
8	572	2	876.5043	5	2	0	-1	0	0.1825	-1.0000
8	573	2	878.0376	4	14	0	-1	1	0.1812	0.8659
8	574	2	879.5708	6	11	0	-1	0	0.1812	-1.0000
8	575	2	881.1041	5	2	0	-1	0	0.1812	-1.0000
8	576	2	882.6373	6	11	0	-1	0	0.1812	-1.0000
8	577	2	884.1706	5	2	0	-1	0	0.1812	-1.0000
8	578	2	885.7038	8	9	0	-1	0	0.1812	-1.0000
8	579	2	887.2371	9	8	0	-1	0	0.1812	-1.0000
8	580	2	888.7703	11	1	0	-1	0	0.1812	-1.0000
8	581	2	890.3036	9	8	0	-1	0	0.1812	-1.0000
8	582	2	891.8369	8	9	0	-1	0	0.1812	-1.0000
8	583	2	893.3701	7	12	0	-1	0	0.1812	-1.0000
8	584	2	894.9033	6	11	0	-1	0	0.1812	-1.0000
8	585	2	896.4366	7	12	0	-1	0	0.1812	-1.0000
8	586	2	897.9698	6	11	0	-1	0	0.1812	-1.0000
8	587	2	899.5031	5	2	0	-1	0	0.1812	-1.0000
8	588	2	901.0364	4	14	0	-1	0	0.1812	-1.0000
8	589	2	902.5696	3	5	0	-1	1	0.1871	0.8938
8	590	2	904.1029	2	15	0	-1	0	0.1871	-1.0000
8	591	2	905.6362	1	10	0	-1	1	0.1857	0.7713
8	592	2	907.1694	15	6	0	-1	0	0.1857	-1.0000
8	593	2	908.7026	14	13	0	-1	0	0.1857	-1.0000
8	594	2	910.2359	13	3	0	-1	0	0.1857	-1.0000
8	595	2	911.7691	12	7	0	-1	0	0.1857	-1.0000
8	596	2	913.3024	11	1	0	-1	0	0.1857	-1.0000
8	597	2	914.8357	10	4	0	-1	1	0.1844	0.3553
8	598	2	916.3689	9	8	0	-1	1	0.1831	0.9340
8	599	2	917.9022	8	9	0	-1	0	0.1831	-1.0000
8	600	2	919.4354	7	12	0	-1	0	0.1831	-1.0000
Actual parsing ratio
0.1831
Possible node parses
90.0000
 Node parses selected
0.2889
Possible other parses
510.0000
Other parses selected
0.2275
Chance parsing ratio
0.1500
