*********************************************
* Date/Time: 16-Oct-2019 09:09:39
* Seed: 207598.1
* Subject Number: 012
7	3	12	13	2	15	11	6	10	5	9	8	14	4	1	
*********************************************

Shape exposure time (seconds)
71.9082
subject	trial	phase	onset	node	shape	rotate	acc	resp	total	rt
12	1	1	1.0166	10	5	90	1	1	1.0000	1.1391
12	2	1	2.5999	11	9	0	-1	0	0.5000	-1.0000
12	3	1	4.9664	9	10	90	-1	0	0.3333	-1.0000
12	4	1	7.0163	10	5	0	1	1	0.5000	0.1166
12	5	1	8.5662	12	8	0	1	1	0.6000	1.2373
12	6	1	10.1161	10	5	0	1	1	0.6667	0.8248
12	7	1	11.6661	13	14	0	0	1	0.5714	0.9548
12	8	1	13.2160	12	8	0	-1	0	0.5000	-1.0000
12	9	1	15.3659	10	5	0	1	1	0.5556	1.2545
12	10	1	16.9158	12	8	0	-1	0	0.5000	-1.0000
12	11	1	18.9990	9	10	0	0	1	0.4545	1.4621
12	12	1	20.9656	10	5	0	1	1	0.5000	0.9358
12	13	1	22.5155	9	10	0	-1	0	0.4615	-1.0000
12	14	1	24.5820	8	6	0	-1	0	0.4286	-1.0000
12	15	1	26.6153	6	15	0	1	1	0.4667	1.4458
12	16	1	28.2152	7	11	0	1	1	0.5000	0.9652
12	17	1	29.7651	8	6	0	0	1	0.4706	1.2076
12	18	1	31.5650	6	15	0	1	1	0.5000	1.3598
12	19	1	33.1149	4	13	0	-1	0	0.4737	-1.0000
12	20	1	35.1648	6	15	0	1	1	0.5000	1.4879
12	21	1	36.7814	7	11	90	0	1	0.4762	1.3749
12	22	1	38.7146	5	2	0	1	1	0.5000	1.1689
12	23	1	40.2646	7	11	0	-1	0	0.4783	-1.0000
12	24	1	42.3145	5	2	0	1	1	0.5000	1.3465
12	25	1	43.8644	4	13	0	-1	0	0.4800	-1.0000
12	26	1	45.9309	7	11	0	1	1	0.5000	1.0424
12	27	1	47.4809	4	13	90	-1	0	0.4815	-1.0000
12	28	1	49.5641	3	12	0	-1	0	0.4643	-1.0000
12	29	1	51.5973	2	3	0	1	1	0.4828	0.0168
12	30	1	53.1472	1	7	0	1	1	0.5000	1.4417
12	31	1	54.7138	2	3	0	1	1	0.5161	0.7862
12	32	1	56.2637	14	4	90	0	1	0.5000	1.2692
12	33	1	58.1136	13	14	0	-1	0	0.4848	-1.0000
12	34	1	60.1469	14	4	0	-1	0	0.4706	-1.0000
12	35	1	62.1968	1	7	0	-1	0	0.4571	-1.0000
12	36	1	64.2300	3	12	0	1	1	0.4722	1.3507
12	37	1	65.7799	1	7	0	0	1	0.4595	1.2089
12	38	1	67.4965	3	12	0	1	1	0.4737	1.1565
12	39	1	69.0464	15	1	0	-1	0	0.4615	-1.0000
12	40	1	71.1130	2	3	0	1	1	0.4750	0.7078
12	41	1	72.6629	3	12	90	-1	0	0.4634	-1.0000
12	42	1	74.7295	15	1	90	-1	0	0.4524	-1.0000
12	43	1	76.7794	1	7	0	1	1	0.4651	1.4882
12	44	1	78.4126	15	1	0	1	1	0.4773	1.0715
12	45	1	79.9625	2	3	0	1	1	0.4889	0.7371
12	46	1	81.5124	1	7	0	0	1	0.4783	1.3487
12	47	1	83.3790	14	4	0	1	1	0.4894	1.2095
12	48	1	84.9289	13	14	0	-1	0	0.4792	-1.0000
12	49	1	86.9955	10	5	0	1	1	0.4898	0.9201
12	50	1	88.5454	11	9	0	1	1	0.5000	1.1621
12	51	1	90.0953	10	5	0	1	1	0.5098	1.2457
12	52	1	91.6452	11	9	0	1	1	0.5192	0.9910
12	53	1	93.1951	10	5	0	1	1	0.5283	0.7045
12	54	1	94.7451	13	14	0	1	1	0.5370	1.3636
12	55	1	96.2950	11	9	0	1	1	0.5455	0.9660
12	56	1	97.8449	13	14	0	1	1	0.5536	0.6796
12	57	1	99.3948	10	5	90	1	1	0.5614	1.2086
12	58	1	100.9448	11	9	0	1	1	0.5690	0.9721
12	59	1	102.4947	13	14	0	-1	0	0.5593	-1.0000
12	60	1	104.5446	14	4	0	1	1	0.5667	0.9555
12	61	1	106.0945	13	14	0	0	1	0.5574	1.2455
12	62	1	107.9111	10	5	0	1	1	0.5645	0.9020
12	63	1	109.4610	13	14	0	1	1	0.5714	1.0004
12	64	1	111.0109	14	4	90	1	1	0.5781	1.2259
12	65	1	112.5608	13	14	90	-1	0	0.5692	-1.0000
12	66	1	114.5774	10	5	0	1	1	0.5758	0.8273
12	67	1	116.1273	9	10	0	-1	0	0.5672	-1.0000
12	68	1	118.2605	10	5	0	1	1	0.5735	1.0163
12	69	1	119.8104	9	10	0	0	1	0.5652	0.9531
12	70	1	121.3604	10	5	0	1	1	0.5714	0.7008
12	71	1	122.9103	12	8	0	0	1	0.5634	1.3911
12	72	1	124.8935	13	14	0	1	1	0.5694	0.7340
12	73	1	126.4434	11	9	0	1	1	0.5753	0.7541
12	74	1	127.9934	12	8	0	1	1	0.5811	1.3955
12	75	1	129.5433	10	5	90	0	1	0.5733	1.3496
12	76	1	131.4098	11	9	0	1	1	0.5789	1.0670
12	77	1	132.9598	12	8	90	1	1	0.5844	1.1638
12	78	1	134.5097	9	10	0	1	1	0.5897	1.2139
12	79	1	136.0596	11	9	0	1	1	0.5949	0.8171
12	80	1	137.6095	9	10	0	1	1	0.6000	0.9620
12	81	1	139.1594	10	5	0	1	1	0.6049	0.7573
12	82	1	140.7094	11	9	90	0	1	0.5976	0.7742
12	83	1	142.2593	10	5	0	1	1	0.6024	0.6496
12	84	1	143.8092	12	8	0	0	1	0.5952	0.9556
12	85	1	145.3591	9	10	0	1	1	0.6000	0.7653
12	86	1	146.9090	8	6	0	0	1	0.5930	1.3265
12	87	1	148.7756	6	15	90	0	1	0.5862	1.3973
12	88	1	150.7255	7	11	0	1	1	0.5909	0.7113
12	89	1	152.2754	5	2	90	0	1	0.5843	1.0339
12	90	1	153.8753	7	11	90	0	1	0.5778	0.7603
12	91	1	155.4253	6	15	0	0	1	0.5714	1.0676
12	92	1	157.0418	7	11	0	1	1	0.5761	0.7468
12	93	1	158.5918	6	15	0	1	1	0.5806	1.0531
12	94	1	160.1417	7	11	90	0	1	0.5745	0.8951
12	95	1	161.6916	4	13	90	0	1	0.5684	0.8332
12	96	1	163.2415	3	12	0	0	1	0.5625	1.0421
12	97	1	164.8414	15	1	0	1	1	0.5670	0.7233
12	98	1	166.3914	2	3	0	1	1	0.5714	0.7081
12	99	1	167.9413	15	1	0	0	1	0.5657	1.2225
12	100	1	169.6745	2	3	0	1	1	0.5700	0.7050
12	101	1	171.2245	3	12	0	-1	0	0.5644	-1.0000
12	102	1	173.2743	15	1	0	1	1	0.5686	1.2509
12	103	1	174.8243	1	7	0	-1	0	0.5631	-1.0000
12	104	1	176.9075	15	1	0	1	1	0.5673	1.4416
12	105	1	178.4741	14	4	90	1	1	0.5714	1.4095
12	106	1	180.0407	2	3	0	1	1	0.5755	0.9162
12	107	1	181.5906	15	1	0	1	1	0.5794	1.1420
12	108	1	183.1405	2	3	0	1	1	0.5833	0.7119
12	109	1	184.6904	3	12	0	-1	0	0.5780	-1.0000
12	110	1	186.7403	15	1	0	1	1	0.5818	1.0008
12	111	1	188.2902	14	4	0	1	1	0.5856	0.9548
12	112	1	189.8401	13	14	0	-1	0	0.5804	-1.0000
12	113	1	191.8567	12	8	0	1	1	0.5841	1.2757
12	114	1	193.4066	13	14	0	1	1	0.5877	0.9745
12	115	1	194.9566	14	4	0	1	1	0.5913	0.8323
12	116	1	196.5065	13	14	0	1	1	0.5948	1.4902
12	117	1	198.1564	10	5	0	1	1	0.5983	0.8964
12	118	1	199.7063	12	8	0	-1	0	0.5932	-1.0000
12	119	1	201.7895	11	9	0	1	1	0.5966	0.7820
12	120	1	203.3395	9	10	0	-1	0	0.5917	-1.0000
12	121	1	205.4060	8	6	0	-1	0	0.5868	-1.0000
12	122	1	207.4559	9	10	0	1	1	0.5902	1.1317
12	123	1	209.0058	8	6	0	1	1	0.5935	1.2629
12	124	1	210.5557	6	15	0	-1	0	0.5887	-1.0000
12	125	1	212.5723	8	6	0	-1	0	0.5840	-1.0000
12	126	1	214.6055	5	2	0	1	1	0.5873	0.9102
12	127	1	216.1554	4	13	0	-1	0	0.5827	-1.0000
12	128	1	218.2387	3	12	90	0	1	0.5781	0.9261
12	129	1	219.7886	4	13	0	1	1	0.5814	0.8629
12	130	1	221.3385	6	15	0	0	1	0.5769	1.4091
12	131	1	223.2551	4	13	0	1	1	0.5802	0.8367
12	132	1	224.8050	6	15	0	1	1	0.5833	0.9665
12	133	1	226.3549	7	11	90	-1	0	0.5789	-1.0000
12	134	1	228.4548	6	15	0	-1	0	0.5746	-1.0000
12	135	1	230.4880	8	6	0	1	1	0.5778	1.2533
12	136	1	232.0380	6	15	0	1	1	0.5809	0.9510
12	137	1	233.5879	7	11	90	0	1	0.5766	1.0497
12	138	1	235.1545	4	13	0	1	1	0.5797	1.1291
12	139	1	236.7044	3	12	0	-1	0	0.5755	-1.0000
12	140	1	238.7543	2	3	0	1	1	0.5786	0.0893
12	141	1	240.3042	14	4	0	1	1	0.5816	0.9571
12	142	1	241.8541	2	3	0	1	1	0.5845	0.7988
12	143	1	243.4040	1	7	0	1	1	0.5874	0.9115
12	144	1	244.9540	2	3	0	1	1	0.5903	0.7709
12	145	1	246.5039	14	4	0	1	1	0.5931	0.8837
12	146	1	248.0538	1	7	90	-1	0	0.5890	-1.0000
12	147	1	250.0870	14	4	0	1	1	0.5918	0.7725
12	148	1	251.6369	1	7	0	-1	0	0.5878	-1.0000
12	149	1	253.7035	15	1	90	0	1	0.5839	1.1414
12	150	1	255.4034	3	12	0	-1	0	0.5800	-1.0000
12	151	1	257.4200	4	13	90	1	1	0.5828	1.4880
12	152	1	259.1032	3	12	0	0	1	0.5789	1.4051
12	153	1	261.0698	1	7	90	0	1	0.5752	0.7999
12	154	1	262.6197	2	3	0	1	1	0.5779	0.7212
12	155	1	264.1696	14	4	0	1	1	0.5806	0.7859
12	156	1	265.7195	13	14	0	1	1	0.5833	0.9973
12	157	1	267.2695	12	8	0	1	1	0.5860	1.3835
12	158	1	268.8194	10	5	0	-1	0	0.5823	-1.0000
12	159	1	270.9360	13	14	0	1	1	0.5849	1.4928
12	160	1	272.5859	14	4	0	1	1	0.5875	0.8017
12	161	1	274.1358	15	1	90	1	1	0.5901	1.3325
12	162	1	275.6857	14	4	0	1	1	0.5926	0.7912
12	163	1	277.2356	2	3	0	1	1	0.5951	0.9520
12	164	1	278.7855	3	12	0	1	1	0.5976	1.4983
12	165	1	280.4521	2	3	0	1	1	0.6000	0.7931
12	166	1	282.0021	1	7	0	-1	0	0.5964	-1.0000
12	167	1	284.0853	2	3	0	1	1	0.5988	0.8394
12	168	1	285.6352	3	12	0	1	1	0.6012	1.4976
12	169	1	287.3018	15	1	0	-1	0	0.5976	-1.0000
12	170	1	289.3850	1	7	0	1	1	0.6000	0.9786
12	171	1	290.9349	3	12	0	1	1	0.6023	0.9501
12	172	1	292.4848	15	1	0	0	1	0.5988	1.2402
12	173	1	294.3181	2	3	0	1	1	0.6012	1.0704
12	174	1	295.8680	15	1	0	1	1	0.6034	1.1843
12	175	1	297.4179	14	4	0	1	1	0.6057	0.9474
12	176	1	298.9678	2	3	0	1	1	0.6080	1.0293
12	177	1	300.5177	1	7	0	0	1	0.6045	1.0956
12	178	1	302.2010	14	4	0	1	1	0.6067	0.8835
12	179	1	303.7509	2	3	0	1	1	0.6089	0.8686
12	180	1	305.3008	3	12	0	1	1	0.6111	0.8875
12	181	1	306.8507	4	13	0	-1	0	0.6077	-1.0000
12	182	1	308.8840	7	11	0	1	1	0.6099	1.3208
12	183	1	310.4339	4	13	90	0	1	0.6066	1.0188
12	184	1	311.9838	3	12	0	-1	0	0.6033	-1.0000
12	185	1	314.0837	15	1	0	1	1	0.6054	1.1767
12	186	1	315.6336	3	12	0	1	1	0.6075	0.7319
12	187	1	317.1835	4	13	90	0	1	0.6043	1.2293
12	188	1	318.9335	5	2	0	1	1	0.6064	1.1741
12	189	1	320.4834	8	6	0	1	1	0.6085	0.8888
12	190	1	322.0333	5	2	0	1	1	0.6105	0.8263
12	191	1	323.5832	7	11	0	1	1	0.6126	1.0069
12	192	1	325.1331	6	15	0	1	1	0.6146	1.2147
12	193	1	326.6830	5	2	0	1	1	0.6166	0.8976
12	194	1	328.2330	4	13	0	1	1	0.6186	1.1556
12	195	1	329.7829	6	15	90	1	1	0.6205	1.2220
12	196	1	331.3328	7	11	0	1	1	0.6224	1.0002
12	197	1	332.8827	5	2	0	1	1	0.6244	0.8408
12	198	1	334.4326	7	11	0	1	1	0.6263	1.0042
12	199	1	335.9826	8	6	90	0	1	0.6231	1.0542
12	200	1	337.5991	6	15	0	1	1	0.6250	1.1485
12	201	1	339.1491	8	6	90	0	1	0.6219	1.3439
12	202	1	341.0323	7	11	0	1	1	0.6238	0.8993
12	203	1	342.5822	8	6	90	0	1	0.6207	1.2866
12	204	1	344.3821	9	10	0	-1	0	0.6176	-1.0000
12	205	1	346.3987	8	6	90	0	1	0.6146	0.1268
12	206	1	347.9486	5	2	0	1	1	0.6165	0.6562
12	207	1	349.4985	7	11	0	1	1	0.6184	0.6731
12	208	1	351.0485	6	15	0	1	1	0.6202	0.8850
12	209	1	352.5984	7	11	90	0	1	0.6172	1.0621
12	210	1	354.2149	5	2	0	1	1	0.6190	0.5825
12	211	1	355.7649	7	11	0	1	1	0.6209	0.7440
12	212	1	357.3148	4	13	0	1	1	0.6226	0.8886
12	213	1	358.8647	3	12	0	1	1	0.6244	0.8589
12	214	1	360.4146	2	3	90	0	1	0.6215	0.8137
12	215	1	361.9646	1	7	0	1	1	0.6233	0.6551
12	216	1	363.5145	14	4	90	0	1	0.6204	0.6103
12	217	1	365.0644	13	14	0	1	1	0.6221	0.5644
12	218	1	366.6143	14	4	90	1	1	0.6239	1.0789
12	219	1	368.1642	13	14	0	1	1	0.6256	0.6487
12	220	1	369.7141	14	4	0	1	1	0.6273	0.7135
12	221	1	371.2641	13	14	90	0	1	0.6244	1.4835
12	222	1	373.2640	12	8	0	1	1	0.6261	0.6846
12	223	1	374.8139	10	5	0	1	1	0.6278	0.7506
12	224	1	376.3638	9	10	0	-1	0	0.6250	-1.0000
12	225	1	378.4470	12	8	0	1	1	0.6267	0.7967
12	226	1	379.9969	10	5	0	-1	0	0.6239	-1.0000
12	227	1	382.0635	13	14	0	-1	0	0.6211	-1.0000
12	228	1	384.1134	11	9	90	0	1	0.6184	1.1622
12	229	1	385.7966	12	8	90	0	1	0.6157	0.6322
12	230	1	387.3466	11	9	0	1	1	0.6174	0.7141
12	231	1	388.8965	12	8	0	1	1	0.6190	0.7806
12	232	1	390.4464	13	14	0	1	1	0.6207	1.4066
12	233	1	391.9963	11	9	0	1	1	0.6223	0.7680
12	234	1	393.5462	13	14	90	0	1	0.6197	0.7548
12	235	1	395.0962	10	5	0	1	1	0.6213	0.6120
12	236	1	396.6461	12	8	0	1	1	0.6229	0.6952
12	237	1	398.1960	9	10	0	1	1	0.6245	1.3196
12	238	1	399.7459	8	6	0	1	1	0.6261	1.2910
12	239	1	401.2958	9	10	0	1	1	0.6276	1.1480
12	240	1	402.8458	12	8	0	1	1	0.6292	0.7673
12	241	1	404.3957	13	14	0	1	1	0.6307	0.9931
12	242	1	405.9456	12	8	0	1	1	0.6322	0.6914
12	243	1	407.4955	13	14	90	0	1	0.6296	0.6612
12	244	1	409.0454	11	9	0	1	1	0.6311	0.7261
12	245	1	410.5953	12	8	0	1	1	0.6327	0.9363
12	246	1	412.1453	9	10	90	0	1	0.6301	1.2597
12	247	1	413.9452	12	8	0	1	1	0.6316	0.6583
12	248	1	415.4951	13	14	0	-1	0	0.6290	-1.0000
12	249	1	417.5450	10	5	0	1	1	0.6305	0.7242
12	250	1	419.0949	11	9	0	1	1	0.6320	0.7579
12	251	1	420.6448	9	10	0	1	1	0.6335	0.9847
12	252	1	422.1948	10	5	0	1	1	0.6349	0.6979
12	253	1	423.7447	11	9	0	1	1	0.6364	0.7321
12	254	1	425.2946	13	14	0	1	1	0.6378	1.4865
12	255	1	426.9445	10	5	0	1	1	0.6392	0.7471
12	256	1	428.4944	12	8	0	1	1	0.6406	0.6867
12	257	1	430.0443	11	9	90	0	1	0.6381	0.7352
12	258	1	431.5943	9	10	90	-1	0	0.6357	-1.0000
12	259	1	433.6108	11	9	0	-1	0	0.6332	-1.0000
12	260	1	435.6607	12	8	0	1	1	0.6346	1.2002
12	261	1	437.2106	13	14	0	1	1	0.6360	1.2490
12	262	1	438.7606	10	5	0	1	1	0.6374	0.7550
12	263	1	440.3105	12	8	0	1	1	0.6388	0.7577
12	264	1	441.8604	9	10	0	1	1	0.6402	0.8564
12	265	1	443.4103	11	9	0	1	1	0.6415	1.0812
12	266	1	444.9602	12	8	90	1	1	0.6429	1.1645
12	267	1	446.5102	10	5	0	1	1	0.6442	0.6547
12	268	1	448.0601	9	10	0	-1	0	0.6418	-1.0000
12	269	1	450.1600	12	8	0	1	1	0.6431	0.7971
12	270	1	451.7099	11	9	0	1	1	0.6444	0.7347
12	271	1	453.2598	13	14	0	1	1	0.6458	1.2814
12	272	1	454.8097	10	5	0	1	1	0.6471	1.3300
12	273	1	456.3596	12	8	0	1	1	0.6484	0.7240
12	274	1	457.9096	10	5	0	1	1	0.6496	0.6319
12	275	1	459.4595	11	9	0	1	1	0.6509	0.7455
12	276	1	461.0094	10	5	0	1	1	0.6522	0.6516
12	277	1	462.5593	11	9	0	1	1	0.6534	0.6055
12	278	1	464.1092	10	5	0	1	1	0.6547	0.7355
12	279	1	465.6592	9	10	0	-1	0	0.6523	-1.0000
12	280	1	467.7090	10	5	0	0	1	0.6500	0.0327
12	281	1	469.2590	12	8	0	1	1	0.6512	1.2330
12	282	1	470.8089	13	14	0	1	1	0.6525	0.8991
12	283	1	472.3588	11	9	90	0	1	0.6502	1.2060
12	284	1	474.1253	9	10	0	1	1	0.6514	1.4716
12	285	1	475.7753	10	5	0	1	1	0.6526	0.7657
12	286	1	477.3252	13	14	0	1	1	0.6538	0.9584
12	287	1	478.8751	12	8	90	1	1	0.6551	0.8485
12	288	1	480.4251	9	10	90	1	1	0.6563	1.1398
12	289	1	481.9750	11	9	0	1	1	0.6574	0.9166
12	290	1	483.5249	9	10	0	1	1	0.6586	1.0790
12	291	1	485.0748	8	6	0	1	1	0.6598	1.3543
12	292	1	486.6247	6	15	0	1	1	0.6610	1.1320
12	293	1	488.1746	7	11	90	-1	0	0.6587	-1.0000
12	294	1	490.2745	4	13	0	1	1	0.6599	1.4180
12	295	1	491.8578	3	12	0	1	1	0.6610	1.0348
12	296	1	493.4077	4	13	0	1	1	0.6622	1.3411
12	297	1	494.9576	3	12	90	1	1	0.6633	1.3260
12	298	1	496.5076	15	1	0	1	1	0.6644	1.4087
12	299	1	498.0741	1	7	0	1	1	0.6656	1.1547
12	300	1	499.6241	2	3	0	1	1	0.6667	0.8376
12	301	1	501.1740	15	1	0	1	1	0.6678	1.0296
12	302	1	502.7239	1	7	0	1	1	0.6689	1.2732
12	303	1	504.2738	15	1	0	1	1	0.6700	1.4019
12	304	1	505.8571	1	7	0	1	1	0.6711	0.9243
12	305	1	507.4070	14	4	0	-1	0	0.6689	-1.0000
12	306	1	509.5069	13	14	0	-1	0	0.6667	-1.0000
12	307	1	511.5401	11	9	0	1	1	0.6678	0.8246
12	308	1	513.0900	9	10	0	1	1	0.6688	0.1068
12	309	1	514.6400	11	9	0	1	1	0.6699	0.6688
12	310	1	516.1899	12	8	0	1	1	0.6710	0.9588
12	311	1	517.7398	11	9	0	1	1	0.6720	0.7849
12	312	1	519.2897	9	10	90	1	1	0.6731	1.4433
12	313	1	520.8730	11	9	0	1	1	0.6741	0.7386
12	314	1	522.4229	9	10	90	1	1	0.6752	1.1260
12	315	1	523.9728	8	6	0	1	1	0.6762	1.4798
12	316	1	525.6227	5	2	0	-1	0	0.6741	-1.0000
12	317	1	527.7059	6	15	0	1	1	0.6751	1.0896
12	318	1	529.2559	4	13	0	-1	0	0.6730	-1.0000
12	319	1	531.3224	5	2	0	1	1	0.6740	0.8505
12	320	1	532.8723	8	6	0	1	1	0.6750	1.2032
12	321	1	534.4222	5	2	0	1	1	0.6760	1.1587
12	322	1	535.9722	6	15	0	1	1	0.6770	0.8725
12	323	1	537.5221	8	6	0	1	1	0.6780	1.0979
12	324	1	539.0720	9	10	0	1	1	0.6790	1.3249
12	325	1	540.6219	11	9	0	1	1	0.6800	0.8470
12	326	1	542.1718	12	8	0	1	1	0.6810	0.8171
12	327	1	543.7218	11	9	0	1	1	0.6820	0.8671
12	328	1	545.2717	13	14	90	-1	0	0.6799	-1.0000
12	329	1	547.3049	14	4	0	0	1	0.6778	1.2520
12	330	1	549.0881	13	14	90	-1	0	0.6758	-1.0000
12	331	1	551.1214	12	8	0	1	1	0.6767	0.7463
12	332	1	552.6713	10	5	0	1	1	0.6777	0.7811
12	333	1	554.2212	12	8	0	1	1	0.6787	0.9264
12	334	1	555.7711	11	9	0	1	1	0.6796	0.8324
12	335	1	557.3211	13	14	90	-1	0	0.6776	-1.0000
12	336	1	559.3710	11	9	0	1	1	0.6786	0.6905
12	337	1	560.9209	10	5	90	1	1	0.6795	0.9787
12	338	1	562.4708	11	9	0	1	1	0.6805	1.2209
12	339	1	564.0207	9	10	0	1	1	0.6814	1.0005
12	340	1	565.5706	12	8	0	1	1	0.6824	0.8570
12	341	1	567.1206	9	10	0	1	1	0.6833	0.7482
12	342	1	568.6705	11	9	0	1	1	0.6842	0.7652
12	343	1	570.2204	12	8	0	1	1	0.6851	0.7045
12	344	1	571.7703	10	5	0	1	1	0.6860	0.9626
12	345	1	573.3202	13	14	90	1	1	0.6870	1.1554
12	346	1	574.8702	12	8	0	1	1	0.6879	0.7912
12	347	1	576.4201	10	5	0	1	1	0.6888	0.7915
12	348	1	577.9700	13	14	0	1	1	0.6897	1.2896
12	349	1	579.5199	12	8	0	1	1	0.6905	0.7807
12	350	1	581.0698	9	10	0	1	1	0.6914	0.9111
12	351	1	582.6197	11	9	0	1	1	0.6923	0.7359
12	352	1	584.1697	13	14	0	1	1	0.6932	0.8681
12	353	1	585.7196	10	5	90	1	1	0.6941	0.9173
12	354	1	587.2695	11	9	0	1	1	0.6949	0.6621
12	355	1	588.8194	10	5	0	1	1	0.6958	0.7281
12	356	1	590.3693	12	8	90	1	1	0.6966	0.9554
12	357	1	591.9193	13	14	0	1	1	0.6975	1.1163
12	358	1	593.4692	11	9	0	1	1	0.6983	0.7665
12	359	1	595.0191	13	14	0	1	1	0.6992	0.7059
12	360	1	596.5690	12	8	0	0	1	0.6972	1.1398
12	361	1	598.2189	13	14	0	-1	0	0.6953	-1.0000
12	362	1	600.2522	11	9	90	0	1	0.6934	0.9126
12	363	1	601.8021	10	5	90	0	1	0.6915	0.6271
12	364	1	603.3520	9	10	0	1	1	0.6923	1.2848
12	365	1	604.9019	10	5	0	1	1	0.6932	0.8697
12	366	1	606.4518	13	14	90	1	1	0.6940	0.9369
12	367	1	608.0018	11	9	0	1	1	0.6948	0.8270
12	368	1	609.5517	9	10	0	1	1	0.6957	0.9252
12	369	1	611.1016	8	6	0	1	1	0.6965	1.2301
12	370	1	612.6515	5	2	90	-1	0	0.6946	-1.0000
12	371	1	614.7347	4	13	0	1	1	0.6954	1.0860
12	372	1	616.2847	3	12	90	1	1	0.6962	1.0884
12	373	1	617.8346	15	1	0	1	1	0.6971	1.3623
12	374	1	619.3845	2	3	0	1	1	0.6979	0.9169
12	375	1	620.9344	3	12	90	-1	0	0.6960	-1.0000
12	376	1	623.0010	2	3	0	-1	0	0.6941	-1.0000
12	377	1	625.0509	3	12	0	-1	0	0.6923	-1.0000
12	378	1	627.0841	2	3	0	1	1	0.6931	1.2175
12	379	1	628.6340	3	12	0	1	1	0.6939	0.7376
12	380	1	630.1839	15	1	0	1	1	0.6947	0.8210
12	381	1	631.7339	1	7	0	1	1	0.6955	1.1908
12	382	1	633.2838	2	3	0	1	1	0.6963	0.7450
12	383	1	634.8337	15	1	0	1	1	0.6971	0.7946
12	384	1	636.3836	3	12	0	1	1	0.6979	0.7493
12	385	1	637.9335	4	13	0	0	1	0.6961	1.1192
12	386	1	639.6335	7	11	0	1	1	0.6969	1.4034
12	387	1	641.2000	4	13	0	-1	0	0.6951	-1.0000
12	388	1	643.2666	3	12	0	1	1	0.6959	0.8102
12	389	1	644.8165	15	1	90	0	1	0.6941	1.0364
12	390	1	646.4164	3	12	0	1	1	0.6949	0.6992
12	391	1	647.9663	15	1	0	1	1	0.6957	0.9110
12	392	1	649.5163	14	4	0	1	1	0.6964	0.9927
12	393	1	651.0662	15	1	0	1	1	0.6972	0.8654
12	394	1	652.6161	2	3	0	1	1	0.6980	0.7888
12	395	1	654.1660	15	1	0	1	1	0.6987	0.7575
12	396	1	655.7159	1	7	90	0	1	0.6970	1.0331
12	397	1	657.2825	3	12	90	1	1	0.6977	0.9532
12	398	1	658.8324	4	13	90	-1	0	0.6960	-1.0000
12	399	1	660.8990	7	11	90	0	1	0.6942	0.9544
12	400	1	662.4489	5	2	0	1	1	0.6950	0.8123
12	401	1	663.9988	6	15	0	1	1	0.6958	1.0858
12	402	1	665.5488	8	6	0	1	1	0.6965	1.1366
12	403	1	667.0987	6	15	0	1	1	0.6973	0.8187
12	404	1	668.6486	4	13	0	0	1	0.6955	1.1725
12	405	1	670.3819	7	11	90	0	1	0.6938	1.4872
12	406	1	672.4317	4	13	0	-1	0	0.6921	-1.0000
12	407	1	674.4650	6	15	0	1	1	0.6929	0.8266
12	408	1	676.0149	5	2	0	1	1	0.6936	0.9243
12	409	1	677.5648	8	6	90	1	1	0.6944	1.3909
12	410	1	679.1314	7	11	0	1	1	0.6951	1.0255
12	411	1	680.6813	8	6	90	1	1	0.6959	1.0116
12	412	1	682.2312	6	15	0	1	1	0.6966	0.7099
12	413	1	683.7811	5	2	0	1	1	0.6973	1.4324
12	414	1	685.3811	8	6	0	1	1	0.6981	1.1439
12	415	1	686.9310	6	15	0	1	1	0.6988	0.9380
12	416	1	688.4809	5	2	0	-1	0	0.6971	-1.0000
12	417	1	690.5308	7	11	0	1	1	0.6978	0.7768
12	418	1	692.0807	6	15	0	1	1	0.6986	0.8269
12	419	1	693.6306	4	13	0	1	1	0.6993	1.3741
12	420	1	695.1806	6	15	0	1	1	0.7000	0.9275
12	421	1	696.7305	5	2	0	1	1	0.7007	0.8348
12	422	1	698.2804	6	15	0	1	1	0.7014	0.7402
12	423	1	699.8303	7	11	0	1	1	0.7021	0.8854
12	424	1	701.3802	6	15	90	1	1	0.7028	0.8411
12	425	1	702.9302	4	13	0	-1	0	0.7012	-1.0000
12	426	1	705.0134	3	12	0	1	1	0.7019	0.9834
12	427	1	706.5633	15	1	0	1	1	0.7026	0.8254
12	428	1	708.1132	1	7	0	1	1	0.7033	1.1478
12	429	1	709.6631	14	4	0	1	1	0.7040	0.7822
12	430	1	711.2131	15	1	90	1	1	0.7047	1.0078
12	431	1	712.7630	3	12	0	1	1	0.7053	0.7057
12	432	1	714.3129	15	1	90	1	1	0.7060	0.9803
12	433	1	715.8628	14	4	0	1	1	0.7067	0.8229
12	434	1	717.4127	2	3	0	1	1	0.7074	0.8243
12	435	1	718.9627	15	1	0	1	1	0.7080	0.7780
12	436	1	720.5126	14	4	90	1	1	0.7087	1.0359
12	437	1	722.0625	15	1	0	1	1	0.7094	1.0388
12	438	1	723.6124	1	7	0	-1	0	0.7078	-1.0000
12	439	1	725.6290	14	4	0	1	1	0.7084	0.8159
12	440	1	727.1789	15	1	0	1	1	0.7091	1.1048
12	441	1	728.7288	1	7	0	1	1	0.7098	1.1389
12	442	1	730.2787	3	12	0	1	1	0.7104	0.9342
12	443	1	731.8287	15	1	0	1	1	0.7111	0.9204
12	444	1	733.3786	2	3	0	1	1	0.7117	0.6664
12	445	1	734.9285	14	4	0	1	1	0.7124	0.7325
12	446	1	736.4784	2	3	0	1	1	0.7130	0.5732
12	447	1	738.0283	3	12	90	1	1	0.7136	0.9446
12	448	1	739.5783	2	3	0	1	1	0.7143	0.6433
12	449	1	741.1282	15	1	0	1	1	0.7149	0.9009
12	450	1	742.6781	14	4	0	1	1	0.7156	0.8856
12	451	1	744.2280	13	14	90	-1	0	0.7140	-1.0000
12	452	1	746.2612	14	4	0	1	1	0.7146	1.4319
12	453	1	747.8445	2	3	0	1	1	0.7152	0.7927
12	454	1	749.3944	15	1	0	1	1	0.7159	0.8252
12	455	1	750.9443	14	4	0	1	1	0.7165	0.6844
12	456	1	752.4942	2	3	0	1	1	0.7171	0.6704
12	457	1	754.0442	15	1	0	1	1	0.7177	0.6727
12	458	1	755.5941	14	4	0	1	1	0.7183	0.6748
12	459	1	757.1440	1	7	0	1	1	0.7190	0.9650
12	460	1	758.6939	2	3	0	1	1	0.7196	0.6618
12	461	1	760.2438	3	12	90	1	1	0.7202	0.9218
12	462	1	761.7938	2	3	0	1	1	0.7208	0.7631
12	463	1	763.3437	14	4	0	1	1	0.7214	0.8120
12	464	1	764.8936	15	1	90	1	1	0.7220	1.2941
12	465	1	766.4435	1	7	0	1	1	0.7226	0.9934
12	466	1	767.9934	14	4	90	1	1	0.7232	0.9155
12	467	1	769.5434	1	7	0	1	1	0.7238	0.7417
12	468	1	771.0933	3	12	0	1	1	0.7244	0.9039
12	469	1	772.6432	2	3	0	1	1	0.7249	0.6964
12	470	1	774.1931	3	12	0	1	1	0.7255	0.6521
12	471	1	775.7430	1	7	0	1	1	0.7261	0.8781
12	472	1	777.2930	2	3	0	1	1	0.7267	0.6227
12	473	1	778.8429	15	1	0	1	1	0.7273	0.7229
12	474	1	780.3928	1	7	0	1	1	0.7278	0.6285
12	475	1	781.9427	15	1	90	1	1	0.7284	0.9345
12	476	1	783.4926	2	3	0	1	1	0.7290	0.5998
12	477	1	785.0425	1	7	0	1	1	0.7296	1.0971
12	478	1	786.5925	15	1	90	1	1	0.7301	0.9712
12	479	1	788.1424	14	4	0	1	1	0.7307	0.8951
12	480	1	789.6923	15	1	0	1	1	0.7312	0.7045
12	481	1	791.2422	1	7	0	-1	0	0.7297	-1.0000
12	482	1	793.2421	2	3	0	1	1	0.7303	1.0575
12	483	1	794.7920	14	4	0	1	1	0.7308	0.7736
12	484	1	796.3420	2	3	0	1	1	0.7314	0.6628
12	485	1	797.8919	14	4	0	1	1	0.7320	0.5849
12	486	1	799.4418	2	3	0	1	1	0.7325	0.7155
12	487	1	800.9917	15	1	0	1	1	0.7331	0.6839
12	488	1	802.5416	3	12	0	1	1	0.7336	0.8794
12	489	1	804.0916	4	13	0	0	1	0.7321	1.3120
12	490	1	805.9915	6	15	0	1	1	0.7327	0.7723
12	491	1	807.5414	4	13	0	1	1	0.7332	1.0303
12	492	1	809.0913	5	2	0	1	1	0.7337	1.2412
12	493	1	810.6412	7	11	0	1	1	0.7343	0.9220
12	494	1	812.1911	8	6	0	1	1	0.7348	1.1501
12	495	1	813.7411	6	15	0	1	1	0.7354	0.9441
12	496	1	815.2910	8	6	0	1	1	0.7359	0.9944
12	497	1	816.8409	5	2	0	1	1	0.7364	1.1388
12	498	1	818.3908	6	15	0	1	1	0.7369	0.9342
12	499	1	819.9407	5	2	0	1	1	0.7375	1.0630
12	500	1	821.4907	6	15	90	1	1	0.7380	1.0983
12	501	1	823.0406	4	13	90	0	1	0.7365	1.2128
12	502	1	824.8405	6	15	90	1	1	0.7371	1.0752
12	503	1	826.3904	5	2	0	1	1	0.7376	1.1584
12	504	1	827.9403	6	15	0	1	1	0.7381	0.8408
12	505	1	829.4902	7	11	0	1	1	0.7386	1.0014
12	506	1	831.0402	8	6	0	1	1	0.7391	0.8275
12	507	1	832.5901	5	2	90	1	1	0.7396	1.4377
12	508	1	834.1900	4	13	0	1	1	0.7402	1.4069
12	509	1	835.7566	3	12	0	1	1	0.7407	1.1045
12	510	1	837.3065	4	13	0	1	1	0.7412	0.9948
12	511	1	838.8564	6	15	90	1	1	0.7417	1.2032
12	512	1	840.4063	7	11	0	1	1	0.7422	0.7906
12	513	1	841.9563	4	13	0	1	1	0.7427	0.8890
12	514	1	843.5062	3	12	0	1	1	0.7432	1.2267
12	515	1	845.0561	4	13	0	1	1	0.7437	1.2125
12	516	1	846.6060	7	11	0	1	1	0.7442	1.4553
12	517	1	848.2226	5	2	0	1	1	0.7447	1.3731
12	518	1	849.7725	6	15	0	1	1	0.7452	0.8151
12	519	1	851.3224	8	6	0	1	1	0.7457	0.7543
12	520	1	852.8724	9	10	0	1	1	0.7462	1.4112
12	521	1	854.4389	12	8	0	1	1	0.7466	0.9986
12	522	1	855.9889	13	14	90	0	1	0.7452	1.4323
12	523	1	858.0054	11	9	0	1	1	0.7457	0.8558
12	524	1	859.5553	9	10	90	1	1	0.7462	1.3523
12	525	1	861.1053	11	9	0	1	1	0.7467	0.8278
12	526	1	862.6552	10	5	90	1	1	0.7471	1.3739
12	527	1	864.2218	13	14	90	1	1	0.7476	1.3112
12	528	1	865.7717	11	9	90	0	1	0.7462	1.0892
12	529	1	867.3883	13	14	90	1	1	0.7467	0.9286
12	530	1	868.9382	10	5	90	1	1	0.7472	1.1706
12	531	1	870.4881	12	8	90	1	1	0.7476	0.9487
12	532	1	872.0380	10	5	0	0	1	0.7462	0.9037
12	533	1	873.5880	11	9	0	1	1	0.7467	0.7615
12	534	1	875.1379	10	5	0	1	1	0.7472	0.7137
12	535	1	876.6878	9	10	0	1	1	0.7477	0.9399
12	536	1	878.2377	11	9	0	1	1	0.7481	0.6713
12	537	1	879.7876	13	14	0	1	1	0.7486	1.2163
12	538	1	881.3375	11	9	0	1	1	0.7491	0.7237
12	539	1	882.8875	13	14	90	1	1	0.7495	1.2201
12	540	1	884.4374	11	9	0	1	1	0.7500	1.0942
12	541	1	885.9873	10	5	0	1	1	0.7505	0.8896
12	542	1	887.5372	13	14	0	1	1	0.7509	1.3717
12	543	1	889.0871	10	5	0	1	1	0.7514	1.1976
12	544	1	890.6371	13	14	0	1	1	0.7518	1.2321
12	545	1	892.1870	11	9	0	1	1	0.7523	1.2343
12	546	1	893.7369	13	14	0	1	1	0.7527	0.9479
12	547	1	895.2868	12	8	0	1	1	0.7532	1.0144
12	548	1	896.8367	10	5	0	1	1	0.7536	0.9519
12	549	1	898.3867	9	10	0	1	1	0.7541	0.9849
12	550	1	899.9366	10	5	0	1	1	0.7545	0.8590
12	551	1	901.4865	12	8	0	1	1	0.7550	0.8466
12	552	1	903.0364	10	5	90	1	1	0.7554	1.2635
12	553	1	904.5863	13	14	0	1	1	0.7559	1.2344
12	554	1	906.1363	12	8	0	1	1	0.7563	1.0438
12	555	1	907.6862	11	9	0	1	1	0.7568	0.7415
12	556	1	909.2361	12	8	90	1	1	0.7572	0.9687
12	557	1	910.7860	11	9	0	1	1	0.7576	0.7952
12	558	1	912.3359	9	10	0	1	1	0.7581	0.7958
12	559	1	913.8859	11	9	0	1	1	0.7585	0.8139
12	560	1	915.4358	10	5	0	1	1	0.7589	0.7514
12	561	1	916.9857	11	9	0	1	1	0.7594	0.7393
12	562	1	918.5356	12	8	0	1	1	0.7598	0.8051
12	563	1	920.0855	13	14	0	-1	0	0.7584	-1.0000
12	564	1	922.1688	11	9	0	1	1	0.7589	1.0280
12	565	1	923.7187	13	14	0	-1	0	0.7575	-1.0000
12	566	1	925.7852	10	5	0	1	1	0.7580	0.7239
12	567	1	927.3351	11	9	0	1	1	0.7584	0.6775
12	568	1	928.8850	13	14	90	1	1	0.7588	1.1749
12	569	1	930.4350	12	8	90	1	1	0.7592	1.0329
12	570	1	931.9849	10	5	0	1	1	0.7596	0.7801
12	571	1	933.5348	11	9	0	1	1	0.7601	1.1501
12	572	1	935.0847	12	8	0	1	1	0.7605	0.7682
12	573	1	936.6347	9	10	90	1	1	0.7609	0.8984
12	574	1	938.1846	8	6	0	1	1	0.7613	0.9001
12	575	1	939.7345	9	10	0	1	1	0.7617	0.8225
12	576	1	941.2844	10	5	0	1	1	0.7622	0.6472
12	577	1	942.8343	13	14	0	1	1	0.7626	1.3708
12	578	1	944.3843	11	9	0	1	1	0.7630	0.6847
12	579	1	945.9342	12	8	0	1	1	0.7634	0.7666
12	580	1	947.4841	9	10	0	1	1	0.7638	0.7688
12	581	1	949.0340	10	5	0	1	1	0.7642	0.6097
12	582	1	950.5839	9	10	90	1	1	0.7646	1.4289
12	583	1	952.1672	10	5	0	1	1	0.7650	0.7725
12	584	1	953.7171	13	14	0	-1	0	0.7637	-1.0000
12	585	1	955.7837	11	9	0	1	1	0.7641	0.5968
12	586	1	957.3336	10	5	90	1	1	0.7645	0.9020
12	587	1	958.8835	12	8	0	1	1	0.7649	0.7613
12	588	1	960.4334	10	5	0	1	1	0.7653	0.7783
12	589	1	961.9833	9	10	0	1	1	0.7657	1.0044
12	590	1	963.5333	8	6	0	1	1	0.7661	0.8795
12	591	1	965.0832	7	11	90	0	1	0.7648	1.2965
12	592	1	966.9498	5	2	90	1	1	0.7652	1.4158
12	593	1	968.4997	6	15	0	1	1	0.7656	0.9533
12	594	1	970.0496	7	11	0	1	1	0.7660	0.7145
12	595	1	971.5995	4	13	0	1	1	0.7664	1.1181
12	596	1	973.1494	5	2	0	-1	0	0.7651	-1.0000
12	597	1	975.1993	7	11	0	1	1	0.7655	0.7337
12	598	1	976.7493	6	15	0	1	1	0.7659	0.6559
12	599	1	978.2992	8	6	90	1	1	0.7663	1.1533
12	600	1	979.8491	9	10	0	1	1	0.7667	1.0105
12	601	1	1052.6786	12	8	0	-1	0	0.7654	-1.0000
12	602	1	1054.7119	10	5	90	-1	0	0.7641	-1.0000
12	603	1	1056.7451	12	8	90	-1	0	0.7629	-1.0000
12	604	1	1058.7950	9	10	0	-1	0	0.7616	-1.0000
12	605	1	1060.8449	8	6	90	-1	0	0.7603	-1.0000
12	606	1	1062.8781	6	15	0	0	1	0.7591	0.1258
12	607	1	1064.4280	8	6	0	1	1	0.7595	1.0078
12	608	1	1065.9779	5	2	0	1	1	0.7599	1.0098
12	609	1	1067.5278	4	13	0	1	1	0.7603	1.0135
12	610	1	1069.0778	7	11	0	1	1	0.7607	0.7740
12	611	1	1070.6276	5	2	0	0	1	0.7594	1.0813
12	612	1	1072.2776	7	11	0	1	1	0.7598	0.6958
12	613	1	1073.8275	4	13	0	1	1	0.7602	0.9204
12	614	1	1075.3774	5	2	90	0	1	0.7590	0.8916
12	615	1	1076.9274	4	13	0	1	1	0.7593	0.7657
12	616	1	1078.4773	6	15	0	1	1	0.7597	0.8645
12	617	1	1080.0272	4	13	90	1	1	0.7601	0.9459
12	618	1	1081.5771	7	11	0	1	1	0.7605	0.7719
12	619	1	1083.1270	4	13	90	1	1	0.7609	1.0138
12	620	1	1084.6770	3	12	0	1	1	0.7613	0.9844
12	621	1	1086.2269	4	13	0	1	1	0.7617	1.1618
12	622	1	1087.7768	6	15	0	1	1	0.7621	0.7789
12	623	1	1089.3267	7	11	0	1	1	0.7624	0.7181
12	624	1	1090.8766	8	6	90	1	1	0.7628	1.0403
12	625	1	1092.4266	5	2	0	1	1	0.7632	1.2502
12	626	1	1093.9765	7	11	0	1	1	0.7636	0.7247
12	627	1	1095.5264	4	13	0	1	1	0.7640	1.1426
12	628	1	1097.0763	3	12	90	1	1	0.7643	0.9366
12	629	1	1098.6262	1	7	0	1	1	0.7647	1.2909
12	630	1	1100.1762	2	3	0	1	1	0.7651	0.7956
12	631	1	1101.7261	3	12	0	1	1	0.7655	0.7352
12	632	1	1103.2760	2	3	90	1	1	0.7658	1.0395
12	633	1	1104.8259	1	7	0	1	1	0.7662	0.7073
12	634	1	1106.3758	2	3	0	1	1	0.7666	0.6932
12	635	1	1107.9257	14	4	0	1	1	0.7669	0.8711
12	636	1	1109.4757	2	3	0	1	1	0.7673	0.7601
12	637	1	1111.0256	3	12	90	1	1	0.7677	0.8756
12	638	1	1112.5755	1	7	0	1	1	0.7680	0.6694
12	639	1	1114.1254	15	1	0	1	1	0.7684	1.0869
12	640	1	1115.6753	2	3	0	1	1	0.7688	0.6897
12	641	1	1117.2253	3	12	0	1	1	0.7691	0.7232
12	642	1	1118.7752	2	3	90	0	1	0.7679	0.6618
12	643	1	1120.3251	15	1	90	1	1	0.7683	1.3506
12	644	1	1121.8750	1	7	0	1	1	0.7686	1.0032
12	645	1	1123.4249	3	12	0	1	1	0.7690	1.2441
12	646	1	1124.9749	2	3	0	1	1	0.7693	0.9568
12	647	1	1126.5248	14	4	0	1	1	0.7697	0.7830
12	648	1	1128.0747	15	1	0	1	1	0.7701	0.8183
12	649	1	1129.6246	2	3	0	1	1	0.7704	0.6430
12	650	1	1131.1746	3	12	0	1	1	0.7708	0.8544
12	651	1	1132.7245	1	7	90	1	1	0.7711	1.1913
12	652	1	1134.2744	2	3	0	1	1	0.7715	0.7946
12	653	1	1135.8243	3	12	90	1	1	0.7718	1.0048
12	654	1	1137.3742	15	1	0	1	1	0.7722	0.8135
12	655	1	1138.9241	2	3	0	1	1	0.7725	0.7195
12	656	1	1140.4741	14	4	0	1	1	0.7729	0.7382
12	657	1	1142.0240	1	7	0	1	1	0.7732	0.9330
12	658	1	1143.5739	2	3	0	1	1	0.7736	0.6316
12	659	1	1145.1238	15	1	0	1	1	0.7739	0.8090
12	660	1	1146.6737	1	7	90	1	1	0.7742	1.0354
12	661	1	1148.2237	14	4	0	1	1	0.7746	0.6857
12	662	1	1149.7736	1	7	0	1	1	0.7749	0.7822
12	663	1	1151.3235	3	12	0	1	1	0.7753	0.7204
12	664	1	1152.8734	4	13	0	1	1	0.7756	1.2183
12	665	1	1154.4233	3	12	0	1	1	0.7759	0.7737
12	666	1	1155.9733	4	13	90	1	1	0.7763	1.1757
12	667	1	1157.5232	3	12	0	1	1	0.7766	0.6645
12	668	1	1159.0731	4	13	0	1	1	0.7769	1.1173
12	669	1	1160.6230	3	12	0	1	1	0.7773	0.7183
12	670	1	1162.1729	4	13	0	1	1	0.7776	0.9750
12	671	1	1163.7229	6	15	0	1	1	0.7779	1.1060
12	672	1	1165.2728	8	6	0	1	1	0.7783	1.3644
12	673	1	1166.8227	9	10	0	1	1	0.7786	1.2378
12	674	1	1168.3726	12	8	0	1	1	0.7789	1.2723
12	675	1	1169.9225	9	10	90	1	1	0.7793	1.2425
12	676	1	1171.4725	12	8	0	1	1	0.7796	1.1647
12	677	1	1173.0224	9	10	0	1	1	0.7799	1.0694
12	678	1	1174.5723	12	8	0	1	1	0.7802	0.9755
12	679	1	1176.1222	11	9	0	1	1	0.7806	0.8825
12	680	1	1177.6721	12	8	90	1	1	0.7809	0.8996
12	681	1	1179.2220	9	10	0	1	1	0.7812	0.8537
12	682	1	1180.7720	12	8	0	1	1	0.7815	0.8408
12	683	1	1182.3219	10	5	0	1	1	0.7818	0.9379
12	684	1	1183.8718	9	10	0	1	1	0.7822	0.7812
12	685	1	1185.4217	8	6	0	1	1	0.7825	1.1663
12	686	1	1186.9716	5	2	0	-1	0	0.7813	-1.0000
12	687	1	1189.0049	8	6	0	1	1	0.7817	0.9281
12	688	1	1190.5548	6	15	90	1	1	0.7820	0.9465
12	689	1	1192.1047	4	13	0	1	1	0.7823	1.1723
12	690	1	1193.6546	7	11	0	1	1	0.7826	0.7091
12	691	1	1195.2046	6	15	0	1	1	0.7829	0.7768
12	692	1	1196.7545	7	11	0	1	1	0.7832	0.7473
12	693	1	1198.3044	5	2	90	0	1	0.7821	1.4365
12	694	1	1200.2710	4	13	0	1	1	0.7824	0.8299
12	695	1	1201.8209	5	2	0	1	1	0.7827	1.4403
12	696	1	1203.4041	4	13	0	1	1	0.7830	1.3758
12	697	1	1204.9540	5	2	0	1	1	0.7834	1.1229
12	698	1	1206.5039	8	6	90	1	1	0.7837	1.2677
12	699	1	1208.0539	9	10	0	1	1	0.7840	0.9032
12	700	1	1209.6038	10	5	0	1	1	0.7843	0.6975
12	701	1	1211.1537	11	9	0	1	1	0.7846	0.7301
12	702	1	1212.7036	13	14	0	1	1	0.7849	0.9241
12	703	1	1214.2536	12	8	0	1	1	0.7852	0.7997
12	704	1	1215.8035	11	9	0	1	1	0.7855	0.7522
12	705	1	1217.3534	12	8	0	1	1	0.7858	0.7396
12	706	1	1218.9033	11	9	0	1	1	0.7861	0.7252
12	707	1	1220.4532	13	14	0	1	1	0.7864	0.9678
12	708	1	1222.0031	14	4	90	1	1	0.7867	1.0984
12	709	1	1223.5531	2	3	0	1	1	0.7870	0.7650
12	710	1	1225.1030	1	7	0	1	1	0.7873	1.0546
12	711	1	1226.6529	14	4	90	1	1	0.7876	0.9604
12	712	1	1228.2028	2	3	0	1	1	0.7879	0.7222
12	713	1	1229.7527	1	7	0	1	1	0.7882	0.7563
12	714	1	1231.3027	14	4	0	1	1	0.7885	0.8063
12	715	1	1232.8526	15	1	0	1	1	0.7888	0.7912
12	716	1	1234.4025	14	4	90	1	1	0.7891	0.7945
12	717	1	1235.9524	2	3	0	1	1	0.7894	0.6847
12	718	1	1237.5023	3	12	90	1	1	0.7897	0.9260
12	719	1	1239.0523	15	1	0	1	1	0.7900	0.8635
12	720	1	1240.6022	1	7	90	1	1	0.7903	0.9314
12	721	1	1242.1521	3	12	0	1	1	0.7906	0.7730
12	722	1	1243.7020	15	1	0	1	1	0.7909	0.8551
12	723	1	1245.2520	1	7	0	1	1	0.7911	0.7449
12	724	1	1246.8019	2	3	0	1	1	0.7914	0.8111
12	725	1	1248.3518	3	12	0	1	1	0.7917	0.9240
12	726	1	1249.9017	15	1	0	1	1	0.7920	0.8478
12	727	1	1251.4516	14	4	0	1	1	0.7923	0.9295
12	728	1	1253.0015	1	7	0	1	1	0.7926	0.8183
12	729	1	1254.5515	3	12	0	1	1	0.7929	0.8375
12	730	1	1256.1014	15	1	0	1	1	0.7932	0.7599
12	731	1	1257.6513	2	3	0	1	1	0.7934	0.7457
12	732	1	1259.2012	1	7	0	1	1	0.7937	0.5879
12	733	1	1260.7511	3	12	0	1	1	0.7940	1.1166
12	734	1	1262.3011	2	3	0	1	1	0.7943	1.0880
12	735	1	1263.8510	15	1	0	1	1	0.7946	0.7688
12	736	1	1265.4009	3	12	0	1	1	0.7948	0.7240
12	737	1	1266.9508	4	13	0	1	1	0.7951	1.0769
12	738	1	1268.5007	3	12	0	1	1	0.7954	0.6969
12	739	1	1270.0507	15	1	0	1	1	0.7957	0.7142
12	740	1	1271.6006	1	7	90	1	1	0.7959	0.8592
12	741	1	1273.1505	14	4	0	1	1	0.7962	0.6702
12	742	1	1274.7004	2	3	90	1	1	0.7965	1.0410
12	743	1	1276.2503	15	1	90	1	1	0.7968	1.2987
12	744	1	1277.8003	2	3	90	1	1	0.7970	0.8526
12	745	1	1279.3502	15	1	0	1	1	0.7973	0.7256
12	746	1	1280.9001	3	12	0	1	1	0.7976	0.8080
12	747	1	1282.4500	15	1	90	1	1	0.7979	0.8258
12	748	1	1283.9999	1	7	90	1	1	0.7981	0.9091
12	749	1	1285.5499	2	3	0	1	1	0.7984	0.6713
12	750	1	1287.0998	1	7	0	0	1	0.7973	1.3615
12	751	1	1289.0497	3	12	0	1	1	0.7976	0.7554
12	752	1	1290.5996	4	13	0	1	1	0.7979	1.1094
12	753	1	1292.1495	3	12	0	1	1	0.7981	0.7274
12	754	1	1293.6994	4	13	0	1	1	0.7984	1.0337
12	755	1	1295.2493	7	11	0	1	1	0.7987	0.9874
12	756	1	1296.7993	5	2	0	1	1	0.7989	1.1806
12	757	1	1298.3492	8	6	0	1	1	0.7992	1.1037
12	758	1	1299.8991	6	15	0	1	1	0.7995	0.9149
12	759	1	1301.4490	5	2	0	1	1	0.7997	0.9788
12	760	1	1302.9990	6	15	90	1	1	0.8000	0.9968
12	761	1	1304.5489	8	6	0	1	1	0.8003	0.8079
12	762	1	1306.0988	7	11	0	1	1	0.8005	0.8101
12	763	1	1307.6487	8	6	0	1	1	0.8008	0.8125
12	764	1	1309.1986	7	11	0	1	1	0.8010	0.8463
12	765	1	1310.7485	6	15	90	1	1	0.8013	0.8472
12	766	1	1312.2984	8	6	0	1	1	0.8016	0.7387
12	767	1	1313.8484	5	2	0	1	1	0.8018	0.8046
12	768	1	1315.3983	6	15	0	1	1	0.8021	0.9030
12	769	1	1316.9482	8	6	0	1	1	0.8023	0.9036
12	770	1	1318.4981	7	11	0	1	1	0.8026	0.7776
12	771	1	1320.0481	4	13	90	1	1	0.8029	1.0211
12	772	1	1321.5980	6	15	0	1	1	0.8031	0.7511
12	773	1	1323.1479	7	11	0	1	1	0.8034	0.7038
12	774	1	1324.6978	5	2	0	1	1	0.8036	0.8513
12	775	1	1326.2477	8	6	0	1	1	0.8039	0.6935
12	776	1	1327.7977	9	10	0	1	1	0.8041	1.0633
12	777	1	1329.3476	11	9	0	1	1	0.8044	0.8572
12	778	1	1330.8975	13	14	90	1	1	0.8046	1.0823
12	779	1	1332.4474	14	4	0	1	1	0.8049	0.8622
12	780	1	1333.9973	15	1	0	1	1	0.8051	0.7517
12	781	1	1335.5473	2	3	0	1	1	0.8054	0.6095
12	782	1	1337.0972	1	7	0	1	1	0.8056	1.2042
12	783	1	1338.6471	3	12	90	1	1	0.8059	0.9327
12	784	1	1340.1970	1	7	0	1	1	0.8061	1.0468
12	785	1	1341.7469	3	12	0	1	1	0.8064	1.3220
12	786	1	1343.2969	1	7	90	0	1	0.8053	0.9069
12	787	1	1344.8468	15	1	0	1	1	0.8056	0.8461
12	788	1	1346.3967	2	3	0	1	1	0.8058	0.7368
12	789	1	1347.9466	15	1	90	1	1	0.8061	1.4105
12	790	1	1349.4965	2	3	0	1	1	0.8063	0.6931
12	791	1	1351.0464	15	1	0	1	1	0.8066	0.8542
12	792	1	1352.5964	2	3	90	1	1	0.8068	1.0794
12	793	1	1354.1463	1	7	0	1	1	0.8071	1.0336
12	794	1	1355.6962	3	12	0	1	1	0.8073	1.1179
12	795	1	1357.2461	2	3	0	1	1	0.8075	0.9576
12	796	1	1358.7960	14	4	0	1	1	0.8078	0.8810
12	797	1	1360.3460	13	14	0	1	1	0.8080	1.3471
12	798	1	1361.8959	14	4	0	1	1	0.8083	1.1090
12	799	1	1363.4458	1	7	0	1	1	0.8085	1.0953
12	800	1	1364.9957	15	1	0	1	1	0.8087	0.9371
12	801	1	1366.5456	3	12	0	1	1	0.8090	0.7473
12	802	1	1368.0956	2	3	0	1	1	0.8092	0.6219
12	803	1	1369.6455	1	7	90	1	1	0.8095	1.4224
12	804	1	1371.2621	14	4	90	1	1	0.8097	0.9909
12	805	1	1372.8120	15	1	0	1	1	0.8099	0.7529
12	806	1	1374.3619	1	7	0	1	1	0.8102	0.9149
12	807	1	1375.9118	3	12	90	1	1	0.8104	0.9479
12	808	1	1377.4617	4	13	0	-1	0	0.8094	-1.0000
12	809	1	1379.5116	7	11	0	1	1	0.8096	1.1721
12	810	1	1381.0616	5	2	0	1	1	0.8099	1.0954
12	811	1	1382.6115	8	6	0	1	1	0.8101	1.0005
12	812	1	1384.1614	7	11	0	1	1	0.8103	0.7955
12	813	1	1385.7113	6	15	90	1	1	0.8106	0.8936
12	814	1	1387.2612	5	2	0	1	1	0.8108	0.7826
12	815	1	1388.8112	7	11	0	1	1	0.8110	0.8658
12	816	1	1390.3611	5	2	90	1	1	0.8113	1.0595
12	817	1	1391.9110	4	13	90	1	1	0.8115	1.1739
12	818	1	1393.4609	5	2	0	1	1	0.8117	1.1601
12	819	1	1395.0108	7	11	0	1	1	0.8120	0.8249
12	820	1	1396.5607	5	2	0	1	1	0.8122	0.8271
12	821	1	1398.1107	6	15	0	1	1	0.8124	1.0223
12	822	1	1399.6606	5	2	0	1	1	0.8127	0.6872
12	823	1	1401.2105	7	11	90	0	1	0.8117	0.8815
12	824	1	1402.7604	5	2	0	1	1	0.8119	0.9967
12	825	1	1404.3103	4	13	0	1	1	0.8121	0.9503
12	826	1	1405.8603	3	12	0	1	1	0.8123	0.7768
12	827	1	1407.4102	4	13	0	1	1	0.8126	0.8265
12	828	1	1408.9601	3	12	0	1	1	0.8128	0.7477
12	829	1	1410.5100	4	13	90	1	1	0.8130	1.1497
12	830	1	1412.0599	3	12	0	1	1	0.8133	0.7052
12	831	1	1413.6099	15	1	0	1	1	0.8135	0.8668
12	832	1	1415.1598	2	3	0	1	1	0.8137	0.7720
12	833	1	1416.7097	14	4	0	1	1	0.8139	0.7277
12	834	1	1418.2596	13	14	0	1	1	0.8141	1.1295
12	835	1	1419.8095	12	8	0	1	1	0.8144	0.7800
12	836	1	1421.3595	9	10	0	1	1	0.8146	0.8617
12	837	1	1422.9094	8	6	90	1	1	0.8148	1.1196
12	838	1	1424.4593	5	2	0	1	1	0.8150	0.7527
12	839	1	1426.0092	4	13	0	1	1	0.8153	0.8522
12	840	1	1427.5591	5	2	90	1	1	0.8155	0.9338
12	841	1	1429.1091	4	13	0	1	1	0.8157	0.8081
12	842	1	1430.6590	6	15	0	1	1	0.8159	0.8570
12	843	1	1432.2089	8	6	90	1	1	0.8161	1.0841
12	844	1	1433.7588	5	2	0	1	1	0.8164	0.6863
12	845	1	1435.3087	8	6	0	1	1	0.8166	0.9603
12	846	1	1436.8586	5	2	0	1	1	0.8168	0.7700
12	847	1	1438.4086	6	15	90	1	1	0.8170	0.8042
12	848	1	1439.9585	8	6	0	1	1	0.8172	0.8853
12	849	1	1441.5084	6	15	0	1	1	0.8174	0.6474
12	850	1	1443.0583	5	2	0	1	1	0.8176	0.9055
12	851	1	1444.6083	8	6	0	1	1	0.8179	0.8595
12	852	1	1446.1582	9	10	90	1	1	0.8181	1.0548
12	853	1	1447.7081	11	9	0	1	1	0.8183	0.8326
12	854	1	1449.2580	9	10	0	1	1	0.8185	0.9955
12	855	1	1450.8079	11	9	0	1	1	0.8187	0.9011
12	856	1	1452.3578	13	14	0	1	1	0.8189	1.2234
12	857	1	1453.9078	12	8	0	1	1	0.8191	0.8240
12	858	1	1455.4577	13	14	0	1	1	0.8193	0.7621
12	859	1	1457.0076	14	4	90	1	1	0.8196	0.8613
12	860	1	1458.5575	2	3	0	1	1	0.8198	0.7035
12	861	1	1460.1074	15	1	0	1	1	0.8200	0.7216
12	862	1	1461.6574	14	4	90	1	1	0.8202	0.8184
12	863	1	1463.2073	1	7	0	1	1	0.8204	1.1260
12	864	1	1464.7572	3	12	0	1	1	0.8206	0.8396
12	865	1	1466.3071	4	13	0	1	1	0.8208	0.9545
12	866	1	1467.8570	5	2	0	1	1	0.8210	1.2753
12	867	1	1469.4070	8	6	0	1	1	0.8212	0.9423
12	868	1	1470.9569	6	15	0	1	1	0.8214	0.6883
12	869	1	1472.5068	5	2	0	1	1	0.8216	0.7061
12	870	1	1474.0567	8	6	0	1	1	0.8218	0.6443
12	871	1	1475.6066	5	2	0	1	1	0.8220	0.7270
12	872	1	1477.1566	6	15	0	1	1	0.8222	0.7284
12	873	1	1478.7065	7	11	0	1	1	0.8225	0.6985
12	874	1	1480.2564	6	15	0	1	1	0.8227	0.6674
12	875	1	1481.8063	4	13	0	1	1	0.8229	0.8789
12	876	1	1483.3562	6	15	0	1	1	0.8231	0.6239
12	877	1	1484.9062	4	13	0	1	1	0.8233	0.7228
12	878	1	1486.4561	3	12	0	1	1	0.8235	0.7573
12	879	1	1488.0060	1	7	0	1	1	0.8237	0.7737
12	880	1	1489.5559	3	12	90	1	1	0.8239	0.8251
12	881	1	1491.1058	4	13	0	1	1	0.8241	0.8259
12	882	1	1492.6558	6	15	0	1	1	0.8243	0.7656
12	883	1	1494.2057	8	6	0	1	1	0.8245	0.8154
12	884	1	1495.7556	9	10	0	1	1	0.8247	0.9922
12	885	1	1497.3055	12	8	0	1	1	0.8249	0.8675
12	886	1	1498.8554	11	9	0	1	1	0.8251	0.7564
12	887	1	1500.4054	9	10	90	1	1	0.8253	0.9997
12	888	1	1501.9553	8	6	0	1	1	0.8255	0.8261
12	889	1	1503.5052	9	10	0	1	1	0.8256	0.7466
12	890	1	1505.0551	10	5	90	1	1	0.8258	0.9577
12	891	1	1506.6050	11	9	90	1	1	0.8260	1.4718
12	892	1	1508.2216	12	8	90	1	1	0.8262	1.2000
12	893	1	1509.7715	13	14	0	1	1	0.8264	1.2802
12	894	1	1511.3215	11	9	0	1	1	0.8266	1.2516
12	895	1	1512.8714	10	5	0	1	1	0.8268	0.9484
12	896	1	1514.4213	11	9	0	1	1	0.8270	0.9037
12	897	1	1515.9712	10	5	0	1	1	0.8272	0.9055
12	898	1	1517.5211	13	14	0	1	1	0.8274	0.9243
12	899	1	1519.0710	14	4	0	1	1	0.8276	0.7340
12	900	1	1520.6210	2	3	90	1	1	0.8278	0.9282
12	901	1	1522.1709	1	7	0	1	1	0.8280	0.7690
12	902	1	1523.7208	2	3	0	1	1	0.8282	0.6444
12	903	1	1525.2707	1	7	90	1	1	0.8283	0.9497
12	904	1	1526.8206	3	12	0	1	1	0.8285	0.8562
12	905	1	1528.3706	1	7	0	1	1	0.8287	0.7625
12	906	1	1529.9205	15	1	0	1	1	0.8289	0.8433
12	907	1	1531.4704	2	3	0	1	1	0.8291	0.7986
12	908	1	1533.0203	3	12	0	1	1	0.8293	0.7208
12	909	1	1534.5702	2	3	0	1	1	0.8295	0.5787
12	910	1	1536.1202	3	12	0	1	1	0.8297	0.6437
12	911	1	1537.6701	1	7	0	1	1	0.8299	0.7113
12	912	1	1539.2200	3	12	0	1	1	0.8300	0.8090
12	913	1	1540.7699	2	3	0	1	1	0.8302	0.7315
12	914	1	1542.3198	3	12	0	1	1	0.8304	0.8772
12	915	1	1543.8698	4	13	0	1	1	0.8306	1.1180
12	916	1	1545.4197	7	11	90	0	1	0.8297	1.3131
12	917	1	1547.2696	4	13	90	1	1	0.8299	1.2224
12	918	1	1548.8195	6	15	0	1	1	0.8301	0.9203
12	919	1	1550.3694	4	13	0	1	1	0.8303	0.8908
12	920	1	1551.9193	3	12	0	1	1	0.8304	0.7983
12	921	1	1553.4693	2	3	0	1	1	0.8306	0.8157
12	922	1	1555.0192	14	4	0	1	1	0.8308	0.8659
12	923	1	1556.5691	13	14	0	1	1	0.8310	0.8827
12	924	1	1558.1190	11	9	0	1	1	0.8312	0.7586
12	925	1	1559.6689	10	5	0	1	1	0.8314	1.0002
12	926	1	1561.2188	13	14	0	1	1	0.8315	0.7948
12	927	1	1562.7688	12	8	0	1	1	0.8317	0.6842
12	928	1	1564.3187	13	14	0	1	1	0.8319	0.7665
12	929	1	1565.8686	11	9	0	1	1	0.8321	0.6392
12	930	1	1567.4185	9	10	0	1	1	0.8323	0.8824
12	931	1	1568.9684	11	9	0	1	1	0.8324	0.7567
12	932	1	1570.5184	12	8	90	1	1	0.8326	0.8066
12	933	1	1572.0683	11	9	0	1	1	0.8328	0.7442
12	934	1	1573.6182	9	10	90	1	1	0.8330	0.9388
12	935	1	1575.1681	8	6	0	1	1	0.8332	0.9571
12	936	1	1576.7181	6	15	90	1	1	0.8333	0.9578
12	937	1	1578.2680	8	6	0	1	1	0.8335	0.9134
12	938	1	1579.8179	7	11	0	1	1	0.8337	0.9635
12	939	1	1581.3678	8	6	90	1	1	0.8339	1.2360
12	940	1	1582.9177	7	11	0	1	1	0.8340	0.8553
12	941	1	1584.4676	5	2	0	1	1	0.8342	1.0815
12	942	1	1586.0176	4	13	0	1	1	0.8344	0.9874
12	943	1	1587.5675	6	15	0	1	1	0.8346	0.8138
12	944	1	1589.1174	5	2	90	1	1	0.8347	0.9600
12	945	1	1590.6673	8	6	90	1	1	0.8349	1.2645
12	946	1	1592.2172	6	15	90	1	1	0.8351	0.9636
12	947	1	1593.7672	4	13	0	1	1	0.8353	0.9012
12	948	1	1595.3171	5	2	90	1	1	0.8354	1.0320
12	949	1	1596.8670	6	15	90	1	1	0.8356	0.9861
12	950	1	1598.4169	7	11	90	1	1	0.8358	1.2922
12	951	1	1599.9668	5	2	0	1	1	0.8360	0.8942
12	952	1	1601.5168	8	6	0	1	1	0.8361	0.8645
12	953	1	1603.0667	6	15	0	1	1	0.8363	0.7706
12	954	1	1604.6166	8	6	90	1	1	0.8365	1.0447
12	955	1	1606.1665	9	10	0	1	1	0.8366	1.0132
12	956	1	1607.7164	12	8	0	1	1	0.8368	0.9686
12	957	1	1609.2664	10	5	0	1	1	0.8370	0.8109
12	958	1	1610.8163	13	14	90	1	1	0.8372	0.9569
12	959	1	1612.3662	10	5	0	1	1	0.8373	0.9425
12	960	1	1613.9161	9	10	0	1	1	0.8375	0.9288
12	961	1	1615.4660	10	5	90	1	1	0.8377	0.9134
12	962	1	1617.0159	9	10	0	1	1	0.8378	0.7410
12	963	1	1618.5659	12	8	0	0	1	0.8370	0.7753
12	964	1	1620.1158	9	10	0	1	1	0.8371	0.6656
12	965	1	1621.6657	11	9	0	1	1	0.8373	0.7152
12	966	1	1623.2156	12	8	0	1	1	0.8375	0.7164
12	967	1	1624.7656	11	9	0	1	1	0.8376	0.7522
12	968	1	1626.3155	12	8	0	1	1	0.8378	0.8340
12	969	1	1627.8654	9	10	0	1	1	0.8380	0.8992
12	970	1	1629.4153	10	5	0	1	1	0.8381	0.7416
12	971	1	1630.9652	11	9	90	1	1	0.8383	0.9517
12	972	1	1632.5151	9	10	0	1	1	0.8385	0.7459
12	973	1	1634.0651	8	6	0	1	1	0.8386	0.9879
12	974	1	1635.6150	6	15	90	1	1	0.8388	0.8620
12	975	1	1637.1649	5	2	0	1	1	0.8390	0.9286
12	976	1	1638.7148	4	13	0	1	1	0.8391	1.1867
12	977	1	1640.2647	3	12	0	1	1	0.8393	1.0288
12	978	1	1641.8147	2	3	90	1	1	0.8395	1.0785
12	979	1	1643.3646	1	7	0	1	1	0.8396	1.4312
12	980	1	1644.9478	15	1	0	1	1	0.8398	0.9213
12	981	1	1646.4978	14	4	90	1	1	0.8400	0.8441
12	982	1	1648.0477	15	1	0	1	1	0.8401	0.6522
12	983	1	1649.5976	14	4	0	1	1	0.8403	0.7508
12	984	1	1651.1475	15	1	0	1	1	0.8404	0.8659
12	985	1	1652.6974	2	3	0	1	1	0.8406	0.7077
12	986	1	1654.2473	14	4	0	1	1	0.8408	0.5977
12	987	1	1655.7973	15	1	0	1	1	0.8409	0.6946
12	988	1	1657.3472	1	7	90	0	1	0.8401	0.6182
12	989	1	1658.8971	2	3	0	1	1	0.8402	0.6682
12	990	1	1660.4470	14	4	0	1	1	0.8404	0.7503
12	991	1	1661.9969	13	14	0	1	1	0.8406	1.1201
12	992	1	1663.5469	14	4	0	1	1	0.8407	0.8820
12	993	1	1665.0968	15	1	0	1	1	0.8409	0.6445
12	994	1	1666.6467	14	4	0	1	1	0.8410	0.6771
12	995	1	1668.1966	1	7	0	1	1	0.8412	0.7924
12	996	1	1669.7465	14	4	90	1	1	0.8414	0.8906
12	997	1	1671.2965	2	3	0	1	1	0.8415	0.6852
12	998	1	1672.8464	1	7	0	1	1	0.8417	0.6706
12	999	1	1674.3963	3	12	0	1	1	0.8418	0.7527
12	1000	1	1675.9462	1	7	0	1	1	0.8420	0.6269
12	1001	1	1677.4961	14	4	0	1	1	0.8422	0.6131
12	1002	1	1679.0461	1	7	0	1	1	0.8423	0.6631
12	1003	1	1680.5960	15	1	0	1	1	0.8425	0.6161
12	1004	1	1682.1459	14	4	90	1	1	0.8426	0.8433
12	1005	1	1683.6958	13	14	0	1	1	0.8428	0.9574
12	1006	1	1685.2457	14	4	90	1	1	0.8429	0.8635
12	1007	1	1686.7957	15	1	0	1	1	0.8431	0.7042
12	1008	1	1688.3456	14	4	90	1	1	0.8433	0.7863
12	1009	1	1689.8955	13	14	90	1	1	0.8434	0.9338
12	1010	1	1691.4454	14	4	90	1	1	0.8436	1.0304
12	1011	1	1692.9953	13	14	0	1	1	0.8437	1.2897
12	1012	1	1694.5452	12	8	0	1	1	0.8439	0.8588
12	1013	1	1696.0952	10	5	90	1	1	0.8440	0.8299
12	1014	1	1697.6451	11	9	90	1	1	0.8442	1.2147
12	1015	1	1699.1950	13	14	0	1	1	0.8443	1.0263
12	1016	1	1700.7449	14	4	90	1	1	0.8445	0.8682
12	1017	1	1702.2948	13	14	0	1	1	0.8446	0.8689
12	1018	1	1703.8448	14	4	90	1	1	0.8448	0.7609
12	1019	1	1705.3947	1	7	90	1	1	0.8449	1.3704
12	1020	1	1706.9446	15	1	0	1	1	0.8451	0.8928
12	1021	1	1708.4945	3	12	90	1	1	0.8452	0.9253
12	1022	1	1710.0444	2	3	0	1	1	0.8454	0.6247
12	1023	1	1711.5944	15	1	0	1	1	0.8456	0.7387
12	1024	1	1713.1443	14	4	0	1	1	0.8457	0.7399
12	1025	1	1714.6942	2	3	0	1	1	0.8459	0.8057
12	1026	1	1716.2441	14	4	0	1	1	0.8460	0.7129
12	1027	1	1717.7940	13	14	0	1	1	0.8462	1.1630
12	1028	1	1719.3440	12	8	0	1	1	0.8463	0.8119
12	1029	1	1720.8939	11	9	90	1	1	0.8465	0.9740
12	1030	1	1722.4438	10	5	0	1	1	0.8466	0.8801
12	1031	1	1723.9937	11	9	0	1	1	0.8468	1.1714
12	1032	1	1725.5436	13	14	0	1	1	0.8469	0.9014
12	1033	1	1727.0936	11	9	0	1	1	0.8470	0.8396
12	1034	1	1728.6435	12	8	0	1	1	0.8472	0.7457
12	1035	1	1730.1934	11	9	0	1	1	0.8473	0.8757
12	1036	1	1731.7433	12	8	90	1	1	0.8475	1.0383
12	1037	1	1733.2932	13	14	90	1	1	0.8476	1.0396
12	1038	1	1734.8432	10	5	0	1	1	0.8478	0.8499
12	1039	1	1736.3931	9	10	0	1	1	0.8479	0.8838
12	1040	1	1737.9430	12	8	90	1	1	0.8481	0.8381
12	1041	1	1739.4929	13	14	0	1	1	0.8482	0.8562
12	1042	1	1741.0428	12	8	0	1	1	0.8484	1.0663
12	1043	1	1742.5928	13	14	90	1	1	0.8485	1.4831
12	1044	1	1744.2260	14	4	0	1	1	0.8487	0.8578
12	1045	1	1745.7759	1	7	90	1	1	0.8488	1.0700
12	1046	1	1747.3258	14	4	0	1	1	0.8489	0.8313
12	1047	1	1748.8758	13	14	0	1	1	0.8491	0.8655
12	1048	1	1750.4257	10	5	0	1	1	0.8492	1.0114
12	1049	1	1751.9756	11	9	0	1	1	0.8494	0.8374
12	1050	1	1753.5255	9	10	0	1	1	0.8495	0.7904
12	1051	1	1755.0754	10	5	0	1	1	0.8497	0.8096
12	1052	1	1756.6254	9	10	0	1	1	0.8498	0.7624
12	1053	1	1758.1753	8	6	0	1	1	0.8500	0.9102
12	1054	1	1759.7252	6	15	0	1	1	0.8501	0.8962
12	1055	1	1761.2751	8	6	0	1	1	0.8502	1.0261
12	1056	1	1762.8250	9	10	0	1	1	0.8504	0.9156
12	1057	1	1764.3750	11	9	0	1	1	0.8505	0.9820
12	1058	1	1765.9249	10	5	0	1	1	0.8507	0.7283
12	1059	1	1767.4748	11	9	0	1	1	0.8508	0.6824
12	1060	1	1769.0247	9	10	90	1	1	0.8509	1.1166
12	1061	1	1770.5746	8	6	0	1	1	0.8511	0.8466
12	1062	1	1772.1245	9	10	90	1	1	0.8512	1.0086
12	1063	1	1773.6745	8	6	0	1	1	0.8514	0.8508
12	1064	1	1775.2244	9	10	0	1	1	0.8515	1.3321
12	1065	1	1776.7743	10	5	0	1	1	0.8516	1.0776
12	1066	1	1778.3242	12	8	0	1	1	0.8518	0.8556
12	1067	1	1779.8741	11	9	90	1	1	0.8519	1.1147
12	1068	1	1781.4241	13	14	0	1	1	0.8521	1.0369
12	1069	1	1782.9740	12	8	0	1	1	0.8522	0.8791
12	1070	1	1784.5239	11	9	0	1	1	0.8523	0.7360
12	1071	1	1786.0738	10	5	0	1	1	0.8525	0.6912
12	1072	1	1787.6237	12	8	90	1	1	0.8526	0.8842
12	1073	1	1789.1737	10	5	0	1	1	0.8527	1.2239
12	1074	1	1790.7236	11	9	0	1	1	0.8529	1.0165
12	1075	1	1792.2735	10	5	0	1	1	0.8530	0.7156
12	1076	1	1793.8234	13	14	0	1	1	0.8532	0.9724
12	1077	1	1795.3733	12	8	0	1	1	0.8533	0.8798
12	1078	1	1796.9233	10	5	90	-1	0	0.8525	-1.0000
12	1079	1	1798.9565	11	9	0	1	1	0.8526	1.3284
12	1080	1	1800.5064	9	10	90	-1	0	0.8519	-1.0000
12	1081	1	1802.5730	8	6	0	0	1	0.8511	0.0168
12	1082	1	1804.1229	6	15	0	1	1	0.8512	1.0101
12	1083	1	1805.6728	4	13	90	1	1	0.8513	1.0911
12	1084	1	1807.2227	6	15	0	1	1	0.8515	0.7744
12	1085	1	1808.7726	7	11	0	1	1	0.8516	1.0325
12	1086	1	1810.3226	8	6	0	1	1	0.8517	0.8579
12	1087	1	1811.8725	6	15	0	1	1	0.8519	0.6515
12	1088	1	1813.4224	7	11	0	1	1	0.8520	0.9431
12	1089	1	1814.9723	5	2	0	1	1	0.8522	0.9447
12	1090	1	1816.5222	7	11	0	1	1	0.8523	0.9143
12	1091	1	1818.0721	6	15	0	1	1	0.8524	0.7397
12	1092	1	1819.6221	7	11	0	1	1	0.8526	0.6457
12	1093	1	1821.1720	4	13	0	1	1	0.8527	1.0639
12	1094	1	1822.7219	3	12	0	1	1	0.8528	0.7636
12	1095	1	1824.2718	2	3	90	1	1	0.8530	0.9733
12	1096	1	1825.8218	3	12	0	1	1	0.8531	0.7831
12	1097	1	1827.3717	1	7	0	1	1	0.8532	0.9921
12	1098	1	1828.9216	2	3	90	1	1	0.8534	1.0743
12	1099	1	1830.4715	1	7	0	1	1	0.8535	0.9643
12	1100	1	1832.0214	15	1	0	1	1	0.8536	0.9197
12	1101	1	1833.5713	2	3	0	1	1	0.8538	0.7456
12	1102	1	1835.1213	15	1	0	1	1	0.8539	0.7155
12	1103	1	1836.6712	14	4	0	1	1	0.8540	0.8770
12	1104	1	1838.2211	2	3	0	1	1	0.8542	0.6867
12	1105	1	1839.7710	15	1	0	1	1	0.8543	0.7055
12	1106	1	1841.3210	2	3	90	1	1	0.8544	1.0269
12	1107	1	1842.8709	1	7	0	1	1	0.8546	0.8851
12	1108	1	1844.4208	15	1	90	1	1	0.8547	1.2079
12	1109	1	1845.9707	14	4	0	1	1	0.8548	0.8433
12	1110	1	1847.5206	15	1	0	1	1	0.8550	0.8283
12	1111	1	1849.0705	1	7	0	1	1	0.8551	0.6706
12	1112	1	1850.6205	14	4	0	1	1	0.8552	0.6729
12	1113	1	1852.1704	2	3	0	1	1	0.8553	0.7854
12	1114	1	1853.7203	14	4	0	1	1	0.8555	0.7727
12	1115	1	1855.2702	2	3	90	1	1	0.8556	0.9195
12	1116	1	1856.8201	14	4	0	1	1	0.8557	0.6807
12	1117	1	1858.3701	1	7	0	1	1	0.8559	1.2745
12	1118	1	1859.9200	2	3	0	1	1	0.8560	0.6839
12	1119	1	1861.4699	1	7	0	1	1	0.8561	0.5593
12	1120	1	1863.0198	15	1	0	1	1	0.8562	0.7040
12	1121	1	1864.5697	14	4	0	1	1	0.8564	0.7541
12	1122	1	1866.1197	15	1	0	1	1	0.8565	0.6936
12	1123	1	1867.6696	3	12	0	1	1	0.8566	0.7595
12	1124	1	1869.2195	4	13	0	1	1	0.8568	0.8896
12	1125	1	1870.7694	6	15	0	1	1	0.8569	0.7640
12	1126	1	1872.3193	7	11	90	1	1	0.8570	1.3260
12	1127	1	1873.8693	5	2	90	1	1	0.8571	1.0238
12	1128	1	1875.4192	8	6	0	1	1	0.8573	1.0087
12	1129	1	1876.9691	5	2	0	1	1	0.8574	1.1880
12	1130	1	1878.5190	4	13	90	1	1	0.8575	1.1261
12	1131	1	1880.0689	6	15	0	1	1	0.8576	0.7912
12	1132	1	1881.6188	8	6	0	1	1	0.8578	0.8891
12	1133	1	1883.1688	7	11	0	1	1	0.8579	0.9248
12	1134	1	1884.7187	8	6	90	1	1	0.8580	1.1024
12	1135	1	1886.2686	7	11	0	1	1	0.8581	1.2325
12	1136	1	1887.8185	6	15	0	1	1	0.8583	0.8186
12	1137	1	1889.3685	7	11	0	-1	1	0.8575	-1.0000
12	1138	1	1891.4683	4	13	0	1	1	0.8576	0.1931
12	1139	1	1893.0182	5	2	0	1	1	0.8578	0.9951
12	1140	1	1894.5682	8	6	90	1	1	0.8579	1.2848
12	1141	1	1896.1181	5	2	0	1	1	0.8580	0.9350
12	1142	1	1897.6680	6	15	0	1	1	0.8581	0.7931
12	1143	1	1899.2179	4	13	0	1	1	0.8583	0.7953
12	1144	1	1900.7679	3	12	90	0	1	0.8575	1.0365
12	1145	1	1902.3511	4	13	90	-1	0	0.8568	-1.0000
12	1146	1	1904.4343	6	15	0	1	1	0.8569	0.8111
12	1147	1	1905.9842	4	13	0	1	1	0.8570	0.9734
12	1148	1	1907.5342	6	15	0	1	1	0.8571	0.8617
12	1149	1	1909.0841	7	11	90	1	1	0.8573	1.0084
12	1150	1	1910.6340	5	2	0	1	1	0.8574	0.8672
12	1151	1	1912.1839	8	6	0	1	1	0.8575	1.0453
12	1152	1	1913.7338	7	11	0	1	1	0.8576	0.7582
12	1153	1	1915.2838	6	15	90	1	1	0.8578	0.8573
12	1154	1	1916.8337	7	11	90	1	1	0.8579	1.0982
12	1155	1	1918.3836	4	13	0	1	1	0.8580	0.9734
12	1156	1	1919.9335	7	11	0	1	1	0.8581	0.9917
12	1157	1	1921.4834	8	6	0	1	1	0.8583	1.1858
12	1158	1	1923.0334	9	10	0	1	1	0.8584	1.1879
12	1159	1	1924.5833	11	9	0	1	1	0.8585	1.0299
12	1160	1	1926.1332	13	14	0	1	1	0.8586	1.0000
12	1161	1	1927.6831	11	9	0	1	1	0.8587	0.8742
12	1162	1	1929.2330	12	8	90	1	1	0.8589	0.9396
12	1163	1	1930.7830	13	14	0	1	1	0.8590	0.8131
12	1164	1	1932.3329	14	4	0	1	1	0.8591	0.9121
12	1165	1	1933.8828	2	3	0	1	1	0.8592	0.8021
12	1166	1	1935.4327	14	4	0	1	1	0.8593	0.6591
12	1167	1	1936.9826	13	14	0	1	1	0.8595	0.7269
12	1168	1	1938.5326	10	5	90	1	1	0.8596	0.9202
12	1169	1	1940.0825	9	10	0	1	1	0.8597	0.7779
12	1170	1	1941.6324	8	6	90	1	1	0.8598	1.2288
12	1171	1	1943.1823	9	10	0	1	1	0.8599	0.8147
12	1172	1	1944.7322	11	9	0	1	1	0.8601	0.9764
12	1173	1	1946.2821	12	8	0	1	1	0.8602	0.8177
12	1174	1	1947.8321	10	5	0	1	1	0.8603	0.7400
12	1175	1	1949.3820	12	8	0	1	1	0.8604	0.6618
12	1176	1	1950.9319	13	14	90	1	1	0.8605	0.9852
12	1177	1	1952.4818	10	5	0	1	1	0.8607	0.8756
12	1178	1	1954.0317	13	14	90	1	1	0.8608	1.0697
12	1179	1	1955.5817	12	8	90	1	1	0.8609	1.0236
12	1180	1	1957.1316	9	10	0	1	1	0.8610	0.8176
12	1181	1	1958.6815	11	9	90	1	1	0.8611	1.2024
12	1182	1	1960.2314	13	14	90	1	1	0.8613	1.1895
12	1183	1	1961.7814	14	4	0	1	1	0.8614	0.9683
12	1184	1	1963.3313	1	7	90	1	1	0.8615	1.3526
12	1185	1	1964.8812	14	4	0	1	1	0.8616	0.9402
12	1186	1	1966.4311	13	14	90	1	1	0.8617	1.0714
12	1187	1	1967.9810	11	9	0	1	1	0.8618	0.8319
12	1188	1	1969.5309	10	5	0	1	1	0.8620	0.7541
12	1189	1	1971.0809	9	10	0	1	1	0.8621	0.7241
12	1190	1	1972.6308	8	6	0	1	1	0.8622	0.9665
12	1191	1	1974.1807	5	2	0	1	1	0.8623	1.0489
12	1192	1	1975.7306	7	11	0	1	1	0.8624	1.1637
12	1193	1	1977.2805	5	2	0	1	1	0.8625	0.8608
12	1194	1	1978.8305	7	11	0	1	1	0.8626	0.7034
12	1195	1	1980.3804	8	6	0	1	1	0.8628	0.9129
12	1196	1	1981.9303	5	2	90	1	1	0.8629	1.1234
12	1197	1	1983.4802	7	11	90	1	1	0.8630	1.1570
12	1198	1	1985.0301	5	2	0	1	1	0.8631	0.8537
12	1199	1	1986.5801	8	6	0	1	1	0.8632	0.7453
12	1200	1	1988.1300	6	15	0	1	1	0.8633	0.8268
12	1201	1	1989.6799	8	6	0	1	1	0.8634	0.9560
12	1202	1	1991.2298	5	2	0	1	1	0.8636	1.0395
12	1203	1	1992.7797	6	15	0	1	1	0.8637	0.8980
12	1204	1	1994.3296	5	2	0	1	1	0.8638	0.8822
12	1205	1	1995.8796	4	13	0	1	1	0.8639	0.9019
12	1206	1	1997.4295	7	11	90	1	1	0.8640	1.0157
12	1207	1	1998.9794	4	13	0	1	1	0.8641	0.8738
12	1208	1	2000.5293	5	2	0	1	1	0.8642	0.8759
12	1209	1	2002.0792	7	11	0	1	1	0.8644	0.8126
12	1210	1	2003.6292	4	13	0	1	1	0.8645	0.8963
12	1211	1	2005.1791	6	15	0	1	1	0.8646	0.8825
12	1212	1	2006.7290	8	6	90	1	1	0.8647	1.4763
12	1213	1	2008.3789	9	10	0	1	1	0.8648	1.0594
12	1214	1	2009.9288	12	8	0	1	1	0.8649	0.7870
12	1215	1	2011.4788	13	14	90	1	1	0.8650	1.0784
12	1216	1	2013.0287	10	5	0	1	1	0.8651	0.8248
12	1217	1	2014.5786	11	9	0	1	1	0.8652	0.8105
12	1218	1	2016.1285	10	5	0	1	1	0.8654	0.7169
12	1219	1	2017.6784	13	14	0	1	1	0.8655	0.7831
12	1220	1	2019.2284	11	9	0	1	1	0.8656	0.7054
12	1221	1	2020.7783	10	5	0	1	1	0.8657	0.6749
12	1222	1	2022.3282	13	14	0	1	1	0.8658	0.9971
12	1223	1	2023.8781	14	4	0	1	1	0.8659	0.8377
12	1224	1	2025.4280	13	14	0	1	1	0.8660	0.8567
12	1225	1	2026.9780	11	9	0	1	1	0.8661	1.0033
12	1226	1	2028.5279	10	5	0	1	1	0.8662	0.7961
12	1227	1	2030.0778	12	8	0	1	1	0.8663	0.8154
12	1228	1	2031.6277	9	10	0	1	1	0.8664	1.0740
12	1229	1	2033.1776	12	8	0	1	1	0.8666	0.9156
12	1230	1	2034.7276	9	10	0	1	1	0.8667	0.7724
12	1231	1	2036.2775	12	8	0	1	1	0.8668	0.7118
12	1232	1	2037.8274	10	5	90	1	1	0.8669	1.0500
12	1233	1	2039.3773	12	8	90	1	1	0.8670	1.2754
12	1234	1	2040.9272	13	14	0	1	1	0.8671	1.0691
12	1235	1	2042.4771	11	9	90	1	1	0.8672	1.2002
12	1236	1	2044.0271	12	8	0	1	1	0.8673	0.8981
12	1237	1	2045.5770	13	14	0	1	1	0.8674	0.8990
12	1238	1	2047.1269	12	8	0	1	1	0.8675	0.7250
12	1239	1	2048.6768	13	14	90	1	1	0.8676	1.0648
12	1240	1	2050.2267	11	9	90	1	1	0.8677	1.3378
12	1241	1	2051.7767	13	14	0	1	1	0.8678	0.9392
12	1242	1	2053.3266	14	4	0	1	1	0.8680	0.7349
12	1243	1	2054.8765	15	1	0	1	1	0.8681	0.9274
12	1244	1	2056.4264	14	4	0	1	1	0.8682	1.0415
12	1245	1	2057.9763	13	14	0	1	1	0.8683	1.0446
12	1246	1	2059.5263	10	5	0	1	1	0.8684	0.9509
12	1247	1	2061.0762	11	9	0	1	1	0.8685	0.8409
12	1248	1	2062.6261	9	10	0	1	1	0.8686	1.0996
12	1249	1	2064.1760	12	8	0	1	1	0.8687	0.7024
12	1250	1	2065.7259	9	10	90	1	1	0.8688	0.9749
12	1251	1	2067.2759	11	9	0	1	1	0.8689	0.7202
12	1252	1	2068.8258	10	5	0	1	1	0.8690	0.7225
12	1253	1	2070.3757	13	14	90	1	1	0.8691	0.8682
12	1254	1	2071.9256	12	8	0	1	1	0.8692	0.7917
12	1255	1	2073.4755	11	9	0	1	1	0.8693	0.9060
12	1256	1	2075.0254	12	8	90	1	1	0.8694	0.8905
12	1257	1	2076.5753	11	9	0	1	1	0.8695	0.8459
12	1258	1	2078.1253	12	8	90	1	1	0.8696	0.8961
12	1259	1	2079.6752	13	14	0	1	1	0.8697	1.0098
12	1260	1	2081.2251	14	4	0	1	1	0.8698	0.9147
12	1261	1	2082.7750	15	1	0	1	1	0.8699	0.9169
12	1262	1	2084.3250	1	7	0	1	1	0.8700	1.0162
12	1263	1	2085.8749	2	3	90	1	1	0.8702	1.0170
12	1264	1	2087.4248	14	4	0	1	1	0.8703	0.9562
12	1265	1	2088.9747	13	14	0	1	1	0.8704	0.9423
12	1266	1	2090.5246	14	4	0	1	1	0.8705	0.9287
12	1267	1	2092.0746	2	3	0	1	1	0.8706	0.8814
12	1268	1	2093.6245	14	4	0	1	1	0.8707	0.7559
12	1269	1	2095.1744	15	1	0	1	1	0.8708	0.8226
12	1270	1	2096.7243	14	4	0	1	1	0.8709	0.7767
12	1271	1	2098.2742	1	7	0	1	1	0.8710	0.9066
12	1272	1	2099.8242	2	3	0	1	1	0.8711	0.7967
12	1273	1	2101.3741	1	7	0	1	1	0.8712	0.7510
12	1274	1	2102.9240	2	3	0	1	1	0.8713	0.7373
12	1275	1	2104.4739	15	1	0	1	1	0.8714	0.7235
12	1276	1	2106.0238	14	4	0	1	1	0.8715	0.7241
12	1277	1	2107.5738	1	7	0	1	1	0.8716	0.7594
12	1278	1	2109.1237	2	3	0	1	1	0.8717	0.7454
12	1279	1	2110.6736	14	4	0	1	1	0.8718	0.7791
12	1280	1	2112.2235	15	1	0	1	1	0.8719	0.9404
12	1281	1	2113.7734	3	12	0	1	1	0.8720	0.9597
12	1282	1	2115.3233	15	1	0	1	1	0.8721	0.9286
12	1283	1	2116.8733	2	3	0	1	1	0.8722	0.9307
12	1284	1	2118.4232	15	1	0	1	1	0.8723	0.9487
12	1285	1	2119.9731	2	3	90	1	1	0.8724	1.0307
12	1286	1	2121.5230	1	7	90	1	1	0.8725	1.4024
12	1287	1	2123.0896	2	3	0	1	1	0.8726	0.9555
12	1288	1	2124.6395	1	7	90	1	1	0.8727	1.0044
12	1289	1	2126.1895	14	4	0	1	1	0.8728	0.7515
12	1290	1	2127.7394	13	14	0	1	1	0.8729	1.0259
12	1291	1	2129.2893	10	5	0	1	1	0.8730	0.8197
12	1292	1	2130.8392	9	10	0	1	1	0.8731	0.8378
12	1293	1	2132.3891	10	5	0	1	1	0.8732	0.6947
12	1294	1	2133.9391	13	14	0	1	1	0.8733	0.6982
12	1295	1	2135.4890	10	5	0	1	1	0.8734	0.7790
12	1296	1	2137.0389	12	8	0	1	1	0.8735	0.8942
12	1297	1	2138.5888	13	14	0	1	1	0.8736	0.8482
12	1298	1	2140.1387	10	5	0	1	1	0.8737	0.7703
12	1299	1	2141.6886	9	10	90	1	1	0.8737	1.0610
12	1300	1	2143.2386	10	5	0	1	1	0.8738	0.8853
12	1301	1	2144.7885	12	8	0	1	1	0.8739	0.8893
12	1302	1	2146.3384	9	10	0	1	1	0.8740	0.7950
12	1303	1	2147.8883	11	9	0	1	1	0.8741	0.9236
12	1304	1	2149.4382	13	14	0	1	1	0.8742	0.8471
12	1305	1	2150.9882	12	8	0	1	1	0.8743	0.8009
12	1306	1	2152.5381	11	9	0	1	1	0.8744	0.8509
12	1307	1	2154.0880	9	10	0	1	1	0.8745	0.8850
12	1308	1	2155.6379	8	6	0	1	1	0.8746	0.9985
12	1309	1	2157.1878	9	10	90	1	1	0.8747	1.0334
12	1310	1	2158.7378	11	9	0	1	1	0.8748	1.0022
12	1311	1	2160.2877	9	10	90	1	1	0.8749	1.0376
12	1312	1	2161.8376	8	6	0	1	1	0.8750	0.8955
12	1313	1	2163.3875	5	2	0	1	1	0.8751	0.9941
12	1314	1	2164.9374	8	6	0	1	1	0.8752	0.8347
12	1315	1	2166.4873	5	2	90	1	1	0.8753	0.9806
12	1316	1	2168.0373	8	6	0	1	1	0.8754	0.8228
12	1317	1	2169.5872	6	15	0	1	1	0.8755	0.8888
12	1318	1	2171.1371	5	2	90	1	1	0.8756	1.1803
12	1319	1	2172.6870	8	6	0	1	1	0.8757	0.7969
12	1320	1	2174.2370	6	15	0	1	1	0.8758	0.9591
12	1321	1	2175.7869	4	13	0	1	1	0.8759	1.0912
12	1322	1	2177.3368	3	12	0	1	1	0.8759	0.9162
12	1323	1	2178.8867	1	7	0	1	1	0.8760	0.9022
12	1324	1	2180.4366	14	4	0	1	1	0.8761	0.8566
12	1325	1	2181.9865	1	7	0	1	1	0.8762	1.0185
12	1326	1	2183.5365	14	4	90	1	1	0.8763	1.0853
12	1327	1	2185.0864	13	14	0	1	1	0.8764	1.2153
12	1328	1	2186.6363	10	5	0	1	1	0.8765	1.0570
12	1329	1	2188.1862	9	10	0	1	1	0.8766	1.0917
12	1330	1	2189.7361	10	5	0	1	1	0.8767	0.8042
12	1331	1	2191.2861	13	14	0	1	1	0.8768	0.8379
12	1332	1	2192.8360	12	8	90	1	1	0.8769	0.9839
12	1333	1	2194.3859	11	9	0	1	1	0.8770	0.8272
12	1334	1	2195.9358	9	10	0	1	1	0.8771	0.9241
12	1335	1	2197.4857	11	9	90	1	1	0.8772	0.9275
12	1336	1	2199.0357	10	5	0	1	1	0.8772	0.7203
12	1337	1	2200.5856	9	10	0	1	1	0.8773	0.8183
12	1338	1	2202.1355	10	5	0	1	1	0.8774	0.7884
12	1339	1	2203.6854	11	9	0	1	1	0.8775	0.8387
12	1340	1	2205.2353	12	8	0	1	1	0.8776	0.6817
12	1341	1	2206.7853	9	10	90	1	1	0.8777	1.0507
12	1342	1	2208.3352	8	6	0	1	1	0.8778	0.9568
12	1343	1	2209.8851	6	15	90	1	1	0.8779	0.8804
12	1344	1	2211.4350	4	13	0	1	1	0.8780	1.0102
12	1345	1	2212.9849	3	12	90	1	1	0.8781	1.0922
12	1346	1	2214.5349	1	7	0	1	1	0.8782	1.1741
12	1347	1	2216.0848	3	12	0	1	1	0.8782	0.8889
12	1348	1	2217.6347	2	3	0	1	1	0.8783	0.7626
12	1349	1	2219.1846	14	4	0	1	1	0.8784	0.8123
12	1350	1	2220.7345	13	14	0	1	1	0.8785	1.0869
12	1351	1	2222.2844	10	5	0	1	1	0.8786	1.1035
12	1352	1	2223.8344	9	10	0	1	1	0.8787	1.0576
12	1353	1	2225.3843	12	8	0	1	1	0.8788	0.7887
12	1354	1	2226.9342	9	10	0	1	1	0.8789	0.6472
12	1355	1	2228.4841	11	9	0	1	1	0.8790	0.8573
12	1356	1	2230.0341	9	10	0	1	1	0.8791	0.8259
12	1357	1	2231.5840	11	9	0	1	1	0.8791	0.7320
12	1358	1	2233.1339	13	14	0	1	1	0.8792	0.7181
12	1359	1	2234.6838	11	9	0	1	1	0.8793	0.8483
12	1360	1	2236.2337	13	14	90	1	1	0.8794	0.8993
12	1361	1	2237.7836	11	9	0	1	1	0.8795	0.6603
12	1362	1	2239.3336	9	10	0	1	1	0.8796	0.7264
12	1363	1	2240.8835	11	9	0	1	1	0.8797	0.7456
12	1364	1	2242.4334	12	8	0	1	1	0.8798	0.8278
12	1365	1	2243.9833	10	5	0	1	1	0.8799	0.7006
12	1366	1	2245.5332	9	10	90	1	1	0.8799	0.9284
12	1367	1	2247.0832	10	5	0	1	1	0.8800	0.8661
12	1368	1	2248.6331	9	10	0	1	1	0.8801	1.0285
12	1369	1	2250.1830	10	5	0	1	1	0.8802	0.7903
12	1370	1	2251.7329	12	8	0	1	1	0.8803	0.7762
12	1371	1	2253.2828	13	14	0	1	1	0.8804	0.8264
12	1372	1	2254.8328	14	4	0	1	1	0.8805	0.8124
12	1373	1	2256.3827	2	3	0	1	1	0.8806	0.7507
12	1374	1	2257.9326	14	4	0	1	1	0.8806	0.6714
12	1375	1	2259.4825	15	1	0	1	1	0.8807	0.7384
12	1376	1	2261.0324	2	3	0	1	1	0.8808	0.7075
12	1377	1	2262.5824	3	12	0	1	1	0.8809	0.7269
12	1378	1	2264.1323	1	7	0	1	1	0.8810	0.8557
12	1379	1	2265.6822	2	3	0	1	1	0.8811	0.7138
12	1380	1	2267.2321	3	12	0	1	1	0.8812	0.7649
12	1381	1	2268.7820	2	3	0	1	1	0.8812	0.7034
12	1382	1	2270.3320	3	12	0	1	1	0.8813	0.6253
12	1383	1	2271.8819	4	13	90	0	1	0.8807	0.0169
12	1384	1	2273.4318	3	12	90	0	1	0.8801	0.7899
12	1385	1	2274.9817	15	1	90	1	1	0.8801	1.4156
12	1386	1	2276.6483	14	4	0	1	1	0.8802	0.8849
12	1387	1	2278.1982	13	14	0	1	1	0.8803	0.9978
12	1388	1	2279.7481	10	5	0	1	1	0.8804	0.7289
12	1389	1	2281.2981	13	14	90	1	1	0.8805	1.0831
12	1390	1	2282.8480	12	8	90	1	1	0.8806	1.1640
12	1391	1	2284.3979	9	10	0	1	1	0.8807	0.9590
12	1392	1	2285.9478	8	6	0	1	1	0.8807	1.1853
12	1393	1	2287.4977	5	2	90	1	1	0.8808	1.1873
12	1394	1	2289.0477	4	13	0	1	1	0.8809	1.1562
12	1395	1	2290.5976	5	2	0	1	1	0.8810	0.9681
12	1396	1	2292.1475	4	13	0	1	1	0.8811	0.8740
12	1397	1	2293.6974	5	2	90	1	1	0.8812	1.1946
12	1398	1	2295.2473	8	6	90	1	1	0.8813	1.0208
12	1399	1	2296.7972	6	15	90	1	1	0.8813	0.9438
12	1400	1	2298.3472	5	2	90	1	1	0.8814	0.9288
12	1	2	1.0166	7	11	0	-1	0	NaN	-1.0000
12	2	2	2.5499	4	13	0	-1	1	0.0000	0.0639
12	3	2	4.0831	3	12	0	-1	0	0.0000	-1.0000
12	4	2	5.6164	1	7	0	-1	0	0.0000	-1.0000
12	5	2	7.1496	2	3	0	-1	0	0.0000	-1.0000
12	6	2	8.6829	1	7	0	-1	0	0.0000	-1.0000
12	7	2	10.2161	15	1	0	-1	0	0.0000	-1.0000
12	8	2	11.7494	3	12	0	-1	0	0.0000	-1.0000
12	9	2	13.2826	4	13	0	-1	0	0.0000	-1.0000
12	10	2	14.8159	7	11	0	-1	0	0.0000	-1.0000
12	11	2	16.3492	6	15	0	-1	0	0.0000	-1.0000
12	12	2	17.8824	4	13	0	-1	0	0.0000	-1.0000
12	13	2	19.4157	5	2	0	-1	0	0.0000	-1.0000
12	14	2	20.9489	7	11	0	-1	0	0.0000	-1.0000
12	15	2	22.4822	5	2	0	-1	0	0.0000	-1.0000
12	16	2	24.0154	6	15	0	-1	0	0.0000	-1.0000
12	17	2	25.5487	7	11	0	-1	0	0.0000	-1.0000
12	18	2	27.0819	8	6	0	-1	0	0.0000	-1.0000
12	19	2	28.6152	9	10	0	-1	0	0.0000	-1.0000
12	20	2	30.1484	10	5	0	-1	0	0.0000	-1.0000
12	21	2	31.6817	11	9	0	-1	0	0.0000	-1.0000
12	22	2	33.2149	12	8	0	-1	0	0.0000	-1.0000
12	23	2	34.7482	13	14	0	-1	0	0.0000	-1.0000
12	24	2	36.2815	14	4	0	-1	0	0.0000	-1.0000
12	25	2	37.8147	15	1	0	-1	0	0.0000	-1.0000
12	26	2	39.3480	1	7	0	-1	0	0.0000	-1.0000
12	27	2	40.8812	2	3	0	-1	0	0.0000	-1.0000
12	28	2	42.4145	3	12	0	-1	0	0.0000	-1.0000
12	29	2	43.9477	4	13	0	-1	0	0.0000	-1.0000
12	30	2	45.4810	5	2	0	-1	0	0.0000	-1.0000
12	31	2	47.0142	8	6	0	-1	0	0.0000	-1.0000
12	32	2	48.5475	5	2	0	-1	0	0.0000	-1.0000
12	33	2	50.0807	6	15	0	-1	0	0.0000	-1.0000
12	34	2	51.6140	7	11	0	-1	0	0.0000	-1.0000
12	35	2	53.1472	5	2	0	-1	0	0.0000	-1.0000
12	36	2	54.6805	4	13	0	-1	0	0.0000	-1.0000
12	37	2	56.2138	3	12	0	-1	0	0.0000	-1.0000
12	38	2	57.7470	4	13	0	-1	0	0.0000	-1.0000
12	39	2	59.2803	3	12	0	-1	0	0.0000	-1.0000
12	40	2	60.8135	2	3	0	-1	0	0.0000	-1.0000
12	41	2	62.3468	15	1	0	-1	0	0.0000	-1.0000
12	42	2	63.8800	3	12	0	-1	0	0.0000	-1.0000
12	43	2	65.4133	2	3	0	-1	0	0.0000	-1.0000
12	44	2	66.9465	15	1	0	-1	0	0.0000	-1.0000
12	45	2	68.4798	2	3	0	-1	0	0.0000	-1.0000
12	46	2	70.0130	3	12	0	-1	0	0.0000	-1.0000
12	47	2	71.5463	4	13	0	-1	0	0.0000	-1.0000
12	48	2	73.0796	5	2	0	-1	0	0.0000	-1.0000
12	49	2	74.6128	6	15	0	-1	0	0.0000	-1.0000
12	50	2	76.1461	7	11	0	-1	0	0.0000	-1.0000
12	51	2	77.6793	8	6	0	-1	0	0.0000	-1.0000
12	52	2	79.2126	9	10	0	-1	0	0.0000	-1.0000
12	53	2	80.7458	10	5	0	-1	0	0.0000	-1.0000
12	54	2	82.2791	11	9	0	-1	0	0.0000	-1.0000
12	55	2	83.8123	12	8	0	-1	0	0.0000	-1.0000
12	56	2	85.3456	13	14	0	-1	0	0.0000	-1.0000
12	57	2	86.8788	14	4	0	-1	0	0.0000	-1.0000
12	58	2	88.4121	15	1	0	-1	0	0.0000	-1.0000
12	59	2	89.9454	1	7	0	-1	0	0.0000	-1.0000
12	60	2	91.4786	2	3	0	-1	0	0.0000	-1.0000
12	61	2	93.0119	15	1	0	-1	0	0.0000	-1.0000
12	62	2	94.5451	2	3	0	-1	0	0.0000	-1.0000
12	63	2	96.0784	3	12	0	-1	0	0.0000	-1.0000
12	64	2	97.6116	15	1	0	-1	0	0.0000	-1.0000
12	65	2	99.1449	14	4	0	-1	0	0.0000	-1.0000
12	66	2	100.6781	2	3	0	-1	0	0.0000	-1.0000
12	67	2	102.2114	14	4	0	-1	0	0.0000	-1.0000
12	68	2	103.7446	13	14	0	-1	0	0.0000	-1.0000
12	69	2	105.2779	14	4	0	-1	0	0.0000	-1.0000
12	70	2	106.8111	15	1	0	-1	0	0.0000	-1.0000
12	71	2	108.3444	3	12	0	-1	0	0.0000	-1.0000
12	72	2	109.8776	1	7	0	-1	0	0.0000	-1.0000
12	73	2	111.4109	15	1	0	-1	0	0.0000	-1.0000
12	74	2	112.9442	2	3	0	-1	0	0.0000	-1.0000
12	75	2	114.4774	14	4	0	-1	0	0.0000	-1.0000
12	76	2	116.0107	13	14	0	-1	0	0.0000	-1.0000
12	77	2	117.5439	12	8	0	-1	0	0.0000	-1.0000
12	78	2	119.0772	11	9	0	-1	0	0.0000	-1.0000
12	79	2	120.6104	10	5	0	-1	0	0.0000	-1.0000
12	80	2	122.1437	9	10	0	-1	0	0.0000	-1.0000
12	81	2	123.6769	8	6	0	-1	0	0.0000	-1.0000
12	82	2	125.2102	7	11	0	-1	0	0.0000	-1.0000
12	83	2	126.7434	6	15	0	-1	0	0.0000	-1.0000
12	84	2	128.2767	5	2	0	-1	0	0.0000	-1.0000
12	85	2	129.8100	4	13	0	-1	0	0.0000	-1.0000
12	86	2	131.3432	3	12	0	-1	0	0.0000	-1.0000
12	87	2	132.8765	2	3	0	-1	1	0.0000	0.9358
12	88	2	134.4097	1	7	0	-1	0	0.0000	-1.0000
12	89	2	135.9430	15	1	0	-1	0	0.0000	-1.0000
12	90	2	137.4762	14	4	0	-1	0	0.0000	-1.0000
12	91	2	139.0095	2	3	0	-1	0	0.0000	-1.0000
12	92	2	140.5427	14	4	0	-1	0	0.0000	-1.0000
12	93	2	142.0760	15	1	0	-1	0	0.0000	-1.0000
12	94	2	143.6092	14	4	0	-1	0	0.0000	-1.0000
12	95	2	145.1425	13	14	0	-1	0	0.0000	-1.0000
12	96	2	146.6758	12	8	0	-1	0	0.0000	-1.0000
12	97	2	148.2090	9	10	0	-1	0	0.0000	-1.0000
12	98	2	149.7423	11	9	0	-1	0	0.0000	-1.0000
12	99	2	151.2755	13	14	0	-1	0	0.0000	-1.0000
12	100	2	152.8088	11	9	0	-1	0	0.0000	-1.0000
12	101	2	154.3420	10	5	0	-1	0	0.0000	-1.0000
12	102	2	155.8753	9	10	0	-1	0	0.0000	-1.0000
12	103	2	157.4085	11	9	0	-1	0	0.0000	-1.0000
12	104	2	158.9418	10	5	0	-1	0	0.0000	-1.0000
12	105	2	160.4750	12	8	0	-1	0	0.0000	-1.0000
12	106	2	162.0083	11	9	0	-1	0	0.0000	-1.0000
12	107	2	163.5415	10	5	0	-1	0	0.0000	-1.0000
12	108	2	165.0748	9	10	0	-1	0	0.0000	-1.0000
12	109	2	166.6081	8	6	0	-1	0	0.0000	-1.0000
12	110	2	168.1413	7	11	0	-1	0	0.0000	-1.0000
12	111	2	169.6746	6	15	0	-1	0	0.0000	-1.0000
12	112	2	171.2078	5	2	0	-1	0	0.0000	-1.0000
12	113	2	172.7411	4	13	0	-1	0	0.0000	-1.0000
12	114	2	174.2743	3	12	0	-1	0	0.0000	-1.0000
12	115	2	175.8076	2	3	0	-1	0	0.0000	-1.0000
12	116	2	177.3408	1	7	0	-1	0	0.0000	-1.0000
12	117	2	178.8741	15	1	0	-1	0	0.0000	-1.0000
12	118	2	180.4073	14	4	0	-1	0	0.0000	-1.0000
12	119	2	181.9406	13	14	0	-1	0	0.0000	-1.0000
12	120	2	183.4738	12	8	0	-1	0	0.0000	-1.0000
12	121	2	185.0071	9	10	0	-1	0	0.0000	-1.0000
12	122	2	186.5403	8	6	0	-1	0	0.0000	-1.0000
12	123	2	188.0736	9	10	0	-1	0	0.0000	-1.0000
12	124	2	189.6069	10	5	0	-1	0	0.0000	-1.0000
12	125	2	191.1401	12	8	0	-1	0	0.0000	-1.0000
12	126	2	192.6734	13	14	0	-1	0	0.0000	-1.0000
12	127	2	194.2066	11	9	0	-1	0	0.0000	-1.0000
12	128	2	195.7399	13	14	0	-1	0	0.0000	-1.0000
12	129	2	197.2731	10	5	0	-1	0	0.0000	-1.0000
12	130	2	198.8064	13	14	0	-1	0	0.0000	-1.0000
12	131	2	200.3396	14	4	0	-1	0	0.0000	-1.0000
12	132	2	201.8729	13	14	0	-1	0	0.0000	-1.0000
12	133	2	203.4062	10	5	0	-1	0	0.0000	-1.0000
12	134	2	204.9394	12	8	0	-1	0	0.0000	-1.0000
12	135	2	206.4727	13	14	0	-1	0	0.0000	-1.0000
12	136	2	208.0059	14	4	0	-1	0	0.0000	-1.0000
12	137	2	209.5392	15	1	0	-1	0	0.0000	-1.0000
12	138	2	211.0724	1	7	0	-1	0	0.0000	-1.0000
12	139	2	212.6057	2	3	0	-1	0	0.0000	-1.0000
12	140	2	214.1389	3	12	0	-1	0	0.0000	-1.0000
12	141	2	215.6722	4	13	0	-1	0	0.0000	-1.0000
12	142	2	217.2054	5	2	0	-1	0	0.0000	-1.0000
12	143	2	218.7387	6	15	0	-1	0	0.0000	-1.0000
12	144	2	220.2719	7	11	0	-1	0	0.0000	-1.0000
12	145	2	221.8052	8	6	0	-1	0	0.0000	-1.0000
12	146	2	223.3385	9	10	0	-1	0	0.0000	-1.0000
12	147	2	224.8717	10	5	0	-1	0	0.0000	-1.0000
12	148	2	226.4050	11	9	0	-1	0	0.0000	-1.0000
12	149	2	227.9382	12	8	0	-1	0	0.0000	-1.0000
12	150	2	229.4715	13	14	0	-1	0	0.0000	-1.0000
12	151	2	231.0047	14	4	0	-1	0	0.0000	-1.0000
12	152	2	232.5380	13	14	0	-1	0	0.0000	-1.0000
12	153	2	234.0712	14	4	0	-1	0	0.0000	-1.0000
12	154	2	235.6045	1	7	0	-1	0	0.0000	-1.0000
12	155	2	237.1377	15	1	0	-1	0	0.0000	-1.0000
12	156	2	238.6710	1	7	0	-1	0	0.0000	-1.0000
12	157	2	240.2042	14	4	0	-1	0	0.0000	-1.0000
12	158	2	241.7375	1	7	0	-1	0	0.0000	-1.0000
12	159	2	243.2707	2	3	0	-1	0	0.0000	-1.0000
12	160	2	244.8040	1	7	0	-1	0	0.0000	-1.0000
12	161	2	246.3373	15	1	0	-1	0	0.0000	-1.0000
12	162	2	247.8705	14	4	0	-1	0	0.0000	-1.0000
12	163	2	249.4037	1	7	0	-1	0	0.0000	-1.0000
12	164	2	250.9370	3	12	0	-1	1	0.0000	0.6842
12	165	2	252.4703	2	3	0	-1	0	0.0000	-1.0000
12	166	2	254.0035	3	12	0	-1	0	0.0000	-1.0000
12	167	2	255.5368	4	13	0	-1	0	0.0000	-1.0000
12	168	2	257.0700	5	2	0	-1	0	0.0000	-1.0000
12	169	2	258.6033	6	15	0	-1	0	0.0000	-1.0000
12	170	2	260.1365	7	11	0	-1	0	0.0000	-1.0000
12	171	2	261.6698	8	6	0	-1	0	0.0000	-1.0000
12	172	2	263.2030	9	10	0	-1	0	0.0000	-1.0000
12	173	2	264.7363	10	5	0	-1	1	0.0000	1.0926
12	174	2	266.2695	11	9	0	-1	1	0.0000	0.0168
12	175	2	267.8028	12	8	0	-1	1	0.0000	0.0168
12	176	2	269.3361	13	14	0	-1	1	0.0000	0.0169
12	177	2	270.8693	14	4	0	-1	0	0.0000	-1.0000
12	178	2	272.4026	15	1	0	-1	0	0.0000	-1.0000
12	179	2	273.9358	1	7	0	-1	0	0.0000	-1.0000
12	180	2	275.4691	2	3	0	-1	0	0.0000	-1.0000
12	181	2	277.0023	15	1	0	-1	0	0.0000	-1.0000
12	182	2	278.5356	1	7	0	-1	0	0.0000	-1.0000
12	183	2	280.0688	2	3	0	-1	0	0.0000	-1.0000
12	184	2	281.6021	15	1	0	-1	0	0.0000	-1.0000
12	185	2	283.1353	2	3	0	-1	0	0.0000	-1.0000
12	186	2	284.6686	14	4	0	-1	0	0.0000	-1.0000
12	187	2	286.2019	13	14	0	-1	0	0.0000	-1.0000
12	188	2	287.7351	11	9	0	-1	0	0.0000	-1.0000
12	189	2	289.2684	9	10	0	-1	0	0.0000	-1.0000
12	190	2	290.8016	11	9	0	-1	0	0.0000	-1.0000
12	191	2	292.3349	13	14	0	-1	0	0.0000	-1.0000
12	192	2	293.8681	14	4	0	-1	0	0.0000	-1.0000
12	193	2	295.4014	15	1	0	-1	0	0.0000	-1.0000
12	194	2	296.9346	3	12	0	-1	0	0.0000	-1.0000
12	195	2	298.4679	2	3	0	-1	0	0.0000	-1.0000
12	196	2	300.0011	3	12	0	-1	0	0.0000	-1.0000
12	197	2	301.5344	4	13	0	-1	0	0.0000	-1.0000
12	198	2	303.0676	5	2	0	-1	0	0.0000	-1.0000
12	199	2	304.6009	6	15	0	-1	1	0.0000	1.4361
12	200	2	306.1342	7	11	0	-1	1	0.0000	0.0169
12	201	2	307.6674	8	6	0	-1	0	0.0000	-1.0000
12	202	2	309.2007	9	10	0	-1	0	0.0000	-1.0000
12	203	2	310.7339	10	5	0	-1	0	0.0000	-1.0000
12	204	2	312.2672	11	9	0	-1	0	0.0000	-1.0000
12	205	2	313.8004	12	8	0	-1	0	0.0000	-1.0000
12	206	2	315.3337	13	14	0	-1	0	0.0000	-1.0000
12	207	2	316.8669	14	4	0	-1	1	0.1000	0.0169
12	208	2	318.4002	15	1	0	-1	1	0.0909	0.6133
12	209	2	319.9334	1	7	0	-1	0	0.0909	-1.0000
12	210	2	321.4667	2	3	0	-1	0	0.0909	-1.0000
12	211	2	322.9999	1	7	0	-1	0	0.0909	-1.0000
12	212	2	324.5332	14	4	0	-1	0	0.0909	-1.0000
12	213	2	326.0664	1	7	0	-1	0	0.0909	-1.0000
12	214	2	327.5997	2	3	0	-1	0	0.0909	-1.0000
12	215	2	329.1330	1	7	0	-1	0	0.0909	-1.0000
12	216	2	330.6662	15	1	0	-1	0	0.0909	-1.0000
12	217	2	332.1995	2	3	0	-1	0	0.0909	-1.0000
12	218	2	333.7327	1	7	0	-1	0	0.0909	-1.0000
12	219	2	335.2660	15	1	0	-1	0	0.0909	-1.0000
12	220	2	336.7992	2	3	0	-1	0	0.0909	-1.0000
12	221	2	338.3325	15	1	0	-1	0	0.0909	-1.0000
12	222	2	339.8657	3	12	0	-1	0	0.0909	-1.0000
12	223	2	341.3990	1	7	0	-1	0	0.0909	-1.0000
12	224	2	342.9322	15	1	0	-1	0	0.0909	-1.0000
12	225	2	344.4655	2	3	0	-1	0	0.0909	-1.0000
12	226	2	345.9987	3	12	0	-1	0	0.0909	-1.0000
12	227	2	347.5320	4	13	0	-1	0	0.0909	-1.0000
12	228	2	349.0653	5	2	0	-1	0	0.0909	-1.0000
12	229	2	350.5985	6	15	0	-1	0	0.0909	-1.0000
12	230	2	352.1318	7	11	0	-1	0	0.0909	-1.0000
12	231	2	353.6650	8	6	0	-1	0	0.0909	-1.0000
12	232	2	355.1983	9	10	0	-1	0	0.0909	-1.0000
12	233	2	356.7315	10	5	0	-1	0	0.0909	-1.0000
12	234	2	358.2648	11	9	0	-1	0	0.0909	-1.0000
12	235	2	359.7980	12	8	0	-1	0	0.0909	-1.0000
12	236	2	361.3313	13	14	0	-1	0	0.0909	-1.0000
12	237	2	362.8645	14	4	0	-1	0	0.0909	-1.0000
12	238	2	364.3978	15	1	0	-1	0	0.0909	-1.0000
12	239	2	365.9311	1	7	0	-1	1	0.0833	1.4983
12	240	2	367.4643	2	3	0	-1	1	0.0769	0.0169
12	241	2	368.9975	3	12	0	-1	0	0.0769	-1.0000
12	242	2	370.5308	15	1	0	-1	0	0.0769	-1.0000
12	243	2	372.0641	14	4	0	-1	0	0.0769	-1.0000
12	244	2	373.5973	1	7	0	-1	0	0.0769	-1.0000
12	245	2	375.1306	15	1	0	-1	0	0.0769	-1.0000
12	246	2	376.6638	14	4	0	-1	0	0.0769	-1.0000
12	247	2	378.1971	15	1	0	-1	0	0.0769	-1.0000
12	248	2	379.7303	1	7	0	-1	0	0.0769	-1.0000
12	249	2	381.2636	15	1	0	-1	0	0.0769	-1.0000
12	250	2	382.7968	3	12	0	-1	0	0.0769	-1.0000
12	251	2	384.3301	1	7	0	-1	0	0.0769	-1.0000
12	252	2	385.8633	15	1	0	-1	0	0.0769	-1.0000
12	253	2	387.3966	14	4	0	-1	0	0.0769	-1.0000
12	254	2	388.9299	13	14	0	-1	0	0.0769	-1.0000
12	255	2	390.4631	11	9	0	-1	0	0.0769	-1.0000
12	256	2	391.9964	10	5	0	-1	0	0.0769	-1.0000
12	257	2	393.5296	9	10	0	-1	0	0.0769	-1.0000
12	258	2	395.0629	8	6	0	-1	0	0.0769	-1.0000
12	259	2	396.5961	7	11	0	-1	0	0.0769	-1.0000
12	260	2	398.1294	6	15	0	-1	0	0.0769	-1.0000
12	261	2	399.6626	5	2	0	-1	0	0.0769	-1.0000
12	262	2	401.1959	4	13	0	-1	0	0.0769	-1.0000
12	263	2	402.7291	3	12	0	-1	0	0.0769	-1.0000
12	264	2	404.2624	2	3	0	-1	0	0.0769	-1.0000
12	265	2	405.7956	1	7	0	-1	0	0.0769	-1.0000
12	266	2	407.3289	15	1	0	-1	0	0.0769	-1.0000
12	267	2	408.8622	14	4	0	-1	0	0.0769	-1.0000
12	268	2	410.3954	13	14	0	-1	0	0.0769	-1.0000
12	269	2	411.9287	12	8	0	-1	0	0.0769	-1.0000
12	270	2	413.4619	11	9	0	-1	0	0.0769	-1.0000
12	271	2	414.9952	10	5	0	-1	1	0.0714	1.1061
12	272	2	416.5284	12	8	0	-1	1	0.0667	0.0169
12	273	2	418.0617	9	10	0	-1	0	0.0667	-1.0000
12	274	2	419.5949	10	5	0	-1	0	0.0667	-1.0000
12	275	2	421.1282	13	14	0	-1	0	0.0667	-1.0000
12	276	2	422.6614	14	4	0	-1	0	0.0667	-1.0000
12	277	2	424.1947	13	14	0	-1	0	0.0667	-1.0000
12	278	2	425.7279	14	4	0	-1	0	0.0667	-1.0000
12	279	2	427.2612	13	14	0	-1	0	0.0667	-1.0000
12	280	2	428.7945	12	8	0	-1	0	0.0667	-1.0000
12	281	2	430.3277	10	5	0	-1	0	0.0667	-1.0000
12	282	2	431.8610	13	14	0	-1	0	0.0667	-1.0000
12	283	2	433.3942	10	5	0	-1	0	0.0667	-1.0000
12	284	2	434.9275	9	10	0	-1	0	0.0667	-1.0000
12	285	2	436.4607	10	5	0	-1	0	0.0667	-1.0000
12	286	2	437.9940	9	10	0	-1	0	0.0667	-1.0000
12	287	2	439.5272	8	6	0	-1	0	0.0667	-1.0000
12	288	2	441.0605	7	11	0	-1	0	0.0667	-1.0000
12	289	2	442.5937	6	15	0	-1	1	0.0625	0.3714
12	290	2	444.1270	5	2	0	-1	0	0.0625	-1.0000
12	291	2	445.6602	4	13	0	-1	0	0.0625	-1.0000
12	292	2	447.1935	3	12	0	-1	1	0.9867	-1.0000
12	293	2	448.7268	2	3	0	-1	0	0.9867	-1.0000
12	294	2	450.2600	1	7	0	-1	1	0.4785	-1.0000
12	295	2	451.8266	15	1	0	-1	0	0.4785	-1.0000
12	296	2	453.3598	14	4	0	-1	0	0.4785	-1.0000
12	297	2	454.8931	13	14	0	-1	0	0.4785	-1.0000
12	298	2	456.4263	12	8	0	-1	0	0.4785	-1.0000
12	299	2	457.9596	11	9	0	-1	0	0.4785	-1.0000
12	300	2	459.4929	10	5	0	-1	0	0.4785	-1.0000
12	301	2	461.0261	11	9	0	-1	0	0.4785	-1.0000
12	302	2	462.5594	10	5	0	-1	0	0.4785	-1.0000
12	303	2	464.0926	11	9	0	-1	0	0.4785	-1.0000
12	304	2	465.6259	10	5	0	-1	0	0.4785	-1.0000
12	305	2	467.1591	11	9	0	-1	0	0.4785	-1.0000
12	306	2	468.6924	9	10	0	-1	0	0.4785	-1.0000
12	307	2	470.2256	10	5	0	-1	0	0.4785	-1.0000
12	308	2	471.7589	11	9	0	-1	0	0.4785	-1.0000
12	309	2	473.2921	13	14	0	-1	0	0.4785	-1.0000
12	310	2	474.8254	11	9	0	-1	0	0.4785	-1.0000
12	311	2	476.3586	9	10	0	-1	0	0.4785	-1.0000
12	312	2	477.8919	11	9	0	-1	0	0.4785	-1.0000
12	313	2	479.4252	12	8	0	-1	0	0.4785	-1.0000
12	314	2	480.9584	11	9	0	-1	0	0.4785	-1.0000
12	315	2	482.4917	10	5	0	-1	0	0.4785	-1.0000
12	316	2	484.0249	9	10	0	-1	0	0.4785	-1.0000
12	317	2	485.5582	8	6	0	-1	0	0.4785	-1.0000
12	318	2	487.0914	7	11	0	-1	0	0.4785	-1.0000
12	319	2	488.6247	6	15	0	-1	0	0.4785	-1.0000
12	320	2	490.1579	5	2	0	-1	1	0.4783	1.2235
12	321	2	491.6912	4	13	0	-1	1	0.4781	0.9862
12	322	2	493.2244	3	12	0	-1	0	0.4781	-1.0000
12	323	2	494.7577	2	3	0	-1	0	0.4781	-1.0000
12	324	2	496.2909	1	7	0	-1	0	0.4781	-1.0000
12	325	2	497.8242	15	1	0	-1	0	0.4781	-1.0000
12	326	2	499.3575	14	4	0	-1	0	0.4781	-1.0000
12	327	2	500.8907	13	14	0	-1	0	0.4781	-1.0000
12	328	2	502.4240	12	8	0	-1	0	0.4781	-1.0000
12	329	2	503.9572	11	9	0	-1	0	0.4781	-1.0000
12	330	2	505.4905	10	5	0	-1	0	0.4781	-1.0000
12	331	2	507.0237	11	9	0	-1	0	0.4781	-1.0000
12	332	2	508.5570	9	10	0	-1	0	0.4781	-1.0000
12	333	2	510.0902	12	8	0	-1	0	0.4781	-1.0000
12	334	2	511.6235	10	5	0	-1	0	0.4781	-1.0000
12	335	2	513.1567	13	14	0	-1	0	0.4781	-1.0000
12	336	2	514.6900	12	8	0	-1	1	0.4779	0.9794
12	337	2	516.2232	9	10	0	-1	1	0.4777	0.0168
12	338	2	517.7565	12	8	0	-1	1	0.4775	1.0173
12	339	2	519.2897	11	9	0	-1	0	0.4775	-1.0000
12	340	2	520.8230	13	14	0	-1	0	0.4775	-1.0000
12	341	2	522.3563	12	8	0	-1	0	0.4775	-1.0000
12	342	2	523.8895	9	10	0	-1	0	0.4775	-1.0000
12	343	2	525.4228	12	8	0	-1	0	0.4775	-1.0000
12	344	2	526.9560	10	5	0	-1	0	0.4775	-1.0000
12	345	2	528.4893	9	10	0	-1	0	0.4775	-1.0000
12	346	2	530.0225	10	5	0	-1	0	0.4775	-1.0000
12	347	2	531.5558	11	9	0	-1	0	0.4775	-1.0000
12	348	2	533.0890	12	8	0	-1	0	0.4775	-1.0000
12	349	2	534.6223	13	14	0	-1	0	0.4775	-1.0000
12	350	2	536.1555	14	4	0	-1	0	0.4775	-1.0000
12	351	2	537.6888	15	1	0	-1	0	0.4775	-1.0000
12	352	2	539.2220	1	7	0	-1	0	0.4775	-1.0000
12	353	2	540.7553	2	3	0	-1	0	0.4775	-1.0000
12	354	2	542.2886	3	12	0	-1	0	0.4775	-1.0000
12	355	2	543.8218	4	13	0	-1	0	0.4775	-1.0000
12	356	2	545.3551	5	2	0	-1	0	0.4775	-1.0000
12	357	2	546.8883	6	15	0	-1	0	0.4775	-1.0000
12	358	2	548.4216	7	11	0	-1	0	0.4775	-1.0000
12	359	2	549.9548	8	6	0	-1	0	0.4775	-1.0000
12	360	2	551.4881	9	10	0	-1	0	0.4775	-1.0000
12	361	2	553.0213	8	6	0	-1	0	0.4775	-1.0000
12	362	2	554.5546	9	10	0	-1	0	0.4775	-1.0000
12	363	2	556.0878	12	8	0	-1	0	0.4775	-1.0000
12	364	2	557.6211	9	10	0	-1	0	0.4775	-1.0000
12	365	2	559.1543	11	9	0	-1	0	0.4775	-1.0000
12	366	2	560.6876	9	10	0	-1	0	0.4775	-1.0000
12	367	2	562.2208	12	8	0	-1	0	0.4775	-1.0000
12	368	2	563.7541	9	10	0	-1	0	0.4775	-1.0000
12	369	2	565.2874	11	9	0	-1	0	0.4775	-1.0000
12	370	2	566.8206	9	10	0	-1	0	0.4775	-1.0000
12	371	2	568.3539	10	5	0	-1	0	0.4775	-1.0000
12	372	2	569.8871	12	8	0	-1	0	0.4775	-1.0000
12	373	2	571.4204	13	14	0	-1	0	0.4775	-1.0000
12	374	2	572.9536	10	5	0	-1	0	0.4775	-1.0000
12	375	2	574.4869	9	10	0	-1	0	0.4775	-1.0000
12	376	2	576.0201	10	5	0	-1	0	0.4775	-1.0000
12	377	2	577.5534	11	9	0	-1	0	0.4775	-1.0000
12	378	2	579.0866	12	8	0	-1	1	0.4773	1.0458
12	379	2	580.6199	13	14	0	-1	0	0.4773	-1.0000
12	380	2	582.1532	14	4	0	-1	0	0.4773	-1.0000
12	381	2	583.6864	15	1	0	-1	0	0.4773	-1.0000
12	382	2	585.2197	1	7	0	-1	1	0.2990	-1.0000
12	383	2	586.7529	2	3	0	-1	0	0.2990	-1.0000
12	384	2	588.2862	3	12	0	-1	0	0.2990	-1.0000
12	385	2	589.8194	4	13	0	-1	0	0.2990	-1.0000
12	386	2	591.3527	5	2	0	-1	0	0.2990	-1.0000
12	387	2	592.8859	6	15	0	-1	0	0.2990	-1.0000
12	388	2	594.4192	7	11	0	-1	1	0.1721	-1.0000
12	389	2	595.9524	8	6	0	-1	1	0.0859	-1.0000
12	390	2	597.4857	9	10	0	-1	0	0.0859	-1.0000
12	391	2	599.0190	10	5	0	-1	0	0.0859	-1.0000
12	392	2	600.5522	9	10	0	-1	0	0.0859	-1.0000
12	393	2	602.0855	12	8	0	-1	0	0.0859	-1.0000
12	394	2	603.6187	13	14	0	-1	0	0.0859	-1.0000
12	395	2	605.1520	11	9	0	-1	0	0.0859	-1.0000
12	396	2	606.6852	10	5	0	-1	0	0.0859	-1.0000
12	397	2	608.2185	13	14	0	-1	0	0.0859	-1.0000
12	398	2	609.7517	11	9	0	-1	0	0.0859	-1.0000
12	399	2	611.2850	9	10	0	-1	0	0.0859	-1.0000
12	400	2	612.8182	8	6	0	-1	0	0.0859	-1.0000
12	401	2	614.3515	6	15	0	-1	1	0.0859	0.1170
12	402	2	615.8847	8	6	0	-1	1	0.0858	0.0169
12	403	2	617.4180	7	11	0	-1	1	0.0858	0.0168
12	404	2	618.9512	4	13	0	-1	0	0.0858	-1.0000
12	405	2	620.4845	7	11	0	-1	0	0.0858	-1.0000
12	406	2	622.0177	6	15	0	-1	0	0.0858	-1.0000
12	407	2	623.5510	5	2	0	-1	0	0.0858	-1.0000
12	408	2	625.0843	4	13	0	-1	0	0.0858	-1.0000
12	409	2	626.6175	3	12	0	-1	0	0.0858	-1.0000
12	410	2	628.1508	2	3	0	-1	0	0.0858	-1.0000
12	411	2	629.6840	1	7	0	-1	0	0.0858	-1.0000
12	412	2	631.2173	15	1	0	-1	0	0.0858	-1.0000
12	413	2	632.7505	14	4	0	-1	0	0.0858	-1.0000
12	414	2	634.2838	13	14	0	-1	0	0.0858	-1.0000
12	415	2	635.8170	12	8	0	-1	0	0.0858	-1.0000
12	416	2	637.3503	11	9	0	-1	0	0.0858	-1.0000
12	417	2	638.8835	10	5	0	-1	0	0.0858	-1.0000
12	418	2	640.4168	9	10	0	-1	0	0.0858	-1.0000
12	419	2	641.9500	8	6	0	-1	0	0.0858	-1.0000
12	420	2	643.4833	7	11	0	-1	0	0.0858	-1.0000
12	421	2	645.0166	6	15	0	-1	0	0.0858	-1.0000
12	422	2	646.5498	4	13	0	-1	0	0.0858	-1.0000
12	423	2	648.0831	3	12	0	-1	1	0.0859	1.2023
12	424	2	649.6163	1	7	0	-1	1	0.0859	0.0168
12	425	2	651.1496	2	3	0	-1	0	0.0859	-1.0000
12	426	2	652.6828	14	4	0	-1	0	0.0859	-1.0000
12	427	2	654.2161	15	1	0	-1	0	0.0859	-1.0000
12	428	2	655.7493	2	3	0	-1	1	0.0859	1.1521
12	429	2	657.2826	1	7	0	-1	1	0.0859	0.0168
12	430	2	658.8158	14	4	0	-1	1	0.0859	0.1820
12	431	2	660.3491	1	7	0	-1	0	0.0859	-1.0000
12	432	2	661.8823	15	1	0	-1	1	0.0859	0.8911
12	433	2	663.4156	3	12	0	-1	0	0.0859	-1.0000
12	434	2	664.9489	4	13	0	-1	0	0.0859	-1.0000
12	435	2	666.4821	6	15	0	-1	0	0.0859	-1.0000
12	436	2	668.0154	5	2	0	-1	0	0.0859	-1.0000
12	437	2	669.5486	4	13	0	-1	0	0.0859	-1.0000
12	438	2	671.0819	3	12	0	-1	0	0.0859	-1.0000
12	439	2	672.6151	2	3	0	-1	0	0.0859	-1.0000
12	440	2	674.1484	1	7	0	-1	0	0.0859	-1.0000
12	441	2	675.6816	15	1	0	-1	0	0.0859	-1.0000
12	442	2	677.2149	14	4	0	-1	0	0.0859	-1.0000
12	443	2	678.7481	13	14	0	-1	0	0.0859	-1.0000
12	444	2	680.2814	12	8	0	-1	0	0.0859	-1.0000
12	445	2	681.8146	11	9	0	-1	1	0.0859	1.4545
12	446	2	683.3479	10	5	0	-1	1	0.0859	0.0168
12	447	2	684.8811	9	10	0	-1	0	0.0859	-1.0000
12	448	2	686.4144	8	6	0	-1	0	0.0859	-1.0000
12	449	2	687.9477	7	11	0	-1	0	0.0859	-1.0000
12	450	2	689.4809	6	15	0	-1	0	0.0859	-1.0000
12	451	2	691.0142	7	11	0	-1	0	0.0859	-1.0000
12	452	2	692.5474	5	2	0	-1	0	0.0859	-1.0000
12	453	2	694.0807	4	13	0	-1	0	0.0859	-1.0000
12	454	2	695.6139	3	12	0	-1	0	0.0859	-1.0000
12	455	2	697.1472	1	7	0	-1	0	0.0859	-1.0000
12	456	2	698.6804	14	4	0	-1	0	0.0859	-1.0000
12	457	2	700.2137	13	14	0	-1	0	0.0859	-1.0000
12	458	2	701.7470	14	4	0	-1	0	0.0859	-1.0000
12	459	2	703.2802	15	1	0	-1	0	0.0859	-1.0000
12	460	2	704.8134	3	12	0	-1	0	0.0859	-1.0000
12	461	2	706.3467	15	1	0	-1	0	0.0859	-1.0000
12	462	2	707.8800	3	12	0	-1	0	0.0859	-1.0000
12	463	2	709.4132	15	1	0	-1	0	0.0859	-1.0000
12	464	2	710.9465	14	4	0	-1	0	0.0859	-1.0000
12	465	2	712.4797	15	1	0	-1	0	0.0859	-1.0000
12	466	2	714.0130	1	7	0	-1	0	0.0859	-1.0000
12	467	2	715.5462	2	3	0	-1	0	0.0859	-1.0000
12	468	2	717.0795	3	12	0	-1	0	0.0859	-1.0000
12	469	2	718.6127	4	13	0	-1	0	0.0859	-1.0000
12	470	2	720.1460	5	2	0	-1	0	0.0859	-1.0000
12	471	2	721.6792	6	15	0	-1	0	0.0859	-1.0000
12	472	2	723.2125	7	11	0	-1	0	0.0859	-1.0000
12	473	2	724.7457	8	6	0	-1	0	0.0859	-1.0000
12	474	2	726.2790	9	10	0	-1	0	0.0859	-1.0000
12	475	2	727.8122	10	5	0	-1	0	0.0859	-1.0000
12	476	2	729.3455	11	9	0	-1	0	0.0859	-1.0000
12	477	2	730.8788	12	8	0	-1	0	0.0859	-1.0000
12	478	2	732.4120	13	14	0	-1	0	0.0859	-1.0000
12	479	2	733.9453	14	4	0	-1	0	0.0859	-1.0000
12	480	2	735.4785	15	1	0	-1	0	0.0859	-1.0000
12	481	2	737.0118	2	3	0	-1	0	0.0859	-1.0000
12	482	2	738.5450	15	1	0	-1	0	0.0859	-1.0000
12	483	2	740.0783	1	7	0	-1	0	0.0859	-1.0000
12	484	2	741.6115	2	3	0	-1	0	0.0859	-1.0000
12	485	2	743.1448	15	1	0	-1	0	0.0859	-1.0000
12	486	2	744.6780	14	4	0	-1	0	0.0859	-1.0000
12	487	2	746.2113	15	1	0	-1	0	0.0859	-1.0000
12	488	2	747.7446	3	12	0	-1	0	0.0859	-1.0000
12	489	2	749.2778	1	7	0	-1	0	0.0859	-1.0000
12	490	2	750.8111	14	4	0	-1	0	0.0859	-1.0000
12	491	2	752.3443	15	1	0	-1	0	0.0859	-1.0000
12	492	2	753.8775	1	7	0	-1	0	0.0859	-1.0000
12	493	2	755.4108	3	12	0	-1	0	0.0859	-1.0000
12	494	2	756.9441	2	3	0	-1	0	0.0859	-1.0000
12	495	2	758.4773	14	4	0	-1	0	0.0859	-1.0000
12	496	2	760.0106	15	1	0	-1	0	0.0859	-1.0000
12	497	2	761.5438	1	7	0	-1	0	0.0859	-1.0000
12	498	2	763.0771	2	3	0	-1	0	0.0859	-1.0000
12	499	2	764.6103	3	12	0	-1	0	0.0859	-1.0000
12	500	2	766.1436	4	13	0	-1	0	0.0859	-1.0000
12	501	2	767.6768	5	2	0	-1	0	0.0859	-1.0000
12	502	2	769.2101	6	15	0	-1	0	0.0859	-1.0000
12	503	2	770.7434	7	11	0	-1	0	0.0859	-1.0000
12	504	2	772.2766	8	6	0	-1	0	0.0859	-1.0000
12	505	2	773.8098	9	10	0	-1	1	0.0859	0.3556
12	506	2	775.3431	10	5	0	-1	1	0.0859	0.0169
12	507	2	776.8764	11	9	0	-1	0	0.0859	-1.0000
12	508	2	778.4096	12	8	0	-1	0	0.0859	-1.0000
12	509	2	779.9429	13	14	0	-1	0	0.0859	-1.0000
12	510	2	781.4761	14	4	0	-1	0	0.0859	-1.0000
12	511	2	783.0094	2	3	0	-1	0	0.0859	-1.0000
12	512	2	784.5426	14	4	0	-1	0	0.0859	-1.0000
12	513	2	786.0759	15	1	0	-1	0	0.0859	-1.0000
12	514	2	787.6091	1	7	0	-1	0	0.0859	-1.0000
12	515	2	789.1424	3	12	0	-1	0	0.0859	-1.0000
12	516	2	790.6756	4	13	0	-1	0	0.0859	-1.0000
12	517	2	792.2089	5	2	0	-1	0	0.0859	-1.0000
12	518	2	793.7422	8	6	0	-1	0	0.0859	-1.0000
12	519	2	795.2754	9	10	0	-1	0	0.0859	-1.0000
12	520	2	796.8087	12	8	0	-1	0	0.0859	-1.0000
12	521	2	798.3419	11	9	0	-1	0	0.0859	-1.0000
12	522	2	799.8752	9	10	0	-1	0	0.0859	-1.0000
12	523	2	801.4084	10	5	0	-1	0	0.0859	-1.0000
12	524	2	802.9417	12	8	0	-1	0	0.0859	-1.0000
12	525	2	804.4749	11	9	0	-1	0	0.0859	-1.0000
12	526	2	806.0083	10	5	0	-1	0	0.0859	-1.0000
12	527	2	807.5414	9	10	0	-1	0	0.0859	-1.0000
12	528	2	809.0747	8	6	0	-1	0	0.0859	-1.0000
12	529	2	810.6080	7	11	0	-1	0	0.0859	-1.0000
12	530	2	812.1412	6	15	0	-1	0	0.0859	-1.0000
12	531	2	813.6745	5	2	0	-1	0	0.0859	-1.0000
12	532	2	815.2077	4	13	0	-1	0	0.0859	-1.0000
12	533	2	816.7410	3	12	0	-1	0	0.0859	-1.0000
12	534	2	818.2742	2	3	0	-1	0	0.0859	-1.0000
12	535	2	819.8075	1	7	0	-1	0	0.0859	-1.0000
12	536	2	821.3407	15	1	0	-1	0	0.0859	-1.0000
12	537	2	822.8740	14	4	0	-1	0	0.0859	-1.0000
12	538	2	824.4072	13	14	0	-1	0	0.0859	-1.0000
12	539	2	825.9405	12	8	0	-1	0	0.0859	-1.0000
12	540	2	827.4737	11	9	0	-1	0	0.0859	-1.0000
12	541	2	829.0070	9	10	0	-1	0	0.0859	-1.0000
12	542	2	830.5402	11	9	0	-1	1	0.0859	1.0652
12	543	2	832.0735	12	8	0	-1	0	0.0859	-1.0000
12	544	2	833.6067	9	10	0	-1	0	0.0859	-1.0000
12	545	2	835.1400	8	6	0	-1	0	0.0859	-1.0000
12	546	2	836.6733	9	10	0	-1	0	0.0859	-1.0000
12	547	2	838.2065	12	8	0	-1	0	0.0859	-1.0000
12	548	2	839.7398	11	9	0	-1	0	0.0859	-1.0000
12	549	2	841.2730	12	8	0	-1	0	0.0859	-1.0000
12	550	2	842.8063	10	5	0	-1	0	0.0859	-1.0000
12	551	2	844.3395	11	9	0	-1	0	0.0859	-1.0000
12	552	2	845.8728	13	14	0	-1	0	0.0859	-1.0000
12	553	2	847.4060	11	9	0	-1	0	0.0859	-1.0000
12	554	2	848.9393	12	8	0	-1	0	0.0859	-1.0000
12	555	2	850.4725	13	14	0	-1	0	0.0859	-1.0000
12	556	2	852.0058	14	4	0	-1	0	0.0859	-1.0000
12	557	2	853.5391	15	1	0	-1	0	0.0859	-1.0000
12	558	2	855.0723	1	7	0	-1	0	0.0859	-1.0000
12	559	2	856.6056	2	3	0	-1	0	0.0859	-1.0000
12	560	2	858.1388	3	12	0	-1	0	0.0859	-1.0000
12	561	2	859.6721	4	13	0	-1	0	0.0859	-1.0000
12	562	2	861.2053	5	2	0	-1	0	0.0859	-1.0000
12	563	2	862.7386	6	15	0	-1	0	0.0859	-1.0000
12	564	2	864.2718	7	11	0	-1	0	0.0859	-1.0000
12	565	2	865.8051	8	6	0	-1	0	0.0859	-1.0000
12	566	2	867.3383	9	10	0	-1	0	0.0859	-1.0000
12	567	2	868.8716	10	5	0	-1	0	0.0859	-1.0000
12	568	2	870.4048	11	9	0	-1	0	0.0859	-1.0000
12	569	2	871.9381	12	8	0	-1	0	0.0859	-1.0000
12	570	2	873.4714	13	14	0	-1	0	0.0859	-1.0000
12	571	2	875.0046	11	9	0	-1	0	0.0859	-1.0000
12	572	2	876.5379	13	14	0	-1	0	0.0859	-1.0000
12	573	2	878.0711	12	8	0	-1	0	0.0859	-1.0000
12	574	2	879.6044	13	14	0	-1	1	0.0859	0.8492
12	575	2	881.1376	11	9	0	-1	0	0.0859	-1.0000
12	576	2	882.6709	10	5	0	-1	0	0.0859	-1.0000
12	577	2	884.2041	11	9	0	-1	0	0.0859	-1.0000
12	578	2	885.7374	10	5	0	-1	0	0.0859	-1.0000
12	579	2	887.2706	11	9	0	-1	0	0.0859	-1.0000
12	580	2	888.8039	13	14	0	-1	0	0.0859	-1.0000
12	581	2	890.3371	12	8	0	-1	0	0.0859	-1.0000
12	582	2	891.8704	9	10	0	-1	0	0.0859	-1.0000
12	583	2	893.4036	12	8	0	-1	0	0.0859	-1.0000
12	584	2	894.9369	11	9	0	-1	0	0.0859	-1.0000
12	585	2	896.4701	12	8	0	-1	0	0.0859	-1.0000
12	586	2	898.0034	13	14	0	-1	0	0.0859	-1.0000
12	587	2	899.5366	14	4	0	-1	0	0.0859	-1.0000
12	588	2	901.0699	15	1	0	-1	0	0.0859	-1.0000
12	589	2	902.6032	1	7	0	-1	0	0.0859	-1.0000
12	590	2	904.1364	2	3	0	-1	0	0.0859	-1.0000
12	591	2	905.6697	3	12	0	-1	0	0.0859	-1.0000
12	592	2	907.2029	4	13	0	-1	0	0.0859	-1.0000
12	593	2	908.7362	5	2	0	-1	0	0.0859	-1.0000
12	594	2	910.2694	6	15	0	-1	1	0.0859	1.1275
12	595	2	911.8027	7	11	0	-1	0	0.0859	-1.0000
12	596	2	913.3359	8	6	0	-1	0	0.0859	-1.0000
12	597	2	914.8692	9	10	0	-1	0	0.0859	-1.0000
12	598	2	916.4024	10	5	0	-1	0	0.0859	-1.0000
12	599	2	917.9357	11	9	0	-1	0	0.0859	-1.0000
12	600	2	919.4690	12	8	0	-1	0	0.0859	-1.0000
Actual parsing ratio
0.0859
Possible node parses
94.0000
 Node parses selected
0.0425
Possible other parses
506.0000
Other parses selected
0.0395
Chance parsing ratio
0.1567
