*********************************************
* Date/Time: 18-Nov-2019 08:59:22
* Seed: 217047.3
* Subject Number: 034
15	3	13	5	2	1	10	4	9	11	8	7	14	6	12	
*********************************************

Shape exposure time (seconds)
48.9040
subject	trial	phase	onset	node	shape	rotate	acc	resp	total	rt
34	1	1	1.0166	14	6	0	-1	0	0.0000	-1.0000
34	2	1	3.5498	2	3	0	0	1	0.0000	0.5348
34	3	1	5.0998	14	6	0	-1	0	0.0000	-1.0000
34	4	1	7.1497	2	3	0	-1	0	0.0000	-1.0000
34	5	1	9.1996	3	13	90	-1	0	0.0000	-1.0000
34	6	1	11.2494	2	3	90	1	1	0.1667	0.3553
34	7	1	12.7993	1	15	0	0	1	0.1429	0.0169
34	8	1	14.4326	14	6	90	0	1	0.1250	1.0122
34	9	1	15.9992	1	15	0	-1	0	0.1111	-1.0000
34	10	1	18.0324	14	6	0	-1	0	0.1000	-1.0000
34	11	1	20.0656	13	14	0	1	1	0.1818	0.2582
34	12	1	21.6156	11	8	0	0	1	0.1667	1.0296
34	13	1	23.2322	12	7	0	-1	0	0.1538	-1.0000
34	14	1	25.2654	10	11	0	0	1	0.1429	0.2264
34	15	1	26.8153	12	7	0	0	1	0.1333	1.1259
34	16	1	28.5319	11	8	0	0	1	0.1250	1.1200
34	17	1	30.1985	9	9	0	-1	0	0.1176	-1.0000
34	18	1	32.2817	11	8	0	1	1	0.1667	1.3703
34	19	1	33.8483	9	9	0	1	1	0.2105	1.4686
34	20	1	35.4649	11	8	0	-1	0	0.2000	-1.0000
34	21	1	37.5314	10	11	90	1	1	0.2381	1.3538
34	22	1	39.0813	13	14	0	1	1	0.2727	1.0025
34	23	1	40.6313	11	8	0	0	1	0.2609	1.2291
34	24	1	42.3645	9	9	0	1	1	0.2917	1.2554
34	25	1	43.9144	10	11	0	0	1	0.2800	1.0981
34	26	1	45.5310	12	7	0	-1	0	0.2692	-1.0000
34	27	1	47.5642	10	11	90	-1	0	0.2593	-1.0000
34	28	1	49.5975	11	8	90	1	1	0.2857	1.4474
34	29	1	51.2140	13	14	90	-1	0	0.2759	-1.0000
34	30	1	53.2139	14	6	90	0	1	0.2667	1.2071
34	31	1	54.9972	15	12	0	-1	0	0.2581	-1.0000
34	32	1	57.0304	1	15	0	-1	0	0.2500	-1.0000
34	33	1	59.0803	15	12	0	0	1	0.2424	1.1316
34	34	1	60.7636	3	13	0	-1	0	0.2353	-1.0000
34	35	1	62.7968	15	12	0	-1	0	0.2286	-1.0000
34	36	1	64.8300	14	6	0	-1	0	0.2222	-1.0000
34	37	1	66.8799	1	15	0	1	1	0.2432	1.3968
34	38	1	68.4632	15	12	0	-1	0	0.2368	-1.0000
34	39	1	70.4964	14	6	90	-1	0	0.2308	-1.0000
34	40	1	72.5463	1	15	0	1	1	0.2500	1.2024
34	41	1	74.0962	2	3	0	1	1	0.2683	1.3166
34	42	1	75.6461	14	6	0	1	1	0.2857	1.4777
34	43	1	77.2960	2	3	0	1	1	0.3023	1.3647
34	44	1	78.8459	1	15	0	1	1	0.3182	1.4628
34	45	1	80.4792	15	12	0	0	1	0.3111	1.3336
34	46	1	82.3958	3	13	0	-1	0	0.3043	-1.0000
34	47	1	84.4290	2	3	0	1	1	0.3191	1.0322
34	48	1	85.9789	3	13	90	-1	0	0.3125	-1.0000
34	49	1	88.1455	1	15	0	-1	0	0.3061	-1.0000
34	50	1	90.1954	3	13	0	-1	0	0.3000	-1.0000
34	51	1	92.2286	2	3	0	1	1	0.3137	0.0169
34	52	1	93.7785	3	13	0	-1	0	0.3077	-1.0000
34	53	1	95.8617	15	12	0	1	1	0.3208	1.3911
34	54	1	97.4450	1	15	90	-1	0	0.3148	-1.0000
34	55	1	99.4782	14	6	0	1	1	0.3273	1.4862
34	56	1	101.0948	1	15	0	0	1	0.3214	1.0386
34	57	1	102.6447	15	12	0	0	1	0.3158	1.4071
34	58	1	104.5946	14	6	0	-1	0	0.3103	-1.0000
34	59	1	106.6278	2	3	0	-1	0	0.3051	-1.0000
34	60	1	108.6777	1	15	0	-1	0	0.3000	-1.0000
34	61	1	110.7110	2	3	90	0	1	0.2951	1.0857
34	62	1	112.3109	15	12	0	1	1	0.3065	1.2930
34	63	1	113.8608	2	3	0	-1	0	0.3016	-1.0000
34	64	1	115.9274	15	12	0	1	1	0.3125	1.2774
34	65	1	117.4773	2	3	0	0	1	0.3077	0.8155
34	66	1	119.0272	1	15	0	-1	0	0.3030	-1.0000
34	67	1	121.1104	2	3	0	-1	0	0.2985	-1.0000
34	68	1	123.1603	3	13	0	-1	0	0.2941	-1.0000
34	69	1	125.2102	4	5	0	1	1	0.3043	0.0751
34	70	1	126.7601	6	1	0	1	1	0.3143	1.2929
34	71	1	128.3101	5	2	0	-1	0	0.3099	-1.0000
34	72	1	130.4099	8	4	90	1	1	0.3194	1.3539
34	73	1	132.0932	5	2	90	-1	0	0.3151	-1.0000
34	74	1	134.3431	7	10	90	-1	0	0.3108	-1.0000
34	75	1	136.3430	6	1	0	1	1	0.3200	1.1649
34	76	1	137.8929	8	4	0	1	1	0.3289	0.9110
34	77	1	139.4428	9	9	0	1	1	0.3377	1.0093
34	78	1	140.9927	8	4	0	1	1	0.3462	0.7712
34	79	1	142.5427	9	9	0	1	1	0.3544	0.7898
34	80	1	144.0926	10	11	90	0	1	0.3500	1.2553
34	81	1	145.9258	13	14	0	-1	0	0.3457	-1.0000
34	82	1	147.9590	14	6	0	0	1	0.3415	1.4212
34	83	1	149.9256	15	12	90	-1	0	0.3373	-1.0000
34	84	1	151.9588	3	13	0	1	1	0.3452	1.3256
34	85	1	153.5088	1	15	0	1	1	0.3529	1.2792
34	86	1	155.0587	14	6	0	-1	0	0.3488	-1.0000
34	87	1	157.1586	1	15	0	1	1	0.3563	1.2453
34	88	1	158.7085	15	12	0	1	1	0.3636	0.8641
34	89	1	160.2584	3	13	0	-1	0	0.3596	-1.0000
34	90	1	162.3583	2	3	0	-1	0	0.3556	-1.0000
34	91	1	164.3915	1	15	0	-1	0	0.3516	-1.0000
34	92	1	166.4581	3	13	90	1	1	0.3587	1.0338
34	93	1	168.0080	1	15	0	1	1	0.3656	0.8292
34	94	1	169.5579	14	6	0	1	1	0.3723	1.0059
34	95	1	171.1078	13	14	0	1	1	0.3789	0.9135
34	96	1	172.6578	11	8	0	1	1	0.3854	1.1235
34	97	1	174.2077	13	14	0	1	1	0.3918	0.8851
34	98	1	175.7576	12	7	0	0	1	0.3878	1.1744
34	99	1	177.5075	13	14	0	1	1	0.3939	1.1044
34	100	1	179.0574	14	6	0	1	1	0.4000	1.4273
34	101	1	180.8240	13	14	90	1	1	0.4059	1.2447
34	102	1	182.3739	11	8	0	1	1	0.4118	0.9425
34	103	1	183.9239	13	14	90	1	1	0.4175	0.9449
34	104	1	185.4738	11	8	0	1	1	0.4231	0.8516
34	105	1	187.0237	13	14	90	1	1	0.4286	0.6137
34	106	1	188.5736	12	7	0	0	1	0.4245	1.3022
34	107	1	190.4235	9	9	0	1	1	0.4299	1.2770
34	108	1	191.9734	11	8	0	1	1	0.4352	1.1512
34	109	1	193.5234	9	9	0	1	1	0.4404	1.1213
34	110	1	195.0733	11	8	0	1	1	0.4455	1.0435
34	111	1	196.6232	12	7	0	-1	0	0.4414	-1.0000
34	112	1	198.6731	9	9	0	1	1	0.4464	0.9957
34	113	1	200.2230	8	4	0	1	1	0.4513	0.9810
34	114	1	201.7729	7	10	90	0	1	0.4474	1.2561
34	115	1	203.6062	6	1	0	-1	0	0.4435	-1.0000
34	116	1	205.6394	7	10	0	-1	0	0.4397	-1.0000
34	117	1	207.6893	4	5	0	0	1	0.4359	0.0438
34	118	1	209.2392	6	1	0	1	1	0.4407	0.8128
34	119	1	210.7891	7	10	90	0	1	0.4370	1.1349
34	120	1	212.4390	5	2	0	-1	0	0.4333	-1.0000
34	121	1	214.5223	4	5	0	1	1	0.4380	0.8425
34	122	1	216.0722	5	2	0	1	1	0.4426	1.0677
34	123	1	217.6221	8	4	0	1	1	0.4472	0.7178
34	124	1	219.1720	6	1	0	1	1	0.4516	0.6726
34	125	1	220.7219	5	2	0	-1	0	0.4480	-1.0000
34	126	1	222.7552	6	1	0	1	1	0.4524	0.8167
34	127	1	224.3051	7	10	0	1	1	0.4567	1.1081
34	128	1	225.8550	8	4	90	1	1	0.4609	0.9489
34	129	1	227.4049	9	9	0	1	1	0.4651	0.8550
34	130	1	228.9549	8	4	0	1	1	0.4692	0.7463
34	131	1	230.5048	9	9	0	1	1	0.4733	0.7481
34	132	1	232.0547	12	7	0	0	1	0.4697	0.9900
34	133	1	233.6046	13	14	90	0	1	0.4662	0.6401
34	134	1	235.1545	10	11	0	1	1	0.4701	1.0265
34	135	1	236.7045	13	14	0	0	1	0.4667	0.8829
34	136	1	238.2544	14	6	0	-1	0	0.4632	-1.0000
34	137	1	240.2876	13	14	90	1	1	0.4672	0.9649
34	138	1	241.8375	12	7	0	1	1	0.4710	1.0944
34	139	1	243.3874	13	14	0	1	1	0.4748	0.8413
34	140	1	244.9374	11	8	0	1	1	0.4786	1.0513
34	141	1	246.4873	10	11	90	1	1	0.4823	0.9578
34	142	1	248.0372	11	8	0	1	1	0.4859	0.8947
34	143	1	249.5871	12	7	90	-1	0	0.4825	-1.0000
34	144	1	251.6203	13	14	90	1	1	0.4861	0.8965
34	145	1	253.1703	11	8	90	1	1	0.4897	0.9629
34	146	1	254.7202	12	7	0	0	1	0.4863	0.8038
34	147	1	256.2701	13	14	0	1	1	0.4898	0.6792
34	148	1	257.8200	10	11	0	1	1	0.4932	0.9999
34	149	1	259.3699	12	7	0	1	1	0.4966	1.2740
34	150	1	260.9199	13	14	0	1	1	0.5000	0.9570
34	151	1	262.4698	10	11	0	1	1	0.5033	0.1110
34	152	1	264.0197	12	7	90	1	1	0.5066	1.1210
34	153	1	265.5696	11	8	0	1	1	0.5098	0.6751
34	154	1	267.1196	12	7	0	1	1	0.5130	1.4932
34	155	1	268.7695	9	9	90	1	1	0.5161	1.1065
34	156	1	270.3194	10	11	0	1	1	0.5192	0.9499
34	157	1	271.8693	9	9	0	1	1	0.5223	0.7596
34	158	1	273.4192	12	7	0	0	1	0.5190	0.9214
34	159	1	274.9691	9	9	0	1	1	0.5220	0.6197
34	160	1	276.5191	11	8	0	1	1	0.5250	0.6858
34	161	1	278.0690	12	7	0	1	1	0.5280	0.7836
34	162	1	279.6189	11	8	0	1	1	0.5309	0.6090
34	163	1	281.1688	10	11	0	1	1	0.5337	0.9151
34	164	1	282.7187	11	8	0	1	1	0.5366	0.7265
34	165	1	284.2687	13	14	0	1	1	0.5394	0.7124
34	166	1	285.8186	11	8	0	1	1	0.5422	0.6342
34	167	1	287.3685	12	7	90	1	1	0.5449	0.8604
34	168	1	288.9184	10	11	0	-1	0	0.5417	-1.0000
34	169	1	291.0016	11	8	90	1	1	0.5444	1.2589
34	170	1	292.5516	13	14	0	1	1	0.5471	0.7816
34	171	1	294.1015	12	7	0	0	1	0.5439	0.9264
34	172	1	295.6514	9	9	0	1	1	0.5465	0.5935
34	173	1	297.2013	11	8	0	1	1	0.5491	0.6586
34	174	1	298.7512	13	14	0	1	1	0.5517	0.6299
34	175	1	300.3012	11	8	90	1	1	0.5543	0.8066
34	176	1	301.8511	9	9	0	1	1	0.5568	0.6648
34	177	1	303.4010	10	11	0	1	1	0.5593	0.6669
34	178	1	304.9509	9	9	0	1	1	0.5618	0.7970
34	179	1	306.5008	12	7	0	1	1	0.5642	0.8151
34	180	1	308.0508	11	8	90	1	1	0.5667	1.0250
34	181	1	309.6007	10	11	90	0	1	0.5635	0.7392
34	182	1	311.1506	12	7	0	1	1	0.5659	1.1893
34	183	1	312.7005	13	14	0	1	1	0.5683	0.8394
34	184	1	314.2504	11	8	0	1	1	0.5707	0.6669
34	185	1	315.8004	12	7	0	1	1	0.5730	0.9875
34	186	1	317.3503	10	11	0	1	1	0.5753	0.7831
34	187	1	318.9002	12	7	90	1	1	0.5775	1.0558
34	188	1	320.4501	9	9	0	1	1	0.5798	0.6586
34	189	1	322.0000	11	8	0	1	1	0.5820	0.7086
34	190	1	323.5500	12	7	0	1	1	0.5842	0.7900
34	191	1	325.0999	9	9	0	1	1	0.5864	0.6970
34	192	1	326.6498	8	4	0	1	1	0.5885	0.6670
34	193	1	328.1997	6	1	0	1	1	0.5907	0.6692
34	194	1	329.7496	7	10	0	1	1	0.5928	0.8312
34	195	1	331.2996	8	4	0	1	1	0.5949	0.7219
34	196	1	332.8495	5	2	0	1	1	0.5969	1.4120
34	197	1	334.3994	4	5	0	1	1	0.5990	1.0445
34	198	1	335.9493	3	13	0	1	1	0.6010	1.0948
34	199	1	337.4992	2	3	0	-1	0	0.5980	-1.0000
34	200	1	339.5658	1	15	0	-1	0	0.5950	-1.0000
34	201	1	341.6157	14	6	0	1	1	0.5970	0.0168
34	202	1	343.1656	1	15	0	1	1	0.5990	0.0391
34	203	1	344.7155	14	6	0	1	1	0.6010	0.8563
34	204	1	346.2655	1	15	0	0	1	0.5980	0.6513
34	205	1	347.8154	3	13	90	1	1	0.6000	1.1327
34	206	1	349.3653	2	3	0	1	1	0.6019	1.3906
34	207	1	350.9152	14	6	0	1	1	0.6039	1.1207
34	208	1	352.4651	13	14	0	1	1	0.6058	0.7237
34	209	1	354.0151	11	8	0	1	1	0.6077	0.6448
34	210	1	355.5650	13	14	0	1	1	0.6095	0.5998
34	211	1	357.1149	10	11	0	1	1	0.6114	0.8730
34	212	1	358.6648	12	7	90	0	1	0.6085	1.0207
34	213	1	360.2147	10	11	0	1	1	0.6103	1.1500
34	214	1	361.7647	11	8	0	1	1	0.6121	0.7201
34	215	1	363.3146	10	11	0	1	1	0.6140	1.1221
34	216	1	364.8645	11	8	0	1	1	0.6157	0.8207
34	217	1	366.4144	12	7	0	1	1	0.6175	0.8548
34	218	1	367.9643	9	9	0	1	1	0.6193	0.6963
34	219	1	369.5143	8	4	0	1	1	0.6210	0.6343
34	220	1	371.0642	5	2	90	1	1	0.6227	1.1318
34	221	1	372.6141	8	4	0	1	1	0.6244	0.7034
34	222	1	374.1640	7	10	0	1	1	0.6261	0.8812
34	223	1	375.7139	4	5	0	1	1	0.6278	0.8030
34	224	1	377.2639	5	2	90	-1	0	0.6250	-1.0000
34	225	1	379.3304	7	10	0	1	1	0.6267	1.3620
34	226	1	380.8803	6	1	0	1	1	0.6283	0.7238
34	227	1	382.4302	5	2	0	-1	0	0.6256	-1.0000
34	228	1	384.5301	4	5	0	0	1	0.6228	0.0169
34	229	1	386.0801	6	1	0	1	1	0.6245	0.1171
34	230	1	387.6300	7	10	0	1	1	0.6261	1.0779
34	231	1	389.1799	6	1	90	1	1	0.6277	1.0001
34	232	1	390.7298	4	5	0	1	1	0.6293	0.9223
34	233	1	392.2797	7	10	0	1	1	0.6309	1.1972
34	234	1	393.8296	4	5	0	0	1	0.6282	1.2313
34	235	1	395.5962	7	10	0	-1	0	0.6255	-1.0000
34	236	1	397.6128	4	5	0	1	1	0.6271	0.7760
34	237	1	399.1627	5	2	90	0	1	0.6245	1.3541
34	238	1	401.0793	8	4	0	1	1	0.6261	0.6692
34	239	1	402.6292	5	2	0	1	1	0.6276	1.1358
34	240	1	404.1791	6	1	0	1	1	0.6292	0.8344
34	241	1	405.7290	8	4	0	1	1	0.6307	0.6755
34	242	1	407.2790	9	9	0	1	1	0.6322	0.6930
34	243	1	408.8289	10	11	90	1	1	0.6337	0.9200
34	244	1	410.3788	12	7	0	0	1	0.6311	1.0331
34	245	1	411.9454	9	9	0	1	1	0.6327	0.8596
34	246	1	413.4953	12	7	0	0	1	0.6301	1.0367
34	247	1	415.0952	11	8	0	1	1	0.6316	1.1807
34	248	1	416.6451	9	9	0	1	1	0.6331	0.6722
34	249	1	418.1950	11	8	0	-1	0	0.6305	-1.0000
34	250	1	420.3949	10	11	0	0	1	0.6280	1.0490
34	251	1	421.9782	9	9	90	1	1	0.6295	1.0511
34	252	1	423.5281	11	8	0	1	1	0.6310	0.7159
34	253	1	425.0780	9	9	0	1	1	0.6324	0.7345
34	254	1	426.6279	8	4	90	1	1	0.6339	0.9613
34	255	1	428.1779	7	10	0	1	1	0.6353	1.2829
34	256	1	429.7278	6	1	90	1	1	0.6367	1.0134
34	257	1	431.2777	7	10	0	1	1	0.6381	0.8069
34	258	1	432.8276	6	1	0	1	1	0.6395	0.6973
34	259	1	434.3775	4	5	0	1	1	0.6409	0.7313
34	260	1	435.9275	6	1	0	1	1	0.6423	0.6374
34	261	1	437.4774	7	10	0	1	1	0.6437	0.7985
34	262	1	439.0273	8	4	0	1	1	0.6450	0.6891
34	263	1	440.5772	9	9	0	1	1	0.6464	0.6914
34	264	1	442.1271	11	8	90	1	1	0.6477	0.7738
34	265	1	443.6771	12	7	90	1	1	0.6491	1.0159
34	266	1	445.2270	10	11	0	1	1	0.6504	0.9380
34	267	1	446.7769	11	8	0	1	1	0.6517	0.8431
34	268	1	448.3268	9	9	0	1	1	0.6530	0.7659
34	269	1	449.8767	10	11	0	1	1	0.6543	0.8324
34	270	1	451.4266	11	8	0	1	1	0.6556	0.6892
34	271	1	452.9766	12	7	0	1	1	0.6568	0.9327
34	272	1	454.5265	13	14	90	1	1	0.6581	1.3184
34	273	1	456.0764	11	8	0	-1	0	0.6557	-1.0000
34	274	1	458.0930	13	14	90	1	1	0.6569	0.9670
34	275	1	459.6429	10	11	0	1	1	0.6582	0.8580
34	276	1	461.1928	11	8	0	1	1	0.6594	0.6675
34	277	1	462.7427	9	9	0	1	1	0.6606	0.6692
34	278	1	464.2926	12	7	0	1	1	0.6619	0.9120
34	279	1	465.8426	13	14	0	1	1	0.6631	0.8023
34	280	1	467.3925	10	11	0	1	1	0.6643	0.7394
34	281	1	468.9424	13	14	0	1	1	0.6655	0.7899
34	282	1	470.4923	11	8	0	1	1	0.6667	0.7277
34	283	1	472.0422	10	11	0	1	1	0.6678	0.7464
34	284	1	473.5922	13	14	0	1	1	0.6690	0.7487
34	285	1	475.1421	11	8	0	1	1	0.6702	0.7030
34	286	1	476.6920	13	14	0	1	1	0.6713	0.7214
34	287	1	478.2419	10	11	0	1	1	0.6725	0.8192
34	288	1	479.7918	12	7	0	1	1	0.6736	0.8850
34	289	1	481.3418	11	8	0	1	1	0.6747	0.8231
34	290	1	482.8917	13	14	0	1	1	0.6759	0.7282
34	291	1	484.4416	10	11	0	1	1	0.6770	0.7784
34	292	1	485.9915	13	14	90	1	1	0.6781	0.9574
34	293	1	487.5414	11	8	0	1	1	0.6792	0.7663
34	294	1	489.0914	10	11	0	1	1	0.6803	0.8166
34	295	1	490.6413	11	8	90	1	1	0.6814	1.0596
34	296	1	492.1912	9	9	0	1	1	0.6824	0.8214
34	297	1	493.7411	8	4	0	1	1	0.6835	0.7753
34	298	1	495.2910	6	1	0	1	1	0.6846	0.7778
34	299	1	496.8410	4	5	0	1	1	0.6856	1.3083
34	300	1	498.3909	7	10	0	1	1	0.6867	0.7011
34	301	1	499.9408	4	5	0	1	1	0.6877	0.7831
34	302	1	501.4907	3	13	0	0	1	0.6854	1.2181
34	303	1	503.2406	2	3	0	-1	0	0.6832	-1.0000
34	304	1	505.2738	1	15	0	0	1	0.6809	0.0168
34	305	1	506.8238	14	6	90	0	1	0.6787	0.0168
34	306	1	508.3737	13	14	0	1	1	0.6797	0.7191
34	307	1	509.9236	10	11	0	1	1	0.6808	0.7528
34	308	1	511.4735	11	8	90	1	1	0.6818	0.8824
34	309	1	513.0234	10	11	90	0	1	0.6796	0.9176
34	310	1	514.5734	12	7	0	1	1	0.6806	0.9355
34	311	1	516.1233	11	8	0	1	1	0.6817	1.3060
34	312	1	517.6732	13	14	90	1	1	0.6827	0.9387
34	313	1	519.2231	10	11	0	0	1	0.6805	0.9576
34	314	1	520.7730	9	9	0	1	1	0.6815	0.7362
34	315	1	522.3230	11	8	0	1	1	0.6825	0.6581
34	316	1	523.8729	10	11	0	0	1	0.6804	0.9324
34	317	1	525.4228	13	14	0	1	1	0.6814	0.7421
34	318	1	526.9727	10	11	0	-1	0	0.6792	-1.0000
34	319	1	529.0393	12	7	0	1	1	0.6803	0.0539
34	320	1	530.5892	11	8	0	0	1	0.6781	0.0708
34	321	1	532.1391	9	9	0	1	1	0.6791	0.0168
34	322	1	533.6890	8	4	0	1	1	0.6801	0.6839
34	323	1	535.2390	9	9	0	1	1	0.6811	0.6380
34	324	1	536.7889	11	8	0	1	1	0.6821	0.6871
34	325	1	538.3388	12	7	90	1	1	0.6831	1.1051
34	326	1	539.8887	11	8	0	1	1	0.6840	0.7565
34	327	1	541.4386	10	11	0	1	1	0.6850	1.0300
34	328	1	542.9886	13	14	0	-1	0	0.6829	-1.0000
34	329	1	545.0218	11	8	0	1	1	0.6839	0.6782
34	330	1	546.5717	13	14	0	1	1	0.6848	0.8083
34	331	1	548.1216	10	11	0	-1	0	0.6828	-1.0000
34	332	1	550.1215	11	8	0	1	1	0.6837	0.8754
34	333	1	551.6714	12	7	0	1	1	0.6847	0.9405
34	334	1	553.2213	10	11	0	1	1	0.6856	0.9601
34	335	1	554.7713	9	9	0	1	1	0.6866	1.0897
34	336	1	556.3212	11	8	0	1	1	0.6875	0.7227
34	337	1	557.8711	9	9	0	1	1	0.6884	0.6289
34	338	1	559.4210	11	8	0	1	1	0.6893	0.8232
34	339	1	560.9710	13	14	90	1	1	0.6903	0.8737
34	340	1	562.5209	12	7	0	1	1	0.6912	0.7802
34	341	1	564.0708	11	8	0	1	1	0.6921	0.6699
34	342	1	565.6207	13	14	0	1	1	0.6930	0.6889
34	343	1	567.1706	14	6	0	1	1	0.6939	1.3133
34	344	1	568.7205	1	15	90	1	1	0.6948	1.1563
34	345	1	570.2705	3	13	0	1	1	0.6957	0.9655
34	346	1	571.8204	1	15	90	1	1	0.6965	1.3850
34	347	1	573.3703	14	6	0	1	1	0.6974	0.9701
34	348	1	574.9202	2	3	0	1	1	0.6983	1.4037
34	349	1	576.5368	15	12	90	-1	0	0.6963	-1.0000
34	350	1	578.5534	3	13	90	-1	0	0.6943	-1.0000
34	351	1	580.5866	1	15	0	-1	0	0.6923	-1.0000
34	352	1	582.6365	2	3	0	1	1	0.6932	0.6795
34	353	1	584.1864	3	13	0	1	1	0.6941	0.9066
34	354	1	585.7363	4	5	0	1	1	0.6949	0.7649
34	355	1	587.2862	3	13	0	1	1	0.6958	0.7827
34	356	1	588.8362	1	15	0	1	1	0.6966	0.9126
34	357	1	590.3861	3	13	0	1	1	0.6975	1.0432
34	358	1	591.9360	15	12	0	0	1	0.6955	1.3651
34	359	1	593.8859	3	13	0	1	1	0.6964	0.9831
34	360	1	595.4358	1	15	0	1	1	0.6972	1.0650
34	361	1	596.9857	3	13	0	1	1	0.6981	0.9396
34	362	1	598.5357	15	12	90	0	1	0.6961	1.3082
34	363	1	600.3856	2	3	0	-1	0	0.6942	-1.0000
34	364	1	602.4188	15	12	0	1	1	0.6951	0.2104
34	365	1	603.9687	3	13	0	1	1	0.6959	0.8992
34	366	1	605.5186	2	3	90	1	1	0.6967	1.0146
34	367	1	607.0686	3	13	0	1	1	0.6975	1.0481
34	368	1	608.6185	15	12	0	1	1	0.6984	1.4825
34	369	1	610.2684	14	6	0	1	1	0.6992	1.0006
34	370	1	611.8183	1	15	0	-1	0	0.6973	-1.0000
34	371	1	613.8515	3	13	90	-1	0	0.6954	-1.0000
34	372	1	615.8848	2	3	0	-1	0	0.6935	-1.0000
34	373	1	618.0180	14	6	0	1	1	0.6944	1.0910
34	374	1	619.5679	1	15	0	1	1	0.6952	0.8363
34	375	1	621.1178	14	6	0	1	1	0.6960	1.0951
34	376	1	622.6677	13	14	90	0	1	0.6941	1.3536
34	377	1	624.5343	14	6	0	1	1	0.6950	0.7656
34	378	1	626.0842	1	15	0	1	1	0.6958	0.8156
34	379	1	627.6341	15	12	0	-1	0	0.6939	-1.0000
34	380	1	629.7340	14	6	0	1	1	0.6947	0.8633
34	381	1	631.2840	2	3	0	1	1	0.6955	0.9134
34	382	1	632.8339	3	13	0	1	1	0.6963	0.6582
34	383	1	634.3838	2	3	0	1	1	0.6971	0.8852
34	384	1	635.9337	15	12	0	-1	0	0.6953	-1.0000
34	385	1	638.0003	2	3	0	1	1	0.6961	1.1080
34	386	1	639.5502	14	6	0	1	1	0.6969	0.8551
34	387	1	641.1001	2	3	0	1	1	0.6977	0.7128
34	388	1	642.6500	3	13	0	1	1	0.6985	0.6659
34	389	1	644.2000	15	12	0	1	1	0.6992	1.3880
34	390	1	645.7666	14	6	0	1	1	0.7000	0.7507
34	391	1	647.3165	13	14	0	1	1	0.7008	1.1356
34	392	1	648.8664	12	7	0	1	1	0.7015	1.0589
34	393	1	650.4163	11	8	0	1	1	0.7023	0.8367
34	394	1	651.9662	10	11	0	1	1	0.7030	1.0155
34	395	1	653.5161	11	8	90	1	1	0.7038	1.4798
34	396	1	655.1661	12	7	0	1	1	0.7045	0.9020
34	397	1	656.7160	13	14	0	1	1	0.7053	0.7448
34	398	1	658.2659	10	11	0	1	1	0.7060	1.0510
34	399	1	659.8158	12	7	0	1	1	0.7068	0.9734
34	400	1	661.3657	10	11	0	1	1	0.7075	1.0558
34	401	1	662.9157	12	7	0	1	1	0.7082	0.9936
34	402	1	664.4656	10	11	0	1	1	0.7090	0.6112
34	403	1	666.0155	13	14	0	1	1	0.7097	0.9652
34	404	1	667.5654	14	6	0	1	1	0.7104	0.7745
34	405	1	669.1153	13	14	0	1	1	0.7111	1.1773
34	406	1	670.6653	12	7	0	1	1	0.7118	1.4508
34	407	1	672.3318	13	14	0	1	1	0.7125	0.7289
34	408	1	673.8818	14	6	0	1	1	0.7132	1.3229
34	409	1	675.4317	1	15	0	1	1	0.7139	1.1817
34	410	1	676.9816	14	6	0	1	1	0.7146	0.7035
34	411	1	678.5315	13	14	0	1	1	0.7153	0.6408
34	412	1	680.0814	14	6	0	1	1	0.7160	0.6756
34	413	1	681.6314	1	15	0	1	1	0.7167	0.6777
34	414	1	683.1813	3	13	0	1	1	0.7174	0.7441
34	415	1	684.7312	2	3	0	1	1	0.7181	0.4415
34	416	1	686.2811	14	6	0	1	1	0.7188	0.7166
34	417	1	687.8310	2	3	0	1	1	0.7194	0.7661
34	418	1	689.3809	3	13	0	1	1	0.7201	0.9439
34	419	1	690.9309	2	3	90	1	1	0.7208	1.4891
34	420	1	692.5975	1	15	0	-1	0	0.7190	-1.0000
34	421	1	694.6473	3	13	90	1	1	0.7197	1.3726
34	422	1	696.2473	2	3	0	1	1	0.7204	0.9096
34	423	1	697.7972	1	15	0	1	1	0.7210	0.6876
34	424	1	699.3471	2	3	0	1	1	0.7217	0.6571
34	425	1	700.8970	3	13	0	1	1	0.7224	0.7230
34	426	1	702.4469	15	12	0	1	1	0.7230	1.0611
34	427	1	703.9969	1	15	0	1	1	0.7237	0.8711
34	428	1	705.5468	3	13	90	1	1	0.7243	1.1302
34	429	1	707.0967	15	12	0	1	1	0.7249	0.9713
34	430	1	708.6466	14	6	0	1	1	0.7256	0.7986
34	431	1	710.1965	15	12	0	1	1	0.7262	0.6554
34	432	1	711.7465	14	6	0	1	1	0.7269	0.5943
34	433	1	713.2964	13	14	90	0	1	0.7252	0.7883
34	434	1	714.8463	14	6	0	1	1	0.7258	0.6791
34	435	1	716.3962	15	12	90	1	1	0.7264	0.9838
34	436	1	717.9461	14	6	0	1	1	0.7271	1.2266
34	437	1	719.4961	15	12	0	-1	0	0.7254	-1.0000
34	438	1	721.5793	2	3	0	1	1	0.7260	0.7928
34	439	1	723.1292	3	13	0	1	1	0.7267	0.8283
34	440	1	724.6791	15	12	0	1	1	0.7273	0.9090
34	441	1	726.2291	1	15	0	1	1	0.7279	0.7686
34	442	1	727.7790	14	6	0	1	1	0.7285	0.6901
34	443	1	729.3289	2	3	0	1	1	0.7291	0.8684
34	444	1	730.8788	3	13	0	1	1	0.7297	0.8852
34	445	1	732.4287	1	15	0	1	1	0.7303	0.5680
34	446	1	733.9786	3	13	90	0	1	0.7287	0.6022
34	447	1	735.5286	2	3	0	1	1	0.7293	0.8754
34	448	1	737.0785	14	6	0	1	1	0.7299	0.7025
34	449	1	738.6284	13	14	0	1	1	0.7305	0.8172
34	450	1	740.1783	12	7	0	1	1	0.7311	0.9146
34	451	1	741.7282	11	8	0	1	1	0.7317	0.7565
34	452	1	743.2782	13	14	0	1	1	0.7323	0.8874
34	453	1	744.8281	12	7	0	1	1	0.7329	1.1131
34	454	1	746.3780	13	14	0	1	1	0.7335	0.6820
34	455	1	747.9279	11	8	0	1	1	0.7341	0.6690
34	456	1	749.4778	9	9	0	1	1	0.7346	0.8149
34	457	1	751.0278	11	8	0	1	1	0.7352	0.6243
34	458	1	752.5777	13	14	0	1	1	0.7358	0.6590
34	459	1	754.1276	10	11	0	1	1	0.7364	1.1092
34	460	1	755.6775	11	8	0	1	1	0.7370	1.3673
34	461	1	757.2274	9	9	0	1	1	0.7375	0.6495
34	462	1	758.7774	8	4	0	1	1	0.7381	0.7482
34	463	1	760.3273	7	10	90	1	1	0.7387	1.1496
34	464	1	761.8772	6	1	90	1	1	0.7392	1.0402
34	465	1	763.4271	7	10	0	-1	0	0.7376	-1.0000
34	466	1	765.5103	5	2	0	-1	0	0.7361	-1.0000
34	467	1	767.5602	7	10	90	-1	0	0.7345	-1.0000
34	468	1	769.6101	4	5	0	1	1	0.7350	0.9707
34	469	1	771.1600	6	1	90	1	1	0.7356	0.9400
34	470	1	772.7100	4	5	0	1	1	0.7362	0.8471
34	471	1	774.2599	7	10	0	1	1	0.7367	0.9122
34	472	1	775.8098	5	2	0	1	1	0.7373	1.2034
34	473	1	777.3597	6	1	90	0	1	0.7357	1.3010
34	474	1	779.1930	8	4	0	1	1	0.7363	0.6830
34	475	1	780.7429	6	1	0	1	1	0.7368	0.8940
34	476	1	782.2928	5	2	0	1	1	0.7374	1.3119
34	477	1	783.8427	7	10	0	1	1	0.7379	0.8663
34	478	1	785.3926	4	5	0	1	1	0.7385	0.8680
34	479	1	786.9426	7	10	0	1	1	0.7390	0.7735
34	480	1	788.4925	5	2	0	1	1	0.7396	0.6795
34	481	1	790.0424	8	4	90	1	1	0.7401	0.8896
34	482	1	791.5923	7	10	0	1	1	0.7407	0.8445
34	483	1	793.1422	4	5	90	1	1	0.7412	1.1188
34	484	1	794.6922	6	1	0	1	1	0.7417	1.2333
34	485	1	796.2421	7	10	0	0	1	0.7402	1.3786
34	486	1	798.1253	4	5	0	1	1	0.7407	1.0159
34	487	1	799.6752	6	1	90	1	1	0.7413	1.4497
34	488	1	801.3252	4	5	0	1	1	0.7418	1.2390
34	489	1	802.8751	7	10	0	-1	0	0.7403	-1.0000
34	490	1	804.8916	6	1	0	1	1	0.7408	0.1854
34	491	1	806.4415	4	5	0	1	1	0.7413	0.9233
34	492	1	807.9915	6	1	0	1	1	0.7419	0.6847
34	493	1	809.5414	7	10	90	-1	0	0.7404	-1.0000
34	494	1	811.5913	8	4	0	1	1	0.7409	0.7808
34	495	1	813.1412	9	9	90	1	1	0.7414	0.8799
34	496	1	814.6911	10	11	0	1	1	0.7419	1.1216
34	497	1	816.2410	11	8	0	1	1	0.7425	0.8681
34	498	1	817.7910	10	11	0	-1	0	0.7410	-1.0000
34	499	1	819.8742	12	7	0	1	1	0.7415	0.9626
34	500	1	821.4241	13	14	0	1	1	0.7420	1.1411
34	501	1	822.9740	14	6	0	1	1	0.7425	1.4791
34	502	1	824.6573	2	3	0	1	1	0.7430	0.6587
34	503	1	826.2072	15	12	0	1	1	0.7435	1.0928
34	504	1	827.7571	2	3	0	1	1	0.7440	0.9842
34	505	1	829.3070	3	13	0	1	1	0.7446	0.9217
34	506	1	830.8569	15	12	90	1	1	0.7451	1.1960
34	507	1	832.4069	2	3	0	1	1	0.7456	1.1011
34	508	1	833.9568	15	12	0	1	1	0.7461	0.9752
34	509	1	835.5067	14	6	0	1	1	0.7466	1.0262
34	510	1	837.0566	15	12	0	1	1	0.7471	0.3234
34	511	1	838.6065	2	3	0	1	1	0.7476	0.1023
34	512	1	840.1565	3	13	90	0	1	0.7461	0.0238
34	513	1	841.7064	2	3	0	1	1	0.7466	0.6817
34	514	1	843.2563	3	13	0	1	1	0.7471	0.8277
34	515	1	844.8062	2	3	0	1	1	0.7476	0.6545
34	516	1	846.3561	14	6	0	1	1	0.7481	0.8326
34	517	1	847.9061	15	12	0	1	1	0.7485	0.8829
34	518	1	849.4560	1	15	0	-1	0	0.7471	-1.0000
34	519	1	851.5225	14	6	0	1	1	0.7476	0.9464
34	520	1	853.0725	2	3	0	-1	0	0.7462	-1.0000
34	521	1	855.1390	14	6	0	1	1	0.7466	0.9782
34	522	1	856.6889	1	15	0	1	1	0.7471	1.0599
34	523	1	858.2389	14	6	0	1	1	0.7476	0.9021
34	524	1	859.7888	15	12	0	1	1	0.7481	1.4312
34	525	1	861.3720	14	6	0	1	1	0.7486	0.9365
34	526	1	862.9220	13	14	0	1	1	0.7490	0.7941
34	527	1	864.4719	14	6	0	1	1	0.7495	0.7489
34	528	1	866.0218	2	3	90	1	1	0.7500	0.9422
34	529	1	867.5717	15	12	0	1	1	0.7505	0.8810
34	530	1	869.1216	3	13	90	0	1	0.7491	1.4593
34	531	1	871.1382	4	5	90	1	1	0.7495	1.0112
34	532	1	872.6881	7	10	0	0	1	0.7481	1.2999
34	533	1	874.5713	5	2	0	-1	0	0.7467	-1.0000
34	534	1	876.6046	7	10	0	1	1	0.7472	0.0170
34	535	1	878.1545	5	2	0	1	1	0.7477	0.6656
34	536	1	879.7044	8	4	0	1	1	0.7481	1.1167
34	537	1	881.2543	7	10	90	1	1	0.7486	1.0057
34	538	1	882.8043	5	2	0	1	1	0.7491	0.8962
34	539	1	884.3542	6	1	0	1	1	0.7495	0.8818
34	540	1	885.9041	5	2	90	1	1	0.7500	1.0767
34	541	1	887.4540	6	1	0	1	1	0.7505	0.8380
34	542	1	889.0039	7	10	90	1	1	0.7509	0.9535
34	543	1	890.5538	4	5	0	1	1	0.7514	1.1462
34	544	1	892.1038	5	2	0	1	1	0.7518	0.9092
34	545	1	893.6537	4	5	0	1	1	0.7523	0.7032
34	546	1	895.2036	6	1	90	1	1	0.7527	0.8491
34	547	1	896.7535	4	5	0	1	1	0.7532	0.7864
34	548	1	898.3035	5	2	0	1	1	0.7536	1.1085
34	549	1	899.8534	6	1	0	1	1	0.7541	1.0640
34	550	1	901.4033	5	2	0	1	1	0.7545	0.8407
34	551	1	902.9532	6	1	0	1	1	0.7550	0.8116
34	552	1	904.5031	4	5	0	1	1	0.7554	0.7020
34	553	1	906.0531	3	13	0	1	1	0.7559	0.7043
34	554	1	907.6030	1	15	90	1	1	0.7563	0.9303
34	555	1	909.1529	15	12	0	1	1	0.7568	0.8191
34	556	1	910.7028	3	13	0	1	1	0.7572	0.7746
34	557	1	912.2527	1	15	90	1	1	0.7576	0.9841
34	558	1	913.8027	2	3	0	1	1	0.7581	0.8420
34	559	1	915.3526	15	12	0	1	1	0.7585	0.7968
34	560	1	916.9025	3	13	0	1	1	0.7589	0.7346
34	561	1	918.4524	1	15	0	1	1	0.7594	1.2157
34	562	1	920.0023	2	3	0	1	1	0.7598	1.0897
34	563	1	921.5522	15	12	0	1	1	0.7602	0.8205
34	564	1	923.1022	1	15	0	1	1	0.7606	0.7108
34	565	1	924.6521	15	12	0	1	1	0.7611	0.8079
34	566	1	926.2020	2	3	90	1	1	0.7615	1.2110
34	567	1	927.7519	1	15	0	1	1	0.7619	0.8929
34	568	1	929.3018	14	6	0	1	1	0.7623	0.7663
34	569	1	930.8518	13	14	0	1	1	0.7627	0.7682
34	570	1	932.4017	10	11	90	0	1	0.7614	1.0103
34	571	1	933.9516	11	8	0	1	1	0.7618	1.3176
34	572	1	935.5015	12	7	90	-1	0	0.7605	-1.0000
34	573	1	937.5348	9	9	0	1	1	0.7609	1.0141
34	574	1	939.0847	11	8	0	-1	0	0.7596	-1.0000
34	575	1	941.1512	10	11	0	-1	0	0.7583	-1.0000
34	576	1	943.2011	13	14	0	1	1	0.7587	0.8516
34	577	1	944.7510	11	8	0	-1	0	0.7574	-1.0000
34	578	1	946.8176	9	9	0	1	1	0.7578	1.3796
34	579	1	948.4342	10	11	0	-1	0	0.7565	-1.0000
34	580	1	950.4341	11	8	0	0	1	0.7552	0.0513
34	581	1	951.9840	12	7	0	1	1	0.7556	1.0138
34	582	1	953.5339	13	14	0	1	1	0.7560	0.7102
34	583	1	955.0838	11	8	0	1	1	0.7564	0.5842
34	584	1	956.6338	12	7	0	1	1	0.7568	1.1472
34	585	1	958.1837	13	14	0	1	1	0.7573	0.7338
34	586	1	959.7336	12	7	0	1	1	0.7577	0.6875
34	587	1	961.2835	10	11	0	1	1	0.7581	0.9125
34	588	1	962.8334	11	8	0	1	1	0.7585	0.7717
34	589	1	964.3834	12	7	0	1	1	0.7589	0.8371
34	590	1	965.9333	10	11	0	1	1	0.7593	1.1279
34	591	1	967.4832	11	8	0	1	1	0.7597	0.7137
34	592	1	969.0331	9	9	0	1	1	0.7601	0.6676
34	593	1	970.5830	10	11	90	-1	0	0.7589	-1.0000
34	594	1	972.6329	9	9	0	1	1	0.7593	1.0192
34	595	1	974.1828	8	4	0	1	1	0.7597	0.9100
34	596	1	975.7328	6	1	0	1	1	0.7601	0.7516
34	597	1	977.2827	7	10	90	1	1	0.7605	1.1542
34	598	1	978.8326	4	5	0	1	1	0.7609	1.3969
34	599	1	980.4159	6	1	0	-1	0	0.7596	-1.0000
34	600	1	982.4824	7	10	0	1	1	0.7600	1.0750
34	601	1	1059.0951	5	2	90	-1	0	0.7587	-1.0000
34	602	1	1061.2283	4	5	90	1	1	0.7591	1.0330
34	603	1	1062.7782	3	13	0	1	1	0.7595	0.8905
34	604	1	1064.3282	1	15	0	1	1	0.7599	0.9084
34	605	1	1065.8781	14	6	0	1	1	0.7603	0.7830
34	606	1	1067.4280	2	3	0	1	1	0.7607	0.8808
34	607	1	1068.9779	3	13	0	1	1	0.7611	0.7709
34	608	1	1070.5278	2	3	90	1	1	0.7615	0.9329
34	609	1	1072.0778	1	15	0	1	1	0.7619	0.6477
34	610	1	1073.6277	15	12	90	1	1	0.7623	0.8084
34	611	1	1075.1776	14	6	90	1	1	0.7627	1.0504
34	612	1	1076.7275	15	12	0	1	1	0.7631	0.8129
34	613	1	1078.2774	14	6	0	1	1	0.7635	0.7520
34	614	1	1079.8274	13	14	0	1	1	0.7638	0.7047
34	615	1	1081.3773	12	7	0	1	1	0.7642	1.2515
34	616	1	1082.9272	13	14	90	1	1	0.7646	0.9662
34	617	1	1084.4771	11	8	0	1	1	0.7650	0.7438
34	618	1	1086.0270	10	11	0	-1	0	0.7638	-1.0000
34	619	1	1088.0936	11	8	0	1	1	0.7641	1.0152
34	620	1	1089.6435	9	9	0	1	1	0.7645	0.8740
34	621	1	1091.1934	12	7	0	1	1	0.7649	0.7639
34	622	1	1092.7434	10	11	0	1	1	0.7653	0.8931
34	623	1	1094.2932	11	8	0	1	1	0.7657	0.7189
34	624	1	1095.8432	9	9	90	0	1	0.7644	0.2898
34	625	1	1097.3931	12	7	0	1	1	0.7648	0.9000
34	626	1	1098.9430	13	14	90	1	1	0.7652	0.9504
34	627	1	1100.4930	10	11	0	1	1	0.7656	0.8084
34	628	1	1102.0429	13	14	90	1	1	0.7659	0.8733
34	629	1	1103.5928	12	7	90	1	1	0.7663	0.9072
34	630	1	1105.1427	9	9	90	1	1	0.7667	0.8947
34	631	1	1106.6926	11	8	0	1	1	0.7670	1.4884
34	632	1	1108.3592	12	7	90	-1	0	0.7658	-1.0000
34	633	1	1110.3758	11	8	0	-1	0	0.7646	-1.0000
34	634	1	1112.4423	10	11	0	1	1	0.7650	1.0187
34	635	1	1113.9922	12	7	0	-1	0	0.7638	-1.0000
34	636	1	1116.0421	11	8	0	-1	0	0.7626	-1.0000
34	637	1	1118.1420	12	7	0	1	1	0.7630	1.1261
34	638	1	1119.6920	9	9	0	-1	0	0.7618	-1.0000
34	639	1	1121.9418	10	11	0	-1	0	0.7606	-1.0000
34	640	1	1124.0417	13	14	0	1	1	0.7609	0.6987
34	641	1	1125.5917	12	7	0	-1	0	0.7598	-1.0000
34	642	1	1127.6749	10	11	90	-1	0	0.7586	-1.0000
34	643	1	1129.6914	9	9	0	1	1	0.7589	0.2019
34	644	1	1131.3247	10	11	90	1	1	0.7593	0.9685
34	645	1	1132.8746	11	8	0	1	1	0.7597	0.7942
34	646	1	1134.4245	12	7	0	1	1	0.7601	1.4355
34	647	1	1135.9744	10	11	0	0	1	0.7589	0.8946
34	648	1	1137.5244	12	7	0	1	1	0.7593	0.6086
34	649	1	1139.0743	9	9	0	1	1	0.7596	0.7386
34	650	1	1140.6242	12	7	0	1	1	0.7600	0.6773
34	651	1	1142.1741	10	11	90	1	1	0.7604	1.0629
34	652	1	1143.7240	12	7	0	1	1	0.7607	0.7767
34	653	1	1145.2740	9	9	0	1	1	0.7611	0.6993
34	654	1	1146.8239	12	7	0	1	1	0.7615	0.6850
34	655	1	1148.3738	9	9	0	1	1	0.7618	0.7991
34	656	1	1149.9237	10	11	0	1	1	0.7622	0.8170
34	657	1	1151.4736	9	9	90	1	1	0.7626	0.9944
34	658	1	1153.0236	8	4	0	1	1	0.7629	0.8526
34	659	1	1154.5735	7	10	0	1	1	0.7633	0.8396
34	660	1	1156.1234	8	4	0	1	1	0.7636	0.8099
34	661	1	1157.6733	9	9	0	1	1	0.7640	0.6987
34	662	1	1159.2232	10	11	90	1	1	0.7644	0.9248
34	663	1	1160.7732	11	8	90	1	1	0.7647	1.0869
34	664	1	1162.3231	12	7	90	1	1	0.7651	1.3146
34	665	1	1163.8730	9	9	90	-1	0	0.7639	-1.0000
34	666	1	1165.9896	8	4	0	1	1	0.7643	0.9438
34	667	1	1167.5395	6	1	0	1	1	0.7646	0.9614
34	668	1	1169.0894	7	10	0	1	1	0.7650	0.8187
34	669	1	1170.6393	5	2	90	-1	0	0.7638	-1.0000
34	670	1	1172.7059	4	5	90	1	1	0.7642	1.0271
34	671	1	1174.2558	3	13	0	1	1	0.7645	0.6935
34	672	1	1175.8057	1	15	0	-1	0	0.7634	-1.0000
34	673	1	1177.8056	14	6	0	1	1	0.7637	0.8233
34	674	1	1179.3555	15	12	0	1	1	0.7641	1.2085
34	675	1	1180.9055	14	6	0	1	1	0.7644	0.9555
34	676	1	1182.4554	2	3	0	1	1	0.7648	0.7979
34	677	1	1184.0053	1	15	0	1	1	0.7651	0.8797
34	678	1	1185.5552	3	13	0	1	1	0.7655	0.6416
34	679	1	1187.1051	15	12	90	1	1	0.7658	0.9470
34	680	1	1188.6551	1	15	0	1	1	0.7662	0.8539
34	681	1	1190.2050	2	3	0	1	1	0.7665	0.8564
34	682	1	1191.7549	3	13	0	1	1	0.7669	1.0024
34	683	1	1193.3048	4	5	0	1	1	0.7672	0.8281
34	684	1	1194.8547	6	1	90	1	1	0.7675	0.8623
34	685	1	1196.4047	8	4	0	1	1	0.7679	0.7363
34	686	1	1197.9546	9	9	0	1	1	0.7682	0.8984
34	687	1	1199.5045	11	8	0	1	1	0.7686	0.8371
34	688	1	1201.0544	10	11	0	1	1	0.7689	1.1425
34	689	1	1202.6043	11	8	0	-1	0	0.7678	-1.0000
34	690	1	1204.6542	13	14	0	1	1	0.7681	0.8228
34	691	1	1206.2041	14	6	0	1	1	0.7685	0.9852
34	692	1	1207.7541	15	12	0	1	1	0.7688	0.8426
34	693	1	1209.3040	2	3	0	1	1	0.7691	0.7494
34	694	1	1210.8539	1	15	0	1	1	0.7695	1.1676
34	695	1	1212.4038	3	13	0	1	1	0.7698	0.6416
34	696	1	1213.9537	15	12	0	1	1	0.7701	0.6919
34	697	1	1215.5037	3	13	90	0	1	0.7690	0.6934
34	698	1	1217.0536	4	5	0	1	1	0.7693	0.8384
34	699	1	1218.6035	6	1	0	1	1	0.7697	0.7460
34	700	1	1220.1534	7	10	0	1	1	0.7700	0.6994
34	701	1	1221.7033	6	1	90	-1	1	0.7689	-1.0000
34	702	1	1223.7866	4	5	0	1	1	0.7692	0.9538
34	703	1	1225.3365	5	2	0	-1	0	0.7681	-1.0000
34	704	1	1227.4030	8	4	0	1	1	0.7685	0.7140
34	705	1	1228.9530	7	10	0	1	1	0.7688	0.9552
34	706	1	1230.5029	4	5	0	1	1	0.7691	0.8621
34	707	1	1232.0528	7	10	90	-1	1	0.7680	-1.0000
34	708	1	1234.1027	8	4	0	1	1	0.7684	0.7183
34	709	1	1235.6526	6	1	0	1	1	0.7687	0.7034
34	710	1	1237.2025	8	4	0	1	1	0.7690	0.7062
34	711	1	1238.7525	6	1	90	-1	1	0.7679	-1.0000
34	712	1	1240.7857	4	5	0	1	1	0.7683	1.4274
34	713	1	1242.3523	6	1	0	1	1	0.7686	1.0612
34	714	1	1243.9022	4	5	0	1	1	0.7689	0.7589
34	715	1	1245.4521	5	2	0	1	1	0.7692	0.8408
34	716	1	1247.0020	6	1	0	1	1	0.7696	0.9074
34	717	1	1248.5520	8	4	0	1	1	0.7699	0.7007
34	718	1	1250.1019	5	2	0	1	1	0.7702	1.3592
34	719	1	1251.7851	7	10	0	1	1	0.7705	1.2439
34	720	1	1253.4684	8	4	90	-1	1	0.7694	-1.0000
34	721	1	1255.5516	5	2	0	1	1	0.7698	0.8364
34	722	1	1257.1015	7	10	0	1	1	0.7701	0.9679
34	723	1	1258.6514	5	2	0	1	1	0.7704	0.9214
34	724	1	1260.2013	8	4	0	1	1	0.7707	0.7163
34	725	1	1261.7513	7	10	90	-1	0	0.7697	-1.0000
34	726	1	1263.8178	6	1	0	-1	0	0.7686	-1.0000
34	727	1	1265.8677	7	10	0	1	1	0.7689	1.4334
34	728	1	1267.4676	6	1	90	-1	0	0.7679	-1.0000
34	729	1	1269.4842	4	5	0	-1	0	0.7668	-1.0000
34	730	1	1271.6508	5	2	90	-1	1	0.7658	-1.0000
34	731	1	1273.6673	7	10	90	-1	1	0.7647	-1.0000
34	732	1	1275.7005	8	4	90	-1	1	0.7637	-1.0000
34	733	1	1277.7504	7	10	0	1	1	0.7640	0.8146
34	734	1	1279.3003	4	5	0	1	1	0.7643	1.1851
34	735	1	1280.8502	3	13	0	1	1	0.7646	0.7704
34	736	1	1282.4002	2	3	0	1	1	0.7649	0.6293
34	737	1	1283.9501	1	15	90	-1	1	0.7639	-1.0000
34	738	1	1286.0167	2	3	0	1	1	0.7642	0.7720
34	739	1	1287.5666	15	12	0	1	1	0.7645	1.2855
34	740	1	1289.1165	1	15	0	-1	0	0.7635	-1.0000
34	741	1	1291.1164	15	12	0	1	1	0.7638	1.3847
34	742	1	1292.6663	2	3	0	-1	0	0.7628	-1.0000
34	743	1	1294.7996	15	12	0	1	1	0.7631	0.7885
34	744	1	1296.3495	1	15	0	-1	0	0.7621	-1.0000
34	745	1	1298.3827	2	3	0	-1	1	0.7611	-1.0000
34	746	1	1300.4159	3	13	0	1	1	0.7614	0.6613
34	747	1	1301.9659	1	15	0	1	1	0.7617	1.0477
34	748	1	1303.5158	14	6	0	1	1	0.7620	1.0651
34	749	1	1305.0657	1	15	0	-1	0	0.7610	-1.0000
34	750	1	1307.0989	15	12	0	-1	0	0.7600	-1.0000
34	751	1	1309.1488	14	6	0	1	1	0.7603	0.2485
34	752	1	1310.6987	15	12	0	1	1	0.7606	0.8106
34	753	1	1312.2487	14	6	0	1	1	0.7610	0.5885
34	754	1	1313.7986	13	14	90	-1	1	0.7599	-1.0000
34	755	1	1315.8318	14	6	0	1	1	0.7603	1.2290
34	756	1	1317.3817	2	3	0	1	1	0.7606	1.1514
34	757	1	1318.9317	15	12	0	1	1	0.7609	1.0572
34	758	1	1320.4816	2	3	90	0	1	0.7599	0.1784
34	759	1	1322.0315	1	15	90	-1	0	0.7589	-1.0000
34	760	1	1324.0980	15	12	0	1	1	0.7592	1.4915
34	761	1	1325.7980	2	3	0	1	1	0.7595	1.4066
34	762	1	1327.4312	15	12	90	-1	1	0.7585	-1.0000
34	763	1	1329.4811	14	6	0	1	1	0.7588	0.7476
34	764	1	1331.0310	2	3	0	1	1	0.7592	0.8454
34	765	1	1332.5809	3	13	0	1	1	0.7595	0.6884
34	766	1	1334.1309	2	3	0	1	1	0.7598	0.8332
34	767	1	1335.6808	3	13	0	1	1	0.7601	0.8033
34	768	1	1337.2307	15	12	0	1	1	0.7604	0.8383
34	769	1	1338.7806	1	15	0	1	1	0.7607	0.3761
34	770	1	1340.3305	15	12	0	1	1	0.7610	0.0429
34	771	1	1341.8805	3	13	0	1	1	0.7613	0.6844
34	772	1	1343.4304	15	12	0	1	1	0.7617	0.6385
34	773	1	1344.9803	3	13	0	1	1	0.7620	0.5451
34	774	1	1346.5302	1	15	0	1	1	0.7623	0.7698
34	775	1	1348.0801	2	3	0	1	1	0.7626	0.5639
34	776	1	1349.6301	14	6	0	1	1	0.7629	0.7436
34	777	1	1351.1800	13	14	0	1	1	0.7632	1.2253
34	778	1	1352.7299	12	7	0	-1	0	0.7622	-1.0000
34	779	1	1354.7465	9	9	0	1	1	0.7625	0.9857
34	780	1	1356.2964	11	8	0	1	1	0.7628	0.9400
34	781	1	1357.8463	12	7	0	1	1	0.7631	1.3739
34	782	1	1359.3962	13	14	0	1	1	0.7634	0.9439
34	783	1	1360.9461	14	6	0	1	1	0.7637	0.8192
34	784	1	1362.4961	13	14	0	1	1	0.7640	0.5961
34	785	1	1364.0460	11	8	0	1	1	0.7643	0.6310
34	786	1	1365.5959	13	14	0	1	1	0.7646	0.5529
34	787	1	1367.1458	14	6	90	0	1	0.7637	0.6031
34	788	1	1368.6957	13	14	0	1	1	0.7640	0.6524
34	789	1	1370.2457	14	6	0	1	1	0.7643	0.9745
34	790	1	1371.7956	13	14	0	1	1	0.7646	0.6412
34	791	1	1373.3455	12	7	0	1	1	0.7649	0.6439
34	792	1	1374.8954	13	14	90	0	1	0.7639	0.6287
34	793	1	1376.4453	12	7	0	1	1	0.7642	0.6636
34	794	1	1377.9953	11	8	0	1	1	0.7645	0.6821
34	795	1	1379.5452	9	9	0	1	1	0.7648	0.7001
34	796	1	1381.0951	10	11	90	1	1	0.7651	0.9583
34	797	1	1382.6450	11	8	0	1	1	0.7654	0.7197
34	798	1	1384.1949	10	11	0	1	1	0.7657	0.8180
34	799	1	1385.7449	11	8	0	1	1	0.7660	0.7713
34	800	1	1387.2948	12	7	0	-1	0	0.7650	-1.0000
34	801	1	1389.3447	13	14	0	1	1	0.7653	0.6443
34	802	1	1390.8946	10	11	0	1	1	0.7656	0.4544
34	803	1	1392.4945	11	8	0	0	1	0.7646	1.0937
34	804	1	1394.1444	10	11	0	1	1	0.7649	0.9969
34	805	1	1395.6943	9	9	0	1	1	0.7652	0.6626
34	806	1	1397.2443	10	11	0	1	1	0.7655	0.8722
34	807	1	1398.7942	13	14	0	1	1	0.7658	1.1153
34	808	1	1400.3441	11	8	0	1	1	0.7661	0.7010
34	809	1	1401.8940	10	11	90	1	1	0.7664	0.9901
34	810	1	1403.4439	13	14	0	1	1	0.7667	1.0410
34	811	1	1404.9939	10	11	0	1	1	0.7670	0.9949
34	812	1	1406.5438	9	9	0	1	1	0.7672	0.7735
34	813	1	1408.0937	8	4	90	1	1	0.7675	1.0792
34	814	1	1409.6436	9	9	0	-1	0	0.7666	-1.0000
34	815	1	1411.7602	8	4	0	1	1	0.7669	0.6607
34	816	1	1413.3101	5	2	90	1	1	0.7672	1.1428
34	817	1	1414.8600	7	10	0	1	1	0.7674	0.9210
34	818	1	1416.4099	6	1	0	1	1	0.7677	0.8582
34	819	1	1417.9599	7	10	0	-1	0	0.7668	-1.0000
34	820	1	1420.0431	8	4	0	1	1	0.7671	0.2010
34	821	1	1421.5930	7	10	0	-1	0	0.7661	-1.0000
34	822	1	1423.6596	8	4	0	1	1	0.7664	0.5215
34	823	1	1425.3595	5	2	0	1	1	0.7667	0.7739
34	824	1	1426.9094	7	10	0	-1	0	0.7658	-1.0000
34	825	1	1428.9593	8	4	90	1	1	0.7661	1.2063
34	826	1	1430.5092	9	9	0	-1	0	0.7651	-1.0000
34	827	1	1432.5758	11	8	90	-1	0	0.7642	-1.0000
34	828	1	1434.6257	12	7	0	0	1	0.7633	0.1634
34	829	1	1436.1756	11	8	0	1	1	0.7636	0.6606
34	830	1	1437.7255	13	14	0	1	1	0.7639	0.8707
34	831	1	1439.2754	12	7	0	1	1	0.7641	0.7619
34	832	1	1440.8253	11	8	0	1	1	0.7644	0.8914
34	833	1	1442.3752	10	11	0	1	1	0.7647	0.7498
34	834	1	1443.9252	11	8	90	1	1	0.7650	0.7680
34	835	1	1445.4751	12	7	0	1	1	0.7653	0.7210
34	836	1	1447.0250	10	11	90	1	1	0.7656	0.9964
34	837	1	1448.5749	9	9	0	1	1	0.7658	0.7262
34	838	1	1450.1249	11	8	0	1	1	0.7661	1.0162
34	839	1	1451.6748	12	7	0	1	1	0.7664	0.8580
34	840	1	1453.2247	9	9	0	1	1	0.7667	0.7967
34	841	1	1454.7746	10	11	0	1	1	0.7669	0.7348
34	842	1	1456.3245	9	9	0	1	1	0.7672	1.1676
34	843	1	1457.8745	8	4	0	1	1	0.7675	0.7223
34	844	1	1459.4244	9	9	0	1	1	0.7678	1.3486
34	845	1	1460.9743	8	4	0	1	1	0.7680	0.8385
34	846	1	1462.5242	5	2	0	1	1	0.7683	0.7452
34	847	1	1464.0741	8	4	0	1	1	0.7686	0.6674
34	848	1	1465.6241	9	9	90	1	1	0.7689	0.9085
34	849	1	1467.1740	8	4	0	1	1	0.7691	0.9107
34	850	1	1468.7239	7	10	0	1	1	0.7694	1.4573
34	851	1	1470.3571	8	4	0	1	1	0.7697	1.0229
34	852	1	1471.9071	9	9	90	0	1	0.7688	1.2330
34	853	1	1473.6570	12	7	0	-1	0	0.7679	-1.0000
34	854	1	1475.6735	9	9	0	1	1	0.7681	1.1474
34	855	1	1477.2234	11	8	0	-1	0	0.7673	-1.0000
34	856	1	1479.3067	9	9	0	1	1	0.7675	0.5864
34	857	1	1480.8566	10	11	0	-1	0	0.7666	-1.0000
34	858	1	1482.9232	11	8	0	1	1	0.7669	1.2569
34	859	1	1484.4731	10	11	0	1	1	0.7672	0.9080
34	860	1	1486.0230	12	7	0	1	1	0.7674	0.7339
34	861	1	1487.5729	11	8	0	1	1	0.7677	0.5432
34	862	1	1489.1228	13	14	0	1	1	0.7680	0.5625
34	863	1	1490.6728	12	7	0	1	1	0.7683	0.7883
34	864	1	1492.2227	9	9	0	1	1	0.7685	0.7587
34	865	1	1493.7726	8	4	0	1	1	0.7688	0.4875
34	866	1	1495.3225	6	1	90	1	1	0.7691	1.2415
34	867	1	1496.8724	8	4	0	1	1	0.7693	1.1965
34	868	1	1499.6556	6	1	0	1	1	0.7696	0.0934
34	869	1	1501.2055	4	5	0	1	1	0.7699	0.7186
34	870	1	1502.7555	7	10	0	1	1	0.7701	0.7526
34	871	1	1504.3054	6	1	0	1	1	0.7704	0.7227
34	872	1	1505.8553	5	2	0	1	1	0.7706	0.8861
34	873	1	1507.4052	7	10	0	1	1	0.7709	0.6000
34	874	1	1508.9551	4	5	0	1	1	0.7712	0.8090
34	875	1	1510.5051	6	1	90	1	1	0.7714	0.9871
34	876	1	1512.0550	4	5	0	1	1	0.7717	0.8932
34	877	1	1513.6049	5	2	0	1	1	0.7719	1.2965
34	878	1	1515.1548	8	4	0	1	1	0.7722	0.7853
34	879	1	1516.7047	6	1	0	1	1	0.7725	0.7395
34	880	1	1518.2547	8	4	90	1	1	0.7727	1.1103
34	881	1	1519.8046	9	9	90	1	1	0.7730	0.8876
34	882	1	1521.3545	10	11	0	1	1	0.7732	1.0508
34	883	1	1522.9044	12	7	0	1	1	0.7735	1.2278
34	884	1	1524.4543	13	14	0	-1	0	0.7726	-1.0000
34	885	1	1526.7209	10	11	90	-1	0	0.7718	-1.0000
34	886	1	1528.8041	13	14	0	-1	0	0.7709	-1.0000
34	887	1	1530.8540	12	7	0	1	1	0.7711	1.0874
34	888	1	1532.4039	10	11	0	1	1	0.7714	1.1372
34	889	1	1541.1535	13	14	0	1	1	0.7717	0.6906
34	890	1	1542.7034	11	8	90	1	1	0.7719	1.1735
34	891	1	1544.2533	13	14	0	1	1	0.7722	0.7908
34	892	1	1545.8032	11	8	0	1	1	0.7724	0.6649
34	893	1	1547.3532	12	7	0	1	1	0.7727	0.7310
34	894	1	1548.9031	13	14	0	1	1	0.7729	0.6381
34	895	1	1550.4530	10	11	90	1	1	0.7732	0.8639
34	896	1	1552.0029	12	7	0	1	1	0.7734	0.6575
34	897	1	1553.5528	9	9	0	1	1	0.7737	0.7569
34	898	1	1555.1028	8	4	0	1	1	0.7739	0.7104
34	899	1	1556.6527	5	2	0	1	1	0.7742	0.7767
34	900	1	1558.2026	4	5	0	-1	0	0.7733	-1.0000
34	901	1	1560.2858	6	1	0	1	1	0.7736	0.7597
34	902	1	1561.8357	5	2	90	1	1	0.7738	1.0654
34	903	1	1563.3857	4	5	0	1	1	0.7741	0.8280
34	904	1	1564.9356	3	13	0	1	1	0.7743	0.7178
34	905	1	1566.4855	15	12	0	1	1	0.7746	0.8001
34	906	1	1568.0354	1	15	90	1	1	0.7748	1.2327
34	907	1	1569.5853	15	12	0	1	1	0.7751	1.1708
34	908	1	1571.1353	3	13	90	1	1	0.7753	1.3335
34	909	1	1572.7018	15	12	0	0	1	0.7745	0.5032
34	910	1	1574.2518	3	13	0	1	1	0.7747	0.7773
34	911	1	1575.8017	4	5	0	1	1	0.7750	0.8752
34	912	1	1577.3516	6	1	0	1	1	0.7752	0.6216
34	913	1	1578.9015	5	2	0	1	1	0.7755	0.6395
34	914	1	1580.4514	7	10	90	1	1	0.7757	0.8498
34	915	1	1582.0014	5	2	0	1	1	0.7760	0.9163
34	916	1	1583.5513	7	10	0	1	1	0.7762	1.0288
34	917	1	1585.1012	8	4	0	1	1	0.7764	1.1593
34	918	1	1586.6511	7	10	0	0	1	0.7756	0.8890
34	919	1	1588.2010	8	4	0	1	1	0.7758	0.8287
34	920	1	1589.7510	6	1	0	1	1	0.7761	0.7021
34	921	1	1591.3009	8	4	0	1	1	0.7763	0.7041
34	922	1	1592.8508	5	2	0	1	1	0.7766	0.5453
34	923	1	1594.4007	6	1	0	1	1	0.7768	1.3314
34	924	1	1595.9506	5	2	0	-1	0	0.7760	-1.0000
34	925	1	1598.0172	4	5	0	-1	0	0.7751	-1.0000
34	926	1	1600.0504	3	13	0	-1	0	0.7743	-1.0000
34	927	1	1602.0836	15	12	90	0	1	0.7735	1.3764
34	928	1	1604.0502	1	15	0	1	1	0.7737	1.1865
34	929	1	1605.6001	15	12	0	1	1	0.7740	0.9487
34	930	1	1607.1501	1	15	0	1	1	0.7742	0.8381
34	931	1	1608.7000	14	6	0	1	1	0.7744	0.4401
34	932	1	1610.2499	1	15	0	1	1	0.7747	0.7464
34	933	1	1611.7998	14	6	90	1	1	0.7749	0.8452
34	934	1	1613.3497	2	3	90	1	1	0.7752	0.9113
34	935	1	1614.8996	14	6	0	1	1	0.7754	1.1372
34	936	1	1616.4496	15	12	90	1	1	0.7756	1.1080
34	937	1	1617.9995	2	3	0	1	1	0.7759	0.5175
34	938	1	1619.5494	3	13	0	1	1	0.7761	0.1520
34	939	1	1621.0993	2	3	0	1	1	0.7764	0.0410
34	940	1	1622.6492	3	13	0	1	1	0.7766	0.7638
34	941	1	1624.1991	1	15	0	1	1	0.7768	0.7498
34	942	1	1625.7491	15	12	0	1	1	0.7771	0.7991
34	943	1	1627.2990	3	13	90	1	1	0.7773	0.9299
34	944	1	1628.8489	1	15	0	1	1	0.7775	0.6913
34	945	1	1630.3989	3	13	0	1	1	0.7778	0.9493
34	946	1	1631.9488	2	3	0	1	1	0.7780	1.4964
34	947	1	1633.6154	15	12	0	-1	0	0.7772	-1.0000
34	948	1	1635.7152	1	15	0	1	1	0.7774	0.0663
34	949	1	1637.2652	14	6	0	-1	0	0.7766	-1.0000
34	950	1	1639.3317	15	12	0	1	1	0.7768	1.3774
34	951	1	1640.8983	3	13	0	-1	0	0.7760	-1.0000
34	952	1	1642.9482	2	3	0	1	1	0.7763	0.2573
34	953	1	1644.4981	3	13	0	1	1	0.7765	0.5631
34	954	1	1646.0480	4	5	0	1	1	0.7767	0.6121
34	955	1	1647.5980	5	2	0	1	1	0.7770	0.6622
34	956	1	1649.1479	6	1	0	1	1	0.7772	0.6491
34	957	1	1650.6978	4	5	0	1	1	0.7774	0.3783
34	958	1	1652.2477	6	1	0	1	1	0.7777	0.5725
34	959	1	1653.7976	7	10	90	1	1	0.7779	1.4715
34	960	1	1655.4809	5	2	0	-1	0	0.7771	-1.0000
34	961	1	1657.5308	7	10	90	0	1	0.7763	0.7774
34	962	1	1659.0807	4	5	0	1	1	0.7765	0.8119
34	963	1	1660.6306	5	2	90	0	1	0.7757	0.2535
34	964	1	1662.1805	7	10	90	-1	0	0.7749	-1.0000
34	965	1	1664.2971	6	1	0	1	1	0.7751	1.0518
34	966	1	1665.8470	5	2	0	-1	0	0.7743	-1.0000
34	967	1	1667.9302	8	4	0	1	1	0.7746	0.8593
34	968	1	1669.4802	7	10	0	1	1	0.7748	0.9720
34	969	1	1671.0301	8	4	0	1	1	0.7750	0.7190
34	970	1	1672.5800	6	1	0	1	1	0.7753	0.6409
34	971	1	1674.1299	4	5	0	1	1	0.7755	0.7228
34	972	1	1675.6798	7	10	0	1	1	0.7757	0.7724
34	973	1	1677.2298	4	5	0	1	1	0.7760	1.4473
34	974	1	1678.8297	5	2	0	1	1	0.7762	0.9025
34	975	1	1680.3796	6	1	0	1	1	0.7764	0.7775
34	976	1	1681.9295	4	5	90	-1	0	0.7756	-1.0000
34	977	1	1684.0127	5	2	0	1	1	0.7758	0.9201
34	978	1	1685.5627	8	4	0	1	1	0.7761	0.7470
34	979	1	1687.1126	6	1	0	1	1	0.7763	0.7483
34	980	1	1688.6625	4	5	0	1	1	0.7765	0.6537
34	981	1	1690.2124	5	2	0	1	1	0.7768	0.6238
34	982	1	1691.7623	8	4	0	1	1	0.7770	0.7059
34	983	1	1693.3122	6	1	0	1	1	0.7772	0.9010
34	984	1	1694.8622	5	2	90	-1	0	0.7764	-1.0000
34	985	1	1696.9121	6	1	0	1	1	0.7766	0.7570
34	986	1	1698.4620	5	2	0	1	1	0.7769	0.7911
34	987	1	1700.0119	4	5	90	1	1	0.7771	0.9853
34	988	1	1701.5618	5	2	0	1	1	0.7773	0.8910
34	989	1	1703.1117	4	5	0	1	1	0.7776	0.7172
34	990	1	1704.6617	7	10	0	1	1	0.7778	0.9585
34	991	1	1706.2116	8	4	0	1	1	0.7780	0.9140
34	992	1	1707.7615	7	10	0	1	1	0.7782	0.8837
34	993	1	1709.3114	4	5	0	1	1	0.7784	0.6781
34	994	1	1710.8614	7	10	0	1	1	0.7787	0.9348
34	995	1	1712.4113	6	1	0	1	1	0.7789	0.8742
34	996	1	1713.9612	5	2	0	-1	0	0.7781	-1.0000
34	997	1	1716.0445	8	4	0	1	1	0.7783	0.6172
34	998	1	1717.5943	6	1	0	1	1	0.7786	0.6185
34	999	1	1719.1442	7	10	0	1	1	0.7788	0.6689
34	1000	1	1720.6942	6	1	0	1	1	0.7790	0.6709
34	1001	1	1722.2441	5	2	90	1	1	0.7792	0.8800
34	1002	1	1723.7940	7	10	0	1	1	0.7794	1.1072
34	1003	1	1725.3439	4	5	0	1	1	0.7797	0.7730
34	1004	1	1726.8938	6	1	90	1	1	0.7799	1.0142
34	1005	1	1728.4438	5	2	90	1	1	0.7801	1.0493
34	1006	1	1729.9937	4	5	90	1	1	0.7803	0.8909
34	1007	1	1731.5436	7	10	0	1	1	0.7805	0.8615
34	1008	1	1733.0935	6	1	90	-1	0	0.7798	-1.0000
34	1009	1	1735.1768	7	10	0	1	1	0.7800	0.9082
34	1010	1	1736.7267	8	4	0	1	1	0.7802	0.8783
34	1011	1	1738.2766	9	9	90	1	1	0.7804	0.9596
34	1012	1	1739.8265	10	11	0	1	1	0.7806	1.2831
34	1013	1	1741.3764	12	7	0	1	1	0.7808	0.9162
34	1014	1	1742.9264	11	8	0	1	1	0.7811	0.7588
34	1015	1	1744.4763	9	9	90	1	1	0.7813	0.8399
34	1016	1	1746.0262	8	4	0	1	1	0.7815	0.6500
34	1017	1	1747.5761	6	1	90	1	1	0.7817	0.9733
34	1018	1	1749.1260	5	2	90	1	1	0.7819	1.1190
34	1019	1	1750.6760	6	1	0	1	1	0.7821	0.7375
34	1020	1	1752.2259	4	5	0	1	1	0.7824	0.8992
34	1021	1	1753.7758	3	13	0	1	1	0.7826	0.1814
34	1022	1	1755.3257	1	15	90	-1	0	0.7818	-1.0000
34	1023	1	1757.3756	15	12	0	-1	0	0.7810	-1.0000
34	1024	1	1759.4255	14	6	0	1	1	0.7813	0.2596
34	1025	1	1760.9754	13	14	0	1	1	0.7815	0.8687
34	1026	1	1762.5253	11	8	0	1	1	0.7817	0.7116
34	1027	1	1764.0753	9	9	0	1	1	0.7819	0.8094
34	1028	1	1765.6252	10	11	0	1	1	0.7821	0.7800
34	1029	1	1767.1751	12	7	0	1	1	0.7823	0.7180
34	1030	1	1768.7250	11	8	90	1	1	0.7825	0.8151
34	1031	1	1770.2749	10	11	90	0	1	0.7818	0.9782
34	1032	1	1771.8249	12	7	0	1	1	0.7820	1.4924
34	1033	1	1773.4248	13	14	0	-1	0	0.7812	-1.0000
34	1034	1	1775.4913	14	6	0	1	1	0.7814	1.2343
34	1035	1	1777.0413	2	3	0	1	1	0.7816	0.9469
34	1036	1	1778.5912	1	15	0	1	1	0.7819	1.0451
34	1037	1	1780.1411	2	3	0	1	1	0.7821	0.6960
34	1038	1	1781.6910	3	13	0	1	1	0.7823	0.8411
34	1039	1	1783.2409	2	3	0	-1	0	0.7815	-1.0000
34	1040	1	1785.3408	3	13	0	-1	0	0.7808	-1.0000
34	1041	1	1787.3741	2	3	0	-1	0	0.7800	-1.0000
34	1042	1	1789.4239	1	15	0	1	1	0.7802	0.7251
34	1043	1	1790.9739	2	3	90	1	1	0.7804	0.8547
34	1044	1	1792.5238	14	6	90	1	1	0.7807	1.0964
34	1045	1	1794.0737	15	12	90	1	1	0.7809	0.9704
34	1046	1	1795.7069	2	3	0	1	1	0.7811	0.6972
34	1047	1	1797.2569	14	6	0	1	1	0.7813	0.9243
34	1048	1	1798.8068	15	12	0	1	1	0.7815	0.9103
34	1049	1	1800.3567	14	6	0	1	1	0.7817	0.8488
34	1050	1	1801.9066	1	15	90	1	1	0.7819	0.9775
34	1051	1	1803.4566	14	6	0	-1	0	0.7812	-1.0000
34	1052	1	1805.4898	15	12	90	1	1	0.7814	1.0437
34	1053	1	1807.0397	1	15	90	0	1	0.7806	0.3893
34	1054	1	1808.5896	14	6	0	1	1	0.7808	0.8080
34	1055	1	1810.1395	15	12	0	1	1	0.7810	1.0336
34	1056	1	1811.6895	3	13	0	1	1	0.7813	1.0844
34	1057	1	1813.2394	4	5	0	1	1	0.7815	0.9097
34	1058	1	1814.7893	5	2	0	1	1	0.7817	0.6877
34	1059	1	1816.3392	6	1	90	-1	0	0.7809	-1.0000
34	1060	1	1818.4058	7	10	0	-1	0	0.7802	-1.0000
34	1061	1	1820.4390	6	1	0	1	1	0.7804	0.9421
34	1062	1	1821.9889	5	2	0	1	1	0.7806	0.8960
34	1063	1	1823.5388	4	5	90	0	1	0.7799	0.8667
34	1064	1	1825.0888	6	1	0	1	1	0.7801	0.7242
34	1065	1	1826.6387	8	4	0	-1	0	0.7793	-1.0000
34	1066	1	1828.7052	6	1	0	1	1	0.7795	0.7079
34	1067	1	1830.2552	7	10	0	1	1	0.7798	0.7905
34	1068	1	1831.8051	6	1	0	1	1	0.7800	0.7118
34	1069	1	1833.3550	7	10	0	1	1	0.7802	0.6820
34	1070	1	1834.9049	5	2	0	1	1	0.7804	0.6992
34	1071	1	1836.4548	7	10	0	1	1	0.7806	0.6702
34	1072	1	1838.0048	8	4	0	1	1	0.7808	0.3684
34	1073	1	1839.5547	5	2	90	1	1	0.7810	0.9936
34	1074	1	1841.1046	6	1	0	1	1	0.7812	0.7085
34	1075	1	1842.6545	5	2	90	1	1	0.7814	1.1429
34	1076	1	1844.2044	6	1	0	1	1	0.7816	0.9038
34	1077	1	1845.7544	4	5	0	1	1	0.7818	0.3626
34	1078	1	1847.3043	5	2	0	1	1	0.7820	0.7652
34	1079	1	1848.8542	7	10	0	1	1	0.7822	0.8473
34	1080	1	1852.0207	8	4	0	1	1	0.7824	0.6408
34	1081	1	1853.5706	7	10	0	1	1	0.7826	0.7056
34	1082	1	1855.1205	6	1	0	1	1	0.7828	0.6924
34	1083	1	1856.6705	4	5	0	1	1	0.7830	0.7577
34	1084	1	1858.2204	6	1	0	1	1	0.7832	0.6487
34	1085	1	1859.7703	8	4	90	1	1	0.7834	1.4989
34	1086	1	1861.5702	6	1	90	-1	0	0.7827	-1.0000
34	1087	1	1863.6368	4	5	0	1	1	0.7829	1.3115
34	1088	1	1865.1867	6	1	0	-1	0	0.7822	-1.0000
34	1089	1	1867.2532	7	10	0	1	1	0.7824	0.4961
34	1090	1	1868.8032	5	2	0	1	1	0.7826	1.0899
34	1091	1	1870.3531	4	5	0	1	1	0.7828	0.9325
34	1092	1	1871.9030	5	2	0	1	1	0.7830	0.5663
34	1093	1	1873.4529	8	4	0	1	1	0.7832	0.6005
34	1094	1	1875.0028	7	10	0	1	1	0.7834	0.6501
34	1095	1	1876.5528	8	4	0	1	1	0.7836	0.5883
34	1096	1	1878.1027	9	9	0	1	1	0.7838	0.8149
34	1097	1	1879.6526	12	7	0	-1	0	0.7830	-1.0000
34	1098	1	1881.8692	9	9	0	1	1	0.7832	0.8550
34	1099	1	1883.4191	10	11	0	1	1	0.7834	1.0971
34	1100	1	1884.9690	13	14	0	1	1	0.7836	0.6833
34	1101	1	1886.5189	11	8	90	1	1	0.7838	1.2938
34	1102	1	1888.1188	9	9	0	-1	0	0.7831	-1.0000
34	1103	1	1890.2021	12	7	0	1	1	0.7833	0.9223
34	1104	1	1891.7520	10	11	0	1	1	0.7835	1.0534
34	1105	1	1893.3019	13	14	0	1	1	0.7837	0.7343
34	1106	1	1894.8518	14	6	0	1	1	0.7839	1.3924
34	1107	1	1896.4017	15	12	0	1	1	0.7841	1.0428
34	1108	1	1897.9517	1	15	0	1	1	0.7843	0.7415
34	1109	1	1899.5016	2	3	90	1	1	0.7845	0.9196
34	1110	1	1901.0515	1	15	90	1	1	0.7847	0.9380
34	1111	1	1902.6014	15	12	90	1	1	0.7849	1.0987
34	1112	1	1904.1513	3	13	0	1	1	0.7851	1.1008
34	1113	1	1905.7013	4	5	0	-1	0	0.7844	-1.0000
34	1114	1	1907.7511	6	1	0	1	1	0.7846	1.2139
34	1115	1	1909.3011	5	2	0	-1	0	0.7839	-1.0000
34	1116	1	1911.3676	4	5	0	1	1	0.7841	0.7166
34	1117	1	1912.9176	5	2	0	1	1	0.7842	0.8480
34	1118	1	1914.4675	8	4	0	1	1	0.7844	1.0257
34	1119	1	1916.0174	9	9	0	-1	0	0.7837	-1.0000
34	1120	1	1918.0673	12	7	0	1	1	0.7839	0.8178
34	1121	1	1919.6172	13	14	0	1	1	0.7841	1.1710
34	1122	1	1921.1671	14	6	90	1	1	0.7843	0.9491
34	1123	1	1922.7170	2	3	0	1	1	0.7845	0.7431
34	1124	1	1924.2670	3	13	0	1	1	0.7847	1.0182
34	1125	1	1925.8169	1	15	0	1	1	0.7849	0.9723
34	1126	1	1927.3668	3	13	90	0	1	0.7842	1.0703
34	1127	1	1928.9500	2	3	0	1	1	0.7844	0.8627
34	1128	1	1930.5000	14	6	0	1	1	0.7846	1.2962
34	1129	1	1932.0499	2	3	0	1	1	0.7848	0.4992
34	1130	1	1939.7162	1	15	0	1	1	0.7850	0.6726
34	1131	1	1941.2661	3	13	0	1	1	0.7851	0.6581
34	1132	1	1942.8160	15	12	90	1	1	0.7853	0.9169
34	1133	1	1944.3659	1	15	90	1	1	0.7855	0.8872
34	1134	1	1945.9158	15	12	90	1	1	0.7857	1.0643
34	1135	1	1947.4657	14	6	0	1	1	0.7859	1.4998
34	1136	1	1949.0990	13	14	0	1	1	0.7861	1.0812
34	1137	1	1950.6489	11	8	0	1	1	0.7863	0.6515
34	1138	1	1952.1988	13	14	90	0	1	0.7856	0.6383
34	1139	1	1953.7488	12	7	0	-1	0	0.7849	-1.0000
34	1140	1	1955.8487	10	11	0	1	1	0.7851	0.8285
34	1141	1	1957.3986	12	7	0	1	1	0.7853	1.0228
34	1142	1	1966.0648	10	11	90	0	1	0.7846	0.4522
34	1143	1	1967.6147	11	8	0	1	1	0.7848	0.7584
34	1144	1	1969.1646	10	11	0	1	1	0.7850	0.7930
34	1145	1	1970.7146	13	14	0	-1	0	0.7843	-1.0000
34	1146	1	1972.7644	10	11	90	0	1	0.7836	0.0168
34	1147	1	1974.3144	11	8	90	1	1	0.7838	0.9709
34	1148	1	1975.8643	13	14	0	-1	0	0.7831	-1.0000
34	1149	1	1977.9808	10	11	0	1	1	0.7833	0.8884
34	1150	1	1979.5308	12	7	0	1	1	0.7835	0.8574
34	1151	1	1981.0807	13	14	0	1	1	0.7837	0.7167
34	1152	1	1982.6306	14	6	0	1	1	0.7839	1.1344
34	1153	1	1984.1805	1	15	0	1	1	0.7840	0.6564
34	1154	1	1985.7304	2	3	0	1	1	0.7842	0.7063
34	1155	1	1987.2804	3	13	0	1	1	0.7844	0.7572
34	1156	1	1988.8303	1	15	0	1	1	0.7846	0.6779
34	1157	1	1990.3802	3	13	0	1	1	0.7848	0.6808
34	1158	1	1991.9301	15	12	0	1	1	0.7850	0.7621
34	1159	1	1993.4800	3	13	90	1	1	0.7852	0.9722
34	1160	1	1995.0300	2	3	0	1	1	0.7853	1.0871
34	1161	1	1996.5799	14	6	0	1	1	0.7855	0.8012
34	1162	1	1998.1298	1	15	90	1	1	0.7857	0.9634
34	1163	1	1999.6797	15	12	0	1	1	0.7859	0.7734
34	1164	1	2001.2296	14	6	0	0	1	0.7852	0.5355
34	1165	1	2002.7795	15	12	0	1	1	0.7854	1.1606
34	1166	1	2004.3295	1	15	0	-1	0	0.7847	-1.0000
34	1167	1	2006.3960	15	12	0	1	1	0.7849	0.8251
34	1168	1	2007.9460	2	3	90	1	1	0.7851	0.9713
34	1169	1	2009.4959	15	12	0	1	1	0.7853	0.7167
34	1170	1	2011.0458	3	13	0	1	1	0.7855	0.7673
34	1171	1	2012.5957	2	3	0	1	1	0.7857	0.7371
34	1172	1	2014.1456	15	12	0	-1	0	0.7850	-1.0000
34	1173	1	2016.2622	1	15	0	1	1	0.7852	0.6553
34	1174	1	2017.8121	3	13	90	0	1	0.7845	0.7841
34	1175	1	2019.6120	15	12	0	-1	0	0.7838	-1.0000
34	1176	1	2021.6286	2	3	0	-1	0	0.7832	-1.0000
34	1177	1	2023.6618	1	15	0	1	1	0.7833	0.1036
34	1178	1	2025.2117	2	3	0	1	1	0.7835	0.5210
34	1179	1	2026.7616	1	15	0	1	1	0.7837	0.0169
34	1180	1	2028.3116	3	13	90	0	1	0.7831	0.0168
34	1181	1	2029.8615	2	3	0	1	1	0.7832	0.6234
34	1182	1	2031.4114	15	12	0	1	1	0.7834	0.6568
34	1183	1	2032.9613	14	6	0	1	1	0.7836	0.6598
34	1184	1	2034.5112	2	3	0	1	1	0.7838	0.6305
34	1185	1	2036.0611	14	6	0	1	1	0.7840	0.6641
34	1186	1	2037.6111	13	14	0	1	1	0.7841	0.6810
34	1187	1	2039.1610	10	11	0	1	1	0.7843	1.1159
34	1188	1	2040.7109	11	8	0	1	1	0.7845	0.7342
34	1189	1	2042.2608	9	9	0	1	1	0.7847	0.6567
34	1190	1	2043.8108	12	7	0	1	1	0.7849	0.7862
34	1191	1	2045.3607	13	14	0	1	1	0.7851	0.6128
34	1192	1	2046.9106	12	7	90	1	1	0.7852	0.9024
34	1193	1	2048.4605	11	8	90	1	1	0.7854	1.1285
34	1194	1	2050.0104	9	9	0	1	1	0.7856	1.2109
34	1195	1	2051.5604	11	8	0	-1	0	0.7849	-1.0000
34	1196	1	2053.5769	12	7	0	1	1	0.7851	0.6523
34	1197	1	2055.1269	10	11	0	1	1	0.7853	0.7342
34	1198	1	2056.6768	13	14	0	1	1	0.7855	0.6723
34	1199	1	2058.2267	10	11	0	1	1	0.7857	0.7055
34	1200	1	2059.7766	12	7	0	1	1	0.7858	0.8526
34	1201	1	2061.3265	11	8	0	-1	0	0.7852	-1.0000
34	1202	1	2063.3264	9	9	90	-1	0	0.7845	-1.0000
34	1203	1	2065.3763	8	4	90	0	1	0.7839	1.4766
34	1204	1	2067.4262	9	9	0	-1	0	0.7832	-1.0000
34	1205	1	2069.4594	11	8	0	1	1	0.7834	0.7215
34	1206	1	2071.0094	9	9	0	1	1	0.7836	0.6275
34	1207	1	2072.5593	10	11	0	1	1	0.7838	0.7898
34	1208	1	2074.1092	13	14	0	1	1	0.7839	0.6159
34	1209	1	2075.6591	14	6	90	1	1	0.7841	0.8260
34	1210	1	2077.2090	2	3	0	1	1	0.7843	0.7000
34	1211	1	2078.7590	14	6	0	1	1	0.7845	0.9272
34	1212	1	2080.3089	1	15	0	1	1	0.7847	0.7208
34	1213	1	2081.8588	2	3	0	1	1	0.7848	1.1854
34	1214	1	2083.4087	14	6	90	1	1	0.7850	1.0282
34	1215	1	2084.9586	2	3	0	1	1	0.7852	1.2544
34	1216	1	2086.5085	3	13	90	1	1	0.7854	1.1129
34	1217	1	2088.0585	1	15	90	1	1	0.7855	1.0829
34	1218	1	2089.6084	3	13	90	1	1	0.7857	0.8131
34	1219	1	2091.1583	2	3	90	-1	0	0.7851	-1.0000
34	1220	1	2093.2415	15	12	0	1	1	0.7852	0.7638
34	1221	1	2094.7915	3	13	90	0	1	0.7846	1.1502
34	1222	1	2096.5080	4	5	90	1	1	0.7848	0.9689
34	1223	1	2098.0580	6	1	0	1	1	0.7850	0.7943
34	1224	1	2099.6079	4	5	0	1	1	0.7851	1.3093
34	1225	1	2101.1578	6	1	0	1	1	0.7853	1.4072
34	1226	1	2102.8410	8	4	90	1	1	0.7855	1.2926
34	1227	1	2104.3910	9	9	0	-1	0	0.7848	-1.0000
34	1228	1	2106.4242	8	4	0	1	1	0.7850	0.0169
34	1229	1	2107.9741	7	10	0	1	1	0.7852	0.7667
34	1230	1	2109.5240	6	1	0	1	1	0.7854	0.9451
34	1231	1	2111.0739	8	4	90	1	1	0.7855	0.8663
34	1232	1	2112.6239	6	1	90	1	1	0.7857	0.8211
34	1233	1	2114.1738	7	10	0	1	1	0.7859	1.0319
34	1234	1	2115.7237	5	2	0	1	1	0.7861	1.1295
34	1235	1	2117.2736	6	1	90	1	1	0.7862	0.8600
34	1236	1	2118.8236	5	2	0	1	1	0.7864	0.8130
34	1237	1	2120.3735	7	10	90	1	1	0.7866	1.0558
34	1238	1	2121.9234	6	1	90	1	1	0.7868	0.9938
34	1239	1	2123.4733	7	10	0	1	1	0.7869	0.9961
34	1240	1	2125.0232	6	1	0	1	1	0.7871	0.8541
34	1241	1	2126.5731	8	4	0	1	1	0.7873	1.4158
34	1242	1	2128.1564	9	9	0	1	1	0.7874	0.8732
34	1243	1	2129.7063	8	4	90	1	1	0.7876	1.0991
34	1244	1	2131.2562	6	1	0	1	1	0.7878	1.1960
34	1245	1	2132.8061	4	5	0	1	1	0.7880	0.7832
34	1246	1	2134.3561	6	1	0	1	1	0.7881	0.6733
34	1247	1	2135.9060	7	10	0	1	1	0.7883	0.7873
34	1248	1	2137.4559	4	5	0	1	1	0.7885	0.6290
34	1249	1	2139.0058	7	10	0	1	1	0.7886	0.6476
34	1250	1	2140.5558	6	1	0	1	1	0.7888	0.7926
34	1251	1	2142.1057	4	5	0	1	1	0.7890	1.3553
34	1252	1	2143.6556	6	1	90	1	1	0.7891	1.3727
34	1253	1	2145.2055	7	10	0	1	1	0.7893	0.7682
34	1254	1	2146.7554	6	1	0	1	1	0.7895	1.1698
34	1255	1	2148.3054	7	10	0	1	1	0.7896	0.7556
34	1256	1	2149.8553	8	4	0	-1	0	0.7890	-1.0000
34	1257	1	2152.0052	7	10	0	1	1	0.7892	0.5919
34	1258	1	2153.5551	5	2	0	1	1	0.7893	1.1546
34	1259	1	2155.1050	6	1	0	1	1	0.7895	0.7405
34	1260	1	2156.6549	8	4	0	1	1	0.7897	0.7414
34	1261	1	2158.2048	5	2	0	0	1	0.7891	0.7607
34	1262	1	2159.7548	7	10	0	1	1	0.7892	1.3062
34	1263	1	2161.3047	6	1	0	1	1	0.7894	1.4836
34	1264	1	2162.9212	8	4	90	-1	0	0.7888	-1.0000
34	1265	1	2164.9378	7	10	0	1	1	0.7889	0.9393
34	1266	1	2166.4877	5	2	0	1	1	0.7891	0.7653
34	1267	1	2168.0377	8	4	90	1	1	0.7893	0.8312
34	1268	1	2169.5876	9	9	0	1	1	0.7894	1.0087
34	1269	1	2171.1375	8	4	0	1	1	0.7896	0.6756
34	1270	1	2172.6874	5	2	0	1	1	0.7898	0.6777
34	1271	1	2174.2373	6	1	90	1	1	0.7899	1.4477
34	1272	1	2175.8706	4	5	0	-1	0	0.7893	-1.0000
34	1273	1	2177.9371	7	10	0	1	1	0.7895	1.4756
34	1274	1	2179.6037	6	1	0	1	1	0.7896	0.6886
34	1275	1	2181.1536	7	10	0	1	1	0.7898	0.5634
34	1276	1	2182.7036	6	1	0	1	1	0.7900	0.6453
34	1277	1	2184.2535	4	5	0	1	1	0.7901	0.6157
34	1278	1	2185.8034	6	1	0	1	1	0.7903	0.6488
34	1279	1	2187.3533	7	10	0	1	1	0.7905	0.6364
34	1280	1	2188.9032	4	5	0	1	1	0.7906	0.6382
34	1281	1	2190.4532	5	2	0	1	1	0.7908	0.5911
34	1282	1	2192.0031	8	4	0	1	1	0.7910	0.8818
34	1283	1	2193.5530	5	2	0	1	1	0.7911	0.7244
34	1284	1	2195.1029	8	4	0	1	1	0.7913	0.3741
34	1285	1	2196.6528	5	2	0	1	1	0.7914	0.6486
34	1286	1	2198.2028	4	5	0	1	1	0.7916	0.7454
34	1287	1	2199.7527	6	1	0	1	1	0.7918	0.5397
34	1288	1	2201.3026	5	2	0	1	1	0.7919	0.1747
34	1289	1	2202.8525	7	10	0	1	1	0.7921	0.4333
34	1290	1	2204.4024	4	5	0	1	1	0.7922	0.6900
34	1291	1	2205.9524	6	1	0	1	1	0.7924	0.5488
34	1292	1	2207.5023	5	2	0	1	1	0.7926	0.6140
34	1293	1	2209.0522	4	5	90	1	1	0.7927	0.9055
34	1294	1	2210.6021	3	13	0	1	1	0.7929	0.7310
34	1295	1	2212.1520	15	12	0	1	1	0.7931	0.2532
34	1296	1	2213.7020	3	13	0	1	1	0.7932	0.2063
34	1297	1	2215.2519	4	5	0	1	1	0.7934	0.7052
34	1298	1	2216.8018	5	2	0	1	1	0.7935	0.7712
34	1299	1	2218.3517	4	5	90	1	1	0.7937	0.7414
34	1300	1	2219.9016	5	2	90	1	1	0.7938	1.2393
34	1301	1	2221.4516	7	10	0	1	1	0.7940	0.8742
34	1302	1	2223.0015	8	4	0	1	1	0.7942	0.8115
34	1303	1	2224.5514	7	10	0	1	1	0.7943	0.8134
34	1304	1	2226.1013	8	4	0	1	1	0.7945	0.8469
34	1305	1	2227.6512	6	1	0	1	1	0.7946	0.8499
34	1306	1	2229.2012	4	5	90	1	1	0.7948	0.7724
34	1307	1	2230.7511	6	1	0	1	1	0.7950	0.6133
34	1308	1	2232.3010	8	4	90	1	1	0.7951	0.8241
34	1309	1	2233.8509	5	2	0	1	1	0.7953	0.7303
34	1310	1	2235.4008	8	4	0	1	1	0.7954	0.7314
34	1311	1	2236.9508	5	2	0	1	1	0.7956	0.6223
34	1312	1	2238.5007	4	5	0	1	1	0.7957	0.8316
34	1313	1	2240.0506	3	13	0	1	1	0.7959	0.8504
34	1314	1	2241.6005	1	15	90	1	1	0.7960	1.1889
34	1315	1	2243.1504	3	13	0	1	1	0.7962	0.9178
34	1316	1	2244.7003	4	5	0	1	1	0.7964	0.8089
34	1317	1	2246.2503	7	10	90	1	1	0.7965	1.0513
34	1318	1	2247.8002	8	4	0	1	1	0.7967	0.7480
34	1319	1	2249.3501	5	2	90	1	1	0.7968	1.2468
34	1320	1	2250.9000	4	5	90	1	1	0.7970	0.7690
34	1321	1	2252.4500	7	10	0	1	1	0.7971	0.8032
34	1322	1	2253.9999	8	4	0	1	1	0.7973	0.6132
34	1323	1	2255.5498	5	2	0	1	1	0.7974	0.7114
34	1324	1	2257.0997	4	5	0	1	1	0.7976	0.6503
34	1325	1	2258.6496	6	1	0	1	1	0.7977	0.6507
34	1326	1	2260.1995	5	2	0	1	1	0.7979	0.7656
34	1327	1	2261.7495	8	4	0	1	1	0.7980	1.1682
34	1328	1	2263.2994	5	2	0	1	1	0.7982	0.6743
34	1329	1	2264.8493	8	4	0	1	1	0.7983	0.6763
34	1330	1	2266.3992	5	2	0	1	1	0.7985	0.6945
34	1331	1	2267.9492	8	4	0	1	1	0.7986	0.5845
34	1332	1	2269.4991	7	10	90	1	1	0.7988	0.9212
34	1333	1	2271.0490	5	2	90	1	1	0.7989	0.8912
34	1334	1	2272.5989	8	4	0	1	1	0.7991	0.8946
34	1335	1	2274.1488	9	9	90	1	1	0.7993	0.9754
34	1336	1	2275.6987	11	8	90	1	1	0.7994	0.9135
34	1337	1	2277.2487	12	7	0	1	1	0.7996	0.8197
34	1338	1	2278.7986	13	14	0	1	1	0.7997	1.0137
34	1339	1	2280.3485	10	11	0	0	1	0.7991	0.8397
34	1340	1	2281.8984	13	14	0	1	1	0.7993	0.6993
34	1341	1	2283.4483	11	8	0	1	1	0.7994	1.0848
34	1342	1	2284.9983	12	7	0	1	1	0.7996	0.7190
34	1343	1	2286.5482	9	9	90	0	1	0.7990	0.5760
34	1344	1	2288.0981	10	11	0	1	1	0.7991	1.0109
34	1345	1	2289.6480	12	7	0	1	1	0.7993	1.0454
34	1346	1	2291.1979	9	9	0	1	1	0.7994	0.8703
34	1347	1	2292.7479	12	7	0	1	1	0.7996	0.9218
34	1348	1	2294.2978	10	11	90	-1	0	0.7990	-1.0000
34	1349	1	2296.3644	9	9	0	-1	0	0.7984	-1.0000
34	1350	1	2298.4142	12	7	0	-1	0	0.7978	-1.0000
34	1351	1	2300.4474	13	14	0	1	1	0.7979	1.2696
34	1352	1	2301.9974	11	8	90	1	1	0.7981	1.3042
34	1353	1	2303.5473	13	14	0	1	1	0.7982	0.7939
34	1354	1	2305.0972	12	7	90	1	1	0.7984	1.4670
34	1355	1	2306.7305	11	8	0	1	1	0.7985	1.4817
34	1356	1	2308.3804	10	11	0	1	1	0.7987	0.9848
34	1357	1	2309.9303	11	8	0	1	1	0.7988	1.0660
34	1358	1	2311.4802	10	11	0	1	1	0.7990	0.7488
34	1359	1	2313.0301	9	9	90	1	1	0.7991	0.8954
34	1360	1	2314.5801	8	4	0	1	1	0.7993	0.7853
34	1361	1	2316.1300	5	2	0	1	1	0.7994	0.8035
34	1362	1	2317.6799	8	4	0	1	1	0.7996	0.7249
34	1363	1	2319.2298	6	1	0	1	1	0.7997	0.7274
34	1364	1	2320.7797	5	2	90	1	1	0.7999	1.1940
34	1365	1	2322.3297	6	1	0	1	1	0.8000	0.6046
34	1366	1	2323.8796	7	10	0	1	1	0.8001	0.8926
34	1367	1	2325.4295	5	2	0	1	1	0.8003	0.7037
34	1368	1	2326.9794	6	1	0	1	1	0.8004	0.6409
34	1369	1	2328.5293	5	2	0	1	1	0.8006	0.7718
34	1370	1	2330.0793	7	10	0	1	1	0.8007	0.7100
34	1371	1	2331.6292	6	1	0	1	1	0.8009	0.7271
34	1372	1	2333.1791	4	5	0	1	1	0.8010	0.6972
34	1373	1	2334.7290	5	2	90	1	1	0.8012	0.8913
34	1374	1	2336.2789	6	1	0	1	1	0.8013	0.9906
34	1375	1	2337.8289	8	4	0	1	1	0.8015	1.3765
34	1376	1	2339.3788	7	10	0	1	1	0.8016	0.7062
34	1377	1	2340.9287	4	5	0	1	1	0.8017	0.8843
34	1378	1	2342.4786	6	1	0	0	1	0.8012	0.1185
34	1379	1	2344.0285	4	5	90	1	1	0.8013	0.8560
34	1380	1	2345.5785	6	1	0	1	1	0.8014	1.1947
34	1381	1	2347.1284	8	4	90	1	1	0.8016	0.9088
34	1382	1	2348.6783	7	10	0	1	1	0.8017	0.7194
34	1383	1	2350.2282	4	5	0	1	1	0.8019	0.6560
34	1384	1	2351.7781	5	2	90	1	1	0.8020	0.8511
34	1385	1	2353.3281	7	10	0	1	1	0.8022	0.6447
34	1386	1	2354.8780	4	5	0	1	1	0.8023	0.7112
34	1387	1	2356.4279	3	13	0	1	1	0.8025	0.7137
34	1388	1	2357.9778	2	3	0	1	1	0.8026	0.6520
34	1389	1	2359.5277	15	12	90	1	1	0.8027	0.9414
34	1390	1	2361.0776	2	3	90	1	1	0.8029	0.9588
34	1391	1	2362.6276	14	6	0	1	1	0.8030	1.4248
34	1392	1	2364.2775	2	3	0	-1	0	0.8024	-1.0000
34	1393	1	2366.2941	3	13	0	1	1	0.8026	1.2143
34	1394	1	2367.8440	1	15	0	1	1	0.8027	0.7695
34	1395	1	2369.3939	3	13	90	1	1	0.8029	0.8984
34	1396	1	2370.9438	15	12	90	1	1	0.8030	0.9804
34	1397	1	2372.4937	1	15	90	1	1	0.8031	0.9185
34	1398	1	2374.0436	14	6	0	1	1	0.8033	0.8566
34	1399	1	2375.5936	15	12	0	1	1	0.8034	0.7636
34	1400	1	2377.1435	2	3	90	1	1	0.8036	1.0368
34	1	2	1.0166	13	14	0	-1	0	NaN	-1.0000
34	2	2	2.5499	12	7	0	-1	0	NaN	-1.0000
34	3	2	4.0831	11	8	0	-1	1	0.0000	0.9716
34	4	2	5.6164	13	14	0	-1	1	0.0000	1.1499
34	5	2	7.1496	11	8	0	-1	0	0.0000	-1.0000
34	6	2	8.6829	13	14	0	-1	0	0.0000	-1.0000
34	7	2	10.2161	10	11	0	-1	0	0.0000	-1.0000
34	8	2	11.7494	11	8	0	-1	0	0.0000	-1.0000
34	9	2	13.2827	9	9	0	-1	0	0.0000	-1.0000
34	10	2	14.8159	12	7	0	-1	0	0.0000	-1.0000
34	11	2	16.3492	13	14	0	-1	1	0.0000	0.3850
34	12	2	17.8824	12	7	0	-1	1	0.0000	0.8192
34	13	2	19.4157	10	11	0	-1	0	0.0000	-1.0000
34	14	2	20.9489	9	9	0	-1	0	0.0000	-1.0000
34	15	2	22.4822	10	11	0	-1	1	0.0000	0.8763
34	16	2	24.0154	9	9	0	-1	1	0.0000	0.8949
34	17	2	25.5487	8	4	0	-1	1	0.1429	0.9942
34	18	2	27.0819	7	10	0	-1	1	0.1250	1.0602
34	19	2	28.6152	6	1	0	-1	1	0.1111	0.8234
34	20	2	30.1485	5	2	0	-1	0	0.1111	-1.0000
34	21	2	31.6817	4	5	0	-1	0	0.1111	-1.0000
34	22	2	33.2150	3	13	0	-1	0	0.1111	-1.0000
34	23	2	34.7482	2	3	0	-1	0	0.1111	-1.0000
34	24	2	36.2815	1	15	0	-1	0	0.1111	-1.0000
34	25	2	37.8147	15	12	0	-1	0	0.1111	-1.0000
34	26	2	39.3480	14	6	0	-1	0	0.1111	-1.0000
34	27	2	40.8812	13	14	0	-1	0	0.1111	-1.0000
34	28	2	42.4145	12	7	0	-1	0	0.1111	-1.0000
34	29	2	43.9477	11	8	0	-1	0	0.1111	-1.0000
34	30	2	45.4810	10	11	0	-1	0	0.1111	-1.0000
34	31	2	47.0143	9	9	0	-1	0	0.1111	-1.0000
34	32	2	48.5475	10	11	0	-1	1	0.1000	1.1788
34	33	2	50.0808	13	14	0	-1	1	0.0909	1.0857
34	34	2	51.6140	10	11	0	-1	1	0.0833	0.0169
34	35	2	53.1473	11	8	0	-1	0	0.0833	-1.0000
34	36	2	54.6805	12	7	0	-1	0	0.0833	-1.0000
34	37	2	56.2138	9	9	0	-1	1	0.0769	0.8566
34	38	2	57.7470	12	7	0	-1	1	0.0714	0.7634
34	39	2	59.2803	10	11	0	-1	1	0.0667	0.8141
34	40	2	60.8135	11	8	0	-1	1	0.0625	0.9450
34	41	2	62.3468	10	11	0	-1	1	0.0588	0.9956
34	42	2	63.8800	13	14	0	-1	1	0.0556	0.9824
34	43	2	65.4133	10	11	0	-1	1	0.0526	0.9527
34	44	2	66.9465	11	8	0	-1	1	0.0500	0.9240
34	45	2	68.4798	13	14	0	-1	1	0.0476	1.0868
34	46	2	70.0131	14	6	0	-1	1	0.0909	1.2172
34	47	2	71.5463	15	12	0	-1	1	0.0870	1.2045
34	48	2	73.0796	1	15	0	-1	1	0.0833	1.0149
34	49	2	74.6128	2	3	0	-1	1	0.0800	1.0177
34	50	2	76.1461	3	13	0	-1	1	0.0769	0.8770
34	51	2	77.6793	4	5	0	-1	1	0.1111	0.8636
34	52	2	79.2126	5	2	0	-1	1	0.1071	0.9136
34	53	2	80.7459	6	1	0	-1	1	0.1034	1.0445
34	54	2	82.2791	7	10	0	-1	1	0.1000	1.3358
34	55	2	83.8124	8	4	0	-1	0	0.1000	-1.0000
34	56	2	85.3456	9	9	0	-1	1	0.1290	1.1493
34	57	2	86.8789	10	11	0	-1	1	0.1250	1.2468
34	58	2	88.4121	11	8	0	-1	1	0.1212	0.6743
34	59	2	89.9454	12	7	0	-1	1	0.1176	1.1251
34	60	2	91.4786	13	14	0	-1	1	0.1143	1.2079
34	61	2	93.0119	14	6	0	-1	1	0.1389	0.9229
34	62	2	94.5451	15	12	0	-1	1	0.1351	0.7011
34	63	2	96.0784	14	6	0	-1	1	0.1316	0.0169
34	64	2	97.6116	1	15	0	-1	1	0.1282	0.7867
34	65	2	99.1449	14	6	0	-1	1	0.1250	0.7414
34	66	2	100.6782	2	3	0	-1	1	0.1220	0.7285
34	67	2	102.2114	14	6	0	-1	1	0.1190	0.8594
34	68	2	103.7447	2	3	0	-1	1	0.1163	1.0858
34	69	2	105.2779	1	15	0	-1	1	0.1136	1.0885
34	70	2	106.8112	14	6	0	-1	1	0.1111	1.2030
34	71	2	108.3444	13	14	0	-1	1	0.1304	1.0621
34	72	2	109.8777	11	8	0	-1	1	0.1277	0.9205
34	73	2	111.4109	12	7	0	-1	1	0.1250	0.4594
34	74	2	112.9442	9	9	0	-1	0	0.1250	-1.0000
34	75	2	114.4774	10	11	0	-1	0	0.1250	-1.0000
34	76	2	116.0107	9	9	0	-1	0	0.1250	-1.0000
34	77	2	117.5440	8	4	0	-1	0	0.1250	-1.0000
34	78	2	119.0772	7	10	0	-1	0	0.1250	-1.0000
34	79	2	120.6105	6	1	0	-1	0	0.1250	-1.0000
34	80	2	122.1437	5	2	0	-1	0	0.1250	-1.0000
34	81	2	123.6770	4	5	0	-1	0	0.1250	-1.0000
34	82	2	125.2102	3	13	0	-1	0	0.1250	-1.0000
34	83	2	126.7435	2	3	0	-1	0	0.1250	-1.0000
34	84	2	128.2767	1	15	0	-1	0	0.1250	-1.0000
34	85	2	129.8100	15	12	0	-1	0	0.1250	-1.0000
34	86	2	131.3433	14	6	0	-1	0	0.1250	-1.0000
34	87	2	132.8765	13	14	0	-1	0	0.1250	-1.0000
34	88	2	134.4098	12	7	0	-1	0	0.1250	-1.0000
34	89	2	135.9430	11	8	0	-1	0	0.1250	-1.0000
34	90	2	137.4763	10	11	0	-1	0	0.1250	-1.0000
34	91	2	139.0095	12	7	0	-1	0	0.1250	-1.0000
34	92	2	140.5428	13	14	0	-1	0	0.1250	-1.0000
34	93	2	142.0760	12	7	0	-1	0	0.1250	-1.0000
34	94	2	143.6093	13	14	0	-1	0	0.1250	-1.0000
34	95	2	145.1425	12	7	0	-1	0	0.1250	-1.0000
34	96	2	146.6758	11	8	0	-1	0	0.1250	-1.0000
34	97	2	148.2090	10	11	0	-1	0	0.1250	-1.0000
34	98	2	149.7423	13	14	0	-1	0	0.1250	-1.0000
34	99	2	151.2755	10	11	0	-1	0	0.1250	-1.0000
34	100	2	152.8088	13	14	0	-1	0	0.1250	-1.0000
34	101	2	154.3421	12	7	0	-1	0	0.1250	-1.0000
34	102	2	155.8753	10	11	0	-1	0	0.1250	-1.0000
34	103	2	157.4086	11	8	0	-1	0	0.1250	-1.0000
34	104	2	158.9418	10	11	0	-1	0	0.1250	-1.0000
34	105	2	160.4751	9	9	0	-1	0	0.1250	-1.0000
34	106	2	162.0083	10	11	0	-1	0	0.1250	-1.0000
34	107	2	163.5416	11	8	0	-1	0	0.1250	-1.0000
34	108	2	165.0748	12	7	0	-1	0	0.1250	-1.0000
34	109	2	166.6081	13	14	0	-1	0	0.1250	-1.0000
34	110	2	168.1413	14	6	0	-1	0	0.1250	-1.0000
34	111	2	169.6746	15	12	0	-1	0	0.1250	-1.0000
34	112	2	171.2078	1	15	0	-1	0	0.1250	-1.0000
34	113	2	172.7411	2	3	0	-1	0	0.1250	-1.0000
34	114	2	174.2744	3	13	0	-1	0	0.1250	-1.0000
34	115	2	175.8076	4	5	0	-1	0	0.1250	-1.0000
34	116	2	177.3409	5	2	0	-1	0	0.1250	-1.0000
34	117	2	178.8741	6	1	0	-1	0	0.1250	-1.0000
34	118	2	180.4074	7	10	0	-1	0	0.1250	-1.0000
34	119	2	181.9406	8	4	0	-1	0	0.1250	-1.0000
34	120	2	183.4739	9	9	0	-1	0	0.1250	-1.0000
34	121	2	185.0071	11	8	0	-1	0	0.1250	-1.0000
34	122	2	186.5404	12	7	0	-1	0	0.1250	-1.0000
34	123	2	188.0736	13	14	0	-1	0	0.1250	-1.0000
34	124	2	189.6069	12	7	0	-1	0	0.1250	-1.0000
34	125	2	191.1402	13	14	0	-1	0	0.1250	-1.0000
34	126	2	192.6734	11	8	0	-1	0	0.1250	-1.0000
34	127	2	194.2067	13	14	0	-1	0	0.1250	-1.0000
34	128	2	195.7399	11	8	0	-1	0	0.1250	-1.0000
34	129	2	197.2732	9	9	0	-1	0	0.1250	-1.0000
34	130	2	198.8064	12	7	0	-1	0	0.1250	-1.0000
34	131	2	200.3397	11	8	0	-1	0	0.1250	-1.0000
34	132	2	201.8729	10	11	0	-1	0	0.1250	-1.0000
34	133	2	203.4062	13	14	0	-1	0	0.1250	-1.0000
34	134	2	204.9394	14	6	0	-1	0	0.1250	-1.0000
34	135	2	206.4727	1	15	0	-1	0	0.1250	-1.0000
34	136	2	208.0059	2	3	0	-1	0	0.1250	-1.0000
34	137	2	209.5392	3	13	0	-1	0	0.1250	-1.0000
34	138	2	211.0725	4	5	0	-1	0	0.1250	-1.0000
34	139	2	212.6057	5	2	0	-1	0	0.1250	-1.0000
34	140	2	214.1390	6	1	0	-1	0	0.1250	-1.0000
34	141	2	215.6722	7	10	0	-1	0	0.1250	-1.0000
34	142	2	217.2055	8	4	0	-1	0	0.1250	-1.0000
34	143	2	218.7387	9	9	0	-1	0	0.1250	-1.0000
34	144	2	220.2720	10	11	0	-1	0	0.1250	-1.0000
34	145	2	221.8052	11	8	0	-1	0	0.1250	-1.0000
34	146	2	223.3385	12	7	0	-1	0	0.1250	-1.0000
34	147	2	224.8718	13	14	0	-1	0	0.1250	-1.0000
34	148	2	226.4050	14	6	0	-1	0	0.1250	-1.0000
34	149	2	227.9383	15	12	0	-1	0	0.1250	-1.0000
34	150	2	229.4715	1	15	0	-1	0	0.1250	-1.0000
34	151	2	231.0048	14	6	0	-1	0	0.1250	-1.0000
34	152	2	232.5380	13	14	0	-1	0	0.1250	-1.0000
34	153	2	234.0713	12	7	0	-1	0	0.1250	-1.0000
34	154	2	235.6045	11	8	0	-1	0	0.1250	-1.0000
34	155	2	237.1378	9	9	0	-1	0	0.1250	-1.0000
34	156	2	238.6710	12	7	0	-1	0	0.1250	-1.0000
34	157	2	240.2043	13	14	0	-1	0	0.1250	-1.0000
34	158	2	241.7375	10	11	0	-1	0	0.1250	-1.0000
34	159	2	243.2708	9	9	0	-1	0	0.1250	-1.0000
34	160	2	244.8040	11	8	0	-1	0	0.1250	-1.0000
34	161	2	246.3373	13	14	0	-1	0	0.1250	-1.0000
34	162	2	247.8706	10	11	0	-1	0	0.1250	-1.0000
34	163	2	249.4038	12	7	0	-1	0	0.1250	-1.0000
34	164	2	250.9371	13	14	0	-1	0	0.1250	-1.0000
34	165	2	252.4703	10	11	0	-1	0	0.1250	-1.0000
34	166	2	254.0036	9	9	0	-1	0	0.1250	-1.0000
34	167	2	255.5368	8	4	0	-1	0	0.1250	-1.0000
34	168	2	257.0701	7	10	0	-1	0	0.1250	-1.0000
34	169	2	258.6033	6	1	0	-1	0	0.1250	-1.0000
34	170	2	260.1366	5	2	0	-1	0	0.1250	-1.0000
34	171	2	261.6698	4	5	0	-1	0	0.1250	-1.0000
34	172	2	263.2031	3	13	0	-1	0	0.1250	-1.0000
34	173	2	264.7364	2	3	0	-1	0	0.1250	-1.0000
34	174	2	266.2697	1	15	0	-1	0	0.1250	-1.0000
34	175	2	267.8028	15	12	0	-1	0	0.1250	-1.0000
34	176	2	269.3361	14	6	0	-1	0	0.1250	-1.0000
34	177	2	270.8694	13	14	0	-1	0	0.1250	-1.0000
34	178	2	272.4026	12	7	0	-1	0	0.1250	-1.0000
34	179	2	273.9359	11	8	0	-1	0	0.1250	-1.0000
34	180	2	275.4691	10	11	0	-1	0	0.1250	-1.0000
34	181	2	277.0024	13	14	0	-1	0	0.1250	-1.0000
34	182	2	278.5356	12	7	0	-1	0	0.1250	-1.0000
34	183	2	280.0689	11	8	0	-1	0	0.1250	-1.0000
34	184	2	281.6021	12	7	0	-1	0	0.1250	-1.0000
34	185	2	283.1354	11	8	0	-1	0	0.1250	-1.0000
34	186	2	284.6686	12	7	0	-1	0	0.1250	-1.0000
34	187	2	286.2019	13	14	0	-1	0	0.1250	-1.0000
34	188	2	287.7352	11	8	0	-1	0	0.1250	-1.0000
34	189	2	289.2684	13	14	0	-1	0	0.1250	-1.0000
34	190	2	290.8017	10	11	0	-1	0	0.1250	-1.0000
34	191	2	292.3349	11	8	0	-1	0	0.1250	-1.0000
34	192	2	293.8682	10	11	0	-1	0	0.1250	-1.0000
34	193	2	295.4014	13	14	0	-1	0	0.1250	-1.0000
34	194	2	296.9347	10	11	0	-1	0	0.1250	-1.0000
34	195	2	298.4679	12	7	0	-1	0	0.1250	-1.0000
34	196	2	300.0012	11	8	0	-1	0	0.1250	-1.0000
34	197	2	301.5344	10	11	0	-1	0	0.1250	-1.0000
34	198	2	303.0677	9	9	0	-1	0	0.1250	-1.0000
34	199	2	304.6010	8	4	0	-1	0	0.1250	-1.0000
34	200	2	306.1342	7	10	0	-1	0	0.1250	-1.0000
34	201	2	307.6675	6	1	0	-1	0	0.1250	-1.0000
34	202	2	309.2007	5	2	0	-1	0	0.1250	-1.0000
34	203	2	310.7340	4	5	0	-1	0	0.1250	-1.0000
34	204	2	312.2672	3	13	0	-1	0	0.1250	-1.0000
34	205	2	313.8005	2	3	0	-1	0	0.1250	-1.0000
34	206	2	315.3337	1	15	0	-1	0	0.1250	-1.0000
34	207	2	316.8670	15	12	0	-1	0	0.1250	-1.0000
34	208	2	318.4002	14	6	0	-1	0	0.1250	-1.0000
34	209	2	319.9335	13	14	0	-1	0	0.1250	-1.0000
34	210	2	321.4667	12	7	0	-1	0	0.1250	-1.0000
34	211	2	323.0000	9	9	0	-1	0	0.1250	-1.0000
34	212	2	324.5333	10	11	0	-1	0	0.1250	-1.0000
34	213	2	326.0665	12	7	0	-1	0	0.1250	-1.0000
34	214	2	327.5998	13	14	0	-1	0	0.1250	-1.0000
34	215	2	329.1330	11	8	0	-1	0	0.1250	-1.0000
34	216	2	330.6663	10	11	0	-1	0	0.1250	-1.0000
34	217	2	332.1995	13	14	0	-1	0	0.1250	-1.0000
34	218	2	333.7328	14	6	0	-1	0	0.1250	-1.0000
34	219	2	335.2660	13	14	0	-1	0	0.1250	-1.0000
34	220	2	336.7993	11	8	0	-1	0	0.1250	-1.0000
34	221	2	338.3325	9	9	0	-1	0	0.1250	-1.0000
34	222	2	339.8658	12	7	0	-1	0	0.1250	-1.0000
34	223	2	341.3990	13	14	0	-1	0	0.1250	-1.0000
34	224	2	342.9323	14	6	0	-1	0	0.1250	-1.0000
34	225	2	344.4655	2	3	0	-1	0	0.1250	-1.0000
34	226	2	345.9988	1	15	0	-1	0	0.1250	-1.0000
34	227	2	347.5321	15	12	0	-1	0	0.1250	-1.0000
34	228	2	349.0653	14	6	0	-1	0	0.1250	-1.0000
34	229	2	350.5986	13	14	0	-1	0	0.1250	-1.0000
34	230	2	352.1318	12	7	0	-1	0	0.1250	-1.0000
34	231	2	353.6651	11	8	0	-1	0	0.1250	-1.0000
34	232	2	355.1983	10	11	0	-1	0	0.1250	-1.0000
34	233	2	356.7316	9	9	0	-1	0	0.1250	-1.0000
34	234	2	358.2648	8	4	0	-1	0	0.1250	-1.0000
34	235	2	359.7981	7	10	0	-1	0	0.1250	-1.0000
34	236	2	361.3313	6	1	0	-1	0	0.1250	-1.0000
34	237	2	362.8646	5	2	0	-1	0	0.1250	-1.0000
34	238	2	364.3979	4	5	0	-1	0	0.1250	-1.0000
34	239	2	365.9311	3	13	0	-1	0	0.1250	-1.0000
34	240	2	367.4644	2	3	0	-1	0	0.1250	-1.0000
34	241	2	368.9976	3	13	0	-1	0	0.1250	-1.0000
34	242	2	370.5309	15	12	0	-1	0	0.1250	-1.0000
34	243	2	372.0641	3	13	0	-1	0	0.1250	-1.0000
34	244	2	373.5974	2	3	0	-1	0	0.1250	-1.0000
34	245	2	375.1306	1	15	0	-1	0	0.1250	-1.0000
34	246	2	376.6639	15	12	0	-1	0	0.1250	-1.0000
34	247	2	378.1971	1	15	0	-1	0	0.1250	-1.0000
34	248	2	379.7304	2	3	0	-1	0	0.1250	-1.0000
34	249	2	381.2637	15	12	0	-1	0	0.1250	-1.0000
34	250	2	382.7969	2	3	0	-1	0	0.1250	-1.0000
34	251	2	384.3302	14	6	0	-1	0	0.1250	-1.0000
34	252	2	385.8634	2	3	0	-1	0	0.1250	-1.0000
34	253	2	387.3967	14	6	0	-1	0	0.1250	-1.0000
34	254	2	388.9299	1	15	0	-1	0	0.1250	-1.0000
34	255	2	390.4632	15	12	0	-1	0	0.1250	-1.0000
34	256	2	391.9964	14	6	0	-1	0	0.1250	-1.0000
34	257	2	393.5297	13	14	0	-1	0	0.1250	-1.0000
34	258	2	395.0629	12	7	0	-1	0	0.1250	-1.0000
34	259	2	396.5962	11	8	0	-1	0	0.1250	-1.0000
34	260	2	398.1294	10	11	0	-1	0	0.1250	-1.0000
34	261	2	399.6627	9	9	0	-1	0	0.1250	-1.0000
34	262	2	401.1959	8	4	0	-1	0	0.1250	-1.0000
34	263	2	402.7292	7	10	0	-1	0	0.1250	-1.0000
34	264	2	404.2625	6	1	0	-1	0	0.1250	-1.0000
34	265	2	405.7957	5	2	0	-1	0	0.1250	-1.0000
34	266	2	407.3290	4	5	0	-1	0	0.1250	-1.0000
34	267	2	408.8622	3	13	0	-1	0	0.1250	-1.0000
34	268	2	410.3955	2	3	0	-1	0	0.1250	-1.0000
34	269	2	411.9287	1	15	0	-1	0	0.1250	-1.0000
34	270	2	413.4620	15	12	0	-1	0	0.1250	-1.0000
34	271	2	414.9952	3	13	0	-1	0	0.1250	-1.0000
34	272	2	416.5285	2	3	0	-1	0	0.1250	-1.0000
34	273	2	418.0617	15	12	0	-1	0	0.1250	-1.0000
34	274	2	419.5950	2	3	0	-1	0	0.1250	-1.0000
34	275	2	421.1283	14	6	0	-1	0	0.1250	-1.0000
34	276	2	422.6615	13	14	0	-1	0	0.1250	-1.0000
34	277	2	424.1948	14	6	0	-1	0	0.1250	-1.0000
34	278	2	425.7280	1	15	0	-1	0	0.1250	-1.0000
34	279	2	427.2613	3	13	0	-1	0	0.1250	-1.0000
34	280	2	428.7945	4	5	0	-1	0	0.1250	-1.0000
34	281	2	430.3278	3	13	0	-1	0	0.1250	-1.0000
34	282	2	431.8610	15	12	0	-1	0	0.1250	-1.0000
34	283	2	433.3943	2	3	0	-1	0	0.1250	-1.0000
34	284	2	434.9275	1	15	0	-1	0	0.1250	-1.0000
34	285	2	436.4608	14	6	0	-1	0	0.1250	-1.0000
34	286	2	437.9940	15	12	0	-1	0	0.1250	-1.0000
34	287	2	439.5273	1	15	0	-1	0	0.1250	-1.0000
34	288	2	441.0606	2	3	0	-1	0	0.1250	-1.0000
34	289	2	442.5938	3	13	0	-1	0	0.1250	-1.0000
34	290	2	444.1271	4	5	0	-1	0	0.1250	-1.0000
34	291	2	445.6603	5	2	0	-1	0	0.1250	-1.0000
34	292	2	447.1936	6	1	0	-1	0	0.1250	-1.0000
34	293	2	448.7268	7	10	0	-1	0	0.1250	-1.0000
34	294	2	450.2601	8	4	0	-1	0	0.1250	-1.0000
34	295	2	451.7933	9	9	0	-1	0	0.1250	-1.0000
34	296	2	453.3266	10	11	0	-1	0	0.1250	-1.0000
34	297	2	454.8598	11	8	0	-1	0	0.1250	-1.0000
34	298	2	456.3931	12	7	0	-1	0	0.1250	-1.0000
34	299	2	457.9264	13	14	0	-1	0	0.1250	-1.0000
34	300	2	459.4596	14	6	0	-1	0	0.1250	-1.0000
34	301	2	460.9929	13	14	0	-1	0	0.1250	-1.0000
34	302	2	462.5261	14	6	0	-1	0	0.1250	-1.0000
34	303	2	464.0594	15	12	0	-1	0	0.1250	-1.0000
34	304	2	465.5926	1	15	0	-1	0	0.1250	-1.0000
34	305	2	467.1259	14	6	0	-1	0	0.1250	-1.0000
34	306	2	468.6591	13	14	0	-1	0	0.1250	-1.0000
34	307	2	470.1924	14	6	0	-1	0	0.1250	-1.0000
34	308	2	471.7256	1	15	0	-1	0	0.1250	-1.0000
34	309	2	473.2589	2	3	0	-1	0	0.1250	-1.0000
34	310	2	474.7921	14	6	0	-1	0	0.1250	-1.0000
34	311	2	476.3254	1	15	0	-1	0	0.1250	-1.0000
34	312	2	477.8586	15	12	0	-1	0	0.1250	-1.0000
34	313	2	479.3919	3	13	0	-1	0	0.1250	-1.0000
34	314	2	480.9252	2	3	0	-1	0	0.1250	-1.0000
34	315	2	482.4584	3	13	0	-1	0	0.1250	-1.0000
34	316	2	483.9917	4	5	0	-1	0	0.1250	-1.0000
34	317	2	485.5249	5	2	0	-1	0	0.1250	-1.0000
34	318	2	487.0582	6	1	0	-1	0	0.1250	-1.0000
34	319	2	488.5914	7	10	0	-1	0	0.1250	-1.0000
34	320	2	490.1247	8	4	0	-1	0	0.1250	-1.0000
34	321	2	491.6579	9	9	0	-1	0	0.1250	-1.0000
34	322	2	493.1912	10	11	0	-1	0	0.1250	-1.0000
34	323	2	494.7244	11	8	0	-1	0	0.1250	-1.0000
34	324	2	496.2577	12	7	0	-1	0	0.1250	-1.0000
34	325	2	497.7909	13	14	0	-1	0	0.1250	-1.0000
34	326	2	499.3242	14	6	0	-1	0	0.1250	-1.0000
34	327	2	500.8575	15	12	0	-1	0	0.1250	-1.0000
34	328	2	502.3907	1	15	0	-1	0	0.1250	-1.0000
34	329	2	503.9240	2	3	0	-1	0	0.1250	-1.0000
34	330	2	505.4572	3	13	0	-1	0	0.1250	-1.0000
34	331	2	506.9905	15	12	0	-1	0	0.1250	-1.0000
34	332	2	508.5237	14	6	0	-1	0	0.1250	-1.0000
34	333	2	510.0570	2	3	0	-1	0	0.1250	-1.0000
34	334	2	511.5902	3	13	0	-1	0	0.1250	-1.0000
34	335	2	513.1235	15	12	0	-1	0	0.1250	-1.0000
34	336	2	514.6567	1	15	0	-1	0	0.1250	-1.0000
34	337	2	516.1900	15	12	0	-1	0	0.1250	-1.0000
34	338	2	517.7232	14	6	0	-1	0	0.1250	-1.0000
34	339	2	519.2565	13	14	0	-1	0	0.1250	-1.0000
34	340	2	520.7898	10	11	0	-1	0	0.1250	-1.0000
34	341	2	522.3230	12	7	0	-1	0	0.1250	-1.0000
34	342	2	523.8563	13	14	0	-1	0	0.1250	-1.0000
34	343	2	525.3895	12	7	0	-1	0	0.1250	-1.0000
34	344	2	526.9228	13	14	0	-1	0	0.1250	-1.0000
34	345	2	528.4560	10	11	0	-1	0	0.1250	-1.0000
34	346	2	529.9893	11	8	0	-1	0	0.1250	-1.0000
34	347	2	531.5225	12	7	0	-1	0	0.1250	-1.0000
34	348	2	533.0558	13	14	0	-1	0	0.1250	-1.0000
34	349	2	534.5891	14	6	0	-1	0	0.1250	-1.0000
34	350	2	536.1223	15	12	0	-1	0	0.1250	-1.0000
34	351	2	537.6555	1	15	0	-1	0	0.1250	-1.0000
34	352	2	539.1888	2	3	0	-1	0	0.1250	-1.0000
34	353	2	540.7221	3	13	0	-1	0	0.1250	-1.0000
34	354	2	542.2553	4	5	0	-1	0	0.1250	-1.0000
34	355	2	543.7886	5	2	0	-1	0	0.1250	-1.0000
34	356	2	545.3218	6	1	0	-1	0	0.1250	-1.0000
34	357	2	546.8551	7	10	0	-1	0	0.1250	-1.0000
34	358	2	548.3883	8	4	0	-1	0	0.1250	-1.0000
34	359	2	549.9216	9	9	0	-1	0	0.1250	-1.0000
34	360	2	551.4548	10	11	0	-1	0	0.1250	-1.0000
34	361	2	552.9881	11	8	0	-1	0	0.1250	-1.0000
34	362	2	554.5213	9	9	0	-1	0	0.1250	-1.0000
34	363	2	556.0546	10	11	0	-1	0	0.1250	-1.0000
34	364	2	557.5879	9	9	0	-1	0	0.1250	-1.0000
34	365	2	559.1211	12	7	0	-1	0	0.1250	-1.0000
34	366	2	560.6544	13	14	0	-1	0	0.1250	-1.0000
34	367	2	562.1876	12	7	0	-1	0	0.1250	-1.0000
34	368	2	563.7209	10	11	0	-1	0	0.1250	-1.0000
34	369	2	565.2541	13	14	0	-1	0	0.1250	-1.0000
34	370	2	566.7874	10	11	0	-1	0	0.1250	-1.0000
34	371	2	568.3206	13	14	0	-1	0	0.1250	-1.0000
34	372	2	569.8539	11	8	0	-1	0	0.1250	-1.0000
34	373	2	571.3871	12	7	0	-1	0	0.1250	-1.0000
34	374	2	572.9204	13	14	0	-1	0	0.1250	-1.0000
34	375	2	574.4536	11	8	0	-1	0	0.1250	-1.0000
34	376	2	575.9869	12	7	0	-1	0	0.1250	-1.0000
34	377	2	577.5202	13	14	0	-1	0	0.1250	-1.0000
34	378	2	579.0534	14	6	0	-1	0	0.1250	-1.0000
34	379	2	580.5867	15	12	0	-1	0	0.1250	-1.0000
34	380	2	582.1199	1	15	0	-1	0	0.1250	-1.0000
34	381	2	583.6532	2	3	0	-1	0	0.1250	-1.0000
34	382	2	585.1864	3	13	0	-1	0	0.1250	-1.0000
34	383	2	586.7197	4	5	0	-1	0	0.1250	-1.0000
34	384	2	588.2529	5	2	0	-1	0	0.1250	-1.0000
34	385	2	589.7862	6	1	0	-1	0	0.1250	-1.0000
34	386	2	591.3194	7	10	0	-1	0	0.1250	-1.0000
34	387	2	592.8527	8	4	0	-1	0	0.1250	-1.0000
34	388	2	594.3859	9	9	0	-1	0	0.1250	-1.0000
34	389	2	595.9192	10	11	0	-1	0	0.1250	-1.0000
34	390	2	597.4524	11	8	0	-1	0	0.1250	-1.0000
34	391	2	598.9857	9	9	0	-1	0	0.1250	-1.0000
34	392	2	600.5190	10	11	0	-1	0	0.1250	-1.0000
34	393	2	602.0522	12	7	0	-1	0	0.1250	-1.0000
34	394	2	603.5855	11	8	0	-1	0	0.1250	-1.0000
34	395	2	605.1187	9	9	0	-1	0	0.1250	-1.0000
34	396	2	606.6520	8	4	0	-1	0	0.1250	-1.0000
34	397	2	608.1852	9	9	0	-1	0	0.1250	-1.0000
34	398	2	609.7185	12	7	0	-1	0	0.1250	-1.0000
34	399	2	611.2517	11	8	0	-1	0	0.1250	-1.0000
34	400	2	612.7850	9	9	0	-1	0	0.1250	-1.0000
34	401	2	614.3182	10	11	0	-1	0	0.1250	-1.0000
34	402	2	615.8515	11	8	0	-1	0	0.1250	-1.0000
34	403	2	617.3848	13	14	0	-1	0	0.1250	-1.0000
34	404	2	618.9180	12	7	0	-1	0	0.1250	-1.0000
34	405	2	620.4513	10	11	0	-1	0	0.1250	-1.0000
34	406	2	621.9845	9	9	0	-1	0	0.1250	-1.0000
34	407	2	623.5178	8	4	0	-1	0	0.1250	-1.0000
34	408	2	625.0510	7	10	0	-1	0	0.1250	-1.0000
34	409	2	626.5843	6	1	0	-1	0	0.1250	-1.0000
34	410	2	628.1175	5	2	0	-1	0	0.1250	-1.0000
34	411	2	629.6508	4	5	0	-1	0	0.1250	-1.0000
34	412	2	631.1840	3	13	0	-1	0	0.1250	-1.0000
34	413	2	632.7173	2	3	0	-1	0	0.1250	-1.0000
34	414	2	634.2505	1	15	0	-1	0	0.1250	-1.0000
34	415	2	635.7838	15	12	0	-1	0	0.1250	-1.0000
34	416	2	637.3171	14	6	0	-1	0	0.1250	-1.0000
34	417	2	638.8503	13	14	0	-1	0	0.1250	-1.0000
34	418	2	640.3836	12	7	0	-1	0	0.1250	-1.0000
34	419	2	641.9168	11	8	0	-1	0	0.1250	-1.0000
34	420	2	643.4501	10	11	0	-1	0	0.1250	-1.0000
34	421	2	644.9833	12	7	0	-1	0	0.1250	-1.0000
34	422	2	646.5166	13	14	0	-1	0	0.1250	-1.0000
34	423	2	648.0498	14	6	0	-1	0	0.1250	-1.0000
34	424	2	649.5831	15	12	0	-1	0	0.1250	-1.0000
34	425	2	651.1163	2	3	0	-1	0	0.1250	-1.0000
34	426	2	652.6496	3	13	0	-1	0	0.1250	-1.0000
34	427	2	654.1828	4	5	0	-1	0	0.1250	-1.0000
34	428	2	655.7161	6	1	0	-1	0	0.1250	-1.0000
34	429	2	657.2494	4	5	0	-1	0	0.1250	-1.0000
34	430	2	658.7826	7	10	0	-1	0	0.1250	-1.0000
34	431	2	660.3159	4	5	0	-1	0	0.1250	-1.0000
34	432	2	661.8491	3	13	0	-1	0	0.1250	-1.0000
34	433	2	663.3824	4	5	0	-1	0	0.1250	-1.0000
34	434	2	664.9156	5	2	0	-1	0	0.1250	-1.0000
34	435	2	666.4489	8	4	0	-1	0	0.1250	-1.0000
34	436	2	667.9821	9	9	0	-1	0	0.1250	-1.0000
34	437	2	669.5154	10	11	0	-1	0	0.1250	-1.0000
34	438	2	671.0486	11	8	0	-1	0	0.1250	-1.0000
34	439	2	672.5819	12	7	0	-1	0	0.1250	-1.0000
34	440	2	674.1152	13	14	0	-1	0	0.1250	-1.0000
34	441	2	675.6484	14	6	0	-1	0	0.1250	-1.0000
34	442	2	677.1817	15	12	0	-1	0	0.1250	-1.0000
34	443	2	678.7149	1	15	0	-1	0	0.1250	-1.0000
34	444	2	680.2482	2	3	0	-1	0	0.1250	-1.0000
34	445	2	681.7814	3	13	0	-1	0	0.1250	-1.0000
34	446	2	683.3147	4	5	0	-1	0	0.1250	-1.0000
34	447	2	684.8479	5	2	0	-1	0	0.1250	-1.0000
34	448	2	686.3812	6	1	0	-1	0	0.1250	-1.0000
34	449	2	687.9144	7	10	0	-1	0	0.1250	-1.0000
34	450	2	689.4477	8	4	0	-1	0	0.1250	-1.0000
34	451	2	690.9809	9	9	0	-1	0	0.1250	-1.0000
34	452	2	692.5143	12	7	0	-1	0	0.1250	-1.0000
34	453	2	694.0474	13	14	0	-1	0	0.1250	-1.0000
34	454	2	695.5807	12	7	0	-1	0	0.1250	-1.0000
34	455	2	697.1140	13	14	0	-1	0	0.1250	-1.0000
34	456	2	698.6472	14	6	0	-1	0	0.1250	-1.0000
34	457	2	700.1804	2	3	0	-1	0	0.1250	-1.0000
34	458	2	701.7137	14	6	0	-1	0	0.1250	-1.0000
34	459	2	703.2470	15	12	0	-1	0	0.1250	-1.0000
34	460	2	704.7802	14	6	0	-1	0	0.1250	-1.0000
34	461	2	706.3135	13	14	0	-1	0	0.1250	-1.0000
34	462	2	707.8467	11	8	0	-1	0	0.1250	-1.0000
34	463	2	709.3800	10	11	0	-1	0	0.1250	-1.0000
34	464	2	710.9132	12	7	0	-1	0	0.1250	-1.0000
34	465	2	712.4465	13	14	0	-1	0	0.1250	-1.0000
34	466	2	713.9798	14	6	0	-1	0	0.1250	-1.0000
34	467	2	715.5130	15	12	0	-1	0	0.1250	-1.0000
34	468	2	717.0463	1	15	0	-1	0	0.1250	-1.0000
34	469	2	718.5795	2	3	0	-1	0	0.1250	-1.0000
34	470	2	720.1128	3	13	0	-1	0	0.1250	-1.0000
34	471	2	721.6460	4	5	0	-1	0	0.1250	-1.0000
34	472	2	723.1793	5	2	0	-1	0	0.1250	-1.0000
34	473	2	724.7125	6	1	0	-1	0	0.1250	-1.0000
34	474	2	726.2458	7	10	0	-1	0	0.1250	-1.0000
34	475	2	727.7790	8	4	0	-1	0	0.1250	-1.0000
34	476	2	729.3123	9	9	0	-1	0	0.1250	-1.0000
34	477	2	730.8455	10	11	0	-1	0	0.1250	-1.0000
34	478	2	732.3788	11	8	0	-1	0	0.1250	-1.0000
34	479	2	733.9120	12	7	0	-1	0	0.1250	-1.0000
34	480	2	735.4453	13	14	0	-1	0	0.1250	-1.0000
34	481	2	736.9786	14	6	0	-1	0	0.1250	-1.0000
34	482	2	738.5118	1	15	0	-1	0	0.1250	-1.0000
34	483	2	740.0451	2	3	0	-1	0	0.1250	-1.0000
34	484	2	741.5783	14	6	0	-1	0	0.1250	-1.0000
34	485	2	743.1116	15	12	0	-1	0	0.1250	-1.0000
34	486	2	744.6448	2	3	0	-1	0	0.1250	-1.0000
34	487	2	746.1781	1	15	0	-1	0	0.1250	-1.0000
34	488	2	747.7113	2	3	0	-1	0	0.1250	-1.0000
34	489	2	749.2446	15	12	0	-1	0	0.1250	-1.0000
34	490	2	750.7778	3	13	0	-1	0	0.1250	-1.0000
34	491	2	752.3111	2	3	0	-1	0	0.1250	-1.0000
34	492	2	753.8443	3	13	0	-1	0	0.1250	-1.0000
34	493	2	755.3776	15	12	0	-1	0	0.1250	-1.0000
34	494	2	756.9109	1	15	0	-1	0	0.1250	-1.0000
34	495	2	758.4441	2	3	0	-1	0	0.1250	-1.0000
34	496	2	759.9774	1	15	0	-1	0	0.1250	-1.0000
34	497	2	761.5106	15	12	0	-1	0	0.1250	-1.0000
34	498	2	763.0439	14	6	0	-1	0	0.1250	-1.0000
34	499	2	764.5771	13	14	0	-1	0	0.1250	-1.0000
34	500	2	766.1104	12	7	0	-1	0	0.1250	-1.0000
34	501	2	767.6436	11	8	0	-1	0	0.1250	-1.0000
34	502	2	769.1769	10	11	0	-1	0	0.1250	-1.0000
34	503	2	770.7102	9	9	0	-1	0	0.1250	-1.0000
34	504	2	772.2434	8	4	0	-1	0	0.1250	-1.0000
34	505	2	773.7767	7	10	0	-1	0	0.1250	-1.0000
34	506	2	775.3099	6	1	0	-1	0	0.1250	-1.0000
34	507	2	776.8432	5	2	0	-1	0	0.1250	-1.0000
34	508	2	778.3764	4	5	0	-1	0	0.1250	-1.0000
34	509	2	779.9097	3	13	0	-1	0	0.1250	-1.0000
34	510	2	781.4429	2	3	0	-1	0	0.1250	-1.0000
34	511	2	782.9762	14	6	0	-1	0	0.1250	-1.0000
34	512	2	784.5094	15	12	0	-1	0	0.1250	-1.0000
34	513	2	786.0427	14	6	0	-1	0	0.1250	-1.0000
34	514	2	787.5759	15	12	0	-1	0	0.1250	-1.0000
34	515	2	789.1092	1	15	0	-1	0	0.1250	-1.0000
34	516	2	790.6424	2	3	0	-1	0	0.1250	-1.0000
34	517	2	792.1757	15	12	0	-1	0	0.1250	-1.0000
34	518	2	793.7089	14	6	0	-1	0	0.1250	-1.0000
34	519	2	795.2422	2	3	0	-1	0	0.1250	-1.0000
34	520	2	796.7755	3	13	0	-1	0	0.1250	-1.0000
34	521	2	798.3087	2	3	0	-1	0	0.1250	-1.0000
34	522	2	799.8420	3	13	0	-1	0	0.1250	-1.0000
34	523	2	801.3752	15	12	0	-1	0	0.1250	-1.0000
34	524	2	802.9085	2	3	0	-1	0	0.1250	-1.0000
34	525	2	804.4417	15	12	0	-1	0	0.1250	-1.0000
34	526	2	805.9750	1	15	0	-1	0	0.1250	-1.0000
34	527	2	807.5082	2	3	0	-1	0	0.1250	-1.0000
34	528	2	809.0415	3	13	0	-1	0	0.1250	-1.0000
34	529	2	810.5747	4	5	0	-1	0	0.1250	-1.0000
34	530	2	812.1080	5	2	0	-1	0	0.1250	-1.0000
34	531	2	813.6413	6	1	0	-1	0	0.1250	-1.0000
34	532	2	815.1745	7	10	0	-1	0	0.1250	-1.0000
34	533	2	816.7078	8	4	0	-1	0	0.1250	-1.0000
34	534	2	818.2410	9	9	0	-1	0	0.1250	-1.0000
34	535	2	819.7743	10	11	0	-1	0	0.1250	-1.0000
34	536	2	821.3075	11	8	0	-1	0	0.1250	-1.0000
34	537	2	822.8408	12	7	0	-1	0	0.1250	-1.0000
34	538	2	824.3740	13	14	0	-1	0	0.1250	-1.0000
34	539	2	825.9073	14	6	0	-1	0	0.1250	-1.0000
34	540	2	827.4405	15	12	0	-1	0	0.1250	-1.0000
34	541	2	828.9738	2	3	0	-1	0	0.1250	-1.0000
34	542	2	830.5070	1	15	0	-1	0	0.1250	-1.0000
34	543	2	832.0403	14	6	0	-1	0	0.1250	-1.0000
34	544	2	833.5736	13	14	0	-1	0	0.1250	-1.0000
34	545	2	835.1068	12	7	0	-1	0	0.1250	-1.0000
34	546	2	836.6401	10	11	0	-1	0	0.1250	-1.0000
34	547	2	838.1733	13	14	0	-1	0	0.1250	-1.0000
34	548	2	839.7066	14	6	0	-1	0	0.1250	-1.0000
34	549	2	841.2398	13	14	0	-1	0	0.1250	-1.0000
34	550	2	842.7731	14	6	0	-1	0	0.1250	-1.0000
34	551	2	844.3063	15	12	0	-1	0	0.1250	-1.0000
34	552	2	845.8396	14	6	0	-1	0	0.1250	-1.0000
34	553	2	847.3728	1	15	0	-1	0	0.1250	-1.0000
34	554	2	848.9061	14	6	0	-1	0	0.1250	-1.0000
34	555	2	850.4394	1	15	0	-1	0	0.1250	-1.0000
34	556	2	851.9726	15	12	0	-1	0	0.1250	-1.0000
34	557	2	853.5059	14	6	0	-1	0	0.1250	-1.0000
34	558	2	855.0391	13	14	0	-1	0	0.1250	-1.0000
34	559	2	856.5724	12	7	0	-1	0	0.1250	-1.0000
34	560	2	858.1056	11	8	0	-1	0	0.1250	-1.0000
34	561	2	859.6389	10	11	0	-1	0	0.1250	-1.0000
34	562	2	861.1721	9	9	0	-1	0	0.1250	-1.0000
34	563	2	862.7054	8	4	0	-1	0	0.1250	-1.0000
34	564	2	864.2386	7	10	0	-1	0	0.1250	-1.0000
34	565	2	865.7719	6	1	0	-1	0	0.1250	-1.0000
34	566	2	867.3051	5	2	0	-1	0	0.1250	-1.0000
34	567	2	868.8384	4	5	0	-1	0	0.1250	-1.0000
34	568	2	870.3716	3	13	0	-1	0	0.1250	-1.0000
34	569	2	871.9049	2	3	0	-1	0	0.1250	-1.0000
34	570	2	873.4382	1	15	0	-1	0	0.1250	-1.0000
34	571	2	874.9714	15	12	0	-1	0	0.1250	-1.0000
34	572	2	876.5047	1	15	0	-1	0	0.1250	-1.0000
34	573	2	878.0379	15	12	0	-1	0	0.1250	-1.0000
34	574	2	879.5712	2	3	0	-1	0	0.1250	-1.0000
34	575	2	881.1044	15	12	0	-1	0	0.1250	-1.0000
34	576	2	882.6377	2	3	0	-1	0	0.1250	-1.0000
34	577	2	884.1709	3	13	0	-1	0	0.1250	-1.0000
34	578	2	885.7042	15	12	0	-1	0	0.1250	-1.0000
34	579	2	887.2374	2	3	0	-1	0	0.1250	-1.0000
34	580	2	888.7707	14	6	0	-1	0	0.1250	-1.0000
34	581	2	890.3040	1	15	0	-1	0	0.1250	-1.0000
34	582	2	891.8372	2	3	0	-1	0	0.1250	-1.0000
34	583	2	893.3705	14	6	0	-1	0	0.1250	-1.0000
34	584	2	894.9037	13	14	0	-1	0	0.1250	-1.0000
34	585	2	896.4370	14	6	0	-1	0	0.1250	-1.0000
34	586	2	897.9702	15	12	0	-1	0	0.1250	-1.0000
34	587	2	899.5035	1	15	0	-1	0	0.1250	-1.0000
34	588	2	901.0367	2	3	0	-1	0	0.1250	-1.0000
34	589	2	902.5700	3	13	0	-1	0	0.1250	-1.0000
34	590	2	904.1032	4	5	0	-1	0	0.1250	-1.0000
34	591	2	905.6365	5	2	0	-1	0	0.1250	-1.0000
34	592	2	907.1697	6	1	0	-1	0	0.1250	-1.0000
34	593	2	908.7030	7	10	0	-1	0	0.1250	-1.0000
34	594	2	910.2363	8	4	0	-1	0	0.1250	-1.0000
34	595	2	911.7695	9	9	0	-1	0	0.1250	-1.0000
34	596	2	913.3028	10	11	0	-1	0	0.1250	-1.0000
34	597	2	914.8360	11	8	0	-1	0	0.1250	-1.0000
34	598	2	916.3693	12	7	0	-1	0	0.1250	-1.0000
34	599	2	917.9025	13	14	0	-1	0	0.1250	-1.0000
34	600	2	919.4358	14	6	0	-1	0	0.1250	-1.0000
Actual parsing ratio
0.1250
Possible node parses
92.0000
 Node parses selected
0.0652
Possible other parses
508.0000
Other parses selected
0.0827
Chance parsing ratio
0.1533
