*********************************************
* Date/Time: 30-Oct-2019 09:21:50
* Seed: 211254.5
* Subject Number: 020
7	11	15	8	5	13	12	10	14	4	9	1	6	3	2	
*********************************************

Shape exposure time (seconds)
63.0775
subject	trial	phase	onset	node	shape	rotate	acc	resp	total	rt
20	1	1	1.0166	4	8	0	-1	0	0.0000	-1.0000
20	2	1	2.8332	5	5	0	1	1	0.5000	1.4355
20	3	1	4.3831	8	10	0	-1	0	0.3333	-1.0000
20	4	1	6.4497	9	14	0	1	1	0.5000	1.2756
20	5	1	7.9996	10	4	0	1	1	0.6000	1.1499
20	6	1	9.5495	11	9	0	1	1	0.6667	1.3437
20	7	1	11.0994	9	14	0	1	1	0.7143	1.0898
20	8	1	12.6493	11	9	0	-1	0	0.6250	-1.0000
20	9	1	14.7159	13	6	90	0	1	0.5556	1.0239
20	10	1	16.3158	10	4	0	1	1	0.6000	1.1217
20	11	1	17.8657	13	6	90	0	1	0.5455	0.9155
20	12	1	19.4157	14	3	0	-1	0	0.5000	-1.0000
20	13	1	21.4989	1	7	0	1	1	0.5385	1.2489
20	14	1	23.0488	14	3	0	-1	0	0.5000	-1.0000
20	15	1	25.1154	1	7	0	1	1	0.5333	0.9125
20	16	1	26.6653	3	15	0	1	1	0.5625	1.2828
20	17	1	28.2152	1	7	0	1	1	0.5882	1.4939
20	18	1	29.8318	15	2	90	-1	0	0.5556	-1.0000
20	19	1	31.8983	3	15	0	1	1	0.5789	1.4590
20	20	1	33.4983	4	8	0	-1	0	0.5500	-1.0000
20	21	1	35.5148	6	13	0	1	1	0.5714	1.2490
20	22	1	37.0647	7	12	0	-1	0	0.5455	-1.0000
20	23	1	39.1479	6	13	0	-1	0	0.5217	-1.0000
20	24	1	41.1812	7	12	0	0	1	0.5000	1.1360
20	25	1	42.8644	8	10	0	1	1	0.5200	1.0994
20	26	1	44.4143	6	13	0	1	1	0.5385	1.1027
20	27	1	45.9643	5	5	0	1	1	0.5556	0.8488
20	28	1	47.5142	6	13	0	1	1	0.5714	0.7856
20	29	1	49.0641	5	5	0	1	1	0.5862	0.7246
20	30	1	50.6140	4	8	0	1	1	0.6000	0.7738
20	31	1	52.1639	6	13	0	1	1	0.6129	0.6975
20	32	1	53.7138	5	5	0	1	1	0.6250	0.6659
20	33	1	55.2638	7	12	0	1	1	0.6364	0.9254
20	34	1	56.8137	6	13	0	1	1	0.6471	0.6873
20	35	1	58.3636	8	10	90	1	1	0.6571	0.9136
20	36	1	59.9135	5	5	0	1	1	0.6667	0.6752
20	37	1	61.4634	7	12	0	1	1	0.6757	1.1257
20	38	1	63.0134	5	5	0	1	1	0.6842	0.7744
20	39	1	64.5633	8	10	0	1	1	0.6923	1.4658
20	40	1	66.1131	9	14	0	1	1	0.7000	0.7473
20	41	1	67.6631	8	10	0	1	1	0.7073	0.6687
20	42	1	69.2130	7	12	0	1	1	0.7143	0.9119
20	43	1	70.7629	5	5	0	1	1	0.7209	0.5783
20	44	1	72.3129	8	10	0	1	1	0.7273	0.6271
20	45	1	73.8628	7	12	0	1	1	0.7333	0.6146
20	46	1	75.4127	4	8	0	1	1	0.7391	0.6471
20	47	1	76.9626	7	12	0	1	1	0.7447	0.6651
20	48	1	78.5125	5	5	0	1	1	0.7500	0.7158
20	49	1	80.0624	8	10	0	1	1	0.7551	0.7188
20	50	1	81.6124	7	12	0	1	1	0.7600	0.6407
20	51	1	83.1623	5	5	0	1	1	0.7647	0.5787
20	52	1	84.7122	7	12	90	0	1	0.7500	0.6129
20	53	1	86.2621	4	8	0	1	1	0.7547	0.6631
20	54	1	87.8121	3	15	90	1	1	0.7593	1.0009
20	55	1	89.3619	4	8	90	1	1	0.7636	0.8418
20	56	1	90.9119	3	15	0	1	1	0.7679	0.9089
20	57	1	92.4618	4	8	0	1	1	0.7719	0.8300
20	58	1	94.0117	6	13	0	1	1	0.7759	0.8172
20	59	1	95.5616	5	5	0	1	1	0.7797	0.6275
20	60	1	97.1115	7	12	0	1	1	0.7833	0.7415
20	61	1	98.6615	4	8	90	1	1	0.7869	0.8223
20	62	1	100.2114	3	15	0	1	1	0.7903	0.9377
20	63	1	101.7613	15	2	0	-1	0	0.7778	-1.0000
20	64	1	103.7779	3	15	0	1	1	0.7813	0.9539
20	65	1	105.3278	15	2	90	-1	0	0.7692	-1.0000
20	66	1	107.4110	3	15	0	1	1	0.7727	0.0170
20	67	1	108.9609	2	11	0	0	1	0.7612	1.0668
20	68	1	110.5775	1	7	90	1	1	0.7647	1.1782
20	69	1	112.1274	14	3	0	0	1	0.7536	1.2937
20	70	1	113.9273	1	7	0	1	1	0.7571	0.7096
20	71	1	115.4772	14	3	90	0	1	0.7465	0.7917
20	72	1	117.0272	1	7	0	1	1	0.7500	0.8886
20	73	1	118.5771	2	11	0	0	1	0.7397	1.1319
20	74	1	120.2437	3	15	0	1	1	0.7432	0.7602
20	75	1	121.7936	2	11	0	-1	0	0.7333	-1.0000
20	76	1	123.8435	3	15	0	1	1	0.7368	1.4483
20	77	1	125.4267	2	11	0	1	1	0.7403	0.8427
20	78	1	126.9766	1	7	0	1	1	0.7436	0.8283
20	79	1	128.5265	3	15	0	1	1	0.7468	0.7664
20	80	1	130.0765	4	8	0	1	1	0.7500	0.8008
20	81	1	131.6264	5	5	0	1	1	0.7531	0.5147
20	82	1	133.1763	7	12	0	1	1	0.7561	0.8034
20	83	1	134.7262	6	13	90	0	1	0.7470	0.7895
20	84	1	136.2761	5	5	0	1	1	0.7500	0.5688
20	85	1	137.8260	4	8	0	1	1	0.7529	0.7470
20	86	1	139.3760	7	12	0	1	1	0.7558	0.7492
20	87	1	140.9259	5	5	0	1	1	0.7586	0.6218
20	88	1	142.4758	4	8	0	1	1	0.7614	0.6890
20	89	1	144.0257	7	12	0	1	1	0.7640	0.6753
20	90	1	145.5756	6	13	0	1	1	0.7667	0.8049
20	91	1	147.1256	7	12	90	1	1	0.7692	0.8555
20	92	1	148.6755	8	10	0	0	1	0.7609	1.1137
20	93	1	150.3254	6	13	0	1	1	0.7634	0.7597
20	94	1	151.8753	7	12	0	1	1	0.7660	0.9058
20	95	1	153.4252	5	5	0	1	1	0.7684	0.6345
20	96	1	154.9751	6	13	0	1	1	0.7708	0.9579
20	97	1	156.5251	4	8	0	1	1	0.7732	0.8000
20	98	1	158.0750	5	5	0	1	1	0.7755	0.6901
20	99	1	159.6249	8	10	0	1	1	0.7778	0.5948
20	100	1	161.1748	5	5	0	1	1	0.7800	0.6146
20	101	1	162.7247	8	10	0	1	1	0.7822	0.8083
20	102	1	164.2747	6	13	0	1	1	0.7843	0.6330
20	103	1	165.8246	8	10	0	1	1	0.7864	0.6206
20	104	1	167.3745	5	5	0	1	1	0.7885	0.5732
20	105	1	168.9244	8	10	0	1	1	0.7905	0.5286
20	106	1	170.4743	9	14	0	1	1	0.7925	0.5627
20	107	1	172.0243	11	9	0	1	1	0.7944	0.8045
20	108	1	173.5742	12	1	0	1	1	0.7963	0.9187
20	109	1	175.1241	9	14	90	0	1	0.7890	0.9210
20	110	1	176.6740	12	1	0	0	1	0.7818	1.3229
20	111	1	178.5739	13	6	0	1	1	0.7838	1.1512
20	112	1	180.1238	12	1	0	1	1	0.7857	1.0878
20	113	1	181.6737	11	9	0	1	1	0.7876	0.8991
20	114	1	183.2237	9	14	0	1	1	0.7895	0.7738
20	115	1	184.7736	11	9	90	1	1	0.7913	0.9515
20	116	1	186.3235	9	14	90	0	1	0.7845	0.6655
20	117	1	187.8734	10	4	0	1	1	0.7863	0.6676
20	118	1	189.4233	13	6	0	1	1	0.7881	0.7163
20	119	1	190.9732	12	1	0	1	1	0.7899	0.7665
20	120	1	192.5232	10	4	0	1	1	0.7917	0.5451
20	121	1	194.0731	13	6	0	1	1	0.7934	0.6760
20	122	1	195.6230	11	9	0	1	1	0.7951	0.6766
20	123	1	197.1729	13	6	0	1	1	0.7967	0.7121
20	124	1	198.7228	12	1	0	1	1	0.7984	0.8902
20	125	1	200.2728	11	9	0	1	1	0.8000	0.6989
20	126	1	201.8227	12	1	90	1	1	0.8016	0.9102
20	127	1	203.3726	13	6	0	1	1	0.8031	0.6247
20	128	1	204.9225	11	9	0	1	1	0.8047	0.5948
20	129	1	206.4724	13	6	0	1	1	0.8062	0.6447
20	130	1	208.0223	11	9	0	1	1	0.8077	0.6307
20	131	1	209.5723	9	14	90	0	1	0.8015	0.7594
20	132	1	211.1222	10	4	0	1	1	0.8030	0.5855
20	133	1	212.6721	12	1	0	1	1	0.8045	0.8596
20	134	1	214.2220	9	14	90	0	1	0.7985	0.7028
20	135	1	215.7719	8	10	0	1	1	0.8000	0.7051
20	136	1	217.3219	7	12	90	1	1	0.8015	1.0100
20	137	1	218.8718	8	10	0	1	1	0.8029	1.0138
20	138	1	220.4217	7	12	0	1	1	0.8043	0.9353
20	139	1	221.9716	6	13	0	1	1	0.8058	0.9360
20	140	1	223.5215	4	8	0	1	1	0.8071	0.7318
20	141	1	225.0714	3	15	0	1	1	0.8085	0.9254
20	142	1	226.6213	15	2	0	1	1	0.8099	0.7823
20	143	1	228.1712	2	11	0	0	1	0.8042	0.8818
20	144	1	229.7212	14	3	90	1	1	0.8056	1.2361
20	145	1	231.2711	2	11	0	1	1	0.8069	1.2060
20	146	1	232.8210	14	3	0	0	1	0.8014	1.0001
20	147	1	234.3876	15	2	0	1	1	0.8027	0.9200
20	148	1	235.9375	2	11	0	1	1	0.8041	0.9221
20	149	1	237.4874	1	7	0	1	1	0.8054	0.9722
20	150	1	239.0374	14	3	0	0	1	0.8000	0.9600
20	151	1	240.5873	15	2	0	1	1	0.8013	0.7217
20	152	1	242.1372	14	3	90	0	1	0.7961	1.2826
20	153	1	243.9538	13	6	0	1	1	0.7974	0.6018
20	154	1	245.5037	14	3	0	1	1	0.7987	0.8599
20	155	1	247.0536	2	11	0	1	1	0.8000	1.2152
20	156	1	248.6035	3	15	0	1	1	0.8013	1.3937
20	157	1	250.1534	15	2	0	1	1	0.8025	0.8982
20	158	1	251.7034	14	3	0	1	1	0.8038	0.8202
20	159	1	253.2533	1	7	0	1	1	0.8050	0.7103
20	160	1	254.8032	14	3	0	1	1	0.8063	0.6658
20	161	1	256.3531	1	7	90	0	1	0.8012	1.2117
20	162	1	258.0697	2	11	0	1	1	0.8025	0.8075
20	163	1	259.6196	14	3	0	1	1	0.8037	0.6974
20	164	1	261.1695	15	2	0	1	1	0.8049	0.7780
20	165	1	262.7195	2	11	0	1	1	0.8061	0.9894
20	166	1	264.2694	15	2	0	1	1	0.8072	0.7662
20	167	1	265.8193	2	11	90	0	1	0.8024	0.7056
20	168	1	267.3692	3	15	0	1	1	0.8036	0.6598
20	169	1	268.9191	15	2	0	1	1	0.8047	0.7423
20	170	1	270.4691	1	7	0	1	1	0.8059	0.9038
20	171	1	272.0190	2	11	0	1	1	0.8070	0.6820
20	172	1	273.5689	1	7	0	1	1	0.8081	0.5547
20	173	1	275.1188	15	2	0	1	1	0.8092	0.7167
20	174	1	276.6687	2	11	90	0	1	0.8046	1.0544
20	175	1	278.2353	1	7	90	1	1	0.8057	0.9618
20	176	1	279.7852	15	2	0	1	1	0.8068	0.6584
20	177	1	281.3351	3	15	0	1	1	0.8079	0.9016
20	178	1	282.8850	4	8	90	1	1	0.8090	1.0478
20	179	1	284.4350	5	5	0	1	1	0.8101	0.6806
20	180	1	285.9849	6	13	90	0	1	0.8056	1.1799
20	181	1	287.7015	7	12	0	1	1	0.8066	1.0461
20	182	1	289.2514	4	8	0	1	1	0.8077	0.7134
20	183	1	290.8013	7	12	0	1	1	0.8087	1.0514
20	184	1	292.3512	6	13	0	1	1	0.8098	0.9404
20	185	1	293.9011	5	5	0	1	1	0.8108	0.6393
20	186	1	295.4510	8	10	0	1	1	0.8118	0.8805
20	187	1	297.0010	6	13	90	0	1	0.8075	1.3306
20	188	1	298.8509	4	8	0	1	1	0.8085	0.6167
20	189	1	300.4008	6	13	0	1	1	0.8095	0.7628
20	190	1	301.9507	8	10	0	1	1	0.8105	0.7349
20	191	1	303.5006	7	12	0	1	1	0.8115	0.8149
20	192	1	305.0505	6	13	0	1	1	0.8125	0.8985
20	193	1	306.6005	8	10	0	1	1	0.8135	0.6431
20	194	1	308.1504	7	12	0	1	1	0.8144	0.9505
20	195	1	309.7003	5	5	0	1	1	0.8154	0.6803
20	196	1	311.2502	4	8	0	1	1	0.8163	0.6173
20	197	1	312.8001	6	13	90	1	1	0.8173	0.9728
20	198	1	314.3501	8	10	0	1	1	0.8182	0.7193
20	199	1	315.9000	9	14	0	1	1	0.8191	0.8956
20	200	1	317.4499	8	10	90	0	1	0.8150	0.6584
20	201	1	318.9998	9	14	0	1	1	0.8159	0.8517
20	202	1	320.5497	10	4	0	1	1	0.8168	0.7111
20	203	1	322.0996	11	9	0	1	1	0.8177	0.7124
20	204	1	323.6496	10	4	0	1	1	0.8186	0.9713
20	205	1	325.1995	11	9	0	1	1	0.8195	0.7174
20	206	1	326.7494	10	4	90	1	1	0.8204	0.9917
20	207	1	328.2993	11	9	0	1	1	0.8213	0.6896
20	208	1	329.8492	9	14	0	1	1	0.8221	0.8825
20	209	1	331.3991	12	1	0	1	1	0.8230	1.4604
20	210	1	332.9824	11	9	0	1	1	0.8238	0.7415
20	211	1	334.5323	9	14	0	0	1	0.8199	1.0007
20	212	1	336.0989	10	4	0	1	1	0.8208	0.6013
20	213	1	337.6488	9	14	0	1	1	0.8216	0.5560
20	214	1	339.1988	12	1	0	1	1	0.8224	1.0860
20	215	1	340.7486	9	14	90	1	1	0.8233	0.9909
20	216	1	342.2986	10	4	0	1	1	0.8241	0.6262
20	217	1	343.8485	12	1	0	1	1	0.8249	0.9324
20	218	1	345.3984	11	9	0	1	1	0.8257	0.6931
20	219	1	346.9483	9	14	0	1	1	0.8265	0.8246
20	220	1	348.4982	12	1	0	1	1	0.8273	0.9373
20	221	1	350.0482	9	14	0	1	1	0.8281	0.8113
20	222	1	351.5981	11	9	0	1	1	0.8288	0.6708
20	223	1	353.1480	10	4	0	1	1	0.8296	0.6730
20	224	1	354.6979	9	14	0	1	1	0.8304	0.6256
20	225	1	356.2478	11	9	0	1	1	0.8311	0.5957
20	226	1	357.7977	13	6	90	0	1	0.8274	0.6311
20	227	1	359.3477	11	9	0	1	1	0.8282	0.6014
20	228	1	360.8976	12	1	0	1	1	0.8289	0.6499
20	229	1	362.4475	9	14	0	1	1	0.8297	0.5896
20	230	1	363.9974	12	1	90	0	1	0.8261	0.7661
20	231	1	365.5473	10	4	0	1	1	0.8268	0.5297
20	232	1	367.0973	9	14	0	1	1	0.8276	0.7395
20	233	1	368.6472	12	1	90	-1	0	0.8240	-1.0000
20	234	1	370.7137	11	9	0	1	1	0.8248	0.6110
20	235	1	372.2636	10	4	0	1	1	0.8255	0.6439
20	236	1	373.8136	9	14	0	1	1	0.8263	0.5994
20	237	1	375.3635	8	10	90	1	1	0.8270	1.3853
20	238	1	376.9134	9	14	0	1	1	0.8277	0.7637
20	239	1	378.4633	12	1	0	1	1	0.8285	0.7013
20	240	1	380.0132	11	9	90	1	1	0.8292	0.7839
20	241	1	381.5632	9	14	0	1	1	0.8299	0.5454
20	242	1	383.1131	11	9	0	1	1	0.8306	0.6277
20	243	1	384.6630	13	6	0	1	1	0.8313	0.6619
20	244	1	386.2129	10	4	90	1	1	0.8320	0.7906
20	245	1	387.7628	9	14	90	1	1	0.8327	0.9381
20	246	1	389.3127	8	10	0	1	1	0.8333	0.8761
20	247	1	390.8627	9	14	0	1	1	0.8340	0.7329
20	248	1	392.4126	12	1	0	1	1	0.8347	0.7361
20	249	1	393.9625	13	6	0	1	1	0.8353	0.6105
20	250	1	395.5124	12	1	90	1	1	0.8360	0.8209
20	251	1	397.0623	9	14	0	1	1	0.8367	0.6146
20	252	1	398.6123	11	9	0	1	1	0.8373	0.6473
20	253	1	400.1622	12	1	0	1	1	0.8379	0.6985
20	254	1	401.7121	9	14	0	1	1	0.8386	0.6039
20	255	1	403.2620	10	4	0	1	1	0.8392	0.6708
20	256	1	404.8119	12	1	0	1	1	0.8398	0.5755
20	257	1	406.3618	9	14	0	1	1	0.8405	0.5456
20	258	1	407.9118	8	10	0	1	1	0.8411	0.6770
20	259	1	409.4617	6	13	90	1	1	0.8417	0.7747
20	260	1	411.0116	5	5	90	0	1	0.8385	1.0492
20	261	1	412.6282	7	12	0	1	1	0.8391	1.0313
20	262	1	414.1781	6	13	0	1	1	0.8397	1.3213
20	263	1	415.7280	4	8	0	1	1	0.8403	1.1649
20	264	1	417.2779	6	13	0	1	1	0.8409	0.9269
20	265	1	418.8278	7	12	90	1	1	0.8415	0.9609
20	266	1	420.3778	5	5	0	1	1	0.8421	0.7389
20	267	1	421.9277	7	12	0	1	1	0.8427	0.7882
20	268	1	423.4776	6	13	0	1	1	0.8433	0.7738
20	269	1	425.0275	5	5	0	1	1	0.8439	0.6640
20	270	1	426.5774	7	12	0	1	1	0.8444	0.6834
20	271	1	428.1274	4	8	0	1	1	0.8450	0.7481
20	272	1	429.6773	7	12	0	1	1	0.8456	0.7675
20	273	1	431.2272	6	13	0	1	1	0.8462	0.6899
20	274	1	432.7771	4	8	0	1	1	0.8467	0.7077
20	275	1	434.3270	7	12	0	1	1	0.8473	0.7100
20	276	1	435.8770	8	10	0	1	1	0.8478	0.7117
20	277	1	437.4269	6	13	90	1	1	0.8484	0.9526
20	278	1	438.9768	5	5	0	1	1	0.8489	0.5866
20	279	1	440.5267	6	13	0	1	1	0.8495	0.8127
20	280	1	442.0766	7	12	0	1	1	0.8500	0.7829
20	281	1	443.6265	5	5	0	1	1	0.8505	0.8169
20	282	1	445.1764	4	8	0	1	1	0.8511	0.7230
20	283	1	446.7264	5	5	0	1	1	0.8516	0.5823
20	284	1	448.2763	4	8	90	1	1	0.8521	0.7446
20	285	1	449.8262	7	12	0	1	1	0.8526	0.7145
20	286	1	451.3761	6	13	0	1	1	0.8531	0.7011
20	287	1	452.9260	8	10	0	1	1	0.8537	0.7014
20	288	1	454.4759	9	14	0	1	1	0.8542	0.7688
20	289	1	456.0259	12	1	90	1	1	0.8547	1.3135
20	290	1	457.5758	11	9	90	1	1	0.8552	0.9175
20	291	1	459.1257	12	1	0	1	1	0.8557	0.6632
20	292	1	460.6756	13	6	90	1	1	0.8562	0.9213
20	293	1	462.2255	12	1	90	1	1	0.8567	0.9713
20	294	1	463.7755	11	9	0	1	1	0.8571	0.7479
20	295	1	465.3253	12	1	0	1	1	0.8576	0.6556
20	296	1	466.8753	13	6	0	1	1	0.8581	0.8001
20	297	1	468.4252	12	1	0	1	1	0.8586	0.8342
20	298	1	469.9751	10	4	90	1	1	0.8591	0.8056
20	299	1	471.5251	9	14	0	1	1	0.8595	0.7277
20	300	1	473.0750	11	9	0	1	1	0.8600	0.7770
20	301	1	474.6249	9	14	0	1	1	0.8605	0.7631
20	302	1	476.1748	11	9	0	1	1	0.8609	0.8300
20	303	1	477.7247	10	4	90	1	1	0.8614	0.7347
20	304	1	479.2746	11	9	0	1	1	0.8618	0.7540
20	305	1	480.8246	10	4	90	1	1	0.8623	0.8042
20	306	1	482.3745	11	9	0	1	1	0.8627	0.6769
20	307	1	483.9244	13	6	0	1	1	0.8632	0.6482
20	308	1	485.4743	14	3	90	-1	0	0.8604	-1.0000
20	309	1	487.5575	15	2	90	1	1	0.8608	1.1752
20	310	1	489.1075	2	11	0	1	1	0.8613	1.1297
20	311	1	490.6574	1	7	0	0	1	0.8585	1.3552
20	312	1	492.5906	15	2	0	1	1	0.8590	0.8782
20	313	1	494.1405	3	15	0	1	1	0.8594	1.2321
20	314	1	495.6905	4	8	90	1	1	0.8599	1.0409
20	315	1	497.2404	3	15	0	1	1	0.8603	0.7878
20	316	1	498.7903	1	7	0	1	1	0.8608	0.7891
20	317	1	500.3402	14	3	0	1	1	0.8612	0.8563
20	318	1	501.8901	13	6	0	1	1	0.8616	0.8093
20	319	1	503.4400	11	9	0	1	1	0.8621	0.7164
20	320	1	504.9900	10	4	0	1	1	0.8625	0.7507
20	321	1	506.5399	11	9	0	1	1	0.8629	0.6555
20	322	1	508.0898	13	6	0	1	1	0.8634	0.5629
20	323	1	509.6397	11	9	90	1	1	0.8638	0.7411
20	324	1	511.1896	12	1	90	1	1	0.8642	0.9032
20	325	1	512.7395	10	4	0	1	1	0.8646	0.7600
20	326	1	514.2895	9	14	90	1	1	0.8650	0.8099
20	327	1	515.8394	10	4	90	1	1	0.8654	0.7654
20	328	1	517.3893	11	9	0	1	1	0.8659	0.7835
20	329	1	518.9392	10	4	0	1	1	0.8663	0.7058
20	330	1	520.4891	11	9	0	1	1	0.8667	0.6278
20	331	1	522.0390	13	6	0	1	1	0.8671	0.6772
20	332	1	523.5890	11	9	0	1	1	0.8675	0.6796
20	333	1	525.1389	9	14	0	1	1	0.8679	0.6340
20	334	1	526.6888	8	10	0	1	1	0.8683	0.6517
20	335	1	528.2387	5	5	0	1	1	0.8687	0.7340
20	336	1	529.7886	6	13	0	1	1	0.8690	1.2320
20	337	1	531.3385	8	10	0	1	1	0.8694	0.7702
20	338	1	532.8884	9	14	0	1	1	0.8698	0.7709
20	339	1	534.4384	11	9	90	1	1	0.8702	0.6770
20	340	1	535.9883	12	1	0	1	1	0.8706	0.7270
20	341	1	537.5382	11	9	0	1	1	0.8710	0.6665
20	342	1	539.0881	9	14	0	1	1	0.8713	0.7163
20	343	1	540.6381	12	1	90	1	1	0.8717	1.0386
20	344	1	542.1880	11	9	0	1	1	0.8721	0.7034
20	345	1	543.7379	12	1	0	1	1	0.8725	0.7869
20	346	1	545.2878	9	14	90	1	1	0.8728	0.7887
20	347	1	546.8377	11	9	90	1	1	0.8732	0.7268
20	348	1	548.3876	9	14	0	1	1	0.8736	0.6971
20	349	1	549.9375	11	9	0	1	1	0.8739	0.7151
20	350	1	551.4875	13	6	90	1	1	0.8743	1.0199
20	351	1	553.0374	14	3	0	1	1	0.8746	0.9272
20	352	1	554.5873	15	2	0	1	1	0.8750	0.8334
20	353	1	556.1372	14	3	0	1	1	0.8754	0.8501
20	354	1	557.6871	2	11	0	0	1	0.8729	0.8855
20	355	1	559.2371	1	7	90	1	1	0.8732	1.3516
20	356	1	560.7870	15	2	0	1	1	0.8736	0.6809
20	357	1	562.3369	2	11	0	1	1	0.8739	0.7478
20	358	1	563.8868	1	7	0	1	1	0.8743	0.9085
20	359	1	565.4367	3	15	0	1	1	0.8747	0.8315
20	360	1	566.9867	15	2	0	1	1	0.8750	0.6246
20	361	1	568.5366	14	3	0	1	1	0.8753	0.5639
20	362	1	570.0865	2	11	0	1	1	0.8757	0.7105
20	363	1	571.6364	15	2	90	0	1	0.8733	0.6968
20	364	1	573.1863	3	15	90	1	1	0.8736	1.1130
20	365	1	574.7363	2	11	0	-1	0	0.8712	-1.0000
20	366	1	576.8195	15	2	0	1	1	0.8716	0.6973
20	367	1	578.3694	2	11	90	0	1	0.8692	0.8419
20	368	1	579.9193	1	7	0	-1	0	0.8668	-1.0000
20	369	1	581.9359	3	15	0	0	1	0.8645	0.1573
20	370	1	583.4858	15	2	0	1	1	0.8649	0.7190
20	371	1	585.0357	2	11	90	0	1	0.8625	0.7048
20	372	1	586.5856	15	2	0	1	1	0.8629	0.7391
20	373	1	588.1355	1	7	0	1	1	0.8633	1.1419
20	374	1	589.6854	15	2	0	1	1	0.8636	0.7098
20	375	1	591.2354	1	7	90	1	1	0.8640	0.8414
20	376	1	592.7853	15	2	0	1	1	0.8644	0.6672
20	377	1	594.3352	1	7	0	1	1	0.8647	0.7481
20	378	1	595.8851	3	15	0	1	1	0.8651	0.7995
20	379	1	597.4350	15	2	0	1	1	0.8654	0.8962
20	380	1	598.9850	1	7	0	1	1	0.8658	0.7238
20	381	1	600.5349	3	15	0	1	1	0.8661	0.9976
20	382	1	602.0848	15	2	0	1	1	0.8665	0.8085
20	383	1	603.6347	1	7	0	1	1	0.8668	1.0337
20	384	1	605.1846	15	2	0	1	1	0.8672	0.7484
20	385	1	606.7345	1	7	0	1	1	0.8675	1.1665
20	386	1	608.2845	14	3	90	1	1	0.8679	0.8948
20	387	1	609.8344	1	7	90	1	1	0.8682	0.8982
20	388	1	611.3843	15	2	90	1	1	0.8686	1.0125
20	389	1	612.9342	14	3	0	1	1	0.8689	0.7570
20	390	1	614.4841	1	7	0	1	1	0.8692	0.7445
20	391	1	616.0341	15	2	90	1	1	0.8696	1.1785
20	392	1	617.5840	1	7	0	1	1	0.8699	0.6531
20	393	1	619.1339	15	2	0	1	1	0.8702	0.6068
20	394	1	620.6838	14	3	0	1	1	0.8706	0.6877
20	395	1	622.2337	1	7	0	1	1	0.8709	0.6431
20	396	1	623.7837	15	2	0	1	1	0.8712	0.5796
20	397	1	625.3336	2	11	90	1	1	0.8715	0.8230
20	398	1	626.8835	1	7	0	1	1	0.8719	0.6326
20	399	1	628.4334	2	11	0	1	1	0.8722	0.8272
20	400	1	629.9833	14	3	0	1	1	0.8725	0.7492
20	401	1	631.5332	13	6	0	1	1	0.8728	0.8794
20	402	1	633.0831	11	9	0	1	1	0.8731	0.7056
20	403	1	634.6331	13	6	0	1	1	0.8734	0.6905
20	404	1	636.1830	12	1	0	1	1	0.8738	0.8055
20	405	1	637.7329	13	6	0	1	1	0.8741	0.7435
20	406	1	639.2828	12	1	0	1	1	0.8744	0.6971
20	407	1	640.8328	11	9	90	1	1	0.8747	0.7799
20	408	1	642.3827	9	14	0	1	1	0.8750	0.8926
20	409	1	643.9326	12	1	0	1	1	0.8753	0.6399
20	410	1	645.4825	9	14	90	1	1	0.8756	0.7377
20	411	1	647.0324	12	1	0	1	1	0.8759	0.6922
20	412	1	648.5823	13	6	90	1	1	0.8762	0.8225
20	413	1	650.1322	14	3	0	1	1	0.8765	0.6162
20	414	1	651.6822	15	2	0	1	1	0.8768	0.7131
20	415	1	653.2321	3	15	90	1	1	0.8771	0.9561
20	416	1	654.7820	4	8	0	1	1	0.8774	1.1188
20	417	1	656.3319	3	15	90	1	1	0.8777	0.7996
20	418	1	657.8818	1	7	0	1	1	0.8780	0.6574
20	419	1	659.4317	15	2	0	1	1	0.8783	0.6453
20	420	1	660.9817	3	15	0	1	1	0.8786	0.8535
20	421	1	662.5316	2	11	0	1	1	0.8789	0.9854
20	422	1	664.0815	1	7	0	1	1	0.8791	0.7310
20	423	1	665.6314	15	2	0	1	1	0.8794	0.6038
20	424	1	667.1813	2	11	0	1	1	0.8797	0.6223
20	425	1	668.7312	15	2	0	1	1	0.8800	0.7060
20	426	1	670.2812	3	15	0	1	1	0.8803	1.2193
20	427	1	671.8311	4	8	0	1	1	0.8806	0.8052
20	428	1	673.3810	5	5	0	1	1	0.8808	0.6637
20	429	1	674.9309	8	10	0	1	1	0.8811	0.7296
20	430	1	676.4808	7	12	0	1	1	0.8814	0.9064
20	431	1	678.0308	4	8	0	1	1	0.8817	0.6844
20	432	1	679.5807	5	5	0	1	1	0.8819	0.6225
20	433	1	681.1306	8	10	0	1	1	0.8822	0.7215
20	434	1	682.6805	9	14	0	1	1	0.8825	0.6600
20	435	1	684.2304	12	1	0	1	1	0.8828	0.5981
20	436	1	685.7804	9	14	0	1	1	0.8830	0.5681
20	437	1	687.3303	10	4	0	1	1	0.8833	0.6503
20	438	1	688.8802	11	9	0	1	1	0.8836	0.6351
20	439	1	690.4301	9	14	0	1	1	0.8838	0.6544
20	440	1	691.9800	10	4	0	1	1	0.8841	0.5766
20	441	1	693.5300	13	6	0	1	1	0.8844	0.5773
20	442	1	695.0799	14	3	0	1	1	0.8846	0.6286
20	443	1	696.6298	15	2	0	1	1	0.8849	0.6947
20	444	1	698.1797	14	3	0	1	1	0.8851	0.6327
20	445	1	699.7296	15	2	0	1	1	0.8854	0.6188
20	446	1	701.2795	2	11	0	1	1	0.8857	0.6357
20	447	1	702.8294	1	7	0	1	1	0.8859	0.5909
20	448	1	704.3794	14	3	0	1	1	0.8862	0.5453
20	449	1	705.9293	13	6	0	1	1	0.8864	0.5947
20	450	1	707.4792	12	1	0	1	1	0.8867	0.5160
20	451	1	709.0291	13	6	0	1	1	0.8869	0.4380
20	452	1	710.5790	10	4	0	1	1	0.8872	0.4577
20	453	1	712.1290	12	1	0	1	1	0.8874	0.4582
20	454	1	713.6789	10	4	0	1	1	0.8877	0.5896
20	455	1	715.2288	13	6	90	1	1	0.8879	0.7679
20	456	1	716.7787	10	4	0	1	1	0.8882	0.8004
20	457	1	718.3286	11	9	0	1	1	0.8884	0.6597
20	458	1	719.8785	10	4	0	1	1	0.8886	0.5646
20	459	1	721.4285	11	9	0	1	1	0.8889	0.6627
20	460	1	722.9784	9	14	0	1	1	0.8891	0.6338
20	461	1	724.5283	8	10	90	0	1	0.8872	0.5884
20	462	1	726.0782	7	12	0	1	1	0.8874	0.7330
20	463	1	727.6281	6	13	0	1	1	0.8877	1.1203
20	464	1	729.1781	8	10	0	1	1	0.8879	0.7708
20	465	1	730.7280	5	5	0	1	1	0.8882	0.6446
20	466	1	732.2779	4	8	0	1	1	0.8884	0.6133
20	467	1	733.8278	7	12	0	1	1	0.8887	0.6473
20	468	1	735.3777	6	13	0	1	1	0.8889	0.7148
20	469	1	736.9277	8	10	0	1	1	0.8891	0.6355
20	470	1	738.4776	6	13	0	1	1	0.8894	0.5908
20	471	1	740.0275	4	8	0	1	1	0.8896	0.5437
20	472	1	741.5774	5	5	0	1	1	0.8898	0.5794
20	473	1	743.1273	6	13	0	1	1	0.8901	0.5799
20	474	1	744.6772	5	5	0	1	1	0.8903	0.5979
20	475	1	746.2271	8	10	0	1	1	0.8905	0.6012
20	476	1	747.7771	9	14	0	1	1	0.8908	0.5232
20	477	1	749.3270	11	9	0	1	1	0.8910	0.4775
20	478	1	750.8769	9	14	0	1	1	0.8912	0.5276
20	479	1	752.4268	10	4	90	0	1	0.8894	0.5453
20	480	1	753.9767	11	9	0	1	1	0.8896	0.5636
20	481	1	755.5267	9	14	90	1	1	0.8898	0.8536
20	482	1	757.0766	10	4	90	1	1	0.8900	0.7916
20	483	1	758.6265	11	9	90	1	1	0.8903	0.6980
20	484	1	760.1764	12	1	90	1	1	0.8905	0.7801
20	485	1	761.7263	13	6	0	1	1	0.8907	0.5894
20	486	1	763.2762	12	1	0	1	1	0.8909	0.7042
20	487	1	764.8261	11	9	0	1	1	0.8912	0.6410
20	488	1	766.3761	10	4	0	1	1	0.8914	0.7406
20	489	1	767.9260	13	6	0	1	1	0.8916	0.5508
20	490	1	769.4759	14	3	0	1	1	0.8918	0.6315
20	491	1	771.0258	13	6	0	1	1	0.8921	0.6667
20	492	1	772.5757	14	3	0	1	1	0.8923	0.7314
20	493	1	774.1257	2	11	90	1	1	0.8925	0.8628
20	494	1	775.6756	3	15	0	1	1	0.8927	0.8803
20	495	1	777.2255	1	7	0	1	1	0.8929	0.8829
20	496	1	778.7754	14	3	0	1	1	0.8931	0.6770
20	497	1	780.3253	1	7	0	1	1	0.8934	0.6778
20	498	1	781.8752	3	15	90	1	1	0.8936	0.8415
20	499	1	783.4252	15	2	0	1	1	0.8938	0.6993
20	500	1	784.9751	14	3	0	1	1	0.8940	0.6374
20	501	1	786.5250	1	7	0	1	1	0.8942	0.7514
20	502	1	788.0749	2	11	0	1	1	0.8944	0.9615
20	503	1	789.6248	1	7	0	1	1	0.8946	0.6756
20	504	1	791.1748	2	11	0	1	1	0.8948	0.8696
20	505	1	792.7247	1	7	0	1	1	0.8950	0.6944
20	506	1	794.2746	14	3	0	1	1	0.8953	0.6505
20	507	1	795.8245	13	6	90	1	1	0.8955	0.7475
20	508	1	797.3744	11	9	0	1	1	0.8957	0.6369
20	509	1	798.9244	10	4	0	1	1	0.8959	0.7027
20	510	1	800.4743	9	14	0	1	1	0.8961	0.6730
20	511	1	802.0242	10	4	0	1	1	0.8963	0.6109
20	512	1	803.5741	9	14	90	1	1	0.8965	0.8064
20	513	1	805.1240	12	1	0	1	1	0.8967	0.5843
20	514	1	806.6739	9	14	0	1	1	0.8969	0.6510
20	515	1	808.2238	11	9	0	1	1	0.8971	0.6691
20	516	1	809.7738	13	6	0	1	1	0.8973	0.6548
20	517	1	811.3237	14	3	0	1	1	0.8975	0.6394
20	518	1	812.8736	15	2	0	1	1	0.8977	0.6415
20	519	1	814.4235	14	3	0	1	1	0.8979	0.5636
20	520	1	815.9735	15	2	0	1	1	0.8981	0.6148
20	521	1	817.5234	1	7	0	1	1	0.8983	0.6170
20	522	1	819.0733	14	3	0	1	1	0.8985	0.5862
20	523	1	820.6232	2	11	0	1	1	0.8987	0.7009
20	524	1	822.1731	3	15	0	1	1	0.8989	0.7031
20	525	1	823.7230	15	2	0	1	1	0.8990	0.6892
20	526	1	825.2730	2	11	0	1	1	0.8992	0.6279
20	527	1	826.8229	1	7	0	1	1	0.8994	0.6763
20	528	1	828.3728	2	11	90	1	1	0.8996	0.8383
20	529	1	829.9227	1	7	0	1	1	0.8998	0.6822
20	530	1	831.4726	14	3	0	1	1	0.9000	0.6197
20	531	1	833.0225	15	2	0	1	1	0.9002	0.6525
20	532	1	834.5725	14	3	0	1	1	0.9004	0.6242
20	533	1	836.1224	2	11	0	1	1	0.9006	0.7380
20	534	1	837.6723	14	3	0	1	1	0.9007	0.6267
20	535	1	839.2222	1	7	0	1	1	0.9009	0.5984
20	536	1	840.7721	14	3	0	1	1	0.9011	0.6484
20	537	1	842.3220	1	7	90	1	1	0.9013	0.7460
20	538	1	843.8720	14	3	0	1	1	0.9015	0.6524
20	539	1	845.4219	1	7	0	1	1	0.9017	0.6372
20	540	1	846.9718	2	11	0	1	1	0.9019	0.5592
20	541	1	848.5217	3	15	0	1	1	0.9020	0.7373
20	542	1	850.0716	4	8	0	1	1	0.9022	0.6927
20	543	1	851.6216	6	13	90	1	1	0.9024	0.8069
20	544	1	853.1715	8	10	90	1	1	0.9026	1.0009
20	545	1	854.7214	7	12	0	1	1	0.9028	0.8430
20	546	1	856.2713	8	10	0	1	1	0.9029	1.0055
20	547	1	857.8212	7	12	90	1	1	0.9031	0.8792
20	548	1	859.3711	6	13	0	1	1	0.9033	0.7359
20	549	1	860.9211	4	8	0	1	1	0.9035	0.7873
20	550	1	862.4710	6	13	90	1	1	0.9036	0.7733
20	551	1	864.0209	5	5	90	1	1	0.9038	0.7914
20	552	1	865.5708	6	13	0	1	1	0.9040	0.6975
20	553	1	867.1207	8	10	0	1	1	0.9042	0.7465
20	554	1	868.6706	5	5	90	1	1	0.9043	0.8444
20	555	1	870.2206	7	12	0	1	1	0.9045	0.7678
20	556	1	871.7705	4	8	0	1	1	0.9047	0.7045
20	557	1	873.3204	6	13	0	1	1	0.9048	0.7706
20	558	1	874.8703	4	8	90	1	1	0.9050	0.8047
20	559	1	876.4202	6	13	0	1	1	0.9052	0.6319
20	560	1	877.9702	8	10	90	0	1	0.9036	1.2582
20	561	1	879.8034	7	12	90	1	1	0.9037	0.9289
20	562	1	881.3533	8	10	0	1	1	0.9039	0.6591
20	563	1	882.9032	6	13	0	1	1	0.9041	0.7572
20	564	1	884.4532	5	5	0	1	1	0.9043	0.8870
20	565	1	886.0031	4	8	0	1	1	0.9044	0.7130
20	566	1	887.5530	3	15	0	1	1	0.9046	0.7472
20	567	1	889.1029	1	7	0	1	1	0.9048	0.6374
20	568	1	890.6528	2	11	90	1	1	0.9049	0.8474
20	569	1	892.2027	1	7	0	1	1	0.9051	0.6569
20	570	1	893.7526	14	3	0	1	1	0.9053	0.9480
20	571	1	895.3026	1	7	0	1	1	0.9054	0.7258
20	572	1	896.8525	15	2	90	1	1	0.9056	0.9518
20	573	1	898.4024	2	11	0	1	1	0.9058	0.8900
20	574	1	899.9523	14	3	0	1	1	0.9059	0.7320
20	575	1	901.5022	15	2	0	1	1	0.9061	0.6861
20	576	1	903.0522	3	15	0	1	1	0.9063	0.7042
20	577	1	904.6021	4	8	0	1	1	0.9064	0.7222
20	578	1	906.1520	7	12	90	1	1	0.9066	0.8030
20	579	1	907.7019	8	10	0	1	1	0.9067	0.7091
20	580	1	909.2518	6	13	0	1	1	0.9069	0.8248
20	581	1	910.8017	4	8	90	1	1	0.9071	0.9067
20	582	1	912.3517	3	15	0	1	1	0.9072	0.7964
20	583	1	913.9016	15	2	0	1	1	0.9074	0.7508
20	584	1	915.4515	14	3	0	1	1	0.9075	0.6728
20	585	1	917.0014	13	6	0	1	1	0.9077	0.7709
20	586	1	918.5513	12	1	0	1	1	0.9078	0.7252
20	587	1	920.1013	13	6	0	1	1	0.9080	0.7111
20	588	1	921.6512	11	9	0	1	1	0.9082	0.9211
20	589	1	923.2011	12	1	0	1	1	0.9083	0.8752
20	590	1	924.7510	10	4	0	1	1	0.9085	0.7972
20	591	1	926.3009	13	6	0	1	1	0.9086	0.7358
20	592	1	927.8508	12	1	0	1	1	0.9088	0.7361
20	593	1	929.4008	9	14	0	1	1	0.9089	0.8041
20	594	1	930.9507	10	4	0	1	1	0.9091	0.6136
20	595	1	932.5006	11	9	0	1	1	0.9092	0.7117
20	596	1	934.0505	10	4	90	1	1	0.9094	0.7619
20	597	1	935.6004	12	1	0	1	1	0.9095	0.6362
20	598	1	937.1504	9	14	0	1	1	0.9097	0.6379
20	599	1	938.7003	11	9	0	1	1	0.9098	0.5762
20	600	1	940.2502	10	4	0	1	1	0.9100	0.5776
20	601	1	1039.1781	12	1	0	-1	0	0.9085	-1.0000
20	602	1	1041.2115	9	14	90	1	1	0.9086	1.1852
20	603	1	1042.7614	11	9	0	1	1	0.9088	0.7550
20	604	1	1044.3113	10	4	90	1	1	0.9089	0.6925
20	605	1	1045.8612	12	1	0	1	1	0.9091	0.6616
20	606	1	1047.4111	11	9	0	1	1	0.9092	0.5997
20	607	1	1048.9611	10	4	0	1	1	0.9094	0.6512
20	608	1	1050.5110	11	9	0	1	1	0.9095	0.6051
20	609	1	1052.0609	9	14	0	1	1	0.9097	0.6873
20	610	1	1053.6108	11	9	0	1	1	0.9098	0.5614
20	611	1	1055.1607	12	1	0	1	1	0.9100	0.5795
20	612	1	1056.7106	11	9	0	1	1	0.9101	0.6122
20	613	1	1058.2606	12	1	0	1	1	0.9103	0.5994
20	614	1	1059.8105	10	4	0	1	1	0.9104	0.5537
20	615	1	1061.3604	12	1	0	1	1	0.9106	0.5237
20	616	1	1062.9103	13	6	0	1	1	0.9107	0.5418
20	617	1	1064.4603	11	9	0	1	1	0.9109	0.7346
20	618	1	1066.0102	10	4	0	1	1	0.9110	0.8021
20	619	1	1067.5601	13	6	0	1	1	0.9111	0.5482
20	620	1	1069.1100	10	4	0	1	1	0.9113	0.5823
20	621	1	1070.6599	12	1	0	1	1	0.9114	0.5509
20	622	1	1072.2098	9	14	0	1	1	0.9116	0.5704
20	623	1	1073.7598	11	9	0	1	1	0.9117	0.5715
20	624	1	1075.3097	9	14	90	1	1	0.9119	0.8144
20	625	1	1076.8596	11	9	90	1	1	0.9120	0.7849
20	626	1	1078.4095	12	1	0	1	1	0.9121	0.5467
20	627	1	1079.9594	10	4	0	1	1	0.9123	0.5487
20	628	1	1081.5094	9	14	0	1	1	0.9124	0.6135
20	629	1	1083.0593	10	4	90	1	1	0.9126	0.6956
20	630	1	1084.6092	13	6	90	1	1	0.9127	0.6831
20	631	1	1086.1591	10	4	90	1	1	0.9128	0.6856
20	632	1	1087.7090	9	14	0	1	1	0.9130	0.6218
20	633	1	1089.2589	8	10	0	1	1	0.9131	0.9613
20	634	1	1090.8088	6	13	0	1	1	0.9132	0.6746
20	635	1	1092.3588	4	8	90	1	1	0.9134	0.7095
20	636	1	1093.9087	6	13	0	1	1	0.9135	0.5677
20	637	1	1095.4586	4	8	0	1	1	0.9137	0.8577
20	638	1	1097.0085	5	5	0	1	1	0.9138	0.7157
20	639	1	1098.5584	4	8	0	1	1	0.9139	0.7337
20	640	1	1100.1083	3	15	0	1	1	0.9141	0.7521
20	641	1	1101.6583	2	11	0	0	1	0.9126	0.7538
20	642	1	1103.2082	15	2	90	1	1	0.9128	1.2198
20	643	1	1104.7581	3	15	0	1	1	0.9129	0.7727
20	644	1	1106.3080	4	8	0	1	1	0.9130	0.6642
20	645	1	1107.8579	7	12	0	1	1	0.9132	0.7780
20	646	1	1109.4079	5	5	0	1	1	0.9133	0.7164
20	647	1	1110.9578	6	13	0	1	1	0.9134	0.7032
20	648	1	1112.5077	4	8	90	1	1	0.9136	0.7031
20	649	1	1114.0576	7	12	0	1	1	0.9137	0.7867
20	650	1	1115.6075	4	8	0	1	1	0.9138	0.6433
20	651	1	1117.1575	6	13	0	1	1	0.9140	0.6791
20	652	1	1118.7074	4	8	0	1	1	0.9141	1.0491
20	653	1	1120.2573	6	13	0	1	1	0.9142	0.7629
20	654	1	1121.8072	4	8	0	1	1	0.9144	0.5729
20	655	1	1123.3571	5	5	0	1	1	0.9145	0.5910
20	656	1	1124.9070	6	13	90	1	1	0.9146	0.6570
20	657	1	1126.4569	7	12	90	1	1	0.9148	0.9153
20	658	1	1128.0069	5	5	0	1	1	0.9149	0.5960
20	659	1	1129.5568	8	10	90	1	1	0.9150	1.0313
20	660	1	1131.1067	6	13	0	1	1	0.9152	0.6643
20	661	1	1132.6566	8	10	0	1	1	0.9153	0.6036
20	662	1	1134.2066	5	5	0	1	1	0.9154	0.6055
20	663	1	1135.7565	6	13	0	1	1	0.9155	0.5117
20	664	1	1137.3064	4	8	0	1	1	0.9157	0.6259
20	665	1	1138.8563	6	13	0	1	1	0.9158	0.5638
20	666	1	1140.4062	4	8	0	1	1	0.9159	0.6139
20	667	1	1141.9561	3	15	0	1	1	0.9160	0.6952
20	668	1	1143.5061	2	11	0	1	1	0.9162	0.7620
20	669	1	1145.0560	3	15	0	1	1	0.9163	0.6028
20	670	1	1146.6059	15	2	0	1	1	0.9164	0.5263
20	671	1	1148.1558	14	3	0	1	1	0.9165	0.5923
20	672	1	1149.7057	2	11	0	1	1	0.9167	0.6102
20	673	1	1151.2557	1	7	0	1	1	0.9168	0.4992
20	674	1	1152.8056	3	15	0	1	1	0.9169	0.5826
20	675	1	1154.3555	4	8	0	1	1	0.9170	0.6331
20	676	1	1155.9054	5	5	0	1	1	0.9172	0.5863
20	677	1	1157.4553	8	10	0	1	1	0.9173	0.5566
20	678	1	1159.0052	9	14	0	1	1	0.9174	0.6384
20	679	1	1160.5552	10	4	0	1	1	0.9175	0.5449
20	680	1	1162.1051	11	9	90	1	1	0.9176	0.7392
20	681	1	1163.6550	10	4	0	1	1	0.9178	0.6452
20	682	1	1165.2049	9	14	0	1	1	0.9179	0.5499
20	683	1	1166.7548	8	10	0	1	1	0.9180	0.5052
20	684	1	1168.3047	7	12	0	1	1	0.9181	0.6834
20	685	1	1169.8547	8	10	0	1	1	0.9182	0.4761
20	686	1	1171.4046	9	14	0	1	1	0.9184	0.5274
20	687	1	1172.9545	11	9	0	1	1	0.9185	0.5603
20	688	1	1174.5044	10	4	0	1	1	0.9186	0.4037
20	689	1	1176.0544	11	9	90	0	1	0.9173	0.3404
20	690	1	1177.6043	9	14	0	1	1	0.9174	0.8562
20	691	1	1179.1542	12	1	0	1	1	0.9175	0.6980
20	692	1	1180.7041	10	4	90	1	1	0.9176	0.6827
20	693	1	1182.2540	12	1	0	1	1	0.9177	0.6379
20	694	1	1183.8039	9	14	0	1	1	0.9179	0.5762
20	695	1	1185.3538	10	4	90	1	1	0.9180	0.7220
20	696	1	1186.9037	12	1	0	1	1	0.9181	0.6275
20	697	1	1188.4537	11	9	0	1	1	0.9182	0.7426
20	698	1	1190.0036	10	4	0	1	1	0.9183	0.6006
20	699	1	1191.5535	12	1	0	1	1	0.9185	0.5706
20	700	1	1193.1034	10	4	0	1	1	0.9186	0.7313
20	701	1	1194.6533	13	6	0	1	1	0.9187	0.6067
20	702	1	1196.2033	12	1	0	1	1	0.9188	0.5274
20	703	1	1197.7532	9	14	0	1	1	0.9189	0.5314
20	704	1	1199.3031	12	1	90	0	1	0.9176	0.5645
20	705	1	1200.8530	11	9	0	1	1	0.9177	0.5987
20	706	1	1202.4029	9	14	90	1	1	0.9178	0.7278
20	707	1	1203.9529	8	10	0	1	1	0.9180	0.6351
20	708	1	1205.5028	6	13	0	1	1	0.9181	0.6850
20	709	1	1207.0527	4	8	0	1	1	0.9182	0.6862
20	710	1	1208.6026	6	13	90	1	1	0.9183	0.8011
20	711	1	1210.1525	7	12	0	1	1	0.9184	0.8502
20	712	1	1211.7024	8	10	0	1	1	0.9185	0.5976
20	713	1	1213.2524	7	12	90	1	1	0.9187	0.8242
20	714	1	1214.8023	4	8	0	1	1	0.9188	0.6485
20	715	1	1216.3522	5	5	0	1	1	0.9189	0.6041
20	716	1	1217.9021	7	12	0	1	1	0.9190	0.8782
20	717	1	1219.4520	4	8	0	1	1	0.9191	0.6227
20	718	1	1221.0020	3	15	90	1	1	0.9192	0.6738
20	719	1	1222.5519	15	2	0	1	1	0.9193	0.6762
20	720	1	1224.1018	2	11	0	1	1	0.9194	0.9654
20	721	1	1225.6517	15	2	90	1	1	0.9196	0.9684
20	722	1	1227.2016	1	7	0	1	1	0.9197	0.6824
20	723	1	1228.7515	2	11	90	1	1	0.9198	0.8432
20	724	1	1230.3015	14	3	90	1	1	0.9199	0.7653
20	725	1	1231.8514	13	6	90	1	1	0.9200	0.9447
20	726	1	1233.4013	10	4	0	1	1	0.9201	0.6750
20	727	1	1234.9512	13	6	90	1	1	0.9202	0.6768
20	728	1	1236.5011	11	9	90	1	1	0.9203	0.7109
20	729	1	1238.0511	9	14	0	1	1	0.9204	0.6956
20	730	1	1239.6010	8	10	0	1	1	0.9205	0.8913
20	731	1	1241.1509	6	13	0	1	1	0.9207	0.8932
20	732	1	1242.7008	5	5	90	1	1	0.9208	0.7192
20	733	1	1244.2507	7	12	0	1	1	0.9209	0.6719
20	734	1	1245.8006	4	8	90	1	1	0.9210	0.7235
20	735	1	1247.3506	7	12	0	1	1	0.9211	0.7401
20	736	1	1248.9005	6	13	0	1	1	0.9212	0.7102
20	737	1	1250.4504	8	10	0	1	1	0.9213	0.7455
20	738	1	1252.0003	7	12	0	1	1	0.9214	0.6823
20	739	1	1253.5502	4	8	0	1	1	0.9215	0.5886
20	740	1	1255.1001	6	13	90	1	1	0.9216	0.7520
20	741	1	1256.6501	4	8	0	1	1	0.9217	0.8168
20	742	1	1258.2000	7	12	90	1	1	0.9218	0.7402
20	743	1	1259.7499	8	10	90	1	1	0.9219	0.9666
20	744	1	1261.2998	9	14	0	1	1	0.9220	0.6646
20	745	1	1262.8497	11	9	90	1	1	0.9221	0.7303
20	746	1	1264.3997	13	6	0	1	1	0.9223	0.7630
20	747	1	1265.9496	14	3	0	1	1	0.9224	0.6851
20	748	1	1267.4995	2	11	0	1	1	0.9225	0.8154
20	749	1	1269.0494	15	2	0	1	1	0.9226	0.6112
20	750	1	1270.5993	14	3	0	1	1	0.9227	0.6927
20	751	1	1272.1492	13	6	90	1	1	0.9228	1.0470
20	752	1	1273.6991	12	1	90	1	1	0.9229	0.9515
20	753	1	1275.2491	9	14	0	1	1	0.9230	0.6350
20	754	1	1276.7990	10	4	0	1	1	0.9231	0.7173
20	755	1	1278.3489	12	1	0	1	1	0.9232	0.6711
20	756	1	1279.8988	9	14	0	1	1	0.9233	0.5130
20	757	1	1281.4488	12	1	0	1	1	0.9234	0.5314
20	758	1	1282.9987	11	9	0	1	1	0.9235	0.6776
20	759	1	1284.5486	9	14	0	1	1	0.9236	0.5678
20	760	1	1286.0985	11	9	0	1	1	0.9237	0.5695
20	761	1	1287.6484	10	4	0	1	1	0.9238	0.5877
20	762	1	1289.1983	11	9	0	1	1	0.9239	0.5723
20	763	1	1290.7483	9	14	0	1	1	0.9240	0.4144
20	764	1	1292.2982	10	4	0	1	1	0.9241	0.7699
20	765	1	1293.8481	9	14	0	1	1	0.9242	0.6283
20	766	1	1295.3980	10	4	0	1	1	0.9243	0.5167
20	767	1	1296.9479	12	1	90	1	1	0.9244	0.7769
20	768	1	1298.4979	13	6	0	1	1	0.9245	0.5211
20	769	1	1300.0477	12	1	90	1	1	0.9246	0.6041
20	770	1	1301.5977	11	9	0	1	1	0.9247	0.6055
20	771	1	1303.1476	9	14	0	1	1	0.9248	0.6550
20	772	1	1304.6975	8	10	90	1	1	0.9249	0.9947
20	773	1	1306.2474	5	5	0	1	1	0.9250	0.7392
20	774	1	1307.7974	6	13	90	1	1	0.9251	0.7427
20	775	1	1309.3473	8	10	0	1	1	0.9252	0.6313
20	776	1	1310.8972	9	14	90	1	1	0.9253	0.8747
20	777	1	1312.4471	11	9	0	1	1	0.9254	0.6367
20	778	1	1313.9970	13	6	0	1	1	0.9254	0.5736
20	779	1	1315.5469	10	4	90	1	1	0.9255	0.6729
20	780	1	1317.0969	12	1	0	1	1	0.9256	0.7550
20	781	1	1318.6468	9	14	0	1	1	0.9257	0.6932
20	782	1	1320.1967	12	1	0	1	1	0.9258	0.6792
20	783	1	1321.7466	9	14	0	1	1	0.9259	0.6013
20	784	1	1323.2965	12	1	90	1	1	0.9260	0.6679
20	785	1	1324.8464	13	6	0	1	1	0.9261	0.5099
20	786	1	1326.3964	14	3	90	1	1	0.9262	0.6715
20	787	1	1327.9463	2	11	90	0	1	0.9250	0.5136
20	788	1	1329.4962	1	7	0	1	1	0.9251	0.7064
20	789	1	1331.0461	3	15	0	1	1	0.9252	0.9167
20	790	1	1332.5960	4	8	0	1	1	0.9253	0.7121
20	791	1	1334.1460	5	5	90	1	1	0.9254	0.6660
20	792	1	1335.6959	8	10	0	1	1	0.9255	0.6507
20	793	1	1337.2458	5	5	0	1	1	0.9256	0.6382
20	794	1	1338.7957	4	8	0	1	1	0.9257	0.6882
20	795	1	1340.3456	3	15	90	1	1	0.9258	0.7228
20	796	1	1341.8955	4	8	0	1	1	0.9259	0.6283
20	797	1	1343.4455	7	12	90	1	1	0.9260	0.9172
20	798	1	1344.9953	4	8	0	1	1	0.9261	0.6162
20	799	1	1346.5453	5	5	90	1	1	0.9262	0.7133
20	800	1	1348.0952	4	8	0	1	1	0.9263	0.6848
20	801	1	1349.6451	3	15	90	1	1	0.9263	0.8295
20	802	1	1351.1951	4	8	0	1	1	0.9264	0.6890
20	803	1	1352.7450	3	15	0	1	1	0.9265	0.7713
20	804	1	1354.2949	2	11	90	1	1	0.9266	0.7250
20	805	1	1355.8448	14	3	0	1	1	0.9267	0.6458
20	806	1	1357.3947	1	7	90	1	1	0.9268	0.8573
20	807	1	1358.9446	3	15	0	1	1	0.9269	1.1140
20	808	1	1360.4945	1	7	0	1	1	0.9270	0.7175
20	809	1	1362.0445	3	15	90	1	1	0.9271	0.6555
20	810	1	1363.5944	4	8	90	1	1	0.9272	0.7545
20	811	1	1365.1443	5	5	0	1	1	0.9273	0.7077
20	812	1	1366.6942	6	13	0	1	1	0.9273	0.7576
20	813	1	1368.2442	7	12	0	1	1	0.9274	0.7264
20	814	1	1369.7941	6	13	0	1	1	0.9275	0.5694
20	815	1	1371.3440	4	8	90	1	1	0.9276	0.7160
20	816	1	1372.8939	7	12	90	1	1	0.9277	0.8140
20	817	1	1374.4438	5	5	0	1	1	0.9278	0.6399
20	818	1	1375.9938	6	13	90	1	1	0.9279	0.6888
20	819	1	1377.5437	7	12	0	1	1	0.9280	0.6920
20	820	1	1379.0936	8	10	0	1	1	0.9280	0.6942
20	821	1	1380.6435	6	13	0	1	1	0.9281	0.5676
20	822	1	1382.1934	8	10	0	1	1	0.9282	0.6343
20	823	1	1383.7433	9	14	90	1	1	0.9283	0.7807
20	824	1	1385.2932	12	1	0	1	1	0.9284	0.5574
20	825	1	1386.8432	10	4	0	1	1	0.9285	0.6716
20	826	1	1388.3931	11	9	0	1	1	0.9286	0.6432
20	827	1	1389.9430	12	1	0	1	1	0.9287	0.6756
20	828	1	1391.4929	9	14	0	1	1	0.9287	0.5670
20	829	1	1393.0428	11	9	90	1	1	0.9288	0.7437
20	830	1	1394.5927	9	14	0	1	1	0.9289	0.6037
20	831	1	1396.1427	8	10	0	1	1	0.9290	0.7172
20	832	1	1397.6926	5	5	90	1	1	0.9291	0.7500
20	833	1	1399.2425	4	8	0	1	1	0.9292	0.6575
20	834	1	1400.7924	7	12	0	1	1	0.9293	0.7392
20	835	1	1402.3424	4	8	90	1	1	0.9293	0.6775
20	836	1	1403.8922	5	5	90	1	1	0.9294	0.7103
20	837	1	1405.4422	6	13	0	1	1	0.9295	0.6977
20	838	1	1406.9921	7	12	0	1	1	0.9296	0.7477
20	839	1	1408.5420	5	5	0	1	1	0.9297	0.6060
20	840	1	1410.0919	7	12	0	1	1	0.9298	0.7358
20	841	1	1411.6419	5	5	0	1	1	0.9298	0.6259
20	842	1	1413.1918	7	12	0	1	1	0.9299	0.6923
20	843	1	1414.7417	6	13	0	1	1	0.9300	0.5497
20	844	1	1416.2916	7	12	0	1	1	0.9301	0.6168
20	845	1	1417.8415	4	8	0	1	1	0.9302	0.6023
20	846	1	1419.3914	5	5	0	1	1	0.9303	0.5407
20	847	1	1420.9413	4	8	0	1	1	0.9303	0.6052
20	848	1	1422.4913	5	5	0	1	1	0.9304	0.5113
20	849	1	1424.0412	8	10	0	1	1	0.9305	0.4826
20	850	1	1425.5911	7	12	0	1	1	0.9306	0.4688
20	851	1	1427.1410	6	13	90	1	1	0.9307	0.7589
20	852	1	1428.6909	5	5	0	1	1	0.9308	0.5529
20	853	1	1430.2409	6	13	0	1	1	0.9308	0.7636
20	854	1	1431.7908	4	8	0	1	1	0.9309	0.6526
20	855	1	1433.3407	7	12	0	1	1	0.9310	0.6394
20	856	1	1434.8906	6	13	90	1	1	0.9311	0.8340
20	857	1	1436.4405	4	8	0	1	1	0.9312	0.4993
20	858	1	1437.9904	7	12	0	1	1	0.9312	0.7721
20	859	1	1439.5404	5	5	0	1	1	0.9313	0.5676
20	860	1	1441.0903	6	13	0	1	1	0.9314	0.3778
20	861	1	1442.6402	5	5	0	1	1	0.9315	0.4752
20	862	1	1444.1901	6	13	0	1	1	0.9316	0.5257
20	863	1	1445.7400	7	12	0	1	1	0.9316	0.6545
20	864	1	1447.2900	6	13	0	1	1	0.9317	0.5447
20	865	1	1448.8399	8	10	0	1	1	0.9318	0.5626
20	866	1	1450.3898	9	14	0	1	1	0.9319	0.4700
20	867	1	1451.9397	8	10	0	1	1	0.9319	0.5668
20	868	1	1453.4896	5	5	90	1	1	0.9320	0.7129
20	869	1	1455.0395	7	12	0	1	1	0.9321	0.5870
20	870	1	1456.5895	4	8	0	1	1	0.9322	0.5904
20	871	1	1458.1394	6	13	0	1	1	0.9323	0.5591
20	872	1	1459.6893	4	8	0	1	1	0.9323	0.6252
20	873	1	1461.2392	6	13	0	1	1	0.9324	0.4842
20	874	1	1462.7891	7	12	0	1	1	0.9325	0.7414
20	875	1	1464.3391	8	10	0	1	1	0.9326	0.5368
20	876	1	1465.8890	5	5	0	1	1	0.9326	0.5549
20	877	1	1467.4389	8	10	0	1	1	0.9327	0.5256
20	878	1	1468.9888	5	5	90	1	1	0.9328	0.8951
20	879	1	1470.5387	4	8	0	1	1	0.9329	0.5610
20	880	1	1472.0886	6	13	90	1	1	0.9330	0.7551
20	881	1	1473.6386	4	8	0	1	1	0.9330	0.5653
20	882	1	1475.1885	6	13	0	1	1	0.9331	0.6460
20	883	1	1476.7384	7	12	0	1	1	0.9332	0.7776
20	884	1	1478.2883	5	5	0	1	1	0.9333	0.5393
20	885	1	1479.8382	4	8	90	1	1	0.9333	0.6842
20	886	1	1481.3882	3	15	90	1	1	0.9334	0.7517
20	887	1	1482.9381	15	2	0	1	1	0.9335	0.6418
20	888	1	1484.4880	14	3	90	1	1	0.9336	0.6757
20	889	1	1486.0379	2	11	0	1	1	0.9336	0.5806
20	890	1	1487.5878	1	7	0	1	1	0.9337	0.6799
20	891	1	1489.1377	14	3	90	1	1	0.9338	0.7300
20	892	1	1490.6877	15	2	0	1	1	0.9339	0.5724
20	893	1	1492.2376	2	11	0	0	1	0.9328	0.7188
20	894	1	1493.7875	3	15	0	1	1	0.9329	0.7365
20	895	1	1495.3374	1	7	90	1	1	0.9330	0.8664
20	896	1	1496.8873	14	3	0	1	1	0.9330	0.5806
20	897	1	1498.4372	15	2	90	1	1	0.9331	0.9172
20	898	1	1499.9872	2	11	0	1	1	0.9332	0.7445
20	899	1	1501.5371	3	15	0	1	1	0.9333	0.7294
20	900	1	1503.0870	1	7	0	1	1	0.9333	0.7011
20	901	1	1504.6369	15	2	90	1	1	0.9334	0.9434
20	902	1	1506.1869	14	3	0	1	1	0.9335	0.7204
20	903	1	1507.7368	13	6	0	1	1	0.9336	0.8017
20	904	1	1509.2867	14	3	0	1	1	0.9336	0.6771
20	905	1	1510.8366	2	11	0	1	1	0.9337	0.6950
20	906	1	1512.3865	3	15	0	1	1	0.9338	0.7134
20	907	1	1513.9364	2	11	0	1	1	0.9338	0.6673
20	908	1	1515.4863	1	7	0	1	1	0.9339	0.6695
20	909	1	1517.0363	15	2	0	1	1	0.9340	0.6222
20	910	1	1518.5862	1	7	0	1	1	0.9341	0.6895
20	911	1	1520.1361	3	15	90	1	1	0.9341	0.8345
20	912	1	1521.6860	15	2	0	1	1	0.9342	0.6603
20	913	1	1523.2360	14	3	0	1	1	0.9343	0.6638
20	914	1	1524.7859	2	11	0	1	1	0.9344	0.6179
20	915	1	1526.3358	14	3	90	1	1	0.9344	0.9078
20	916	1	1527.8857	13	6	0	1	1	0.9345	0.6530
20	917	1	1529.4356	10	4	0	1	1	0.9346	0.6722
20	918	1	1530.9855	11	9	0	1	1	0.9346	0.7529
20	919	1	1532.5354	12	1	90	1	1	0.9347	0.8190
20	920	1	1534.0853	9	14	0	1	1	0.9348	0.7423
20	921	1	1535.6353	11	9	0	1	1	0.9349	0.7108
20	922	1	1537.1852	10	4	0	1	1	0.9349	0.6346
20	923	1	1538.7351	12	1	0	1	1	0.9350	0.7645
20	924	1	1540.2850	11	9	0	1	1	0.9351	0.6706
20	925	1	1541.8349	9	14	0	1	1	0.9351	0.5915
20	926	1	1543.3849	8	10	90	1	1	0.9352	0.9788
20	927	1	1544.9348	9	14	0	1	1	0.9353	0.5958
20	928	1	1546.4847	8	10	0	1	1	0.9353	0.7897
20	929	1	1548.0346	5	5	90	1	1	0.9354	0.7932
20	930	1	1549.5845	8	10	0	1	1	0.9355	0.6510
20	931	1	1551.1345	7	12	0	1	1	0.9356	0.7639
20	932	1	1552.6844	6	13	90	1	1	0.9356	0.8460
20	933	1	1554.2343	5	5	0	1	1	0.9357	0.6256
20	934	1	1555.7842	8	10	0	1	1	0.9358	0.6596
20	935	1	1557.3341	9	14	0	1	1	0.9358	0.6135
20	936	1	1558.8840	12	1	90	1	1	0.9359	0.7264
20	937	1	1560.4340	10	4	0	1	1	0.9360	0.6025
20	938	1	1561.9839	13	6	90	1	1	0.9360	0.7002
20	939	1	1563.5338	10	4	0	1	1	0.9361	0.5086
20	940	1	1565.0837	11	9	0	1	1	0.9362	0.6387
20	941	1	1566.6336	9	14	0	1	1	0.9362	0.6101
20	942	1	1568.1835	11	9	0	1	1	0.9363	0.5641
20	943	1	1569.7334	10	4	0	1	1	0.9364	0.5663
20	944	1	1571.2834	11	9	90	1	1	0.9364	0.6804
20	945	1	1572.8333	9	14	0	1	1	0.9365	0.6011
20	946	1	1574.3832	12	1	0	1	1	0.9366	0.7312
20	947	1	1575.9331	13	6	90	1	1	0.9366	0.8307
20	948	1	1577.4830	14	3	0	1	1	0.9367	0.5593
20	949	1	1579.0330	1	7	0	1	1	0.9368	0.6415
20	950	1	1580.5829	2	11	0	1	1	0.9368	0.6116
20	951	1	1582.1328	3	15	0	1	1	0.9369	0.7430
20	952	1	1583.6827	2	11	90	1	1	0.9370	0.9037
20	953	1	1585.2326	14	3	0	1	1	0.9370	0.6350
20	954	1	1586.7826	1	7	0	1	1	0.9371	0.5892
20	955	1	1588.3325	3	15	0	1	1	0.9372	0.6869
20	956	1	1589.8824	15	2	0	1	1	0.9372	0.6880
20	957	1	1591.4323	1	7	0	1	1	0.9373	0.5473
20	958	1	1592.9822	3	15	0	1	1	0.9374	0.6282
20	959	1	1594.5322	2	11	0	1	1	0.9374	0.6638
20	960	1	1596.0821	14	3	0	1	1	0.9375	0.5692
20	961	1	1597.6320	15	2	0	1	1	0.9376	0.5877
20	962	1	1599.1819	2	11	90	1	1	0.9376	0.8618
20	963	1	1600.7318	14	3	0	1	1	0.9377	0.5759
20	964	1	1602.2817	13	6	0	1	1	0.9378	0.6738
20	965	1	1603.8316	10	4	0	1	1	0.9378	0.5961
20	966	1	1605.3816	13	6	0	1	1	0.9379	0.5181
20	967	1	1606.9315	12	1	0	1	1	0.9380	0.5989
20	968	1	1608.4814	9	14	90	1	1	0.9380	0.7462
20	969	1	1610.0313	10	4	0	1	1	0.9381	0.5244
20	970	1	1611.5812	12	1	90	1	1	0.9381	0.7331
20	971	1	1613.1312	13	6	0	1	1	0.9382	0.5925
20	972	1	1614.6811	12	1	0	1	1	0.9383	0.5466
20	973	1	1616.2310	11	9	0	1	1	0.9383	0.6125
20	974	1	1617.7809	13	6	0	1	1	0.9384	0.4854
20	975	1	1619.3308	12	1	90	1	1	0.9385	0.7452
20	976	1	1620.8808	10	4	0	1	1	0.9385	0.5070
20	977	1	1622.4307	12	1	0	1	1	0.9386	0.5254
20	978	1	1623.9806	13	6	0	1	1	0.9387	0.5578
20	979	1	1625.5305	10	4	90	1	1	0.9387	0.6878
20	980	1	1627.0804	9	14	0	1	1	0.9388	0.6582
20	981	1	1628.6303	12	1	0	1	1	0.9388	0.5813
20	982	1	1630.1802	9	14	0	1	1	0.9389	0.6630
20	983	1	1631.7302	11	9	0	1	1	0.9390	0.5522
20	984	1	1633.2801	13	6	0	1	1	0.9390	0.5235
20	985	1	1634.8300	14	3	0	1	1	0.9391	0.5578
20	986	1	1636.3799	13	6	0	1	1	0.9391	0.5904
20	987	1	1637.9298	14	3	0	1	1	0.9392	0.5616
20	988	1	1639.4798	15	2	0	1	1	0.9393	0.4998
20	989	1	1641.0297	14	3	0	1	1	0.9393	0.4527
20	990	1	1642.5796	13	6	0	1	1	0.9394	0.4869
20	991	1	1644.1295	11	9	0	1	1	0.9395	0.5702
20	992	1	1645.6794	12	1	0	1	1	0.9395	0.7164
20	993	1	1647.2293	13	6	0	1	1	0.9396	0.5410
20	994	1	1648.7793	12	1	0	1	1	0.9396	0.4804
20	995	1	1650.3292	9	14	0	1	1	0.9397	0.5464
20	996	1	1651.8791	10	4	90	1	1	0.9398	0.6752
20	997	1	1653.4290	9	14	0	1	1	0.9398	0.5987
20	998	1	1654.9789	8	10	0	1	1	0.9399	0.6634
20	999	1	1656.5289	7	12	90	1	1	0.9399	0.9229
20	1000	1	1658.0788	4	8	0	1	1	0.9400	0.7315
20	1001	1	1659.6287	3	15	0	1	1	0.9401	0.6856
20	1002	1	1661.1786	4	8	0	1	1	0.9401	0.5293
20	1003	1	1662.7285	6	13	0	1	1	0.9402	0.6275
20	1004	1	1664.2784	5	5	90	1	1	0.9402	0.7239
20	1005	1	1665.8284	8	10	90	1	1	0.9403	1.0312
20	1006	1	1667.3783	6	13	0	1	1	0.9404	0.5692
20	1007	1	1668.9282	7	12	0	1	1	0.9404	0.8278
20	1008	1	1670.4781	4	8	0	1	1	0.9405	0.7015
20	1009	1	1672.0280	3	15	0	1	1	0.9405	0.6554
20	1010	1	1673.5780	2	11	0	1	1	0.9406	0.6568
20	1011	1	1675.1279	3	15	0	1	1	0.9407	0.6118
20	1012	1	1676.6778	4	8	0	1	1	0.9407	0.5497
20	1013	1	1678.2277	7	12	0	1	1	0.9408	0.6959
20	1014	1	1679.7776	8	10	0	1	1	0.9408	0.7617
20	1015	1	1681.3275	6	13	0	1	1	0.9409	0.5885
20	1016	1	1682.8775	7	12	0	1	1	0.9409	0.6539
20	1017	1	1684.4274	6	13	0	1	1	0.9410	0.6093
20	1018	1	1685.9773	7	12	0	1	1	0.9411	0.7384
20	1019	1	1687.5272	6	13	0	1	1	0.9411	0.4687
20	1020	1	1689.0771	8	10	0	1	1	0.9412	0.5343
20	1021	1	1690.6270	7	12	90	1	1	0.9412	0.8553
20	1022	1	1692.1770	8	10	0	1	1	0.9413	0.6174
20	1023	1	1693.7269	6	13	0	1	1	0.9413	0.5876
20	1024	1	1695.2768	5	5	0	1	1	0.9414	0.4934
20	1025	1	1696.8267	8	10	0	1	1	0.9415	0.4169
20	1026	1	1698.3766	7	12	0	1	1	0.9415	0.6270
20	1027	1	1699.9265	8	10	0	1	1	0.9416	0.4694
20	1028	1	1701.4765	9	14	0	1	1	0.9416	0.5351
20	1029	1	1703.0264	12	1	0	1	1	0.9417	0.6639
20	1030	1	1704.5763	10	4	90	1	1	0.9417	0.6674
20	1031	1	1706.1262	11	9	0	1	1	0.9418	0.5883
20	1032	1	1707.6762	9	14	0	1	1	0.9419	0.5595
20	1033	1	1709.2261	12	1	0	1	1	0.9419	0.5454
20	1034	1	1710.7760	9	14	0	1	1	0.9420	0.5143
20	1035	1	1712.3259	12	1	0	1	1	0.9420	0.4857
20	1036	1	1713.8758	10	4	90	1	1	0.9421	0.6630
20	1037	1	1715.4257	11	9	0	1	1	0.9421	0.5859
20	1038	1	1716.9757	9	14	0	1	1	0.9422	0.4440
20	1039	1	1718.5256	10	4	0	1	1	0.9423	0.5567
20	1040	1	1720.0755	13	6	0	1	1	0.9423	0.4803
20	1041	1	1721.6254	14	3	0	1	1	0.9424	0.5768
20	1042	1	1723.1753	15	2	0	1	1	0.9424	0.5630
20	1043	1	1724.7252	1	7	90	1	1	0.9425	0.7583
20	1044	1	1726.2752	2	11	0	1	1	0.9425	0.7442
20	1045	1	1727.8251	1	7	0	1	1	0.9426	0.6664
20	1046	1	1729.3750	3	15	0	1	1	0.9426	0.7167
20	1047	1	1730.9249	1	7	0	1	1	0.9427	0.4784
20	1048	1	1732.4748	2	11	90	1	1	0.9427	0.7674
20	1049	1	1734.0247	3	15	0	1	1	0.9428	0.6589
20	1050	1	1735.5747	2	11	0	1	1	0.9429	0.6929
20	1051	1	1737.1246	3	15	0	1	1	0.9429	0.6307
20	1052	1	1738.6745	4	8	90	1	1	0.9430	0.8717
20	1053	1	1740.2244	3	15	0	1	1	0.9430	0.6034
20	1054	1	1741.7743	4	8	0	1	1	0.9431	0.5719
20	1055	1	1743.3243	3	15	0	1	1	0.9431	0.9579
20	1056	1	1744.8742	1	7	0	1	1	0.9432	0.7041
20	1057	1	1746.4241	15	2	0	1	1	0.9432	0.5941
20	1058	1	1747.9740	3	15	0	1	1	0.9433	0.6122
20	1059	1	1749.5239	2	11	0	1	1	0.9433	0.8398
20	1060	1	1751.0738	14	3	0	1	1	0.9434	0.5698
20	1061	1	1752.6237	13	6	0	1	1	0.9434	0.5720
20	1062	1	1754.1737	10	4	0	1	1	0.9435	0.6525
20	1063	1	1755.7236	13	6	0	1	1	0.9436	0.5759
20	1064	1	1757.2735	10	4	0	1	1	0.9436	0.5459
20	1065	1	1758.8234	12	1	0	1	1	0.9437	0.6441
20	1066	1	1760.3733	9	14	0	1	1	0.9437	0.5181
20	1067	1	1761.9233	10	4	0	1	1	0.9438	0.5202
20	1068	1	1763.4732	13	6	0	1	1	0.9438	0.5064
20	1069	1	1765.0231	11	9	0	1	1	0.9439	0.5086
20	1070	1	1766.5730	13	6	0	1	1	0.9439	0.3507
20	1071	1	1768.1229	14	3	0	1	1	0.9440	0.4485
20	1072	1	1769.6728	1	7	0	1	1	0.9440	0.6267
20	1073	1	1771.2228	15	2	0	1	1	0.9441	0.6288
20	1074	1	1772.7727	1	7	0	1	1	0.9441	0.5496
20	1075	1	1774.3226	14	3	0	1	1	0.9442	0.5516
20	1076	1	1775.8725	2	11	0	1	1	0.9442	0.6992
20	1077	1	1777.4224	15	2	0	1	1	0.9443	0.5252
20	1078	1	1778.9723	14	3	90	1	1	0.9443	0.7993
20	1079	1	1780.5223	2	11	0	1	1	0.9444	0.6090
20	1080	1	1782.0722	1	7	0	1	1	0.9444	0.5460
20	1081	1	1783.6221	2	11	90	1	1	0.9445	0.7255
20	1082	1	1785.1720	14	3	0	1	1	0.9445	0.6794
20	1083	1	1786.7219	2	11	0	1	1	0.9446	0.8416
20	1084	1	1788.2719	3	15	90	1	1	0.9446	0.7463
20	1085	1	1789.8218	4	8	0	1	1	0.9447	0.6697
20	1086	1	1791.3717	7	12	0	1	1	0.9448	0.7519
20	1087	1	1792.9216	8	10	0	1	1	0.9448	0.6895
20	1088	1	1794.4715	7	12	0	1	1	0.9449	0.7242
20	1089	1	1796.0215	5	5	0	1	1	0.9449	0.6780
20	1090	1	1797.5714	8	10	0	1	1	0.9450	0.5829
20	1091	1	1799.1213	9	14	90	0	1	0.9441	0.6982
20	1092	1	1800.6712	8	10	0	1	1	0.9441	0.7961
20	1093	1	1802.2211	9	14	0	1	1	0.9442	0.6224
20	1094	1	1803.7711	8	10	0	1	1	0.9442	0.6724
20	1095	1	1805.3209	7	12	0	1	1	0.9443	0.6748
20	1096	1	1806.8709	6	13	0	1	1	0.9443	0.6273
20	1097	1	1808.4208	5	5	0	1	1	0.9444	0.5823
20	1098	1	1809.9707	7	12	0	1	1	0.9444	0.7289
20	1099	1	1811.5206	6	13	0	1	1	0.9445	0.6188
20	1100	1	1813.0705	7	12	90	1	1	0.9445	0.8609
20	1101	1	1814.6205	4	8	0	1	1	0.9446	0.6871
20	1102	1	1816.1704	7	12	0	1	1	0.9446	0.7054
20	1103	1	1817.7203	4	8	0	1	1	0.9447	0.5146
20	1104	1	1819.2702	7	12	0	1	1	0.9447	0.5656
20	1105	1	1820.8201	8	10	0	1	1	0.9448	0.6780
20	1106	1	1822.3700	6	13	0	1	1	0.9448	0.4732
20	1107	1	1823.9200	7	12	0	1	1	0.9449	0.6514
20	1108	1	1825.4699	6	13	0	1	1	0.9449	0.4604
20	1109	1	1827.0198	7	12	0	1	1	0.9450	0.5743
20	1110	1	1828.5697	6	13	0	1	1	0.9450	0.5604
20	1111	1	1830.1196	8	10	0	1	1	0.9451	0.5306
20	1112	1	1831.6696	9	14	90	1	1	0.9451	0.8220
20	1113	1	1833.2195	12	1	0	1	1	0.9452	0.5841
20	1114	1	1834.7694	11	9	0	1	1	0.9452	0.5848
20	1115	1	1836.3193	10	4	0	1	1	0.9453	0.6528
20	1116	1	1837.8692	11	9	0	1	1	0.9453	0.5250
20	1117	1	1839.4191	9	14	0	1	1	0.9454	0.6567
20	1118	1	1840.9691	8	10	0	1	1	0.9454	0.6105
20	1119	1	1842.5190	9	14	0	1	1	0.9455	0.5312
20	1120	1	1844.0689	8	10	90	1	1	0.9455	0.9990
20	1121	1	1845.6188	6	13	0	1	1	0.9456	0.7296
20	1122	1	1847.1687	8	10	90	1	1	0.9456	0.8094
20	1123	1	1848.7187	7	12	0	1	1	0.9457	0.8607
20	1124	1	1850.2686	8	10	0	1	1	0.9457	0.7348
20	1125	1	1851.8185	6	13	0	1	1	0.9458	0.5756
20	1126	1	1853.3684	7	12	0	1	1	0.9458	0.6592
20	1127	1	1854.9183	5	5	0	1	1	0.9459	0.6131
20	1128	1	1856.4683	8	10	0	1	1	0.9459	0.6312
20	1129	1	1858.0182	9	14	0	1	1	0.9460	0.5694
20	1130	1	1859.5681	8	10	0	1	1	0.9460	0.6023
20	1131	1	1861.1180	6	13	0	1	1	0.9461	0.6374
20	1132	1	1862.6679	4	8	0	1	1	0.9461	0.7035
20	1133	1	1864.2178	5	5	90	1	1	0.9462	0.8016
20	1134	1	1865.7678	7	12	90	1	1	0.9462	0.9636
20	1135	1	1867.3177	4	8	0	1	1	0.9463	0.6125
20	1136	1	1868.8676	7	12	90	1	1	0.9463	0.7276
20	1137	1	1870.4175	4	8	0	1	1	0.9464	0.6335
20	1138	1	1871.9674	7	12	0	1	1	0.9464	0.7482
20	1139	1	1873.5173	5	5	0	1	1	0.9464	0.6060
20	1140	1	1875.0673	7	12	90	1	1	0.9465	0.7841
20	1141	1	1876.6172	5	5	0	1	1	0.9465	0.6729
20	1142	1	1878.1671	6	13	90	1	1	0.9466	0.7086
20	1143	1	1879.7170	8	10	90	1	1	0.9466	0.9171
20	1144	1	1881.2669	9	14	0	1	1	0.9467	0.6803
20	1145	1	1882.8168	10	4	90	1	1	0.9467	0.7463
20	1146	1	1884.3668	13	6	90	1	1	0.9468	0.8113
20	1147	1	1885.9167	10	4	0	1	1	0.9468	0.6387
20	1148	1	1887.4666	9	14	90	1	1	0.9469	0.7049
20	1149	1	1889.0165	10	4	0	1	1	0.9469	0.6736
20	1150	1	1890.5664	11	9	0	1	1	0.9470	0.7089
20	1151	1	1892.1164	10	4	0	1	1	0.9470	0.6778
20	1152	1	1893.6663	12	1	0	1	1	0.9470	1.0652
20	1153	1	1895.2162	11	9	0	1	1	0.9471	0.6669
20	1154	1	1896.7661	12	1	90	1	1	0.9471	0.7172
20	1155	1	1898.3160	9	14	90	1	1	0.9472	0.7026
20	1156	1	1899.8659	8	10	0	1	1	0.9472	1.0897
20	1157	1	1901.4158	9	14	0	1	1	0.9473	0.7075
20	1158	1	1902.9658	8	10	0	1	1	0.9473	0.5483
20	1159	1	1904.5157	7	12	0	1	1	0.9474	0.7443
20	1160	1	1906.0656	6	13	0	1	1	0.9474	0.6018
20	1161	1	1907.6155	7	12	90	1	1	0.9475	0.7639
20	1162	1	1909.1655	5	5	0	1	1	0.9475	0.6538
20	1163	1	1910.7154	4	8	0	1	1	0.9475	0.6547
20	1164	1	1912.2653	5	5	0	1	1	0.9476	0.6088
20	1165	1	1913.8152	7	12	0	1	1	0.9476	0.6761
20	1166	1	1915.3651	8	10	0	1	1	0.9477	0.6144
20	1167	1	1916.9150	7	12	0	1	1	0.9477	0.6791
20	1168	1	1918.4649	6	13	0	1	1	0.9478	0.4744
20	1169	1	1920.0149	4	8	0	1	1	0.9478	0.5725
20	1170	1	1921.5648	6	13	0	1	1	0.9479	0.4613
20	1171	1	1923.1147	7	12	90	1	1	0.9479	0.6714
20	1172	1	1924.6646	4	8	0	1	1	0.9480	0.5786
20	1173	1	1926.2145	5	5	0	1	1	0.9480	0.5811
20	1174	1	1927.7645	8	10	0	1	1	0.9480	0.3591
20	1175	1	1929.3144	6	13	0	1	1	0.9481	0.5531
20	1176	1	1930.8643	5	5	0	1	1	0.9481	0.4898
20	1177	1	1932.4142	7	12	0	1	1	0.9482	0.6372
20	1178	1	1933.9641	8	10	90	1	1	0.9482	0.9915
20	1179	1	1935.5141	9	14	0	1	1	0.9483	0.6880
20	1180	1	1937.0640	12	1	0	1	1	0.9483	0.6594
20	1181	1	1938.6139	13	6	90	1	1	0.9483	0.7260
20	1182	1	1940.1638	11	9	0	1	1	0.9484	0.6143
20	1183	1	1941.7137	10	4	0	1	1	0.9484	0.5363
20	1184	1	1943.2636	11	9	0	1	1	0.9485	0.5876
20	1185	1	1944.8136	12	1	90	1	1	0.9485	0.7325
20	1186	1	1946.3635	10	4	0	1	1	0.9486	0.6075
20	1187	1	1947.9134	11	9	0	1	1	0.9486	0.5927
20	1188	1	1949.4633	9	14	0	1	1	0.9487	0.6587
20	1189	1	1951.0132	8	10	0	1	1	0.9487	0.6781
20	1190	1	1952.5631	9	14	0	1	1	0.9487	0.5520
20	1191	1	1954.1131	10	4	0	1	1	0.9488	0.5219
20	1192	1	1955.6630	11	9	90	1	1	0.9488	0.7164
20	1193	1	1957.2129	9	14	90	1	1	0.9489	0.8145
20	1194	1	1958.7628	10	4	0	1	1	0.9489	0.5752
20	1195	1	1960.3127	11	9	0	1	1	0.9490	0.6253
20	1196	1	1961.8627	13	6	0	1	1	0.9490	0.6128
20	1197	1	1963.4126	14	3	0	1	1	0.9490	0.6307
20	1198	1	1964.9625	15	2	0	1	1	0.9491	0.7756
20	1199	1	1966.5124	3	15	90	1	1	0.9491	0.7628
20	1200	1	1968.0623	15	2	0	1	1	0.9492	0.5572
20	1201	1	1969.6122	14	3	0	1	1	0.9492	0.6391
20	1202	1	1971.1622	13	6	0	1	1	0.9493	0.5452
20	1203	1	1972.7121	14	3	0	1	1	0.9493	0.6420
20	1204	1	1974.2620	15	2	0	1	1	0.9493	0.5973
20	1205	1	1975.8119	14	3	0	1	1	0.9494	0.5981
20	1206	1	1977.3618	1	7	0	1	1	0.9494	0.6975
20	1207	1	1978.9117	14	3	0	1	1	0.9495	0.4598
20	1208	1	1980.4617	15	2	90	1	1	0.9495	0.6529
20	1209	1	1982.0116	1	7	0	1	1	0.9495	0.6711
20	1210	1	1983.5615	14	3	0	1	1	0.9496	0.7698
20	1211	1	1985.1114	13	6	0	1	1	0.9496	0.6756
20	1212	1	1986.6613	12	1	0	1	1	0.9497	0.8541
20	1213	1	1988.2113	11	9	0	1	1	0.9497	0.6320
20	1214	1	1989.7612	12	1	0	1	1	0.9498	0.5051
20	1215	1	1991.3111	13	6	0	1	1	0.9498	0.6669
20	1216	1	1992.8610	11	9	90	1	1	0.9498	0.8450
20	1217	1	1994.4109	9	14	0	1	1	0.9499	0.9432
20	1218	1	1995.9608	11	9	0	1	1	0.9499	0.9304
20	1219	1	1997.5108	12	1	90	1	1	0.9500	0.7406
20	1220	1	1999.0607	10	4	0	1	1	0.9500	0.5995
20	1221	1	2000.6106	9	14	0	1	1	0.9500	0.5194
20	1222	1	2002.1605	11	9	0	1	1	0.9501	0.6508
20	1223	1	2003.7104	12	1	0	1	1	0.9501	0.6851
20	1224	1	2005.2604	13	6	0	1	1	0.9502	0.5591
20	1225	1	2006.8103	14	3	0	1	1	0.9502	0.5757
20	1226	1	2008.3602	2	11	0	1	1	0.9502	0.7861
20	1227	1	2009.9101	14	3	0	1	1	0.9503	0.5959
20	1228	1	2011.4600	13	6	0	1	1	0.9503	0.5512
20	1229	1	2013.0099	11	9	0	1	1	0.9504	0.5536
20	1230	1	2014.5599	12	1	90	1	1	0.9504	0.6981
20	1231	1	2016.1098	10	4	90	1	1	0.9504	0.6682
20	1232	1	2017.6597	12	1	0	1	1	0.9505	0.5423
20	1233	1	2019.2096	10	4	0	1	1	0.9505	0.5937
20	1234	1	2020.7595	11	9	0	1	1	0.9506	0.5465
20	1235	1	2022.3095	13	6	0	1	1	0.9506	0.5818
20	1236	1	2023.8594	12	1	0	1	1	0.9506	0.5198
20	1237	1	2025.4093	9	14	0	1	1	0.9507	0.4740
20	1238	1	2026.9592	10	4	0	1	1	0.9507	0.6371
20	1239	1	2028.5091	13	6	0	1	1	0.9508	0.5583
20	1240	1	2030.0590	14	3	0	1	1	0.9508	0.6082
20	1241	1	2031.6089	15	2	0	1	1	0.9508	0.6890
20	1242	1	2033.1589	1	7	90	0	1	0.9501	0.6591
20	1243	1	2034.7088	3	15	0	1	1	0.9501	0.8069
20	1244	1	2036.2587	4	8	0	1	1	0.9502	0.6474
20	1245	1	2037.8086	6	13	0	1	1	0.9502	0.7148
20	1246	1	2039.3586	4	8	0	1	1	0.9502	0.6847
20	1247	1	2040.9084	3	15	0	1	1	0.9503	0.6535
20	1248	1	2042.4584	1	7	0	1	1	0.9503	0.5775
20	1249	1	2044.0082	3	15	0	1	1	0.9504	0.7071
20	1250	1	2045.5582	2	11	90	1	1	0.9504	0.7891
20	1251	1	2047.1081	3	15	0	1	1	0.9504	0.6792
20	1252	1	2048.6581	1	7	0	1	1	0.9505	0.5839
20	1253	1	2050.2080	14	3	0	1	1	0.9505	0.6340
20	1254	1	2051.7579	13	6	0	1	1	0.9506	0.6543
20	1255	1	2053.3078	12	1	0	1	1	0.9506	0.4941
20	1256	1	2054.8577	11	9	0	1	1	0.9506	0.5774
20	1257	1	2056.4076	9	14	0	1	1	0.9507	0.5635
20	1258	1	2057.9576	8	10	0	1	1	0.9507	0.6459
20	1259	1	2059.5075	9	14	0	1	1	0.9508	0.5681
20	1260	1	2061.0574	8	10	0	1	1	0.9508	0.5539
20	1261	1	2062.6073	5	5	90	1	1	0.9508	0.7637
20	1262	1	2064.1572	8	10	0	1	1	0.9509	0.6055
20	1263	1	2065.7071	9	14	0	1	1	0.9509	0.5921
20	1264	1	2067.2571	11	9	0	1	1	0.9509	1.1861
20	1265	1	2068.8070	12	1	90	1	1	0.9510	0.7550
20	1266	1	2070.3569	9	14	0	1	1	0.9510	0.5985
20	1267	1	2071.9068	12	1	0	1	1	0.9511	0.6002
20	1268	1	2073.4567	10	4	0	1	1	0.9511	0.5867
20	1269	1	2075.0066	9	14	0	1	1	0.9511	0.5566
20	1270	1	2076.5566	8	10	0	1	1	0.9512	0.9590
20	1271	1	2078.1065	6	13	0	1	1	0.9512	0.7208
20	1272	1	2079.6564	7	12	90	1	1	0.9513	0.8509
20	1273	1	2081.2063	4	8	90	1	1	0.9513	0.7876
20	1274	1	2082.7562	6	13	0	1	1	0.9513	0.6297
20	1275	1	2084.3062	8	10	0	1	1	0.9514	0.7301
20	1276	1	2085.8561	7	12	0	1	1	0.9514	0.8428
20	1277	1	2087.4060	8	10	0	1	1	0.9514	0.7652
20	1278	1	2088.9559	7	12	0	1	1	0.9515	0.7194
20	1279	1	2090.5058	6	13	0	1	1	0.9515	0.6731
20	1280	1	2092.0558	7	12	0	1	1	0.9516	0.7556
20	1281	1	2093.6057	6	13	0	1	1	0.9516	0.5975
20	1282	1	2095.1556	8	10	90	1	1	0.9516	0.9828
20	1283	1	2096.7055	5	5	0	1	1	0.9517	0.7457
20	1284	1	2098.2554	8	10	0	1	1	0.9517	0.8277
20	1285	1	2099.8053	5	5	0	1	1	0.9518	0.6539
20	1286	1	2101.3552	7	12	0	1	1	0.9518	0.8961
20	1287	1	2102.9051	8	10	0	1	1	0.9518	0.5299
20	1288	1	2104.4551	6	13	0	1	1	0.9519	0.5963
20	1289	1	2106.0050	4	8	0	1	1	0.9519	0.6462
20	1290	1	2107.5549	6	13	0	1	1	0.9519	0.4710
20	1291	1	2109.1048	7	12	0	1	1	0.9520	0.7291
20	1292	1	2110.6548	8	10	0	1	1	0.9520	0.5884
20	1293	1	2112.2047	9	14	0	1	1	0.9520	0.6065
20	1294	1	2113.7546	11	9	0	1	1	0.9521	0.7353
20	1295	1	2115.3045	9	14	0	1	1	0.9521	0.7861
20	1296	1	2116.8544	12	1	0	1	1	0.9522	0.7568
20	1297	1	2118.4043	9	14	0	1	1	0.9522	0.5505
20	1298	1	2119.9543	11	9	90	1	1	0.9522	0.8249
20	1299	1	2121.5042	10	4	0	1	1	0.9523	0.6672
20	1300	1	2123.0541	11	9	90	1	1	0.9523	0.7813
20	1301	1	2124.6040	9	14	0	1	1	0.9523	0.5424
20	1302	1	2126.1539	12	1	0	1	1	0.9524	0.7040
20	1303	1	2127.7039	11	9	0	1	1	0.9524	0.5795
20	1304	1	2129.2538	13	6	0	1	1	0.9525	0.5481
20	1305	1	2130.8037	10	4	0	1	1	0.9525	0.6464
20	1306	1	2132.3536	11	9	0	1	1	0.9525	0.7775
20	1307	1	2133.9035	12	1	0	1	1	0.9526	0.6188
20	1308	1	2135.4535	10	4	0	1	1	0.9526	0.6204
20	1309	1	2137.0034	12	1	0	1	1	0.9526	0.6721
20	1310	1	2138.5533	11	9	0	1	1	0.9527	0.6408
20	1311	1	2140.1032	10	4	0	1	1	0.9527	0.5960
20	1312	1	2141.6531	13	6	0	1	1	0.9527	0.6461
20	1313	1	2143.2030	11	9	0	1	1	0.9528	0.5669
20	1314	1	2144.7529	9	14	0	1	1	0.9528	0.5530
20	1315	1	2146.3029	8	10	0	1	1	0.9529	0.6190
20	1316	1	2147.8528	7	12	0	1	1	0.9529	0.6864
20	1317	1	2149.4027	4	8	90	1	1	0.9529	0.7046
20	1318	1	2150.9526	7	12	0	1	1	0.9530	0.6428
20	1319	1	2152.5025	4	8	90	1	1	0.9530	0.7723
20	1320	1	2154.0525	5	5	0	1	1	0.9530	0.5814
20	1321	1	2155.6024	4	8	0	1	1	0.9531	0.8247
20	1322	1	2157.1523	6	13	0	1	1	0.9531	0.5715
20	1323	1	2158.7022	8	10	0	1	1	0.9531	0.6209
20	1324	1	2160.2522	5	5	0	1	1	0.9532	0.4137
20	1325	1	2161.8021	4	8	0	1	1	0.9532	0.6090
20	1326	1	2163.3520	6	13	90	1	1	0.9532	0.8193
20	1327	1	2164.9019	5	5	90	1	1	0.9533	0.6919
20	1328	1	2166.4518	4	8	90	1	1	0.9533	0.6300
20	1329	1	2168.0017	5	5	0	1	1	0.9533	0.9682
20	1330	1	2169.5516	7	12	0	1	1	0.9534	0.6982
20	1331	1	2171.1015	4	8	90	1	1	0.9534	0.6538
20	1332	1	2172.6515	3	15	90	1	1	0.9535	0.6224
20	1333	1	2174.2014	1	7	0	1	1	0.9535	0.6084
20	1334	1	2175.7513	3	15	0	1	1	0.9535	0.6266
20	1335	1	2177.3012	15	2	90	1	1	0.9536	0.9825
20	1336	1	2178.8511	2	11	0	1	1	0.9536	0.6307
20	1337	1	2180.4011	1	7	0	1	1	0.9536	0.6809
20	1338	1	2181.9510	14	3	90	1	1	0.9537	0.7801
20	1339	1	2183.5009	13	6	0	1	1	0.9537	0.6224
20	1340	1	2185.0508	14	3	0	1	1	0.9537	0.6405
20	1341	1	2186.6007	13	6	90	1	1	0.9538	0.7062
20	1342	1	2188.1507	12	1	0	1	1	0.9538	0.8207
20	1343	1	2189.7006	9	14	90	1	1	0.9538	0.7748
20	1344	1	2191.2505	11	9	0	1	1	0.9539	0.6007
20	1345	1	2192.8004	12	1	0	1	1	0.9539	0.5068
20	1346	1	2194.3503	13	6	0	1	1	0.9539	0.4928
20	1347	1	2195.9002	11	9	0	1	1	0.9540	0.5104
20	1348	1	2197.4502	12	1	0	1	1	0.9540	0.6396
20	1349	1	2199.0001	13	6	90	1	1	0.9540	0.8511
20	1350	1	2200.5500	11	9	0	1	1	0.9541	0.5799
20	1351	1	2202.0999	9	14	0	1	1	0.9541	0.6477
20	1352	1	2203.6498	8	10	0	1	1	0.9541	0.6320
20	1353	1	2205.1997	5	5	0	1	1	0.9542	0.6838
20	1354	1	2206.7497	6	13	0	1	1	0.9542	0.7015
20	1355	1	2208.2996	8	10	0	1	1	0.9542	0.6542
20	1356	1	2209.8495	7	12	90	1	1	0.9543	0.8963
20	1357	1	2211.3994	4	8	0	1	1	0.9543	0.7384
20	1358	1	2212.9493	5	5	90	1	1	0.9543	0.7725
20	1359	1	2214.4993	7	12	0	1	1	0.9544	0.9198
20	1360	1	2216.0492	5	5	0	1	1	0.9544	0.6329
20	1361	1	2217.5991	8	10	0	1	1	0.9544	0.7001
20	1362	1	2219.1490	6	13	0	1	1	0.9545	0.5421
20	1363	1	2220.6989	4	8	90	1	1	0.9545	0.7202
20	1364	1	2222.2488	6	13	0	1	1	0.9545	0.6090
20	1365	1	2223.7988	5	5	0	1	1	0.9546	0.5962
20	1366	1	2225.3487	7	12	0	1	1	0.9546	0.7268
20	1367	1	2226.8986	4	8	0	1	1	0.9546	0.6973
20	1368	1	2228.4485	7	12	0	1	1	0.9547	0.7469
20	1369	1	2229.9984	4	8	0	1	1	0.9547	0.7647
20	1370	1	2231.5483	6	13	0	1	1	0.9547	0.6534
20	1371	1	2233.0983	7	12	0	1	1	0.9548	0.7037
20	1372	1	2234.6482	5	5	0	1	1	0.9548	0.5469
20	1373	1	2236.1981	8	10	0	1	1	0.9548	0.6610
20	1374	1	2237.7480	5	5	0	1	1	0.9549	0.5836
20	1375	1	2239.2979	8	10	90	1	1	0.9549	0.8879
20	1376	1	2240.8478	5	5	90	1	1	0.9549	0.7476
20	1377	1	2242.3978	7	12	0	1	1	0.9550	0.7335
20	1378	1	2243.9477	5	5	0	1	1	0.9550	0.6541
20	1379	1	2245.4976	4	8	0	1	1	0.9550	0.5453
20	1380	1	2247.0475	5	5	90	1	1	0.9551	0.7063
20	1381	1	2248.5974	6	13	0	1	1	0.9551	0.6128
20	1382	1	2250.1474	7	12	0	1	1	0.9551	0.8237
20	1383	1	2251.6973	4	8	90	1	1	0.9552	0.6980
20	1384	1	2253.2472	6	13	0	1	1	0.9552	0.5557
20	1385	1	2254.7971	7	12	0	1	1	0.9552	0.7019
20	1386	1	2256.3470	5	5	90	1	1	0.9553	0.8319
20	1387	1	2257.8969	7	12	0	1	1	0.9553	0.6740
20	1388	1	2259.4469	4	8	0	1	1	0.9553	0.6121
20	1389	1	2260.9968	6	13	0	1	1	0.9554	0.5343
20	1390	1	2262.5467	7	12	0	1	1	0.9554	0.5843
20	1391	1	2264.0966	5	5	0	1	1	0.9554	0.6985
20	1392	1	2265.6465	7	12	0	1	1	0.9555	0.6525
20	1393	1	2267.1964	5	5	0	1	1	0.9555	0.5906
20	1394	1	2268.7464	6	13	0	1	1	0.9555	0.5286
20	1395	1	2270.2963	8	10	0	1	1	0.9556	0.4991
20	1396	1	2271.8462	6	13	0	1	1	0.9556	0.5810
20	1397	1	2273.3961	8	10	90	1	1	0.9556	0.9670
20	1398	1	2274.9460	5	5	0	1	1	0.9557	0.6332
20	1399	1	2276.4960	7	12	0	1	1	0.9557	0.9388
20	1400	1	2278.0459	6	13	0	1	1	0.9557	0.5890
20	1	2	1.0166	9	14	0	-1	0	NaN	-1.0000
20	2	2	2.5499	10	4	0	-1	1	0.0000	0.7850
20	3	2	4.0831	13	6	0	-1	1	0.0000	0.6126
20	4	2	5.6164	10	4	0	-1	0	0.0000	-1.0000
20	5	2	7.1496	9	14	0	-1	0	0.0000	-1.0000
20	6	2	8.6829	8	10	0	-1	0	0.0000	-1.0000
20	7	2	10.2161	7	12	0	-1	0	0.0000	-1.0000
20	8	2	11.7494	6	13	0	-1	0	0.0000	-1.0000
20	9	2	13.2827	8	10	0	-1	0	0.0000	-1.0000
20	10	2	14.8159	5	5	0	-1	0	0.0000	-1.0000
20	11	2	16.3491	4	8	0	-1	0	0.0000	-1.0000
20	12	2	17.8824	6	13	0	-1	0	0.0000	-1.0000
20	13	2	19.4156	7	12	0	-1	0	0.0000	-1.0000
20	14	2	20.9489	6	13	0	-1	0	0.0000	-1.0000
20	15	2	22.4822	8	10	0	-1	0	0.0000	-1.0000
20	16	2	24.0154	9	14	0	-1	0	0.0000	-1.0000
20	17	2	25.5487	10	4	0	-1	0	0.0000	-1.0000
20	18	2	27.0819	11	9	0	-1	0	0.0000	-1.0000
20	19	2	28.6152	12	1	0	-1	0	0.0000	-1.0000
20	20	2	30.1484	13	6	0	-1	0	0.0000	-1.0000
20	21	2	31.6817	14	3	0	-1	0	0.0000	-1.0000
20	22	2	33.2149	15	2	0	-1	0	0.0000	-1.0000
20	23	2	34.7482	1	7	0	-1	0	0.0000	-1.0000
20	24	2	36.2814	2	11	0	-1	0	0.0000	-1.0000
20	25	2	37.8147	3	15	0	-1	0	0.0000	-1.0000
20	26	2	39.3479	4	8	0	-1	0	0.0000	-1.0000
20	27	2	40.8812	5	5	0	-1	0	0.0000	-1.0000
20	28	2	42.4144	6	13	0	-1	0	0.0000	-1.0000
20	29	2	43.9477	7	12	0	-1	0	0.0000	-1.0000
20	30	2	45.4809	8	10	0	-1	0	0.0000	-1.0000
20	31	2	47.0142	9	14	0	-1	0	0.0000	-1.0000
20	32	2	48.5475	10	4	0	-1	0	0.0000	-1.0000
20	33	2	50.0807	12	1	0	-1	0	0.0000	-1.0000
20	34	2	51.6140	11	9	0	-1	0	0.0000	-1.0000
20	35	2	53.1472	12	1	0	-1	0	0.0000	-1.0000
20	36	2	54.6805	10	4	0	-1	0	0.0000	-1.0000
20	37	2	56.2137	11	9	0	-1	0	0.0000	-1.0000
20	38	2	57.7470	10	4	0	-1	0	0.0000	-1.0000
20	39	2	59.2802	13	6	0	-1	0	0.0000	-1.0000
20	40	2	60.8135	12	1	0	-1	0	0.0000	-1.0000
20	41	2	62.3467	10	4	0	-1	0	0.0000	-1.0000
20	42	2	63.8800	13	6	0	-1	0	0.0000	-1.0000
20	43	2	65.4132	14	3	0	-1	0	0.0000	-1.0000
20	44	2	66.9465	13	6	0	-1	0	0.0000	-1.0000
20	45	2	68.4797	11	9	0	-1	0	0.0000	-1.0000
20	46	2	70.0130	12	1	0	-1	0	0.0000	-1.0000
20	47	2	71.5462	13	6	0	-1	0	0.0000	-1.0000
20	48	2	73.0795	14	3	0	-1	0	0.0000	-1.0000
20	49	2	74.6127	15	2	0	-1	0	0.0000	-1.0000
20	50	2	76.1460	1	7	0	-1	0	0.0000	-1.0000
20	51	2	77.6793	2	11	0	-1	0	0.0000	-1.0000
20	52	2	79.2125	3	15	0	-1	0	0.0000	-1.0000
20	53	2	80.7458	4	8	0	-1	0	0.0000	-1.0000
20	54	2	82.2790	5	5	0	-1	0	0.0000	-1.0000
20	55	2	83.8123	6	13	0	-1	0	0.0000	-1.0000
20	56	2	85.3455	7	12	0	-1	0	0.0000	-1.0000
20	57	2	86.8788	8	10	0	-1	0	0.0000	-1.0000
20	58	2	88.4120	9	14	0	-1	0	0.0000	-1.0000
20	59	2	89.9453	10	4	0	-1	0	0.0000	-1.0000
20	60	2	91.4785	11	9	0	-1	0	0.0000	-1.0000
20	61	2	93.0118	13	6	0	-1	0	0.0000	-1.0000
20	62	2	94.5450	12	1	0	-1	0	0.0000	-1.0000
20	63	2	96.0783	13	6	0	-1	0	0.0000	-1.0000
20	64	2	97.6115	11	9	0	-1	0	0.0000	-1.0000
20	65	2	99.1448	12	1	0	-1	0	0.0000	-1.0000
20	66	2	100.6780	13	6	0	-1	0	0.0000	-1.0000
20	67	2	102.2113	11	9	0	-1	0	0.0000	-1.0000
20	68	2	103.7445	13	6	0	-1	0	0.0000	-1.0000
20	69	2	105.2778	12	1	0	-1	0	0.0000	-1.0000
20	70	2	106.8110	10	4	0	-1	0	0.0000	-1.0000
20	71	2	108.3443	12	1	0	-1	0	0.0000	-1.0000
20	72	2	109.8775	9	14	0	-1	0	0.0000	-1.0000
20	73	2	111.4108	12	1	0	-1	0	0.0000	-1.0000
20	74	2	112.9440	9	14	0	-1	0	0.0000	-1.0000
20	75	2	114.4773	10	4	0	-1	0	0.0000	-1.0000
20	76	2	116.0106	11	9	0	-1	0	0.0000	-1.0000
20	77	2	117.5438	12	1	0	-1	0	0.0000	-1.0000
20	78	2	119.0771	13	6	0	-1	0	0.0000	-1.0000
20	79	2	120.6103	14	3	0	-1	0	0.0000	-1.0000
20	80	2	122.1436	15	2	0	-1	0	0.0000	-1.0000
20	81	2	123.6768	1	7	0	-1	0	0.0000	-1.0000
20	82	2	125.2101	2	11	0	-1	0	0.0000	-1.0000
20	83	2	126.7433	3	15	0	-1	0	0.0000	-1.0000
20	84	2	128.2766	4	8	0	-1	0	0.0000	-1.0000
20	85	2	129.8098	5	5	0	-1	0	0.0000	-1.0000
20	86	2	131.3431	6	13	0	-1	0	0.0000	-1.0000
20	87	2	132.8763	7	12	0	-1	0	0.0000	-1.0000
20	88	2	134.4096	8	10	0	-1	0	0.0000	-1.0000
20	89	2	135.9428	9	14	0	-1	0	0.0000	-1.0000
20	90	2	137.4761	10	4	0	-1	0	0.0000	-1.0000
20	91	2	139.0093	9	14	0	-1	0	0.0000	-1.0000
20	92	2	140.5426	11	9	0	-1	0	0.0000	-1.0000
20	93	2	142.0758	13	6	0	-1	0	0.0000	-1.0000
20	94	2	143.6091	11	9	0	-1	0	0.0000	-1.0000
20	95	2	145.1423	10	4	0	-1	0	0.0000	-1.0000
20	96	2	146.6756	13	6	0	-1	0	0.0000	-1.0000
20	97	2	148.2088	11	9	0	-1	0	0.0000	-1.0000
20	98	2	149.7421	10	4	0	-1	0	0.0000	-1.0000
20	99	2	151.2754	11	9	0	-1	0	0.0000	-1.0000
20	100	2	152.8086	12	1	0	-1	0	0.0000	-1.0000
20	101	2	154.3419	10	4	0	-1	0	0.0000	-1.0000
20	102	2	155.8751	9	14	0	-1	0	0.0000	-1.0000
20	103	2	157.4084	10	4	0	-1	0	0.0000	-1.0000
20	104	2	158.9416	9	14	0	-1	0	0.0000	-1.0000
20	105	2	160.4749	10	4	0	-1	0	0.0000	-1.0000
20	106	2	162.0081	9	14	0	-1	0	0.0000	-1.0000
20	107	2	163.5414	8	10	0	-1	0	0.0000	-1.0000
20	108	2	165.0746	7	12	0	-1	0	0.0000	-1.0000
20	109	2	166.6079	6	13	0	-1	0	0.0000	-1.0000
20	110	2	168.1411	5	5	0	-1	0	0.0000	-1.0000
20	111	2	169.6744	4	8	0	-1	0	0.0000	-1.0000
20	112	2	171.2076	3	15	0	-1	0	0.0000	-1.0000
20	113	2	172.7409	2	11	0	-1	0	0.0000	-1.0000
20	114	2	174.2741	1	7	0	-1	0	0.0000	-1.0000
20	115	2	175.8074	15	2	0	-1	0	0.0000	-1.0000
20	116	2	177.3406	14	3	0	-1	0	0.0000	-1.0000
20	117	2	178.8739	13	6	0	-1	0	0.0000	-1.0000
20	118	2	180.4071	12	1	0	-1	0	0.0000	-1.0000
20	119	2	181.9404	11	9	0	-1	1	0.0000	0.7872
20	120	2	183.4736	10	4	0	-1	0	0.0000	-1.0000
20	121	2	185.0069	9	14	0	-1	1	0.0000	-1.0000
20	122	2	186.5402	8	10	0	-1	0	0.0000	-1.0000
20	123	2	188.0734	6	13	0	-1	0	0.0000	-1.0000
20	124	2	189.6067	8	10	0	-1	0	0.0000	-1.0000
20	125	2	191.1399	6	13	0	-1	0	0.0000	-1.0000
20	126	2	192.6732	8	10	0	-1	0	0.0000	-1.0000
20	127	2	194.2064	5	5	0	-1	0	0.0000	-1.0000
20	128	2	195.7397	4	8	0	-1	0	0.0000	-1.0000
20	129	2	197.2729	6	13	0	-1	0	0.0000	-1.0000
20	130	2	198.8062	4	8	0	-1	0	0.0000	-1.0000
20	131	2	200.3394	3	15	0	-1	0	0.0000	-1.0000
20	132	2	201.8727	15	2	0	-1	0	0.0000	-1.0000
20	133	2	203.4059	2	11	0	-1	0	0.0000	-1.0000
20	134	2	204.9392	15	2	0	-1	0	0.0000	-1.0000
20	135	2	206.4724	1	7	0	-1	0	0.0000	-1.0000
20	136	2	208.0057	15	2	0	-1	0	0.0000	-1.0000
20	137	2	209.5389	14	3	0	-1	0	0.0000	-1.0000
20	138	2	211.0722	13	6	0	-1	0	0.0000	-1.0000
20	139	2	212.6054	12	1	0	-1	0	0.0000	-1.0000
20	140	2	214.1387	11	9	0	-1	0	0.0000	-1.0000
20	141	2	215.6719	10	4	0	-1	0	0.0000	-1.0000
20	142	2	217.2052	9	14	0	-1	0	0.0000	-1.0000
20	143	2	218.7385	8	10	0	-1	0	0.0000	-1.0000
20	144	2	220.2717	7	12	0	-1	0	0.0000	-1.0000
20	145	2	221.8050	6	13	0	-1	0	0.0000	-1.0000
20	146	2	223.3382	5	5	0	-1	0	0.0000	-1.0000
20	147	2	224.8715	4	8	0	-1	0	0.0000	-1.0000
20	148	2	226.4047	3	15	0	-1	0	0.0000	-1.0000
20	149	2	227.9380	2	11	0	-1	0	0.0000	-1.0000
20	150	2	229.4712	1	7	0	-1	0	0.0000	-1.0000
20	151	2	231.0045	3	15	0	-1	0	0.0000	-1.0000
20	152	2	232.5377	2	11	0	-1	0	0.0000	-1.0000
20	153	2	234.0710	14	3	0	-1	0	0.0000	-1.0000
20	154	2	235.6042	15	2	0	-1	0	0.0000	-1.0000
20	155	2	237.1375	14	3	0	-1	0	0.0000	-1.0000
20	156	2	238.6707	13	6	0	-1	0	0.0000	-1.0000
20	157	2	240.2040	12	1	0	-1	0	0.0000	-1.0000
20	158	2	241.7372	11	9	0	-1	0	0.0000	-1.0000
20	159	2	243.2705	12	1	0	-1	0	0.0000	-1.0000
20	160	2	244.8037	11	9	0	-1	0	0.0000	-1.0000
20	161	2	246.3370	13	6	0	-1	0	0.0000	-1.0000
20	162	2	247.8702	12	1	0	-1	0	0.0000	-1.0000
20	163	2	249.4035	10	4	0	-1	0	0.0000	-1.0000
20	164	2	250.9367	11	9	0	-1	0	0.0000	-1.0000
20	165	2	252.4700	13	6	0	-1	0	0.0000	-1.0000
20	166	2	254.0032	14	3	0	-1	0	0.0000	-1.0000
20	167	2	255.5365	15	2	0	-1	0	0.0000	-1.0000
20	168	2	257.0698	1	7	0	-1	0	0.0000	-1.0000
20	169	2	258.6030	2	11	0	-1	0	0.0000	-1.0000
20	170	2	260.1362	3	15	0	-1	0	0.0000	-1.0000
20	171	2	261.6695	4	8	0	-1	0	0.0000	-1.0000
20	172	2	263.2027	5	5	0	-1	0	0.0000	-1.0000
20	173	2	264.7360	6	13	0	-1	1	0.0000	1.2715
20	174	2	266.2693	7	12	0	-1	0	0.0000	-1.0000
20	175	2	267.8025	8	10	0	-1	0	0.0000	-1.0000
20	176	2	269.3358	9	14	0	-1	0	0.0000	-1.0000
20	177	2	270.8690	10	4	0	-1	0	0.0000	-1.0000
20	178	2	272.4023	11	9	0	-1	0	0.0000	-1.0000
20	179	2	273.9355	12	1	0	-1	0	0.0000	-1.0000
20	180	2	275.4688	13	6	0	-1	0	0.0000	-1.0000
20	181	2	277.0020	14	3	0	-1	0	0.0000	-1.0000
20	182	2	278.5353	1	7	0	-1	0	0.0000	-1.0000
20	183	2	280.0685	14	3	0	-1	0	0.0000	-1.0000
20	184	2	281.6018	13	6	0	-1	0	0.0000	-1.0000
20	185	2	283.1350	12	1	0	-1	0	0.0000	-1.0000
20	186	2	284.6683	10	4	0	-1	0	0.0000	-1.0000
20	187	2	286.2015	12	1	0	-1	0	0.0000	-1.0000
20	188	2	287.7348	9	14	0	-1	0	0.0000	-1.0000
20	189	2	289.2680	10	4	0	-1	0	0.0000	-1.0000
20	190	2	290.8013	12	1	0	-1	0	0.0000	-1.0000
20	191	2	292.3345	10	4	0	-1	0	0.0000	-1.0000
20	192	2	293.8678	11	9	0	-1	0	0.0000	-1.0000
20	193	2	295.4011	12	1	0	-1	0	0.0000	-1.0000
20	194	2	296.9343	11	9	0	-1	0	0.0000	-1.0000
20	195	2	298.4676	9	14	0	-1	0	0.0000	-1.0000
20	196	2	300.0008	8	10	0	-1	0	0.0000	-1.0000
20	197	2	301.5341	7	12	0	-1	0	0.0000	-1.0000
20	198	2	303.0673	6	13	0	-1	0	0.0000	-1.0000
20	199	2	304.6006	5	5	0	-1	0	0.0000	-1.0000
20	200	2	306.1338	4	8	0	-1	0	0.0000	-1.0000
20	201	2	307.6671	3	15	0	-1	0	0.0000	-1.0000
20	202	2	309.2003	2	11	0	-1	0	0.0000	-1.0000
20	203	2	310.7336	1	7	0	-1	0	0.0000	-1.0000
20	204	2	312.2668	15	2	0	-1	0	0.0000	-1.0000
20	205	2	313.8001	14	3	0	-1	0	0.0000	-1.0000
20	206	2	315.3333	13	6	0	-1	0	0.0000	-1.0000
20	207	2	316.8666	12	1	0	-1	0	0.0000	-1.0000
20	208	2	318.3998	11	9	0	-1	0	0.0000	-1.0000
20	209	2	319.9331	10	4	0	-1	0	0.0000	-1.0000
20	210	2	321.4663	9	14	0	-1	0	0.0000	-1.0000
20	211	2	322.9996	8	10	0	-1	0	0.0000	-1.0000
20	212	2	324.5329	5	5	0	-1	0	0.0000	-1.0000
20	213	2	326.0661	8	10	0	-1	0	0.0000	-1.0000
20	214	2	327.5993	9	14	0	-1	0	0.0000	-1.0000
20	215	2	329.1326	10	4	0	-1	0	0.0000	-1.0000
20	216	2	330.6659	13	6	0	-1	0	0.0000	-1.0000
20	217	2	332.1991	11	9	0	-1	0	0.0000	-1.0000
20	218	2	333.7324	13	6	0	-1	0	0.0000	-1.0000
20	219	2	335.2656	10	4	0	-1	0	0.0000	-1.0000
20	220	2	336.7989	9	14	0	-1	0	0.0000	-1.0000
20	221	2	338.3321	10	4	0	-1	0	0.0000	-1.0000
20	222	2	339.8654	12	1	0	-1	0	0.0000	-1.0000
20	223	2	341.3986	11	9	0	-1	0	0.0000	-1.0000
20	224	2	342.9319	10	4	0	-1	0	0.0000	-1.0000
20	225	2	344.4651	13	6	0	-1	0	0.0000	-1.0000
20	226	2	345.9984	14	3	0	-1	0	0.0000	-1.0000
20	227	2	347.5316	15	2	0	-1	0	0.0000	-1.0000
20	228	2	349.0649	1	7	0	-1	0	0.0000	-1.0000
20	229	2	350.5981	2	11	0	-1	0	0.0000	-1.0000
20	230	2	352.1314	3	15	0	-1	0	0.0000	-1.0000
20	231	2	353.6646	4	8	0	-1	0	0.0000	-1.0000
20	232	2	355.1979	5	5	0	-1	0	0.0000	-1.0000
20	233	2	356.7311	6	13	0	-1	0	0.0000	-1.0000
20	234	2	358.2644	7	12	0	-1	0	0.0000	-1.0000
20	235	2	359.7976	8	10	0	-1	0	0.0000	-1.0000
20	236	2	361.3309	9	14	0	-1	0	0.0000	-1.0000
20	237	2	362.8641	10	4	0	-1	0	0.0000	-1.0000
20	238	2	364.3974	11	9	0	-1	0	0.0000	-1.0000
20	239	2	365.9306	12	1	0	-1	0	0.0000	-1.0000
20	240	2	367.4639	13	6	0	-1	0	0.0000	-1.0000
20	241	2	368.9971	14	3	0	-1	0	0.0000	-1.0000
20	242	2	370.5304	15	2	0	-1	0	0.0000	-1.0000
20	243	2	372.0636	1	7	0	-1	0	0.0000	-1.0000
20	244	2	373.5969	14	3	0	-1	0	0.0000	-1.0000
20	245	2	375.1302	2	11	0	-1	0	0.0000	-1.0000
20	246	2	376.6634	3	15	0	-1	0	0.0000	-1.0000
20	247	2	378.1967	2	11	0	-1	0	0.0000	-1.0000
20	248	2	379.7299	15	2	0	-1	0	0.0000	-1.0000
20	249	2	381.2632	2	11	0	-1	0	0.0000	-1.0000
20	250	2	382.7964	1	7	0	-1	0	0.0000	-1.0000
20	251	2	384.3297	15	2	0	-1	0	0.0000	-1.0000
20	252	2	385.8629	14	3	0	-1	0	0.0000	-1.0000
20	253	2	387.3962	15	2	0	-1	0	0.0000	-1.0000
20	254	2	388.9294	3	15	0	-1	0	0.0000	-1.0000
20	255	2	390.4627	2	11	0	-1	0	0.0000	-1.0000
20	256	2	391.9960	3	15	0	-1	0	0.0000	-1.0000
20	257	2	393.5292	4	8	0	-1	0	0.0000	-1.0000
20	258	2	395.0624	5	5	0	-1	0	0.0000	-1.0000
20	259	2	396.5957	6	13	0	-1	0	0.0000	-1.0000
20	260	2	398.1289	7	12	0	-1	0	0.0000	-1.0000
20	261	2	399.6622	8	10	0	-1	0	0.0000	-1.0000
20	262	2	401.1954	9	14	0	-1	0	0.0000	-1.0000
20	263	2	402.7287	10	4	0	-1	0	0.0000	-1.0000
20	264	2	404.2619	11	9	0	-1	1	0.0000	0.2898
20	265	2	405.7952	12	1	0	-1	0	0.0000	-1.0000
20	266	2	407.3285	13	6	0	-1	0	0.0000	-1.0000
20	267	2	408.8617	14	3	0	-1	0	0.0000	-1.0000
20	268	2	410.3950	15	2	0	-1	0	0.0000	-1.0000
20	269	2	411.9282	1	7	0	-1	0	0.0000	-1.0000
20	270	2	413.4614	2	11	0	-1	0	0.0000	-1.0000
20	271	2	414.9947	15	2	0	-1	0	0.0000	-1.0000
20	272	2	416.5280	1	7	0	-1	0	0.0000	-1.0000
20	273	2	418.0612	15	2	0	-1	0	0.0000	-1.0000
20	274	2	419.5945	3	15	0	-1	0	0.0000	-1.0000
20	275	2	421.1277	2	11	0	-1	0	0.0000	-1.0000
20	276	2	422.6610	15	2	0	-1	0	0.0000	-1.0000
20	277	2	424.1942	3	15	0	-1	0	0.0000	-1.0000
20	278	2	425.7275	15	2	0	-1	0	0.0000	-1.0000
20	279	2	427.2607	14	3	0	-1	0	0.0000	-1.0000
20	280	2	428.7940	15	2	0	-1	0	0.0000	-1.0000
20	281	2	430.3273	2	11	0	-1	0	0.0000	-1.0000
20	282	2	431.8605	1	7	0	-1	0	0.0000	-1.0000
20	283	2	433.3937	2	11	0	-1	0	0.0000	-1.0000
20	284	2	434.9270	14	3	0	-1	0	0.0000	-1.0000
20	285	2	436.4602	1	7	0	-1	0	0.0000	-1.0000
20	286	2	437.9935	2	11	0	-1	0	0.0000	-1.0000
20	287	2	439.5267	3	15	0	-1	0	0.0000	-1.0000
20	288	2	441.0600	4	8	0	-1	0	0.0000	-1.0000
20	289	2	442.5932	5	5	0	-1	0	0.0000	-1.0000
20	290	2	444.1265	6	13	0	-1	0	0.0000	-1.0000
20	291	2	445.6597	7	12	0	-1	0	0.0000	-1.0000
20	292	2	447.1930	8	10	0	-1	0	0.0000	-1.0000
20	293	2	448.7263	9	14	0	-1	0	0.0000	-1.0000
20	294	2	450.2595	10	4	0	-1	0	0.0000	-1.0000
20	295	2	451.7928	11	9	0	-1	0	0.0000	-1.0000
20	296	2	453.3260	12	1	0	-1	0	0.0000	-1.0000
20	297	2	454.8593	13	6	0	-1	0	0.0000	-1.0000
20	298	2	456.3925	14	3	0	-1	0	0.0000	-1.0000
20	299	2	457.9258	15	2	0	-1	0	0.0000	-1.0000
20	300	2	459.4590	1	7	0	-1	0	0.0000	-1.0000
20	301	2	460.9923	15	2	0	-1	0	0.0000	-1.0000
20	302	2	462.5255	14	3	0	-1	0	0.0000	-1.0000
20	303	2	464.0588	2	11	0	-1	0	0.0000	-1.0000
20	304	2	465.5920	14	3	0	-1	0	0.0000	-1.0000
20	305	2	467.1253	13	6	0	-1	0	0.0000	-1.0000
20	306	2	468.6585	11	9	0	-1	0	0.0000	-1.0000
20	307	2	470.1918	9	14	0	-1	0	0.0000	-1.0000
20	308	2	471.7250	10	4	0	-1	0	0.0000	-1.0000
20	309	2	473.2583	12	1	0	-1	0	0.0000	-1.0000
20	310	2	474.7915	10	4	0	-1	0	0.0000	-1.0000
20	311	2	476.3248	13	6	0	-1	0	0.0000	-1.0000
20	312	2	477.8580	11	9	0	-1	0	0.0000	-1.0000
20	313	2	479.3913	10	4	0	-1	0	0.0000	-1.0000
20	314	2	480.9245	12	1	0	-1	0	0.0000	-1.0000
20	315	2	482.4578	10	4	0	-1	0	0.0000	-1.0000
20	316	2	483.9911	9	14	0	-1	0	0.0000	-1.0000
20	317	2	485.5243	8	10	0	-1	0	0.0000	-1.0000
20	318	2	487.0576	7	12	0	-1	0	0.0000	-1.0000
20	319	2	488.5908	6	13	0	-1	0	0.0000	-1.0000
20	320	2	490.1241	5	5	0	-1	0	0.0000	-1.0000
20	321	2	491.6573	4	8	0	-1	0	0.0000	-1.0000
20	322	2	493.1906	3	15	0	-1	0	0.0000	-1.0000
20	323	2	494.7238	2	11	0	-1	0	0.0000	-1.0000
20	324	2	496.2571	1	7	0	-1	0	0.0000	-1.0000
20	325	2	497.7903	15	2	0	-1	0	0.0000	-1.0000
20	326	2	499.3236	14	3	0	-1	0	0.0000	-1.0000
20	327	2	500.8568	13	6	0	-1	0	0.0000	-1.0000
20	328	2	502.3901	12	1	0	-1	0	0.0000	-1.0000
20	329	2	503.9233	11	9	0	-1	0	0.0000	-1.0000
20	330	2	505.4566	10	4	0	-1	1	0.0000	0.9186
20	331	2	506.9898	11	9	0	-1	0	0.0000	-1.0000
20	332	2	508.5231	9	14	0	-1	0	0.0000	-1.0000
20	333	2	510.0563	12	1	0	-1	0	0.0000	-1.0000
20	334	2	511.5896	13	6	0	-1	0	0.0000	-1.0000
20	335	2	513.1228	12	1	0	-1	0	0.0000	-1.0000
20	336	2	514.6561	10	4	0	-1	0	0.0000	-1.0000
20	337	2	516.1893	13	6	0	-1	1	0.0000	0.9220
20	338	2	517.7226	10	4	0	-1	0	0.0000	-1.0000
20	339	2	519.2559	13	6	0	-1	0	0.0000	-1.0000
20	340	2	520.7891	12	1	0	-1	0	0.0000	-1.0000
20	341	2	522.3223	11	9	0	-1	0	0.0000	-1.0000
20	342	2	523.8556	13	6	0	-1	0	0.0000	-1.0000
20	343	2	525.3889	14	3	0	-1	0	0.0000	-1.0000
20	344	2	526.9221	15	2	0	-1	0	0.0000	-1.0000
20	345	2	528.4554	1	7	0	-1	0	0.0000	-1.0000
20	346	2	529.9886	2	11	0	-1	0	0.0000	-1.0000
20	347	2	531.5219	3	15	0	-1	0	0.0000	-1.0000
20	348	2	533.0551	4	8	0	-1	0	0.0000	-1.0000
20	349	2	534.5884	5	5	0	-1	0	0.0000	-1.0000
20	350	2	536.1216	6	13	0	-1	0	0.0000	-1.0000
20	351	2	537.6549	7	12	0	-1	0	0.0000	-1.0000
20	352	2	539.1881	8	10	0	-1	0	0.0000	-1.0000
20	353	2	540.7214	9	14	0	-1	1	0.0020	1.3339
20	354	2	542.2546	10	4	0	-1	0	0.0020	-1.0000
20	355	2	543.7879	11	9	0	-1	0	0.0020	-1.0000
20	356	2	545.3211	12	1	0	-1	0	0.0020	-1.0000
20	357	2	546.8544	13	6	0	-1	0	0.0020	-1.0000
20	358	2	548.3876	14	3	0	-1	0	0.0020	-1.0000
20	359	2	549.9209	15	2	0	-1	0	0.0020	-1.0000
20	360	2	551.4542	1	7	0	-1	0	0.0020	-1.0000
20	361	2	552.9874	2	11	0	-1	0	0.0020	-1.0000
20	362	2	554.5206	15	2	0	-1	0	0.0020	-1.0000
20	363	2	556.0539	14	3	0	-1	0	0.0020	-1.0000
20	364	2	557.5871	1	7	0	-1	0	0.0020	-1.0000
20	365	2	559.1204	2	11	0	-1	0	0.0020	-1.0000
20	366	2	560.6537	1	7	0	-1	0	0.0020	-1.0000
20	367	2	562.1869	14	3	0	-1	0	0.0020	-1.0000
20	368	2	563.7202	15	2	0	-1	0	0.0020	-1.0000
20	369	2	565.2534	3	15	0	-1	0	0.0020	-1.0000
20	370	2	566.7867	4	8	0	-1	0	0.0020	-1.0000
20	371	2	568.3199	3	15	0	-1	0	0.0020	-1.0000
20	372	2	569.8532	1	7	0	-1	0	0.0020	-1.0000
20	373	2	571.3864	15	2	0	-1	0	0.0020	-1.0000
20	374	2	572.9197	1	7	0	-1	0	0.0020	-1.0000
20	375	2	574.4529	3	15	0	-1	0	0.0020	-1.0000
20	376	2	575.9862	4	8	0	-1	0	0.0020	-1.0000
20	377	2	577.5194	5	5	0	-1	0	0.0020	-1.0000
20	378	2	579.0527	6	13	0	-1	0	0.0020	-1.0000
20	379	2	580.5859	7	12	0	-1	0	0.0020	-1.0000
20	380	2	582.1192	8	10	0	-1	0	0.0020	-1.0000
20	381	2	583.6524	9	14	0	-1	0	0.0020	-1.0000
20	382	2	585.1857	10	4	0	-1	0	0.0020	-1.0000
20	383	2	586.7189	11	9	0	-1	0	0.0020	-1.0000
20	384	2	588.2522	12	1	0	-1	0	0.0020	-1.0000
20	385	2	589.7854	13	6	0	-1	0	0.0020	-1.0000
20	386	2	591.3187	14	3	0	-1	0	0.0020	-1.0000
20	387	2	592.8520	15	2	0	-1	0	0.0020	-1.0000
20	388	2	594.3852	1	7	0	-1	0	0.0020	-1.0000
20	389	2	595.9185	2	11	0	-1	0	0.0020	-1.0000
20	390	2	597.4517	3	15	0	-1	0	0.0020	-1.0000
20	391	2	598.9849	15	2	0	-1	0	0.0020	-1.0000
20	392	2	600.5182	14	3	0	-1	0	0.0020	-1.0000
20	393	2	602.0515	13	6	0	-1	0	0.0020	-1.0000
20	394	2	603.5847	11	9	0	-1	0	0.0020	-1.0000
20	395	2	605.1180	10	4	0	-1	0	0.0020	-1.0000
20	396	2	606.6512	9	14	0	-1	0	0.0020	-1.0000
20	397	2	608.1845	11	9	0	-1	0	0.0020	-1.0000
20	398	2	609.7177	9	14	0	-1	0	0.0020	-1.0000
20	399	2	611.2510	11	9	0	-1	0	0.0020	-1.0000
20	400	2	612.7842	9	14	0	-1	1	0.0020	0.6791
20	401	2	614.3175	12	1	0	-1	0	0.0020	-1.0000
20	402	2	615.8507	10	4	0	-1	0	0.0020	-1.0000
20	403	2	617.3840	11	9	0	-1	0	0.0020	-1.0000
20	404	2	618.9172	13	6	0	-1	0	0.0020	-1.0000
20	405	2	620.4505	11	9	0	-1	0	0.0020	-1.0000
20	406	2	621.9837	12	1	0	-1	0	0.0020	-1.0000
20	407	2	623.5170	13	6	0	-1	0	0.0020	-1.0000
20	408	2	625.0502	14	3	0	-1	0	0.0020	-1.0000
20	409	2	626.5835	15	2	0	-1	0	0.0020	-1.0000
20	410	2	628.1167	1	7	0	-1	0	0.0020	-1.0000
20	411	2	629.6500	2	11	0	-1	0	0.0020	-1.0000
20	412	2	631.1832	3	15	0	-1	0	0.0020	-1.0000
20	413	2	632.7165	4	8	0	-1	0	0.0020	-1.0000
20	414	2	634.2498	5	5	0	-1	0	0.0020	-1.0000
20	415	2	635.7830	6	13	0	-1	0	0.0020	-1.0000
20	416	2	637.3163	7	12	0	-1	0	0.0020	-1.0000
20	417	2	638.8495	8	10	0	-1	0	0.0020	-1.0000
20	418	2	640.3828	9	14	0	-1	0	0.0020	-1.0000
20	419	2	641.9160	10	4	0	-1	0	0.0020	-1.0000
20	420	2	643.4493	11	9	0	-1	0	0.0020	-1.0000
20	421	2	644.9825	9	14	0	-1	0	0.0020	-1.0000
20	422	2	646.5158	10	4	0	-1	0	0.0020	-1.0000
20	423	2	648.0490	13	6	0	-1	0	0.0020	-1.0000
20	424	2	649.5823	12	1	0	-1	0	0.0020	-1.0000
20	425	2	651.1155	10	4	0	-1	0	0.0020	-1.0000
20	426	2	652.6488	12	1	0	-1	0	0.0020	-1.0000
20	427	2	654.1820	10	4	0	-1	0	0.0020	-1.0000
20	428	2	655.7153	12	1	0	-1	0	0.0020	-1.0000
20	429	2	657.2485	9	14	0	-1	0	0.0020	-1.0000
20	430	2	658.7818	12	1	0	-1	0	0.0020	-1.0000
20	431	2	660.3150	9	14	0	-1	0	0.0020	-1.0000
20	432	2	661.8483	8	10	0	-1	0	0.0020	-1.0000
20	433	2	663.3815	6	13	0	-1	0	0.0020	-1.0000
20	434	2	664.9148	8	10	0	-1	0	0.0020	-1.0000
20	435	2	666.4480	5	5	0	-1	0	0.0020	-1.0000
20	436	2	667.9813	6	13	0	-1	0	0.0020	-1.0000
20	437	2	669.5145	7	12	0	-1	0	0.0020	-1.0000
20	438	2	671.0478	8	10	0	-1	0	0.0020	-1.0000
20	439	2	672.5811	9	14	0	-1	0	0.0020	-1.0000
20	440	2	674.1143	10	4	0	-1	0	0.0020	-1.0000
20	441	2	675.6476	11	9	0	-1	0	0.0020	-1.0000
20	442	2	677.1808	12	1	0	-1	0	0.0020	-1.0000
20	443	2	678.7141	13	6	0	-1	0	0.0020	-1.0000
20	444	2	680.2473	14	3	0	-1	0	0.0020	-1.0000
20	445	2	681.7806	15	2	0	-1	0	0.0020	-1.0000
20	446	2	683.3138	1	7	0	-1	0	0.0020	-1.0000
20	447	2	684.8471	2	11	0	-1	0	0.0020	-1.0000
20	448	2	686.3803	3	15	0	-1	0	0.0020	-1.0000
20	449	2	687.9136	4	8	0	-1	0	0.0020	-1.0000
20	450	2	689.4468	5	5	0	-1	0	0.0020	-1.0000
20	451	2	690.9801	7	12	0	-1	0	0.0020	-1.0000
20	452	2	692.5133	4	8	0	-1	0	0.0020	-1.0000
20	453	2	694.0466	7	12	0	-1	0	0.0020	-1.0000
20	454	2	695.5798	4	8	0	-1	0	0.0020	-1.0000
20	455	2	697.1131	7	12	0	-1	0	0.0020	-1.0000
20	456	2	698.6464	4	8	0	-1	0	0.0020	-1.0000
20	457	2	700.1796	5	5	0	-1	0	0.0020	-1.0000
20	458	2	701.7128	4	8	0	-1	0	0.0020	-1.0000
20	459	2	703.2461	7	12	0	-1	0	0.0020	-1.0000
20	460	2	704.7794	5	5	0	-1	0	0.0020	-1.0000
20	461	2	706.3126	6	13	0	-1	0	0.0020	-1.0000
20	462	2	707.8459	8	10	0	-1	0	0.0020	-1.0000
20	463	2	709.3791	7	12	0	-1	0	0.0020	-1.0000
20	464	2	710.9123	6	13	0	-1	0	0.0020	-1.0000
20	465	2	712.4456	8	10	0	-1	0	0.0020	-1.0000
20	466	2	713.9789	7	12	0	-1	0	0.0020	-1.0000
20	467	2	715.5121	6	13	0	-1	0	0.0020	-1.0000
20	468	2	717.0454	5	5	0	-1	0	0.0020	-1.0000
20	469	2	718.5786	4	8	0	-1	0	0.0020	-1.0000
20	470	2	720.1119	3	15	0	-1	0	0.0020	-1.0000
20	471	2	721.6451	2	11	0	-1	0	0.0020	-1.0000
20	472	2	723.1784	1	7	0	-1	0	0.0020	-1.0000
20	473	2	724.7116	15	2	0	-1	0	0.0020	-1.0000
20	474	2	726.2449	14	3	0	-1	0	0.0020	-1.0000
20	475	2	727.7781	13	6	0	-1	0	0.0020	-1.0000
20	476	2	729.3114	12	1	0	-1	0	0.0020	-1.0000
20	477	2	730.8446	11	9	0	-1	0	0.0020	-1.0000
20	478	2	732.3779	10	4	0	-1	0	0.0020	-1.0000
20	479	2	733.9111	9	14	0	-1	0	0.0020	-1.0000
20	480	2	735.4444	8	10	0	-1	0	0.0020	-1.0000
20	481	2	736.9776	6	13	0	-1	0	0.0020	-1.0000
20	482	2	738.5109	5	5	0	-1	0	0.0020	-1.0000
20	483	2	740.0442	4	8	0	-1	0	0.0020	-1.0000
20	484	2	741.5774	3	15	0	-1	0	0.0020	-1.0000
20	485	2	743.1106	15	2	0	-1	0	0.0020	-1.0000
20	486	2	744.6439	2	11	0	-1	0	0.0020	-1.0000
20	487	2	746.1772	3	15	0	-1	0	0.0020	-1.0000
20	488	2	747.7104	1	7	0	-1	0	0.0020	-1.0000
20	489	2	749.2437	3	15	0	-1	0	0.0020	-1.0000
20	490	2	750.7769	2	11	0	-1	0	0.0020	-1.0000
20	491	2	752.3102	14	3	0	-1	0	0.0020	-1.0000
20	492	2	753.8434	13	6	0	-1	0	0.0020	-1.0000
20	493	2	755.3767	11	9	0	-1	0	0.0020	-1.0000
20	494	2	756.9099	10	4	0	-1	0	0.0020	-1.0000
20	495	2	758.4432	12	1	0	-1	0	0.0020	-1.0000
20	496	2	759.9764	13	6	0	-1	0	0.0020	-1.0000
20	497	2	761.5097	14	3	0	-1	1	0.0039	0.9133
20	498	2	763.0429	15	2	0	-1	0	0.0039	-1.0000
20	499	2	764.5762	1	7	0	-1	0	0.0039	-1.0000
20	500	2	766.1094	2	11	0	-1	0	0.0039	-1.0000
20	501	2	767.6427	3	15	0	-1	0	0.0039	-1.0000
20	502	2	769.1759	4	8	0	-1	0	0.0039	-1.0000
20	503	2	770.7092	5	5	0	-1	0	0.0039	-1.0000
20	504	2	772.2424	6	13	0	-1	0	0.0039	-1.0000
20	505	2	773.7757	7	12	0	-1	0	0.0039	-1.0000
20	506	2	775.3089	8	10	0	-1	0	0.0039	-1.0000
20	507	2	776.8422	9	14	0	-1	0	0.0039	-1.0000
20	508	2	778.3754	10	4	0	-1	0	0.0039	-1.0000
20	509	2	779.9087	11	9	0	-1	0	0.0039	-1.0000
20	510	2	781.4420	12	1	0	-1	0	0.0039	-1.0000
20	511	2	782.9752	10	4	0	-1	0	0.0039	-1.0000
20	512	2	784.5085	13	6	0	-1	0	0.0039	-1.0000
20	513	2	786.0417	11	9	0	-1	0	0.0039	-1.0000
20	514	2	787.5750	12	1	0	-1	0	0.0039	-1.0000
20	515	2	789.1082	9	14	0	-1	0	0.0039	-1.0000
20	516	2	790.6415	12	1	0	-1	0	0.0039	-1.0000
20	517	2	792.1747	11	9	0	-1	0	0.0039	-1.0000
20	518	2	793.7080	13	6	0	-1	1	0.0039	1.2913
20	519	2	795.2412	14	3	0	-1	0	0.0039	-1.0000
20	520	2	796.7745	13	6	0	-1	0	0.0039	-1.0000
20	521	2	798.3077	12	1	0	-1	0	0.0039	-1.0000
20	522	2	799.8410	13	6	0	-1	1	0.0039	0.7421
20	523	2	801.3743	14	3	0	-1	0	0.0039	-1.0000
20	524	2	802.9075	1	7	0	-1	0	0.0039	-1.0000
20	525	2	804.4407	14	3	0	-1	0	0.0039	-1.0000
20	526	2	805.9740	13	6	0	-1	0	0.0039	-1.0000
20	527	2	807.5072	12	1	0	-1	0	0.0039	-1.0000
20	528	2	809.0405	11	9	0	-1	0	0.0039	-1.0000
20	529	2	810.5737	10	4	0	-1	0	0.0039	-1.0000
20	530	2	812.1070	9	14	0	-1	0	0.0039	-1.0000
20	531	2	813.6402	8	10	0	-1	0	0.0039	-1.0000
20	532	2	815.1735	7	12	0	-1	0	0.0039	-1.0000
20	533	2	816.7068	6	13	0	-1	0	0.0039	-1.0000
20	534	2	818.2400	5	5	0	-1	0	0.0039	-1.0000
20	535	2	819.7732	4	8	0	-1	0	0.0039	-1.0000
20	536	2	821.3065	3	15	0	-1	0	0.0039	-1.0000
20	537	2	822.8397	2	11	0	-1	0	0.0039	-1.0000
20	538	2	824.3730	1	7	0	-1	0	0.0039	-1.0000
20	539	2	825.9063	15	2	0	-1	0	0.0039	-1.0000
20	540	2	827.4395	14	3	0	-1	0	0.0039	-1.0000
20	541	2	828.9728	15	2	0	-1	0	0.0039	-1.0000
20	542	2	830.5060	1	7	0	-1	0	0.0039	-1.0000
20	543	2	832.0393	14	3	0	-1	0	0.0039	-1.0000
20	544	2	833.5725	2	11	0	-1	0	0.0039	-1.0000
20	545	2	835.1058	3	15	0	-1	0	0.0039	-1.0000
20	546	2	836.6390	2	11	0	-1	0	0.0039	-1.0000
20	547	2	838.1723	15	2	0	-1	0	0.0039	-1.0000
20	548	2	839.7055	2	11	0	-1	0	0.0039	-1.0000
20	549	2	841.2388	15	2	0	-1	0	0.0039	-1.0000
20	550	2	842.7720	3	15	0	-1	0	0.0039	-1.0000
20	551	2	844.3053	15	2	0	-1	0	0.0039	-1.0000
20	552	2	845.8385	2	11	0	-1	0	0.0039	-1.0000
20	553	2	847.3718	3	15	0	-1	0	0.0039	-1.0000
20	554	2	848.9050	2	11	0	-1	0	0.0039	-1.0000
20	555	2	850.4383	3	15	0	-1	0	0.0039	-1.0000
20	556	2	851.9716	2	11	0	-1	0	0.0039	-1.0000
20	557	2	853.5048	1	7	0	-1	0	0.0039	-1.0000
20	558	2	855.0381	15	2	0	-1	0	0.0039	-1.0000
20	559	2	856.5713	14	3	0	-1	0	0.0039	-1.0000
20	560	2	858.1046	13	6	0	-1	0	0.0039	-1.0000
20	561	2	859.6378	12	1	0	-1	0	0.0039	-1.0000
20	562	2	861.1711	11	9	0	-1	0	0.0039	-1.0000
20	563	2	862.7043	10	4	0	-1	0	0.0039	-1.0000
20	564	2	864.2376	9	14	0	-1	0	0.0039	-1.0000
20	565	2	865.7708	8	10	0	-1	0	0.0039	-1.0000
20	566	2	867.3041	7	12	0	-1	0	0.0039	-1.0000
20	567	2	868.8373	6	13	0	-1	0	0.0039	-1.0000
20	568	2	870.3705	5	5	0	-1	1	0.0039	0.8202
20	569	2	871.9038	4	8	0	-1	0	0.0039	-1.0000
20	570	2	873.4371	3	15	0	-1	0	0.0039	-1.0000
20	571	2	874.9703	1	7	0	-1	0	0.0039	-1.0000
20	572	2	876.5036	14	3	0	-1	0	0.0039	-1.0000
20	573	2	878.0368	15	2	0	-1	0	0.0039	-1.0000
20	574	2	879.5701	3	15	0	-1	0	0.0039	-1.0000
20	575	2	881.1033	2	11	0	-1	0	0.0039	-1.0000
20	576	2	882.6366	14	3	0	-1	0	0.0039	-1.0000
20	577	2	884.1698	2	11	0	-1	0	0.0039	-1.0000
20	578	2	885.7031	1	7	0	-1	0	0.0039	-1.0000
20	579	2	887.2363	15	2	0	-1	0	0.0039	-1.0000
20	580	2	888.7696	1	7	0	-1	0	0.0039	-1.0000
20	581	2	890.3028	15	2	0	-1	0	0.0039	-1.0000
20	582	2	891.8361	1	7	0	-1	0	0.0039	-1.0000
20	583	2	893.3694	3	15	0	-1	0	0.0039	-1.0000
20	584	2	894.9026	2	11	0	-1	0	0.0039	-1.0000
20	585	2	896.4359	1	7	0	-1	0	0.0039	-1.0000
20	586	2	897.9691	15	2	0	-1	0	0.0039	-1.0000
20	587	2	899.5024	14	3	0	-1	0	0.0039	-1.0000
20	588	2	901.0356	13	6	0	-1	0	0.0039	-1.0000
20	589	2	902.5689	12	1	0	-1	0	0.0039	-1.0000
20	590	2	904.1021	11	9	0	-1	0	0.0039	-1.0000
20	591	2	905.6354	10	4	0	-1	0	0.0039	-1.0000
20	592	2	907.1686	9	14	0	-1	0	0.0039	-1.0000
20	593	2	908.7019	8	10	0	-1	0	0.0039	-1.0000
20	594	2	910.2351	7	12	0	-1	0	0.0039	-1.0000
20	595	2	911.7684	6	13	0	-1	0	0.0039	-1.0000
20	596	2	913.3016	5	5	0	-1	0	0.0039	-1.0000
20	597	2	914.8349	4	8	0	-1	0	0.0039	-1.0000
20	598	2	916.3681	3	15	0	-1	0	0.0039	-1.0000
20	599	2	917.9014	2	11	0	-1	0	0.0039	-1.0000
20	600	2	919.4346	1	7	0	-1	0	0.0039	-1.0000
Actual parsing ratio
0.0039
Possible node parses
83.0000
 Node parses selected
0.0241
Possible other parses
517.0000
Other parses selected
0.9826
Chance parsing ratio
0.1383
