*********************************************
* Date/Time: 11-Oct-2019 11:03:31
* Seed: 205874.4
* Subject Number: 011
14	12	13	1	5	8	9	2	10	4	11	6	3	15	7	
*********************************************

Shape exposure time (seconds)
28.5050
subject	trial	phase	onset	node	shape	rotate	acc	resp	total	rt
11	1	1	1.0166	9	10	0	-1	0	0.0000	-1.0000
11	2	1	2.8165	11	11	0	0	1	0.0000	1.2881
11	3	1	4.6831	12	6	0	1	1	0.3333	0.7655
11	4	1	6.2330	9	10	0	1	1	0.5000	0.5113
11	5	1	7.7829	11	11	90	0	1	0.4000	0.9764
11	6	1	9.3328	13	3	0	-1	0	0.3333	-1.0000
11	7	1	11.3661	12	6	0	0	1	0.2857	1.2660
11	8	1	13.2327	11	11	90	-1	0	0.2500	-1.0000
11	9	1	15.2492	10	4	90	0	1	0.2222	1.1423
11	10	1	16.9491	13	3	0	0	1	0.2000	0.5635
11	11	1	18.4990	11	11	0	1	1	0.2727	1.0615
11	12	1	20.0490	9	10	0	1	1	0.3333	0.9034
11	13	1	21.5989	10	4	0	-1	0	0.3077	-1.0000
11	14	1	23.6155	9	10	0	1	1	0.3571	1.0972
11	15	1	25.1654	12	6	0	1	1	0.4000	1.1792
11	16	1	26.7153	11	11	90	0	1	0.3750	0.9560
11	17	1	28.2652	13	3	90	0	1	0.3529	1.4713
11	18	1	30.3151	14	15	0	1	1	0.3889	1.2774
11	19	1	31.8650	1	14	0	1	1	0.4211	1.0236
11	20	1	33.4150	14	15	0	1	1	0.4500	0.8643
11	21	1	34.9649	2	12	0	-1	0	0.4286	-1.0000
11	22	1	36.9814	14	15	0	1	1	0.4545	0.9953
11	23	1	38.5313	15	7	0	-1	0	0.4348	-1.0000
11	24	1	40.6146	1	14	0	1	1	0.4583	1.4576
11	25	1	42.2145	15	7	90	-1	0	0.4400	-1.0000
11	26	1	44.2311	14	15	0	1	1	0.4615	0.8649
11	27	1	45.7810	1	14	0	1	1	0.4815	1.1383
11	28	1	47.3309	2	12	0	1	1	0.5000	0.9486
11	29	1	48.8808	1	14	0	1	1	0.5172	1.2558
11	30	1	50.4307	15	7	0	1	1	0.5333	1.2246
11	31	1	51.9807	3	13	0	0	1	0.5161	1.4199
11	32	1	53.9139	1	14	0	1	1	0.5313	1.0380
11	33	1	55.4638	2	12	0	1	1	0.5455	1.0236
11	34	1	57.0137	15	7	0	1	1	0.5588	0.9627
11	35	1	58.5636	3	13	0	1	1	0.5714	0.7237
11	36	1	60.1136	1	14	0	1	1	0.5833	0.5829
11	37	1	61.6635	14	15	0	1	1	0.5946	0.7930
11	38	1	63.2134	2	12	90	0	1	0.5789	0.7939
11	39	1	64.7633	1	14	90	0	1	0.5641	1.0371
11	40	1	66.3632	15	7	0	-1	0	0.5500	-1.0000
11	41	1	68.3798	1	14	0	1	1	0.5610	1.1635
11	42	1	69.9297	2	12	0	-1	0	0.5476	-1.0000
11	43	1	72.0130	14	15	0	1	1	0.5581	0.6344
11	44	1	73.5629	15	7	0	1	1	0.5682	1.2616
11	45	1	75.1128	1	14	90	0	1	0.5556	1.1676
11	46	1	76.8460	15	7	90	-1	0	0.5435	-1.0000
11	47	1	78.8793	14	15	0	1	1	0.5532	0.7452
11	48	1	80.4292	13	3	0	1	1	0.5625	1.0826
11	49	1	81.9791	10	4	0	1	1	0.5714	0.6042
11	50	1	83.5290	13	3	0	0	1	0.5600	0.9914
11	51	1	85.0789	12	6	0	1	1	0.5686	0.7374
11	52	1	86.6289	11	11	90	0	1	0.5577	1.2196
11	53	1	88.3621	9	10	0	1	1	0.5660	0.9264
11	54	1	89.9120	8	2	0	1	1	0.5741	0.8812
11	55	1	91.4619	5	5	90	0	1	0.5636	0.6424
11	56	1	93.0119	4	1	0	1	1	0.5714	0.8207
11	57	1	94.5618	7	9	0	-1	0	0.5614	-1.0000
11	58	1	96.6117	4	1	0	1	1	0.5690	1.0127
11	59	1	98.1616	3	13	0	1	1	0.5763	0.5347
11	60	1	99.7115	4	1	0	1	1	0.5833	0.4398
11	61	1	101.2614	7	9	0	1	1	0.5902	0.9859
11	62	1	102.8113	6	8	0	1	1	0.5968	0.6052
11	63	1	104.3613	5	5	90	0	1	0.5873	1.0553
11	64	1	105.9278	7	9	90	1	1	0.5938	1.1355
11	65	1	107.4778	5	5	0	1	1	0.6000	1.1065
11	66	1	109.0277	6	8	0	1	1	0.6061	1.0118
11	67	1	110.5776	7	9	0	1	1	0.6119	1.4945
11	68	1	112.1775	8	2	0	-1	0	0.6029	-1.0000
11	69	1	114.2608	7	9	0	1	1	0.6087	0.9165
11	70	1	115.8107	8	2	0	1	1	0.6143	0.9327
11	71	1	117.3606	6	8	90	0	1	0.6056	0.6959
11	72	1	118.9105	7	9	0	0	1	0.5972	1.2739
11	73	1	120.6938	5	5	90	-1	0	0.5890	-1.0000
11	74	1	122.7103	4	1	0	1	1	0.5946	1.2340
11	75	1	124.2602	5	5	90	0	1	0.5867	0.5324
11	76	1	125.8101	7	9	0	1	1	0.5921	1.0142
11	77	1	127.3601	8	2	0	1	1	0.5974	0.8093
11	78	1	128.9100	7	9	0	1	1	0.6026	0.7134
11	79	1	130.4599	8	2	0	1	1	0.6076	0.7007
11	80	1	132.0098	6	8	0	1	1	0.6125	1.0707
11	81	1	133.5597	4	1	90	0	1	0.6049	0.9288
11	82	1	135.1097	6	8	0	0	1	0.5976	1.0915
11	83	1	136.7596	5	5	0	1	1	0.6024	0.6883
11	84	1	138.3095	6	8	0	0	1	0.5952	0.7230
11	85	1	139.8594	7	9	0	1	1	0.6000	1.2365
11	86	1	141.4093	4	1	0	1	1	0.6047	0.8391
11	87	1	142.9593	7	9	0	1	1	0.6092	0.6800
11	88	1	144.5092	8	2	90	0	1	0.6023	0.9392
11	89	1	146.0591	6	8	0	1	1	0.6067	0.8774
11	90	1	147.6090	5	5	0	1	1	0.6111	0.8635
11	91	1	149.1589	6	8	0	1	1	0.6154	0.7526
11	92	1	150.7089	5	5	90	0	1	0.6087	0.9954
11	93	1	152.2754	4	1	90	-1	0	0.6022	-1.0000
11	94	1	154.2920	7	9	0	1	1	0.6064	0.6913
11	95	1	155.8419	6	8	0	1	1	0.6105	0.3574
11	96	1	157.3918	5	5	0	1	1	0.6146	0.3288
11	97	1	158.9418	7	9	90	0	1	0.6082	0.3467
11	98	1	160.4917	8	2	0	1	1	0.6122	0.2688
11	99	1	162.0416	9	10	0	1	1	0.6162	0.5258
11	100	1	163.5916	11	11	0	1	1	0.6200	0.5611
11	101	1	165.1414	9	10	0	1	1	0.6238	0.5316
11	102	1	166.6914	10	4	0	1	1	0.6275	0.5650
11	103	1	168.2413	13	3	0	1	1	0.6311	0.8072
11	104	1	169.7912	10	4	90	0	1	0.6250	0.6805
11	105	1	171.3411	11	11	0	1	1	0.6286	0.5222
11	106	1	172.8910	12	6	0	1	1	0.6321	0.7804
11	107	1	174.4410	11	11	0	1	1	0.6355	0.9744
11	108	1	175.9909	12	6	0	1	1	0.6389	0.7525
11	109	1	177.5408	9	10	90	0	1	0.6330	0.4514
11	110	1	179.0907	8	2	0	1	1	0.6364	0.3252
11	111	1	180.6406	7	9	0	1	1	0.6396	0.4227
11	112	1	182.1905	6	8	0	1	1	0.6429	0.3140
11	113	1	183.7405	5	5	90	0	1	0.6372	0.2521
11	114	1	185.2904	4	1	0	1	1	0.6404	0.4622
11	115	1	186.8403	5	5	0	1	1	0.6435	0.8964
11	116	1	188.3902	4	1	0	1	1	0.6466	0.5451
11	117	1	189.9402	7	9	0	1	1	0.6496	0.6912
11	118	1	191.4901	4	1	0	1	1	0.6525	0.6619
11	119	1	193.0400	5	5	0	1	1	0.6555	0.7444
11	120	1	194.5899	7	9	0	1	1	0.6583	0.6506
11	121	1	196.1398	5	5	90	1	1	0.6612	1.0039
11	122	1	197.6897	8	2	0	1	1	0.6639	0.9428
11	123	1	199.2397	5	5	0	1	1	0.6667	0.6077
11	124	1	200.7896	8	2	90	0	1	0.6613	0.9948
11	125	1	202.3395	7	9	0	1	1	0.6640	0.8845
11	126	1	203.8894	4	1	0	1	1	0.6667	0.6634
11	127	1	205.4393	3	13	0	1	1	0.6693	0.9521
11	128	1	206.9893	15	7	0	1	1	0.6719	0.6835
11	129	1	208.5392	3	13	0	1	1	0.6744	0.6203
11	130	1	210.0891	15	7	0	1	1	0.6769	0.7042
11	131	1	211.6390	2	12	0	1	1	0.6794	0.8176
11	132	1	213.1890	3	13	0	1	1	0.6818	0.6744
11	133	1	214.7389	15	7	0	1	1	0.6842	0.6617
11	134	1	216.2888	1	14	90	0	1	0.6791	0.7277
11	135	1	217.8387	3	13	0	1	1	0.6815	0.6017
11	136	1	219.3886	15	7	0	1	1	0.6838	0.3787
11	137	1	220.9385	2	12	0	1	1	0.6861	0.3169
11	138	1	222.4884	3	13	0	1	1	0.6884	0.5269
11	139	1	224.0384	15	7	0	1	1	0.6906	0.6250
11	140	1	225.5883	3	13	90	0	1	0.6857	0.6602
11	141	1	227.1382	1	14	0	1	1	0.6879	0.6460
11	142	1	228.6881	15	7	0	1	1	0.6901	0.5684
11	143	1	230.2380	14	15	0	1	1	0.6923	0.2986
11	144	1	231.7879	13	3	0	1	1	0.6944	0.3171
11	145	1	233.3379	11	11	0	1	1	0.6966	0.6067
11	146	1	234.8878	12	6	0	1	1	0.6986	0.7046
11	147	1	236.4377	11	11	0	1	1	0.7007	0.3376
11	148	1	237.9877	13	3	90	0	1	0.6959	0.2455
11	149	1	239.5376	10	4	90	0	1	0.6913	0.8716
11	150	1	241.0875	9	10	0	1	1	0.6933	0.6165
11	151	1	242.6374	8	2	0	1	1	0.6954	0.6190
11	152	1	244.1873	7	9	0	1	1	0.6974	0.5414
11	153	1	245.7373	8	2	90	0	1	0.6928	0.8472
11	154	1	247.2872	9	10	0	1	1	0.6948	0.5936
11	155	1	248.8371	12	6	0	1	1	0.6968	0.5956
11	156	1	250.3870	11	11	0	1	1	0.6987	0.5177
11	157	1	251.9369	10	4	0	1	1	0.7006	0.6476
11	158	1	253.4869	12	6	0	1	1	0.7025	0.6015
11	159	1	255.0368	13	3	90	0	1	0.6981	0.5226
11	160	1	256.5867	14	15	0	1	1	0.7000	0.5566
11	161	1	258.1366	1	14	0	1	1	0.7019	0.6078
11	162	1	259.6865	2	12	0	1	1	0.7037	0.6088
11	163	1	261.2365	3	13	90	0	1	0.6994	0.6273
11	164	1	262.7864	2	12	0	1	1	0.7012	0.4850
11	165	1	264.3363	3	13	0	1	1	0.7030	0.2803
11	166	1	265.8862	15	7	0	1	1	0.7048	0.8582
11	167	1	267.4361	3	13	0	1	1	0.7066	0.6042
11	168	1	268.9861	4	1	90	0	1	0.7024	0.3346
11	169	1	270.5360	3	13	0	1	1	0.7041	0.6888
11	170	1	272.0859	15	7	0	1	1	0.7059	0.3375
11	171	1	273.6358	1	14	90	0	1	0.7018	0.3087
11	172	1	275.1857	14	15	0	1	1	0.7035	0.1828
11	173	1	276.7357	2	12	0	1	1	0.7052	0.3130
11	174	1	278.2856	3	13	0	1	1	0.7069	0.2668
11	175	1	279.8355	4	1	0	1	1	0.7086	0.6213
11	176	1	281.3854	3	13	0	1	1	0.7102	0.6068
11	177	1	282.9353	1	14	0	1	1	0.7119	0.6414
11	178	1	284.4852	15	7	0	1	1	0.7135	0.7393
11	179	1	286.0351	1	14	0	1	1	0.7151	0.4373
11	180	1	287.5851	3	13	0	1	1	0.7167	0.5513
11	181	1	289.1350	2	12	90	0	1	0.7127	1.0964
11	182	1	290.7516	3	13	0	1	1	0.7143	0.8891
11	183	1	292.3015	2	12	0	1	1	0.7158	1.1304
11	184	1	293.8514	14	15	0	1	1	0.7174	0.6371
11	185	1	295.4014	2	12	90	1	1	0.7189	0.7189
11	186	1	296.9513	15	7	0	1	1	0.7204	0.5451
11	187	1	298.5012	3	13	0	1	1	0.7219	0.7075
11	188	1	300.0511	2	12	90	1	1	0.7234	0.6283
11	189	1	301.6010	1	14	0	1	1	0.7249	0.4704
11	190	1	303.1509	2	12	90	1	1	0.7263	0.8893
11	191	1	304.7009	14	15	0	1	1	0.7277	0.6362
11	192	1	306.2508	2	12	0	0	1	0.7240	0.7339
11	193	1	307.8007	1	14	0	-1	0	0.7202	-1.0000
11	194	1	309.8673	14	15	0	1	1	0.7216	0.7172
11	195	1	311.4172	15	7	90	0	1	0.7179	0.6712
11	196	1	312.9671	2	12	0	1	1	0.7194	1.0094
11	197	1	314.5170	3	13	0	1	1	0.7208	0.6116
11	198	1	316.0669	2	12	0	1	1	0.7222	0.7735
11	199	1	317.6169	3	13	90	0	1	0.7186	0.5677
11	200	1	319.1668	2	12	0	1	1	0.7200	0.6658
11	201	1	320.7167	3	13	0	-1	0	0.7164	-1.0000
11	202	1	322.7832	15	7	90	0	1	0.7129	1.4973
11	203	1	324.8331	1	14	90	0	1	0.7094	0.6622
11	204	1	326.3831	14	15	0	1	1	0.7108	0.5363
11	205	1	327.9330	2	12	0	1	1	0.7122	0.7305
11	206	1	329.4829	15	7	90	1	1	0.7136	1.1657
11	207	1	331.0328	2	12	90	1	1	0.7150	1.0397
11	208	1	332.5828	3	13	0	1	1	0.7163	0.8166
11	209	1	334.1327	15	7	90	1	1	0.7177	1.1718
11	210	1	335.6826	2	12	0	1	1	0.7190	0.8220
11	211	1	337.2325	3	13	0	0	1	0.7156	0.8721
11	212	1	338.7824	15	7	90	1	1	0.7170	0.8421
11	213	1	340.3323	2	12	0	1	1	0.7183	0.6362
11	214	1	341.8822	3	13	0	-1	0	0.7150	-1.0000
11	215	1	343.9655	1	14	90	0	1	0.7116	1.1313
11	216	1	345.6487	15	7	0	1	1	0.7130	1.4639
11	217	1	347.2820	1	14	0	1	1	0.7143	0.8866
11	218	1	348.8319	3	13	0	1	1	0.7156	1.4155
11	219	1	350.3818	4	1	0	1	1	0.7169	1.4976
11	220	1	352.0151	5	5	90	0	1	0.7136	0.7457
11	221	1	353.5650	7	9	0	1	1	0.7149	0.8917
11	222	1	355.1149	5	5	0	1	1	0.7162	1.0699
11	223	1	356.6648	4	1	90	0	1	0.7130	0.8785
11	224	1	358.2147	6	8	0	1	1	0.7143	0.9781
11	225	1	359.7646	8	2	0	1	1	0.7156	1.0931
11	226	1	361.3146	9	10	0	1	1	0.7168	0.5982
11	227	1	362.8645	10	4	0	1	1	0.7181	0.2949
11	228	1	364.4144	9	10	0	1	1	0.7193	0.6500
11	229	1	365.9643	11	11	0	1	1	0.7205	0.5082
11	230	1	367.5143	9	10	90	0	1	0.7174	0.2534
11	231	1	369.0642	11	11	0	1	1	0.7186	0.3032
11	232	1	370.6141	12	6	0	1	1	0.7198	0.5298
11	233	1	372.1640	11	11	0	1	1	0.7210	0.4514
11	234	1	373.7140	9	10	0	1	1	0.7222	0.2947
11	235	1	375.2639	12	6	0	1	1	0.7234	0.3923
11	236	1	376.8138	11	11	90	0	1	0.7203	0.2826
11	237	1	378.3637	13	3	0	1	1	0.7215	0.1876
11	238	1	379.9136	14	15	0	1	1	0.7227	0.0633
11	239	1	381.4635	15	7	0	1	1	0.7238	0.1444
11	240	1	383.0134	14	15	0	1	1	0.7250	0.2911
11	241	1	384.5634	15	7	90	0	1	0.7220	0.2938
11	242	1	386.1133	1	14	0	1	1	0.7231	0.5993
11	243	1	387.6632	3	13	0	1	1	0.7243	0.8886
11	244	1	389.2132	1	14	0	1	1	0.7254	1.1475
11	245	1	390.7630	2	12	90	1	1	0.7265	0.8776
11	246	1	392.3130	15	7	90	1	1	0.7276	1.4233
11	247	1	393.8629	1	14	0	1	1	0.7287	1.3458
11	248	1	395.4128	2	12	0	1	1	0.7298	0.9786
11	249	1	396.9627	15	7	0	1	1	0.7309	0.9496
11	250	1	398.5126	2	12	0	1	1	0.7320	0.6959
11	251	1	400.0626	15	7	0	1	1	0.7331	0.7936
11	252	1	401.6125	3	13	0	1	1	0.7341	0.7476
11	253	1	403.1624	4	1	90	0	1	0.7312	0.7490
11	254	1	404.7123	6	8	0	1	1	0.7323	0.5923
11	255	1	406.2623	5	5	90	0	1	0.7294	0.7212
11	256	1	407.8122	7	9	90	1	1	0.7305	0.8201
11	257	1	409.3621	4	1	90	0	1	0.7276	0.7585
11	258	1	410.9120	5	5	0	1	1	0.7287	0.6327
11	259	1	412.4619	6	8	0	1	1	0.7297	0.5705
11	260	1	414.0118	5	5	90	1	1	0.7308	1.2128
11	261	1	415.5618	7	9	0	1	1	0.7318	0.9749
11	262	1	417.1117	4	1	0	1	1	0.7328	1.0890
11	263	1	418.6616	7	9	90	1	1	0.7338	0.8348
11	264	1	420.2115	5	5	0	1	1	0.7348	1.2199
11	265	1	421.7614	7	9	0	1	1	0.7358	0.9030
11	266	1	423.3113	6	8	0	1	1	0.7368	0.6173
11	267	1	424.8613	8	2	0	1	1	0.7378	0.6354
11	268	1	426.4112	7	9	0	1	1	0.7388	0.8616
11	269	1	427.9611	6	8	90	1	1	0.7398	0.9275
11	270	1	429.5110	8	2	0	1	1	0.7407	0.8324
11	271	1	431.0610	7	9	90	1	1	0.7417	0.9158
11	272	1	432.6109	5	5	0	1	1	0.7426	0.9805
11	273	1	434.1608	8	2	0	1	1	0.7436	0.9684
11	274	1	435.7107	7	9	0	1	1	0.7445	0.6819
11	275	1	437.2607	8	2	0	1	1	0.7455	0.7801
11	276	1	438.8105	5	5	0	1	1	0.7464	0.7179
11	277	1	440.3605	7	9	0	1	1	0.7473	0.5909
11	278	1	441.9104	4	1	0	1	1	0.7482	0.6893
11	279	1	443.4603	3	13	0	1	1	0.7491	1.1878
11	280	1	445.0102	2	12	90	1	1	0.7500	0.8543
11	281	1	446.5602	15	7	0	1	1	0.7509	1.0644
11	282	1	448.1101	1	14	0	1	1	0.7518	1.0185
11	283	1	449.6600	14	15	90	1	1	0.7527	1.0204
11	284	1	451.2099	13	3	0	0	1	0.7500	0.9095
11	285	1	452.7598	11	11	0	1	1	0.7509	0.8797
11	286	1	454.3097	13	3	0	1	1	0.7517	1.1709
11	287	1	455.8597	11	11	0	1	1	0.7526	1.3007
11	288	1	457.4096	13	3	0	1	1	0.7535	0.6949
11	289	1	458.9595	10	4	0	1	1	0.7543	0.7439
11	290	1	460.5094	13	3	90	0	1	0.7517	0.8900
11	291	1	462.0593	12	6	0	1	1	0.7526	0.7013
11	292	1	463.6093	9	10	0	1	1	0.7534	1.0872
11	293	1	465.1592	11	11	0	1	1	0.7543	0.8482
11	294	1	466.7091	12	6	90	0	1	0.7517	0.8035
11	295	1	468.2590	9	10	90	0	1	0.7492	0.9964
11	296	1	469.8256	12	6	0	1	1	0.7500	0.6471
11	297	1	471.3755	10	4	0	1	1	0.7508	1.0479
11	298	1	472.9254	9	10	0	1	1	0.7517	1.3709
11	299	1	474.4754	8	2	0	1	1	0.7525	0.7173
11	300	1	476.0253	5	5	0	1	1	0.7533	1.0063
11	301	1	477.5752	6	8	0	1	1	0.7542	0.9294
11	302	1	479.1251	7	9	0	1	1	0.7550	0.7721
11	303	1	480.6751	5	5	0	1	1	0.7558	1.1417
11	304	1	482.2250	6	8	90	1	1	0.7566	0.9355
11	305	1	483.7749	8	2	0	1	1	0.7574	0.6986
11	306	1	485.3247	5	5	0	1	1	0.7582	0.8108
11	307	1	486.8747	6	8	0	-1	0	0.7557	-1.0000
11	308	1	488.9413	7	9	0	1	1	0.7565	0.9231
11	309	1	490.4912	8	2	0	1	1	0.7573	0.7483
11	310	1	492.0411	9	10	90	0	1	0.7548	0.7032
11	311	1	493.5910	11	11	0	1	1	0.7556	0.5775
11	312	1	495.1409	12	6	0	1	1	0.7564	1.2825
11	313	1	496.6909	9	10	0	1	1	0.7572	0.9014
11	314	1	498.2408	8	2	0	1	1	0.7580	0.5826
11	315	1	499.7907	7	9	0	1	1	0.7587	0.5857
11	316	1	501.3406	4	1	0	1	1	0.7595	0.6679
11	317	1	502.8906	3	13	0	1	1	0.7603	0.6849
11	318	1	504.4405	4	1	0	1	1	0.7610	0.5429
11	319	1	505.9904	3	13	0	1	1	0.7618	0.7864
11	320	1	507.5403	4	1	0	1	1	0.7625	0.5964
11	321	1	509.0902	7	9	90	1	1	0.7632	0.8693
11	322	1	510.6402	6	8	0	1	1	0.7640	1.1112
11	323	1	512.1901	4	1	0	1	1	0.7647	0.6174
11	324	1	513.7400	7	9	0	1	1	0.7654	0.5715
11	325	1	515.2899	4	1	0	1	1	0.7662	0.7496
11	326	1	516.8398	3	13	0	1	1	0.7669	0.6716
11	327	1	518.3898	1	14	0	1	1	0.7676	0.3708
11	328	1	519.9397	15	7	0	1	1	0.7683	0.7729
11	329	1	521.4896	3	13	90	1	1	0.7690	1.2070
11	330	1	523.0395	4	1	0	1	1	0.7697	0.8079
11	331	1	524.5894	7	9	0	1	1	0.7704	0.6819
11	332	1	526.1394	5	5	0	1	1	0.7711	0.8451
11	333	1	527.6893	7	9	0	1	1	0.7718	0.6074
11	334	1	529.2392	4	1	0	1	1	0.7725	0.6562
11	335	1	530.7891	6	8	0	1	1	0.7731	0.8035
11	336	1	532.3390	5	5	0	1	1	0.7738	0.5972
11	337	1	533.8889	8	2	0	1	1	0.7745	0.6156
11	338	1	535.4389	5	5	0	1	1	0.7751	0.6486
11	339	1	536.9888	7	9	0	1	1	0.7758	0.6359
11	340	1	538.5387	6	8	90	1	1	0.7765	0.8139
11	341	1	540.0886	8	2	90	0	1	0.7742	0.6879
11	342	1	541.6386	5	5	0	1	1	0.7749	0.8500
11	343	1	543.1885	8	2	0	1	1	0.7755	0.8510
11	344	1	544.7384	6	8	0	1	1	0.7762	0.8211
11	345	1	546.2883	7	9	90	0	1	0.7739	0.5841
11	346	1	547.8382	5	5	0	1	1	0.7746	0.6824
11	347	1	549.3881	4	1	90	0	1	0.7723	0.6523
11	348	1	550.9381	3	13	0	1	1	0.7730	0.7989
11	349	1	552.4880	1	14	90	1	1	0.7736	1.3274
11	350	1	554.0379	3	13	0	1	1	0.7743	1.3468
11	351	1	555.5878	15	7	0	1	1	0.7749	1.1087
11	352	1	557.1377	2	12	0	1	1	0.7756	0.9177
11	353	1	558.6876	14	15	90	1	1	0.7762	0.9215
11	354	1	560.2376	2	12	0	1	1	0.7768	0.9383
11	355	1	561.7875	3	13	0	1	1	0.7775	0.9412
11	356	1	563.3374	1	14	0	1	1	0.7781	1.2950
11	357	1	564.8874	15	7	0	1	1	0.7787	0.8490
11	358	1	566.4373	3	13	0	1	1	0.7793	0.8675
11	359	1	567.9872	2	12	0	1	1	0.7799	0.6615
11	360	1	569.5371	1	14	0	1	1	0.7806	0.6623
11	361	1	571.0870	2	12	0	1	1	0.7812	0.7611
11	362	1	572.6369	15	7	0	1	1	0.7818	0.6186
11	363	1	574.1868	2	12	0	1	1	0.7824	0.5419
11	364	1	575.7368	14	15	0	1	1	0.7830	0.7516
11	365	1	577.2867	2	12	0	1	1	0.7836	0.4658
11	366	1	578.8366	14	15	0	1	1	0.7842	0.7240
11	367	1	580.3865	15	7	0	1	1	0.7847	0.4370
11	368	1	581.9364	3	13	90	0	1	0.7826	0.3280
11	369	1	583.4864	2	12	0	1	1	0.7832	0.6171
11	370	1	585.0363	1	14	0	1	1	0.7838	0.6526
11	371	1	586.5862	2	12	90	1	1	0.7844	1.0223
11	372	1	588.1361	3	13	0	1	1	0.7849	0.7361
11	373	1	589.6860	15	7	0	1	1	0.7855	1.2505
11	374	1	591.2360	14	15	0	1	1	0.7861	0.5635
11	375	1	592.7859	2	12	0	1	1	0.7867	0.6953
11	376	1	594.3358	15	7	0	1	1	0.7872	0.6969
11	377	1	595.8857	3	13	0	1	1	0.7878	0.6190
11	378	1	597.4356	15	7	0	1	1	0.7884	0.8130
11	379	1	598.9855	3	13	0	1	1	0.7889	0.5423
11	380	1	600.5355	1	14	0	1	1	0.7895	0.6720
11	381	1	602.0854	3	13	0	1	1	0.7900	0.7232
11	382	1	603.6353	1	14	90	0	1	0.7880	0.7721
11	383	1	605.1852	2	12	0	1	1	0.7885	0.4880
11	384	1	606.7351	3	13	0	1	1	0.7891	0.6657
11	385	1	608.2851	4	1	90	0	1	0.7870	0.6033
11	386	1	609.8350	3	13	0	1	1	0.7876	0.8771
11	387	1	611.3849	1	14	0	1	1	0.7881	0.7845
11	388	1	612.9348	2	12	0	1	1	0.7887	0.6096
11	389	1	614.4848	3	13	90	1	1	0.7892	1.1238
11	390	1	616.0347	15	7	0	1	1	0.7897	1.0938
11	391	1	617.5846	14	15	0	1	1	0.7903	0.6948
11	392	1	619.1345	15	7	0	1	1	0.7908	0.5702
11	393	1	620.6845	2	12	0	1	1	0.7913	0.7481
11	394	1	622.2343	1	14	0	1	1	0.7919	0.7171
11	395	1	623.7843	14	15	0	1	1	0.7924	0.5912
11	396	1	625.3342	2	12	0	1	1	0.7929	0.6423
11	397	1	626.8841	1	14	0	1	1	0.7935	0.6765
11	398	1	628.4340	14	15	0	1	1	0.7940	0.5666
11	399	1	629.9840	13	3	0	0	1	0.7920	0.9525
11	400	1	631.5339	12	6	0	-1	0	0.7900	-1.0000
11	401	1	633.5504	10	4	0	1	1	0.7905	0.8731
11	402	1	635.1003	9	10	90	0	1	0.7886	0.8120
11	403	1	636.6503	11	11	0	1	1	0.7891	0.6223
11	404	1	638.2002	13	3	0	1	1	0.7896	0.8326
11	405	1	639.7501	14	15	0	1	1	0.7901	0.6104
11	406	1	641.3000	15	7	0	1	1	0.7906	0.6603
11	407	1	642.8499	14	15	90	1	1	0.7912	0.7587
11	408	1	644.3999	1	14	0	-1	0	0.7892	-1.0000
11	409	1	646.4664	3	13	0	1	1	0.7897	0.8060
11	410	1	648.0163	1	14	0	1	1	0.7902	0.6963
11	411	1	649.5663	15	7	0	1	1	0.7908	0.7292
11	412	1	651.1162	3	13	0	1	1	0.7913	1.0049
11	413	1	652.6661	15	7	0	1	1	0.7918	0.7665
11	414	1	654.2160	14	15	90	1	1	0.7923	0.8475
11	415	1	655.7659	1	14	0	1	1	0.7928	1.1386
11	416	1	657.3159	15	7	0	1	1	0.7933	0.7566
11	417	1	658.8658	1	14	0	1	1	0.7938	1.0150
11	418	1	660.4157	14	15	0	1	1	0.7943	1.1609
11	419	1	661.9656	1	14	0	1	1	0.7947	0.9230
11	420	1	663.5156	3	13	0	1	1	0.7952	1.1655
11	421	1	665.0655	1	14	90	0	1	0.7933	0.8951
11	422	1	666.6154	2	12	0	1	1	0.7938	0.4494
11	423	1	668.1653	15	7	0	1	1	0.7943	0.7553
11	424	1	669.7152	2	12	0	1	1	0.7948	0.6773
11	425	1	671.2651	14	15	0	1	1	0.7953	0.5513
11	426	1	672.8151	2	12	0	1	1	0.7958	0.5056
11	427	1	674.3650	14	15	90	0	1	0.7939	0.5559
11	428	1	675.9149	1	14	90	0	1	0.7921	0.3977
11	429	1	677.4648	3	13	0	1	1	0.7925	0.5279
11	430	1	679.0147	2	12	0	1	1	0.7930	0.6097
11	431	1	680.5647	15	7	0	1	1	0.7935	0.6761
11	432	1	682.1146	3	13	0	1	1	0.7940	0.7894
11	433	1	683.6645	4	1	0	1	1	0.7945	0.7762
11	434	1	685.2144	5	5	0	1	1	0.7949	1.0010
11	435	1	686.7643	7	9	90	1	1	0.7954	0.9079
11	436	1	688.3142	8	2	90	0	1	0.7936	0.7349
11	437	1	689.8642	9	10	0	1	1	0.7941	0.9601
11	438	1	691.4141	8	2	90	1	1	0.7945	1.0425
11	439	1	692.9640	7	9	0	1	1	0.7950	0.8527
11	440	1	694.5139	8	2	0	1	1	0.7955	0.8056
11	441	1	696.0639	7	9	0	1	1	0.7959	0.7436
11	442	1	697.6138	4	1	0	1	1	0.7964	0.7469
11	443	1	699.1637	3	13	90	0	1	0.7946	0.7489
11	444	1	700.7136	1	14	0	1	1	0.7950	0.7995
11	445	1	702.2635	15	7	0	1	1	0.7955	0.6890
11	446	1	703.8134	2	12	0	1	1	0.7960	0.7387
11	447	1	705.3634	3	13	90	-1	0	0.7942	-1.0000
11	448	1	707.3966	1	14	0	1	1	0.7946	1.0440
11	449	1	708.9465	14	15	0	1	1	0.7951	0.6129
11	450	1	710.4964	2	12	0	1	1	0.7956	0.5523
11	451	1	712.0464	3	13	0	1	1	0.7960	0.8742
11	452	1	713.5963	15	7	90	0	1	0.7942	0.6043
11	453	1	715.1462	1	14	0	1	1	0.7947	0.6381
11	454	1	716.6961	14	15	90	1	1	0.7952	1.0085
11	455	1	718.2460	2	12	0	1	1	0.7956	0.6272
11	456	1	719.7959	1	14	90	0	1	0.7939	0.8362
11	457	1	721.3459	15	7	0	1	1	0.7943	1.2388
11	458	1	722.8958	2	12	0	1	1	0.7948	0.6647
11	459	1	724.4457	15	7	0	1	1	0.7952	0.7468
11	460	1	725.9956	3	13	0	-1	0	0.7935	-1.0000
11	461	1	728.0122	4	1	0	1	1	0.7939	0.7645
11	462	1	729.5621	7	9	0	1	1	0.7944	0.8295
11	463	1	731.1120	8	2	0	1	1	0.7948	0.8805
11	464	1	732.6619	9	10	0	1	1	0.7953	0.5629
11	465	1	734.2119	11	11	0	1	1	0.7957	0.5329
11	466	1	735.7618	9	10	0	1	1	0.7961	0.8231
11	467	1	737.3117	12	6	0	1	1	0.7966	0.9198
11	468	1	738.8616	10	4	0	1	1	0.7970	0.9389
11	469	1	740.4115	9	10	0	1	1	0.7974	0.7159
11	470	1	741.9614	10	4	0	1	1	0.7979	0.6069
11	471	1	743.5114	13	3	0	1	1	0.7983	0.4494
11	472	1	745.0613	12	6	0	1	1	0.7987	0.5310
11	473	1	746.6112	13	3	0	1	1	0.7992	1.0935
11	474	1	748.1611	14	15	90	1	1	0.7996	1.1914
11	475	1	749.7110	15	7	0	1	1	0.8000	0.8724
11	476	1	751.2610	3	13	0	1	1	0.8004	1.1305
11	477	1	752.8109	1	14	0	1	1	0.8008	0.7825
11	478	1	754.3608	14	15	0	1	1	0.8013	0.8159
11	479	1	755.9107	13	3	0	1	1	0.8017	1.0085
11	480	1	757.4606	10	4	90	0	1	0.8000	1.1725
11	481	1	759.1439	11	11	0	1	1	0.8004	1.1368
11	482	1	760.6938	12	6	0	1	1	0.8008	0.6896
11	483	1	762.2438	11	11	90	0	1	0.7992	0.8357
11	484	1	763.7936	13	3	0	1	1	0.7996	0.7916
11	485	1	765.3436	10	4	0	1	1	0.8000	0.5360
11	486	1	766.8935	12	6	0	1	1	0.8004	0.4109
11	487	1	768.4434	10	4	90	0	1	0.7988	0.5401
11	488	1	769.9933	9	10	0	1	1	0.7992	0.6222
11	489	1	771.5433	11	11	90	0	1	0.7975	0.6882
11	490	1	773.0932	13	3	90	0	1	0.7959	0.6273
11	491	1	774.6431	14	15	0	1	1	0.7963	0.9973
11	492	1	776.1930	13	3	0	1	1	0.7967	0.7755
11	493	1	777.7429	10	4	0	1	1	0.7972	0.4738
11	494	1	779.2929	12	6	0	1	1	0.7976	0.7628
11	495	1	780.8428	9	10	0	-1	0	0.7960	-1.0000
11	496	1	782.9093	8	2	0	1	1	0.7964	0.1861
11	497	1	784.4593	6	8	0	1	1	0.7968	1.2283
11	498	1	786.0091	8	2	0	1	1	0.7972	0.7514
11	499	1	787.5591	7	9	90	1	1	0.7976	0.8173
11	500	1	789.1090	8	2	0	1	1	0.7980	0.6591
11	501	1	790.6589	6	8	0	1	1	0.7984	0.8058
11	502	1	792.2088	7	9	0	1	1	0.7988	0.6635
11	503	1	793.7588	5	5	90	0	1	0.7972	0.7767
11	504	1	795.3087	6	8	0	1	1	0.7976	0.6841
11	505	1	796.8586	5	5	0	1	1	0.7980	0.7980
11	506	1	798.4085	4	1	90	0	1	0.7964	0.7520
11	507	1	799.9584	7	9	90	0	1	0.7949	0.6092
11	508	1	801.5084	5	5	0	1	1	0.7953	0.6289
11	509	1	803.0583	4	1	0	1	1	0.7957	0.5825
11	510	1	804.6082	7	9	0	1	1	0.7961	1.0644
11	511	1	806.1581	8	2	0	1	1	0.7965	0.6185
11	512	1	807.7080	9	10	0	1	1	0.7969	0.3976
11	513	1	809.2580	10	4	0	1	1	0.7973	0.7027
11	514	1	810.8079	9	10	0	1	1	0.7977	0.5608
11	515	1	812.3578	12	6	0	1	1	0.7981	0.6111
11	516	1	813.9077	9	10	90	0	1	0.7965	0.5970
11	517	1	815.4576	10	4	0	1	1	0.7969	0.5498
11	518	1	817.0075	12	6	0	1	1	0.7973	0.3614
11	519	1	818.5575	13	3	0	1	1	0.7977	0.6666
11	520	1	820.1074	14	15	90	1	1	0.7981	0.7640
11	521	1	821.6573	2	12	0	1	1	0.7985	0.9911
11	522	1	823.2072	3	13	0	1	1	0.7989	0.8483
11	523	1	824.7572	1	14	90	0	1	0.7973	0.8836
11	524	1	826.3071	2	12	0	1	1	0.7977	0.6444
11	525	1	827.8570	3	13	0	1	1	0.7981	0.8553
11	526	1	829.4069	2	12	0	1	1	0.7985	0.7286
11	527	1	830.9568	14	15	0	1	1	0.7989	0.7147
11	528	1	832.5068	1	14	0	1	1	0.7992	0.6539
11	529	1	834.0567	3	13	0	1	1	0.7996	0.7028
11	530	1	835.6066	4	1	0	1	1	0.8000	0.6249
11	531	1	837.1565	6	8	0	1	1	0.8004	0.8680
11	532	1	838.7064	8	2	0	1	1	0.8008	1.2691
11	533	1	840.2563	5	5	90	0	1	0.7992	1.2242
11	534	1	841.9896	4	1	0	1	1	0.7996	0.8819
11	535	1	843.5395	5	5	0	1	1	0.8000	0.8530
11	536	1	845.0894	7	9	0	1	1	0.8004	0.9028
11	537	1	846.6393	6	8	0	1	1	0.8007	0.6972
11	538	1	848.1893	8	2	0	1	1	0.8011	0.6195
11	539	1	849.7391	5	5	90	0	1	0.7996	0.4764
11	540	1	851.2891	7	9	0	1	1	0.8000	0.5914
11	541	1	852.8390	6	8	0	1	1	0.8004	0.6424
11	542	1	854.3890	5	5	0	1	1	0.8007	0.8199
11	543	1	855.9389	6	8	0	1	1	0.8011	0.6936
11	544	1	857.4888	4	1	0	1	1	0.8015	0.6627
11	545	1	859.0387	7	9	0	1	1	0.8018	0.6019
11	546	1	860.5886	5	5	0	1	1	0.8022	0.6830
11	547	1	862.1385	6	8	90	1	1	0.8026	0.9417
11	548	1	863.6884	4	1	0	1	1	0.8029	0.7204
11	549	1	865.2384	7	9	0	1	1	0.8033	0.6905
11	550	1	866.7883	5	5	0	1	1	0.8036	1.0118
11	551	1	868.3382	6	8	0	1	1	0.8040	1.4932
11	552	1	870.0214	7	9	0	1	1	0.8043	1.0261
11	553	1	871.5714	4	1	0	1	1	0.8047	0.8201
11	554	1	873.1213	5	5	0	1	1	0.8051	0.9023
11	555	1	874.6712	7	9	0	1	1	0.8054	0.5535
11	556	1	876.2212	4	1	90	0	1	0.8040	0.5235
11	557	1	877.7710	7	9	0	1	1	0.8043	0.6055
11	558	1	879.3210	4	1	0	1	1	0.8047	0.6869
11	559	1	880.8709	6	8	0	1	1	0.8050	0.6885
11	560	1	882.4208	5	5	0	1	1	0.8054	0.5317
11	561	1	883.9708	8	2	90	0	1	0.8039	0.5179
11	562	1	885.5207	9	10	0	1	1	0.8043	1.0161
11	563	1	887.0706	11	11	0	1	1	0.8046	0.6983
11	564	1	888.6205	10	4	90	0	1	0.8032	0.7324
11	565	1	890.1704	12	6	0	1	1	0.8035	1.4377
11	566	1	891.7537	10	4	0	1	1	0.8039	0.7178
11	567	1	893.3036	9	10	0	1	1	0.8042	1.0090
11	568	1	894.8535	12	6	90	0	1	0.8028	0.9309
11	569	1	896.4034	13	3	0	1	1	0.8032	0.7101
11	570	1	897.9533	10	4	90	0	1	0.8018	0.6313
11	571	1	899.5033	13	3	0	1	1	0.8021	0.6663
11	572	1	901.0532	10	4	0	0	1	0.8007	1.2743
11	573	1	902.8364	12	6	90	1	1	0.8010	1.1562
11	574	1	904.3863	10	4	0	0	1	0.7997	1.2852
11	575	1	906.2696	13	3	0	1	1	0.8000	0.8111
11	576	1	907.8195	10	4	90	1	1	0.8003	1.1174
11	577	1	909.3694	12	6	0	1	1	0.8007	1.4701
11	578	1	910.9693	13	3	0	1	1	0.8010	0.6871
11	579	1	912.5193	12	6	0	1	1	0.8014	0.6254
11	580	1	914.0692	10	4	90	0	1	0.8000	0.7713
11	581	1	915.6191	12	6	90	0	1	0.7986	0.9968
11	582	1	917.1690	9	10	0	-1	0	0.7973	-1.0000
11	583	1	919.2522	8	2	0	1	1	0.7976	0.0994
11	584	1	920.9188	9	10	90	0	1	0.7962	0.7058
11	585	1	922.4687	10	4	0	0	1	0.7949	1.3466
11	586	1	924.3853	13	3	0	1	1	0.7952	0.6142
11	587	1	925.9352	14	15	0	1	1	0.7956	0.8580
11	588	1	927.4852	1	14	0	1	1	0.7959	0.6504
11	589	1	929.0350	2	12	0	1	1	0.7963	0.6684
11	590	1	930.5850	1	14	90	0	1	0.7949	0.7357
11	591	1	932.1349	15	7	0	1	1	0.7953	0.8327
11	592	1	933.6848	1	14	0	1	1	0.7956	0.9478
11	593	1	935.2347	2	12	90	0	1	0.7943	0.8367
11	594	1	936.7846	3	13	0	1	1	0.7946	0.5202
11	595	1	938.3346	4	1	90	0	1	0.7933	0.6502
11	596	1	939.8845	3	13	90	1	1	0.7936	0.9399
11	597	1	941.4344	2	12	0	1	1	0.7940	0.7823
11	598	1	942.9843	1	14	90	1	1	0.7943	1.0242
11	599	1	944.5343	2	12	0	1	1	0.7947	0.6104
11	600	1	946.0842	14	15	0	1	1	0.7950	0.5966
11	601	1	1036.3295	13	3	0	1	1	0.7953	1.3112
11	602	1	1037.8794	12	6	0	1	1	0.7957	0.9132
11	603	1	1039.4293	11	11	90	0	1	0.7944	0.9312
11	604	1	1040.9792	13	3	0	1	1	0.7947	0.6134
11	605	1	1042.5291	12	6	0	1	1	0.7950	0.7440
11	606	1	1044.0791	9	10	0	1	1	0.7954	0.6176
11	607	1	1045.6290	8	2	0	1	1	0.7957	0.6356
11	608	1	1047.1789	7	9	90	1	1	0.7961	0.8617
11	609	1	1048.7288	4	1	90	0	1	0.7947	0.7199
11	610	1	1050.2788	3	13	0	1	1	0.7951	0.7699
11	611	1	1051.8286	1	14	90	0	1	0.7938	0.6909
11	612	1	1053.3786	14	15	90	1	1	0.7941	0.8862
11	613	1	1054.9285	1	14	0	1	1	0.7945	1.2724
11	614	1	1056.4784	14	15	0	1	1	0.7948	0.7937
11	615	1	1058.0283	2	12	90	1	1	0.7951	0.8443
11	616	1	1059.5783	1	14	90	1	1	0.7955	0.8622
11	617	1	1061.1282	3	13	0	1	1	0.7958	0.9593
11	618	1	1062.6781	4	1	0	1	1	0.7961	0.9147
11	619	1	1064.2280	6	8	0	1	1	0.7964	0.9967
11	620	1	1065.7779	4	1	90	0	1	0.7952	0.8226
11	621	1	1067.3279	5	5	0	1	1	0.7955	0.6648
11	622	1	1068.8778	6	8	0	1	1	0.7958	0.6349
11	623	1	1070.4277	8	2	0	1	1	0.7961	0.9891
11	624	1	1071.9776	5	5	0	1	1	0.7965	0.8635
11	625	1	1073.5275	7	9	0	1	1	0.7968	0.8492
11	626	1	1075.0775	6	8	0	1	1	0.7971	0.6275
11	627	1	1076.6274	5	5	0	1	1	0.7974	0.6442
11	628	1	1078.1773	4	1	0	1	1	0.7978	0.5835
11	629	1	1079.7272	5	5	0	1	1	0.7981	0.5524
11	630	1	1081.2771	8	2	0	1	1	0.7984	0.4594
11	631	1	1082.8271	9	10	0	1	1	0.7987	0.3818
11	632	1	1084.3770	10	4	0	1	1	0.7991	0.4945
11	633	1	1085.9269	12	6	0	1	1	0.7994	0.4984
11	634	1	1087.4768	10	4	0	1	1	0.7997	0.4509
11	635	1	1089.0267	12	6	0	1	1	0.8000	0.3893
11	636	1	1090.5767	11	11	0	1	1	0.8003	1.2399
11	637	1	1092.1266	12	6	0	1	1	0.8006	0.7769
11	638	1	1093.6765	9	10	90	0	1	0.7994	0.8602
11	639	1	1095.2264	10	4	0	1	1	0.7997	0.5908
11	640	1	1096.7763	13	3	0	1	1	0.8000	0.6552
11	641	1	1098.3262	11	11	0	1	1	0.8003	0.8333
11	642	1	1099.8762	12	6	0	1	1	0.8006	0.6605
11	643	1	1101.4261	10	4	0	1	1	0.8009	0.9026
11	644	1	1102.9760	11	11	0	1	1	0.8012	0.7126
11	645	1	1104.5259	9	10	90	0	1	0.8000	0.8107
11	646	1	1106.0758	12	6	0	1	1	0.8003	1.0038
11	647	1	1107.6258	13	3	90	1	1	0.8006	0.9266
11	648	1	1109.1757	10	4	90	0	1	0.7994	0.9289
11	649	1	1110.7256	13	3	0	1	1	0.7997	0.6750
11	650	1	1112.2755	11	11	0	1	1	0.8000	1.0280
11	651	1	1113.8254	9	10	90	0	1	0.7988	0.7910
11	652	1	1115.3754	8	2	0	1	1	0.7991	0.6973
11	653	1	1116.9253	9	10	0	1	1	0.7994	0.6348
11	654	1	1118.4752	12	6	0	1	1	0.7997	0.7015
11	655	1	1120.0251	11	11	0	1	1	0.8000	0.7836
11	656	1	1121.5750	10	4	0	1	1	0.8003	0.8177
11	657	1	1123.1249	12	6	0	1	1	0.8006	0.6115
11	658	1	1124.6749	10	4	90	0	1	0.7994	1.1257
11	659	1	1126.2914	13	3	0	1	1	0.7997	0.9494
11	660	1	1127.8414	11	11	0	1	1	0.8000	0.8063
11	661	1	1129.3913	9	10	90	0	1	0.7988	0.6173
11	662	1	1130.9412	11	11	0	1	1	0.7991	0.5703
11	663	1	1132.4911	10	4	0	1	1	0.7994	1.2455
11	664	1	1134.0410	12	6	0	1	1	0.7997	1.1673
11	665	1	1135.5910	11	11	0	1	1	0.8000	0.9297
11	666	1	1137.1409	9	10	0	1	1	0.8003	0.7717
11	667	1	1138.6908	8	2	0	1	1	0.8006	0.6459
11	668	1	1140.2407	5	5	0	1	1	0.8009	0.5988
11	669	1	1141.7907	7	9	0	1	1	0.8012	0.6980
11	670	1	1143.3406	8	2	0	1	1	0.8015	1.1163
11	671	1	1144.8905	5	5	0	1	1	0.8018	0.6853
11	672	1	1146.4404	6	8	90	1	1	0.8021	0.8472
11	673	1	1147.9903	5	5	0	1	1	0.8024	0.5944
11	674	1	1149.5402	8	2	90	0	1	0.8012	0.7244
11	675	1	1151.0902	6	8	0	1	1	0.8015	0.7094
11	676	1	1152.6401	7	9	90	1	1	0.8018	0.8235
11	677	1	1154.1900	6	8	0	1	1	0.8021	0.8896
11	678	1	1155.7399	7	9	0	1	1	0.8024	0.7652
11	679	1	1157.2899	8	2	0	1	1	0.8027	0.7032
11	680	1	1158.8398	5	5	0	1	1	0.8029	1.0729
11	681	1	1160.3897	7	9	0	1	1	0.8032	0.7059
11	682	1	1161.9396	8	2	0	1	1	0.8035	0.5650
11	683	1	1163.4895	9	10	0	-1	0	0.8023	-1.0000
11	684	1	1165.5728	10	4	0	1	1	0.8026	0.7079
11	685	1	1167.1227	9	10	0	1	1	0.8029	0.7262
11	686	1	1168.6726	11	11	0	1	1	0.8032	0.6318
11	687	1	1170.2225	9	10	0	1	1	0.8035	0.5060
11	688	1	1171.7724	10	4	90	0	1	0.8023	0.4281
11	689	1	1173.3224	9	10	90	0	1	0.8012	0.5744
11	690	1	1174.8723	11	11	0	1	1	0.8014	0.4801
11	691	1	1176.4222	9	10	90	0	1	0.8003	0.5774
11	692	1	1177.9721	12	6	0	1	1	0.8006	0.5167
11	693	1	1179.5220	9	10	90	0	1	0.7994	0.9346
11	694	1	1181.0719	11	11	0	1	1	0.7997	1.0162
11	695	1	1182.6219	9	10	0	1	1	0.8000	0.6017
11	696	1	1184.1718	11	11	0	1	1	0.8003	0.4286
11	697	1	1185.7217	13	3	0	1	1	0.8006	0.4950
11	698	1	1187.2716	14	15	0	1	1	0.8009	0.6410
11	699	1	1188.8215	15	7	0	1	1	0.8011	0.3872
11	700	1	1190.3715	3	13	0	1	1	0.8014	0.7721
11	701	1	1191.9214	4	1	0	1	1	0.8017	0.6621
11	702	1	1193.4713	6	8	0	1	1	0.8020	0.5699
11	703	1	1195.0212	8	2	0	1	1	0.8023	0.7304
11	704	1	1196.5711	5	5	0	1	1	0.8026	0.4936
11	705	1	1198.1211	4	1	0	1	1	0.8028	0.3834
11	706	1	1199.6710	5	5	0	1	1	0.8031	1.0256
11	707	1	1201.2209	6	8	0	1	1	0.8034	0.5956
11	708	1	1202.7708	8	2	0	1	1	0.8037	1.0618
11	709	1	1204.3207	6	8	0	1	1	0.8039	0.6468
11	710	1	1205.8707	8	2	90	0	1	0.8028	0.6489
11	711	1	1207.4206	5	5	90	0	1	0.8017	0.6358
11	712	1	1208.9705	4	1	0	1	1	0.8020	0.6531
11	713	1	1210.5204	5	5	90	1	1	0.8022	0.7992
11	714	1	1212.0703	8	2	90	0	1	0.8011	0.7549
11	715	1	1213.6203	5	5	0	1	1	0.8014	0.6444
11	716	1	1215.1702	4	1	0	1	1	0.8017	0.8865
11	717	1	1216.7201	6	8	0	1	1	0.8020	0.8247
11	718	1	1218.2700	4	1	0	1	1	0.8022	0.5544
11	719	1	1219.8200	7	9	0	1	1	0.8025	0.6036
11	720	1	1221.3698	8	2	0	1	1	0.8028	0.6217
11	721	1	1222.9198	6	8	90	1	1	0.8031	0.6890
11	722	1	1224.4697	8	2	0	1	1	0.8033	0.6738
11	723	1	1226.0196	7	9	0	1	1	0.8036	0.5959
11	724	1	1227.5695	8	2	90	0	1	0.8025	0.7114
11	725	1	1229.1195	5	5	90	0	1	0.8014	0.6011
11	726	1	1230.6694	4	1	0	1	1	0.8017	0.6981
11	727	1	1232.2193	6	8	0	1	1	0.8019	0.7813
11	728	1	1233.7692	4	1	0	1	1	0.8022	0.5584
11	729	1	1235.3191	6	8	0	1	1	0.8025	0.5775
11	730	1	1236.8690	7	9	0	1	1	0.8027	0.6120
11	731	1	1238.4190	6	8	0	1	1	0.8030	0.5486
11	732	1	1239.9689	5	5	0	1	1	0.8033	0.6626
11	733	1	1241.5188	8	2	90	0	1	0.8022	0.6327
11	734	1	1243.0687	9	10	0	1	1	0.8025	0.6348
11	735	1	1244.6186	11	11	90	0	1	0.8014	0.7980
11	736	1	1246.1686	10	4	0	1	1	0.8016	0.9282
11	737	1	1247.7185	12	6	0	1	1	0.8019	0.7056
11	738	1	1249.2684	10	4	0	1	1	0.8022	0.8366
11	739	1	1250.8183	12	6	0	1	1	0.8024	0.6613
11	740	1	1252.3682	11	11	0	1	1	0.8027	0.8874
11	741	1	1253.9182	13	3	0	1	1	0.8030	0.7472
11	742	1	1255.4681	10	4	0	1	1	0.8032	0.6677
11	743	1	1257.0180	13	3	0	1	1	0.8035	0.5736
11	744	1	1258.5679	10	4	0	1	1	0.8038	0.8495
11	745	1	1260.1178	13	3	0	1	1	0.8040	0.6100
11	746	1	1261.6677	10	4	0	1	1	0.8043	0.6772
11	747	1	1263.2177	11	11	0	1	1	0.8046	0.4698
11	748	1	1264.7676	13	3	0	1	1	0.8048	0.6971
11	749	1	1266.3175	12	6	90	1	1	0.8051	1.0832
11	750	1	1267.8674	13	3	0	1	1	0.8053	0.7173
11	751	1	1269.4174	14	15	0	1	1	0.8056	0.9750
11	752	1	1270.9673	15	7	90	0	1	0.8045	0.8334
11	753	1	1272.5172	2	12	0	1	1	0.8048	0.8183
11	754	1	1274.0671	15	7	90	0	1	0.8037	0.9338
11	755	1	1275.6170	1	14	0	1	1	0.8040	0.5672
11	756	1	1277.1670	15	7	90	0	1	0.8029	0.9055
11	757	1	1278.7169	3	13	90	0	1	0.8018	0.9238
11	758	1	1280.2668	4	1	0	1	1	0.8021	0.6527
11	759	1	1281.8167	5	5	0	1	1	0.8024	0.6080
11	760	1	1283.3666	8	2	0	1	1	0.8026	1.1057
11	761	1	1284.9165	5	5	0	1	1	0.8029	0.6590
11	762	1	1286.4665	8	2	90	1	1	0.8031	0.9663
11	763	1	1288.0164	9	10	0	1	1	0.8034	0.6325
11	764	1	1289.5663	11	11	0	1	1	0.8037	0.6812
11	765	1	1291.1163	9	10	0	1	1	0.8039	0.6033
11	766	1	1292.6662	8	2	0	1	1	0.8042	1.2305
11	767	1	1294.2161	9	10	0	1	1	0.8044	0.9286
11	768	1	1295.7660	8	2	0	-1	0	0.8034	-1.0000
11	769	1	1297.8326	7	9	0	1	1	0.8036	0.6401
11	770	1	1299.3825	5	5	0	1	1	0.8039	0.6091
11	771	1	1300.9324	7	9	0	1	1	0.8042	0.5472
11	772	1	1302.4823	5	5	0	1	1	0.8044	0.5984
11	773	1	1304.0322	6	8	0	1	1	0.8047	0.7126
11	774	1	1305.5821	7	9	0	1	1	0.8049	0.6346
11	775	1	1307.1321	6	8	0	1	1	0.8052	0.7805
11	776	1	1308.6820	5	5	0	1	1	0.8054	0.5583
11	777	1	1310.2319	6	8	0	1	1	0.8057	0.6729
11	778	1	1311.7818	4	1	0	1	1	0.8059	0.5469
11	779	1	1313.3318	3	13	0	1	1	0.8062	0.7568
11	780	1	1314.8817	1	14	0	1	1	0.8064	0.9829
11	781	1	1316.4316	15	7	0	1	1	0.8067	1.4650
11	782	1	1318.0815	3	13	0	1	1	0.8069	0.4713
11	783	1	1319.6314	1	14	0	1	1	0.8072	0.4093
11	784	1	1321.1813	14	15	0	1	1	0.8074	0.7152
11	785	1	1322.7313	15	7	0	1	1	0.8076	0.6695
11	786	1	1324.2812	14	15	0	1	1	0.8079	0.4144
11	787	1	1325.8311	15	7	0	1	1	0.8081	0.4977
11	788	1	1327.3810	3	13	0	1	1	0.8084	0.3879
11	789	1	1328.9309	4	1	0	1	1	0.8086	0.2297
11	790	1	1330.4809	3	13	0	1	1	0.8089	0.3427
11	791	1	1332.0308	15	7	90	0	1	0.8078	1.0169
11	792	1	1333.6140	14	15	0	1	1	0.8081	0.5866
11	793	1	1335.1639	2	12	0	1	1	0.8083	0.3967
11	794	1	1336.7139	14	15	0	1	1	0.8086	0.6708
11	795	1	1338.2638	2	12	0	1	1	0.8088	0.6732
11	796	1	1339.8137	15	7	0	1	1	0.8090	1.2509
11	797	1	1341.3636	3	13	0	1	1	0.8093	0.6131
11	798	1	1342.9136	15	7	90	0	1	0.8083	0.6791
11	799	1	1344.4635	2	12	0	1	1	0.8085	1.0332
11	800	1	1346.0134	15	7	0	1	1	0.8087	0.8275
11	801	1	1347.5633	14	15	0	-1	0	0.8077	-1.0000
11	802	1	1349.5632	1	14	0	1	1	0.8080	0.8615
11	803	1	1351.1131	3	13	0	1	1	0.8082	0.8316
11	804	1	1352.6631	1	14	90	0	1	0.8072	0.6737
11	805	1	1354.2130	3	13	0	1	1	0.8075	0.5961
11	806	1	1355.7629	4	1	0	1	1	0.8077	0.6620
11	807	1	1357.3128	3	13	90	0	1	0.8067	0.8559
11	808	1	1358.8627	1	14	0	1	1	0.8069	0.6649
11	809	1	1360.4127	2	12	90	1	1	0.8072	0.9078
11	810	1	1361.9625	15	7	0	1	1	0.8074	0.9410
11	811	1	1363.5125	3	13	0	1	1	0.8076	1.4883
11	812	1	1365.1957	4	1	0	1	1	0.8079	0.7965
11	813	1	1366.7457	3	13	0	1	1	0.8081	0.8473
11	814	1	1368.2956	1	14	0	1	1	0.8084	0.6892
11	815	1	1369.8455	15	7	0	1	1	0.8086	0.9313
11	816	1	1371.3954	14	15	0	1	1	0.8088	0.7254
11	817	1	1372.9453	2	12	0	1	1	0.8091	0.7594
11	818	1	1374.4952	3	13	90	1	1	0.8093	0.9865
11	819	1	1376.0452	1	14	0	1	1	0.8095	0.7476
11	820	1	1377.5951	14	15	0	1	1	0.8098	0.6537
11	821	1	1379.1450	13	3	0	1	1	0.8100	0.7037
11	822	1	1380.6949	10	4	0	1	1	0.8102	0.8007
11	823	1	1382.2448	12	6	0	0	1	0.8092	0.7877
11	824	1	1383.7947	10	4	0	1	1	0.8095	0.8062
11	825	1	1385.3447	11	11	90	0	1	0.8085	1.2240
11	826	1	1387.1112	12	6	0	-1	0	0.8075	-1.0000
11	827	1	1389.1278	10	4	0	1	1	0.8077	0.1295
11	828	1	1390.6777	9	10	0	1	1	0.8080	0.7538
11	829	1	1392.2277	11	11	90	0	1	0.8070	0.5492
11	830	1	1393.7776	10	4	90	0	1	0.8060	0.6313
11	831	1	1395.3275	9	10	0	1	1	0.8063	0.6173
11	832	1	1396.8774	8	2	0	1	1	0.8065	0.5873
11	833	1	1398.4273	5	5	90	0	1	0.8055	0.3323
11	834	1	1399.9772	8	2	0	1	1	0.8058	1.1352
11	835	1	1401.5272	5	5	0	1	1	0.8060	0.6886
11	836	1	1403.0771	8	2	0	1	1	0.8062	0.5958
11	837	1	1404.6270	6	8	0	1	1	0.8065	0.6938
11	838	1	1406.1769	4	1	90	0	1	0.8055	0.6478
11	839	1	1407.7268	6	8	0	1	1	0.8057	0.7779
11	840	1	1409.2767	7	9	0	1	1	0.8060	0.8120
11	841	1	1410.8267	5	5	0	1	1	0.8062	0.6369
11	842	1	1412.3766	4	1	90	0	1	0.8052	0.0327
11	843	1	1413.9265	6	8	0	1	1	0.8055	0.5782
11	844	1	1415.4765	5	5	0	1	1	0.8057	0.6605
11	845	1	1417.0264	7	9	0	1	1	0.8059	0.6132
11	846	1	1418.5763	6	8	0	1	1	0.8061	0.5684
11	847	1	1420.1262	7	9	90	1	1	0.8064	1.0663
11	848	1	1421.6761	4	1	0	1	1	0.8066	1.0846
11	849	1	1423.2260	3	13	90	1	1	0.8068	1.3255
11	850	1	1424.7759	1	14	90	1	1	0.8071	1.0250
11	851	1	1426.3259	3	13	90	1	1	0.8073	0.9458
11	852	1	1427.8758	4	1	90	1	1	0.8075	0.9653
11	853	1	1429.4257	7	9	0	1	1	0.8077	0.7578
11	854	1	1430.9756	4	1	0	1	1	0.8080	1.2719
11	855	1	1432.5256	7	9	0	1	1	0.8082	0.5553
11	856	1	1434.0755	4	1	0	1	1	0.8084	0.6533
11	857	1	1435.6254	3	13	0	1	1	0.8086	0.5439
11	858	1	1437.1753	1	14	0	1	1	0.8089	0.3363
11	859	1	1438.7252	3	13	0	1	1	0.8091	0.3543
11	860	1	1440.2752	4	1	90	0	1	0.8081	0.7565
11	861	1	1441.8251	3	13	90	1	1	0.8084	0.8234
11	862	1	1443.3750	2	12	0	1	1	0.8086	0.7138
11	863	1	1444.9249	3	13	0	1	1	0.8088	1.0520
11	864	1	1446.4748	15	7	90	0	1	0.8079	1.1661
11	865	1	1448.2247	3	13	0	1	1	0.8081	0.7599
11	866	1	1449.7747	4	1	90	1	1	0.8083	1.1461
11	867	1	1451.3246	7	9	0	1	1	0.8085	0.6200
11	868	1	1452.8745	4	1	0	1	1	0.8088	0.7822
11	869	1	1454.4244	6	8	0	1	1	0.8090	0.7192
11	870	1	1455.9743	7	9	90	1	1	0.8092	0.8989
11	871	1	1457.5243	6	8	0	1	1	0.8094	0.7723
11	872	1	1459.0742	7	9	0	1	1	0.8096	1.3343
11	873	1	1460.6241	6	8	0	1	1	0.8099	0.7125
11	874	1	1462.1740	7	9	90	1	1	0.8101	0.8108
11	875	1	1463.7239	4	1	0	1	1	0.8103	0.7477
11	876	1	1465.2739	7	9	0	1	1	0.8105	0.7665
11	877	1	1466.8238	4	1	0	1	1	0.8107	0.8490
11	878	1	1468.3737	7	9	0	1	1	0.8109	0.6915
11	879	1	1469.9236	8	2	0	1	1	0.8111	0.6612
11	880	1	1471.4735	5	5	0	1	1	0.8114	0.6796
11	881	1	1473.0234	6	8	0	1	1	0.8116	0.6803
11	882	1	1474.5734	5	5	0	1	1	0.8118	0.5720
11	883	1	1476.1233	4	1	0	1	1	0.8120	0.5735
11	884	1	1477.6732	3	13	0	1	1	0.8122	0.6385
11	885	1	1479.2231	1	14	0	1	1	0.8124	0.8806
11	886	1	1480.7731	15	7	90	0	1	0.8115	1.0426
11	887	1	1482.4063	14	15	90	1	1	0.8117	1.1217
11	888	1	1483.9562	2	12	0	1	1	0.8119	0.7074
11	889	1	1485.5061	15	7	0	1	1	0.8121	1.0775
11	890	1	1487.0560	1	14	0	1	1	0.8124	0.7276
11	891	1	1488.6060	3	13	0	1	1	0.8126	0.6816
11	892	1	1490.1559	4	1	0	1	1	0.8128	0.8287
11	893	1	1491.7058	6	8	0	1	1	0.8130	0.5577
11	894	1	1493.2557	7	9	0	1	1	0.8132	0.6731
11	895	1	1494.8057	6	8	0	1	1	0.8134	0.6757
11	896	1	1496.3556	8	2	0	1	1	0.8136	0.6772
11	897	1	1497.9055	5	5	90	1	1	0.8138	1.1268
11	898	1	1499.4554	6	8	0	1	1	0.8140	0.7602
11	899	1	1501.0053	4	1	0	1	1	0.8142	0.7473
11	900	1	1502.5552	5	5	0	1	1	0.8144	0.6697
11	901	1	1504.1051	8	2	0	1	1	0.8147	0.5283
11	902	1	1505.6551	9	10	0	1	1	0.8149	0.9765
11	903	1	1507.2050	12	6	0	1	1	0.8151	0.7557
11	904	1	1508.7549	9	10	0	1	1	0.8153	0.9498
11	905	1	1510.3049	12	6	0	1	1	0.8155	0.8238
11	906	1	1511.8548	9	10	0	1	1	0.8157	0.7938
11	907	1	1513.4047	12	6	0	1	1	0.8159	0.5087
11	908	1	1514.9546	10	4	0	1	1	0.8161	0.5261
11	909	1	1516.5045	11	11	0	1	1	0.8163	0.7042
11	910	1	1518.0544	13	3	0	1	1	0.8165	0.5783
11	911	1	1519.6044	11	11	0	1	1	0.8167	0.6763
11	912	1	1521.1543	10	4	0	1	1	0.8169	0.8693
11	913	1	1522.7042	12	6	90	1	1	0.8171	0.9685
11	914	1	1524.2541	13	3	0	1	1	0.8173	0.6028
11	915	1	1525.8040	11	11	90	0	1	0.8164	0.6356
11	916	1	1527.3540	10	4	0	1	1	0.8166	0.9101
11	917	1	1528.9039	11	11	0	1	1	0.8168	0.6397
11	918	1	1530.4538	12	6	0	1	1	0.8170	0.5298
11	919	1	1532.0037	13	3	90	0	1	0.8161	0.7090
11	920	1	1533.5537	11	11	0	1	1	0.8163	0.8381
11	921	1	1535.1035	10	4	90	0	1	0.8154	0.9840
11	922	1	1536.6535	12	6	0	1	1	0.8156	0.6985
11	923	1	1538.2034	13	3	0	1	1	0.8158	0.7493
11	924	1	1539.7533	12	6	0	1	1	0.8160	0.6703
11	925	1	1541.3032	13	3	0	1	1	0.8162	0.5616
11	926	1	1542.8532	14	15	0	1	1	0.8164	0.9957
11	927	1	1544.4031	13	3	0	1	1	0.8166	0.6617
11	928	1	1545.9530	12	6	0	1	1	0.8168	0.7278
11	929	1	1547.5029	11	11	0	1	1	0.8170	0.7927
11	930	1	1549.0528	12	6	0	1	1	0.8172	1.2112
11	931	1	1550.6027	13	3	0	1	1	0.8174	0.5735
11	932	1	1552.1527	14	15	0	1	1	0.8176	0.6240
11	933	1	1553.7026	13	3	90	0	1	0.8167	0.6743
11	934	1	1555.2525	11	11	0	-1	0	0.8158	-1.0000
11	935	1	1557.3358	13	3	0	1	1	0.8160	0.6249
11	936	1	1558.8857	11	11	90	0	1	0.8152	0.6099
11	937	1	1560.4356	9	10	0	1	1	0.8154	1.0282
11	938	1	1561.9855	12	6	0	1	1	0.8156	0.7598
11	939	1	1563.5354	9	10	0	1	1	0.8158	0.8259
11	940	1	1565.0853	8	2	0	1	1	0.8160	0.7152
11	941	1	1566.6353	9	10	0	1	1	0.8162	0.8465
11	942	1	1568.1852	10	4	0	1	1	0.8163	0.8304
11	943	1	1569.7351	12	6	0	1	1	0.8165	0.6097
11	944	1	1571.2850	13	3	0	1	1	0.8167	0.5951
11	945	1	1572.8350	14	15	0	1	1	0.8169	0.5974
11	946	1	1574.3849	1	14	0	-1	0	0.8161	-1.0000
11	947	1	1576.4681	14	15	0	1	1	0.8163	0.5315
11	948	1	1578.0180	15	7	0	1	1	0.8165	0.2950
11	949	1	1579.5679	1	14	0	1	1	0.8166	0.0255
11	950	1	1581.1178	14	15	0	1	1	0.8168	0.5554
11	951	1	1582.6678	13	3	0	1	1	0.8170	0.2691
11	952	1	1584.2177	11	11	0	1	1	0.8172	0.3832
11	953	1	1585.7676	9	10	0	1	1	0.8174	0.4160
11	954	1	1587.3175	8	2	0	1	1	0.8176	0.4510
11	955	1	1588.8674	7	9	0	-1	0	0.8168	-1.0000
11	956	1	1590.9673	5	5	0	1	1	0.8169	0.5141
11	957	1	1592.5172	7	9	0	1	1	0.8171	0.4343
11	958	1	1594.0672	4	1	0	-1	0	0.8163	-1.0000
11	959	1	1596.1670	6	8	0	1	1	0.8165	0.3687
11	960	1	1597.7170	4	1	0	1	1	0.8167	0.0168
11	961	1	1599.2669	6	8	0	1	1	0.8169	0.4047
11	962	1	1600.8168	8	2	0	1	1	0.8170	0.0246
11	963	1	1602.4501	9	10	0	1	1	0.8172	0.6785
11	964	1	1604.0000	11	11	90	0	1	0.8164	0.6649
11	965	1	1605.5499	12	6	0	1	1	0.8166	0.4429
11	966	1	1607.0998	10	4	0	-1	0	0.8157	-1.0000
11	967	1	1609.1664	11	11	0	1	1	0.8159	1.1465
11	968	1	1610.7163	13	3	0	1	1	0.8161	1.3723
11	969	1	1612.2662	10	4	0	1	1	0.8163	0.6064
11	970	1	1613.8161	9	10	0	1	1	0.8165	0.7836
11	971	1	1615.3660	10	4	0	1	1	0.8167	0.8670
11	972	1	1616.9160	13	3	0	1	1	0.8169	0.6288
11	973	1	1618.4659	12	6	0	1	1	0.8171	0.9988
11	974	1	1620.0158	13	3	90	1	1	0.8172	0.8885
11	975	1	1621.5657	12	6	0	0	1	0.8164	0.7458
11	976	1	1623.1157	9	10	0	1	1	0.8166	0.7491
11	977	1	1624.6656	10	4	0	1	1	0.8168	0.6861
11	978	1	1626.2155	12	6	90	1	1	0.8170	0.9932
11	979	1	1627.7654	13	3	90	1	1	0.8172	0.8832
11	980	1	1629.3153	12	6	0	1	1	0.8173	0.9178
11	981	1	1630.8652	13	3	0	1	1	0.8175	0.9516
11	982	1	1632.4152	12	6	0	1	1	0.8177	0.9365
11	983	1	1633.9651	13	3	0	1	1	0.8179	0.6345
11	984	1	1635.5150	10	4	0	1	1	0.8181	0.7165
11	985	1	1637.0649	12	6	0	1	1	0.8183	0.7027
11	986	1	1638.6149	13	3	0	1	1	0.8185	0.7699
11	987	1	1640.1648	14	15	0	-1	0	0.8176	-1.0000
11	988	1	1642.2313	15	7	0	1	1	0.8178	1.0563
11	989	1	1643.7812	14	15	0	1	1	0.8180	0.5784
11	990	1	1645.3312	1	14	0	1	1	0.8182	0.8365
11	991	1	1646.8811	15	7	0	1	1	0.8184	0.7749
11	992	1	1648.4310	1	14	0	1	1	0.8185	0.5367
11	993	1	1649.9809	2	12	0	1	1	0.8187	0.7469
11	994	1	1651.5308	3	13	0	1	1	0.8189	0.8619
11	995	1	1653.0808	15	7	0	1	1	0.8191	0.7039
11	996	1	1654.6307	14	15	0	1	1	0.8193	0.6729
11	997	1	1656.1806	2	12	0	1	1	0.8195	0.3239
11	998	1	1657.7305	1	14	90	0	1	0.8186	0.1184
11	999	1	1659.2804	14	15	90	1	1	0.8188	0.7933
11	1000	1	1660.8304	15	7	90	0	1	0.8180	0.7465
11	1001	1	1662.3803	3	13	90	0	1	0.8172	0.9243
11	1002	1	1663.9302	15	7	0	1	1	0.8174	0.8613
11	1003	1	1665.4801	1	14	90	1	1	0.8175	0.8805
11	1004	1	1667.0300	3	13	0	-1	0	0.8167	-1.0000
11	1005	1	1669.0799	15	7	0	1	1	0.8169	0.8490
11	1006	1	1670.6299	1	14	0	1	1	0.8171	0.9151
11	1007	1	1672.1798	14	15	0	1	1	0.8173	1.1573
11	1008	1	1673.7297	13	3	90	0	1	0.8165	0.8704
11	1009	1	1675.2796	11	11	0	1	1	0.8167	0.7450
11	1010	1	1676.8295	9	10	0	1	1	0.8168	1.3074
11	1011	1	1678.3794	8	2	90	0	1	0.8160	0.7322
11	1012	1	1679.9294	9	10	0	1	1	0.8162	0.6067
11	1013	1	1681.4793	11	11	0	1	1	0.8164	0.5294
11	1014	1	1683.0292	9	10	0	1	1	0.8166	0.3224
11	1015	1	1684.5791	8	2	90	0	1	0.8158	0.3885
11	1016	1	1686.1291	6	8	0	1	1	0.8159	0.2625
11	1017	1	1687.6790	4	1	0	1	1	0.8161	0.3138
11	1018	1	1689.2289	3	13	0	1	1	0.8163	0.4763
11	1019	1	1690.7788	1	14	0	1	1	0.8165	0.5580
11	1020	1	1692.3287	3	13	0	1	1	0.8167	0.3035
11	1021	1	1693.8786	15	7	0	1	1	0.8168	0.5451
11	1022	1	1695.4286	14	15	0	1	1	0.8170	0.5961
11	1023	1	1696.9785	13	3	0	1	1	0.8172	0.8542
11	1024	1	1698.5284	12	6	90	0	1	0.8164	0.8873
11	1025	1	1700.0783	11	11	0	1	1	0.8166	0.9866
11	1026	1	1701.6282	12	6	0	1	1	0.8168	1.0206
11	1027	1	1703.1781	13	3	0	1	1	0.8169	0.9921
11	1028	1	1704.7281	11	11	0	-1	0	0.8161	-1.0000
11	1029	1	1706.7780	13	3	0	1	1	0.8163	0.5577
11	1030	1	1708.3279	11	11	0	1	1	0.8165	0.3847
11	1031	1	1709.8778	12	6	90	0	1	0.8157	0.4831
11	1032	1	1711.4277	10	4	0	1	1	0.8159	0.7887
11	1033	1	1712.9776	9	10	0	1	1	0.8161	0.7112
11	1034	1	1714.5276	10	4	0	1	1	0.8162	0.6339
11	1035	1	1716.0775	11	11	0	1	1	0.8164	0.7150
11	1036	1	1717.6274	10	4	0	1	1	0.8166	0.8451
11	1037	1	1719.1773	11	11	0	1	1	0.8168	0.7503
11	1038	1	1720.7272	13	3	0	1	1	0.8170	0.5775
11	1039	1	1722.2772	10	4	0	1	1	0.8171	0.6121
11	1040	1	1723.8271	11	11	0	1	1	0.8173	0.7418
11	1041	1	1725.3770	10	4	90	1	1	0.8175	1.4306
11	1042	1	1726.9269	13	3	0	1	1	0.8177	1.0009
11	1043	1	1728.4768	10	4	0	1	1	0.8178	0.6361
11	1044	1	1730.0268	12	6	0	1	1	0.8180	1.0708
11	1045	1	1731.5767	9	10	0	1	1	0.8182	1.4882
11	1046	1	1733.1766	10	4	90	0	1	0.8174	0.9591
11	1047	1	1734.7265	12	6	0	1	1	0.8176	0.5471
11	1048	1	1736.2764	11	11	90	0	1	0.8168	0.6122
11	1049	1	1737.8263	10	4	90	0	1	0.8160	0.4863
11	1050	1	1739.3763	12	6	0	1	1	0.8162	0.3605
11	1051	1	1740.9262	11	11	0	1	1	0.8164	0.6031
11	1052	1	1742.4761	13	3	0	1	1	0.8165	0.5885
11	1053	1	1744.0260	12	6	0	1	1	0.8167	0.7674
11	1054	1	1745.5759	10	4	0	1	1	0.8169	0.6415
11	1055	1	1747.1259	9	10	0	1	1	0.8171	0.3710
11	1056	1	1748.6758	10	4	0	1	1	0.8172	0.4838
11	1057	1	1750.2257	11	11	0	1	1	0.8174	1.2379
11	1058	1	1751.7756	13	3	0	-1	0	0.8166	-1.0000
11	1059	1	1753.8755	12	6	0	1	1	0.8168	0.4361
11	1060	1	1755.4255	10	4	0	1	1	0.8170	1.4794
11	1061	1	1757.0087	13	3	0	1	1	0.8172	0.6319
11	1062	1	1758.5586	10	4	0	1	1	0.8173	0.2490
11	1063	1	1760.1085	9	10	0	1	1	0.8175	0.0289
11	1064	1	1761.6585	11	11	0	1	1	0.8177	0.8309
11	1065	1	1763.2084	13	3	90	0	1	0.8169	0.4486
11	1066	1	1764.7583	14	15	0	1	1	0.8171	0.5944
11	1067	1	1766.3082	15	7	0	1	1	0.8172	0.9806
11	1068	1	1767.8581	3	13	0	1	1	0.8174	0.9334
11	1069	1	1769.4080	15	7	0	1	1	0.8176	0.6156
11	1070	1	1770.9580	1	14	0	0	1	0.8168	0.7458
11	1071	1	1772.5079	2	12	0	1	1	0.8170	0.6690
11	1072	1	1774.0578	14	15	0	1	1	0.8172	1.3579
11	1073	1	1775.6077	2	12	0	1	1	0.8173	0.7043
11	1074	1	1777.1576	1	14	0	1	1	0.8175	1.2030
11	1075	1	1778.7076	3	13	90	1	1	0.8177	1.2055
11	1076	1	1780.2575	15	7	0	1	1	0.8178	0.9994
11	1077	1	1781.8074	14	15	0	0	1	0.8171	0.8411
11	1078	1	1783.3573	1	14	0	-1	0	0.8163	-1.0000
11	1079	1	1785.4572	3	13	0	1	1	0.8165	1.0001
11	1080	1	1787.0071	15	7	0	1	1	0.8167	0.6178
11	1081	1	1788.5571	14	15	0	-1	0	0.8159	-1.0000
11	1082	1	1790.6569	1	14	0	1	1	0.8161	0.5043
11	1083	1	1792.2069	3	13	0	1	1	0.8163	0.2978
11	1084	1	1793.7568	2	12	90	1	1	0.8164	0.8908
11	1085	1	1795.3067	3	13	0	1	1	0.8166	0.7665
11	1086	1	1796.8566	2	12	0	1	1	0.8168	0.5750
11	1087	1	1798.4066	1	14	0	1	1	0.8169	0.5782
11	1088	1	1799.9565	2	12	90	0	1	0.8162	0.6112
11	1089	1	1801.5064	14	15	0	1	1	0.8163	0.5986
11	1090	1	1803.0563	1	14	0	1	1	0.8165	0.3925
11	1091	1	1804.6062	14	15	0	1	1	0.8167	0.4740
11	1092	1	1806.1561	2	12	90	1	1	0.8168	0.8437
11	1093	1	1807.7061	3	13	0	1	1	0.8170	0.5908
11	1094	1	1809.2560	1	14	0	1	1	0.8172	0.5608
11	1095	1	1810.8059	3	13	0	1	1	0.8174	0.2749
11	1096	1	1812.3558	2	12	0	1	1	0.8175	0.5480
11	1097	1	1813.9057	3	13	0	1	1	0.8177	0.6152
11	1098	1	1815.4557	4	1	0	1	1	0.8179	0.7291
11	1099	1	1817.0056	7	9	0	1	1	0.8180	0.6673
11	1100	1	1818.5555	6	8	0	1	1	0.8182	0.6213
11	1101	1	1820.1054	7	9	0	1	1	0.8183	0.4623
11	1102	1	1821.6553	4	1	0	1	1	0.8185	0.6573
11	1103	1	1823.2052	7	9	0	1	1	0.8187	0.6117
11	1104	1	1824.7552	8	2	90	0	1	0.8179	0.2618
11	1105	1	1826.3051	7	9	0	1	1	0.8181	0.7431
11	1106	1	1827.8550	8	2	0	1	1	0.8183	0.9527
11	1107	1	1829.4049	9	10	0	1	1	0.8184	0.6027
11	1108	1	1830.9548	10	4	0	1	1	0.8186	0.9893
11	1109	1	1832.5048	13	3	0	1	1	0.8188	0.7349
11	1110	1	1834.0547	10	4	0	1	1	0.8189	0.7050
11	1111	1	1835.6046	11	11	0	1	1	0.8191	0.8030
11	1112	1	1837.1545	12	6	90	0	1	0.8183	1.4132
11	1113	1	1839.1544	11	11	0	1	1	0.8185	0.6135
11	1114	1	1840.7044	12	6	0	1	1	0.8187	0.7753
11	1115	1	1842.2543	10	4	0	1	1	0.8188	0.7149
11	1116	1	1843.8042	12	6	0	1	1	0.8190	1.1482
11	1117	1	1845.3541	10	4	0	1	1	0.8192	1.1015
11	1118	1	1846.9040	11	11	0	1	1	0.8193	0.8809
11	1119	1	1848.4539	9	10	0	1	1	0.8195	0.6417
11	1120	1	1850.0039	8	2	0	1	1	0.8196	0.5332
11	1121	1	1851.5538	9	10	0	1	1	0.8198	0.5978
11	1122	1	1853.1037	10	4	0	1	1	0.8200	0.6011
11	1123	1	1854.6536	11	11	90	0	1	0.8192	0.4590
11	1124	1	1856.2035	12	6	0	1	1	0.8194	0.7001
11	1125	1	1857.7535	13	3	0	1	1	0.8196	0.4779
11	1126	1	1859.3034	11	11	0	-1	0	0.8188	-1.0000
11	1127	1	1861.3366	13	3	0	1	1	0.8190	0.1122
11	1128	1	1862.8865	11	11	0	1	1	0.8191	0.6103
11	1129	1	1864.4365	10	4	0	1	1	0.8193	0.5316
11	1130	1	1865.9864	11	11	0	1	1	0.8195	0.2150
11	1131	1	1867.5363	10	4	90	0	1	0.8187	0.4403
11	1132	1	1869.0862	11	11	0	1	1	0.8189	0.5380
11	1133	1	1870.6361	13	3	0	1	1	0.8191	0.5235
11	1134	1	1872.1860	12	6	0	1	1	0.8192	0.4784
11	1135	1	1873.7360	10	4	0	1	1	0.8194	0.9290
11	1136	1	1875.2859	9	10	0	1	1	0.8195	0.8660
11	1137	1	1876.8358	11	11	0	1	1	0.8197	0.8851
11	1138	1	1878.3857	13	3	90	0	1	0.8190	0.6157
11	1139	1	1879.9356	14	15	0	1	1	0.8191	0.5852
11	1140	1	1881.4856	13	3	0	1	1	0.8193	0.5554
11	1141	1	1883.0355	10	4	0	1	1	0.8195	0.6534
11	1142	1	1884.5854	9	10	0	1	1	0.8196	1.2623
11	1143	1	1886.1353	12	6	0	1	1	0.8198	0.8497
11	1144	1	1887.6853	11	11	90	0	1	0.8191	0.6269
11	1145	1	1889.2352	9	10	0	1	1	0.8192	0.5805
11	1146	1	1890.7851	11	11	90	-1	0	0.8185	-1.0000
11	1147	1	1892.8182	12	6	0	1	1	0.8187	0.5825
11	1148	1	1894.3682	10	4	0	1	1	0.8188	0.6807
11	1149	1	1895.9182	11	11	90	0	1	0.8181	0.6507
11	1150	1	1897.4681	9	10	90	0	1	0.8174	0.2688
11	1151	1	1899.0180	8	2	0	1	1	0.8175	0.5589
11	1152	1	1900.5679	7	9	90	-1	0	0.8168	-1.0000
11	1153	1	1902.6677	4	1	0	1	1	0.8170	0.5090
11	1154	1	1904.2177	7	9	0	1	1	0.8172	0.6069
11	1155	1	1905.7676	6	8	90	1	1	0.8173	0.8000
11	1156	1	1907.3176	4	1	0	1	1	0.8175	0.6902
11	1157	1	1908.8675	3	13	0	1	1	0.8176	0.9813
11	1158	1	1910.4174	2	12	0	1	1	0.8178	0.7596
11	1159	1	1911.9673	15	7	0	-1	0	0.8171	-1.0000
11	1160	1	1914.0005	14	15	0	1	1	0.8172	0.8881
11	1161	1	1915.5505	15	7	0	-1	0	0.8165	-1.0000
11	1162	1	1917.6170	1	14	0	1	1	0.8167	0.5038
11	1163	1	1919.1669	14	15	0	1	1	0.8169	0.5697
11	1164	1	1920.7169	15	7	90	0	1	0.8162	0.6042
11	1165	1	1922.2668	1	14	0	1	1	0.8163	0.6541
11	1166	1	1923.8167	3	13	0	1	1	0.8165	0.4802
11	1167	1	1925.3666	2	12	0	1	1	0.8166	0.7691
11	1168	1	1926.9165	15	7	0	1	1	0.8168	0.8997
11	1169	1	1928.4664	14	15	0	1	1	0.8169	0.9183
11	1170	1	1930.0164	15	7	0	1	1	0.8171	0.9205
11	1171	1	1931.5663	1	14	0	1	1	0.8173	0.6187
11	1172	1	1933.1162	14	15	0	1	1	0.8174	0.6686
11	1173	1	1934.6661	2	12	0	1	1	0.8176	0.6388
11	1174	1	1936.2161	14	15	0	1	1	0.8177	0.6888
11	1175	1	1937.7660	13	3	90	0	1	0.8170	0.8029
11	1176	1	1939.3158	14	15	90	0	1	0.8163	0.4040
11	1177	1	1940.8658	15	7	0	1	1	0.8165	0.2629
11	1178	1	1942.4157	3	13	90	1	1	0.8166	1.2731
11	1179	1	1943.9656	15	7	0	1	1	0.8168	0.6993
11	1180	1	1945.5155	14	15	90	0	1	0.8161	0.7180
11	1181	1	1947.0655	13	3	0	1	1	0.8163	0.6073
11	1182	1	1948.6154	14	15	90	1	1	0.8164	0.8015
11	1183	1	1950.1653	13	3	0	1	1	0.8166	0.6594
11	1184	1	1951.7152	12	6	0	1	1	0.8167	0.4845
11	1185	1	1953.2652	11	11	0	1	1	0.8169	1.0319
11	1186	1	1954.8151	9	10	90	0	1	0.8162	0.7935
11	1187	1	1956.3650	10	4	0	1	1	0.8163	0.4599
11	1188	1	1957.9149	11	11	0	1	1	0.8165	1.4380
11	1189	1	1959.4815	10	4	0	1	1	0.8167	1.1511
11	1190	1	1961.0314	11	11	90	0	1	0.8160	0.6735
11	1191	1	1962.5813	9	10	0	1	1	0.8161	0.2590
11	1192	1	1964.1313	10	4	0	1	1	0.8163	0.1325
11	1193	1	1965.6812	11	11	0	1	1	0.8164	0.6315
11	1194	1	1967.2311	13	3	90	0	1	0.8157	0.1375
11	1195	1	1968.7810	10	4	0	1	1	0.8159	0.6680
11	1196	1	1970.3309	13	3	0	1	1	0.8161	0.3658
11	1197	1	1971.8808	14	15	0	1	1	0.8162	1.1519
11	1198	1	1973.4308	1	14	0	1	1	0.8164	0.7849
11	1199	1	1974.9807	15	7	0	1	1	0.8165	0.9002
11	1200	1	1976.5306	14	15	90	1	1	0.8167	0.5332
11	1201	1	1978.0805	1	14	90	0	1	0.8160	0.4084
11	1202	1	1979.6304	15	7	0	1	1	0.8161	0.9698
11	1203	1	1981.1804	2	12	0	1	1	0.8163	0.7485
11	1204	1	1982.7303	1	14	0	1	1	0.8164	0.8454
11	1205	1	1984.2802	14	15	0	1	1	0.8166	0.7194
11	1206	1	1985.8302	1	14	90	1	1	0.8167	0.9935
11	1207	1	1987.3801	2	12	0	1	1	0.8169	0.6768
11	1208	1	1988.9300	15	7	0	1	1	0.8171	0.9026
11	1209	1	1990.4799	2	12	0	1	1	0.8172	0.7930
11	1210	1	1992.0298	14	15	90	1	1	0.8174	0.6659
11	1211	1	1993.5797	13	3	90	0	1	0.8167	0.5880
11	1212	1	1995.1296	14	15	0	1	1	0.8168	0.6540
11	1213	1	1996.6796	15	7	0	-1	0	0.8162	-1.0000
11	1214	1	1998.6961	3	13	0	1	1	0.8163	0.7049
11	1215	1	2000.2460	1	14	0	1	1	0.8165	0.6110
11	1216	1	2001.7960	3	13	0	1	1	0.8166	0.7410
11	1217	1	2003.3459	2	12	0	1	1	0.8168	0.6632
11	1218	1	2004.8958	14	15	0	1	1	0.8169	0.5689
11	1219	1	2006.4457	1	14	90	0	1	0.8162	0.4116
11	1220	1	2007.9956	15	7	0	1	1	0.8164	0.5571
11	1221	1	2009.5455	1	14	0	1	1	0.8165	0.7198
11	1222	1	2011.0955	2	12	90	1	1	0.8167	0.7694
11	1223	1	2012.6454	3	13	0	1	1	0.8168	0.7864
11	1224	1	2014.1953	1	14	0	1	1	0.8170	0.5815
11	1225	1	2015.7452	14	15	0	1	1	0.8171	0.6803
11	1226	1	2017.2952	1	14	0	1	1	0.8173	0.5217
11	1227	1	2018.8451	14	15	90	0	1	0.8166	0.4437
11	1228	1	2020.3950	2	12	0	0	1	0.8160	0.4299
11	1229	1	2021.9449	14	15	90	0	1	0.8153	0.7840
11	1230	1	2023.4948	2	12	0	1	1	0.8154	0.6107
11	1231	1	2025.0448	15	7	0	1	1	0.8156	0.5789
11	1232	1	2026.5947	1	14	90	1	1	0.8157	0.7105
11	1233	1	2028.1446	3	13	0	1	1	0.8159	0.6484
11	1234	1	2029.6945	4	1	0	1	1	0.8160	0.6653
11	1235	1	2031.2444	6	8	0	1	1	0.8162	0.7792
11	1236	1	2032.7944	8	2	0	1	1	0.8163	0.8303
11	1237	1	2034.3443	9	10	0	1	1	0.8165	0.6565
11	1238	1	2035.8942	11	11	0	1	1	0.8166	0.5307
11	1239	1	2037.4441	12	6	0	1	1	0.8168	0.1645
11	1240	1	2038.9940	9	10	0	1	1	0.8169	0.5028
11	1241	1	2040.5440	10	4	0	-1	0	0.8163	-1.0000
11	1242	1	2042.7105	11	11	0	1	1	0.8164	0.4972
11	1243	1	2044.2605	13	3	90	1	1	0.8166	1.2832
11	1244	1	2045.8103	11	11	0	1	1	0.8167	0.7429
11	1245	1	2047.3603	12	6	0	1	1	0.8169	0.3595
11	1246	1	2048.9102	13	3	0	1	1	0.8170	0.0752
11	1247	1	2050.4601	11	11	90	0	1	0.8164	0.7173
11	1248	1	2052.0100	10	4	0	1	1	0.8165	0.8146
11	1249	1	2053.5599	12	6	0	1	1	0.8167	0.8648
11	1250	1	2055.1099	10	4	0	1	1	0.8168	0.3871
11	1251	1	2056.6598	13	3	0	1	1	0.8169	0.7251
11	1252	1	2058.2097	11	11	0	1	1	0.8171	0.8390
11	1253	1	2059.7596	12	6	0	1	1	0.8172	0.6652
11	1254	1	2061.3095	10	4	90	0	1	0.8166	0.6192
11	1255	1	2062.8595	13	3	0	1	1	0.8167	0.7977
11	1256	1	2064.4094	11	11	0	1	1	0.8169	0.5433
11	1257	1	2065.9593	9	10	0	1	1	0.8170	0.2896
11	1258	1	2067.5092	10	4	90	0	1	0.8164	0.3870
11	1259	1	2069.0591	9	10	0	1	1	0.8165	0.3246
11	1260	1	2070.6091	8	2	0	1	1	0.8167	0.4066
11	1261	1	2072.1590	6	8	0	-1	0	0.8160	-1.0000
11	1262	1	2074.2089	5	5	0	1	1	0.8162	0.5828
11	1263	1	2075.7588	6	8	0	1	1	0.8163	0.4901
11	1264	1	2077.3087	8	2	90	0	1	0.8157	0.4282
11	1265	1	2078.8586	7	9	0	1	1	0.8158	0.6876
11	1266	1	2080.4086	5	5	0	1	1	0.8160	0.6246
11	1267	1	2081.9585	7	9	0	1	1	0.8161	0.6424
11	1268	1	2083.5084	8	2	0	1	1	0.8162	0.5973
11	1269	1	2085.0583	7	9	0	1	1	0.8164	0.8704
11	1270	1	2086.6082	6	8	0	1	1	0.8165	0.5687
11	1271	1	2088.1581	8	2	0	1	1	0.8167	0.6344
11	1272	1	2089.7081	5	5	0	1	1	0.8168	0.6849
11	1273	1	2091.2580	6	8	0	1	1	0.8170	0.6864
11	1274	1	2092.8079	4	1	0	1	1	0.8171	0.5931
11	1275	1	2094.3578	7	9	0	1	1	0.8173	0.5950
11	1276	1	2095.9077	5	5	0	1	1	0.8174	0.5651
11	1277	1	2097.4577	7	9	0	1	1	0.8175	0.5672
11	1278	1	2099.0076	5	5	0	1	1	0.8177	0.6162
11	1279	1	2100.5575	7	9	0	1	1	0.8178	0.5395
11	1280	1	2102.1074	8	2	90	0	1	0.8172	0.6683
11	1281	1	2103.6573	7	9	0	1	1	0.8173	0.6074
11	1282	1	2105.2072	5	5	0	1	1	0.8175	0.5454
11	1283	1	2106.7572	6	8	0	1	1	0.8176	0.5625
11	1284	1	2108.3071	8	2	0	1	1	0.8178	0.7570
11	1285	1	2109.8570	9	10	0	1	1	0.8179	0.7599
11	1286	1	2111.4070	10	4	0	1	1	0.8180	0.7137
11	1287	1	2112.9569	9	10	0	1	1	0.8182	0.7801
11	1288	1	2114.5068	12	6	90	1	1	0.8183	0.8943
11	1289	1	2116.0567	11	11	0	1	1	0.8185	0.8323
11	1290	1	2117.6066	12	6	0	1	1	0.8186	0.8979
11	1291	1	2119.1565	10	4	0	1	1	0.8187	1.0761
11	1292	1	2120.7064	11	11	0	1	1	0.8189	0.7893
11	1293	1	2122.2564	9	10	0	1	1	0.8190	0.6323
11	1294	1	2123.8063	12	6	0	1	1	0.8192	0.6664
11	1295	1	2125.3562	10	4	0	1	1	0.8193	0.6996
11	1296	1	2126.9061	11	11	0	1	1	0.8194	0.7016
11	1297	1	2128.4561	12	6	0	1	1	0.8196	0.7686
11	1298	1	2130.0060	9	10	0	1	1	0.8197	0.6748
11	1299	1	2131.5559	11	11	90	0	1	0.8191	0.6762
11	1300	1	2133.1058	12	6	0	1	1	0.8192	0.6951
11	1301	1	2134.6557	13	3	0	1	1	0.8194	0.7450
11	1302	1	2136.2056	11	11	0	1	1	0.8195	0.8754
11	1303	1	2137.7556	13	3	0	1	1	0.8196	0.6361
11	1304	1	2139.3055	12	6	0	1	1	0.8198	0.8313
11	1305	1	2140.8554	9	10	0	1	1	0.8199	0.7532
11	1306	1	2142.4053	12	6	0	1	1	0.8201	0.6436
11	1307	1	2143.9552	13	3	90	1	1	0.8202	0.8534
11	1308	1	2145.5052	11	11	0	1	1	0.8203	0.7437
11	1309	1	2147.0551	9	10	0	1	1	0.8205	0.6658
11	1310	1	2148.6050	12	6	0	1	1	0.8206	0.6358
11	1311	1	2150.1549	10	4	0	1	1	0.8207	1.0049
11	1312	1	2151.7048	9	10	0	1	1	0.8209	1.2468
11	1313	1	2153.2547	12	6	0	1	1	0.8210	0.6569
11	1314	1	2154.8047	11	11	0	1	1	0.8212	0.7230
11	1315	1	2156.3546	9	10	0	1	1	0.8213	0.9652
11	1316	1	2157.9045	8	2	90	0	1	0.8207	0.6003
11	1317	1	2159.4544	6	8	0	1	1	0.8208	0.7946
11	1318	1	2161.0043	8	2	0	1	1	0.8209	0.9082
11	1319	1	2162.5543	5	5	0	1	1	0.8211	0.6390
11	1320	1	2164.1042	7	9	90	1	1	0.8212	0.8170
11	1321	1	2165.6541	4	1	0	1	1	0.8213	0.6428
11	1322	1	2167.2040	5	5	0	1	1	0.8215	0.5642
11	1323	1	2168.7539	6	8	0	1	1	0.8216	0.5508
11	1324	1	2170.3039	7	9	0	1	1	0.8218	0.9217
11	1325	1	2171.8538	6	8	0	1	1	0.8219	0.8431
11	1326	1	2173.4037	8	2	90	0	1	0.8213	0.6360
11	1327	1	2174.9536	6	8	0	1	1	0.8214	0.5425
11	1328	1	2176.5035	4	1	0	1	1	0.8215	0.5281
11	1329	1	2178.0535	3	13	0	1	1	0.8217	0.6742
11	1330	1	2179.6034	1	14	0	1	1	0.8218	0.4536
11	1331	1	2181.1533	3	13	0	1	1	0.8219	0.3593
11	1332	1	2182.7032	15	7	0	1	1	0.8221	0.3766
11	1333	1	2184.2532	2	12	0	1	1	0.8222	0.6518
11	1334	1	2185.8031	3	13	0	1	1	0.8223	0.6367
11	1335	1	2187.3530	15	7	0	1	1	0.8225	0.8788
11	1336	1	2188.9029	2	12	0	1	1	0.8226	0.6742
11	1337	1	2190.4528	3	13	0	1	1	0.8227	1.2829
11	1338	1	2192.0027	2	12	90	1	1	0.8229	0.9022
11	1339	1	2193.5527	14	15	0	1	1	0.8230	0.6483
11	1340	1	2195.1026	13	3	0	1	1	0.8231	0.6662
11	1341	1	2196.6525	11	11	90	0	1	0.8225	0.8112
11	1342	1	2198.2024	9	10	0	1	1	0.8227	0.5745
11	1343	1	2199.7523	8	2	0	1	1	0.8228	0.6566
11	1344	1	2201.3023	5	5	0	1	1	0.8229	0.6095
11	1345	1	2202.8522	6	8	0	1	1	0.8230	0.6128
11	1346	1	2204.4021	8	2	90	1	1	0.8232	0.9976
11	1347	1	2205.9520	5	5	0	1	1	0.8233	0.5529
11	1348	1	2207.5019	8	2	90	1	1	0.8234	1.0671
11	1349	1	2209.0519	9	10	0	1	1	0.8236	1.0208
11	1350	1	2210.6018	10	4	0	1	1	0.8237	0.6861
11	1351	1	2212.1517	11	11	0	1	1	0.8238	0.6422
11	1352	1	2213.7016	10	4	0	1	1	0.8240	0.5319
11	1353	1	2215.2515	12	6	90	1	1	0.8241	0.8521
11	1354	1	2216.8015	13	3	90	-1	0	0.8235	-1.0000
11	1355	1	2218.8347	11	11	90	0	1	0.8229	0.8543
11	1356	1	2220.3846	13	3	90	1	1	0.8230	0.9523
11	1357	1	2221.9345	11	11	0	1	1	0.8231	0.6502
11	1358	1	2223.4844	13	3	0	1	1	0.8233	0.7953
11	1359	1	2225.0343	11	11	0	1	1	0.8234	0.7024
11	1360	1	2226.5843	12	6	0	1	1	0.8235	0.6247
11	1361	1	2228.1342	9	10	0	1	1	0.8237	0.6591
11	1362	1	2229.6841	8	2	90	1	1	0.8238	1.1247
11	1363	1	2231.2341	6	8	0	1	1	0.8239	0.8870
11	1364	1	2232.7840	8	2	0	1	1	0.8240	0.9530
11	1365	1	2234.3339	5	5	0	1	1	0.8242	0.6819
11	1366	1	2235.8838	6	8	90	1	1	0.8243	0.8126
11	1367	1	2237.4337	7	9	0	1	1	0.8244	1.1829
11	1368	1	2238.9836	6	8	0	1	1	0.8246	1.2321
11	1369	1	2240.5335	5	5	90	0	1	0.8240	1.4753
11	1370	1	2242.5334	7	9	0	1	1	0.8241	0.5797
11	1371	1	2244.0834	6	8	0	1	1	0.8242	0.5964
11	1372	1	2245.6333	4	1	0	1	1	0.8243	0.7439
11	1373	1	2247.1832	6	8	0	1	1	0.8245	0.5375
11	1374	1	2248.7331	7	9	0	1	1	0.8246	0.6518
11	1375	1	2250.2831	5	5	90	0	1	0.8240	0.5406
11	1376	1	2251.8330	6	8	0	1	1	0.8241	0.4637
11	1377	1	2253.3829	8	2	0	1	1	0.8243	0.7850
11	1378	1	2254.9328	7	9	0	1	1	0.8244	0.6761
11	1379	1	2256.4828	6	8	0	1	1	0.8245	0.9503
11	1380	1	2258.0327	4	1	0	1	1	0.8246	0.6804
11	1381	1	2259.5826	5	5	0	1	1	0.8248	1.4344
11	1382	1	2261.1325	7	9	0	-1	0	0.8242	-1.0000
11	1383	1	2263.2324	4	1	0	1	1	0.8243	0.6486
11	1384	1	2264.7823	3	13	0	1	1	0.8244	0.5867
11	1385	1	2266.3322	15	7	0	1	1	0.8245	0.8444
11	1386	1	2267.8821	14	15	0	1	1	0.8247	0.5909
11	1387	1	2269.4320	15	7	0	1	1	0.8248	0.5130
11	1388	1	2270.9820	3	13	0	1	1	0.8249	0.8668
11	1389	1	2272.5319	1	14	0	1	1	0.8251	0.7090
11	1390	1	2274.0818	2	12	0	1	1	0.8252	0.4701
11	1391	1	2275.6317	3	13	90	0	1	0.8246	0.3600
11	1392	1	2277.1816	2	12	90	0	1	0.8240	0.8271
11	1393	1	2278.7316	14	15	0	1	1	0.8241	0.5243
11	1394	1	2280.2815	1	14	0	1	1	0.8242	0.5903
11	1395	1	2281.8314	14	15	0	1	1	0.8244	0.5603
11	1396	1	2283.3813	2	12	0	1	1	0.8245	0.3077
11	1397	1	2284.9312	14	15	0	1	1	0.8246	0.3566
11	1398	1	2286.4812	2	12	0	1	1	0.8247	0.2634
11	1399	1	2288.0311	15	7	90	-1	0	0.8242	-1.0000
11	1400	1	2290.0643	3	13	0	1	1	0.8243	0.4235
11	1	2	1.0166	11	11	0	-1	0	NaN	-1.0000
11	2	2	2.5499	13	3	0	-1	0	NaN	-1.0000
11	3	2	4.0831	11	11	0	-1	0	NaN	-1.0000
11	4	2	5.6164	9	10	0	-1	0	NaN	-1.0000
11	5	2	7.1496	12	6	0	-1	0	NaN	-1.0000
11	6	2	8.6829	9	10	0	-1	0	NaN	-1.0000
11	7	2	10.2161	12	6	0	-1	0	NaN	-1.0000
11	8	2	11.7494	10	4	0	-1	0	NaN	-1.0000
11	9	2	13.2826	9	10	0	-1	0	NaN	-1.0000
11	10	2	14.8159	10	4	0	-1	0	NaN	-1.0000
11	11	2	16.3492	9	10	0	-1	0	NaN	-1.0000
11	12	2	17.8824	10	4	0	-1	0	NaN	-1.0000
11	13	2	19.4157	9	10	0	-1	0	NaN	-1.0000
11	14	2	20.9489	10	4	0	-1	0	NaN	-1.0000
11	15	2	22.4822	11	11	0	-1	0	NaN	-1.0000
11	16	2	24.0154	10	4	0	-1	0	NaN	-1.0000
11	17	2	25.5487	9	10	0	-1	0	NaN	-1.0000
11	18	2	27.0819	8	2	0	-1	0	NaN	-1.0000
11	19	2	28.6152	7	9	0	-1	1	0.0000	1.0149
11	20	2	30.1485	6	8	0	-1	0	0.0000	-1.0000
11	21	2	31.6817	5	5	0	-1	0	0.0000	-1.0000
11	22	2	33.2150	4	1	0	-1	0	0.0000	-1.0000
11	23	2	34.7482	3	13	0	-1	0	0.0000	-1.0000
11	24	2	36.2814	2	12	0	-1	1	0.0000	0.0691
11	25	2	37.8147	1	14	0	-1	1	0.0000	0.9042
11	26	2	39.3480	15	7	0	-1	1	0.0000	0.9546
11	27	2	40.8812	14	15	0	-1	1	0.0000	0.9576
11	28	2	42.4145	13	3	0	-1	1	0.1667	0.6882
11	29	2	43.9477	12	6	0	-1	1	0.1429	0.7389
11	30	2	45.4810	11	11	0	-1	0	0.1429	-1.0000
11	31	2	47.0142	12	6	0	-1	1	0.1250	0.8883
11	32	2	48.5475	11	11	0	-1	1	0.1111	0.8752
11	33	2	50.0807	10	4	0	-1	0	0.1111	-1.0000
11	34	2	51.6140	12	6	0	-1	1	0.1000	1.2328
11	35	2	53.1472	13	3	0	-1	0	0.1000	-1.0000
11	36	2	54.6805	14	15	0	-1	0	0.1000	-1.0000
11	37	2	56.2138	13	3	0	-1	0	0.1000	-1.0000
11	38	2	57.7470	11	11	0	-1	0	0.1000	-1.0000
11	39	2	59.2803	10	4	0	-1	0	0.1000	-1.0000
11	40	2	60.8135	9	10	0	-1	0	0.1000	-1.0000
11	41	2	62.3468	11	11	0	-1	0	0.1000	-1.0000
11	42	2	63.8800	13	3	0	-1	0	0.1000	-1.0000
11	43	2	65.4133	10	4	0	-1	0	0.1000	-1.0000
11	44	2	66.9466	9	10	0	-1	0	0.1000	-1.0000
11	45	2	68.4798	10	4	0	-1	0	0.1000	-1.0000
11	46	2	70.0131	9	10	0	-1	0	0.1000	-1.0000
11	47	2	71.5463	8	2	0	-1	0	0.1000	-1.0000
11	48	2	73.0796	7	9	0	-1	0	0.1000	-1.0000
11	49	2	74.6128	6	8	0	-1	0	0.1000	-1.0000
11	50	2	76.1461	5	5	0	-1	0	0.1000	-1.0000
11	51	2	77.6793	4	1	0	-1	0	0.1000	-1.0000
11	52	2	79.2126	3	13	0	-1	0	0.1000	-1.0000
11	53	2	80.7458	2	12	0	-1	0	0.1000	-1.0000
11	54	2	82.2791	1	14	0	-1	0	0.1000	-1.0000
11	55	2	83.8123	15	7	0	-1	0	0.1000	-1.0000
11	56	2	85.3456	14	15	0	-1	0	0.1000	-1.0000
11	57	2	86.8788	13	3	0	-1	0	0.1000	-1.0000
11	58	2	88.4121	12	6	0	-1	1	0.0909	1.1385
11	59	2	89.9453	11	11	0	-1	0	0.0909	-1.0000
11	60	2	91.4786	10	4	0	-1	0	0.0909	-1.0000
11	61	2	93.0119	9	10	0	-1	0	0.0909	-1.0000
11	62	2	94.5451	12	6	0	-1	1	0.0833	1.1182
11	63	2	96.0784	13	3	0	-1	0	0.0833	-1.0000
11	64	2	97.6116	12	6	0	-1	1	0.0769	1.0436
11	65	2	99.1449	9	10	0	-1	0	0.0769	-1.0000
11	66	2	100.6781	11	11	0	-1	0	0.0769	-1.0000
11	67	2	102.2114	10	4	0	-1	0	0.0769	-1.0000
11	68	2	103.7446	12	6	0	-1	1	0.0714	0.7501
11	69	2	105.2779	13	3	0	-1	0	0.0714	-1.0000
11	70	2	106.8111	10	4	0	-1	0	0.0714	-1.0000
11	71	2	108.3444	12	6	0	-1	0	0.0714	-1.0000
11	72	2	109.8777	9	10	0	-1	0	0.0714	-1.0000
11	73	2	111.4109	8	2	0	-1	0	0.0714	-1.0000
11	74	2	112.9442	6	8	0	-1	0	0.0714	-1.0000
11	75	2	114.4774	8	2	0	-1	0	0.0714	-1.0000
11	76	2	116.0107	9	10	0	-1	0	0.0714	-1.0000
11	77	2	117.5439	10	4	0	-1	0	0.0714	-1.0000
11	78	2	119.0772	11	11	0	-1	0	0.0714	-1.0000
11	79	2	120.6104	12	6	0	-1	0	0.0714	-1.0000
11	80	2	122.1437	13	3	0	-1	1	0.0667	0.0169
11	81	2	123.6769	14	15	0	-1	0	0.0667	-1.0000
11	82	2	125.2102	15	7	0	-1	0	0.0667	-1.0000
11	83	2	126.7434	1	14	0	-1	0	0.0667	-1.0000
11	84	2	128.2767	2	12	0	-1	0	0.0667	-1.0000
11	85	2	129.8100	3	13	0	-1	0	0.0667	-1.0000
11	86	2	131.3432	4	1	0	-1	0	0.0667	-1.0000
11	87	2	132.8765	5	5	0	-1	0	0.0667	-1.0000
11	88	2	134.4097	6	8	0	-1	0	0.0667	-1.0000
11	89	2	135.9430	7	9	0	-1	0	0.0667	-1.0000
11	90	2	137.4762	8	2	0	-1	0	0.0667	-1.0000
11	91	2	139.0095	5	5	0	-1	0	0.0667	-1.0000
11	92	2	140.5427	8	2	0	-1	0	0.0667	-1.0000
11	93	2	142.0760	6	8	0	-1	0	0.0667	-1.0000
11	94	2	143.6093	4	1	0	-1	0	0.0667	-1.0000
11	95	2	145.1425	3	13	0	-1	0	0.0667	-1.0000
11	96	2	146.6757	15	7	0	-1	0	0.0667	-1.0000
11	97	2	148.2090	14	15	0	-1	0	0.0667	-1.0000
11	98	2	149.7423	13	3	0	-1	0	0.0667	-1.0000
11	99	2	151.2755	12	6	0	-1	0	0.0667	-1.0000
11	100	2	152.8088	9	10	0	-1	0	0.0667	-1.0000
11	101	2	154.3420	11	11	0	-1	0	0.0667	-1.0000
11	102	2	155.8753	9	10	0	-1	0	0.0667	-1.0000
11	103	2	157.4085	8	2	0	-1	0	0.0667	-1.0000
11	104	2	158.9418	6	8	0	-1	0	0.0667	-1.0000
11	105	2	160.4750	5	5	0	-1	0	0.0667	-1.0000
11	106	2	162.0083	4	1	0	-1	0	0.0667	-1.0000
11	107	2	163.5415	3	13	0	-1	0	0.0667	-1.0000
11	108	2	165.0748	2	12	0	-1	0	0.0667	-1.0000
11	109	2	166.6080	1	14	0	-1	0	0.0667	-1.0000
11	110	2	168.1413	15	7	0	-1	0	0.0667	-1.0000
11	111	2	169.6746	14	15	0	-1	1	0.0625	1.0923
11	112	2	171.2078	13	3	0	-1	0	0.0625	-1.0000
11	113	2	172.7411	12	6	0	-1	1	0.0588	0.9699
11	114	2	174.2743	11	11	0	-1	0	0.0588	-1.0000
11	115	2	175.8076	10	4	0	-1	0	0.0588	-1.0000
11	116	2	177.3408	9	10	0	-1	0	0.0588	-1.0000
11	117	2	178.8741	8	2	0	-1	0	0.0588	-1.0000
11	118	2	180.4073	7	9	0	-1	0	0.0588	-1.0000
11	119	2	181.9406	6	8	0	-1	0	0.0588	-1.0000
11	120	2	183.4738	5	5	0	-1	0	0.0588	-1.0000
11	121	2	185.0071	8	2	0	-1	0	0.0588	-1.0000
11	122	2	186.5403	9	10	0	-1	0	0.0588	-1.0000
11	123	2	188.0736	11	11	0	-1	0	0.0588	-1.0000
11	124	2	189.6069	13	3	0	-1	0	0.0588	-1.0000
11	125	2	191.1401	12	6	0	-1	1	0.0556	0.6026
11	126	2	192.6734	9	10	0	-1	0	0.0556	-1.0000
11	127	2	194.2066	10	4	0	-1	0	0.0556	-1.0000
11	128	2	195.7399	13	3	0	-1	0	0.0556	-1.0000
11	129	2	197.2731	14	15	0	-1	0	0.0556	-1.0000
11	130	2	198.8064	15	7	0	-1	0	0.0556	-1.0000
11	131	2	200.3396	14	15	0	-1	0	0.0556	-1.0000
11	132	2	201.8729	15	7	0	-1	0	0.0556	-1.0000
11	133	2	203.4061	1	14	0	-1	0	0.0556	-1.0000
11	134	2	204.9394	15	7	0	-1	0	0.0556	-1.0000
11	135	2	206.4726	1	14	0	-1	0	0.0556	-1.0000
11	136	2	208.0059	2	12	0	-1	0	0.0556	-1.0000
11	137	2	209.5392	3	13	0	-1	0	0.0556	-1.0000
11	138	2	211.0724	4	1	0	-1	0	0.0556	-1.0000
11	139	2	212.6057	5	5	0	-1	0	0.0556	-1.0000
11	140	2	214.1389	6	8	0	-1	0	0.0556	-1.0000
11	141	2	215.6721	7	9	0	-1	0	0.0556	-1.0000
11	142	2	217.2054	8	2	0	-1	0	0.0556	-1.0000
11	143	2	218.7387	9	10	0	-1	0	0.0556	-1.0000
11	144	2	220.2720	10	4	0	-1	0	0.0556	-1.0000
11	145	2	221.8052	11	11	0	-1	0	0.0556	-1.0000
11	146	2	223.3384	12	6	0	-1	1	0.0526	0.5644
11	147	2	224.8717	13	3	0	-1	0	0.0526	-1.0000
11	148	2	226.4050	14	15	0	-1	0	0.0526	-1.0000
11	149	2	227.9382	15	7	0	-1	0	0.0526	-1.0000
11	150	2	229.4715	1	14	0	-1	0	0.0526	-1.0000
11	151	2	231.0047	15	7	0	-1	0	0.0526	-1.0000
11	152	2	232.5380	3	13	0	-1	0	0.0526	-1.0000
11	153	2	234.0712	15	7	0	-1	0	0.0526	-1.0000
11	154	2	235.6045	2	12	0	-1	0	0.0526	-1.0000
11	155	2	237.1378	1	14	0	-1	0	0.0526	-1.0000
11	156	2	238.6710	15	7	0	-1	0	0.0526	-1.0000
11	157	2	240.2042	14	15	0	-1	0	0.0526	-1.0000
11	158	2	241.7375	15	7	0	-1	0	0.0526	-1.0000
11	159	2	243.2707	2	12	0	-1	0	0.0526	-1.0000
11	160	2	244.8040	1	14	0	-1	0	0.0526	-1.0000
11	161	2	246.3373	2	12	0	-1	0	0.0526	-1.0000
11	162	2	247.8705	14	15	0	-1	0	0.0526	-1.0000
11	163	2	249.4038	13	3	0	-1	0	0.0526	-1.0000
11	164	2	250.9370	12	6	0	-1	1	0.0500	0.7097
11	165	2	252.4703	13	3	0	-1	0	0.0500	-1.0000
11	166	2	254.0035	12	6	0	-1	1	0.0476	1.1474
11	167	2	255.5368	11	11	0	-1	0	0.0476	-1.0000
11	168	2	257.0700	10	4	0	-1	0	0.0476	-1.0000
11	169	2	258.6033	9	10	0	-1	0	0.0476	-1.0000
11	170	2	260.1365	8	2	0	-1	0	0.0476	-1.0000
11	171	2	261.6698	7	9	0	-1	0	0.0476	-1.0000
11	172	2	263.2031	6	8	0	-1	0	0.0476	-1.0000
11	173	2	264.7363	5	5	0	-1	0	0.0476	-1.0000
11	174	2	266.2696	4	1	0	-1	0	0.0476	-1.0000
11	175	2	267.8028	3	13	0	-1	0	0.0476	-1.0000
11	176	2	269.3361	2	12	0	-1	0	0.0476	-1.0000
11	177	2	270.8693	1	14	0	-1	0	0.0476	-1.0000
11	178	2	272.4026	15	7	0	-1	0	0.0476	-1.0000
11	179	2	273.9358	14	15	0	-1	0	0.0476	-1.0000
11	180	2	275.4691	13	3	0	-1	0	0.0476	-1.0000
11	181	2	277.0023	14	15	0	-1	0	0.0476	-1.0000
11	182	2	278.5356	13	3	0	-1	0	0.0476	-1.0000
11	183	2	280.0688	14	15	0	-1	0	0.0476	-1.0000
11	184	2	281.6021	15	7	0	-1	0	0.0476	-1.0000
11	185	2	283.1354	2	12	0	-1	0	0.0476	-1.0000
11	186	2	284.6686	3	13	0	-1	0	0.0476	-1.0000
11	187	2	286.2019	15	7	0	-1	0	0.0476	-1.0000
11	188	2	287.7351	1	14	0	-1	0	0.0476	-1.0000
11	189	2	289.2684	2	12	0	-1	0	0.0476	-1.0000
11	190	2	290.8016	3	13	0	-1	0	0.0476	-1.0000
11	191	2	292.3349	15	7	0	-1	0	0.0476	-1.0000
11	192	2	293.8681	1	14	0	-1	0	0.0476	-1.0000
11	193	2	295.4014	2	12	0	-1	0	0.0476	-1.0000
11	194	2	296.9346	1	14	0	-1	0	0.0476	-1.0000
11	195	2	298.4679	3	13	0	-1	0	0.0476	-1.0000
11	196	2	300.0011	2	12	0	-1	0	0.0476	-1.0000
11	197	2	301.5344	1	14	0	-1	0	0.0476	-1.0000
11	198	2	303.0676	15	7	0	-1	0	0.0476	-1.0000
11	199	2	304.6009	14	15	0	-1	0	0.0476	-1.0000
11	200	2	306.1341	13	3	0	-1	0	0.0476	-1.0000
11	201	2	307.6674	12	6	0	-1	1	0.0455	1.0199
11	202	2	309.2007	11	11	0	-1	0	0.0455	-1.0000
11	203	2	310.7339	10	4	0	-1	0	0.0455	-1.0000
11	204	2	312.2672	9	10	0	-1	0	0.0455	-1.0000
11	205	2	313.8004	8	2	0	-1	0	0.0455	-1.0000
11	206	2	315.3337	7	9	0	-1	0	0.0455	-1.0000
11	207	2	316.8669	6	8	0	-1	0	0.0455	-1.0000
11	208	2	318.4002	5	5	0	-1	0	0.0455	-1.0000
11	209	2	319.9334	4	1	0	-1	0	0.0455	-1.0000
11	210	2	321.4667	3	13	0	-1	0	0.0455	-1.0000
11	211	2	323.0000	4	1	0	-1	0	0.0455	-1.0000
11	212	2	324.5332	7	9	0	-1	0	0.0455	-1.0000
11	213	2	326.0664	6	8	0	-1	0	0.0455	-1.0000
11	214	2	327.5997	7	9	0	-1	0	0.0455	-1.0000
11	215	2	329.1330	4	1	0	-1	0	0.0455	-1.0000
11	216	2	330.6662	3	13	0	-1	0	0.0455	-1.0000
11	217	2	332.1995	15	7	0	-1	0	0.0455	-1.0000
11	218	2	333.7327	14	15	0	-1	0	0.0455	-1.0000
11	219	2	335.2660	13	3	0	-1	0	0.0455	-1.0000
11	220	2	336.7992	11	11	0	-1	0	0.0455	-1.0000
11	221	2	338.3325	12	6	0	-1	1	0.0435	1.2493
11	222	2	339.8657	11	11	0	-1	0	0.0435	-1.0000
11	223	2	341.3990	13	3	0	-1	0	0.0435	-1.0000
11	224	2	342.9322	14	15	0	-1	0	0.0435	-1.0000
11	225	2	344.4655	2	12	0	-1	0	0.0435	-1.0000
11	226	2	345.9987	3	13	0	-1	0	0.0435	-1.0000
11	227	2	347.5320	4	1	0	-1	0	0.0435	-1.0000
11	228	2	349.0653	5	5	0	-1	0	0.0435	-1.0000
11	229	2	350.5985	6	8	0	-1	0	0.0435	-1.0000
11	230	2	352.1318	7	9	0	-1	0	0.0435	-1.0000
11	231	2	353.6650	8	2	0	-1	0	0.0435	-1.0000
11	232	2	355.1983	9	10	0	-1	0	0.0435	-1.0000
11	233	2	356.7315	10	4	0	-1	1	0.0417	1.0112
11	234	2	358.2648	11	11	0	-1	0	0.0417	-1.0000
11	235	2	359.7980	12	6	0	-1	1	0.0400	0.5525
11	236	2	361.3313	13	3	0	-1	0	0.0400	-1.0000
11	237	2	362.8645	14	15	0	-1	0	0.0400	-1.0000
11	238	2	364.3978	15	7	0	-1	0	0.0400	-1.0000
11	239	2	365.9310	1	14	0	-1	0	0.0400	-1.0000
11	240	2	367.4643	2	12	0	-1	0	0.0400	-1.0000
11	241	2	368.9976	3	13	0	-1	0	0.0400	-1.0000
11	242	2	370.5308	4	1	0	-1	0	0.0400	-1.0000
11	243	2	372.0641	5	5	0	-1	0	0.0400	-1.0000
11	244	2	373.5973	7	9	0	-1	0	0.0400	-1.0000
11	245	2	375.1306	5	5	0	-1	0	0.0400	-1.0000
11	246	2	376.6638	6	8	0	-1	0	0.0400	-1.0000
11	247	2	378.1971	8	2	0	-1	0	0.0400	-1.0000
11	248	2	379.7303	6	8	0	-1	0	0.0400	-1.0000
11	249	2	381.2636	7	9	0	-1	0	0.0400	-1.0000
11	250	2	382.7968	4	1	0	-1	0	0.0400	-1.0000
11	251	2	384.3301	3	13	0	-1	0	0.0400	-1.0000
11	252	2	385.8634	15	7	0	-1	0	0.0400	-1.0000
11	253	2	387.3966	2	12	0	-1	0	0.0400	-1.0000
11	254	2	388.9299	3	13	0	-1	0	0.0400	-1.0000
11	255	2	390.4631	1	14	0	-1	0	0.0400	-1.0000
11	256	2	391.9964	15	7	0	-1	0	0.0400	-1.0000
11	257	2	393.5296	14	15	0	-1	0	0.0400	-1.0000
11	258	2	395.0629	13	3	0	-1	0	0.0400	-1.0000
11	259	2	396.5961	12	6	0	-1	1	0.0385	0.9386
11	260	2	398.1294	11	11	0	-1	0	0.0385	-1.0000
11	261	2	399.6626	10	4	0	-1	0	0.0385	-1.0000
11	262	2	401.1959	9	10	0	-1	0	0.0385	-1.0000
11	263	2	402.7291	8	2	0	-1	0	0.0385	-1.0000
11	264	2	404.2624	7	9	0	-1	0	0.0385	-1.0000
11	265	2	405.7956	6	8	0	-1	0	0.0385	-1.0000
11	266	2	407.3289	5	5	0	-1	0	0.0385	-1.0000
11	267	2	408.8622	4	1	0	-1	0	0.0385	-1.0000
11	268	2	410.3954	3	13	0	-1	0	0.0385	-1.0000
11	269	2	411.9287	2	12	0	-1	0	0.0385	-1.0000
11	270	2	413.4619	1	14	0	-1	0	0.0385	-1.0000
11	271	2	414.9952	3	13	0	-1	0	0.0385	-1.0000
11	272	2	416.5284	1	14	0	-1	0	0.0385	-1.0000
11	273	2	418.0617	14	15	0	-1	0	0.0385	-1.0000
11	274	2	419.5949	15	7	0	-1	0	0.0385	-1.0000
11	275	2	421.1282	2	12	0	-1	0	0.0385	-1.0000
11	276	2	422.6614	14	15	0	-1	0	0.0385	-1.0000
11	277	2	424.1947	1	14	0	-1	0	0.0385	-1.0000
11	278	2	425.7280	3	13	0	-1	0	0.0385	-1.0000
11	279	2	427.2612	4	1	0	-1	0	0.0385	-1.0000
11	280	2	428.7945	5	5	0	-1	0	0.0385	-1.0000
11	281	2	430.3277	6	8	0	-1	0	0.0385	-1.0000
11	282	2	431.8610	4	1	0	-1	0	0.0385	-1.0000
11	283	2	433.3942	3	13	0	-1	0	0.0385	-1.0000
11	284	2	434.9275	2	12	0	-1	0	0.0385	-1.0000
11	285	2	436.4607	1	14	0	-1	0	0.0385	-1.0000
11	286	2	437.9940	2	12	0	-1	0	0.0385	-1.0000
11	287	2	439.5272	3	13	0	-1	0	0.0385	-1.0000
11	288	2	441.0605	4	1	0	-1	0	0.0385	-1.0000
11	289	2	442.5937	5	5	0	-1	0	0.0385	-1.0000
11	290	2	444.1270	6	8	0	-1	0	0.0385	-1.0000
11	291	2	445.6603	7	9	0	-1	0	0.0385	-1.0000
11	292	2	447.1935	8	2	0	-1	0	0.0385	-1.0000
11	293	2	448.7268	9	10	0	-1	0	0.0385	-1.0000
11	294	2	450.2600	10	4	0	-1	0	0.0385	-1.0000
11	295	2	451.7933	11	11	0	-1	0	0.0385	-1.0000
11	296	2	453.3265	12	6	0	-1	1	0.0370	0.3685
11	297	2	454.8598	13	3	0	-1	0	0.0370	-1.0000
11	298	2	456.3930	14	15	0	-1	0	0.0370	-1.0000
11	299	2	457.9263	15	7	0	-1	0	0.0370	-1.0000
11	300	2	459.4595	1	14	0	-1	0	0.0370	-1.0000
11	301	2	460.9928	15	7	0	-1	0	0.0370	-1.0000
11	302	2	462.5260	14	15	0	-1	0	0.0370	-1.0000
11	303	2	464.0593	13	3	0	-1	0	0.0370	-1.0000
11	304	2	465.5926	10	4	0	-1	0	0.0370	-1.0000
11	305	2	467.1258	11	11	0	-1	0	0.0370	-1.0000
11	306	2	468.6590	10	4	0	-1	0	0.0370	-1.0000
11	307	2	470.1923	13	3	0	-1	0	0.0370	-1.0000
11	308	2	471.7256	10	4	0	-1	1	0.0357	0.6891
11	309	2	473.2588	13	3	0	-1	0	0.0357	-1.0000
11	310	2	474.7921	14	15	0	-1	0	0.0357	-1.0000
11	311	2	476.3253	15	7	0	-1	0	0.0357	-1.0000
11	312	2	477.8586	1	14	0	-1	0	0.0357	-1.0000
11	313	2	479.3918	15	7	0	-1	0	0.0357	-1.0000
11	314	2	480.9251	1	14	0	-1	0	0.0357	-1.0000
11	315	2	482.4583	15	7	0	-1	0	0.0357	-1.0000
11	316	2	483.9916	14	15	0	-1	0	0.0357	-1.0000
11	317	2	485.5248	13	3	0	-1	0	0.0357	-1.0000
11	318	2	487.0581	12	6	0	-1	1	0.0345	1.3237
11	319	2	488.5914	11	11	0	-1	0	0.0345	-1.0000
11	320	2	490.1246	10	4	0	-1	1	0.0333	1.4748
11	321	2	491.6579	9	10	0	-1	1	0.0323	0.0168
11	322	2	493.1911	8	2	0	-1	0	0.0323	-1.0000
11	323	2	494.7244	7	9	0	-1	0	0.0323	-1.0000
11	324	2	496.2576	6	8	0	-1	0	0.0323	-1.0000
11	325	2	497.7909	5	5	0	-1	0	0.0323	-1.0000
11	326	2	499.3241	4	1	0	-1	0	0.0323	-1.0000
11	327	2	500.8574	3	13	0	-1	0	0.0323	-1.0000
11	328	2	502.3906	2	12	0	-1	0	0.0323	-1.0000
11	329	2	503.9239	1	14	0	-1	0	0.0323	-1.0000
11	330	2	505.4572	15	7	0	-1	0	0.0323	-1.0000
11	331	2	506.9904	3	13	0	-1	0	0.0323	-1.0000
11	332	2	508.5237	2	12	0	-1	0	0.0323	-1.0000
11	333	2	510.0569	14	15	0	-1	0	0.0323	-1.0000
11	334	2	511.5902	15	7	0	-1	0	0.0323	-1.0000
11	335	2	513.1234	1	14	0	-1	0	0.0323	-1.0000
11	336	2	514.6567	2	12	0	-1	0	0.0323	-1.0000
11	337	2	516.1899	15	7	0	-1	0	0.0323	-1.0000
11	338	2	517.7232	3	13	0	-1	0	0.0323	-1.0000
11	339	2	519.2564	2	12	0	-1	0	0.0323	-1.0000
11	340	2	520.7897	15	7	0	-1	0	0.0323	-1.0000
11	341	2	522.3229	1	14	0	-1	0	0.0323	-1.0000
11	342	2	523.8562	14	15	0	-1	0	0.0323	-1.0000
11	343	2	525.3895	13	3	0	-1	0	0.0323	-1.0000
11	344	2	526.9227	10	4	0	-1	0	0.0323	-1.0000
11	345	2	528.4560	12	6	0	-1	1	0.0313	0.8388
11	346	2	529.9892	13	3	0	-1	0	0.0313	-1.0000
11	347	2	531.5225	14	15	0	-1	0	0.0313	-1.0000
11	348	2	533.0557	15	7	0	-1	0	0.0313	-1.0000
11	349	2	534.5890	1	14	0	-1	0	0.0313	-1.0000
11	350	2	536.1222	2	12	0	-1	0	0.0313	-1.0000
11	351	2	537.6555	3	13	0	-1	0	0.0313	-1.0000
11	352	2	539.1887	4	1	0	-1	0	0.0313	-1.0000
11	353	2	540.7220	5	5	0	-1	0	0.0313	-1.0000
11	354	2	542.2552	6	8	0	-1	0	0.0313	-1.0000
11	355	2	543.7885	7	9	0	-1	0	0.0313	-1.0000
11	356	2	545.3217	8	2	0	-1	0	0.0313	-1.0000
11	357	2	546.8550	9	10	0	-1	0	0.0313	-1.0000
11	358	2	548.3882	10	4	0	-1	1	0.0303	1.2904
11	359	2	549.9215	11	11	0	-1	0	0.0303	-1.0000
11	360	2	551.4548	12	6	0	-1	1	0.0294	0.0169
11	361	2	552.9880	9	10	0	-1	0	0.0294	-1.0000
11	362	2	554.5213	12	6	0	-1	1	0.0286	0.8702
11	363	2	556.0545	10	4	0	-1	0	0.0286	-1.0000
11	364	2	557.5878	13	3	0	-1	0	0.0286	-1.0000
11	365	2	559.1210	10	4	0	-1	1	0.0278	0.7342
11	366	2	560.6543	13	3	0	-1	0	0.0278	-1.0000
11	367	2	562.1875	12	6	0	-1	0	0.0278	-1.0000
11	368	2	563.7208	11	11	0	-1	0	0.0278	-1.0000
11	369	2	565.2540	12	6	0	-1	0	0.0278	-1.0000
11	370	2	566.7873	9	10	0	-1	0	0.0278	-1.0000
11	371	2	568.3206	12	6	0	-1	0	0.0278	-1.0000
11	372	2	569.8538	9	10	0	-1	0	0.0278	-1.0000
11	373	2	571.3871	11	11	0	-1	0	0.0278	-1.0000
11	374	2	572.9203	10	4	0	-1	0	0.0278	-1.0000
11	375	2	574.4536	9	10	0	-1	0	0.0278	-1.0000
11	376	2	575.9868	8	2	0	-1	0	0.0278	-1.0000
11	377	2	577.5201	7	9	0	-1	0	0.0278	-1.0000
11	378	2	579.0533	6	8	0	-1	0	0.0278	-1.0000
11	379	2	580.5866	5	5	0	-1	0	0.0278	-1.0000
11	380	2	582.1198	4	1	0	-1	0	0.0278	-1.0000
11	381	2	583.6531	3	13	0	-1	0	0.0278	-1.0000
11	382	2	585.1863	2	12	0	-1	0	0.0278	-1.0000
11	383	2	586.7196	1	14	0	-1	0	0.0278	-1.0000
11	384	2	588.2529	15	7	0	-1	0	0.0278	-1.0000
11	385	2	589.7861	14	15	0	-1	0	0.0278	-1.0000
11	386	2	591.3194	13	3	0	-1	0	0.0278	-1.0000
11	387	2	592.8526	12	6	0	-1	1	0.0270	1.2101
11	388	2	594.3859	11	11	0	-1	0	0.0270	-1.0000
11	389	2	595.9191	10	4	0	-1	0	0.0270	-1.0000
11	390	2	597.4524	9	10	0	-1	0	0.0270	-1.0000
11	391	2	598.9856	12	6	0	-1	1	0.0263	1.3482
11	392	2	600.5189	10	4	0	-1	0	0.0263	-1.0000
11	393	2	602.0521	13	3	0	-1	0	0.0263	-1.0000
11	394	2	603.5854	10	4	0	-1	0	0.0263	-1.0000
11	395	2	605.1186	12	6	0	-1	0	0.0263	-1.0000
11	396	2	606.6519	9	10	0	-1	0	0.0263	-1.0000
11	397	2	608.1851	12	6	0	-1	0	0.0263	-1.0000
11	398	2	609.7184	9	10	0	-1	0	0.0263	-1.0000
11	399	2	611.2516	11	11	0	-1	0	0.0263	-1.0000
11	400	2	612.7849	10	4	0	-1	0	0.0263	-1.0000
11	401	2	614.3182	9	10	0	-1	0	0.0263	-1.0000
11	402	2	615.8514	8	2	0	-1	0	0.0263	-1.0000
11	403	2	617.3847	7	9	0	-1	0	0.0263	-1.0000
11	404	2	618.9179	8	2	0	-1	0	0.0263	-1.0000
11	405	2	620.4512	6	8	0	-1	0	0.0263	-1.0000
11	406	2	621.9844	7	9	0	-1	0	0.0263	-1.0000
11	407	2	623.5177	8	2	0	-1	0	0.0263	-1.0000
11	408	2	625.0509	9	10	0	-1	0	0.0263	-1.0000
11	409	2	626.5842	10	4	0	-1	0	0.0263	-1.0000
11	410	2	628.1175	11	11	0	-1	0	0.0263	-1.0000
11	411	2	629.6507	12	6	0	-1	0	0.0263	-1.0000
11	412	2	631.1840	13	3	0	-1	0	0.0263	-1.0000
11	413	2	632.7172	14	15	0	-1	0	0.0263	-1.0000
11	414	2	634.2505	15	7	0	-1	0	0.0263	-1.0000
11	415	2	635.7837	1	14	0	-1	0	0.0263	-1.0000
11	416	2	637.3170	2	12	0	-1	0	0.0263	-1.0000
11	417	2	638.8502	3	13	0	-1	0	0.0263	-1.0000
11	418	2	640.3835	4	1	0	-1	0	0.0263	-1.0000
11	419	2	641.9167	5	5	0	-1	0	0.0263	-1.0000
11	420	2	643.4500	6	8	0	-1	0	0.0263	-1.0000
11	421	2	644.9832	7	9	0	-1	0	0.0263	-1.0000
11	422	2	646.5165	4	1	0	-1	0	0.0263	-1.0000
11	423	2	648.0497	5	5	0	-1	0	0.0263	-1.0000
11	424	2	649.5830	8	2	0	-1	0	0.0263	-1.0000
11	425	2	651.1162	7	9	0	-1	0	0.0263	-1.0000
11	426	2	652.6495	6	8	0	-1	0	0.0263	-1.0000
11	427	2	654.1828	5	5	0	-1	0	0.0263	-1.0000
11	428	2	655.7160	4	1	0	-1	0	0.0263	-1.0000
11	429	2	657.2493	6	8	0	-1	0	0.0263	-1.0000
11	430	2	658.7825	5	5	0	-1	0	0.0263	-1.0000
11	431	2	660.3158	8	2	0	-1	0	0.0263	-1.0000
11	432	2	661.8490	5	5	0	-1	0	0.0263	-1.0000
11	433	2	663.3823	4	1	0	-1	0	0.0263	-1.0000
11	434	2	664.9155	3	13	0	-1	0	0.0263	-1.0000
11	435	2	666.4488	2	12	0	-1	0	0.0263	-1.0000
11	436	2	667.9821	1	14	0	-1	0	0.0263	-1.0000
11	437	2	669.5153	15	7	0	-1	0	0.0263	-1.0000
11	438	2	671.0486	14	15	0	-1	0	0.0263	-1.0000
11	439	2	672.5818	13	3	0	-1	0	0.0263	-1.0000
11	440	2	674.1151	12	6	0	-1	0	0.0263	-1.0000
11	441	2	675.6483	11	11	0	-1	0	0.0263	-1.0000
11	442	2	677.1816	10	4	0	-1	0	0.0263	-1.0000
11	443	2	678.7148	9	10	0	-1	0	0.0263	-1.0000
11	444	2	680.2481	8	2	0	-1	0	0.0263	-1.0000
11	445	2	681.7813	7	9	0	-1	0	0.0263	-1.0000
11	446	2	683.3146	6	8	0	-1	0	0.0263	-1.0000
11	447	2	684.8478	5	5	0	-1	0	0.0263	-1.0000
11	448	2	686.3811	4	1	0	-1	0	0.0263	-1.0000
11	449	2	687.9143	3	13	0	-1	0	0.0263	-1.0000
11	450	2	689.4476	2	12	0	-1	0	0.0263	-1.0000
11	451	2	690.9809	3	13	0	-1	0	0.0263	-1.0000
11	452	2	692.5141	15	7	0	-1	0	0.0263	-1.0000
11	453	2	694.0474	1	14	0	-1	0	0.0263	-1.0000
11	454	2	695.5806	14	15	0	-1	0	0.0263	-1.0000
11	455	2	697.1139	1	14	0	-1	0	0.0263	-1.0000
11	456	2	698.6471	2	12	0	-1	0	0.0263	-1.0000
11	457	2	700.1804	15	7	0	-1	0	0.0263	-1.0000
11	458	2	701.7136	1	14	0	-1	0	0.0263	-1.0000
11	459	2	703.2469	15	7	0	-1	0	0.0263	-1.0000
11	460	2	704.7801	2	12	0	-1	0	0.0263	-1.0000
11	461	2	706.3134	14	15	0	-1	0	0.0263	-1.0000
11	462	2	707.8466	2	12	0	-1	0	0.0263	-1.0000
11	463	2	709.3799	3	13	0	-1	0	0.0263	-1.0000
11	464	2	710.9131	15	7	0	-1	0	0.0263	-1.0000
11	465	2	712.4464	2	12	0	-1	0	0.0263	-1.0000
11	466	2	713.9797	3	13	0	-1	0	0.0263	-1.0000
11	467	2	715.5129	4	1	0	-1	0	0.0263	-1.0000
11	468	2	717.0462	5	5	0	-1	0	0.0263	-1.0000
11	469	2	718.5794	6	8	0	-1	0	0.0263	-1.0000
11	470	2	720.1127	7	9	0	-1	0	0.0263	-1.0000
11	471	2	721.6459	8	2	0	-1	0	0.0263	-1.0000
11	472	2	723.1792	9	10	0	-1	0	0.0263	-1.0000
11	473	2	724.7124	10	4	0	-1	0	0.0263	-1.0000
11	474	2	726.2457	11	11	0	-1	0	0.0263	-1.0000
11	475	2	727.7789	12	6	0	-1	0	0.0263	-1.0000
11	476	2	729.3122	13	3	0	-1	1	0.0256	0.1110
11	477	2	730.8455	14	15	0	-1	0	0.0256	-1.0000
11	478	2	732.3787	15	7	0	-1	0	0.0256	-1.0000
11	479	2	733.9119	1	14	0	-1	0	0.0256	-1.0000
11	480	2	735.4452	2	12	0	-1	0	0.0256	-1.0000
11	481	2	736.9785	15	7	0	-1	0	0.0256	-1.0000
11	482	2	738.5117	14	15	0	-1	0	0.0256	-1.0000
11	483	2	740.0450	13	3	0	-1	0	0.0256	-1.0000
11	484	2	741.5782	11	11	0	-1	0	0.0256	-1.0000
11	485	2	743.1115	13	3	0	-1	0	0.0256	-1.0000
11	486	2	744.6447	12	6	0	-1	1	0.0250	1.3543
11	487	2	746.1780	11	11	0	-1	0	0.0250	-1.0000
11	488	2	747.7112	12	6	0	-1	0	0.0250	-1.0000
11	489	2	749.2445	9	10	0	-1	0	0.0250	-1.0000
11	490	2	750.7778	8	2	0	-1	0	0.0250	-1.0000
11	491	2	752.3110	7	9	0	-1	0	0.0250	-1.0000
11	492	2	753.8442	5	5	0	-1	0	0.0250	-1.0000
11	493	2	755.3775	7	9	0	-1	0	0.0250	-1.0000
11	494	2	756.9108	6	8	0	-1	0	0.0250	-1.0000
11	495	2	758.4440	5	5	0	-1	0	0.0250	-1.0000
11	496	2	759.9773	4	1	0	-1	0	0.0250	-1.0000
11	497	2	761.5105	3	13	0	-1	0	0.0250	-1.0000
11	498	2	763.0438	2	12	0	-1	0	0.0250	-1.0000
11	499	2	764.5770	1	14	0	-1	0	0.0250	-1.0000
11	500	2	766.1103	15	7	0	-1	0	0.0250	-1.0000
11	501	2	767.6435	14	15	0	-1	0	0.0250	-1.0000
11	502	2	769.1768	13	3	0	-1	0	0.0250	-1.0000
11	503	2	770.7100	12	6	0	-1	1	0.0244	1.2730
11	504	2	772.2433	11	11	0	-1	0	0.0244	-1.0000
11	505	2	773.7765	10	4	0	-1	0	0.0244	-1.0000
11	506	2	775.3098	9	10	0	-1	0	0.0244	-1.0000
11	507	2	776.8430	8	2	0	-1	0	0.0244	-1.0000
11	508	2	778.3763	7	9	0	-1	0	0.0244	-1.0000
11	509	2	779.9096	6	8	0	-1	0	0.0244	-1.0000
11	510	2	781.4428	5	5	0	-1	0	0.0244	-1.0000
11	511	2	782.9761	8	2	0	-1	0	0.0244	-1.0000
11	512	2	784.5093	9	10	0	-1	0	0.0244	-1.0000
11	513	2	786.0426	11	11	0	-1	0	0.0244	-1.0000
11	514	2	787.5758	9	10	0	-1	0	0.0244	-1.0000
11	515	2	789.1091	11	11	0	-1	0	0.0244	-1.0000
11	516	2	790.6423	13	3	0	-1	0	0.0244	-1.0000
11	517	2	792.1756	11	11	0	-1	0	0.0244	-1.0000
11	518	2	793.7088	13	3	0	-1	0	0.0244	-1.0000
11	519	2	795.2421	12	6	0	-1	1	0.0238	1.1888
11	520	2	796.7754	9	10	0	-1	0	0.0238	-1.0000
11	521	2	798.3086	10	4	0	-1	0	0.0238	-1.0000
11	522	2	799.8419	11	11	0	-1	0	0.0238	-1.0000
11	523	2	801.3751	10	4	0	-1	0	0.0238	-1.0000
11	524	2	802.9084	13	3	0	-1	0	0.0238	-1.0000
11	525	2	804.4416	11	11	0	-1	0	0.0238	-1.0000
11	526	2	805.9749	10	4	0	-1	0	0.0238	-1.0000
11	527	2	807.5081	9	10	0	-1	0	0.0238	-1.0000
11	528	2	809.0414	8	2	0	-1	0	0.0238	-1.0000
11	529	2	810.5746	7	9	0	-1	0	0.0238	-1.0000
11	530	2	812.1079	6	8	0	-1	0	0.0238	-1.0000
11	531	2	813.6411	5	5	0	-1	0	0.0238	-1.0000
11	532	2	815.1744	4	1	0	-1	0	0.0238	-1.0000
11	533	2	816.7077	3	13	0	-1	0	0.0238	-1.0000
11	534	2	818.2409	2	12	0	-1	0	0.0238	-1.0000
11	535	2	819.7742	1	14	0	-1	0	0.0238	-1.0000
11	536	2	821.3074	15	7	0	-1	0	0.0238	-1.0000
11	537	2	822.8407	14	15	0	-1	0	0.0238	-1.0000
11	538	2	824.3739	13	3	0	-1	0	0.0238	-1.0000
11	539	2	825.9072	12	6	0	-1	1	0.0233	1.1157
11	540	2	827.4404	11	11	0	-1	0	0.0233	-1.0000
11	541	2	828.9737	13	3	0	-1	0	0.0233	-1.0000
11	542	2	830.5069	14	15	0	-1	0	0.0233	-1.0000
11	543	2	832.0402	1	14	0	-1	0	0.0233	-1.0000
11	544	2	833.5734	2	12	0	-1	0	0.0233	-1.0000
11	545	2	835.1067	1	14	0	-1	0	0.0233	-1.0000
11	546	2	836.6400	15	7	0	-1	0	0.0233	-1.0000
11	547	2	838.1732	1	14	0	-1	0	0.0233	-1.0000
11	548	2	839.7065	2	12	0	-1	0	0.0233	-1.0000
11	549	2	841.2397	1	14	0	-1	0	0.0233	-1.0000
11	550	2	842.7730	2	12	0	-1	0	0.0233	-1.0000
11	551	2	844.3062	1	14	0	-1	0	0.0233	-1.0000
11	552	2	845.8395	15	7	0	-1	0	0.0233	-1.0000
11	553	2	847.3727	3	13	0	-1	0	0.0233	-1.0000
11	554	2	848.9060	1	14	0	-1	0	0.0233	-1.0000
11	555	2	850.4392	15	7	0	-1	0	0.0233	-1.0000
11	556	2	851.9725	14	15	0	-1	0	0.0233	-1.0000
11	557	2	853.5057	13	3	0	-1	0	0.0233	-1.0000
11	558	2	855.0390	12	6	0	-1	0	0.0233	-1.0000
11	559	2	856.5722	11	11	0	-1	0	0.0233	-1.0000
11	560	2	858.1055	10	4	0	-1	0	0.0233	-1.0000
11	561	2	859.6388	9	10	0	-1	0	0.0233	-1.0000
11	562	2	861.1720	8	2	0	-1	0	0.0233	-1.0000
11	563	2	862.7053	7	9	0	-1	0	0.0233	-1.0000
11	564	2	864.2385	6	8	0	-1	0	0.0233	-1.0000
11	565	2	865.7718	5	5	0	-1	0	0.0233	-1.0000
11	566	2	867.3050	4	1	0	-1	0	0.0233	-1.0000
11	567	2	868.8383	3	13	0	-1	0	0.0233	-1.0000
11	568	2	870.3715	2	12	0	-1	0	0.0233	-1.0000
11	569	2	871.9048	1	14	0	-1	0	0.0233	-1.0000
11	570	2	873.4380	15	7	0	-1	0	0.0233	-1.0000
11	571	2	874.9713	14	15	0	-1	0	0.0233	-1.0000
11	572	2	876.5045	1	14	0	-1	0	0.0233	-1.0000
11	573	2	878.0378	14	15	0	-1	0	0.0233	-1.0000
11	574	2	879.5710	15	7	0	-1	0	0.0233	-1.0000
11	575	2	881.1043	14	15	0	-1	0	0.0233	-1.0000
11	576	2	882.6375	15	7	0	-1	0	0.0233	-1.0000
11	577	2	884.1708	14	15	0	-1	0	0.0233	-1.0000
11	578	2	885.7041	1	14	0	-1	0	0.0233	-1.0000
11	579	2	887.2373	15	7	0	-1	0	0.0233	-1.0000
11	580	2	888.7706	2	12	0	-1	0	0.0233	-1.0000
11	581	2	890.3038	3	13	0	-1	0	0.0233	-1.0000
11	582	2	891.8371	4	1	0	-1	0	0.0233	-1.0000
11	583	2	893.3703	5	5	0	-1	0	0.0233	-1.0000
11	584	2	894.9036	4	1	0	-1	0	0.0233	-1.0000
11	585	2	896.4368	3	13	0	-1	0	0.0233	-1.0000
11	586	2	897.9701	2	12	0	-1	0	0.0233	-1.0000
11	587	2	899.5034	1	14	0	-1	0	0.0233	-1.0000
11	588	2	901.0366	15	7	0	-1	0	0.0233	-1.0000
11	589	2	902.5699	14	15	0	-1	0	0.0233	-1.0000
11	590	2	904.1031	13	3	0	-1	0	0.0233	-1.0000
11	591	2	905.6364	12	6	0	-1	0	0.0233	-1.0000
11	592	2	907.1696	11	11	0	-1	1	0.0227	0.0448
11	593	2	908.7029	10	4	0	-1	0	0.0227	-1.0000
11	594	2	910.2361	9	10	0	-1	0	0.0227	-1.0000
11	595	2	911.7694	8	2	0	-1	0	0.0227	-1.0000
11	596	2	913.3026	7	9	0	-1	0	0.0227	-1.0000
11	597	2	914.8359	6	8	0	-1	0	0.0227	-1.0000
11	598	2	916.3691	5	5	0	-1	0	0.0227	-1.0000
11	599	2	917.9024	4	1	0	-1	0	0.0227	-1.0000
11	600	2	919.4356	3	13	0	-1	0	0.0227	-1.0000
Actual parsing ratio
0.0227
Possible node parses
91.0000
 Node parses selected
0.0110
Possible other parses
509.0000
Other parses selected
0.0845
Chance parsing ratio
0.1517
