*********************************************
* Date/Time: 16-Oct-2019 11:01:49
* Seed: 207995.2
* Subject Number: 013
1	7	14	10	3	13	8	4	9	2	5	12	15	11	6	
*********************************************

Shape exposure time (seconds)
79.7706
subject	trial	phase	onset	node	shape	rotate	acc	resp	total	rt
13	1	1	1.0166	12	12	0	-1	0	0.0000	-1.0000
13	2	1	2.7998	10	2	0	1	1	0.5000	1.4879
13	3	1	4.8997	11	5	0	-1	1	0.3333	-1.0000
13	4	1	8.9162	12	12	90	0	1	0.2500	0.9538
13	5	1	10.4661	10	2	0	-1	0	0.2000	-1.0000
13	6	1	12.5493	13	15	0	-1	0	0.1667	-1.0000
13	7	1	14.5992	10	2	0	1	1	0.2857	1.4801
13	8	1	16.3325	13	15	0	1	1	0.3750	1.2346
13	9	1	17.8824	10	2	0	0	1	0.3333	0.9477
13	10	1	19.4323	12	12	0	1	1	0.4000	1.0951
13	11	1	20.9822	9	9	0	0	1	0.3636	1.1453
13	12	1	22.6821	8	4	0	1	1	0.4167	0.8039
13	13	1	24.2321	6	13	0	1	1	0.4615	0.6155
13	14	1	25.7820	5	3	0	1	1	0.5000	0.6490
13	15	1	27.3319	7	8	0	0	1	0.4667	0.8599
13	16	1	28.8818	4	10	90	0	1	0.4375	1.1642
13	17	1	30.5818	3	14	0	-1	0	0.4118	-1.0000
13	18	1	32.7316	1	1	90	1	1	0.4444	1.3641
13	19	1	34.2815	15	6	0	-1	0	0.4211	-1.0000
13	20	1	36.3314	14	11	0	1	1	0.4500	0.2280
13	21	1	37.8814	1	1	0	0	1	0.4286	0.7259
13	22	1	39.4313	2	7	0	1	1	0.4545	0.8399
13	23	1	40.9812	3	14	0	0	1	0.4348	0.8249
13	24	1	42.5311	15	6	90	0	1	0.4167	0.7485
13	25	1	44.0810	14	11	0	1	1	0.4400	1.0062
13	26	1	45.6310	13	15	0	1	1	0.4615	1.0569
13	27	1	47.1809	12	12	0	1	1	0.4815	0.9772
13	28	1	48.7308	11	5	0	1	1	0.5000	1.0766
13	29	1	50.2807	13	15	0	1	1	0.5172	1.3173
13	30	1	51.8306	10	2	0	1	1	0.5333	1.2724
13	31	1	53.3806	9	9	0	0	1	0.5161	1.0176
13	32	1	54.9305	11	5	0	1	1	0.5313	0.9888
13	33	1	56.4804	9	9	0	0	1	0.5152	1.3431
13	34	1	58.3470	10	2	0	1	1	0.5294	1.1410
13	35	1	59.8969	12	12	0	1	1	0.5429	1.1733
13	36	1	61.4468	10	2	0	1	1	0.5556	1.0644
13	37	1	62.9967	12	12	0	0	1	0.5405	1.4668
13	38	1	65.0466	10	2	90	0	1	0.5263	0.9214
13	39	1	66.5965	12	12	0	1	1	0.5385	1.0669
13	40	1	68.1465	10	2	0	1	1	0.5500	1.0700
13	41	1	69.6964	12	12	0	1	1	0.5610	0.7840
13	42	1	71.2463	10	2	0	1	1	0.5714	0.5782
13	43	1	72.7962	11	5	0	-1	0	0.5581	-1.0000
13	44	1	74.8794	10	2	90	-1	0	0.5455	-1.0000
13	45	1	76.9127	13	15	0	1	1	0.5556	1.3427
13	46	1	78.4626	14	11	0	0	1	0.5435	1.3767
13	47	1	80.3625	2	7	90	0	1	0.5319	1.0607
13	48	1	81.9457	1	1	0	1	1	0.5417	1.1737
13	49	1	83.4956	2	7	0	0	1	0.5306	1.1434
13	50	1	85.1956	14	11	90	-1	0	0.5200	-1.0000
13	51	1	87.2288	15	6	0	-1	0	0.5098	-1.0000
13	52	1	89.2620	1	1	0	1	1	0.5192	1.0733
13	53	1	90.8119	15	6	0	1	1	0.5283	1.3001
13	54	1	92.3619	1	1	0	1	1	0.5370	1.1418
13	55	1	93.9118	15	6	0	1	1	0.5455	1.3835
13	56	1	95.4617	14	11	0	0	1	0.5357	1.4972
13	57	1	97.5449	15	6	0	1	1	0.5439	1.1731
13	58	1	99.0949	14	11	0	1	1	0.5517	1.0311
13	59	1	100.6448	15	6	0	1	1	0.5593	0.7945
13	60	1	102.1947	14	11	0	1	1	0.5667	0.5080
13	61	1	103.7446	1	1	0	1	1	0.5738	1.0554
13	62	1	105.2945	3	14	90	0	1	0.5645	1.4092
13	63	1	107.2111	2	7	90	-1	0	0.5556	-1.0000
13	64	1	109.2610	1	1	0	1	1	0.5625	1.4904
13	65	1	110.9609	2	7	90	-1	0	0.5538	-1.0000
13	66	1	113.0441	15	6	0	1	1	0.5606	1.4819
13	67	1	114.7440	14	11	90	0	1	0.5522	1.3673
13	68	1	116.6773	1	1	0	0	1	0.5441	1.4346
13	69	1	118.6271	2	7	0	1	1	0.5507	0.6195
13	70	1	120.1771	3	14	0	1	1	0.5571	0.5749
13	71	1	121.7270	15	6	0	1	1	0.5634	0.7681
13	72	1	123.2769	1	1	0	1	1	0.5694	0.6572
13	73	1	124.8269	15	6	90	0	1	0.5616	0.6592
13	74	1	126.3768	1	1	90	1	1	0.5676	1.3826
13	75	1	127.9600	15	6	0	1	1	0.5733	1.2069
13	76	1	129.5099	3	14	0	1	1	0.5789	1.0494
13	77	1	131.0598	15	6	0	-1	0	0.5714	-1.0000
13	78	1	133.1097	2	7	0	-1	0	0.5641	-1.0000
13	79	1	135.1430	14	11	0	1	1	0.5696	1.4792
13	80	1	136.8262	1	1	0	-1	0	0.5625	-1.0000
13	81	1	138.8594	14	11	0	1	1	0.5679	1.3156
13	82	1	140.4094	15	6	0	1	1	0.5732	0.8848
13	83	1	141.9593	14	11	0	-1	0	0.5663	-1.0000
13	84	1	143.9758	13	15	0	1	1	0.5714	1.2703
13	85	1	145.5258	11	5	90	0	1	0.5647	1.3043
13	86	1	147.4257	9	9	0	0	1	0.5581	1.2124
13	87	1	149.1923	11	5	0	1	1	0.5632	0.6949
13	88	1	150.7422	9	9	90	0	1	0.5568	0.9039
13	89	1	152.2921	8	4	0	0	1	0.5506	1.3713
13	90	1	154.2086	6	13	90	0	1	0.5444	1.4866
13	91	1	156.2419	7	8	0	1	1	0.5495	1.3575
13	92	1	157.7918	5	3	0	1	1	0.5543	1.3103
13	93	1	159.3417	7	8	0	1	1	0.5591	0.9941
13	94	1	160.8916	8	4	0	-1	0	0.5532	-1.0000
13	95	1	162.9249	5	3	0	-1	0	0.5474	-1.0000
13	96	1	165.0581	6	13	0	1	1	0.5521	1.4378
13	97	1	166.7080	8	4	0	1	1	0.5567	1.3061
13	98	1	168.2579	7	8	0	-1	0	0.5510	-1.0000
13	99	1	170.3578	5	3	0	1	1	0.5556	1.4333
13	100	1	171.9910	8	4	0	-1	0	0.5500	-1.0000
13	101	1	174.1576	5	3	0	1	1	0.5545	1.0901
13	102	1	175.7075	4	10	0	1	1	0.5588	1.3152
13	103	1	177.2574	5	3	0	-1	0	0.5534	-1.0000
13	104	1	179.2740	4	10	90	-1	0	0.5481	-1.0000
13	105	1	181.3072	3	14	0	1	1	0.5524	1.1877
13	106	1	182.8571	15	6	90	0	1	0.5472	0.9823
13	107	1	184.4071	14	11	0	0	1	0.5421	1.3032
13	108	1	186.2403	13	15	0	1	1	0.5463	0.8618
13	109	1	187.7902	14	11	0	1	1	0.5505	1.0558
13	110	1	189.3401	13	15	0	1	1	0.5545	0.8188
13	111	1	190.8901	12	12	0	1	1	0.5586	0.4537
13	112	1	192.4400	11	5	0	1	1	0.5625	1.0462
13	113	1	193.9899	10	2	0	1	1	0.5664	0.9695
13	114	1	195.5398	9	9	0	1	1	0.5702	1.2102
13	115	1	197.0897	12	12	0	0	1	0.5652	1.3415
13	116	1	198.9730	13	15	0	-1	0	0.5603	-1.0000
13	117	1	201.0062	14	11	0	1	1	0.5641	1.1688
13	118	1	202.5561	13	15	90	1	1	0.5678	1.4260
13	119	1	204.1560	10	2	0	1	1	0.5714	1.1714
13	120	1	205.7059	12	12	0	-1	0	0.5667	-1.0000
13	121	1	207.7892	10	2	0	1	1	0.5702	1.2825
13	122	1	209.3391	13	15	90	0	1	0.5656	1.3792
13	123	1	211.2390	12	12	0	0	1	0.5610	1.0970
13	124	1	212.9056	10	2	0	1	1	0.5645	0.9664
13	125	1	214.4555	11	5	0	1	1	0.5680	1.2227
13	126	1	216.0054	9	9	90	0	1	0.5635	0.8726
13	127	1	217.5553	8	4	90	-1	0	0.5591	-1.0000
13	128	1	219.5719	7	8	90	0	1	0.5547	1.1316
13	129	1	221.2552	5	3	90	-1	0	0.5504	-1.0000
13	130	1	223.2884	8	4	0	-1	0	0.5462	-1.0000
13	131	1	225.3383	7	8	0	1	1	0.5496	1.1718
13	132	1	226.8882	6	13	0	1	1	0.5530	1.4797
13	133	1	228.5881	7	8	0	1	1	0.5564	1.1076
13	134	1	230.1380	5	3	0	1	1	0.5597	1.0281
13	135	1	231.6879	7	8	90	0	1	0.5556	1.0791
13	136	1	233.3379	5	3	0	1	1	0.5588	1.0773
13	137	1	234.8878	6	13	0	1	1	0.5620	1.3032
13	138	1	236.4377	7	8	0	1	1	0.5652	1.3222
13	139	1	238.0876	6	13	0	-1	0	0.5612	-1.0000
13	140	1	240.1042	5	3	0	-1	0	0.5571	-1.0000
13	141	1	242.1540	4	10	0	-1	0	0.5532	-1.0000
13	142	1	244.2706	7	8	0	-1	0	0.5493	-1.0000
13	143	1	246.3205	8	4	0	1	1	0.5524	0.3026
13	144	1	247.9204	9	9	0	1	1	0.5556	0.8949
13	145	1	249.4703	11	5	0	1	1	0.5586	0.7369
13	146	1	251.0203	10	2	0	1	1	0.5616	0.6268
13	147	1	252.5702	12	12	0	0	1	0.5578	1.4930
13	148	1	254.6034	11	5	0	1	1	0.5608	0.6124
13	149	1	256.1533	12	12	0	1	1	0.5638	1.1901
13	150	1	257.7033	10	2	90	0	1	0.5600	0.7923
13	151	1	259.2532	13	15	0	1	1	0.5629	0.8106
13	152	1	260.8031	11	5	90	0	1	0.5592	0.9085
13	153	1	262.3530	10	2	0	1	1	0.5621	0.7502
13	154	1	263.9029	9	9	0	1	1	0.5649	0.8792
13	155	1	265.4528	11	5	0	1	1	0.5677	1.4423
13	156	1	267.0861	12	12	0	0	1	0.5641	1.1679
13	157	1	268.8193	11	5	0	1	1	0.5669	0.7321
13	158	1	270.3693	13	15	0	1	1	0.5696	0.8449
13	159	1	271.9192	10	2	90	0	1	0.5660	0.8807
13	160	1	273.4691	13	15	0	1	1	0.5687	0.9464
13	161	1	275.0190	12	12	90	-1	0	0.5652	-1.0000
13	162	1	277.0689	11	5	0	1	1	0.5679	0.7544
13	163	1	278.6188	10	2	0	1	1	0.5706	0.9645
13	164	1	280.1688	12	12	90	0	1	0.5671	1.0295
13	165	1	281.7353	10	2	0	1	1	0.5697	0.8386
13	166	1	283.2852	9	9	90	0	1	0.5663	0.8740
13	167	1	284.8352	11	5	0	-1	0	0.5629	-1.0000
13	168	1	286.9351	13	15	0	1	1	0.5655	0.8887
13	169	1	288.4850	10	2	90	0	1	0.5621	0.8093
13	170	1	290.0349	11	5	0	1	1	0.5647	1.3088
13	171	1	291.5848	9	9	0	0	1	0.5614	1.4387
13	172	1	293.6181	12	12	0	1	1	0.5640	0.9254
13	173	1	295.1680	9	9	90	0	1	0.5607	1.1516
13	174	1	296.8678	10	2	0	-1	0	0.5575	-1.0000
13	175	1	298.9011	9	9	0	1	1	0.5600	0.8593
13	176	1	300.4510	11	5	0	1	1	0.5625	1.0365
13	177	1	302.0010	12	12	90	0	1	0.5593	0.7826
13	178	1	303.5509	9	9	0	-1	0	0.5562	-1.0000
13	179	1	305.7341	12	12	90	0	1	0.5531	0.8880
13	180	1	307.2840	11	5	0	1	1	0.5556	0.5384
13	181	1	308.8339	9	9	0	1	1	0.5580	0.5563
13	182	1	310.3838	12	12	0	1	1	0.5604	0.9276
13	183	1	311.9338	13	15	0	1	1	0.5628	0.6257
13	184	1	313.4837	14	11	0	0	1	0.5598	1.0275
13	185	1	315.0669	2	7	0	0	1	0.5568	1.0450
13	186	1	316.6502	15	6	0	-1	0	0.5538	-1.0000
13	187	1	318.6834	3	14	0	1	1	0.5561	0.9323
13	188	1	320.2333	2	7	0	1	1	0.5585	1.3023
13	189	1	321.7833	14	11	90	0	1	0.5556	0.8560
13	190	1	323.3332	13	15	0	0	1	0.5526	1.0189
13	191	1	324.9164	14	11	0	1	1	0.5550	0.7948
13	192	1	326.4663	15	6	0	1	1	0.5573	0.6211
13	193	1	328.0163	1	1	0	1	1	0.5596	0.5126
13	194	1	329.5662	14	11	90	0	1	0.5567	0.9773
13	195	1	331.1161	13	15	0	1	1	0.5590	1.1713
13	196	1	332.6660	10	2	90	0	1	0.5561	0.8540
13	197	1	334.2160	9	9	0	1	1	0.5584	0.8081
13	198	1	335.7659	11	5	0	-1	0	0.5556	-1.0000
13	199	1	337.8157	13	15	0	-1	0	0.5528	-1.0000
13	200	1	339.8490	12	12	0	-1	0	0.5500	-1.0000
13	201	1	341.8989	11	5	0	0	1	0.5473	0.7083
13	202	1	343.4488	12	12	0	1	1	0.5495	0.3746
13	203	1	344.9987	10	2	90	0	1	0.5468	0.6008
13	204	1	346.5486	13	15	0	-1	0	0.5441	-1.0000
13	205	1	348.5819	11	5	0	-1	0	0.5415	-1.0000
13	206	1	350.6317	10	2	90	-1	0	0.5388	-1.0000
13	207	1	352.6650	11	5	0	1	1	0.5411	0.0168
13	208	1	354.2149	13	15	0	1	1	0.5433	0.7126
13	209	1	355.7648	14	11	90	0	1	0.5407	0.6013
13	210	1	357.3147	1	1	90	1	1	0.5429	0.4115
13	211	1	358.8647	15	6	0	1	1	0.5450	0.4935
13	212	1	360.4146	14	11	90	0	1	0.5425	0.6876
13	213	1	361.9645	13	15	90	0	1	0.5399	0.7696
13	214	1	363.5144	14	11	0	1	1	0.5421	0.7886
13	215	1	365.0643	15	6	90	0	1	0.5395	0.8378
13	216	1	366.6143	2	7	0	0	1	0.5370	0.9851
13	217	1	368.1642	3	14	0	1	1	0.5392	0.6681
13	218	1	369.7141	4	10	0	1	1	0.5413	0.6215
13	219	1	371.2640	7	8	0	1	1	0.5434	0.8961
13	220	1	372.8139	6	13	0	0	1	0.5409	0.9922
13	221	1	374.3639	4	10	0	1	1	0.5430	0.8517
13	222	1	375.9138	7	8	0	1	1	0.5450	1.0455
13	223	1	377.4637	5	3	0	1	1	0.5471	0.9504
13	224	1	379.0136	8	4	0	1	1	0.5491	0.7126
13	225	1	380.5635	5	3	0	1	1	0.5511	0.8428
13	226	1	382.1134	8	4	0	1	1	0.5531	0.6702
13	227	1	383.6633	5	3	0	1	1	0.5551	0.6068
13	228	1	385.2133	8	4	90	0	1	0.5526	0.4502
13	229	1	386.7632	9	9	0	1	1	0.5546	1.1408
13	230	1	388.3131	11	5	0	1	1	0.5565	1.1419
13	231	1	389.8630	13	15	0	0	1	0.5541	1.2231
13	232	1	391.5963	11	5	0	1	1	0.5560	0.9134
13	233	1	393.1462	12	12	90	0	1	0.5536	0.7256
13	234	1	394.6961	10	2	0	1	1	0.5556	0.7753
13	235	1	396.2461	13	15	0	1	1	0.5574	0.5525
13	236	1	397.7960	10	2	0	-1	0	0.5551	-1.0000
13	237	1	399.8625	12	12	0	1	1	0.5570	1.2396
13	238	1	401.4125	9	9	0	-1	0	0.5546	-1.0000
13	239	1	403.5790	12	12	90	-1	0	0.5523	-1.0000
13	240	1	405.6122	11	5	0	1	1	0.5542	0.7553
13	241	1	407.1621	13	15	90	0	1	0.5519	0.8062
13	242	1	408.7121	12	12	90	0	1	0.5496	0.7261
13	243	1	410.2620	10	2	90	0	1	0.5473	0.6181
13	244	1	411.8119	9	9	0	1	1	0.5492	0.5703
13	245	1	413.3618	11	5	0	1	1	0.5510	0.8614
13	246	1	414.9118	13	15	0	1	1	0.5528	0.7516
13	247	1	416.4617	10	2	0	-1	0	0.5506	-1.0000
13	248	1	418.5282	12	12	0	1	1	0.5524	0.1112
13	249	1	420.0781	13	15	0	0	1	0.5502	0.2094
13	250	1	421.6281	10	2	0	1	1	0.5520	0.5473
13	251	1	423.1780	12	12	0	1	1	0.5538	0.7243
13	252	1	424.7279	10	2	90	0	1	0.5516	0.5679
13	253	1	426.2778	13	15	0	1	1	0.5534	1.0969
13	254	1	427.8277	12	12	90	-1	0	0.5512	-1.0000
13	255	1	429.8610	10	2	0	1	1	0.5529	1.0984
13	256	1	431.4109	11	5	0	1	1	0.5547	0.7794
13	257	1	432.9608	13	15	0	1	1	0.5564	0.5904
13	258	1	434.5107	10	2	0	1	1	0.5581	0.9914
13	259	1	436.0606	12	12	0	1	1	0.5598	1.0267
13	260	1	437.6106	9	9	0	1	1	0.5615	0.9636
13	261	1	439.1605	12	12	0	1	1	0.5632	0.9509
13	262	1	440.7104	10	2	0	1	1	0.5649	1.0797
13	263	1	442.2603	12	12	0	1	1	0.5665	0.6499
13	264	1	443.8102	9	9	90	0	1	0.5644	0.8773
13	265	1	445.3602	10	2	0	1	1	0.5660	1.0878
13	266	1	446.9101	13	15	0	0	1	0.5639	1.2801
13	267	1	448.7267	14	11	0	1	1	0.5655	1.4157
13	268	1	450.2766	13	15	0	1	1	0.5672	1.4836
13	269	1	451.9098	12	12	0	0	1	0.5651	1.3533
13	270	1	453.8264	13	15	0	1	1	0.5667	1.0048
13	271	1	455.3763	12	12	0	0	1	0.5646	0.9578
13	272	1	456.9262	13	15	0	0	1	0.5625	0.5291
13	273	1	458.4761	11	5	90	1	1	0.5641	0.3394
13	274	1	460.0261	12	12	90	1	1	0.5657	0.6120
13	275	1	461.5760	13	15	0	0	1	0.5636	1.0804
13	276	1	463.2092	11	5	0	1	1	0.5652	0.8557
13	277	1	464.7591	13	15	0	1	1	0.5668	1.1590
13	278	1	466.3091	10	2	0	1	1	0.5683	0.6985
13	279	1	467.8590	13	15	0	1	1	0.5699	0.6834
13	280	1	469.4089	10	2	90	0	1	0.5679	0.6855
13	281	1	470.9588	9	9	90	0	1	0.5658	1.0246
13	282	1	472.5088	10	2	0	1	1	0.5674	1.3143
13	283	1	474.0587	9	9	0	1	1	0.5689	0.7727
13	284	1	475.6086	8	4	90	0	1	0.5669	1.3352
13	285	1	477.5251	6	13	90	0	1	0.5649	0.7942
13	286	1	479.0751	7	8	90	0	1	0.5629	0.7325
13	287	1	480.6250	8	4	0	1	1	0.5645	0.7182
13	288	1	482.1749	5	3	0	1	1	0.5660	0.7834
13	289	1	483.7248	8	4	0	1	1	0.5675	0.8654
13	290	1	485.2747	5	3	0	1	1	0.5690	0.8374
13	291	1	486.8247	4	10	0	1	1	0.5704	0.7587
13	292	1	488.3746	7	8	0	1	1	0.5719	1.0487
13	293	1	489.9245	5	3	0	1	1	0.5734	1.0977
13	294	1	491.4744	8	4	0	-1	0	0.5714	-1.0000
13	295	1	493.5743	5	3	0	1	1	0.5729	1.3532
13	296	1	495.1242	7	8	0	1	1	0.5743	1.2912
13	297	1	496.6742	4	10	0	1	1	0.5758	0.9894
13	298	1	498.2241	3	14	0	-1	0	0.5738	-1.0000
13	299	1	500.2573	4	10	0	1	1	0.5753	0.5425
13	300	1	501.8072	6	13	90	0	1	0.5733	0.7369
13	301	1	503.3571	8	4	0	1	1	0.5748	0.8343
13	302	1	504.9070	7	8	0	1	1	0.5762	1.2351
13	303	1	506.4570	6	13	0	-1	0	0.5743	-1.0000
13	304	1	508.5235	8	4	0	-1	0	0.5724	-1.0000
13	305	1	510.5734	9	9	0	1	1	0.5738	0.7207
13	306	1	512.1233	8	4	0	0	1	0.5719	1.0761
13	307	1	513.7399	5	3	0	1	1	0.5733	0.6915
13	308	1	515.2898	6	13	0	1	1	0.5747	0.6935
13	309	1	516.8398	5	3	0	1	1	0.5761	0.6473
13	310	1	518.3897	6	13	0	1	1	0.5774	0.6179
13	311	1	519.9396	5	3	0	1	1	0.5788	0.6027
13	312	1	521.4895	4	10	0	-1	0	0.5769	-1.0000
13	313	1	523.5727	5	3	0	1	1	0.5783	0.8102
13	314	1	525.1227	6	13	0	1	1	0.5796	1.4367
13	315	1	526.7059	7	8	0	1	1	0.5810	0.9255
13	316	1	528.2558	6	13	0	1	1	0.5823	0.7833
13	317	1	529.8058	4	10	0	1	1	0.5836	0.6739
13	318	1	531.3557	3	14	0	1	1	0.5849	1.1385
13	319	1	532.9056	1	1	0	1	1	0.5862	1.0286
13	320	1	534.4555	15	6	0	0	1	0.5844	1.3363
13	321	1	536.3054	2	7	0	1	1	0.5857	1.1023
13	322	1	537.8553	15	6	0	-1	0	0.5839	-1.0000
13	323	1	539.9219	3	14	90	0	1	0.5820	0.6523
13	324	1	541.4718	1	1	0	1	1	0.5833	0.8304
13	325	1	543.0217	14	11	0	1	1	0.5846	0.7045
13	326	1	544.5717	13	15	0	1	1	0.5859	0.8524
13	327	1	546.1216	12	12	0	1	1	0.5872	0.9017
13	328	1	547.6715	11	5	0	1	1	0.5884	0.8407
13	329	1	549.2214	12	12	0	1	1	0.5897	0.9059
13	330	1	550.7713	9	9	0	1	1	0.5909	1.0029
13	331	1	552.3212	11	5	0	1	1	0.5921	1.2769
13	332	1	553.8712	9	9	0	1	1	0.5934	1.1524
13	333	1	555.4210	11	5	0	1	1	0.5946	1.2181
13	334	1	556.9710	12	12	0	-1	0	0.5928	-1.0000
13	335	1	559.0542	13	15	0	0	1	0.5910	1.4080
13	336	1	561.0208	10	2	0	1	1	0.5923	1.1227
13	337	1	562.5707	12	12	90	0	1	0.5905	1.1245
13	338	1	564.2706	11	5	0	0	1	0.5888	1.1355
13	339	1	565.9372	13	15	0	1	1	0.5900	0.5262
13	340	1	567.4872	12	12	0	1	1	0.5912	1.0253
13	341	1	569.0370	13	15	0	1	1	0.5924	0.7872
13	342	1	570.5870	10	2	0	1	1	0.5936	0.7406
13	343	1	572.1369	11	5	0	1	1	0.5948	0.9013
13	344	1	573.6868	10	2	90	0	1	0.5930	1.4485
13	345	1	575.6867	12	12	0	1	1	0.5942	1.0955
13	346	1	577.2366	13	15	0	1	1	0.5954	1.3389
13	347	1	578.7866	12	12	0	1	1	0.5965	1.1330
13	348	1	580.3364	11	5	0	1	1	0.5977	0.9257
13	349	1	581.8864	9	9	0	1	1	0.5989	0.6399
13	350	1	583.4363	11	5	0	1	1	0.6000	0.8678
13	351	1	584.9862	12	12	90	1	1	0.6011	1.1731
13	352	1	586.5361	9	9	0	1	1	0.6023	1.2221
13	353	1	588.0861	12	12	0	0	1	0.6006	1.3534
13	354	1	590.0026	11	5	0	1	1	0.6017	1.0527
13	355	1	591.5525	10	2	0	-1	0	0.6000	-1.0000
13	356	1	593.6024	11	5	0	1	1	0.6011	0.6531
13	357	1	595.1523	13	15	0	1	1	0.6022	0.6231
13	358	1	596.7023	11	5	0	1	1	0.6034	0.7056
13	359	1	598.2522	9	9	0	1	1	0.6045	0.6109
13	360	1	599.8021	12	12	0	1	1	0.6056	0.7253
13	361	1	601.3520	10	2	0	1	1	0.6066	0.8074
13	362	1	602.9020	9	9	90	0	1	0.6050	0.6342
13	363	1	604.4519	11	5	90	-1	0	0.6033	-1.0000
13	364	1	606.5184	10	2	0	1	1	0.6044	1.1610
13	365	1	608.0683	9	9	0	1	1	0.6055	0.6516
13	366	1	609.6183	8	4	0	1	1	0.6066	1.3087
13	367	1	611.1682	7	8	0	1	1	0.6076	1.0080
13	368	1	612.7181	6	13	0	1	1	0.6087	1.0093
13	369	1	614.2680	8	4	0	1	1	0.6098	0.9623
13	370	1	615.8179	9	9	0	1	1	0.6108	1.2683
13	371	1	617.3678	10	2	0	1	1	0.6119	1.3355
13	372	1	618.9178	9	9	0	1	1	0.6129	1.2405
13	373	1	620.4677	11	5	0	1	1	0.6139	0.9225
13	374	1	622.0176	10	2	0	1	1	0.6150	0.6382
13	375	1	623.5675	11	5	0	1	1	0.6160	0.5593
13	376	1	625.1175	10	2	0	1	1	0.6170	0.5927
13	377	1	626.6674	11	5	0	1	1	0.6180	0.5789
13	378	1	628.2173	13	15	0	0	1	0.6164	1.1583
13	379	1	629.9338	14	11	0	1	1	0.6174	0.7860
13	380	1	631.4838	13	15	0	0	1	0.6158	0.9784
13	381	1	633.0337	14	11	0	1	1	0.6168	0.8699
13	382	1	634.5836	15	6	0	1	1	0.6178	0.4706
13	383	1	636.1336	2	7	0	0	1	0.6162	1.2887
13	384	1	638.0168	3	14	0	1	1	0.6172	0.6533
13	385	1	639.5667	1	1	0	-1	0	0.6156	-1.0000
13	386	1	641.6166	15	6	0	1	1	0.6166	0.4796
13	387	1	643.1665	3	14	0	1	1	0.6176	0.5448
13	388	1	644.7164	15	6	0	1	1	0.6186	0.4990
13	389	1	646.2663	3	14	0	1	1	0.6195	0.6438
13	390	1	647.8163	15	6	90	0	1	0.6179	0.7259
13	391	1	649.3662	2	7	0	1	1	0.6189	1.1612
13	392	1	650.9161	15	6	90	0	1	0.6173	1.0181
13	393	1	652.4994	2	7	0	1	1	0.6183	0.6207
13	394	1	654.0493	3	14	0	1	1	0.6193	0.6381
13	395	1	655.5992	1	1	0	1	1	0.6203	0.7351
13	396	1	657.1491	15	6	0	1	1	0.6212	1.2492
13	397	1	658.6990	14	11	0	1	1	0.6222	1.1400
13	398	1	660.2490	15	6	90	0	1	0.6206	0.7744
13	399	1	661.7989	1	1	90	0	1	0.6190	0.4733
13	400	1	663.3488	15	6	0	1	1	0.6200	1.3549
13	401	1	664.9154	14	11	0	1	1	0.6209	1.0669
13	402	1	666.4653	13	15	0	1	1	0.6219	1.1498
13	403	1	668.0152	12	12	90	0	1	0.6203	0.9132
13	404	1	669.5651	9	9	0	1	1	0.6213	0.7064
13	405	1	671.1151	8	4	0	1	1	0.6222	0.8686
13	406	1	672.6650	5	3	0	1	1	0.6232	0.6306
13	407	1	674.2149	4	10	0	1	1	0.6241	0.7439
13	408	1	675.7648	5	3	0	1	1	0.6250	0.9071
13	409	1	677.3147	4	10	0	-1	0	0.6235	-1.0000
13	410	1	679.3313	3	14	0	1	1	0.6244	0.6523
13	411	1	680.8812	2	7	90	0	1	0.6229	0.7984
13	412	1	682.4311	3	14	0	1	1	0.6238	1.0711
13	413	1	683.9811	2	7	0	1	1	0.6247	0.7385
13	414	1	685.5310	15	6	0	1	1	0.6256	1.2673
13	415	1	687.0809	14	11	0	1	1	0.6265	1.3013
13	416	1	688.6308	2	7	0	1	1	0.6274	1.0637
13	417	1	690.1808	1	1	90	0	1	0.6259	0.8577
13	418	1	691.7307	2	7	0	1	1	0.6268	0.7968
13	419	1	693.2806	14	11	90	0	1	0.6253	0.7016
13	420	1	694.8305	15	6	90	0	1	0.6238	0.7197
13	421	1	696.3804	1	1	0	1	1	0.6247	0.8031
13	422	1	697.9303	3	14	0	1	1	0.6256	0.6118
13	423	1	699.4802	2	7	0	1	1	0.6265	0.6951
13	424	1	701.0302	14	11	90	0	1	0.6250	0.8258
13	425	1	702.5801	2	7	0	1	1	0.6259	0.6994
13	426	1	704.1300	15	6	90	-1	0	0.6244	-1.0000
13	427	1	706.1799	2	7	0	1	1	0.6253	0.8264
13	428	1	707.7298	3	14	0	1	1	0.6262	0.8124
13	429	1	709.2798	15	6	0	-1	0	0.6247	-1.0000
13	430	1	711.3796	14	11	0	1	1	0.6256	0.6026
13	431	1	712.9296	2	7	0	1	1	0.6265	0.7500
13	432	1	714.4795	1	1	0	1	1	0.6273	0.4965
13	433	1	716.0294	2	7	0	1	1	0.6282	0.6408
13	434	1	717.5793	1	1	0	1	1	0.6290	0.6445
13	435	1	719.1292	2	7	0	1	1	0.6299	0.5650
13	436	1	720.6792	15	6	0	1	1	0.6307	0.8879
13	437	1	722.2291	1	1	0	1	1	0.6316	0.8892
13	438	1	723.7790	3	14	0	1	1	0.6324	1.0524
13	439	1	725.3289	2	7	0	1	1	0.6333	0.7989
13	440	1	726.8788	14	11	0	1	1	0.6341	0.8159
13	441	1	728.4287	13	15	90	0	1	0.6327	0.9142
13	442	1	729.9787	12	12	0	1	1	0.6335	0.9969
13	443	1	731.5286	10	2	90	0	1	0.6321	0.9821
13	444	1	733.0785	13	15	0	1	1	0.6329	0.7292
13	445	1	734.6284	11	5	0	1	1	0.6337	0.8437
13	446	1	736.1784	9	9	0	1	1	0.6345	0.7804
13	447	1	737.7283	8	4	0	1	1	0.6353	0.8301
13	448	1	739.2782	7	8	0	1	1	0.6362	0.8640
13	449	1	740.8281	8	4	90	0	1	0.6347	0.7062
13	450	1	742.3780	7	8	90	0	1	0.6333	0.8854
13	451	1	743.9279	4	10	0	1	1	0.6341	1.3040
13	452	1	745.4779	5	3	0	-1	0	0.6327	-1.0000
13	453	1	747.5111	7	8	0	1	1	0.6336	0.9031
13	454	1	749.0610	4	10	0	1	1	0.6344	1.1945
13	455	1	750.6109	7	8	0	-1	0	0.6330	-1.0000
13	456	1	752.7108	4	10	0	0	1	0.6316	0.6807
13	457	1	754.2607	3	14	0	0	1	0.6302	0.2671
13	458	1	755.8107	15	6	0	0	1	0.6288	0.3168
13	459	1	757.3606	14	11	0	0	1	0.6275	0.8457
13	460	1	758.9105	1	1	0	1	1	0.6283	0.6397
13	461	1	760.4604	3	14	0	1	1	0.6291	0.4832
13	462	1	762.0103	4	10	0	1	1	0.6299	0.3720
13	463	1	763.5602	5	3	0	1	1	0.6307	0.5189
13	464	1	765.1102	8	4	90	0	1	0.6293	0.6490
13	465	1	766.6601	7	8	0	1	1	0.6301	0.5232
13	466	1	768.2100	5	3	0	1	1	0.6309	1.0042
13	467	1	769.7599	4	10	0	1	1	0.6317	0.8631
13	468	1	771.3099	5	3	0	1	1	0.6325	0.7382
13	469	1	772.8598	8	4	0	1	1	0.6333	0.5476
13	470	1	774.4097	6	13	0	1	1	0.6340	0.5500
13	471	1	775.9596	4	10	0	1	1	0.6348	0.5198
13	472	1	777.5095	6	13	0	1	1	0.6356	0.4574
13	473	1	779.0594	8	4	90	0	1	0.6342	0.4928
13	474	1	780.6094	9	9	90	0	1	0.6329	0.5100
13	475	1	782.1593	12	12	0	1	1	0.6337	0.7841
13	476	1	783.7092	13	15	0	1	1	0.6345	1.1069
13	477	1	785.2591	14	11	0	1	1	0.6352	1.1551
13	478	1	786.8090	13	15	90	0	1	0.6339	0.7902
13	479	1	788.3589	12	12	0	1	1	0.6347	0.5201
13	480	1	789.9089	9	9	90	0	1	0.6333	0.6664
13	481	1	791.4588	8	4	0	1	1	0.6341	0.6996
13	482	1	793.0087	6	13	0	1	1	0.6349	0.7497
13	483	1	794.5586	8	4	0	1	1	0.6356	0.6086
13	484	1	796.1085	7	8	90	0	1	0.6343	1.0910
13	485	1	797.7751	4	10	90	0	1	0.6330	0.9445
13	486	1	799.3251	7	8	90	0	1	0.6317	0.8665
13	487	1	800.8750	6	13	0	1	1	0.6324	1.2354
13	488	1	802.4249	5	3	0	1	1	0.6332	0.8382
13	489	1	803.9748	7	8	0	1	1	0.6339	0.7915
13	490	1	805.5247	4	10	0	1	1	0.6347	0.7148
13	491	1	807.0747	7	8	0	1	1	0.6354	1.3235
13	492	1	808.6246	4	10	0	1	1	0.6362	0.9108
13	493	1	810.1745	5	3	0	1	1	0.6369	0.9291
13	494	1	811.7244	8	4	0	1	1	0.6377	0.6750
13	495	1	813.2743	5	3	90	1	1	0.6384	1.2849
13	496	1	814.8243	7	8	0	1	1	0.6391	1.0311
13	497	1	816.3742	8	4	0	1	1	0.6398	0.8581
13	498	1	817.9241	5	3	0	1	1	0.6406	1.0508
13	499	1	819.4740	6	13	0	1	1	0.6413	0.9252
13	500	1	821.0239	5	3	0	1	1	0.6420	0.7184
13	501	1	822.5739	6	13	0	1	1	0.6427	0.5604
13	502	1	824.1238	5	3	0	1	1	0.6434	0.4985
13	503	1	825.6737	8	4	0	-1	0	0.6421	-1.0000
13	504	1	827.7569	9	9	0	1	1	0.6429	0.0828
13	505	1	829.3068	12	12	0	0	1	0.6416	1.1405
13	506	1	831.0234	9	9	0	1	1	0.6423	0.8633
13	507	1	832.5733	12	12	90	0	1	0.6410	1.3143
13	508	1	834.4566	13	15	0	1	1	0.6417	0.8874
13	509	1	836.0065	10	2	0	-1	0	0.6405	-1.0000
13	510	1	838.0564	13	15	0	-1	0	0.6392	-1.0000
13	511	1	840.1063	12	12	0	1	1	0.6399	1.3338
13	512	1	841.6562	13	15	0	1	1	0.6406	1.2554
13	513	1	843.2061	14	11	0	1	1	0.6413	0.8893
13	514	1	844.7560	13	15	0	1	1	0.6420	1.0663
13	515	1	846.3059	14	11	0	1	1	0.6427	0.7004
13	516	1	847.8559	2	7	90	1	1	0.6434	1.1843
13	517	1	849.4058	14	11	0	0	1	0.6422	1.3134
13	518	1	851.2723	1	1	0	1	1	0.6429	0.9678
13	519	1	852.8223	2	7	90	1	1	0.6435	1.3058
13	520	1	854.3722	1	1	0	1	1	0.6442	1.3557
13	521	1	855.9221	15	6	0	1	1	0.6449	1.1813
13	522	1	857.4720	1	1	0	1	1	0.6456	1.0702
13	523	1	859.0219	2	7	0	1	1	0.6463	1.1523
13	524	1	860.5719	1	1	0	1	1	0.6469	0.8517
13	525	1	862.1218	2	7	0	1	1	0.6476	0.4855
13	526	1	863.6717	14	11	0	1	1	0.6483	1.3042
13	527	1	865.2216	13	15	0	1	1	0.6490	1.2246
13	528	1	866.7715	14	11	0	1	1	0.6496	0.7005
13	529	1	868.3215	1	1	0	1	1	0.6503	0.5417
13	530	1	869.8714	2	7	0	1	1	0.6509	1.0244
13	531	1	871.4213	3	14	0	-1	0	0.6497	-1.0000
13	532	1	873.4545	4	10	0	1	1	0.6504	1.2796
13	533	1	875.0044	6	13	0	1	1	0.6510	0.9473
13	534	1	876.5544	5	3	90	-1	0	0.6498	-1.0000
13	535	1	878.6542	6	13	0	-1	0	0.6486	-1.0000
13	536	1	880.6875	7	8	0	1	1	0.6493	0.0326
13	537	1	882.2374	5	3	90	0	1	0.6480	0.9620
13	538	1	883.7873	4	10	0	1	1	0.6487	1.0922
13	539	1	885.3372	6	13	0	1	1	0.6494	0.8210
13	540	1	886.8872	4	10	0	1	1	0.6500	0.7910
13	541	1	888.4371	3	14	90	0	1	0.6488	0.8902
13	542	1	889.9870	1	1	0	1	1	0.6494	0.7952
13	543	1	891.5369	15	6	0	1	1	0.6501	0.8304
13	544	1	893.0868	14	11	0	1	1	0.6507	1.0568
13	545	1	894.6367	1	1	90	0	1	0.6495	0.8827
13	546	1	896.1867	2	7	0	1	1	0.6502	0.7556
13	547	1	897.7366	1	1	0	1	1	0.6508	0.8537
13	548	1	899.2865	2	7	0	1	1	0.6515	0.6332
13	549	1	900.8364	1	1	0	1	1	0.6521	0.6018
13	550	1	902.3864	14	11	0	-1	0	0.6509	-1.0000
13	551	1	904.4696	15	6	90	1	1	0.6515	1.2726
13	552	1	906.0195	2	7	0	0	1	0.6504	1.3867
13	553	1	907.9194	15	6	90	0	1	0.6492	0.7509
13	554	1	909.4693	14	11	0	1	1	0.6498	0.7862
13	555	1	911.0192	13	15	0	1	1	0.6505	0.9004
13	556	1	912.5692	11	5	0	1	1	0.6511	0.7731
13	557	1	914.1191	12	12	0	1	1	0.6517	1.0953
13	558	1	915.6690	13	15	90	0	1	0.6505	1.2429
13	559	1	917.4856	10	2	0	1	1	0.6512	0.9131
13	560	1	919.0355	13	15	0	1	1	0.6518	1.0600
13	561	1	920.5854	10	2	0	1	1	0.6524	0.7582
13	562	1	922.1353	13	15	0	1	1	0.6530	0.5509
13	563	1	923.6852	10	2	0	1	1	0.6536	0.4730
13	564	1	925.2352	13	15	0	1	1	0.6543	0.4764
13	565	1	926.7851	10	2	0	1	1	0.6549	0.4468
13	566	1	928.3350	12	12	90	-1	0	0.6537	-1.0000
13	567	1	930.3849	13	15	0	1	1	0.6543	1.3586
13	568	1	931.9348	14	11	0	1	1	0.6549	0.9451
13	569	1	933.4847	15	6	90	0	1	0.6538	1.0415
13	570	1	935.0513	14	11	90	0	1	0.6526	0.8847
13	571	1	936.6012	15	6	0	0	1	0.6515	0.3583
13	572	1	938.1512	1	1	90	1	1	0.6521	0.3121
13	573	1	939.7011	15	6	90	-1	0	0.6510	-1.0000
13	574	1	941.7176	1	1	0	0	1	0.6498	0.5219
13	575	1	943.2676	2	7	0	1	1	0.6504	0.2684
13	576	1	944.8175	14	11	90	0	1	0.6493	0.5263
13	577	1	946.3674	2	7	0	1	1	0.6499	0.4310
13	578	1	947.9173	14	11	0	1	1	0.6505	0.4020
13	579	1	949.4672	15	6	0	1	1	0.6511	0.5950
13	580	1	951.0172	3	14	0	1	1	0.6517	1.0291
13	581	1	952.5671	2	7	0	1	1	0.6523	1.2074
13	582	1	954.1170	1	1	0	1	1	0.6529	0.6831
13	583	1	955.6669	15	6	0	1	1	0.6535	0.7167
13	584	1	957.2168	14	11	0	1	1	0.6541	0.5095
13	585	1	958.7668	13	15	0	1	1	0.6547	1.1047
13	586	1	960.3167	10	2	0	1	1	0.6553	0.8197
13	587	1	961.8666	11	5	0	1	1	0.6559	0.7400
13	588	1	963.4165	12	12	0	-1	0	0.6548	-1.0000
13	589	1	965.4997	9	9	90	0	1	0.6537	1.1718
13	590	1	967.1830	12	12	0	1	1	0.6542	1.1047
13	591	1	968.7329	9	9	90	0	1	0.6531	1.0102
13	592	1	970.2828	8	4	0	1	1	0.6537	0.8207
13	593	1	971.8327	7	8	0	1	1	0.6543	1.1429
13	594	1	973.3827	5	3	90	-1	0	0.6532	-1.0000
13	595	1	975.4326	6	13	0	1	1	0.6538	0.8233
13	596	1	976.9825	4	10	90	0	1	0.6527	0.6318
13	597	1	978.5324	7	8	0	1	1	0.6533	0.4740
13	598	1	980.0823	6	13	0	1	1	0.6538	0.7483
13	599	1	981.6322	7	8	90	1	1	0.6544	1.4401
13	600	1	983.2321	6	13	90	1	1	0.6550	1.1194
13	601	1	1062.8279	5	3	0	-1	0	0.6539	-1.0000
13	602	1	1064.8779	6	13	0	1	1	0.6545	0.8005
13	603	1	1066.4278	4	10	0	1	1	0.6551	0.5624
13	604	1	1067.9777	3	14	0	1	1	0.6556	0.5662
13	605	1	1069.5276	2	7	90	0	1	0.6545	0.3920
13	606	1	1071.0776	3	14	0	1	1	0.6551	0.2979
13	607	1	1072.6275	15	6	0	1	1	0.6557	0.3152
13	608	1	1074.1774	14	11	0	1	1	0.6563	0.5730
13	609	1	1075.7273	2	7	0	1	1	0.6568	0.5446
13	610	1	1077.2772	14	11	0	1	1	0.6574	0.6265
13	611	1	1078.8271	13	15	0	1	1	0.6579	0.6432
13	612	1	1080.3771	12	12	90	0	1	0.6569	0.5652
13	613	1	1081.9270	9	9	0	0	1	0.6558	0.7594
13	614	1	1083.4769	10	2	90	0	1	0.6547	0.4254
13	615	1	1085.0268	9	9	0	1	1	0.6553	0.3802
13	616	1	1086.5767	8	4	0	1	1	0.6558	0.4948
13	617	1	1088.1267	9	9	0	1	1	0.6564	0.6249
13	618	1	1089.6766	8	4	0	1	1	0.6570	0.4337
13	619	1	1091.2265	6	13	0	1	1	0.6575	0.4050
13	620	1	1092.7764	7	8	0	1	1	0.6581	0.5029
13	621	1	1094.3263	5	3	0	1	1	0.6586	0.3126
13	622	1	1095.8763	8	4	0	1	1	0.6592	0.3140
13	623	1	1097.4262	5	3	0	1	1	0.6597	0.3818
13	624	1	1098.9761	6	13	0	1	1	0.6603	0.3674
13	625	1	1100.5260	4	10	0	1	1	0.6608	0.3538
13	626	1	1102.0759	5	3	0	1	1	0.6613	0.3396
13	627	1	1103.6259	4	10	0	1	1	0.6619	0.6301
13	628	1	1105.1758	5	3	0	1	1	0.6624	0.5505
13	629	1	1106.7257	8	4	0	1	1	0.6630	0.6977
13	630	1	1108.2756	6	13	0	1	1	0.6635	0.6826
13	631	1	1109.8255	7	8	90	0	1	0.6624	0.6062
13	632	1	1111.3754	6	13	0	1	1	0.6630	0.5607
13	633	1	1112.9254	4	10	0	1	1	0.6635	1.2329
13	634	1	1114.4753	3	14	0	1	1	0.6640	1.0927
13	635	1	1116.0252	1	1	0	1	1	0.6646	0.7731
13	636	1	1117.5751	15	6	0	1	1	0.6651	0.5850
13	637	1	1119.1250	2	7	0	1	1	0.6656	0.9378
13	638	1	1120.6750	15	6	90	0	1	0.6646	0.6366
13	639	1	1122.2249	14	11	0	1	1	0.6651	0.7334
13	640	1	1123.7748	1	1	0	1	1	0.6656	0.5925
13	641	1	1125.3247	3	14	90	0	1	0.6646	0.5615
13	642	1	1126.8747	2	7	0	1	1	0.6651	0.8056
13	643	1	1128.4246	14	11	0	1	1	0.6656	0.7425
13	644	1	1129.9745	2	7	90	0	1	0.6646	1.0176
13	645	1	1131.5744	1	1	0	1	1	0.6651	0.7930
13	646	1	1133.1243	2	7	0	1	1	0.6656	0.5876
13	647	1	1134.6743	3	14	0	1	1	0.6662	0.5414
13	648	1	1136.2242	2	7	0	1	1	0.6667	0.8946
13	649	1	1137.7741	1	1	90	0	1	0.6656	0.5606
13	650	1	1139.3240	15	6	0	1	1	0.6662	0.7543
13	651	1	1140.8739	1	1	0	1	1	0.6667	0.8375
13	652	1	1142.4238	2	7	0	1	1	0.6672	0.9185
13	653	1	1143.9738	14	11	0	1	1	0.6677	0.7943
13	654	1	1145.5237	2	7	90	0	1	0.6667	0.6999
13	655	1	1147.0736	14	11	0	1	1	0.6672	0.4941
13	656	1	1148.6235	15	6	0	1	1	0.6677	0.4948
13	657	1	1150.1735	3	14	0	1	1	0.6682	0.3370
13	658	1	1151.7234	4	10	0	1	1	0.6687	0.3070
13	659	1	1153.2733	7	8	0	1	1	0.6692	0.4861
13	660	1	1154.8232	6	13	0	1	1	0.6697	0.5370
13	661	1	1156.3731	5	3	0	1	1	0.6702	0.3625
13	662	1	1157.9230	7	8	0	1	1	0.6707	0.3170
13	663	1	1159.4730	4	10	0	1	1	0.6712	0.3488
13	664	1	1161.0229	3	14	0	1	1	0.6717	1.2634
13	665	1	1162.5728	15	6	0	1	1	0.6722	0.8989
13	666	1	1164.1227	3	14	0	1	1	0.6727	0.7236
13	667	1	1165.6726	15	6	0	1	1	0.6732	0.5336
13	668	1	1167.2225	1	1	0	1	1	0.6737	0.3757
13	669	1	1168.7725	15	6	0	1	1	0.6741	0.2979
13	670	1	1170.3224	14	11	0	1	1	0.6746	0.2689
13	671	1	1171.8723	1	1	0	1	1	0.6751	0.4474
13	672	1	1173.4222	14	11	0	1	1	0.6756	0.4977
13	673	1	1174.9722	1	1	0	1	1	0.6761	0.6439
13	674	1	1176.5221	14	11	0	1	1	0.6766	0.4060
13	675	1	1178.0720	15	6	0	0	1	0.6756	0.9838
13	676	1	1179.6219	2	7	0	1	1	0.6760	0.7929
13	677	1	1181.1718	3	14	90	0	1	0.6750	0.6363
13	678	1	1182.7217	1	1	0	1	1	0.6755	0.3976
13	679	1	1184.2717	3	14	90	0	1	0.6745	0.6876
13	680	1	1185.8216	1	1	90	0	1	0.6735	0.7046
13	681	1	1187.3715	2	7	0	1	1	0.6740	0.4196
13	682	1	1188.9214	1	1	0	1	1	0.6745	0.6452
13	683	1	1190.4713	3	14	0	1	1	0.6750	0.5207
13	684	1	1192.0213	4	10	0	1	1	0.6754	0.4732
13	685	1	1193.5712	7	8	0	1	1	0.6759	0.4603
13	686	1	1195.1211	4	10	0	1	1	0.6764	0.3189
13	687	1	1196.6710	5	3	0	1	1	0.6769	0.5925
13	688	1	1198.2209	4	10	0	1	1	0.6773	0.6733
13	689	1	1199.7708	7	8	0	1	1	0.6778	0.7236
13	690	1	1201.3208	4	10	0	1	1	0.6783	0.6148
13	691	1	1202.8707	3	14	0	1	1	0.6787	0.7443
13	692	1	1204.4206	4	10	0	1	1	0.6792	0.3776
13	693	1	1205.9705	3	14	0	1	1	0.6797	0.3812
13	694	1	1207.5205	4	10	0	1	1	0.6801	0.7830
13	695	1	1209.0704	6	13	0	1	1	0.6806	0.9292
13	696	1	1210.6203	7	8	0	1	1	0.6810	0.9151
13	697	1	1212.1702	4	10	0	1	1	0.6815	1.4282
13	698	1	1213.8035	6	13	0	1	1	0.6819	1.2519
13	699	1	1215.3534	5	3	0	1	1	0.6824	0.6781
13	700	1	1216.9033	8	4	0	1	1	0.6829	0.0870
13	701	1	1218.4532	5	3	0	1	1	0.6833	0.3290
13	702	1	1220.0032	4	10	0	1	1	0.6838	0.3311
13	703	1	1221.5531	7	8	0	1	1	0.6842	0.4464
13	704	1	1223.1030	6	13	0	1	1	0.6847	0.4805
13	705	1	1224.6529	5	3	0	1	1	0.6851	0.5306
13	706	1	1226.2028	7	8	0	1	1	0.6856	0.5007
13	707	1	1227.7527	8	4	0	1	1	0.6860	0.5029
13	708	1	1229.3027	6	13	90	0	1	0.6850	0.3454
13	709	1	1230.8526	8	4	0	1	1	0.6855	0.6977
13	710	1	1232.4025	9	9	0	1	1	0.6859	0.8610
13	711	1	1233.9524	10	2	0	1	1	0.6864	0.8147
13	712	1	1235.5023	13	15	0	1	1	0.6868	0.5772
13	713	1	1237.0523	12	12	0	1	1	0.6872	0.6111
13	714	1	1238.6022	9	9	0	1	1	0.6877	0.4042
13	715	1	1240.1521	8	4	90	0	1	0.6867	0.5987
13	716	1	1241.7020	6	13	0	1	1	0.6872	0.5524
13	717	1	1243.2519	4	10	0	1	1	0.6876	0.7624
13	718	1	1244.8019	3	14	0	1	1	0.6880	0.4936
13	719	1	1246.3518	2	7	0	1	1	0.6885	0.6545
13	720	1	1247.9017	15	6	0	1	1	0.6889	0.9287
13	721	1	1249.4516	2	7	0	1	1	0.6893	0.8519
13	722	1	1251.0015	15	6	90	0	1	0.6884	0.4383
13	723	1	1252.5515	3	14	0	1	1	0.6888	0.6968
13	724	1	1254.1014	15	6	0	1	1	0.6892	0.5857
13	725	1	1255.6513	2	7	0	1	1	0.6897	0.4755
13	726	1	1257.2012	14	11	0	1	1	0.6901	0.4623
13	727	1	1258.7511	1	1	0	1	1	0.6905	0.3523
13	728	1	1260.3010	2	7	0	1	1	0.6909	0.2751
13	729	1	1261.8510	3	14	0	1	1	0.6914	0.6285
13	730	1	1263.4009	15	6	0	1	1	0.6918	0.6626
13	731	1	1264.9508	2	7	90	0	1	0.6908	0.4248
13	732	1	1266.5007	14	11	0	1	1	0.6913	0.3790
13	733	1	1268.0507	1	1	0	1	1	0.6917	0.7797
13	734	1	1269.6006	15	6	0	1	1	0.6921	0.4473
13	735	1	1271.1505	1	1	0	1	1	0.6925	0.3530
13	736	1	1272.7004	2	7	0	1	1	0.6929	0.4512
13	737	1	1274.2503	3	14	0	1	1	0.6934	0.4200
13	738	1	1275.8003	15	6	0	1	1	0.6938	0.4713
13	739	1	1277.3502	3	14	0	1	1	0.6942	0.2961
13	740	1	1278.9001	4	10	0	1	1	0.6946	0.3473
13	741	1	1280.4500	7	8	0	1	1	0.6950	1.0856
13	742	1	1281.9999	4	10	0	1	1	0.6954	0.4788
13	743	1	1283.5498	6	13	0	1	1	0.6958	0.3865
13	744	1	1285.0998	8	4	0	1	1	0.6962	0.8505
13	745	1	1286.6497	7	8	0	1	1	0.6966	0.6286
13	746	1	1288.1996	4	10	0	1	1	0.6971	0.3431
13	747	1	1289.7495	7	8	0	1	1	0.6975	0.3289
13	748	1	1291.2994	4	10	0	1	1	0.6979	0.5230
13	749	1	1292.8494	5	3	0	1	1	0.6983	0.4609
13	750	1	1294.3993	7	8	90	0	1	0.6973	0.3202
13	751	1	1295.9492	6	13	0	1	1	0.6977	0.3223
13	752	1	1297.4991	4	10	0	1	1	0.6981	1.1564
13	753	1	1299.0490	7	8	90	-1	0	0.6972	-1.0000
13	754	1	1301.0656	6	13	0	1	1	0.6976	0.6300
13	755	1	1302.6155	8	4	0	1	1	0.6980	0.5523
13	756	1	1304.1655	9	9	0	1	1	0.6984	0.5066
13	757	1	1305.7154	12	12	0	1	1	0.6988	0.3310
13	758	1	1307.2653	9	9	0	1	1	0.6992	0.5100
13	759	1	1308.8152	8	4	0	1	1	0.6996	0.5926
13	760	1	1310.3651	7	8	90	-1	0	0.6987	-1.0000
13	761	1	1312.3983	8	4	0	1	1	0.6991	0.8320
13	762	1	1313.9483	6	13	0	1	1	0.6995	0.7222
13	763	1	1315.4982	4	10	0	1	1	0.6999	0.8536
13	764	1	1317.0481	3	14	0	1	1	0.7003	0.5835
13	765	1	1318.5980	4	10	0	1	1	0.7007	0.5858
13	766	1	1320.1479	3	14	0	1	1	0.7010	0.4914
13	767	1	1321.6979	2	7	0	1	1	0.7014	0.7339
13	768	1	1323.2478	1	1	0	1	1	0.7018	0.8638
13	769	1	1324.7977	15	6	0	1	1	0.7022	0.8816
13	770	1	1326.3476	3	14	0	1	1	0.7026	0.6428
13	771	1	1327.8975	2	7	0	1	1	0.7030	0.6148
13	772	1	1329.4474	15	6	0	1	1	0.7034	0.7921
13	773	1	1330.9974	1	1	0	1	1	0.7038	0.7309
13	774	1	1332.5473	15	6	0	1	1	0.7041	0.6364
13	775	1	1334.0972	3	14	90	-1	0	0.7032	-1.0000
13	776	1	1336.2471	1	1	0	-1	0	0.7023	-1.0000
13	777	1	1338.3137	15	6	0	1	1	0.7027	1.0626
13	778	1	1339.8636	3	14	90	0	1	0.7018	1.0958
13	779	1	1341.4802	1	1	90	1	1	0.7022	1.1433
13	780	1	1343.0301	15	6	90	1	1	0.7026	1.1772
13	781	1	1344.5800	1	1	0	1	1	0.7029	1.0037
13	782	1	1346.1299	3	14	0	1	1	0.7033	1.3096
13	783	1	1347.6798	4	10	0	1	1	0.7037	1.4087
13	784	1	1349.2464	5	3	0	1	1	0.7041	0.9609
13	785	1	1350.7963	6	13	0	1	1	0.7045	1.0909
13	786	1	1352.3463	5	3	90	1	1	0.7048	1.2212
13	787	1	1353.8962	8	4	0	1	1	0.7052	1.0941
13	788	1	1355.4461	6	13	90	0	1	0.7043	1.0175
13	789	1	1356.9960	5	3	0	1	1	0.7047	0.9232
13	790	1	1358.5459	6	13	0	1	1	0.7051	0.9413
13	791	1	1360.0959	7	8	0	1	1	0.7054	1.4238
13	792	1	1361.7124	8	4	0	1	1	0.7058	0.9755
13	793	1	1363.2624	6	13	90	1	1	0.7062	1.4080
13	794	1	1364.8123	7	8	90	1	1	0.7065	1.0752
13	795	1	1366.3622	4	10	0	0	1	0.7057	1.1735
13	796	1	1368.0455	7	8	0	1	1	0.7060	0.7381
13	797	1	1369.5954	5	3	90	1	1	0.7064	1.0270
13	798	1	1371.1453	8	4	0	1	1	0.7068	0.8867
13	799	1	1372.6952	5	3	0	1	1	0.7071	0.7445
13	800	1	1374.2451	4	10	0	1	1	0.7075	0.7947
13	801	1	1375.7950	5	3	0	1	1	0.7079	0.6514
13	802	1	1377.3450	8	4	0	1	1	0.7082	0.8935
13	803	1	1378.8949	6	13	0	1	1	0.7086	0.9927
13	804	1	1380.4448	7	8	0	1	1	0.7090	0.9147
13	805	1	1381.9947	6	13	0	1	1	0.7093	0.8523
13	806	1	1383.5446	5	3	0	1	1	0.7097	0.7418
13	807	1	1385.0946	8	4	0	1	1	0.7100	0.6966
13	808	1	1386.6445	5	3	90	1	1	0.7104	0.9063
13	809	1	1388.1944	4	10	0	1	1	0.7108	0.9393
13	810	1	1389.7443	6	13	90	0	1	0.7099	0.9596
13	811	1	1391.2942	5	3	0	1	1	0.7102	0.7842
13	812	1	1392.8442	7	8	0	1	1	0.7106	0.8028
13	813	1	1394.3941	4	10	0	1	1	0.7109	0.9803
13	814	1	1395.9440	3	14	0	1	1	0.7113	0.8384
13	815	1	1397.4939	1	1	0	1	1	0.7117	0.8419
13	816	1	1399.0438	2	7	0	1	1	0.7120	1.0679
13	817	1	1400.5938	1	1	90	1	1	0.7124	1.4542
13	818	1	1402.1937	15	6	0	1	1	0.7127	1.1648
13	819	1	1403.7436	2	7	90	1	1	0.7131	1.0880
13	820	1	1405.2935	15	6	0	1	1	0.7134	0.8015
13	821	1	1406.8434	14	11	0	1	1	0.7138	1.2192
13	822	1	1408.3933	15	6	90	0	1	0.7129	1.3670
13	823	1	1410.3099	2	7	90	1	1	0.7132	1.4964
13	824	1	1411.9432	1	1	90	1	1	0.7136	1.3845
13	825	1	1413.4931	15	6	0	1	1	0.7139	0.9549
13	826	1	1415.0430	2	7	90	1	1	0.7143	1.0353
13	827	1	1416.5929	3	14	0	1	1	0.7146	0.7974
13	828	1	1418.1428	2	7	0	1	1	0.7150	0.7997
13	829	1	1419.6928	15	6	90	0	1	0.7141	0.8175
13	830	1	1421.2427	3	14	0	1	1	0.7145	1.3814
13	831	1	1422.7926	1	1	0	1	1	0.7148	1.0316
13	832	1	1424.3425	3	14	0	1	1	0.7151	0.6798
13	833	1	1425.8924	4	10	0	1	1	0.7155	0.9232
13	834	1	1427.4424	7	8	90	1	1	0.7158	1.1173
13	835	1	1428.9923	4	10	90	1	1	0.7162	1.2620
13	836	1	1430.5422	6	13	0	1	1	0.7165	1.3774
13	837	1	1432.0921	8	4	0	1	1	0.7168	0.8984
13	838	1	1433.6420	5	3	90	1	1	0.7172	1.0775
13	839	1	1435.1919	6	13	0	-1	0	0.7163	-1.0000
13	840	1	1437.2252	7	8	90	1	1	0.7167	1.0145
13	841	1	1438.7751	8	4	0	1	1	0.7170	0.9365
13	842	1	1440.3250	9	9	0	1	1	0.7173	0.7453
13	843	1	1441.8749	11	5	0	1	1	0.7177	1.0207
13	844	1	1443.4249	10	2	0	1	1	0.7180	0.7833
13	845	1	1444.9748	13	15	0	1	1	0.7183	1.0717
13	846	1	1446.5247	14	11	0	1	1	0.7187	0.9456
13	847	1	1448.0746	1	1	90	1	1	0.7190	1.2677
13	848	1	1449.6245	2	7	90	1	1	0.7193	1.4314
13	849	1	1451.1911	1	1	0	1	1	0.7197	0.9033
13	850	1	1452.7410	2	7	0	1	1	0.7200	1.0508
13	851	1	1454.2910	14	11	90	0	1	0.7192	0.6686
13	852	1	1455.8409	1	1	0	1	1	0.7195	0.9748
13	853	1	1457.3908	2	7	0	1	1	0.7198	1.0076
13	854	1	1458.9407	3	14	90	0	1	0.7190	0.9951
13	855	1	1460.4906	4	10	90	1	1	0.7193	1.3173
13	856	1	1462.0406	6	13	0	1	1	0.7196	0.9978
13	857	1	1463.5905	4	10	90	0	1	0.7188	0.9372
13	858	1	1465.1404	7	8	0	1	1	0.7191	0.9061
13	859	1	1466.6903	8	4	0	1	1	0.7194	0.6681
13	860	1	1468.2402	9	9	0	1	1	0.7198	0.8308
13	861	1	1469.7902	10	2	0	1	1	0.7201	0.9286
13	862	1	1471.3401	11	5	0	1	1	0.7204	0.6433
13	863	1	1472.8900	13	15	0	1	1	0.7207	1.4457
13	864	1	1474.4399	11	5	0	1	1	0.7211	0.7436
13	865	1	1475.9899	10	2	0	1	1	0.7214	0.8891
13	866	1	1477.5398	12	12	0	0	1	0.7206	1.1796
13	867	1	1479.2230	10	2	90	0	1	0.7197	0.8727
13	868	1	1480.7729	12	12	0	1	1	0.7200	1.3068
13	869	1	1482.3228	9	9	0	1	1	0.7204	0.6515
13	870	1	1483.8728	12	12	0	1	1	0.7207	0.9432
13	871	1	1485.4227	9	9	0	1	1	0.7210	0.7836
13	872	1	1486.9726	12	12	90	1	1	0.7213	1.0108
13	873	1	1488.5225	10	2	0	1	1	0.7216	1.0919
13	874	1	1490.0724	12	12	90	1	1	0.7220	1.3514
13	875	1	1491.6224	9	9	0	1	1	0.7223	1.2561
13	876	1	1493.1723	12	12	90	1	1	0.7226	0.7153
13	877	1	1494.7222	11	5	90	1	1	0.7229	1.4535
13	878	1	1496.3055	12	12	0	0	1	0.7221	1.0383
13	879	1	1497.8887	10	2	0	1	1	0.7224	0.7190
13	880	1	1499.4386	11	5	0	1	1	0.7227	0.6254
13	881	1	1500.9885	10	2	0	1	1	0.7230	0.6111
13	882	1	1502.5385	13	15	0	0	1	0.7222	1.3157
13	883	1	1504.4050	11	5	0	1	1	0.7225	0.6973
13	884	1	1505.9549	9	9	0	1	1	0.7229	0.6846
13	885	1	1507.5049	10	2	0	1	1	0.7232	0.6868
13	886	1	1509.0548	12	12	0	1	1	0.7235	1.0247
13	887	1	1510.6047	11	5	0	1	1	0.7238	0.6597
13	888	1	1512.1546	10	2	0	1	1	0.7241	0.6604
13	889	1	1513.7045	11	5	0	1	1	0.7244	0.5671
13	890	1	1515.2545	9	9	0	1	1	0.7247	0.6640
13	891	1	1516.8044	11	5	0	1	1	0.7250	0.6995
13	892	1	1518.3543	9	9	90	0	1	0.7242	0.5737
13	893	1	1519.9042	10	2	0	1	1	0.7245	1.0554
13	894	1	1521.4541	12	12	0	-1	0	0.7237	-1.0000
13	895	1	1523.5207	13	15	0	1	1	0.7240	1.4546
13	896	1	1525.1039	11	5	0	1	1	0.7243	0.6877
13	897	1	1526.6539	9	9	0	1	1	0.7246	0.0171
13	898	1	1528.2038	8	4	90	0	1	0.7238	0.9647
13	899	1	1529.7537	9	9	0	1	1	0.7241	0.9970
13	900	1	1531.3036	11	5	0	1	1	0.7244	0.7920
13	901	1	1532.8535	13	15	0	1	1	0.7248	1.0820
13	902	1	1534.4035	10	2	0	1	1	0.7251	0.8125
13	903	1	1535.9534	13	15	0	1	1	0.7254	0.6050
13	904	1	1537.5033	14	11	0	0	1	0.7246	1.0403
13	905	1	1539.1365	2	7	0	-1	0	0.7238	-1.0000
13	906	1	1541.1698	14	11	0	1	1	0.7241	0.0169
13	907	1	1542.7197	15	6	0	1	1	0.7244	0.9599
13	908	1	1544.2696	1	1	90	1	1	0.7247	1.1546
13	909	1	1545.8195	15	6	0	1	1	0.7250	0.8846
13	910	1	1547.3695	14	11	0	1	1	0.7253	1.0463
13	911	1	1548.9194	1	1	0	1	1	0.7256	1.0004
13	912	1	1550.4693	3	14	0	1	1	0.7259	0.8411
13	913	1	1552.0192	2	7	0	0	1	0.7251	1.2111
13	914	1	1553.8025	1	1	0	1	1	0.7254	0.6598
13	915	1	1555.3524	2	7	0	1	1	0.7257	0.8875
13	916	1	1556.9023	15	6	0	1	1	0.7260	0.7293
13	917	1	1558.4522	1	1	0	1	1	0.7263	0.7954
13	918	1	1560.0021	3	14	0	1	1	0.7266	0.7816
13	919	1	1561.5521	4	10	0	1	1	0.7269	0.7037
13	920	1	1563.1020	3	14	0	1	1	0.7272	0.5763
13	921	1	1564.6519	4	10	0	1	1	0.7275	0.5482
13	922	1	1566.2018	3	14	0	1	1	0.7278	0.5006
13	923	1	1567.7517	15	6	0	1	1	0.7281	1.0159
13	924	1	1569.3016	3	14	0	1	1	0.7284	0.8105
13	925	1	1570.8516	4	10	0	1	1	0.7286	0.6200
13	926	1	1572.4015	3	14	0	1	1	0.7289	0.5888
13	927	1	1573.9514	15	6	0	1	1	0.7292	0.5279
13	928	1	1575.5013	14	11	0	1	1	0.7295	0.8505
13	929	1	1577.0512	2	7	0	1	1	0.7298	0.8364
13	930	1	1578.6012	3	14	90	-1	0	0.7290	-1.0000
13	931	1	1580.6344	1	1	90	1	1	0.7293	1.0291
13	932	1	1582.1843	14	11	0	1	1	0.7296	1.4780
13	933	1	1583.8009	2	7	90	1	1	0.7299	1.1428
13	934	1	1585.3508	3	14	0	1	1	0.7302	0.8409
13	935	1	1586.9007	15	6	90	1	1	0.7305	1.1775
13	936	1	1588.4507	14	11	0	1	1	0.7308	0.6997
13	937	1	1590.0006	15	6	0	1	1	0.7311	0.8150
13	938	1	1591.5505	1	1	0	1	1	0.7313	1.3919
13	939	1	1593.1004	15	6	0	1	1	0.7316	0.9157
13	940	1	1594.6503	1	1	0	1	1	0.7319	0.7415
13	941	1	1596.2002	2	7	0	1	1	0.7322	0.9364
13	942	1	1597.7502	1	1	0	1	1	0.7325	0.7761
13	943	1	1599.3001	15	6	0	1	1	0.7328	0.8423
13	944	1	1600.8500	14	11	0	1	1	0.7331	0.6700
13	945	1	1602.3999	15	6	90	1	1	0.7333	0.9906
13	946	1	1603.9498	3	14	0	1	1	0.7336	0.7374
13	947	1	1605.4998	4	10	0	1	1	0.7339	1.3164
13	948	1	1607.0497	7	8	0	1	1	0.7342	1.1577
13	949	1	1608.5996	8	4	90	0	1	0.7334	0.9840
13	950	1	1610.1495	5	3	90	1	1	0.7337	1.1783
13	951	1	1611.6994	8	4	0	1	1	0.7340	0.7161
13	952	1	1613.2494	6	13	0	1	1	0.7342	1.4378
13	953	1	1614.7993	5	3	0	1	1	0.7345	0.9768
13	954	1	1616.3492	6	13	0	1	1	0.7348	0.9945
13	955	1	1617.8991	7	8	0	1	1	0.7351	0.8032
13	956	1	1619.4490	8	4	0	1	1	0.7354	1.3822
13	957	1	1620.9990	9	9	0	1	1	0.7356	1.0654
13	958	1	1622.5489	12	12	0	0	1	0.7349	1.0026
13	959	1	1624.1155	13	15	0	-1	0	0.7341	-1.0000
13	960	1	1626.1487	14	11	90	0	1	0.7333	0.7776
13	961	1	1627.6986	2	7	90	0	1	0.7326	0.8931
13	962	1	1629.2485	15	6	0	1	1	0.7328	1.1363
13	963	1	1630.7985	3	14	0	1	1	0.7331	0.8017
13	964	1	1632.3484	4	10	0	1	1	0.7334	0.8180
13	965	1	1633.8983	3	14	0	1	1	0.7337	0.6936
13	966	1	1635.4482	15	6	0	1	1	0.7340	0.8221
13	967	1	1636.9981	14	11	0	1	1	0.7342	1.3532
13	968	1	1638.5481	13	15	0	1	1	0.7345	1.0675
13	969	1	1640.0980	14	11	0	1	1	0.7348	0.7651
13	970	1	1641.6479	1	1	0	1	1	0.7351	0.8465
13	971	1	1643.1978	14	11	90	0	1	0.7343	0.6090
13	972	1	1644.7477	15	6	0	1	1	0.7346	0.7396
13	973	1	1646.2976	2	7	0	1	1	0.7348	1.1248
13	974	1	1647.8476	15	6	0	1	1	0.7351	0.5998
13	975	1	1649.3975	2	7	0	1	1	0.7354	0.6820
13	976	1	1650.9474	1	1	0	1	1	0.7357	0.7969
13	977	1	1652.4973	2	7	0	1	1	0.7359	0.6065
13	978	1	1654.0473	15	6	0	1	1	0.7362	0.7672
13	979	1	1655.5972	2	7	0	1	1	0.7365	0.6413
13	980	1	1657.1471	1	1	0	1	1	0.7367	0.4194
13	981	1	1658.6970	14	11	0	1	1	0.7370	0.3109
13	982	1	1660.2469	13	15	90	0	1	0.7363	0.2331
13	983	1	1661.7968	11	5	0	1	1	0.7365	0.8262
13	984	1	1663.3468	9	9	0	1	1	0.7368	1.1654
13	985	1	1664.8967	11	5	0	1	1	0.7371	0.6388
13	986	1	1666.4466	9	9	0	1	1	0.7373	0.5771
13	987	1	1667.9965	11	5	0	1	1	0.7376	0.5156
13	988	1	1669.5464	12	12	90	-1	0	0.7368	-1.0000
13	989	1	1671.5630	13	15	0	1	1	0.7371	0.6450
13	990	1	1673.1129	14	11	90	0	1	0.7364	1.0950
13	991	1	1674.7462	13	15	0	1	1	0.7366	0.9178
13	992	1	1676.2961	12	12	0	1	1	0.7369	1.1434
13	993	1	1677.8460	10	2	0	1	1	0.7372	0.8894
13	994	1	1679.3959	11	5	0	1	1	0.7374	1.1165
13	995	1	1680.9459	10	2	0	1	1	0.7377	0.6365
13	996	1	1682.4958	11	5	90	1	1	0.7380	0.8479
13	997	1	1684.0457	13	15	0	1	1	0.7382	0.8978
13	998	1	1685.5956	14	11	0	1	1	0.7385	1.0763
13	999	1	1687.1455	13	15	0	1	1	0.7387	0.6128
13	1000	1	1688.6954	14	11	90	0	1	0.7380	0.6321
13	1001	1	1690.2453	2	7	90	0	1	0.7373	0.5851
13	1002	1	1691.7953	1	1	0	1	1	0.7375	0.7008
13	1003	1	1693.3452	14	11	0	1	1	0.7378	0.7667
13	1004	1	1694.8951	13	15	0	1	1	0.7380	0.7680
13	1005	1	1696.4450	12	12	90	0	1	0.7373	1.1533
13	1006	1	1698.1449	11	5	0	1	1	0.7376	0.5427
13	1007	1	1699.6949	10	2	0	1	1	0.7378	1.2006
13	1008	1	1701.2448	9	9	90	0	1	0.7371	0.6429
13	1009	1	1702.7947	8	4	0	1	1	0.7374	0.4358
13	1010	1	1704.3446	9	9	90	0	1	0.7366	0.7754
13	1011	1	1705.8945	10	2	0	1	1	0.7369	0.6017
13	1012	1	1707.4445	13	15	0	1	1	0.7372	0.8269
13	1013	1	1708.9944	10	2	90	0	1	0.7364	0.7000
13	1014	1	1710.5443	12	12	0	-1	0	0.7357	-1.0000
13	1015	1	1712.6275	10	2	0	1	1	0.7360	0.9870
13	1016	1	1714.1775	9	9	0	1	1	0.7362	1.4529
13	1017	1	1715.7607	10	2	0	1	1	0.7365	0.8309
13	1018	1	1717.3106	12	12	0	1	1	0.7367	0.9131
13	1019	1	1718.8605	10	2	0	1	1	0.7370	0.6111
13	1020	1	1720.4104	9	9	0	1	1	0.7373	0.8691
13	1021	1	1721.9604	8	4	0	0	1	0.7365	1.1918
13	1022	1	1723.6936	9	9	0	0	1	0.7358	1.2339
13	1023	1	1725.4602	12	12	0	1	1	0.7361	0.9230
13	1024	1	1727.0101	10	2	0	1	1	0.7363	0.6536
13	1025	1	1728.5600	13	15	0	1	1	0.7366	0.6865
13	1026	1	1730.1099	12	12	0	1	1	0.7368	0.5614
13	1027	1	1731.6599	10	2	90	0	1	0.7361	0.6918
13	1028	1	1733.2098	12	12	0	1	1	0.7364	0.9184
13	1029	1	1734.7597	10	2	0	1	1	0.7366	0.5188
13	1030	1	1736.3096	13	15	90	-1	0	0.7359	-1.0000
13	1031	1	1738.3429	14	11	0	1	1	0.7362	1.2395
13	1032	1	1739.8928	1	1	90	1	1	0.7364	1.4348
13	1033	1	1741.4594	14	11	90	0	1	0.7357	1.4366
13	1034	1	1743.4759	2	7	0	1	1	0.7360	0.9398
13	1035	1	1745.0259	14	11	0	1	1	0.7362	1.1505
13	1036	1	1746.5758	1	1	0	1	1	0.7365	1.2001
13	1037	1	1748.1257	15	6	0	1	1	0.7367	0.8025
13	1038	1	1749.6756	1	1	0	1	1	0.7370	0.7401
13	1039	1	1751.2255	15	6	0	1	1	0.7372	0.5982
13	1040	1	1752.7754	1	1	0	1	1	0.7375	0.6167
13	1041	1	1754.3254	14	11	0	-1	0	0.7368	-1.0000
13	1042	1	1756.3586	2	7	90	0	1	0.7361	0.9368
13	1043	1	1757.9085	1	1	0	1	1	0.7363	0.8739
13	1044	1	1759.4584	2	7	0	1	1	0.7366	0.6685
13	1045	1	1761.0083	1	1	90	1	1	0.7368	1.3101
13	1046	1	1762.5583	3	14	0	1	1	0.7371	0.9774
13	1047	1	1764.1082	1	1	0	0	1	0.7364	0.6913
13	1048	1	1765.6581	3	14	0	1	1	0.7366	0.8212
13	1049	1	1767.2080	15	6	0	1	1	0.7369	0.7122
13	1050	1	1768.7579	1	1	0	1	1	0.7371	0.7776
13	1051	1	1770.3079	3	14	0	1	1	0.7374	0.5720
13	1052	1	1771.8578	2	7	0	1	1	0.7376	0.7005
13	1053	1	1773.4077	15	6	0	1	1	0.7379	0.5608
13	1054	1	1774.9576	1	1	0	1	1	0.7381	0.3866
13	1055	1	1776.5075	2	7	0	1	1	0.7384	0.3082
13	1056	1	1778.0575	14	11	0	1	1	0.7386	0.2945
13	1057	1	1779.6074	13	15	0	1	1	0.7389	0.7759
13	1058	1	1781.1573	11	5	0	1	1	0.7391	1.0971
13	1059	1	1782.7072	9	9	0	1	1	0.7394	1.1005
13	1060	1	1784.2571	8	4	0	1	1	0.7396	1.1345
13	1061	1	1785.8071	5	3	0	1	1	0.7399	1.2006
13	1062	1	1787.3570	4	10	0	1	1	0.7401	1.2655
13	1063	1	1788.9069	7	8	0	1	1	0.7404	0.8368
13	1064	1	1790.4568	6	13	0	1	1	0.7406	1.0630
13	1065	1	1792.0068	8	4	90	1	1	0.7408	1.0637
13	1066	1	1793.5567	5	3	0	1	1	0.7411	1.3711
13	1067	1	1795.1066	8	4	0	1	1	0.7413	1.3406
13	1068	1	1796.6565	7	8	90	1	1	0.7416	1.1339
13	1069	1	1798.2064	6	13	0	1	1	0.7418	1.2161
13	1070	1	1799.7563	4	10	0	1	1	0.7421	0.9633
13	1071	1	1801.3062	3	14	0	1	1	0.7423	0.7576
13	1072	1	1802.8562	15	6	0	1	1	0.7425	0.8401
13	1073	1	1804.4061	14	11	0	1	1	0.7428	1.2404
13	1074	1	1805.9560	2	7	0	1	1	0.7430	1.0836
13	1075	1	1807.5059	1	1	0	1	1	0.7433	0.9100
13	1076	1	1809.0558	2	7	0	1	1	0.7435	0.7524
13	1077	1	1810.6058	15	6	0	1	1	0.7437	0.8658
13	1078	1	1812.1557	14	11	0	1	1	0.7440	0.8359
13	1079	1	1813.7056	1	1	90	1	1	0.7442	1.0778
13	1080	1	1815.2555	3	14	0	1	1	0.7444	0.9041
13	1081	1	1816.8054	15	6	0	1	1	0.7447	0.9702
13	1082	1	1818.3554	1	1	90	1	1	0.7449	1.4364
13	1083	1	1819.9220	14	11	90	0	1	0.7442	1.0845
13	1084	1	1821.5885	15	6	0	-1	0	0.7435	-1.0000
13	1085	1	1823.6051	2	7	0	1	1	0.7438	1.3700
13	1086	1	1825.1550	1	1	0	1	1	0.7440	0.8925
13	1087	1	1826.7049	14	11	0	1	1	0.7443	1.2309
13	1088	1	1828.2548	1	1	0	1	1	0.7445	0.8156
13	1089	1	1829.8048	15	6	0	1	1	0.7447	0.6757
13	1090	1	1831.3547	14	11	90	1	1	0.7450	1.2678
13	1091	1	1832.9046	15	6	0	1	1	0.7452	0.7591
13	1092	1	1834.4545	14	11	90	1	1	0.7454	0.6960
13	1093	1	1836.0044	15	6	0	1	1	0.7457	0.5078
13	1094	1	1837.5543	3	14	0	0	1	0.7450	0.4777
13	1095	1	1839.1043	2	7	0	1	1	0.7452	1.0393
13	1096	1	1840.6541	1	1	0	-1	0	0.7445	-1.0000
13	1097	1	1842.7374	3	14	0	1	1	0.7448	0.0172
13	1098	1	1844.2874	15	6	0	1	1	0.7450	0.6243
13	1099	1	1845.8373	1	1	90	0	1	0.7443	0.6433
13	1100	1	1847.3872	15	6	0	1	1	0.7445	0.6753
13	1101	1	1848.9371	3	14	0	1	1	0.7448	0.7094
13	1102	1	1850.4870	4	10	90	-1	0	0.7441	-1.0000
13	1103	1	1852.5036	6	13	0	1	1	0.7443	0.9028
13	1104	1	1854.0535	7	8	0	1	1	0.7446	0.8582
13	1105	1	1855.6034	6	13	0	-1	0	0.7439	-1.0000
13	1106	1	1857.7033	5	3	0	1	1	0.7441	1.4630
13	1107	1	1859.3532	4	10	0	1	1	0.7444	1.2386
13	1108	1	1860.9032	5	3	90	1	1	0.7446	1.2244
13	1109	1	1862.4531	8	4	0	1	1	0.7448	1.1133
13	1110	1	1864.0030	7	8	0	1	1	0.7450	0.7330
13	1111	1	1865.5529	5	3	0	1	1	0.7453	0.8148
13	1112	1	1867.1028	6	13	0	1	1	0.7455	0.6555
13	1113	1	1868.6527	4	10	0	1	1	0.7457	0.4987
13	1114	1	1870.2026	3	14	0	1	1	0.7460	0.7889
13	1115	1	1871.7526	4	10	90	0	1	0.7453	1.1913
13	1116	1	1873.5025	7	8	90	1	1	0.7455	1.0258
13	1117	1	1875.0524	4	10	0	1	1	0.7457	0.9304
13	1118	1	1876.6023	3	14	90	0	1	0.7451	1.0921
13	1119	1	1878.2356	15	6	90	0	1	0.7444	1.0589
13	1120	1	1879.8188	1	1	0	-1	1	0.7438	-1.0000
13	1121	1	1881.8520	2	7	0	0	1	0.7431	1.4596
13	1122	1	1883.9019	15	6	0	1	1	0.7433	0.6245
13	1123	1	1885.4519	3	14	0	1	1	0.7435	0.8843
13	1124	1	1887.0018	1	1	0	-1	0	0.7429	-1.0000
13	1125	1	1889.0850	2	7	90	1	1	0.7431	0.0974
13	1126	1	1890.6349	3	14	0	1	1	0.7433	0.6275
13	1127	1	1892.1848	15	6	0	1	1	0.7436	0.9657
13	1128	1	1893.7348	1	1	0	1	1	0.7438	0.9207
13	1129	1	1895.2847	15	6	0	1	1	0.7440	0.6657
13	1130	1	1896.8346	3	14	0	1	1	0.7442	0.6692
13	1131	1	1898.3845	2	7	0	1	1	0.7445	0.7505
13	1132	1	1899.9344	3	14	0	1	1	0.7447	0.4174
13	1133	1	1901.4844	2	7	0	1	1	0.7449	0.5479
13	1134	1	1903.0343	15	6	0	1	1	0.7451	0.9336
13	1135	1	1904.5842	2	7	0	1	1	0.7454	1.1114
13	1136	1	1906.1341	3	14	90	0	1	0.7447	0.7603
13	1137	1	1907.6840	2	7	0	1	1	0.7449	0.6997
13	1138	1	1909.2340	15	6	90	1	1	0.7452	1.0686
13	1139	1	1910.7839	14	11	0	1	1	0.7454	0.9759
13	1140	1	1912.3338	15	6	0	1	1	0.7456	0.9940
13	1141	1	1913.8837	2	7	0	1	1	0.7458	1.4121
13	1142	1	1915.4836	1	1	0	1	1	0.7461	1.2989
13	1143	1	1917.0336	15	6	0	1	1	0.7463	0.9009
13	1144	1	1918.5835	2	7	0	1	1	0.7465	0.6798
13	1145	1	1920.1334	3	14	0	1	1	0.7467	0.7772
13	1146	1	1921.6833	1	1	90	0	1	0.7461	0.8602
13	1147	1	1923.2333	3	14	0	1	1	0.7463	0.6235
13	1148	1	1924.7832	15	6	0	1	1	0.7465	1.1045
13	1149	1	1926.3331	3	14	0	1	1	0.7467	0.8190
13	1150	1	1927.8830	4	10	0	1	1	0.7470	0.5475
13	1151	1	1929.4329	3	14	90	0	1	0.7463	0.6793
13	1152	1	1930.9828	15	6	0	1	1	0.7465	0.5367
13	1153	1	1932.5327	2	7	0	1	1	0.7467	0.7784
13	1154	1	1934.0827	15	6	0	1	1	0.7470	0.8937
13	1155	1	1935.6326	2	7	90	0	1	0.7463	0.6070
13	1156	1	1937.1825	14	11	0	0	1	0.7457	1.2000
13	1157	1	1938.8824	2	7	0	1	1	0.7459	0.7160
13	1158	1	1940.4323	3	14	0	1	1	0.7461	0.7662
13	1159	1	1941.9823	4	10	0	1	1	0.7463	0.8815
13	1160	1	1943.5322	7	8	0	1	1	0.7466	0.7234
13	1161	1	1945.0821	4	10	0	1	1	0.7468	0.7096
13	1162	1	1946.6320	3	14	0	1	1	0.7470	0.7116
13	1163	1	1948.1819	1	1	0	1	1	0.7472	0.8565
13	1164	1	1949.7319	14	11	0	1	1	0.7474	0.8604
13	1165	1	1951.2818	13	15	0	1	1	0.7476	1.1328
13	1166	1	1952.8317	10	2	0	1	1	0.7479	0.7519
13	1167	1	1954.3816	12	12	0	1	1	0.7481	1.4728
13	1168	1	1956.0315	10	2	0	1	1	0.7483	0.7348
13	1169	1	1957.5814	11	5	0	-1	0	0.7476	-1.0000
13	1170	1	1959.6813	10	2	0	1	1	0.7479	0.8782
13	1171	1	1961.2312	12	12	0	1	1	0.7481	0.9930
13	1172	1	1962.7812	11	5	0	1	1	0.7483	0.7551
13	1173	1	1964.3311	12	12	0	1	1	0.7485	0.8207
13	1174	1	1965.8810	9	9	0	1	1	0.7487	0.9028
13	1175	1	1967.4310	8	4	0	0	1	0.7481	1.1435
13	1176	1	1969.0809	9	9	0	1	1	0.7483	0.6621
13	1177	1	1970.6308	12	12	0	1	1	0.7485	0.6656
13	1178	1	1972.1807	13	15	0	0	1	0.7479	1.3390
13	1179	1	1974.0972	10	2	0	1	1	0.7481	0.6700
13	1180	1	1975.6472	13	15	0	1	1	0.7483	0.7193
13	1181	1	1977.1971	12	12	0	1	1	0.7485	0.8187
13	1182	1	1978.7470	11	5	0	1	1	0.7487	0.6288
13	1183	1	1980.2969	10	2	0	1	1	0.7489	0.7736
13	1184	1	1981.8469	11	5	0	1	1	0.7492	0.9036
13	1185	1	1983.3968	10	2	90	0	1	0.7485	0.8914
13	1186	1	1984.9467	13	15	90	-1	0	0.7479	-1.0000
13	1187	1	1986.9799	14	11	0	1	1	0.7481	0.1247
13	1188	1	1988.5298	1	1	90	-1	0	0.7475	-1.0000
13	1189	1	1990.6130	15	6	0	1	1	0.7477	0.9069
13	1190	1	1992.1630	1	1	0	1	1	0.7479	1.4848
13	1191	1	1993.7962	15	6	0	1	1	0.7481	0.6999
13	1192	1	1995.3461	2	7	0	1	1	0.7483	0.8139
13	1193	1	1996.8961	15	6	0	1	1	0.7485	0.5761
13	1194	1	1998.4460	3	14	0	1	1	0.7487	0.7858
13	1195	1	1999.9959	4	10	0	1	1	0.7490	0.7238
13	1196	1	2001.5458	3	14	0	1	1	0.7492	0.7406
13	1197	1	2003.0957	4	10	0	1	1	0.7494	1.1907
13	1198	1	2004.6457	6	13	0	1	1	0.7496	1.1767
13	1199	1	2006.1956	5	3	0	1	1	0.7498	0.9563
13	1200	1	2007.7455	4	10	0	1	1	0.7500	0.6211
13	1201	1	2009.2954	3	14	90	0	1	0.7494	0.8167
13	1202	1	2010.8453	1	1	0	1	1	0.7496	0.4810
13	1203	1	2012.3953	14	11	0	1	1	0.7498	0.5633
13	1204	1	2013.9452	13	15	0	1	1	0.7500	0.5345
13	1205	1	2015.4951	11	5	0	1	1	0.7502	0.5206
13	1206	1	2017.0450	13	15	0	1	1	0.7504	0.4264
13	1207	1	2018.5950	11	5	0	1	1	0.7506	0.3491
13	1208	1	2020.1449	13	15	0	1	1	0.7508	0.3353
13	1209	1	2021.6948	12	12	0	1	1	0.7510	0.2408
13	1210	1	2023.2447	9	9	0	1	1	0.7512	0.3870
13	1211	1	2024.7946	10	2	0	1	1	0.7514	0.8218
13	1212	1	2026.3445	11	5	0	1	1	0.7517	0.3277
13	1213	1	2027.8945	12	12	0	1	1	0.7519	0.2960
13	1214	1	2029.4444	9	9	0	1	1	0.7521	0.6675
13	1215	1	2030.9943	10	2	0	1	1	0.7523	0.6044
13	1216	1	2032.5442	12	12	0	1	1	0.7525	0.5102
13	1217	1	2034.0941	10	2	90	0	1	0.7518	0.3372
13	1218	1	2035.6441	13	15	0	1	1	0.7521	0.2745
13	1219	1	2037.1940	10	2	0	1	1	0.7523	0.3256
13	1220	1	2038.7439	9	9	90	0	1	0.7516	0.3117
13	1221	1	2040.2938	12	12	0	-1	0	0.7510	-1.0000
13	1222	1	2042.3437	11	5	0	1	1	0.7512	0.7107
13	1223	1	2043.8936	12	12	0	1	1	0.7514	0.8423
13	1224	1	2045.4435	9	9	0	1	1	0.7516	0.9887
13	1225	1	2046.9935	8	4	0	1	1	0.7518	0.9581
13	1226	1	2048.5434	9	9	0	1	1	0.7520	0.5936
13	1227	1	2050.0933	11	5	0	1	1	0.7522	0.7710
13	1228	1	2051.6432	12	12	90	1	1	0.7524	0.9654
13	1229	1	2053.1931	9	9	0	0	1	0.7518	1.2213
13	1230	1	2054.9931	10	2	0	1	1	0.7520	0.6706
13	1231	1	2056.5430	12	12	0	1	1	0.7522	0.8331
13	1232	1	2058.0929	10	2	0	1	1	0.7524	0.8195
13	1233	1	2059.6428	12	12	0	1	1	0.7526	0.6130
13	1234	1	2061.1927	10	2	90	0	1	0.7520	0.5350
13	1235	1	2062.7426	12	12	0	1	1	0.7522	0.2968
13	1236	1	2064.2926	13	15	0	1	1	0.7524	0.8107
13	1237	1	2065.8425	14	11	0	1	1	0.7526	0.6372
13	1238	1	2067.3924	2	7	0	1	1	0.7528	0.7182
13	1239	1	2068.9423	3	14	0	1	1	0.7530	0.3527
13	1240	1	2070.4922	1	1	0	1	1	0.7532	0.3222
13	1241	1	2072.0422	15	6	0	1	1	0.7534	0.2937
13	1242	1	2073.5921	2	7	0	1	1	0.7536	0.6321
13	1243	1	2075.1420	1	1	90	0	1	0.7530	0.5531
13	1244	1	2076.6919	2	7	90	0	1	0.7524	0.2996
13	1245	1	2078.2418	3	14	0	1	1	0.7526	0.3486
13	1246	1	2079.7918	4	10	90	0	1	0.7520	0.4316
13	1247	1	2081.3417	7	8	90	1	1	0.7522	1.1054
13	1248	1	2082.8916	6	13	0	1	1	0.7524	1.0587
13	1249	1	2084.4415	7	8	90	0	1	0.7518	1.3179
13	1250	1	2086.2914	5	3	0	1	1	0.7520	1.3230
13	1251	1	2087.8413	6	13	0	1	1	0.7522	0.8306
13	1252	1	2089.3913	7	8	0	1	1	0.7524	0.6406
13	1253	1	2090.9412	8	4	0	1	1	0.7526	0.7865
13	1254	1	2092.4911	5	3	90	1	1	0.7528	1.1886
13	1255	1	2094.0410	6	13	0	1	1	0.7530	0.9507
13	1256	1	2095.5909	7	8	0	1	1	0.7532	0.7601
13	1257	1	2097.1409	8	4	0	1	1	0.7534	0.9056
13	1258	1	2098.6908	7	8	90	1	1	0.7536	0.9256
13	1259	1	2100.2407	8	4	0	1	1	0.7538	0.8310
13	1260	1	2101.7906	5	3	0	1	1	0.7540	0.7535
13	1261	1	2103.3405	8	4	0	1	1	0.7542	0.5957
13	1262	1	2104.8905	7	8	90	1	1	0.7544	1.1881
13	1263	1	2106.4404	5	3	0	1	1	0.7546	0.6792
13	1264	1	2107.9903	6	13	0	1	1	0.7547	0.8416
13	1265	1	2109.5402	7	8	0	1	1	0.7549	0.7630
13	1266	1	2111.0902	8	4	90	0	1	0.7543	0.5262
13	1267	1	2112.6400	5	3	0	1	1	0.7545	0.4939
13	1268	1	2114.1900	7	8	0	1	1	0.7547	0.6415
13	1269	1	2115.7399	6	13	0	1	1	0.7549	0.5307
13	1270	1	2117.2898	8	4	0	1	1	0.7551	0.4380
13	1271	1	2118.8397	6	13	0	1	1	0.7553	0.3129
13	1272	1	2120.3896	7	8	0	1	1	0.7555	0.2821
13	1273	1	2121.9396	4	10	0	1	1	0.7557	0.5070
13	1274	1	2123.4895	3	14	0	1	1	0.7559	0.3962
13	1275	1	2125.0394	15	6	0	1	1	0.7561	0.3680
13	1276	1	2126.5893	3	14	0	1	1	0.7563	0.4344
13	1277	1	2128.1393	2	7	0	1	1	0.7565	0.4045
13	1278	1	2129.6891	1	1	90	0	1	0.7559	0.5026
13	1279	1	2131.2391	3	14	0	1	1	0.7561	0.3914
13	1280	1	2132.7890	1	1	0	1	1	0.7562	0.7628
13	1281	1	2134.3390	14	11	0	1	1	0.7564	0.5716
13	1282	1	2135.8889	15	6	0	1	1	0.7566	0.4136
13	1283	1	2137.4387	1	1	0	1	1	0.7568	0.4970
13	1284	1	2138.9887	2	7	0	1	1	0.7570	0.5312
13	1285	1	2140.5386	3	14	0	1	1	0.7572	0.5491
13	1286	1	2142.0885	1	1	0	1	1	0.7574	0.9674
13	1287	1	2143.6384	3	14	0	1	1	0.7576	0.7455
13	1288	1	2145.1884	15	6	90	1	1	0.7578	1.0350
13	1289	1	2146.7383	1	1	0	1	1	0.7580	0.7651
13	1290	1	2148.2882	14	11	0	-1	0	0.7574	-1.0000
13	1291	1	2150.3714	15	6	0	1	1	0.7576	0.8283
13	1292	1	2151.9214	2	7	0	1	1	0.7577	0.7811
13	1293	1	2153.4713	15	6	0	1	1	0.7579	0.5443
13	1294	1	2155.0212	14	11	0	1	1	0.7581	0.8814
13	1295	1	2156.5711	2	7	90	0	1	0.7575	0.7233
13	1296	1	2158.1210	1	1	90	0	1	0.7569	0.5666
13	1297	1	2159.6709	3	14	90	1	1	0.7571	1.3850
13	1298	1	2161.2709	2	7	0	-1	0	0.7565	-1.0000
13	1299	1	2163.3708	1	1	0	1	1	0.7567	1.2690
13	1300	1	2164.9207	3	14	0	1	1	0.7569	0.7744
13	1301	1	2166.4706	1	1	0	1	1	0.7571	0.6971
13	1302	1	2168.0205	2	7	0	1	1	0.7573	0.7151
13	1303	1	2169.5705	15	6	0	1	1	0.7575	1.2133
13	1304	1	2171.1204	2	7	90	0	1	0.7569	0.7996
13	1305	1	2172.6703	14	11	0	1	1	0.7571	0.6581
13	1306	1	2174.2202	15	6	0	1	1	0.7573	0.5157
13	1307	1	2175.7701	14	11	0	1	1	0.7575	0.5324
13	1308	1	2177.3200	2	7	0	1	1	0.7576	0.2945
13	1309	1	2178.8699	14	11	90	0	1	0.7571	0.6182
13	1310	1	2180.4199	2	7	0	1	1	0.7573	0.4442
13	1311	1	2181.9698	14	11	0	-1	0	0.7567	-1.0000
13	1312	1	2183.9863	2	7	0	1	1	0.7569	0.5401
13	1313	1	2185.5363	3	14	0	1	1	0.7570	0.7197
13	1314	1	2187.0862	1	1	0	1	1	0.7572	0.6723
13	1315	1	2188.6361	3	14	0	1	1	0.7574	0.7556
13	1316	1	2190.1860	1	1	0	1	1	0.7576	1.3176
13	1317	1	2191.7359	15	6	0	1	1	0.7578	0.7769
13	1318	1	2193.2859	2	7	0	1	1	0.7580	0.7780
13	1319	1	2194.8358	3	14	0	1	1	0.7582	0.8758
13	1320	1	2196.3857	1	1	90	0	1	0.7576	0.7668
13	1321	1	2197.9356	3	14	90	0	1	0.7570	1.0401
13	1322	1	2199.5022	15	6	0	1	1	0.7572	0.7376
13	1323	1	2201.0521	3	14	0	1	1	0.7574	0.6914
13	1324	1	2202.6020	1	1	0	1	1	0.7576	0.6617
13	1325	1	2204.1520	2	7	0	1	1	0.7577	0.5347
13	1326	1	2205.7019	3	14	90	0	1	0.7572	0.6326
13	1327	1	2207.2518	15	6	0	1	1	0.7573	0.6028
13	1328	1	2208.8017	3	14	0	1	1	0.7575	0.7179
13	1329	1	2210.3516	4	10	0	1	1	0.7577	0.9589
13	1330	1	2211.9015	3	14	0	1	1	0.7579	0.7701
13	1331	1	2213.4515	2	7	90	0	1	0.7573	0.8838
13	1332	1	2215.0014	1	1	90	0	1	0.7568	0.7587
13	1333	1	2216.5513	15	6	90	0	1	0.7562	0.5834
13	1334	1	2218.1012	2	7	90	0	1	0.7556	0.7784
13	1335	1	2219.6511	3	14	0	1	1	0.7558	0.8607
13	1336	1	2221.2010	2	7	90	0	1	0.7552	1.0055
13	1337	1	2222.7510	3	14	0	1	1	0.7554	0.8009
13	1338	1	2224.3009	15	6	0	1	1	0.7556	0.7707
13	1339	1	2225.8508	1	1	0	1	1	0.7558	0.8690
13	1340	1	2227.4008	14	11	0	1	1	0.7560	0.6629
13	1341	1	2228.9507	2	7	0	1	1	0.7562	0.7133
13	1342	1	2230.5006	3	14	0	1	1	0.7563	0.7002
13	1343	1	2232.0505	2	7	0	1	1	0.7565	0.8130
13	1344	1	2233.6004	1	1	0	1	1	0.7567	1.3260
13	1345	1	2235.1503	2	7	90	-1	0	0.7561	-1.0000
13	1346	1	2237.2002	3	14	90	-1	0	0.7556	-1.0000
13	1347	1	2239.2501	15	6	90	-1	0	0.7550	-1.0000
13	1348	1	2241.3000	2	7	0	0	1	0.7545	0.0757
13	1349	1	2242.8499	1	1	90	1	1	0.7546	1.0058
13	1350	1	2244.3999	15	6	90	1	1	0.7548	0.9927
13	1351	1	2245.9498	1	1	0	1	1	0.7550	0.8968
13	1352	1	2247.4997	15	6	0	1	1	0.7552	1.1244
13	1353	1	2249.0496	2	7	0	1	1	0.7554	1.3659
13	1354	1	2250.5995	15	6	0	1	1	0.7555	0.7920
13	1355	1	2252.1495	3	14	0	1	1	0.7557	0.7778
13	1356	1	2253.6994	1	1	0	1	1	0.7559	0.7647
13	1357	1	2255.2493	2	7	90	-1	0	0.7553	-1.0000
13	1358	1	2257.2659	14	11	0	1	1	0.7555	0.9587
13	1359	1	2258.8158	13	15	0	1	1	0.7557	1.2958
13	1360	1	2260.3657	11	5	90	1	1	0.7559	1.3462
13	1361	1	2261.9156	10	2	0	1	1	0.7561	1.1229
13	1362	1	2263.4655	12	12	0	1	1	0.7562	1.1422
13	1363	1	2265.0155	9	9	0	1	1	0.7564	1.0007
13	1364	1	2266.5654	12	12	0	1	1	0.7566	1.4025
13	1365	1	2268.1153	13	15	0	1	1	0.7568	1.0526
13	1366	1	2269.6652	14	11	0	1	1	0.7570	1.1350
13	1367	1	2271.2151	15	6	90	1	1	0.7571	1.0245
13	1368	1	2272.7650	3	14	90	0	1	0.7566	1.0908
13	1369	1	2274.3650	2	7	0	1	1	0.7568	1.2027
13	1370	1	2275.9149	15	6	90	1	1	0.7569	1.0289
13	1371	1	2277.4648	3	14	90	1	1	0.7571	1.4155
13	1372	1	2279.0147	15	6	0	1	1	0.7573	0.9690
13	1373	1	2280.5646	1	1	0	1	1	0.7575	0.9390
13	1374	1	2282.1146	2	7	0	1	1	0.7576	1.0220
13	1375	1	2283.6645	14	11	0	1	1	0.7578	1.4234
13	1376	1	2285.2311	2	7	90	0	1	0.7573	1.1195
13	1377	1	2286.9143	1	1	0	1	1	0.7574	0.7812
13	1378	1	2288.4642	2	7	0	1	1	0.7576	0.7038
13	1379	1	2290.0142	3	14	0	1	1	0.7578	0.8021
13	1380	1	2291.5641	15	6	0	1	1	0.7580	0.8036
13	1381	1	2293.1140	3	14	90	1	1	0.7581	0.9659
13	1382	1	2294.6639	15	6	90	0	1	0.7576	1.3363
13	1383	1	2296.5638	1	1	0	1	1	0.7578	0.9244
13	1384	1	2298.1137	3	14	0	1	1	0.7579	0.7663
13	1385	1	2299.6637	1	1	0	1	1	0.7581	0.8492
13	1386	1	2301.2136	2	7	0	1	1	0.7583	0.7689
13	1387	1	2302.7635	15	6	0	0	1	0.7578	0.9791
13	1388	1	2304.6134	14	11	0	1	1	0.7579	0.9874
13	1389	1	2306.1633	1	1	0	1	1	0.7581	0.6691
13	1390	1	2307.7132	2	7	90	0	1	0.7576	0.9895
13	1391	1	2309.2965	15	6	0	1	1	0.7577	0.7834
13	1392	1	2310.8464	2	7	0	1	1	0.7579	0.9142
13	1393	1	2312.3963	14	11	0	1	1	0.7581	0.8517
13	1394	1	2313.9462	13	15	0	1	1	0.7582	0.9650
13	1395	1	2315.4962	12	12	0	-1	0	0.7577	-1.0000
13	1396	1	2317.5460	10	2	0	1	1	0.7579	0.7886
13	1397	1	2319.0960	13	15	0	1	1	0.7581	0.8396
13	1398	1	2320.6459	11	5	0	1	1	0.7582	0.6499
13	1399	1	2322.1958	9	9	0	1	1	0.7584	0.7480
13	1400	1	2323.7457	8	4	0	1	1	0.7586	0.8935
13	1	2	1.0166	11	5	0	-1	0	NaN	-1.0000
13	2	2	2.5499	13	15	0	-1	0	NaN	-1.0000
13	3	2	4.0831	11	5	0	-1	0	NaN	-1.0000
13	4	2	5.6164	10	2	0	-1	0	NaN	-1.0000
13	5	2	7.1496	13	15	0	-1	0	NaN	-1.0000
13	6	2	8.6829	11	5	0	-1	0	NaN	-1.0000
13	7	2	10.2161	12	12	0	-1	0	NaN	-1.0000
13	8	2	11.7494	9	9	0	-1	0	NaN	-1.0000
13	9	2	13.2826	10	2	0	-1	0	NaN	-1.0000
13	10	2	14.8159	11	5	0	-1	0	NaN	-1.0000
13	11	2	16.3492	9	9	0	-1	0	NaN	-1.0000
13	12	2	17.8824	8	4	0	-1	1	1.0000	0.9081
13	13	2	19.4157	9	9	0	-1	0	1.0000	-1.0000
13	14	2	20.9489	8	4	0	-1	1	1.0000	0.9777
13	15	2	22.4822	6	13	0	-1	0	1.0000	-1.0000
13	16	2	24.0154	7	8	0	-1	0	1.0000	-1.0000
13	17	2	25.5487	8	4	0	-1	0	1.0000	-1.0000
13	18	2	27.0819	9	9	0	-1	0	1.0000	-1.0000
13	19	2	28.6152	10	2	0	-1	0	1.0000	-1.0000
13	20	2	30.1485	11	5	0	-1	0	1.0000	-1.0000
13	21	2	31.6817	12	12	0	-1	0	1.0000	-1.0000
13	22	2	33.2150	13	15	0	-1	0	1.0000	-1.0000
13	23	2	34.7482	14	11	0	-1	0	1.0000	-1.0000
13	24	2	36.2815	15	6	0	-1	0	1.0000	-1.0000
13	25	2	37.8147	1	1	0	-1	0	1.0000	-1.0000
13	26	2	39.3480	2	7	0	-1	0	1.0000	-1.0000
13	27	2	40.8812	3	14	0	-1	0	1.0000	-1.0000
13	28	2	42.4145	4	10	0	-1	0	1.0000	-1.0000
13	29	2	43.9477	5	3	0	-1	0	1.0000	-1.0000
13	30	2	45.4810	6	13	0	-1	0	1.0000	-1.0000
13	31	2	47.0142	5	3	0	-1	0	1.0000	-1.0000
13	32	2	48.5475	4	10	0	-1	0	1.0000	-1.0000
13	33	2	50.0807	6	13	0	-1	0	1.0000	-1.0000
13	34	2	51.6140	7	8	0	-1	0	1.0000	-1.0000
13	35	2	53.1473	4	10	0	-1	0	1.0000	-1.0000
13	36	2	54.6805	6	13	0	-1	0	1.0000	-1.0000
13	37	2	56.2138	4	10	0	-1	0	1.0000	-1.0000
13	38	2	57.7470	3	14	0	-1	0	1.0000	-1.0000
13	39	2	59.2803	4	10	0	-1	0	1.0000	-1.0000
13	40	2	60.8135	6	13	0	-1	0	1.0000	-1.0000
13	41	2	62.3468	8	4	0	-1	1	0.6667	0.8264
13	42	2	63.8800	5	3	0	-1	0	0.6667	-1.0000
13	43	2	65.4133	7	8	0	-1	0	0.6667	-1.0000
13	44	2	66.9466	6	13	0	-1	0	0.6667	-1.0000
13	45	2	68.4798	8	4	0	-1	1	0.5000	1.0463
13	46	2	70.0131	9	9	0	-1	0	0.5000	-1.0000
13	47	2	71.5463	10	2	0	-1	0	0.5000	-1.0000
13	48	2	73.0796	11	5	0	-1	0	0.5000	-1.0000
13	49	2	74.6128	12	12	0	-1	0	0.5000	-1.0000
13	50	2	76.1461	13	15	0	-1	0	0.5000	-1.0000
13	51	2	77.6793	14	11	0	-1	0	0.5000	-1.0000
13	52	2	79.2126	15	6	0	-1	1	0.4000	0.8732
13	53	2	80.7458	1	1	0	-1	0	0.4000	-1.0000
13	54	2	82.2791	2	7	0	-1	0	0.4000	-1.0000
13	55	2	83.8123	3	14	0	-1	1	0.3333	0.9466
13	56	2	85.3456	4	10	0	-1	0	0.3333	-1.0000
13	57	2	86.8788	5	3	0	-1	0	0.3333	-1.0000
13	58	2	88.4121	6	13	0	-1	0	0.3333	-1.0000
13	59	2	89.9454	7	8	0	-1	0	0.3333	-1.0000
13	60	2	91.4786	8	4	0	-1	1	0.2857	1.0720
13	61	2	93.0119	6	13	0	-1	0	0.2857	-1.0000
13	62	2	94.5451	5	3	0	-1	0	0.2857	-1.0000
13	63	2	96.0784	6	13	0	-1	0	0.2857	-1.0000
13	64	2	97.6116	5	3	0	-1	0	0.2857	-1.0000
13	65	2	99.1449	8	4	0	-1	1	0.2500	1.0376
13	66	2	100.6782	9	9	0	-1	0	0.2500	-1.0000
13	67	2	102.2114	11	5	0	-1	0	0.2500	-1.0000
13	68	2	103.7447	10	2	0	-1	0	0.2500	-1.0000
13	69	2	105.2779	12	12	0	-1	0	0.2500	-1.0000
13	70	2	106.8111	10	2	0	-1	0	0.2500	-1.0000
13	71	2	108.3444	11	5	0	-1	0	0.2500	-1.0000
13	72	2	109.8777	10	2	0	-1	0	0.2500	-1.0000
13	73	2	111.4109	9	9	0	-1	0	0.2500	-1.0000
13	74	2	112.9442	8	4	0	-1	1	0.3333	0.8703
13	75	2	114.4774	6	13	0	-1	0	0.3333	-1.0000
13	76	2	116.0107	7	8	0	-1	0	0.3333	-1.0000
13	77	2	117.5439	8	4	0	-1	1	0.3000	1.1185
13	78	2	119.0772	9	9	0	-1	0	0.3000	-1.0000
13	79	2	120.6104	10	2	0	-1	0	0.3000	-1.0000
13	80	2	122.1437	11	5	0	-1	0	0.3000	-1.0000
13	81	2	123.6770	12	12	0	-1	0	0.3000	-1.0000
13	82	2	125.2102	13	15	0	-1	0	0.3000	-1.0000
13	83	2	126.7435	14	11	0	-1	0	0.3000	-1.0000
13	84	2	128.2767	15	6	0	-1	0	0.3000	-1.0000
13	85	2	129.8100	1	1	0	-1	0	0.3000	-1.0000
13	86	2	131.3432	2	7	0	-1	0	0.3000	-1.0000
13	87	2	132.8765	3	14	0	-1	0	0.3000	-1.0000
13	88	2	134.4097	4	10	0	-1	0	0.3000	-1.0000
13	89	2	135.9430	5	3	0	-1	0	0.3000	-1.0000
13	90	2	137.4762	6	13	0	-1	0	0.3000	-1.0000
13	91	2	139.0095	4	10	0	-1	0	0.3000	-1.0000
13	92	2	140.5428	5	3	0	-1	0	0.3000	-1.0000
13	93	2	142.0760	7	8	0	-1	0	0.3000	-1.0000
13	94	2	143.6092	8	4	0	-1	1	0.2727	1.3897
13	95	2	145.1425	7	8	0	-1	0	0.2727	-1.0000
13	96	2	146.6758	6	13	0	-1	0	0.2727	-1.0000
13	97	2	148.2090	8	4	0	-1	1	0.2500	0.8690
13	98	2	149.7423	5	3	0	-1	0	0.2500	-1.0000
13	99	2	151.2755	7	8	0	-1	0	0.2500	-1.0000
13	100	2	152.8088	8	4	0	-1	1	0.2308	0.7178
13	101	2	154.3420	6	13	0	-1	0	0.2308	-1.0000
13	102	2	155.8753	7	8	0	-1	0	0.2308	-1.0000
13	103	2	157.4085	4	10	0	-1	0	0.2308	-1.0000
13	104	2	158.9418	7	8	0	-1	0	0.2308	-1.0000
13	105	2	160.4750	8	4	0	-1	1	0.2143	0.7953
13	106	2	162.0083	9	9	0	-1	0	0.2143	-1.0000
13	107	2	163.5416	10	2	0	-1	0	0.2143	-1.0000
13	108	2	165.0748	11	5	0	-1	0	0.2143	-1.0000
13	109	2	166.6081	12	12	0	-1	0	0.2143	-1.0000
13	110	2	168.1413	13	15	0	-1	0	0.2143	-1.0000
13	111	2	169.6746	14	11	0	-1	0	0.2143	-1.0000
13	112	2	171.2078	15	6	0	-1	0	0.2143	-1.0000
13	113	2	172.7411	1	1	0	-1	0	0.2143	-1.0000
13	114	2	174.2743	2	7	0	-1	0	0.2143	-1.0000
13	115	2	175.8076	3	14	0	-1	0	0.2143	-1.0000
13	116	2	177.3408	4	10	0	-1	0	0.2143	-1.0000
13	117	2	178.8741	5	3	0	-1	0	0.2143	-1.0000
13	118	2	180.4073	6	13	0	-1	0	0.2143	-1.0000
13	119	2	181.9406	7	8	0	-1	0	0.2143	-1.0000
13	120	2	183.4739	8	4	0	-1	1	0.2000	1.0610
13	121	2	185.0071	7	8	0	-1	0	0.2000	-1.0000
13	122	2	186.5404	6	13	0	-1	0	0.2000	-1.0000
13	123	2	188.0736	4	10	0	-1	0	0.2000	-1.0000
13	124	2	189.6069	7	8	0	-1	0	0.2000	-1.0000
13	125	2	191.1401	8	4	0	-1	1	0.1875	0.9147
13	126	2	192.6734	6	13	0	-1	0	0.1875	-1.0000
13	127	2	194.2066	4	10	0	-1	0	0.1875	-1.0000
13	128	2	195.7399	5	3	0	-1	0	0.1875	-1.0000
13	129	2	197.2731	8	4	0	-1	1	0.1765	0.9891
13	130	2	198.8064	9	9	0	-1	0	0.1765	-1.0000
13	131	2	200.3396	11	5	0	-1	0	0.1765	-1.0000
13	132	2	201.8729	13	15	0	-1	0	0.1765	-1.0000
13	133	2	203.4061	14	11	0	-1	1	0.2222	0.0169
13	134	2	204.9394	13	15	0	-1	1	0.2632	0.8590
13	135	2	206.4727	10	2	0	-1	0	0.2632	-1.0000
13	136	2	208.0059	11	5	0	-1	0	0.2632	-1.0000
13	137	2	209.5392	12	12	0	-1	0	0.2632	-1.0000
13	138	2	211.0724	13	15	0	-1	1	0.2500	0.7906
13	139	2	212.6057	14	11	0	-1	0	0.2500	-1.0000
13	140	2	214.1389	15	6	0	-1	0	0.2500	-1.0000
13	141	2	215.6722	1	1	0	-1	0	0.2500	-1.0000
13	142	2	217.2054	2	7	0	-1	0	0.2500	-1.0000
13	143	2	218.7387	3	14	0	-1	0	0.2500	-1.0000
13	144	2	220.2719	4	10	0	-1	0	0.2500	-1.0000
13	145	2	221.8052	5	3	0	-1	0	0.2500	-1.0000
13	146	2	223.3384	6	13	0	-1	0	0.2500	-1.0000
13	147	2	224.8717	7	8	0	-1	0	0.2500	-1.0000
13	148	2	226.4050	8	4	0	-1	1	0.2381	1.0254
13	149	2	227.9382	9	9	0	-1	0	0.2381	-1.0000
13	150	2	229.4715	10	2	0	-1	0	0.2381	-1.0000
13	151	2	231.0047	9	9	0	-1	0	0.2381	-1.0000
13	152	2	232.5380	10	2	0	-1	1	0.2273	0.0283
13	153	2	234.0712	12	12	0	-1	0	0.2273	-1.0000
13	154	2	235.6045	13	15	0	-1	0	0.2273	-1.0000
13	155	2	237.1378	12	12	0	-1	0	0.2273	-1.0000
13	156	2	238.6710	13	15	0	-1	0	0.2273	-1.0000
13	157	2	240.2042	11	5	0	-1	0	0.2273	-1.0000
13	158	2	241.7375	9	9	0	-1	0	0.2273	-1.0000
13	159	2	243.2708	11	5	0	-1	0	0.2273	-1.0000
13	160	2	244.8040	10	2	0	-1	0	0.2273	-1.0000
13	161	2	246.3373	12	12	0	-1	0	0.2273	-1.0000
13	162	2	247.8705	13	15	0	-1	0	0.2273	-1.0000
13	163	2	249.4038	12	12	0	-1	0	0.2273	-1.0000
13	164	2	250.9370	11	5	0	-1	0	0.2273	-1.0000
13	165	2	252.4703	13	15	0	-1	0	0.2273	-1.0000
13	166	2	254.0035	14	11	0	-1	0	0.2273	-1.0000
13	167	2	255.5368	15	6	0	-1	0	0.2273	-1.0000
13	168	2	257.0701	1	1	0	-1	0	0.2273	-1.0000
13	169	2	258.6033	2	7	0	-1	0	0.2273	-1.0000
13	170	2	260.1365	3	14	0	-1	0	0.2273	-1.0000
13	171	2	261.6698	4	10	0	-1	0	0.2273	-1.0000
13	172	2	263.2031	5	3	0	-1	0	0.2273	-1.0000
13	173	2	264.7363	6	13	0	-1	0	0.2273	-1.0000
13	174	2	266.2695	7	8	0	-1	0	0.2273	-1.0000
13	175	2	267.8028	8	4	0	-1	1	0.2174	0.8597
13	176	2	269.3361	9	9	0	-1	0	0.2174	-1.0000
13	177	2	270.8693	10	2	0	-1	0	0.2174	-1.0000
13	178	2	272.4026	11	5	0	-1	0	0.2174	-1.0000
13	179	2	273.9358	12	12	0	-1	0	0.2174	-1.0000
13	180	2	275.4691	13	15	0	-1	0	0.2174	-1.0000
13	181	2	277.0024	11	5	0	-1	0	0.2174	-1.0000
13	182	2	278.5356	12	12	0	-1	0	0.2174	-1.0000
13	183	2	280.0688	11	5	0	-1	0	0.2174	-1.0000
13	184	2	281.6021	10	2	0	-1	0	0.2174	-1.0000
13	185	2	283.1354	12	12	0	-1	0	0.2174	-1.0000
13	186	2	284.6686	10	2	0	-1	0	0.2174	-1.0000
13	187	2	286.2019	9	9	0	-1	1	0.2083	1.0685
13	188	2	287.7351	10	2	0	-1	0	0.2083	-1.0000
13	189	2	289.2684	12	12	0	-1	0	0.2083	-1.0000
13	190	2	290.8016	11	5	0	-1	0	0.2083	-1.0000
13	191	2	292.3349	10	2	0	-1	0	0.2083	-1.0000
13	192	2	293.8681	9	9	0	-1	0	0.2083	-1.0000
13	193	2	295.4014	8	4	0	-1	1	0.2400	0.8128
13	194	2	296.9346	9	9	0	-1	0	0.2400	-1.0000
13	195	2	298.4679	12	12	0	-1	0	0.2400	-1.0000
13	196	2	300.0011	11	5	0	-1	0	0.2400	-1.0000
13	197	2	301.5344	10	2	0	-1	0	0.2400	-1.0000
13	198	2	303.0676	9	9	0	-1	0	0.2400	-1.0000
13	199	2	304.6009	8	4	0	-1	1	0.2692	0.7974
13	200	2	306.1342	7	8	0	-1	0	0.2692	-1.0000
13	201	2	307.6674	6	13	0	-1	0	0.2692	-1.0000
13	202	2	309.2007	5	3	0	-1	0	0.2692	-1.0000
13	203	2	310.7339	4	10	0	-1	0	0.2692	-1.0000
13	204	2	312.2672	3	14	0	-1	0	0.2692	-1.0000
13	205	2	313.8004	2	7	0	-1	0	0.2692	-1.0000
13	206	2	315.3337	1	1	0	-1	0	0.2692	-1.0000
13	207	2	316.8669	15	6	0	-1	0	0.2692	-1.0000
13	208	2	318.4002	14	11	0	-1	0	0.2692	-1.0000
13	209	2	319.9334	13	15	0	-1	1	0.2963	1.1438
13	210	2	321.4667	12	12	0	-1	0	0.2963	-1.0000
13	211	2	322.9999	11	5	0	-1	0	0.2963	-1.0000
13	212	2	324.5332	12	12	0	-1	0	0.2963	-1.0000
13	213	2	326.0664	9	9	0	-1	0	0.2963	-1.0000
13	214	2	327.5997	11	5	0	-1	0	0.2963	-1.0000
13	215	2	329.1330	10	2	0	-1	0	0.2963	-1.0000
13	216	2	330.6662	12	12	0	-1	0	0.2963	-1.0000
13	217	2	332.1995	13	15	0	-1	0	0.2963	-1.0000
13	218	2	333.7327	11	5	0	-1	0	0.2963	-1.0000
13	219	2	335.2660	10	2	0	-1	0	0.2963	-1.0000
13	220	2	336.7993	12	12	0	-1	0	0.2963	-1.0000
13	221	2	338.3325	10	2	0	-1	0	0.2963	-1.0000
13	222	2	339.8657	11	5	0	-1	0	0.2963	-1.0000
13	223	2	341.3990	12	12	0	-1	0	0.2963	-1.0000
13	224	2	342.9322	11	5	0	-1	0	0.2963	-1.0000
13	225	2	344.4655	13	15	0	-1	0	0.2963	-1.0000
13	226	2	345.9988	14	11	0	-1	0	0.2963	-1.0000
13	227	2	347.5320	15	6	0	-1	0	0.2963	-1.0000
13	228	2	349.0653	1	1	0	-1	0	0.2963	-1.0000
13	229	2	350.5985	2	7	0	-1	0	0.2963	-1.0000
13	230	2	352.1318	3	14	0	-1	0	0.2963	-1.0000
13	231	2	353.6650	4	10	0	-1	0	0.2963	-1.0000
13	232	2	355.1983	5	3	0	-1	0	0.2963	-1.0000
13	233	2	356.7315	6	13	0	-1	0	0.2963	-1.0000
13	234	2	358.2648	7	8	0	-1	0	0.2963	-1.0000
13	235	2	359.7980	8	4	0	-1	1	0.2857	1.1520
13	236	2	361.3313	9	9	0	-1	0	0.2857	-1.0000
13	237	2	362.8645	10	2	0	-1	0	0.2857	-1.0000
13	238	2	364.3978	11	5	0	-1	0	0.2857	-1.0000
13	239	2	365.9311	12	12	0	-1	0	0.2857	-1.0000
13	240	2	367.4643	13	15	0	-1	0	0.2857	-1.0000
13	241	2	368.9976	12	12	0	-1	0	0.2857	-1.0000
13	242	2	370.5308	9	9	0	-1	0	0.2857	-1.0000
13	243	2	372.0641	11	5	0	-1	0	0.2857	-1.0000
13	244	2	373.5973	13	15	0	-1	0	0.2857	-1.0000
13	245	2	375.1306	10	2	0	-1	0	0.2857	-1.0000
13	246	2	376.6638	11	5	0	-1	0	0.2857	-1.0000
13	247	2	378.1971	9	9	0	-1	0	0.2857	-1.0000
13	248	2	379.7303	12	12	0	-1	0	0.2857	-1.0000
13	249	2	381.2636	11	5	0	-1	0	0.2857	-1.0000
13	250	2	382.7968	13	15	0	-1	0	0.2857	-1.0000
13	251	2	384.3301	10	2	0	-1	0	0.2857	-1.0000
13	252	2	385.8633	11	5	0	-1	0	0.2857	-1.0000
13	253	2	387.3966	9	9	0	-1	0	0.2857	-1.0000
13	254	2	388.9299	11	5	0	-1	0	0.2857	-1.0000
13	255	2	390.4631	12	12	0	-1	0	0.2857	-1.0000
13	256	2	391.9964	11	5	0	-1	0	0.2857	-1.0000
13	257	2	393.5296	10	2	0	-1	0	0.2857	-1.0000
13	258	2	395.0629	9	9	0	-1	0	0.2857	-1.0000
13	259	2	396.5961	8	4	0	-1	1	0.3103	0.9132
13	260	2	398.1294	7	8	0	-1	0	0.3103	-1.0000
13	261	2	399.6626	6	13	0	-1	0	0.3103	-1.0000
13	262	2	401.1959	5	3	0	-1	0	0.3103	-1.0000
13	263	2	402.7291	4	10	0	-1	0	0.3103	-1.0000
13	264	2	404.2624	3	14	0	-1	0	0.3103	-1.0000
13	265	2	405.7956	2	7	0	-1	0	0.3103	-1.0000
13	266	2	407.3289	1	1	0	-1	0	0.3103	-1.0000
13	267	2	408.8622	15	6	0	-1	0	0.3103	-1.0000
13	268	2	410.3954	14	11	0	-1	0	0.3103	-1.0000
13	269	2	411.9287	13	15	0	-1	0	0.3103	-1.0000
13	270	2	413.4619	12	12	0	-1	0	0.3103	-1.0000
13	271	2	414.9952	10	2	0	-1	0	0.3103	-1.0000
13	272	2	416.5284	13	15	0	-1	0	0.3103	-1.0000
13	273	2	418.0617	11	5	0	-1	0	0.3103	-1.0000
13	274	2	419.5949	10	2	0	-1	0	0.3103	-1.0000
13	275	2	421.1282	13	15	0	-1	0	0.3103	-1.0000
13	276	2	422.6614	10	2	0	-1	0	0.3103	-1.0000
13	277	2	424.1947	12	12	0	-1	0	0.3103	-1.0000
13	278	2	425.7279	9	9	0	-1	0	0.3103	-1.0000
13	279	2	427.2612	12	12	0	-1	0	0.3103	-1.0000
13	280	2	428.7945	13	15	0	-1	0	0.3103	-1.0000
13	281	2	430.3277	14	11	0	-1	0	0.3103	-1.0000
13	282	2	431.8610	1	1	0	-1	0	0.3103	-1.0000
13	283	2	433.3942	15	6	0	-1	0	0.3103	-1.0000
13	284	2	434.9275	2	7	0	-1	0	0.3103	-1.0000
13	285	2	436.4607	3	14	0	-1	0	0.3103	-1.0000
13	286	2	437.9940	4	10	0	-1	0	0.3103	-1.0000
13	287	2	439.5272	5	3	0	-1	0	0.3103	-1.0000
13	288	2	441.0605	6	13	0	-1	0	0.3103	-1.0000
13	289	2	442.5937	7	8	0	-1	1	0.3000	0.8847
13	290	2	444.1270	8	4	0	-1	1	0.2903	0.7435
13	291	2	445.6602	9	9	0	-1	0	0.2903	-1.0000
13	292	2	447.1935	10	2	0	-1	0	0.2903	-1.0000
13	293	2	448.7267	11	5	0	-1	0	0.2903	-1.0000
13	294	2	450.2600	12	12	0	-1	0	0.2903	-1.0000
13	295	2	451.7933	13	15	0	-1	0	0.2903	-1.0000
13	296	2	453.3265	14	11	0	-1	1	0.3125	1.1438
13	297	2	454.8598	15	6	0	-1	0	0.3125	-1.0000
13	298	2	456.3930	1	1	0	-1	1	0.3030	1.0214
13	299	2	457.9263	2	7	0	-1	0	0.3030	-1.0000
13	300	2	459.4595	3	14	0	-1	0	0.3030	-1.0000
13	301	2	460.9928	4	10	0	-1	0	0.3030	-1.0000
13	302	2	462.5260	6	13	0	-1	0	0.3030	-1.0000
13	303	2	464.0593	8	4	0	-1	1	0.2941	1.2115
13	304	2	465.5925	6	13	0	-1	0	0.2941	-1.0000
13	305	2	467.1257	8	4	0	-1	1	0.2857	1.2497
13	306	2	468.6590	7	8	0	-1	0	0.2857	-1.0000
13	307	2	470.1923	4	10	0	-1	0	0.2857	-1.0000
13	308	2	471.7256	3	14	0	-1	0	0.2857	-1.0000
13	309	2	473.2588	1	1	0	-1	0	0.2857	-1.0000
13	310	2	474.7921	2	7	0	-1	0	0.2857	-1.0000
13	311	2	476.3253	15	6	0	-1	0	0.2857	-1.0000
13	312	2	477.8585	1	1	0	-1	0	0.2857	-1.0000
13	313	2	479.3918	15	6	0	-1	0	0.2857	-1.0000
13	314	2	480.9251	2	7	0	-1	1	0.2778	0.2493
13	315	2	482.4583	3	14	0	-1	0	0.2778	-1.0000
13	316	2	483.9916	2	7	0	-1	0	0.2778	-1.0000
13	317	2	485.5248	1	1	0	-1	0	0.2778	-1.0000
13	318	2	487.0581	15	6	0	-1	0	0.2778	-1.0000
13	319	2	488.5913	14	11	0	-1	0	0.2778	-1.0000
13	320	2	490.1246	13	15	0	-1	0	0.2778	-1.0000
13	321	2	491.6579	12	12	0	-1	0	0.2778	-1.0000
13	322	2	493.1911	11	5	0	-1	0	0.2778	-1.0000
13	323	2	494.7244	10	2	0	-1	0	0.2778	-1.0000
13	324	2	496.2576	9	9	0	-1	0	0.2778	-1.0000
13	325	2	497.7909	8	4	0	-1	1	0.2973	0.8235
13	326	2	499.3241	7	8	0	-1	0	0.2973	-1.0000
13	327	2	500.8574	6	13	0	-1	0	0.2973	-1.0000
13	328	2	502.3906	5	3	0	-1	0	0.2973	-1.0000
13	329	2	503.9239	4	10	0	-1	0	0.2973	-1.0000
13	330	2	505.4571	3	14	0	-1	0	0.2973	-1.0000
13	331	2	506.9904	1	1	0	-1	0	0.2973	-1.0000
13	332	2	508.5236	15	6	0	-1	0	0.2973	-1.0000
13	333	2	510.0569	3	14	0	-1	0	0.2973	-1.0000
13	334	2	511.5902	1	1	0	-1	0	0.2973	-1.0000
13	335	2	513.1234	15	6	0	-1	0	0.2973	-1.0000
13	336	2	514.6567	3	14	0	-1	0	0.2973	-1.0000
13	337	2	516.1899	15	6	0	-1	0	0.2973	-1.0000
13	338	2	517.7232	3	14	0	-1	1	0.2895	0.6514
13	339	2	519.2564	1	1	0	-1	0	0.2895	-1.0000
13	340	2	520.7897	3	14	0	-1	0	0.2895	-1.0000
13	341	2	522.3230	2	7	0	-1	1	0.2821	0.5646
13	342	2	523.8562	15	6	0	-1	0	0.2821	-1.0000
13	343	2	525.3894	3	14	0	-1	1	0.2750	1.0010
13	344	2	526.9227	1	1	0	-1	1	0.2683	1.1638
13	345	2	528.4559	2	7	0	-1	0	0.2683	-1.0000
13	346	2	529.9892	3	14	0	-1	0	0.2683	-1.0000
13	347	2	531.5225	4	10	0	-1	0	0.2683	-1.0000
13	348	2	533.0557	5	3	0	-1	0	0.2683	-1.0000
13	349	2	534.5890	6	13	0	-1	0	0.2683	-1.0000
13	350	2	536.1222	7	8	0	-1	0	0.2683	-1.0000
13	351	2	537.6555	8	4	0	-1	1	0.2619	1.1669
13	352	2	539.1887	9	9	0	-1	0	0.2619	-1.0000
13	353	2	540.7220	10	2	0	-1	0	0.2619	-1.0000
13	354	2	542.2552	11	5	0	-1	0	0.2619	-1.0000
13	355	2	543.7885	12	12	0	-1	0	0.2619	-1.0000
13	356	2	545.3217	13	15	0	-1	0	0.2619	-1.0000
13	357	2	546.8550	14	11	0	-1	0	0.2619	-1.0000
13	358	2	548.3883	15	6	0	-1	0	0.2619	-1.0000
13	359	2	549.9215	1	1	0	-1	0	0.2619	-1.0000
13	360	2	551.4548	2	7	0	-1	0	0.2619	-1.0000
13	361	2	552.9880	15	6	0	-1	0	0.2619	-1.0000
13	362	2	554.5213	2	7	0	-1	0	0.2619	-1.0000
13	363	2	556.0545	15	6	0	-1	0	0.2619	-1.0000
13	364	2	557.5878	2	7	0	-1	0	0.2619	-1.0000
13	365	2	559.1210	3	14	0	-1	0	0.2619	-1.0000
13	366	2	560.6543	4	10	0	-1	0	0.2619	-1.0000
13	367	2	562.1875	3	14	0	-1	0	0.2619	-1.0000
13	368	2	563.7208	1	1	0	-1	0	0.2619	-1.0000
13	369	2	565.2540	14	11	0	-1	0	0.2619	-1.0000
13	370	2	566.7873	2	7	0	-1	0	0.2619	-1.0000
13	371	2	568.3205	3	14	0	-1	0	0.2619	-1.0000
13	372	2	569.8538	1	1	0	-1	0	0.2619	-1.0000
13	373	2	571.3870	2	7	0	-1	0	0.2619	-1.0000
13	374	2	572.9203	14	11	0	-1	0	0.2619	-1.0000
13	375	2	574.4536	2	7	0	-1	0	0.2619	-1.0000
13	376	2	575.9868	1	1	0	-1	0	0.2619	-1.0000
13	377	2	577.5201	15	6	0	-1	0	0.2619	-1.0000
13	378	2	579.0533	14	11	0	-1	0	0.2619	-1.0000
13	379	2	580.5866	13	15	0	-1	0	0.2619	-1.0000
13	380	2	582.1198	12	12	0	-1	1	0.2558	1.1187
13	381	2	583.6531	11	5	0	-1	0	0.2558	-1.0000
13	382	2	585.1863	10	2	0	-1	0	0.2558	-1.0000
13	383	2	586.7196	9	9	0	-1	0	0.2558	-1.0000
13	384	2	588.2528	8	4	0	-1	1	0.2727	0.8900
13	385	2	589.7861	7	8	0	-1	0	0.2727	-1.0000
13	386	2	591.3193	6	13	0	-1	0	0.2727	-1.0000
13	387	2	592.8526	5	3	0	-1	0	0.2727	-1.0000
13	388	2	594.3859	4	10	0	-1	0	0.2727	-1.0000
13	389	2	595.9191	3	14	0	-1	1	0.2889	1.0633
13	390	2	597.4524	2	7	0	-1	0	0.2889	-1.0000
13	391	2	598.9856	1	1	0	-1	0	0.2889	-1.0000
13	392	2	600.5189	3	14	0	-1	0	0.2889	-1.0000
13	393	2	602.0521	4	10	0	-1	0	0.2889	-1.0000
13	394	2	603.5854	3	14	0	-1	0	0.2889	-1.0000
13	395	2	605.1186	15	6	0	-1	0	0.2889	-1.0000
13	396	2	606.6519	1	1	0	-1	0	0.2889	-1.0000
13	397	2	608.1852	15	6	0	-1	0	0.2889	-1.0000
13	398	2	609.7184	2	7	0	-1	1	0.2826	0.5928
13	399	2	611.2516	3	14	0	-1	0	0.2826	-1.0000
13	400	2	612.7849	4	10	0	-1	0	0.2826	-1.0000
13	401	2	614.3181	6	13	0	-1	0	0.2826	-1.0000
13	402	2	615.8514	4	10	0	-1	0	0.2826	-1.0000
13	403	2	617.3847	7	8	0	-1	0	0.2826	-1.0000
13	404	2	618.9179	6	13	0	-1	0	0.2826	-1.0000
13	405	2	620.4512	8	4	0	-1	1	0.2766	1.1714
13	406	2	621.9844	9	9	0	-1	0	0.2766	-1.0000
13	407	2	623.5177	10	2	0	-1	0	0.2766	-1.0000
13	408	2	625.0509	11	5	0	-1	0	0.2766	-1.0000
13	409	2	626.5842	12	12	0	-1	0	0.2766	-1.0000
13	410	2	628.1174	13	15	0	-1	0	0.2766	-1.0000
13	411	2	629.6507	14	11	0	-1	0	0.2766	-1.0000
13	412	2	631.1839	15	6	0	-1	0	0.2766	-1.0000
13	413	2	632.7172	1	1	0	-1	0	0.2766	-1.0000
13	414	2	634.2504	2	7	0	-1	0	0.2766	-1.0000
13	415	2	635.7837	3	14	0	-1	1	0.2708	1.0070
13	416	2	637.3170	4	10	0	-1	0	0.2708	-1.0000
13	417	2	638.8502	5	3	0	-1	0	0.2708	-1.0000
13	418	2	640.3835	6	13	0	-1	0	0.2708	-1.0000
13	419	2	641.9167	7	8	0	-1	0	0.2708	-1.0000
13	420	2	643.4500	8	4	0	-1	0	0.2708	-1.0000
13	421	2	644.9832	6	13	0	-1	0	0.2708	-1.0000
13	422	2	646.5165	7	8	0	-1	0	0.2708	-1.0000
13	423	2	648.0497	5	3	0	-1	0	0.2708	-1.0000
13	424	2	649.5830	4	10	0	-1	0	0.2708	-1.0000
13	425	2	651.1162	3	14	0	-1	0	0.2708	-1.0000
13	426	2	652.6495	1	1	0	-1	0	0.2708	-1.0000
13	427	2	654.1827	14	11	0	-1	1	0.2653	1.1044
13	428	2	655.7160	2	7	0	-1	0	0.2653	-1.0000
13	429	2	657.2492	3	14	0	-1	0	0.2653	-1.0000
13	430	2	658.7825	4	10	0	-1	0	0.2653	-1.0000
13	431	2	660.3158	3	14	0	-1	0	0.2653	-1.0000
13	432	2	661.8490	1	1	0	-1	0	0.2653	-1.0000
13	433	2	663.3823	2	7	0	-1	0	0.2653	-1.0000
13	434	2	664.9155	14	11	0	-1	0	0.2653	-1.0000
13	435	2	666.4488	2	7	0	-1	0	0.2653	-1.0000
13	436	2	667.9820	3	14	0	-1	0	0.2653	-1.0000
13	437	2	669.5153	4	10	0	-1	0	0.2653	-1.0000
13	438	2	671.0485	5	3	0	-1	0	0.2653	-1.0000
13	439	2	672.5818	6	13	0	-1	0	0.2653	-1.0000
13	440	2	674.1150	7	8	0	-1	0	0.2653	-1.0000
13	441	2	675.6483	8	4	0	-1	1	0.2600	0.8544
13	442	2	677.1815	9	9	0	-1	0	0.2600	-1.0000
13	443	2	678.7148	10	2	0	-1	0	0.2600	-1.0000
13	444	2	680.2481	11	5	0	-1	0	0.2600	-1.0000
13	445	2	681.7813	12	12	0	-1	0	0.2600	-1.0000
13	446	2	683.3146	13	15	0	-1	0	0.2600	-1.0000
13	447	2	684.8478	14	11	0	-1	0	0.2600	-1.0000
13	448	2	686.3811	15	6	0	-1	0	0.2600	-1.0000
13	449	2	687.9143	1	1	0	-1	0	0.2600	-1.0000
13	450	2	689.4476	2	7	0	-1	0	0.2600	-1.0000
13	451	2	690.9808	1	1	0	-1	0	0.2600	-1.0000
13	452	2	692.5141	15	6	0	-1	0	0.2600	-1.0000
13	453	2	694.0474	14	11	0	-1	0	0.2600	-1.0000
13	454	2	695.5806	1	1	0	-1	0	0.2600	-1.0000
13	455	2	697.1138	14	11	0	-1	0	0.2600	-1.0000
13	456	2	698.6471	13	15	0	-1	0	0.2600	-1.0000
13	457	2	700.1804	12	12	0	-1	0	0.2600	-1.0000
13	458	2	701.7136	11	5	0	-1	0	0.2600	-1.0000
13	459	2	703.2469	12	12	0	-1	0	0.2600	-1.0000
13	460	2	704.7801	9	9	0	-1	0	0.2600	-1.0000
13	461	2	706.3134	8	4	0	-1	1	0.2745	0.9737
13	462	2	707.8467	7	8	0	-1	0	0.2745	-1.0000
13	463	2	709.3799	8	4	0	-1	1	0.2692	0.9474
13	464	2	710.9131	5	3	0	-1	0	0.2692	-1.0000
13	465	2	712.4464	4	10	0	-1	0	0.2692	-1.0000
13	466	2	713.9796	5	3	0	-1	0	0.2692	-1.0000
13	467	2	715.5129	6	13	0	-1	0	0.2692	-1.0000
13	468	2	717.0461	7	8	0	-1	0	0.2692	-1.0000
13	469	2	718.5794	8	4	0	-1	1	0.2642	0.8829
13	470	2	720.1127	9	9	0	-1	0	0.2642	-1.0000
13	471	2	721.6459	10	2	0	-1	0	0.2642	-1.0000
13	472	2	723.1792	11	5	0	-1	0	0.2642	-1.0000
13	473	2	724.7124	12	12	0	-1	0	0.2642	-1.0000
13	474	2	726.2457	13	15	0	-1	0	0.2642	-1.0000
13	475	2	727.7789	14	11	0	-1	0	0.2642	-1.0000
13	476	2	729.3122	15	6	0	-1	0	0.2642	-1.0000
13	477	2	730.8454	1	1	0	-1	0	0.2642	-1.0000
13	478	2	732.3787	2	7	0	-1	0	0.2642	-1.0000
13	479	2	733.9119	3	14	0	-1	0	0.2642	-1.0000
13	480	2	735.4452	4	10	0	-1	0	0.2642	-1.0000
13	481	2	736.9784	6	13	0	-1	0	0.2642	-1.0000
13	482	2	738.5117	8	4	0	-1	1	0.2593	0.9348
13	483	2	740.0449	6	13	0	-1	0	0.2593	-1.0000
13	484	2	741.5782	4	10	0	-1	0	0.2593	-1.0000
13	485	2	743.1114	6	13	0	-1	0	0.2593	-1.0000
13	486	2	744.6447	7	8	0	-1	0	0.2593	-1.0000
13	487	2	746.1780	6	13	0	-1	0	0.2593	-1.0000
13	488	2	747.7112	7	8	0	-1	0	0.2593	-1.0000
13	489	2	749.2445	4	10	0	-1	0	0.2593	-1.0000
13	490	2	750.7777	5	3	0	-1	0	0.2593	-1.0000
13	491	2	752.3110	8	4	0	-1	1	0.2545	0.9441
13	492	2	753.8442	7	8	0	-1	0	0.2545	-1.0000
13	493	2	755.3775	4	10	0	-1	0	0.2545	-1.0000
13	494	2	756.9107	6	13	0	-1	0	0.2545	-1.0000
13	495	2	758.4440	7	8	0	-1	0	0.2545	-1.0000
13	496	2	759.9772	6	13	0	-1	0	0.2545	-1.0000
13	497	2	761.5105	5	3	0	-1	0	0.2545	-1.0000
13	498	2	763.0438	4	10	0	-1	0	0.2545	-1.0000
13	499	2	764.5770	3	14	0	-1	0	0.2545	-1.0000
13	500	2	766.1103	2	7	0	-1	0	0.2545	-1.0000
13	501	2	767.6435	1	1	0	-1	0	0.2545	-1.0000
13	502	2	769.1768	15	6	0	-1	0	0.2545	-1.0000
13	503	2	770.7100	14	11	0	-1	0	0.2545	-1.0000
13	504	2	772.2433	13	15	0	-1	0	0.2545	-1.0000
13	505	2	773.7765	12	12	0	-1	0	0.2545	-1.0000
13	506	2	775.3098	11	5	0	-1	0	0.2545	-1.0000
13	507	2	776.8431	10	2	0	-1	0	0.2545	-1.0000
13	508	2	778.3763	9	9	0	-1	0	0.2545	-1.0000
13	509	2	779.9095	8	4	0	-1	1	0.2679	1.1052
13	510	2	781.4428	7	8	0	-1	1	0.2632	1.2203
13	511	2	782.9761	6	13	0	-1	0	0.2632	-1.0000
13	512	2	784.5093	4	10	0	-1	1	0.2586	0.1539
13	513	2	786.0425	7	8	0	-1	1	0.2542	1.0520
13	514	2	787.5758	8	4	0	-1	1	0.2500	1.0544
13	515	2	789.1090	5	3	0	-1	0	0.2500	-1.0000
13	516	2	790.6423	6	13	0	-1	1	0.2459	1.1887
13	517	2	792.1756	4	10	0	-1	0	0.2459	-1.0000
13	518	2	793.7088	3	14	0	-1	0	0.2459	-1.0000
13	519	2	795.2421	2	7	0	-1	1	0.2419	1.0193
13	520	2	796.7753	14	11	0	-1	0	0.2419	-1.0000
13	521	2	798.3086	15	6	0	-1	0	0.2419	-1.0000
13	522	2	799.8418	14	11	0	-1	0	0.2419	-1.0000
13	523	2	801.3751	1	1	0	-1	0	0.2419	-1.0000
13	524	2	802.9083	2	7	0	-1	0	0.2419	-1.0000
13	525	2	804.4416	1	1	0	-1	0	0.2419	-1.0000
13	526	2	805.9749	15	6	0	-1	1	0.2381	1.0546
13	527	2	807.5081	14	11	0	-1	1	0.2344	0.8182
13	528	2	809.0414	13	15	0	-1	0	0.2344	-1.0000
13	529	2	810.5746	12	12	0	-1	0	0.2344	-1.0000
13	530	2	812.1079	11	5	0	-1	1	0.2308	0.7951
13	531	2	813.6411	10	2	0	-1	1	0.2273	0.7175
13	532	2	815.1744	9	9	0	-1	1	0.2239	1.0406
13	533	2	816.7076	8	4	0	-1	1	0.2353	0.8831
13	534	2	818.2409	7	8	0	-1	1	0.2319	1.3502
13	535	2	819.7742	6	13	0	-1	1	0.2286	0.9050
13	536	2	821.3074	5	3	0	-1	0	0.2286	-1.0000
13	537	2	822.8406	4	10	0	-1	0	0.2286	-1.0000
13	538	2	824.3739	3	14	0	-1	0	0.2286	-1.0000
13	539	2	825.9071	2	7	0	-1	0	0.2286	-1.0000
13	540	2	827.4404	1	1	0	-1	0	0.2286	-1.0000
13	541	2	828.9737	15	6	0	-1	0	0.2286	-1.0000
13	542	2	830.5069	2	7	0	-1	0	0.2286	-1.0000
13	543	2	832.0402	3	14	0	-1	0	0.2286	-1.0000
13	544	2	833.5734	2	7	0	-1	0	0.2286	-1.0000
13	545	2	835.1067	3	14	0	-1	0	0.2286	-1.0000
13	546	2	836.6399	15	6	0	-1	0	0.2286	-1.0000
13	547	2	838.1732	1	1	0	-1	0	0.2286	-1.0000
13	548	2	839.7064	3	14	0	-1	0	0.2286	-1.0000
13	549	2	841.2397	15	6	0	-1	0	0.2286	-1.0000
13	550	2	842.7729	14	11	0	-1	0	0.2286	-1.0000
13	551	2	844.3062	15	6	0	-1	0	0.2286	-1.0000
13	552	2	845.8394	3	14	0	-1	0	0.2286	-1.0000
13	553	2	847.3727	1	1	0	-1	0	0.2286	-1.0000
13	554	2	848.9060	3	14	0	-1	0	0.2286	-1.0000
13	555	2	850.4392	15	6	0	-1	0	0.2286	-1.0000
13	556	2	851.9725	1	1	0	-1	0	0.2286	-1.0000
13	557	2	853.5057	2	7	0	-1	0	0.2286	-1.0000
13	558	2	855.0390	3	14	0	-1	1	0.2254	0.2798
13	559	2	856.5723	4	10	0	-1	1	0.2361	1.1782
13	560	2	858.1055	5	3	0	-1	0	0.2361	-1.0000
13	561	2	859.6387	6	13	0	-1	0	0.2361	-1.0000
13	562	2	861.1720	7	8	0	-1	0	0.2361	-1.0000
13	563	2	862.7052	8	4	0	-1	0	0.2361	-1.0000
13	564	2	864.2385	9	9	0	-1	0	0.2361	-1.0000
13	565	2	865.7717	10	2	0	-1	0	0.2361	-1.0000
13	566	2	867.3050	11	5	0	-1	0	0.2361	-1.0000
13	567	2	868.8383	12	12	0	-1	0	0.2361	-1.0000
13	568	2	870.3715	13	15	0	-1	1	0.2329	0.8516
13	569	2	871.9048	14	11	0	-1	0	0.2329	-1.0000
13	570	2	873.4380	15	6	0	-1	0	0.2329	-1.0000
13	571	2	874.9713	1	1	0	-1	0	0.2329	-1.0000
13	572	2	876.5045	15	6	0	-1	0	0.2329	-1.0000
13	573	2	878.0378	14	11	0	-1	0	0.2329	-1.0000
13	574	2	879.5710	13	15	0	-1	1	0.2432	1.2196
13	575	2	881.1043	10	2	0	-1	0	0.2432	-1.0000
13	576	2	882.6375	11	5	0	-1	1	0.2400	0.8568
13	577	2	884.1708	13	15	0	-1	0	0.2400	-1.0000
13	578	2	885.7040	11	5	0	-1	0	0.2400	-1.0000
13	579	2	887.2373	13	15	0	-1	0	0.2400	-1.0000
13	580	2	888.7706	12	12	0	-1	0	0.2400	-1.0000
13	581	2	890.3038	13	15	0	-1	0	0.2400	-1.0000
13	582	2	891.8371	14	11	0	-1	0	0.2400	-1.0000
13	583	2	893.3703	2	7	0	-1	0	0.2400	-1.0000
13	584	2	894.9036	15	6	0	-1	1	0.2368	0.7349
13	585	2	896.4368	3	14	0	-1	1	0.2338	0.8018
13	586	2	897.9701	2	7	0	-1	0	0.2338	-1.0000
13	587	2	899.5033	1	1	0	-1	0	0.2338	-1.0000
13	588	2	901.0366	15	6	0	-1	0	0.2338	-1.0000
13	589	2	902.5698	14	11	0	-1	0	0.2338	-1.0000
13	590	2	904.1031	13	15	0	-1	0	0.2338	-1.0000
13	591	2	905.6363	12	12	0	-1	0	0.2338	-1.0000
13	592	2	907.1696	11	5	0	-1	0	0.2338	-1.0000
13	593	2	908.7028	10	2	0	-1	0	0.2338	-1.0000
13	594	2	910.2361	9	9	0	-1	0	0.2338	-1.0000
13	595	2	911.7694	8	4	0	-1	1	0.2436	0.8773
13	596	2	913.3026	7	8	0	-1	0	0.2436	-1.0000
13	597	2	914.8359	6	13	0	-1	0	0.2436	-1.0000
13	598	2	916.3691	5	3	0	-1	0	0.2436	-1.0000
13	599	2	917.9024	4	10	0	-1	0	0.2436	-1.0000
13	600	2	919.4356	3	14	0	-1	0	0.2436	-1.0000
Actual parsing ratio
0.2436
Possible node parses
88.0000
 Node parses selected
0.2159
Possible other parses
512.0000
Other parses selected
0.1152
Chance parsing ratio
0.1467
