*********************************************
* Date/Time: 25-Oct-2019 09:36:15
* Seed: 209931.8
* Subject Number: 017
14	1	7	6	5	8	15	10	9	11	13	2	4	3	12	
*********************************************

Shape exposure time (seconds)
59.1850
subject	trial	phase	onset	node	shape	rotate	acc	resp	total	rt
17	1	1	1.0166	6	8	90	0	1	0.0000	1.3286
17	2	1	2.5665	4	6	90	-1	0	0.0000	-1.0000
17	3	1	4.5998	3	7	0	1	1	0.3333	0.0172
17	4	1	6.1497	4	6	0	0	1	0.2500	0.3558
17	5	1	7.6996	7	15	0	1	1	0.4000	0.9657
17	6	1	9.2495	8	10	0	1	1	0.5000	1.0001
17	7	1	10.7994	9	9	0	1	1	0.5714	0.9219
17	8	1	12.3494	12	2	0	1	1	0.6250	0.9722
17	9	1	13.8992	10	11	90	1	1	0.6667	0.6689
17	10	1	15.4492	12	2	0	1	1	0.7000	0.7528
17	11	1	16.9991	9	9	90	0	1	0.6364	0.6581
17	12	1	18.5490	10	11	0	1	1	0.6667	1.2832
17	13	1	20.0989	9	9	90	1	1	0.6923	1.1431
17	14	1	21.6488	11	13	90	1	1	0.7143	0.9527
17	15	1	23.1988	9	9	0	1	1	0.7333	0.6985
17	16	1	24.7487	12	2	0	1	1	0.7500	0.6674
17	17	1	26.2986	11	13	0	1	1	0.7647	0.6387
17	18	1	27.8485	10	11	90	1	1	0.7778	0.7848
17	19	1	29.3985	9	9	0	1	1	0.7895	0.4656
17	20	1	30.9484	8	10	90	0	1	0.7500	0.9329
17	21	1	32.4983	5	5	0	1	1	0.7619	0.9191
17	22	1	34.0482	7	15	0	0	1	0.7273	1.1291
17	23	1	35.7314	8	10	0	1	1	0.7391	1.1258
17	24	1	37.2814	7	15	0	1	1	0.7500	0.8387
17	25	1	38.8313	6	8	90	1	1	0.7600	0.8260
17	26	1	40.3812	7	15	90	1	1	0.7692	1.1154
17	27	1	41.9311	6	8	0	1	1	0.7778	0.8450
17	28	1	43.4810	5	5	0	1	1	0.7857	1.2481
17	29	1	45.0309	6	8	0	1	1	0.7931	0.8669
17	30	1	46.5809	5	5	0	1	1	0.8000	0.8192
17	31	1	48.1307	7	15	0	1	1	0.8065	0.8706
17	32	1	49.6807	5	5	0	1	1	0.8125	0.9530
17	33	1	51.2306	6	8	0	1	1	0.8182	0.6813
17	34	1	52.7805	4	6	0	1	1	0.8235	0.8116
17	35	1	54.3305	5	5	0	1	1	0.8286	0.7018
17	36	1	55.8804	7	15	0	1	1	0.8333	0.8157
17	37	1	57.4302	6	8	90	1	1	0.8378	0.6593
17	38	1	58.9802	4	6	0	1	1	0.8421	0.5651
17	39	1	60.5301	5	5	0	1	1	0.8462	0.6619
17	40	1	62.0800	6	8	0	1	1	0.8500	0.7290
17	41	1	63.6300	5	5	0	1	1	0.8537	0.6662
17	42	1	65.1798	6	8	0	1	1	0.8571	0.6694
17	43	1	66.7298	4	6	0	1	1	0.8605	0.7182
17	44	1	68.2797	5	5	0	1	1	0.8636	0.7210
17	45	1	69.8296	4	6	0	1	1	0.8667	0.6273
17	46	1	71.3795	6	8	90	1	1	0.8696	0.4213
17	47	1	72.9295	4	6	0	1	1	0.8723	0.4722
17	48	1	74.4794	5	5	0	1	1	0.8750	0.5526
17	49	1	76.0293	6	8	0	1	1	0.8776	0.6033
17	50	1	77.5792	5	5	0	1	1	0.8800	0.5569
17	51	1	79.1291	7	15	90	1	1	0.8824	0.9446
17	52	1	80.6791	4	6	0	1	1	0.8846	0.6101
17	53	1	82.2290	3	7	0	0	1	0.8679	0.9790
17	54	1	83.7789	15	12	0	0	1	0.8519	1.2223
17	55	1	85.5121	14	3	0	1	1	0.8545	0.9129
17	56	1	87.0621	1	14	0	1	1	0.8571	0.7859
17	57	1	88.6119	2	1	0	1	1	0.8596	0.8852
17	58	1	90.1619	1	14	0	1	1	0.8621	0.7594
17	59	1	91.7118	15	12	0	1	1	0.8644	0.9694
17	60	1	93.2617	2	1	90	0	1	0.8500	0.8582
17	61	1	94.8116	15	12	0	-1	0	0.8361	-1.0000
17	62	1	96.8282	2	1	0	1	1	0.8387	1.4529
17	63	1	98.4114	14	3	0	1	1	0.8413	0.6046
17	64	1	99.9614	2	1	0	1	1	0.8438	0.5595
17	65	1	101.5113	14	3	0	1	1	0.8462	0.5623
17	66	1	103.0612	13	4	90	1	1	0.8485	1.1884
17	67	1	104.6111	14	3	0	1	1	0.8507	0.6289
17	68	1	106.1610	2	1	0	1	1	0.8529	0.8070
17	69	1	107.7110	15	12	90	1	1	0.8551	1.1941
17	70	1	109.2609	2	1	0	1	1	0.8571	0.9551
17	71	1	110.8108	14	3	0	1	1	0.8592	0.6389
17	72	1	112.3607	13	4	0	1	1	0.8611	0.7034
17	73	1	113.9106	14	3	0	1	1	0.8630	0.5790
17	74	1	115.4605	13	4	90	0	1	0.8514	0.7714
17	75	1	117.0105	14	3	0	1	1	0.8533	0.5670
17	76	1	118.5604	2	1	0	1	1	0.8553	0.6970
17	77	1	120.1103	15	12	0	0	1	0.8442	1.0176
17	78	1	121.6602	1	14	0	1	1	0.8462	1.1168
17	79	1	123.2101	14	3	90	1	1	0.8481	0.9419
17	80	1	124.7600	2	1	0	1	1	0.8500	0.7211
17	81	1	126.3100	3	7	0	1	1	0.8519	1.1553
17	82	1	127.8599	15	12	0	0	1	0.8415	1.4135
17	83	1	129.8098	3	7	0	1	1	0.8434	0.5680
17	84	1	131.3597	1	14	0	1	1	0.8452	0.5380
17	85	1	132.9096	2	1	0	1	1	0.8471	0.4596
17	86	1	134.4595	1	14	90	0	1	0.8372	0.5417
17	87	1	136.0095	2	1	0	1	1	0.8391	0.6065
17	88	1	137.5594	14	3	90	1	1	0.8409	0.9926
17	89	1	139.1093	13	4	0	1	1	0.8427	0.9165
17	90	1	140.6592	11	13	0	0	1	0.8333	1.0448
17	91	1	142.2591	10	11	0	1	1	0.8352	1.0465
17	92	1	143.8090	12	2	0	1	1	0.8370	0.9682
17	93	1	145.3590	9	9	0	1	1	0.8387	0.9063
17	94	1	146.9088	10	11	0	1	1	0.8404	0.6845
17	95	1	148.4588	11	13	0	0	1	0.8316	0.7496
17	96	1	150.0087	9	9	0	1	1	0.8333	0.7998
17	97	1	151.5586	11	13	0	1	1	0.8351	0.5466
17	98	1	153.1085	13	4	0	1	1	0.8367	0.6447
17	99	1	154.6585	11	13	0	1	1	0.8384	0.7113
17	100	1	156.2084	12	2	0	1	1	0.8400	0.6955
17	101	1	157.7583	10	11	90	0	1	0.8317	0.7630
17	102	1	159.3082	9	9	0	1	1	0.8333	0.7971
17	103	1	160.8581	12	2	0	1	1	0.8350	0.8299
17	104	1	162.4081	13	4	0	1	1	0.8365	0.6897
17	105	1	163.9580	14	3	90	1	1	0.8381	0.7539
17	106	1	165.5079	13	4	0	1	1	0.8396	0.6601
17	107	1	167.0578	10	11	0	1	1	0.8411	1.0623
17	108	1	168.6077	11	13	0	1	1	0.8426	0.9542
17	109	1	170.1576	13	4	90	1	1	0.8440	0.7954
17	110	1	171.7076	10	11	0	1	1	0.8455	0.7661
17	111	1	173.2575	11	13	0	1	1	0.8468	0.7184
17	112	1	174.8074	9	9	0	1	1	0.8482	0.6565
17	113	1	176.3573	8	10	90	0	1	0.8407	0.9003
17	114	1	177.9072	5	5	0	1	1	0.8421	0.8704
17	115	1	179.4572	6	8	0	1	1	0.8435	0.6158
17	116	1	181.0070	7	15	0	1	1	0.8448	1.1781
17	117	1	182.5570	6	8	0	1	1	0.8462	0.8451
17	118	1	184.1068	4	6	0	1	1	0.8475	0.6865
17	119	1	185.6568	6	8	0	1	1	0.8487	0.7206
17	120	1	187.2067	8	10	0	1	1	0.8500	0.7547
17	121	1	188.7567	5	5	0	1	1	0.8512	0.5955
17	122	1	190.3066	8	10	0	1	1	0.8525	0.7260
17	123	1	191.8565	9	9	0	1	1	0.8537	0.6007
17	124	1	193.4064	12	2	0	1	1	0.8548	0.6987
17	125	1	194.9563	9	9	0	1	1	0.8560	0.7316
17	126	1	196.5062	10	11	0	1	1	0.8571	0.5751
17	127	1	198.0561	13	4	0	1	1	0.8583	0.5918
17	128	1	199.6061	10	11	90	0	1	0.8516	0.7230
17	129	1	201.1560	11	13	90	0	1	0.8450	1.0932
17	130	1	202.8059	12	2	0	1	1	0.8462	0.7381
17	131	1	204.3558	10	11	0	0	1	0.8397	1.1241
17	132	1	206.0724	9	9	0	1	1	0.8409	0.8810
17	133	1	207.6223	11	13	0	1	1	0.8421	0.7069
17	134	1	209.1722	12	2	90	1	1	0.8433	0.8849
17	135	1	210.7222	9	9	0	1	1	0.8444	0.6471
17	136	1	212.2721	10	11	0	1	1	0.8456	0.8093
17	137	1	213.8220	12	2	0	1	1	0.8467	0.7618
17	138	1	215.3719	10	11	0	1	1	0.8478	0.7823
17	139	1	216.9218	12	2	0	1	1	0.8489	0.6875
17	140	1	218.4718	9	9	90	0	1	0.8429	0.6241
17	141	1	220.0217	10	11	0	1	1	0.8440	0.7082
17	142	1	221.5716	12	2	0	1	1	0.8451	0.8524
17	143	1	223.1215	10	11	90	0	1	0.8392	0.6624
17	144	1	224.6714	11	13	90	0	1	0.8333	0.8739
17	145	1	226.2213	12	2	0	1	1	0.8345	0.7804
17	146	1	227.7713	13	4	0	1	1	0.8356	0.6222
17	147	1	229.3212	10	11	0	1	1	0.8367	0.7199
17	148	1	230.8711	13	4	0	1	1	0.8378	0.6728
17	149	1	232.4210	14	3	0	1	1	0.8389	0.8678
17	150	1	233.9709	2	1	0	1	1	0.8400	1.0942
17	151	1	235.5208	3	7	0	0	1	0.8344	0.8722
17	152	1	237.0708	4	6	0	1	1	0.8355	0.6663
17	153	1	238.6207	3	7	0	0	1	0.8301	0.8771
17	154	1	240.1706	15	12	90	0	1	0.8247	0.7186
17	155	1	241.7205	1	14	0	1	1	0.8258	0.6566
17	156	1	243.2704	15	12	0	1	1	0.8269	0.8496
17	157	1	244.8203	1	14	0	1	1	0.8280	0.5956
17	158	1	246.3703	2	1	0	1	1	0.8291	0.9026
17	159	1	247.9202	15	12	0	1	1	0.8302	1.1776
17	160	1	249.4701	2	1	0	1	1	0.8313	0.7791
17	161	1	251.0200	15	12	0	1	1	0.8323	0.6518
17	162	1	252.5699	1	14	0	1	1	0.8333	0.7190
17	163	1	254.1198	2	1	0	1	1	0.8344	0.5772
17	164	1	255.6697	1	14	0	1	1	0.8354	0.6116
17	165	1	257.2197	2	1	0	1	1	0.8364	0.5973
17	166	1	258.7696	14	3	0	1	1	0.8373	0.6312
17	167	1	260.3195	1	14	90	1	1	0.8383	0.8242
17	168	1	261.8694	14	3	0	1	1	0.8393	0.5874
17	169	1	263.4194	13	4	0	1	1	0.8402	0.7182
17	170	1	264.9693	11	13	0	1	1	0.8412	0.7204
17	171	1	266.5192	9	9	0	1	1	0.8421	0.7379
17	172	1	268.0691	11	13	0	1	1	0.8430	0.6117
17	173	1	269.6190	12	2	0	1	1	0.8439	0.7427
17	174	1	271.1689	13	4	0	1	1	0.8448	0.7447
17	175	1	272.7189	11	13	90	1	1	0.8457	1.3541
17	176	1	274.2687	9	9	0	1	1	0.8466	0.7963
17	177	1	275.8186	12	2	90	1	1	0.8475	0.8790
17	178	1	277.3686	9	9	0	1	1	0.8483	0.5933
17	179	1	278.9185	8	10	90	1	1	0.8492	0.8494
17	180	1	280.4684	7	15	0	0	1	0.8444	0.9005
17	181	1	282.0184	6	8	0	1	1	0.8453	0.5975
17	182	1	283.5683	8	10	90	0	1	0.8407	0.7768
17	183	1	285.1182	5	5	0	1	1	0.8415	0.7136
17	184	1	286.6681	6	8	0	1	1	0.8424	0.5878
17	185	1	288.2180	8	10	0	1	1	0.8432	0.7188
17	186	1	289.7680	6	8	0	1	1	0.8441	0.5613
17	187	1	291.3179	4	6	0	1	1	0.8449	0.5796
17	188	1	292.8678	5	5	0	1	1	0.8457	0.5982
17	189	1	294.4177	8	10	0	1	1	0.8466	0.8558
17	190	1	295.9676	6	8	90	1	1	0.8474	0.7775
17	191	1	297.5176	4	6	0	-1	0	0.8429	-1.0000
17	192	1	299.5841	3	7	0	1	1	0.8438	1.0329
17	193	1	301.1340	4	6	0	1	1	0.8446	0.7471
17	194	1	302.6839	6	8	0	1	1	0.8454	0.5879
17	195	1	304.2339	7	15	0	1	1	0.8462	0.8316
17	196	1	305.7838	6	8	0	1	1	0.8469	0.4961
17	197	1	307.3336	8	10	0	1	1	0.8477	0.4355
17	198	1	308.8836	9	9	0	1	1	0.8485	0.4201
17	199	1	310.4335	11	13	0	1	1	0.8492	0.4224
17	200	1	311.9834	9	9	0	1	1	0.8500	0.5380
17	201	1	313.5333	10	11	0	1	1	0.8507	0.5562
17	202	1	315.0832	13	4	90	1	1	0.8515	0.6528
17	203	1	316.6332	14	3	0	1	1	0.8522	0.6546
17	204	1	318.1831	13	4	0	1	1	0.8529	0.6745
17	205	1	319.7330	11	13	0	0	1	0.8488	0.9788
17	206	1	321.2830	12	2	90	0	1	0.8447	0.7728
17	207	1	322.8329	10	11	0	1	1	0.8454	0.9190
17	208	1	324.3828	9	9	0	1	1	0.8462	0.5067
17	209	1	325.9327	8	10	0	1	1	0.8469	0.7002
17	210	1	327.4826	5	5	0	1	1	0.8476	0.5750
17	211	1	329.0326	6	8	90	1	1	0.8483	0.7192
17	212	1	330.5825	8	10	0	1	1	0.8491	0.7214
17	213	1	332.1324	6	8	0	1	1	0.8498	0.7557
17	214	1	333.6823	5	5	0	1	1	0.8505	0.5343
17	215	1	335.2322	7	15	0	1	1	0.8512	0.5846
17	216	1	336.7821	5	5	90	1	1	0.8519	0.7793
17	217	1	338.3320	8	10	90	0	1	0.8479	0.7958
17	218	1	339.8820	5	5	0	1	1	0.8486	0.7510
17	219	1	341.4319	7	15	0	1	1	0.8493	0.6730
17	220	1	342.9818	6	8	90	1	1	0.8500	0.6740
17	221	1	344.5317	4	6	0	1	1	0.8507	0.6455
17	222	1	346.0816	7	15	0	1	1	0.8514	0.6149
17	223	1	347.6315	5	5	0	1	1	0.8520	0.5522
17	224	1	349.1815	6	8	0	1	1	0.8527	0.5223
17	225	1	350.7314	7	15	0	1	1	0.8533	0.6047
17	226	1	352.2813	8	10	90	0	1	0.8496	0.6237
17	227	1	353.8312	9	9	0	1	1	0.8502	0.5773
17	228	1	355.3811	11	13	0	1	1	0.8509	0.8820
17	229	1	356.9310	9	9	0	1	1	0.8515	0.5344
17	230	1	358.4810	11	13	0	1	1	0.8522	0.6010
17	231	1	360.0309	10	11	0	1	1	0.8528	0.6489
17	232	1	361.5808	9	9	0	1	1	0.8534	0.4924
17	233	1	363.1307	11	13	0	1	1	0.8541	0.5580
17	234	1	364.6806	9	9	0	1	1	0.8547	0.5282
17	235	1	366.2306	12	2	0	1	1	0.8553	0.5932
17	236	1	367.7805	9	9	0	1	1	0.8559	0.5484
17	237	1	369.3304	10	11	0	1	1	0.8565	0.5500
17	238	1	370.8803	13	4	0	1	1	0.8571	0.5674
17	239	1	372.4302	10	11	90	0	1	0.8536	0.6668
17	240	1	373.9802	9	9	0	1	1	0.8542	0.6052
17	241	1	375.5301	8	10	0	1	1	0.8548	0.6550
17	242	1	377.0800	9	9	0	1	1	0.8554	0.4810
17	243	1	378.6299	12	2	0	1	1	0.8560	0.6596
17	244	1	380.1798	9	9	0	1	1	0.8566	0.6279
17	245	1	381.7298	12	2	0	1	1	0.8571	0.6629
17	246	1	383.2797	9	9	0	1	1	0.8577	0.7292
17	247	1	384.8296	8	10	0	1	1	0.8583	0.8742
17	248	1	386.3795	5	5	0	1	1	0.8589	0.6535
17	249	1	387.9294	4	6	0	1	1	0.8594	0.7505
17	250	1	389.4793	6	8	0	1	1	0.8600	0.6095
17	251	1	391.0292	4	6	90	0	1	0.8566	0.6117
17	252	1	392.5792	3	7	0	0	1	0.8532	1.2212
17	253	1	394.3289	2	1	0	1	1	0.8538	0.7845
17	254	1	395.8790	1	14	90	1	1	0.8543	1.1700
17	255	1	397.4289	14	3	0	1	1	0.8549	0.7082
17	256	1	398.9788	15	12	0	1	1	0.8555	0.9663
17	257	1	400.5287	14	3	0	1	1	0.8560	0.7591
17	258	1	402.0786	2	1	90	0	1	0.8527	0.9383
17	259	1	403.6286	3	7	0	0	1	0.8494	1.2770
17	260	1	405.4784	15	12	0	1	1	0.8500	0.8667
17	261	1	407.0284	1	14	0	1	1	0.8506	0.9334
17	262	1	408.5783	3	7	0	1	1	0.8511	0.8054
17	263	1	410.1282	2	1	0	1	1	0.8517	0.6013
17	264	1	411.6781	1	14	0	1	1	0.8523	0.5873
17	265	1	413.2281	15	12	0	1	1	0.8528	0.5876
17	266	1	414.7779	14	3	0	1	1	0.8534	0.5428
17	267	1	416.3279	13	4	0	1	1	0.8539	0.5451
17	268	1	417.8778	11	13	90	0	1	0.8507	0.5618
17	269	1	419.4277	12	2	0	1	1	0.8513	0.8373
17	270	1	420.9776	13	4	90	0	1	0.8481	1.1421
17	271	1	422.6609	14	3	0	1	1	0.8487	0.6605
17	272	1	424.2108	1	14	0	1	1	0.8493	0.6781
17	273	1	425.7607	15	12	0	1	1	0.8498	0.7430
17	274	1	427.3106	2	1	90	0	1	0.8467	0.9544
17	275	1	428.8606	1	14	90	1	1	0.8473	0.9712
17	276	1	430.4105	2	1	0	1	1	0.8478	0.8302
17	277	1	431.9604	1	14	0	1	1	0.8484	0.5913
17	278	1	433.5103	3	7	0	0	1	0.8453	0.8013
17	279	1	435.0602	2	1	0	1	1	0.8459	0.5968
17	280	1	436.6101	15	12	90	0	1	0.8429	0.5513
17	281	1	438.1601	14	3	0	1	1	0.8434	0.5676
17	282	1	439.7100	2	1	0	1	1	0.8440	0.8737
17	283	1	441.2599	15	12	0	1	1	0.8445	0.7318
17	284	1	442.8098	3	7	0	1	1	0.8451	0.9438
17	285	1	444.3597	1	14	0	1	1	0.8456	0.7537
17	286	1	445.9097	2	1	0	1	1	0.8462	0.6262
17	287	1	447.4596	14	3	90	1	1	0.8467	0.6933
17	288	1	449.0094	15	12	0	1	1	0.8472	0.5822
17	289	1	450.5594	3	7	0	1	1	0.8478	0.6966
17	290	1	452.1093	2	1	90	1	1	0.8483	0.8281
17	291	1	453.6593	14	3	0	1	1	0.8488	0.6857
17	292	1	455.2092	15	12	90	1	1	0.8493	0.7998
17	293	1	456.7591	14	3	0	1	1	0.8498	0.6898
17	294	1	458.3090	1	14	0	1	1	0.8503	0.7387
17	295	1	459.8589	2	1	0	1	1	0.8508	0.7568
17	296	1	461.4089	15	12	0	1	1	0.8514	0.6789
17	297	1	462.9588	3	7	0	1	1	0.8519	0.6829
17	298	1	464.5087	4	6	0	1	1	0.8523	0.9242
17	299	1	466.0586	6	8	0	1	1	0.8528	0.7332
17	300	1	467.6085	5	5	0	1	1	0.8533	0.6718
17	301	1	469.1584	4	6	0	1	1	0.8538	0.5783
17	302	1	470.7083	3	7	0	1	1	0.8543	0.6113
17	303	1	472.2583	15	12	0	1	1	0.8548	0.5980
17	304	1	473.8082	14	3	90	1	1	0.8553	0.6955
17	305	1	475.3581	2	1	0	1	1	0.8557	0.6667
17	306	1	476.9080	3	7	0	1	1	0.8562	0.6206
17	307	1	478.4579	1	14	0	1	1	0.8567	0.6074
17	308	1	480.0078	15	12	90	1	1	0.8571	0.7366
17	309	1	481.5578	1	14	0	1	1	0.8576	0.6743
17	310	1	483.1076	3	7	0	1	1	0.8581	0.6132
17	311	1	484.6576	1	14	0	1	1	0.8585	0.6152
17	312	1	486.2075	2	1	0	1	1	0.8590	0.6011
17	313	1	487.7574	1	14	0	1	1	0.8594	0.6353
17	314	1	489.3074	2	1	0	1	1	0.8599	0.7343
17	315	1	490.8573	14	3	0	0	1	0.8571	0.7678
17	316	1	492.4072	1	14	90	1	1	0.8576	0.7855
17	317	1	493.9571	3	7	0	1	1	0.8580	0.6924
17	318	1	495.5070	4	6	0	1	1	0.8585	0.7738
17	319	1	497.0569	3	7	0	1	1	0.8589	0.6964
17	320	1	498.6069	4	6	90	0	1	0.8562	0.7448
17	321	1	500.1568	6	8	90	1	1	0.8567	1.0844
17	322	1	501.7067	8	10	0	1	1	0.8571	0.8450
17	323	1	503.2566	5	5	90	1	1	0.8576	0.9110
17	324	1	504.8065	7	15	0	0	1	0.8549	1.0264
17	325	1	506.3564	4	6	0	1	1	0.8554	1.2685
17	326	1	507.9064	3	7	90	0	1	0.8528	0.8709
17	327	1	509.4563	2	1	0	1	1	0.8532	0.6808
17	328	1	511.0062	14	3	90	1	1	0.8537	0.7953
17	329	1	512.5561	15	12	0	1	1	0.8541	0.7163
17	330	1	514.1060	3	7	0	1	1	0.8545	0.7189
17	331	1	515.6560	4	6	0	1	1	0.8550	0.6727
17	332	1	517.2059	3	7	90	0	1	0.8524	0.9475
17	333	1	518.7558	1	14	90	1	1	0.8529	0.9638
17	334	1	520.3057	15	12	0	1	1	0.8533	0.6792
17	335	1	521.8556	1	14	0	1	1	0.8537	0.5857
17	336	1	523.4055	15	12	90	0	1	0.8512	0.4432
17	337	1	524.9555	2	1	0	1	1	0.8516	0.9242
17	338	1	526.5054	15	12	0	1	1	0.8521	0.5743
17	339	1	528.0553	14	3	0	1	1	0.8525	0.6901
17	340	1	529.6052	2	1	0	1	1	0.8529	0.6920
17	341	1	531.1551	14	3	0	1	1	0.8534	0.6285
17	342	1	532.7050	15	12	0	1	1	0.8538	0.6321
17	343	1	534.2550	2	1	0	1	1	0.8542	0.5846
17	344	1	535.8049	3	7	0	1	1	0.8547	0.7627
17	345	1	537.3547	1	14	0	1	1	0.8551	0.7669
17	346	1	538.9047	14	3	0	1	1	0.8555	0.7841
17	347	1	540.4546	13	4	0	1	1	0.8559	0.8183
17	348	1	542.0045	10	11	0	1	1	0.8563	0.8511
17	349	1	543.5545	12	2	0	1	1	0.8567	0.7744
17	350	1	545.1044	11	13	0	1	1	0.8571	0.8405
17	351	1	546.6543	10	11	0	1	1	0.8575	0.7782
17	352	1	548.2041	9	9	90	0	1	0.8551	0.6051
17	353	1	549.7541	12	2	0	1	1	0.8555	0.7509
17	354	1	551.3040	10	11	90	0	1	0.8531	0.7042
17	355	1	552.8540	9	9	0	1	1	0.8535	0.9153
17	356	1	554.4039	12	2	90	1	1	0.8539	0.8848
17	357	1	555.9538	10	11	0	1	1	0.8543	0.6795
17	358	1	557.5037	12	2	0	1	1	0.8547	0.7616
17	359	1	559.0536	10	11	90	1	1	0.8552	1.2587
17	360	1	560.6036	13	4	0	1	1	0.8556	0.7800
17	361	1	562.1535	12	2	0	1	1	0.8560	0.8141
17	362	1	563.7034	13	4	0	1	1	0.8564	0.8496
17	363	1	565.2533	14	3	0	1	1	0.8567	0.8503
17	364	1	566.8032	15	12	0	1	1	0.8571	0.9501
17	365	1	568.3532	3	7	0	1	1	0.8575	1.0474
17	366	1	569.9031	1	14	0	1	1	0.8579	0.8749
17	367	1	571.4530	2	1	0	1	1	0.8583	0.6993
17	368	1	573.0028	1	14	90	1	1	0.8587	0.8781
17	369	1	574.5528	2	1	0	1	1	0.8591	0.6559
17	370	1	576.1027	1	14	0	1	1	0.8595	0.6730
17	371	1	577.6526	14	3	90	1	1	0.8598	0.7549
17	372	1	579.2025	15	12	0	1	1	0.8602	0.6622
17	373	1	580.7525	14	3	0	1	1	0.8606	0.6490
17	374	1	582.3024	15	12	0	1	1	0.8610	0.6183
17	375	1	583.8523	1	14	90	1	1	0.8613	0.6673
17	376	1	585.4023	2	1	0	1	1	0.8617	0.7027
17	377	1	586.9522	3	7	90	0	1	0.8594	0.8645
17	378	1	588.5021	1	14	0	1	1	0.8598	1.2029
17	379	1	590.0520	2	1	0	1	1	0.8602	0.6931
17	380	1	591.6019	1	14	90	0	1	0.8579	0.5669
17	381	1	593.1518	2	1	0	1	1	0.8583	0.5677
17	382	1	594.7018	14	3	90	1	1	0.8586	0.9554
17	383	1	596.2517	2	1	0	1	1	0.8590	0.5895
17	384	1	597.8016	1	14	0	1	1	0.8594	0.6079
17	385	1	599.3514	14	3	0	1	1	0.8597	0.5779
17	386	1	600.9014	1	14	0	1	1	0.8601	0.4671
17	387	1	602.4513	15	12	90	0	1	0.8579	0.3574
17	388	1	604.0012	2	1	0	1	1	0.8582	0.5357
17	389	1	605.5512	15	12	90	1	1	0.8586	0.8419
17	390	1	607.1011	2	1	90	1	1	0.8590	0.7480
17	391	1	608.6510	3	7	90	1	1	0.8593	0.8125
17	392	1	610.2009	4	6	0	1	1	0.8597	0.6869
17	393	1	611.7509	7	15	0	0	1	0.8575	0.8982
17	394	1	613.3008	5	5	0	1	1	0.8579	0.7557
17	395	1	614.8507	4	6	90	0	1	0.8557	0.7251
17	396	1	616.4006	7	15	0	1	1	0.8561	0.7110
17	397	1	617.9505	8	10	90	0	1	0.8539	0.8582
17	398	1	619.5004	5	5	0	1	1	0.8543	0.7488
17	399	1	621.0503	7	15	0	1	1	0.8546	0.8933
17	400	1	622.6003	6	8	0	1	1	0.8550	0.7525
17	401	1	624.1502	4	6	0	1	1	0.8554	0.6593
17	402	1	625.7001	3	7	90	0	1	0.8532	1.1088
17	403	1	627.3667	4	6	0	1	1	0.8536	0.5448
17	404	1	628.9166	6	8	0	1	1	0.8540	0.6605
17	405	1	630.4665	8	10	0	1	1	0.8543	1.1091
17	406	1	632.0164	6	8	0	1	1	0.8547	0.7602
17	407	1	633.5664	4	6	0	1	1	0.8550	0.5381
17	408	1	635.1162	5	5	0	1	1	0.8554	0.9084
17	409	1	636.6662	4	6	0	1	1	0.8557	0.5425
17	410	1	638.2161	5	5	90	0	1	0.8537	0.3688
17	411	1	639.7660	8	10	0	1	1	0.8540	0.7866
17	412	1	641.3159	6	8	90	1	1	0.8544	0.7248
17	413	1	642.8658	4	6	0	1	1	0.8547	0.5509
17	414	1	644.4158	6	8	0	1	1	0.8551	0.5529
17	415	1	645.9657	7	15	0	0	1	0.8530	0.8898
17	416	1	647.5156	8	10	0	1	1	0.8534	0.5719
17	417	1	649.0655	5	5	0	1	1	0.8537	0.5753
17	418	1	650.6154	6	8	0	1	1	0.8541	0.5601
17	419	1	652.1653	8	10	0	1	1	0.8544	0.4834
17	420	1	653.7153	5	5	0	1	1	0.8548	0.5495
17	421	1	655.2652	4	6	0	1	1	0.8551	0.5514
17	422	1	656.8151	6	8	90	1	1	0.8555	0.6331
17	423	1	658.3650	8	10	0	1	1	0.8558	0.6185
17	424	1	659.9150	9	9	0	1	1	0.8561	0.6216
17	425	1	661.4649	12	2	90	1	1	0.8565	0.8007
17	426	1	663.0148	11	13	0	0	1	0.8545	0.9461
17	427	1	664.5647	12	2	90	1	1	0.8548	0.8999
17	428	1	666.1146	11	13	0	1	1	0.8551	0.6939
17	429	1	667.6645	13	4	0	1	1	0.8555	0.7910
17	430	1	669.2144	11	13	0	1	1	0.8558	1.1300
17	431	1	670.7644	9	9	0	1	1	0.8561	0.5871
17	432	1	672.3142	10	11	0	1	1	0.8565	0.5414
17	433	1	673.8642	12	2	90	-1	0	0.8545	-1.0000
17	434	1	675.9307	11	13	0	0	1	0.8525	1.1502
17	435	1	677.6140	10	11	0	1	1	0.8529	1.4335
17	436	1	679.1639	9	9	0	1	1	0.8532	0.9089
17	437	1	680.7138	12	2	0	1	1	0.8535	0.9097
17	438	1	682.2637	13	4	0	1	1	0.8539	0.6088
17	439	1	683.8136	12	2	0	1	1	0.8542	0.6911
17	440	1	685.3636	13	4	0	1	1	0.8545	0.5496
17	441	1	686.9135	14	3	90	1	1	0.8549	0.7752
17	442	1	688.4634	1	14	0	1	1	0.8552	0.7615
17	443	1	690.0134	3	7	0	1	1	0.8555	0.8582
17	444	1	691.5633	2	1	0	1	1	0.8559	0.5573
17	445	1	693.1132	15	12	0	1	1	0.8562	0.8303
17	446	1	694.6631	2	1	0	1	1	0.8565	0.6244
17	447	1	696.2130	15	12	90	1	1	0.8568	0.7238
17	448	1	697.7629	2	1	0	1	1	0.8571	0.6297
17	449	1	699.3129	1	14	0	1	1	0.8575	0.5845
17	450	1	700.8628	3	7	0	1	1	0.8578	0.7449
17	451	1	702.4127	2	1	0	1	1	0.8581	1.0359
17	452	1	703.9626	1	14	0	1	1	0.8584	0.7659
17	453	1	705.5125	14	3	0	1	1	0.8587	0.9750
17	454	1	707.0624	15	12	0	1	1	0.8590	0.7850
17	455	1	708.6124	1	14	0	1	1	0.8593	0.6287
17	456	1	710.1623	15	12	0	1	1	0.8596	0.8212
17	457	1	711.7122	14	3	90	1	1	0.8600	0.7601
17	458	1	713.2621	15	12	0	1	1	0.8603	0.6824
17	459	1	714.8120	2	1	0	1	1	0.8606	0.5888
17	460	1	716.3619	15	12	0	1	1	0.8609	0.4468
17	461	1	717.9119	1	14	0	1	1	0.8612	0.6246
17	462	1	719.4618	14	3	0	1	1	0.8615	0.4661
17	463	1	721.0117	15	12	0	1	1	0.8618	0.5318
17	464	1	722.5616	2	1	0	1	1	0.8621	0.5350
17	465	1	724.1115	15	12	0	1	1	0.8624	0.5369
17	466	1	725.6614	1	14	0	1	1	0.8627	0.5700
17	467	1	727.2113	14	3	0	1	1	0.8630	0.5250
17	468	1	728.7613	13	4	0	1	1	0.8632	0.5758
17	469	1	730.3112	12	2	0	1	1	0.8635	0.4323
17	470	1	731.8611	10	11	0	1	1	0.8638	0.6104
17	471	1	733.4110	13	4	90	1	1	0.8641	0.6614
17	472	1	734.9610	11	13	0	1	1	0.8644	0.8238
17	473	1	736.5109	10	11	90	0	1	0.8626	0.9046
17	474	1	738.0608	13	4	0	1	1	0.8629	0.6682
17	475	1	739.6107	12	2	0	1	1	0.8632	0.6367
17	476	1	741.1606	11	13	0	1	1	0.8634	0.9748
17	477	1	742.7105	13	4	90	1	1	0.8637	0.7861
17	478	1	744.2605	14	3	0	1	1	0.8640	0.6590
17	479	1	745.8104	2	1	0	1	1	0.8643	0.5668
17	480	1	747.3603	1	14	0	1	1	0.8646	0.5203
17	481	1	748.9102	14	3	90	1	1	0.8649	0.6653
17	482	1	750.4601	1	14	0	1	1	0.8651	0.5569
17	483	1	752.0100	14	3	0	0	1	0.8634	0.5907
17	484	1	753.5599	2	1	0	1	1	0.8636	0.6412
17	485	1	755.1099	14	3	0	1	1	0.8639	0.5627
17	486	1	756.6598	15	12	0	1	1	0.8642	0.6596
17	487	1	758.2096	14	3	0	1	1	0.8645	0.4704
17	488	1	759.7596	2	1	0	1	1	0.8648	0.4733
17	489	1	761.3095	14	3	0	1	1	0.8650	0.5717
17	490	1	762.8594	2	1	0	1	1	0.8653	0.5562
17	491	1	764.4094	15	12	0	1	1	0.8656	0.3994
17	492	1	765.9593	14	3	0	1	1	0.8659	0.5613
17	493	1	767.5092	1	14	0	1	1	0.8661	0.6262
17	494	1	769.0591	14	3	90	1	1	0.8664	0.6135
17	495	1	770.6091	1	14	0	1	1	0.8667	0.5674
17	496	1	772.1590	14	3	0	1	1	0.8669	0.6647
17	497	1	773.7089	15	12	0	1	1	0.8672	0.7954
17	498	1	775.2588	14	3	90	1	1	0.8675	0.8606
17	499	1	776.8087	15	12	0	1	1	0.8677	0.5759
17	500	1	778.3586	2	1	0	1	1	0.8680	0.5307
17	501	1	779.9086	1	14	90	0	1	0.8663	0.4360
17	502	1	781.4585	2	1	0	1	1	0.8665	0.5503
17	503	1	783.0084	1	14	0	1	1	0.8668	0.5519
17	504	1	784.5583	14	3	0	1	1	0.8671	0.5691
17	505	1	786.1082	2	1	0	1	1	0.8673	0.4443
17	506	1	787.6581	1	14	0	1	1	0.8676	0.5270
17	507	1	789.2080	2	1	0	1	1	0.8679	0.5766
17	508	1	790.7580	3	7	90	1	1	0.8681	0.8174
17	509	1	792.3079	2	1	0	1	1	0.8684	0.5795
17	510	1	793.8578	15	12	0	1	1	0.8686	0.2790
17	511	1	795.4077	3	7	0	0	1	0.8669	0.7458
17	512	1	796.9576	2	1	0	1	1	0.8672	0.5378
17	513	1	798.5076	15	12	0	1	1	0.8674	0.6358
17	514	1	800.0575	2	1	0	1	1	0.8677	0.4947
17	515	1	801.6074	15	12	90	0	1	0.8660	0.3999
17	516	1	803.1573	3	7	0	0	1	0.8643	0.7060
17	517	1	804.7072	1	14	0	1	1	0.8646	0.5652
17	518	1	806.2571	15	12	0	1	1	0.8649	0.5845
17	519	1	807.8071	1	14	0	1	1	0.8651	0.8416
17	520	1	809.3570	15	12	0	1	1	0.8654	0.6504
17	521	1	810.9069	2	1	0	1	1	0.8656	0.5565
17	522	1	812.4568	15	12	0	1	1	0.8659	0.5762
17	523	1	814.0067	1	14	90	0	1	0.8642	0.5294
17	524	1	815.5567	15	12	0	1	1	0.8645	0.4844
17	525	1	817.1066	1	14	0	1	1	0.8648	0.5487
17	526	1	818.6565	14	3	90	1	1	0.8650	0.7767
17	527	1	820.2064	15	12	0	1	1	0.8653	0.5700
17	528	1	821.7563	14	3	0	1	1	0.8655	0.6204
17	529	1	823.3062	13	4	90	0	1	0.8639	0.4771
17	530	1	824.8561	14	3	0	1	1	0.8642	0.5128
17	531	1	826.4061	13	4	0	0	1	0.8625	0.5946
17	532	1	827.9559	10	11	0	1	1	0.8628	0.9498
17	533	1	829.5059	13	4	0	1	1	0.8630	0.6950
17	534	1	831.0558	11	13	0	1	1	0.8633	0.5531
17	535	1	832.6057	12	2	0	1	1	0.8636	0.5067
17	536	1	834.1556	11	13	0	1	1	0.8638	0.4610
17	537	1	835.7055	12	2	0	1	1	0.8641	0.5909
17	538	1	837.2555	10	11	0	1	1	0.8643	0.5439
17	539	1	838.8054	12	2	0	1	1	0.8646	0.5300
17	540	1	840.3552	13	4	0	1	1	0.8648	0.4841
17	541	1	841.9052	12	2	0	1	1	0.8651	0.5351
17	542	1	843.4552	13	4	0	1	1	0.8653	0.4578
17	543	1	845.0051	14	3	0	1	1	0.8656	0.5063
17	544	1	846.5550	1	14	90	0	1	0.8640	0.3816
17	545	1	848.1049	14	3	0	1	1	0.8642	0.5105
17	546	1	849.6548	1	14	0	1	1	0.8645	0.7534
17	547	1	851.2048	14	3	0	1	1	0.8647	0.7077
17	548	1	852.7547	13	4	0	1	1	0.8650	0.5819
17	549	1	854.3045	10	11	0	1	1	0.8652	0.5510
17	550	1	855.8545	9	9	90	0	1	0.8636	0.5369
17	551	1	857.4044	12	2	0	1	1	0.8639	0.5389
17	552	1	858.9544	9	9	0	1	1	0.8641	0.7649
17	553	1	860.5043	10	11	0	1	1	0.8644	0.6086
17	554	1	862.0542	12	2	0	1	1	0.8646	0.5461
17	555	1	863.6041	11	13	0	1	1	0.8649	0.5972
17	556	1	865.1540	10	11	0	1	1	0.8651	0.6311
17	557	1	866.7039	9	9	0	1	1	0.8654	0.5994
17	558	1	868.2539	11	13	0	1	1	0.8656	0.6016
17	559	1	869.8038	9	9	90	1	1	0.8658	0.8294
17	560	1	871.3537	10	11	0	1	1	0.8661	0.6076
17	561	1	872.9036	11	13	0	1	1	0.8663	0.7037
17	562	1	874.4535	12	2	0	1	1	0.8665	0.6098
17	563	1	876.0035	10	11	0	1	1	0.8668	0.6452
17	564	1	877.5534	9	9	0	1	1	0.8670	0.5357
17	565	1	879.1032	8	10	0	1	1	0.8673	0.8401
17	566	1	880.6532	7	15	0	1	1	0.8675	0.8918
17	567	1	882.2031	8	10	0	1	1	0.8677	0.9101
17	568	1	883.7530	5	5	0	1	1	0.8680	0.5742
17	569	1	885.3029	4	6	0	1	1	0.8682	0.4324
17	570	1	886.8529	5	5	0	1	1	0.8684	0.4362
17	571	1	888.4028	4	6	0	1	1	0.8687	0.5342
17	572	1	889.9527	5	5	0	1	1	0.8689	0.4245
17	573	1	891.5026	7	15	0	1	1	0.8691	0.5698
17	574	1	893.0525	8	10	0	1	1	0.8693	0.5401
17	575	1	894.6025	7	15	0	1	1	0.8696	0.4460
17	576	1	896.1523	6	8	0	1	1	0.8698	0.7042
17	577	1	897.7023	7	15	0	1	1	0.8700	0.6268
17	578	1	899.2522	8	10	0	1	1	0.8702	0.6288
17	579	1	900.8021	7	15	0	1	1	0.8705	0.6612
17	580	1	902.3520	4	6	90	0	1	0.8690	0.8392
17	581	1	903.9020	5	5	90	0	1	0.8675	0.5232
17	582	1	905.4519	7	15	0	1	1	0.8677	0.5568
17	583	1	907.0018	4	6	0	1	1	0.8679	0.7502
17	584	1	908.5517	6	8	0	1	1	0.8682	0.5613
17	585	1	910.1016	8	10	90	0	1	0.8667	0.5776
17	586	1	911.6515	7	15	0	1	1	0.8669	0.5330
17	587	1	913.2015	6	8	0	1	1	0.8671	0.5996
17	588	1	914.7513	5	5	0	1	1	0.8673	0.5693
17	589	1	916.3013	4	6	90	0	1	0.8659	0.5403
17	590	1	917.8512	6	8	0	1	1	0.8661	0.6841
17	591	1	919.4011	8	10	0	1	1	0.8663	0.7501
17	592	1	920.9510	7	15	90	1	1	0.8666	0.9137
17	593	1	922.5010	5	5	0	1	1	0.8668	0.5954
17	594	1	924.0508	8	10	0	1	1	0.8670	0.5818
17	595	1	925.6008	6	8	0	1	1	0.8672	0.5675
17	596	1	927.1507	5	5	0	1	1	0.8674	0.5376
17	597	1	928.7006	4	6	0	1	1	0.8677	0.5716
17	598	1	930.2505	3	7	90	0	1	0.8662	0.9742
17	599	1	931.8005	4	6	0	1	1	0.8664	0.9124
17	600	1	933.3503	7	15	0	1	1	0.8667	0.7068
17	601	1	1026.3454	6	8	0	1	1	0.8669	0.8147
17	602	1	1027.8953	5	5	0	1	1	0.8671	0.5445
17	603	1	1029.4453	6	8	0	1	1	0.8673	0.4674
17	604	1	1030.9952	8	10	0	1	1	0.8675	0.3411
17	605	1	1032.5451	6	8	90	0	1	0.8661	0.4073
17	606	1	1034.0950	8	10	0	1	1	0.8663	0.5681
17	607	1	1035.6449	6	8	0	1	1	0.8666	0.4432
17	608	1	1037.1948	5	5	0	1	1	0.8668	0.5096
17	609	1	1038.7448	7	15	0	1	1	0.8670	0.6402
17	610	1	1040.2947	6	8	0	1	1	0.8672	0.5299
17	611	1	1041.8446	7	15	0	1	1	0.8674	0.5641
17	612	1	1043.3945	4	6	0	1	1	0.8676	0.5339
17	613	1	1044.9445	5	5	0	1	1	0.8679	0.6001
17	614	1	1046.4943	4	6	90	0	1	0.8664	0.5540
17	615	1	1048.0443	7	15	0	1	1	0.8667	0.6508
17	616	1	1049.5942	5	5	0	1	1	0.8669	0.8620
17	617	1	1051.1441	8	10	0	1	1	0.8671	0.6711
17	618	1	1052.6940	7	15	0	1	1	0.8673	0.6251
17	619	1	1054.2439	6	8	90	1	1	0.8675	0.6449
17	620	1	1055.7938	5	5	0	1	1	0.8677	0.6312
17	621	1	1057.3438	8	10	0	1	1	0.8680	0.6491
17	622	1	1058.8937	5	5	90	1	1	0.8682	0.7934
17	623	1	1060.4436	8	10	0	1	1	0.8684	0.7166
17	624	1	1061.9935	6	8	0	1	1	0.8686	0.6545
17	625	1	1063.5435	7	15	90	1	1	0.8688	0.8814
17	626	1	1065.0934	5	5	0	1	1	0.8690	0.5947
17	627	1	1066.6433	7	15	0	1	1	0.8692	0.5800
17	628	1	1068.1932	8	10	0	1	1	0.8694	0.5513
17	629	1	1069.7431	9	9	0	1	1	0.8696	0.6167
17	630	1	1071.2930	11	13	0	1	1	0.8698	0.6344
17	631	1	1072.8430	9	9	0	1	1	0.8700	0.6053
17	632	1	1074.3928	12	2	0	1	1	0.8703	0.6553
17	633	1	1075.9427	11	13	90	1	1	0.8705	0.8179
17	634	1	1077.4927	9	9	0	1	1	0.8707	0.8039
17	635	1	1079.0426	8	10	90	1	1	0.8709	0.9327
17	636	1	1080.5925	6	8	0	1	1	0.8711	0.6485
17	637	1	1082.1425	5	5	90	1	1	0.8713	0.7767
17	638	1	1083.6924	7	15	0	1	1	0.8715	0.5548
17	639	1	1085.2423	6	8	90	1	1	0.8717	0.5729
17	640	1	1086.7922	4	6	0	0	1	0.8703	0.7668
17	641	1	1088.3421	7	15	0	1	1	0.8705	0.7063
17	642	1	1089.8921	5	5	0	1	1	0.8707	0.5965
17	643	1	1091.4420	4	6	0	1	1	0.8709	0.6941
17	644	1	1092.9919	7	15	0	1	1	0.8711	0.6485
17	645	1	1094.5418	4	6	90	0	1	0.8698	0.6174
17	646	1	1096.0917	7	15	0	1	1	0.8700	0.5726
17	647	1	1097.6417	6	8	0	1	1	0.8702	0.6551
17	648	1	1099.1915	5	5	0	1	1	0.8704	0.5438
17	649	1	1100.7415	7	15	0	1	1	0.8706	0.6274
17	650	1	1102.2914	4	6	0	1	1	0.8708	0.5957
17	651	1	1103.8413	7	15	0	1	1	0.8710	0.6950
17	652	1	1105.3912	5	5	90	0	1	0.8696	0.8410
17	653	1	1106.9411	7	15	0	1	1	0.8698	0.5380
17	654	1	1108.4911	6	8	0	1	1	0.8700	0.5417
17	655	1	1110.0410	8	10	90	1	1	0.8702	0.9119
17	656	1	1111.5909	9	9	0	1	1	0.8704	0.6401
17	657	1	1113.1408	12	2	0	1	1	0.8706	0.7871
17	658	1	1114.6907	11	13	0	1	1	0.8708	0.8062
17	659	1	1116.2407	9	9	90	1	1	0.8710	0.8080
17	660	1	1117.7906	11	13	0	1	1	0.8712	0.9205
17	661	1	1119.3405	9	9	0	1	1	0.8714	0.7642
17	662	1	1120.8904	11	13	0	1	1	0.8716	0.9099
17	663	1	1122.4403	12	2	90	1	1	0.8718	0.7349
17	664	1	1123.9902	9	9	0	1	1	0.8720	0.7698
17	665	1	1125.5401	8	10	0	0	1	0.8707	1.4926
17	666	1	1127.6234	9	9	0	1	1	0.8709	0.7374
17	667	1	1129.1733	10	11	0	1	1	0.8711	1.0109
17	668	1	1130.7232	13	4	0	1	1	0.8713	0.8679
17	669	1	1132.2731	10	11	0	1	1	0.8714	0.7750
17	670	1	1133.8231	11	13	0	1	1	0.8716	0.6331
17	671	1	1135.3730	13	4	0	1	1	0.8718	0.5061
17	672	1	1136.9229	11	13	90	1	1	0.8720	0.7009
17	673	1	1138.4728	12	2	0	1	1	0.8722	0.6864
17	674	1	1140.0227	13	4	0	1	1	0.8724	0.5453
17	675	1	1141.5726	10	11	0	1	1	0.8726	0.5957
17	676	1	1143.1226	9	9	0	1	1	0.8728	0.5657
17	677	1	1144.6725	11	13	0	1	1	0.8730	0.5185
17	678	1	1146.2224	12	2	0	1	1	0.8732	0.5220
17	679	1	1147.7722	9	9	0	1	1	0.8733	0.3639
17	680	1	1149.3222	12	2	90	0	1	0.8721	0.4459
17	681	1	1150.8722	9	9	0	1	1	0.8722	0.7349
17	682	1	1152.4221	11	13	0	1	1	0.8724	0.6101
17	683	1	1153.9720	13	4	0	1	1	0.8726	0.5647
17	684	1	1155.5219	12	2	90	1	1	0.8728	0.6954
17	685	1	1157.0718	10	11	90	0	1	0.8715	0.8886
17	686	1	1158.6217	11	13	0	1	1	0.8717	0.6013
17	687	1	1160.1716	12	2	0	1	1	0.8719	0.5885
17	688	1	1161.7216	13	4	90	1	1	0.8721	0.7975
17	689	1	1163.2715	14	3	0	1	1	0.8723	0.7196
17	690	1	1164.8214	13	4	0	1	1	0.8725	0.5457
17	691	1	1166.3713	14	3	0	1	1	0.8726	0.6289
17	692	1	1167.9212	15	12	0	1	1	0.8728	0.8070
17	693	1	1169.4712	14	3	0	1	1	0.8730	0.5375
17	694	1	1171.0211	1	14	0	1	1	0.8732	0.9229
17	695	1	1172.5710	2	1	0	1	1	0.8734	0.9731
17	696	1	1174.1208	1	14	0	1	1	0.8736	0.6071
17	697	1	1175.6708	3	7	0	1	1	0.8737	0.8975
17	698	1	1177.2207	2	1	0	1	1	0.8739	1.2520
17	699	1	1178.7707	14	3	90	0	1	0.8727	0.5976
17	700	1	1180.3206	1	14	0	1	1	0.8729	0.5344
17	701	1	1181.8705	3	7	0	1	1	0.8730	0.7295
17	702	1	1183.4204	1	14	0	1	1	0.8732	0.7483
17	703	1	1184.9703	15	12	0	1	1	0.8734	0.5417
17	704	1	1186.5203	2	1	90	1	1	0.8736	0.9125
17	705	1	1188.0702	3	7	0	1	1	0.8738	0.7699
17	706	1	1189.6201	1	14	90	0	1	0.8725	0.8522
17	707	1	1191.1700	15	12	0	1	1	0.8727	0.8548
17	708	1	1192.7199	2	1	0	1	1	0.8729	0.6001
17	709	1	1194.2698	14	3	0	1	1	0.8731	0.5051
17	710	1	1195.8198	13	4	0	1	1	0.8732	0.4273
17	711	1	1197.3697	14	3	0	1	1	0.8734	0.3333
17	712	1	1198.9196	1	14	90	0	1	0.8722	0.3995
17	713	1	1200.4695	3	7	0	1	1	0.8724	0.7386
17	714	1	1202.0194	1	14	0	1	1	0.8725	0.5973
17	715	1	1203.5694	2	1	0	1	1	0.8727	0.7906
17	716	1	1205.1193	15	12	0	1	1	0.8729	0.4408
17	717	1	1206.6692	3	7	0	1	1	0.8731	0.6831
17	718	1	1208.2191	4	6	90	1	1	0.8733	1.1172
17	719	1	1209.7690	5	5	0	1	1	0.8734	0.6869
17	720	1	1211.3189	7	15	0	1	1	0.8736	0.6091
17	721	1	1212.8689	6	8	0	1	1	0.8738	0.4021
17	722	1	1214.4188	5	5	0	1	1	0.8740	0.4863
17	723	1	1215.9686	6	8	0	1	1	0.8741	0.5199
17	724	1	1217.5186	4	6	90	1	1	0.8743	0.8564
17	725	1	1219.0685	7	15	0	1	1	0.8745	0.6025
17	726	1	1220.6185	8	10	0	1	1	0.8747	0.5902
17	727	1	1222.1684	9	9	0	1	1	0.8748	0.6398
17	728	1	1223.7183	12	2	0	1	1	0.8750	0.7367
17	729	1	1225.2682	10	11	0	1	1	0.8752	0.5802
17	730	1	1226.8181	13	4	0	1	1	0.8753	0.5186
17	731	1	1228.3680	14	3	0	1	1	0.8755	0.5830
17	732	1	1229.9179	15	12	0	1	1	0.8757	0.5541
17	733	1	1231.4679	1	14	90	0	1	0.8745	0.5712
17	734	1	1233.0178	14	3	0	1	1	0.8747	0.6228
17	735	1	1234.5677	1	14	0	1	1	0.8748	0.7203
17	736	1	1236.1176	2	1	0	1	1	0.8750	0.5293
17	737	1	1237.6675	3	7	0	1	1	0.8752	0.6288
17	738	1	1239.2175	2	1	0	1	1	0.8753	0.5336
17	739	1	1240.7674	14	3	90	1	1	0.8755	0.7276
17	740	1	1242.3173	2	1	0	1	1	0.8757	0.5388
17	741	1	1243.8672	1	14	0	1	1	0.8758	0.6368
17	742	1	1245.4171	15	12	0	1	1	0.8760	0.7031
17	743	1	1246.9671	3	7	0	1	1	0.8762	0.7359
17	744	1	1248.5170	4	6	0	1	1	0.8763	0.8512
17	745	1	1250.0668	3	7	90	1	1	0.8765	0.9962
17	746	1	1251.6168	15	12	0	1	1	0.8767	0.7582
17	747	1	1253.1667	2	1	90	0	1	0.8755	0.6495
17	748	1	1254.7166	3	7	0	1	1	0.8757	0.8270
17	749	1	1256.2665	4	6	0	1	1	0.8758	0.6852
17	750	1	1257.8165	7	15	0	1	1	0.8760	0.6545
17	751	1	1259.3664	6	8	0	1	1	0.8762	0.5459
17	752	1	1260.9163	8	10	0	1	1	0.8763	0.7709
17	753	1	1262.4661	6	8	0	1	1	0.8765	0.5981
17	754	1	1264.0161	5	5	0	1	1	0.8767	0.5677
17	755	1	1265.5661	6	8	0	1	1	0.8768	0.4568
17	756	1	1267.1158	5	5	0	1	1	0.8770	0.4608
17	757	1	1268.6658	7	15	0	1	1	0.8771	0.4145
17	758	1	1270.2158	5	5	90	0	1	0.8760	0.4312
17	759	1	1271.7657	7	15	0	1	1	0.8762	0.4824
17	760	1	1273.3156	8	10	0	1	1	0.8763	0.5649
17	761	1	1274.8656	9	9	90	1	1	0.8765	0.7261
17	762	1	1276.4155	11	13	0	1	1	0.8766	0.7125
17	763	1	1277.9654	12	2	90	1	1	0.8768	0.6655
17	764	1	1279.5153	13	4	0	1	1	0.8770	0.5892
17	765	1	1281.0652	14	3	90	1	1	0.8771	0.6708
17	766	1	1282.6151	2	1	0	1	1	0.8773	0.5609
17	767	1	1284.1651	14	3	0	1	1	0.8774	0.5150
17	768	1	1285.7149	15	12	0	1	1	0.8776	0.5959
17	769	1	1287.2649	1	14	90	0	1	0.8765	0.6953
17	770	1	1288.8148	15	12	0	1	1	0.8766	0.4729
17	771	1	1290.3648	3	7	0	1	1	0.8768	0.6982
17	772	1	1291.9147	2	1	0	1	1	0.8769	0.5418
17	773	1	1293.4646	1	14	0	1	1	0.8771	0.7193
17	774	1	1295.0145	15	12	90	1	1	0.8773	0.8324
17	775	1	1296.5644	3	7	90	1	1	0.8774	0.8025
17	776	1	1298.1143	4	6	90	0	1	0.8763	0.6297
17	777	1	1299.6643	6	8	0	1	1	0.8764	0.5038
17	778	1	1301.2142	7	15	0	1	1	0.8766	0.6025
17	779	1	1302.7641	8	10	0	1	1	0.8768	0.6524
17	780	1	1304.3140	6	8	0	1	1	0.8769	0.6226
17	781	1	1305.8639	8	10	0	1	1	0.8771	0.5762
17	782	1	1307.4138	9	9	0	1	1	0.8772	0.6583
17	783	1	1308.9637	10	11	90	0	1	0.8761	1.2838
17	784	1	1310.7803	13	4	0	1	1	0.8763	0.5237
17	785	1	1312.3302	14	3	0	1	1	0.8764	0.8456
17	786	1	1313.8802	15	12	0	1	1	0.8766	0.5921
17	787	1	1315.4301	1	14	0	1	1	0.8767	0.8968
17	788	1	1316.9800	14	3	0	1	1	0.8769	0.6919
17	789	1	1318.5299	1	14	0	1	1	0.8771	0.5506
17	790	1	1320.0798	3	7	90	1	1	0.8772	0.8401
17	791	1	1321.6298	2	1	0	1	1	0.8774	1.1453
17	792	1	1323.1797	14	3	0	1	1	0.8775	0.7485
17	793	1	1324.7296	2	1	90	1	1	0.8777	1.2144
17	794	1	1326.2795	14	3	0	1	1	0.8778	0.6074
17	795	1	1327.8294	1	14	0	1	1	0.8780	0.5787
17	796	1	1329.3793	15	12	0	1	1	0.8781	0.5636
17	797	1	1330.9293	1	14	0	1	1	0.8783	0.6629
17	798	1	1332.4792	14	3	0	1	1	0.8784	0.5358
17	799	1	1334.0290	1	14	0	1	1	0.8786	0.6676
17	800	1	1335.5790	14	3	0	1	1	0.8788	0.4136
17	801	1	1337.1288	15	12	90	0	1	0.8777	0.5912
17	802	1	1338.6788	1	14	0	1	1	0.8778	0.4961
17	803	1	1340.2288	2	1	0	1	1	0.8780	0.6274
17	804	1	1341.7787	1	14	0	1	1	0.8781	0.4536
17	805	1	1343.3286	3	7	90	1	1	0.8783	0.8393
17	806	1	1344.8785	4	6	0	1	1	0.8784	1.1613
17	807	1	1346.4284	7	15	0	1	1	0.8786	0.7477
17	808	1	1347.9783	4	6	0	1	1	0.8787	0.7180
17	809	1	1349.5282	7	15	0	1	1	0.8789	0.5762
17	810	1	1351.0782	8	10	0	0	1	0.8778	0.7046
17	811	1	1352.6281	9	9	0	1	1	0.8779	0.5639
17	812	1	1354.1780	11	13	0	1	1	0.8781	0.6621
17	813	1	1355.7279	12	2	0	1	1	0.8782	0.7913
17	814	1	1357.2779	10	11	0	1	1	0.8784	0.6344
17	815	1	1358.8278	11	13	0	1	1	0.8785	0.6522
17	816	1	1360.3777	13	4	0	1	1	0.8787	0.5905
17	817	1	1361.9276	11	13	90	1	1	0.8788	0.6889
17	818	1	1363.4775	12	2	0	1	1	0.8790	0.5626
17	819	1	1365.0274	11	13	0	1	1	0.8791	0.6433
17	820	1	1366.5774	12	2	0	1	1	0.8793	0.5190
17	821	1	1368.1273	9	9	90	1	1	0.8794	0.6325
17	822	1	1369.6772	8	10	0	1	1	0.8796	0.5875
17	823	1	1371.2271	9	9	0	1	1	0.8797	0.7487
17	824	1	1372.7770	11	13	0	1	1	0.8799	0.7190
17	825	1	1374.3270	12	2	0	1	1	0.8800	0.6414
17	826	1	1375.8769	13	4	0	1	1	0.8801	0.5638
17	827	1	1377.4268	10	11	0	1	1	0.8803	0.5961
17	828	1	1378.9767	12	2	0	1	1	0.8804	0.5662
17	829	1	1380.5266	13	4	0	1	1	0.8806	0.6015
17	830	1	1382.0765	10	11	0	1	1	0.8807	0.5715
17	831	1	1383.6265	9	9	0	1	1	0.8809	0.5578
17	832	1	1385.1764	12	2	0	1	1	0.8810	0.6716
17	833	1	1386.7263	9	9	0	1	1	0.8812	0.8018
17	834	1	1388.2762	12	2	0	1	1	0.8813	0.6596
17	835	1	1389.8261	11	13	0	1	1	0.8814	0.7578
17	836	1	1391.3760	9	9	0	1	1	0.8816	0.6166
17	837	1	1392.9260	10	11	0	1	1	0.8817	0.6650
17	838	1	1394.4758	9	9	0	1	1	0.8819	0.5403
17	839	1	1396.0258	10	11	90	0	1	0.8808	0.4306
17	840	1	1397.5757	11	13	0	1	1	0.8810	0.5910
17	841	1	1399.1256	10	11	0	1	1	0.8811	0.4652
17	842	1	1400.6756	12	2	0	1	1	0.8812	0.4050
17	843	1	1402.2254	9	9	0	1	1	0.8814	0.4708
17	844	1	1403.7753	11	13	0	1	1	0.8815	0.6008
17	845	1	1405.3253	10	11	90	0	1	0.8805	0.5873
17	846	1	1406.8752	9	9	0	1	1	0.8806	0.5729
17	847	1	1408.4251	11	13	0	1	1	0.8808	0.6217
17	848	1	1409.9750	12	2	90	1	1	0.8809	0.6878
17	849	1	1411.5250	13	4	0	1	1	0.8810	0.5302
17	850	1	1413.0749	11	13	90	1	1	0.8812	0.8199
17	851	1	1414.6248	10	11	0	1	1	0.8813	0.6478
17	852	1	1416.1746	9	9	0	1	1	0.8815	0.5059
17	853	1	1417.7246	8	10	0	1	1	0.8816	0.6361
17	854	1	1419.2745	6	8	90	1	1	0.8817	0.7002
17	855	1	1420.8245	7	15	0	1	1	0.8819	0.6863
17	856	1	1422.3743	4	6	0	1	1	0.8820	0.8182
17	857	1	1423.9243	5	5	0	1	1	0.8821	0.7547
17	858	1	1425.4742	7	15	0	1	1	0.8823	0.7099
17	859	1	1427.0242	4	6	0	1	1	0.8824	0.6641
17	860	1	1428.5741	6	8	0	1	1	0.8826	0.5688
17	861	1	1430.1240	5	5	0	1	1	0.8827	0.5867
17	862	1	1431.6739	8	10	0	1	1	0.8828	0.6547
17	863	1	1433.2238	6	8	0	1	1	0.8830	0.6242
17	864	1	1434.7737	5	5	0	1	1	0.8831	0.5947
17	865	1	1436.3236	4	6	0	1	1	0.8832	0.5002
17	866	1	1437.8736	3	7	0	0	1	0.8822	0.6788
17	867	1	1439.4235	4	6	0	1	1	0.8824	0.5841
17	868	1	1440.9734	6	8	0	1	1	0.8825	0.5226
17	869	1	1442.5233	4	6	90	0	1	0.8815	0.4446
17	870	1	1444.0732	6	8	0	1	1	0.8816	0.6707
17	871	1	1445.6232	7	15	0	1	1	0.8817	0.5756
17	872	1	1447.1731	4	6	0	1	1	0.8819	0.3714
17	873	1	1448.7230	3	7	90	1	1	0.8820	1.0278
17	874	1	1450.2729	1	14	0	1	1	0.8822	0.5349
17	875	1	1451.8228	15	12	90	0	1	0.8811	0.4890
17	876	1	1453.3727	1	14	0	1	1	0.8813	0.5552
17	877	1	1454.9227	3	7	0	1	1	0.8814	1.1001
17	878	1	1456.4726	1	14	0	1	1	0.8815	0.6062
17	879	1	1458.0225	2	1	0	1	1	0.8817	0.5460
17	880	1	1459.5724	3	7	0	1	1	0.8818	0.5943
17	881	1	1461.1223	1	14	0	1	1	0.8820	0.5978
17	882	1	1462.6723	15	12	0	1	1	0.8821	0.2946
17	883	1	1464.2222	3	7	90	1	1	0.8822	1.0339
17	884	1	1465.7721	4	6	0	1	1	0.8824	0.5401
17	885	1	1467.3220	5	5	0	1	1	0.8825	0.6225
17	886	1	1468.8719	4	6	90	1	1	0.8826	0.8641
17	887	1	1470.4218	7	15	0	1	1	0.8828	0.6089
17	888	1	1471.9718	6	8	0	1	1	0.8829	0.4830
17	889	1	1473.5217	8	10	0	1	1	0.8830	0.6470
17	890	1	1475.0716	9	9	0	1	1	0.8831	0.5530
17	891	1	1476.6215	10	11	0	1	1	0.8833	0.6511
17	892	1	1478.1714	12	2	0	1	1	0.8834	0.5246
17	893	1	1479.7214	13	4	90	1	1	0.8835	0.7189
17	894	1	1481.2713	14	3	0	1	1	0.8837	0.6896
17	895	1	1482.8212	13	4	0	1	1	0.8838	0.7394
17	896	1	1484.3711	10	11	0	1	1	0.8839	0.6446
17	897	1	1485.9210	13	4	0	1	1	0.8841	0.5986
17	898	1	1487.4709	12	2	0	1	1	0.8842	0.8568
17	899	1	1489.0209	9	9	0	1	1	0.8843	0.5873
17	900	1	1490.5708	12	2	0	1	1	0.8844	0.6530
17	901	1	1492.1207	11	13	0	1	1	0.8846	0.5741
17	902	1	1493.6706	9	9	0	1	1	0.8847	0.3213
17	903	1	1495.2205	8	10	0	1	1	0.8848	0.2423
17	904	1	1496.7704	7	15	0	1	1	0.8850	0.4684
17	905	1	1498.3203	4	6	0	1	1	0.8851	0.8075
17	906	1	1499.8703	6	8	0	1	1	0.8852	0.6325
17	907	1	1501.4202	5	5	0	1	1	0.8853	0.5717
17	908	1	1502.9701	4	6	0	1	1	0.8855	0.5582
17	909	1	1504.5200	3	7	0	1	1	0.8856	0.9267
17	910	1	1506.0699	15	12	0	1	1	0.8857	1.2823
17	911	1	1507.6199	2	1	0	1	1	0.8858	0.8210
17	912	1	1509.1698	15	12	0	1	1	0.8860	0.9500
17	913	1	1510.7197	2	1	0	1	1	0.8861	0.7432
17	914	1	1512.2696	1	14	0	1	1	0.8862	0.4902
17	915	1	1513.8195	15	12	0	1	1	0.8863	0.5249
17	916	1	1515.3695	2	1	0	1	1	0.8865	0.5102
17	917	1	1516.9194	1	14	0	1	1	0.8866	0.5434
17	918	1	1518.4693	3	7	90	0	1	0.8856	0.7228
17	919	1	1520.0192	2	1	0	1	1	0.8857	0.5804
17	920	1	1521.5691	14	3	0	1	1	0.8859	0.6153
17	921	1	1523.1190	13	4	0	1	1	0.8860	0.5379
17	922	1	1524.6690	14	3	0	1	1	0.8861	0.5707
17	923	1	1526.2188	1	14	90	0	1	0.8852	0.8131
17	924	1	1527.7688	14	3	90	1	1	0.8853	0.7833
17	925	1	1529.3187	15	12	0	1	1	0.8854	0.7053
17	926	1	1530.8686	14	3	0	1	1	0.8855	0.7077
17	927	1	1532.4185	2	1	90	1	1	0.8857	0.6921
17	928	1	1533.9684	15	12	0	1	1	0.8858	0.5983
17	929	1	1535.5184	2	1	0	1	1	0.8859	0.6643
17	930	1	1537.0683	1	14	0	0	1	0.8849	1.0024
17	931	1	1538.6182	14	3	90	0	1	0.8840	0.7325
17	932	1	1540.1681	1	14	0	1	1	0.8841	0.6385
17	933	1	1541.7180	14	3	0	1	1	0.8842	0.6579
17	934	1	1543.2680	13	4	90	0	1	0.8833	0.6591
17	935	1	1544.8179	14	3	0	1	1	0.8834	0.5506
17	936	1	1546.3678	2	1	0	1	1	0.8835	0.5046
17	937	1	1547.9177	1	14	0	1	1	0.8837	0.6985
17	938	1	1549.4676	14	3	0	1	1	0.8838	0.6522
17	939	1	1551.0176	15	12	0	1	1	0.8839	0.6858
17	940	1	1552.5675	14	3	0	1	1	0.8840	0.7205
17	941	1	1554.1174	13	4	0	1	1	0.8842	0.6094
17	942	1	1555.6672	10	11	0	1	1	0.8843	0.7887
17	943	1	1557.2172	11	13	0	1	1	0.8844	0.7749
17	944	1	1558.7671	10	11	0	1	1	0.8845	0.6013
17	945	1	1560.3170	9	9	0	1	1	0.8847	0.5857
17	946	1	1561.8670	8	10	0	1	1	0.8848	0.6369
17	947	1	1563.4169	7	15	0	1	1	0.8849	0.6236
17	948	1	1564.9668	5	5	0	1	1	0.8850	0.5128
17	949	1	1566.5167	4	6	90	1	1	0.8851	0.7069
17	950	1	1568.0667	3	7	0	1	1	0.8853	0.9654
17	951	1	1569.6166	4	6	0	1	1	0.8854	0.7270
17	952	1	1571.1665	3	7	0	1	1	0.8855	0.7941
17	953	1	1572.7164	1	14	0	1	1	0.8856	0.6675
17	954	1	1574.2663	3	7	0	1	1	0.8857	0.6058
17	955	1	1575.8162	15	12	0	1	1	0.8859	0.5437
17	956	1	1577.3662	1	14	0	1	1	0.8860	0.5461
17	957	1	1578.9161	14	3	90	0	1	0.8851	0.6266
17	958	1	1580.4660	13	4	0	1	1	0.8852	0.5327
17	959	1	1582.0158	14	3	0	1	1	0.8853	0.6168
17	960	1	1583.5658	2	1	0	1	1	0.8854	0.6024
17	961	1	1585.1157	15	12	0	1	1	0.8855	0.4763
17	962	1	1586.6657	1	14	90	1	1	0.8857	0.6700
17	963	1	1588.2155	2	1	0	1	1	0.8858	0.5111
17	964	1	1589.7654	3	7	0	1	1	0.8859	0.6746
17	965	1	1591.3154	4	6	0	0	1	0.8850	0.9170
17	966	1	1592.8653	6	8	0	1	1	0.8851	0.8545
17	967	1	1594.4153	4	6	90	0	1	0.8842	0.7125
17	968	1	1595.9652	6	8	0	1	1	0.8843	0.5868
17	969	1	1597.5151	4	6	90	1	1	0.8844	1.0047
17	970	1	1599.0650	7	15	0	1	1	0.8845	0.6057
17	971	1	1600.6149	4	6	0	1	1	0.8847	0.7208
17	972	1	1602.1648	7	15	0	1	1	0.8848	0.5958
17	973	1	1603.7147	6	8	0	1	1	0.8849	0.6293
17	974	1	1605.2647	8	10	0	1	1	0.8850	0.6634
17	975	1	1606.8146	9	9	90	1	1	0.8851	0.7130
17	976	1	1608.3645	11	13	0	1	1	0.8852	0.5072
17	977	1	1609.9144	10	11	0	1	1	0.8854	0.5733
17	978	1	1611.4644	9	9	0	1	1	0.8855	0.8471
17	979	1	1613.0143	8	10	0	1	1	0.8856	0.5781
17	980	1	1614.5642	7	15	0	1	1	0.8857	0.5641
17	981	1	1616.1141	5	5	0	1	1	0.8858	0.5503
17	982	1	1617.6640	7	15	0	1	1	0.8859	0.5358
17	983	1	1619.2139	6	8	0	1	1	0.8861	0.4100
17	984	1	1620.7639	7	15	0	1	1	0.8862	0.3646
17	985	1	1622.3138	6	8	0	1	1	0.8863	0.4948
17	986	1	1623.8637	7	15	90	1	1	0.8864	0.7198
17	987	1	1625.4136	8	10	0	1	1	0.8865	0.4827
17	988	1	1626.9635	6	8	0	1	1	0.8866	0.4351
17	989	1	1628.5134	8	10	0	1	1	0.8868	0.5510
17	990	1	1630.0633	9	9	0	1	1	0.8869	0.8553
17	991	1	1631.6133	12	2	0	1	1	0.8870	0.5706
17	992	1	1633.1632	11	13	0	1	1	0.8871	0.4929
17	993	1	1634.7130	12	2	0	1	1	0.8872	0.4467
17	994	1	1636.2630	10	11	0	1	1	0.8873	0.4329
17	995	1	1637.8129	9	9	0	1	1	0.8874	0.5937
17	996	1	1639.3628	10	11	0	1	1	0.8876	0.4850
17	997	1	1640.9128	13	4	0	1	1	0.8877	0.5678
17	998	1	1642.4627	14	3	0	1	1	0.8878	0.6332
17	999	1	1644.0126	13	4	0	1	1	0.8879	0.6501
17	1000	1	1645.5625	12	2	0	1	1	0.8880	0.7961
17	1001	1	1647.1124	9	9	0	1	1	0.8881	0.6716
17	1002	1	1648.6624	12	2	0	1	1	0.8882	0.4974
17	1003	1	1650.2123	13	4	0	1	1	0.8883	0.5156
17	1004	1	1651.7622	11	13	0	1	1	0.8884	0.5185
17	1005	1	1653.3121	9	9	0	1	1	0.8886	0.4241
17	1006	1	1654.8620	12	2	0	1	1	0.8887	0.3925
17	1007	1	1656.4120	13	4	0	1	1	0.8888	0.2986
17	1008	1	1657.9619	10	11	0	1	1	0.8889	0.4127
17	1009	1	1659.5118	12	2	0	1	1	0.8890	0.4326
17	1010	1	1661.0617	10	11	0	1	1	0.8891	0.5298
17	1011	1	1662.6116	13	4	90	1	1	0.8892	0.5961
17	1012	1	1664.1615	11	13	0	1	1	0.8893	0.4216
17	1013	1	1665.7114	10	11	0	1	1	0.8894	0.4083
17	1014	1	1667.2614	12	2	0	1	1	0.8895	0.2824
17	1015	1	1668.8113	10	11	0	1	1	0.8897	0.2833
17	1016	1	1670.3612	13	4	0	1	1	0.8898	0.5911
17	1017	1	1671.9111	10	11	0	1	1	0.8899	0.4490
17	1018	1	1673.4610	13	4	0	1	1	0.8900	0.4664
17	1019	1	1675.0110	10	11	0	1	1	0.8901	0.3717
17	1020	1	1676.5609	13	4	0	1	1	0.8902	0.3435
17	1021	1	1678.1108	12	2	0	1	1	0.8903	0.4250
17	1022	1	1679.6607	10	11	0	1	1	0.8904	0.5564
17	1023	1	1681.2106	9	9	0	1	1	0.8905	0.5256
17	1024	1	1682.7605	10	11	0	1	1	0.8906	0.4154
17	1025	1	1684.3105	13	4	0	1	1	0.8907	0.5122
17	1026	1	1685.8604	14	3	90	1	1	0.8908	0.8514
17	1027	1	1687.4102	1	14	0	1	1	0.8909	0.5815
17	1028	1	1688.9602	2	1	90	1	1	0.8911	0.6943
17	1029	1	1690.5101	3	7	0	1	1	0.8912	0.6965
17	1030	1	1692.0601	4	6	0	1	1	0.8913	0.8601
17	1031	1	1693.6100	5	5	90	1	1	0.8914	0.7496
17	1032	1	1695.1598	8	10	90	0	1	0.8905	0.8477
17	1033	1	1696.7097	7	15	0	1	1	0.8906	0.7861
17	1034	1	1698.2596	5	5	0	1	1	0.8907	0.6429
17	1035	1	1699.8096	6	8	0	1	1	0.8908	0.8705
17	1036	1	1701.3596	7	15	90	1	1	0.8909	0.8077
17	1037	1	1702.9095	8	10	0	1	1	0.8910	0.9851
17	1038	1	1704.4594	7	15	90	1	1	0.8911	0.8604
17	1039	1	1706.0093	8	10	0	1	1	0.8912	0.5903
17	1040	1	1707.5592	7	15	0	1	1	0.8913	0.6409
17	1041	1	1709.1091	8	10	0	1	1	0.8915	0.5790
17	1042	1	1710.6591	5	5	0	1	1	0.8916	0.5815
17	1043	1	1712.2090	6	8	0	1	1	0.8917	0.4869
17	1044	1	1713.7589	4	6	0	0	1	0.8908	1.0489
17	1045	1	1715.3587	6	8	90	0	1	0.8900	0.7132
17	1046	1	1716.9087	7	15	0	1	1	0.8901	0.5870
17	1047	1	1718.4587	6	8	0	1	1	0.8902	0.6052
17	1048	1	1720.0086	8	10	0	1	1	0.8903	0.6710
17	1049	1	1721.5585	7	15	90	1	1	0.8904	0.8014
17	1050	1	1723.1084	8	10	0	1	1	0.8905	0.8663
17	1051	1	1724.6583	5	5	0	1	1	0.8906	0.6615
17	1052	1	1726.2082	4	6	0	1	1	0.8907	0.8714
17	1053	1	1727.7582	3	7	0	1	1	0.8908	0.7301
17	1054	1	1729.3081	2	1	0	1	1	0.8909	0.5877
17	1055	1	1730.8580	14	3	0	1	1	0.8910	0.5884
17	1056	1	1732.4079	15	12	0	1	1	0.8911	0.5918
17	1057	1	1733.9578	1	14	0	1	1	0.8912	0.5937
17	1058	1	1735.5078	14	3	0	1	1	0.8913	0.5643
17	1059	1	1737.0577	1	14	0	1	1	0.8914	0.4539
17	1060	1	1738.6076	14	3	0	1	1	0.8915	0.5029
17	1061	1	1740.1575	13	4	90	1	1	0.8916	0.6821
17	1062	1	1741.7074	12	2	0	1	1	0.8917	0.6201
17	1063	1	1743.2573	13	4	0	1	1	0.8918	0.6212
17	1064	1	1744.8072	12	2	0	0	1	0.8910	0.5290
17	1065	1	1746.3572	13	4	0	1	1	0.8911	0.4987
17	1066	1	1747.9071	14	3	0	1	1	0.8912	0.6125
17	1067	1	1749.4570	2	1	0	1	1	0.8913	0.6146
17	1068	1	1751.0069	15	12	0	1	1	0.8914	0.5525
17	1069	1	1752.5568	2	1	0	1	1	0.8915	0.4097
17	1070	1	1754.1068	14	3	90	1	1	0.8916	0.7803
17	1071	1	1755.6567	1	14	0	1	1	0.8917	0.6708
17	1072	1	1757.2065	15	12	0	1	1	0.8918	0.6080
17	1073	1	1758.7565	1	14	90	1	1	0.8919	0.6591
17	1074	1	1760.3064	3	7	0	1	1	0.8920	0.6298
17	1075	1	1761.8563	2	1	0	1	1	0.8921	0.5196
17	1076	1	1763.4063	1	14	0	1	1	0.8922	0.5056
17	1077	1	1764.9562	3	7	0	1	1	0.8923	0.6200
17	1078	1	1766.5061	15	12	0	1	1	0.8924	0.6061
17	1079	1	1768.0560	14	3	0	1	1	0.8925	0.5594
17	1080	1	1769.6059	2	1	0	1	1	0.8926	0.5459
17	1081	1	1771.1558	15	12	0	1	1	0.8927	0.2764
17	1082	1	1772.7058	14	3	0	1	1	0.8928	0.2619
17	1083	1	1774.2557	15	12	90	0	1	0.8920	0.5684
17	1084	1	1775.8056	1	14	0	1	1	0.8921	0.4422
17	1085	1	1777.3555	3	7	0	1	1	0.8922	0.6683
17	1086	1	1778.9054	2	1	0	1	1	0.8923	0.4450
17	1087	1	1780.4554	1	14	0	1	1	0.8924	0.3843
17	1088	1	1782.0053	15	12	0	1	1	0.8925	0.4023
17	1089	1	1783.5552	2	1	0	1	1	0.8926	0.4045
17	1090	1	1785.1050	14	3	0	1	1	0.8927	0.4373
17	1091	1	1786.6550	15	12	0	1	1	0.8928	0.4715
17	1092	1	1788.2049	14	3	0	1	1	0.8929	0.3632
17	1093	1	1789.7549	2	1	0	1	1	0.8930	0.4127
17	1094	1	1791.3048	3	7	0	1	1	0.8931	0.7515
17	1095	1	1792.8547	4	6	0	1	1	0.8932	0.8809
17	1096	1	1794.4046	6	8	0	1	1	0.8932	0.5620
17	1097	1	1795.9544	4	6	0	1	1	0.8933	0.8691
17	1098	1	1797.5045	6	8	0	1	1	0.8934	0.5676
17	1099	1	1799.0544	5	5	0	1	1	0.8935	0.6642
17	1100	1	1800.6043	6	8	0	1	1	0.8936	0.7795
17	1101	1	1802.1542	5	5	0	1	1	0.8937	0.9257
17	1102	1	1803.7041	4	6	0	1	1	0.8938	0.9744
17	1103	1	1805.2540	6	8	0	1	1	0.8939	0.5779
17	1104	1	1806.8040	7	15	0	0	1	0.8931	0.5962
17	1105	1	1808.3539	5	5	0	1	1	0.8932	0.4845
17	1106	1	1809.9038	6	8	0	1	1	0.8933	0.5042
17	1107	1	1811.4537	8	10	0	1	1	0.8934	0.6326
17	1108	1	1813.0036	6	8	0	1	1	0.8935	0.6508
17	1109	1	1814.5535	5	5	0	1	1	0.8936	0.5253
17	1110	1	1816.1034	8	10	0	1	1	0.8937	0.4322
17	1111	1	1817.6534	6	8	0	1	1	0.8938	0.4171
17	1112	1	1819.2033	4	6	0	1	1	0.8939	0.4832
17	1113	1	1820.7532	6	8	0	1	1	0.8940	0.4224
17	1114	1	1822.3030	5	5	0	1	1	0.8941	0.4405
17	1115	1	1823.8530	7	15	90	0	1	0.8933	0.5073
17	1116	1	1825.4030	8	10	0	1	1	0.8934	0.8289
17	1117	1	1826.9529	6	8	0	1	1	0.8935	0.6071
17	1118	1	1828.5027	7	15	0	1	1	0.8936	0.6247
17	1119	1	1830.0527	5	5	0	1	1	0.8937	0.5789
17	1120	1	1831.6026	4	6	0	1	1	0.8938	0.5489
17	1121	1	1833.1526	5	5	0	1	1	0.8938	0.4230
17	1122	1	1834.7025	7	15	90	1	1	0.8939	0.7279
17	1123	1	1836.2524	8	10	0	1	1	0.8940	0.6194
17	1124	1	1837.8022	6	8	90	1	1	0.8941	0.6693
17	1125	1	1839.3522	8	10	0	1	1	0.8942	0.6714
17	1126	1	1840.9022	5	5	90	1	1	0.8943	0.6902
17	1127	1	1842.4521	7	15	0	1	1	0.8944	0.5944
17	1128	1	1844.0020	5	5	90	1	1	0.8945	0.6619
17	1129	1	1845.5519	6	8	0	1	1	0.8946	0.4869
17	1130	1	1847.1018	7	15	0	1	1	0.8947	0.6160
17	1131	1	1848.6517	4	6	0	1	1	0.8948	0.7467
17	1132	1	1850.2016	7	15	0	1	1	0.8949	0.6220
17	1133	1	1851.7516	6	8	0	1	1	0.8950	0.5438
17	1134	1	1853.3015	8	10	90	0	1	0.8942	0.8507
17	1135	1	1854.8514	9	9	0	1	1	0.8943	0.7870
17	1136	1	1856.4013	10	11	0	1	1	0.8944	0.8531
17	1137	1	1857.9512	11	13	90	1	1	0.8945	0.7272
17	1138	1	1859.5011	12	2	90	1	1	0.8946	0.6493
17	1139	1	1861.0511	10	11	0	1	1	0.8946	0.6360
17	1140	1	1862.6009	9	9	90	1	1	0.8947	0.7665
17	1141	1	1864.1509	12	2	90	1	1	0.8948	0.8006
17	1142	1	1865.7008	9	9	0	1	1	0.8949	0.7067
17	1143	1	1867.2507	8	10	0	1	1	0.8950	0.6614
17	1144	1	1868.8007	7	15	0	1	1	0.8951	0.7116
17	1145	1	1870.3506	5	5	0	1	1	0.8952	0.6318
17	1146	1	1871.9005	8	10	90	0	1	0.8944	0.6667
17	1147	1	1873.4504	7	15	0	1	1	0.8945	0.6050
17	1148	1	1875.0003	5	5	0	1	1	0.8946	0.6399
17	1149	1	1876.5502	7	15	0	1	1	0.8947	0.4641
17	1150	1	1878.1002	4	6	0	0	1	0.8939	0.8675
17	1151	1	1879.6501	3	7	0	1	1	0.8940	0.6774
17	1152	1	1881.1999	1	14	90	1	1	0.8941	0.7757
17	1153	1	1882.7499	2	1	90	1	1	0.8942	0.8890
17	1154	1	1884.2998	14	3	0	1	1	0.8943	0.5721
17	1155	1	1885.8498	2	1	90	1	1	0.8944	0.7647
17	1156	1	1887.3997	14	3	0	1	1	0.8945	0.5587
17	1157	1	1888.9496	1	14	0	1	1	0.8946	0.6581
17	1158	1	1890.4995	14	3	0	1	1	0.8946	0.5961
17	1159	1	1892.0494	13	4	0	1	1	0.8947	0.5489
17	1160	1	1893.5993	14	3	90	1	1	0.8948	0.6969
17	1161	1	1895.1492	15	12	0	1	1	0.8949	0.6502
17	1162	1	1896.6992	3	7	0	1	1	0.8950	0.6043
17	1163	1	1898.2491	15	12	90	0	1	0.8942	0.5893
17	1164	1	1899.7989	14	3	90	0	1	0.8935	0.5757
17	1165	1	1901.3488	1	14	0	1	1	0.8936	0.5307
17	1166	1	1902.8988	3	7	90	1	1	0.8937	0.9326
17	1167	1	1904.4488	2	1	0	1	1	0.8937	0.7895
17	1168	1	1905.9987	3	7	0	1	1	0.8938	1.0329
17	1169	1	1907.5486	4	6	90	1	1	0.8939	0.8910
17	1170	1	1909.0985	7	15	0	1	1	0.8940	0.6057
17	1171	1	1910.6484	6	8	0	1	1	0.8941	0.6077
17	1172	1	1912.1984	7	15	0	1	1	0.8942	0.6091
17	1173	1	1913.7483	5	5	0	1	1	0.8943	0.5318
17	1174	1	1915.2981	7	15	0	1	1	0.8944	0.6603
17	1175	1	1916.8480	5	5	0	1	1	0.8945	0.5523
17	1176	1	1918.3980	8	10	90	0	1	0.8937	0.5216
17	1177	1	1919.9479	5	5	0	1	1	0.8938	0.5721
17	1178	1	1921.4979	7	15	0	1	1	0.8939	0.6222
17	1179	1	1923.0478	4	6	90	1	1	0.8940	0.9106
17	1180	1	1924.5977	6	8	0	1	1	0.8941	0.6407
17	1181	1	1926.1475	7	15	0	1	1	0.8942	0.6120
17	1182	1	1927.6975	5	5	0	1	1	0.8942	0.5500
17	1183	1	1929.2474	8	10	0	1	1	0.8943	0.8389
17	1184	1	1930.7974	9	9	0	1	1	0.8944	0.7786
17	1185	1	1932.3473	10	11	0	1	1	0.8945	0.7161
17	1186	1	1933.8972	12	2	0	1	1	0.8946	0.6051
17	1187	1	1935.4471	9	9	0	1	1	0.8947	0.5753
17	1188	1	1936.9970	12	2	0	1	1	0.8948	0.5453
17	1189	1	1938.5470	13	4	90	1	1	0.8949	0.6753
17	1190	1	1940.0968	11	13	0	1	1	0.8950	0.6465
17	1191	1	1941.6467	13	4	0	1	1	0.8950	0.6637
17	1192	1	1943.1967	11	13	0	1	1	0.8951	0.6509
17	1193	1	1944.7466	12	2	0	1	1	0.8952	0.5397
17	1194	1	1946.2965	9	9	0	1	1	0.8953	0.5740
17	1195	1	1947.8465	11	13	90	1	1	0.8954	0.9919
17	1196	1	1949.3963	10	11	0	1	1	0.8955	1.0599
17	1197	1	1950.9463	9	9	0	1	1	0.8956	1.1086
17	1198	1	1952.4962	10	11	0	1	1	0.8957	0.7101
17	1199	1	1954.0461	11	13	0	1	1	0.8957	0.8241
17	1200	1	1955.5961	10	11	0	1	1	0.8958	1.0193
17	1201	1	1957.1460	9	9	0	1	1	0.8959	0.6363
17	1202	1	1958.6959	10	11	0	1	1	0.8960	0.9903
17	1203	1	1960.2458	13	4	0	1	1	0.8961	0.6084
17	1204	1	1961.7957	12	2	0	1	1	0.8962	0.6907
17	1205	1	1963.3456	9	9	0	1	1	0.8963	0.6462
17	1206	1	1964.8955	11	13	0	1	1	0.8964	0.5829
17	1207	1	1966.4455	10	11	0	1	1	0.8964	0.4904
17	1208	1	1967.9954	12	2	0	1	1	0.8965	0.6834
17	1209	1	1969.5453	10	11	0	1	1	0.8966	0.4610
17	1210	1	1971.0952	13	4	0	1	1	0.8967	0.7365
17	1211	1	1972.6451	10	11	0	1	1	0.8968	0.5622
17	1212	1	1974.1950	12	2	90	1	1	0.8969	0.7405
17	1213	1	1975.7450	11	13	0	1	1	0.8969	0.5343
17	1214	1	1977.2949	12	2	0	1	1	0.8970	0.6805
17	1215	1	1978.8448	11	13	0	1	1	0.8971	0.6667
17	1216	1	1980.3947	10	11	90	1	1	0.8972	0.5894
17	1217	1	1981.9446	12	2	90	1	1	0.8973	0.7016
17	1218	1	1983.4945	9	9	90	1	1	0.8974	0.7198
17	1219	1	1985.0444	8	10	0	1	1	0.8975	0.8019
17	1220	1	1986.5944	7	15	0	1	1	0.8975	0.5816
17	1221	1	1988.1443	5	5	0	1	1	0.8976	0.6300
17	1222	1	1989.6942	6	8	90	1	1	0.8977	0.7933
17	1223	1	1991.2441	4	6	0	1	1	0.8978	0.8586
17	1224	1	1992.7941	6	8	0	1	1	0.8979	0.5412
17	1225	1	1994.3440	5	5	0	1	1	0.8980	0.4625
17	1226	1	1995.8939	7	15	90	1	1	0.8980	0.5124
17	1227	1	1997.4438	8	10	0	1	1	0.8981	0.6436
17	1228	1	1998.9937	5	5	0	1	1	0.8982	0.4862
17	1229	1	2000.5436	8	10	0	1	1	0.8983	0.5199
17	1230	1	2002.0936	5	5	90	1	1	0.8984	0.6007
17	1231	1	2003.6435	6	8	0	1	1	0.8985	0.5548
17	1232	1	2005.1934	7	15	90	1	1	0.8985	0.5425
17	1233	1	2006.7433	6	8	90	1	1	0.8986	0.5607
17	1234	1	2008.2932	8	10	0	1	1	0.8987	0.5951
17	1235	1	2009.8431	6	8	0	1	1	0.8988	0.4991
17	1236	1	2011.3931	4	6	0	1	1	0.8989	0.7412
17	1237	1	2012.9430	7	15	0	1	1	0.8989	0.5032
17	1238	1	2014.4929	4	6	0	1	1	0.8990	0.5694
17	1239	1	2016.0428	5	5	0	1	1	0.8991	0.5874
17	1240	1	2017.5927	4	6	0	1	1	0.8992	0.3989
17	1241	1	2019.1427	6	8	0	1	1	0.8993	0.4974
17	1242	1	2020.6926	4	6	0	1	1	0.8994	0.4336
17	1243	1	2022.2425	3	7	0	1	1	0.8994	0.7729
17	1244	1	2023.7924	15	12	0	1	1	0.8995	0.6470
17	1245	1	2025.3423	14	3	0	1	1	0.8996	0.6172
17	1246	1	2026.8923	15	12	90	1	1	0.8997	0.7144
17	1247	1	2028.4422	14	3	0	1	1	0.8998	0.7332
17	1248	1	2029.9921	1	14	0	1	1	0.8998	0.4955
17	1249	1	2031.5420	2	1	0	1	1	0.8999	0.5934
17	1250	1	2033.0919	1	14	0	1	1	0.9000	0.5314
17	1251	1	2034.6419	15	12	0	1	1	0.9001	0.5176
17	1252	1	2036.1918	3	7	90	1	1	0.9002	0.7917
17	1253	1	2037.7416	1	14	0	1	1	0.9002	0.4746
17	1254	1	2039.2916	14	3	90	0	1	0.8995	0.5238
17	1255	1	2040.8415	13	4	0	1	1	0.8996	0.5419
17	1256	1	2042.3914	12	2	90	0	1	0.8989	0.4967
17	1257	1	2043.9413	9	9	0	1	1	0.8990	0.6422
17	1258	1	2045.4912	11	13	0	1	1	0.8990	0.6112
17	1259	1	2047.0412	13	4	0	1	1	0.8991	0.5663
17	1260	1	2048.5910	12	2	0	1	1	0.8992	0.5684
17	1261	1	2050.1410	13	4	0	1	1	0.8993	0.4108
17	1262	1	2051.6909	12	2	0	1	1	0.8994	0.5564
17	1263	1	2053.2408	13	4	0	1	1	0.8994	0.7029
17	1264	1	2054.7907	14	3	0	1	1	0.8995	0.6088
17	1265	1	2056.3406	15	12	0	1	1	0.8996	0.6106
17	1266	1	2057.8906	14	3	0	1	1	0.8997	0.6763
17	1267	1	2059.4405	1	14	0	1	1	0.8998	0.4067
17	1268	1	2060.9904	15	12	90	0	1	0.8991	0.4568
17	1269	1	2062.5403	3	7	90	1	1	0.8991	0.7939
17	1270	1	2064.0903	2	1	0	1	1	0.8992	0.6212
17	1271	1	2065.6402	3	7	0	1	1	0.8993	0.6873
17	1272	1	2067.1901	4	6	0	1	1	0.8994	0.6896
17	1273	1	2068.7400	7	15	0	1	1	0.8995	0.6754
17	1274	1	2070.2899	5	5	0	1	1	0.8995	0.4535
17	1275	1	2071.8398	8	10	0	1	1	0.8996	0.7596
17	1276	1	2073.3898	9	9	90	1	1	0.8997	0.6661
17	1277	1	2074.9397	12	2	0	1	1	0.8998	0.6516
17	1278	1	2076.4896	11	13	0	1	1	0.8998	0.6217
17	1279	1	2078.0395	12	2	90	1	1	0.8999	0.7507
17	1280	1	2079.5894	13	4	0	1	1	0.9000	0.4968
17	1281	1	2081.1394	11	13	0	1	1	0.9001	0.6287
17	1282	1	2082.6893	10	11	0	1	1	0.9002	0.5508
17	1283	1	2084.2392	11	13	0	1	1	0.9002	0.6483
17	1284	1	2085.7890	10	11	0	1	1	0.9003	0.6971
17	1285	1	2087.3390	9	9	0	1	1	0.9004	0.6523
17	1286	1	2088.8890	10	11	0	1	1	0.9005	0.7029
17	1287	1	2090.4389	12	2	0	1	1	0.9005	0.5929
17	1288	1	2091.9888	11	13	0	1	1	0.9006	0.5630
17	1289	1	2093.5386	9	9	90	1	1	0.9007	0.6453
17	1290	1	2095.0886	11	13	0	1	1	0.9008	0.6154
17	1291	1	2096.6385	12	2	0	1	1	0.9009	0.9048
17	1292	1	2098.1884	11	13	0	1	1	0.9009	0.9077
17	1293	1	2099.7384	9	9	0	1	1	0.9010	0.6837
17	1294	1	2101.2883	11	13	0	1	1	0.9011	0.5429
17	1295	1	2102.8382	10	11	0	1	1	0.9012	0.4492
17	1296	1	2104.3881	9	9	90	1	1	0.9012	0.6434
17	1297	1	2105.9380	10	11	0	1	1	0.9013	0.4364
17	1298	1	2107.4880	11	13	0	1	1	0.9014	0.5195
17	1299	1	2109.0379	12	2	90	1	1	0.9015	0.6816
17	1300	1	2110.5878	9	9	0	1	1	0.9015	0.5864
17	1301	1	2112.1376	10	11	90	0	1	0.9008	0.4445
17	1302	1	2113.6876	13	4	0	1	1	0.9009	0.6237
17	1303	1	2115.2375	11	13	0	1	1	0.9010	0.5617
17	1304	1	2116.7874	10	11	90	0	1	0.9003	0.5801
17	1305	1	2118.3373	13	4	0	1	1	0.9004	0.6128
17	1306	1	2119.8873	12	2	90	1	1	0.9005	0.7908
17	1307	1	2121.4372	11	13	0	1	1	0.9005	0.5388
17	1308	1	2122.9871	10	11	90	0	1	0.8998	0.5887
17	1309	1	2124.5370	12	2	90	1	1	0.8999	1.1180
17	1310	1	2126.0869	13	4	0	1	1	0.9000	0.6244
17	1311	1	2127.6369	12	2	0	1	1	0.9001	0.7064
17	1312	1	2129.1868	13	4	90	1	1	0.9002	0.7249
17	1313	1	2130.7367	12	2	90	0	1	0.8995	0.6149
17	1314	1	2132.2866	13	4	90	1	1	0.8995	0.7611
17	1315	1	2133.8366	12	2	90	1	1	0.8996	0.6984
17	1316	1	2135.3865	10	11	90	0	1	0.8989	0.9562
17	1317	1	2136.9364	11	13	0	1	1	0.8990	0.7355
17	1318	1	2138.4863	9	9	0	1	1	0.8991	0.7690
17	1319	1	2140.0362	10	11	0	1	1	0.8992	0.6278
17	1320	1	2141.5862	13	4	0	1	1	0.8992	0.6291
17	1321	1	2143.1361	14	3	0	1	1	0.8993	0.6947
17	1322	1	2144.6860	1	14	90	1	1	0.8994	1.0493
17	1323	1	2146.2359	14	3	0	1	1	0.8995	0.5875
17	1324	1	2147.7858	2	1	0	1	1	0.8995	0.5729
17	1325	1	2149.3357	3	7	0	0	1	0.8989	0.5922
17	1326	1	2150.8856	4	6	0	1	1	0.8989	0.5924
17	1327	1	2152.4356	6	8	0	1	1	0.8990	0.5957
17	1328	1	2153.9855	8	10	90	0	1	0.8983	0.6305
17	1329	1	2155.5354	9	9	90	1	1	0.8984	0.6960
17	1330	1	2157.0853	12	2	0	1	1	0.8985	0.6186
17	1331	1	2158.6352	11	13	0	1	1	0.8986	0.5400
17	1332	1	2160.1852	12	2	90	1	1	0.8986	0.6859
17	1333	1	2161.7351	10	11	0	1	1	0.8987	0.6073
17	1334	1	2163.2850	11	13	0	1	1	0.8988	0.6252
17	1335	1	2164.8349	10	11	90	0	1	0.8981	0.6606
17	1336	1	2166.3848	13	4	0	1	1	0.8982	0.5654
17	1337	1	2167.9347	12	2	0	1	1	0.8983	0.5994
17	1338	1	2169.4846	13	4	0	1	1	0.8984	0.6033
17	1339	1	2171.0345	10	11	0	1	1	0.8984	0.5397
17	1340	1	2172.5845	9	9	0	1	1	0.8985	0.6234
17	1341	1	2174.1344	10	11	0	1	1	0.8986	0.4974
17	1342	1	2175.6843	9	9	0	1	1	0.8987	0.4978
17	1343	1	2177.2342	12	2	0	1	1	0.8987	0.5491
17	1344	1	2178.7842	11	13	0	1	1	0.8988	0.5197
17	1345	1	2180.3340	12	2	0	1	1	0.8989	0.6319
17	1346	1	2181.8840	13	4	0	1	1	0.8990	0.4758
17	1347	1	2183.4339	14	3	90	1	1	0.8990	0.8122
17	1348	1	2184.9838	13	4	0	1	1	0.8991	0.6237
17	1349	1	2186.5337	10	11	0	1	1	0.8992	0.4974
17	1350	1	2188.0837	12	2	0	1	1	0.8993	0.4354
17	1351	1	2189.6336	11	13	0	1	1	0.8993	0.4064
17	1352	1	2191.1835	13	4	0	1	1	0.8994	0.4233
17	1353	1	2192.7334	12	2	0	1	1	0.8995	0.5066
17	1354	1	2194.2834	13	4	0	1	1	0.8996	0.4917
17	1355	1	2195.8333	11	13	0	1	1	0.8996	0.5585
17	1356	1	2197.3831	10	11	0	1	1	0.8997	0.7679
17	1357	1	2198.9330	9	9	0	1	1	0.8998	0.6273
17	1358	1	2200.4830	8	10	0	1	1	0.8999	0.6924
17	1359	1	2202.0329	6	8	0	1	1	0.8999	0.4547
17	1360	1	2203.5828	4	6	0	1	1	0.9000	0.8232
17	1361	1	2205.1328	5	5	0	1	1	0.9001	0.5374
17	1362	1	2206.6827	8	10	0	1	1	0.9001	0.5553
17	1363	1	2208.2326	5	5	0	1	1	0.9002	0.4631
17	1364	1	2209.7825	7	15	0	1	1	0.9003	0.5436
17	1365	1	2211.3324	5	5	0	1	1	0.9004	0.4657
17	1366	1	2212.8824	4	6	0	1	1	0.9004	0.9488
17	1367	1	2214.4323	6	8	0	1	1	0.9005	0.5360
17	1368	1	2215.9822	8	10	0	1	1	0.9006	0.7935
17	1369	1	2217.5321	9	9	0	1	1	0.9007	0.9072
17	1370	1	2219.0820	8	10	0	1	1	0.9007	0.5105
17	1371	1	2220.6320	7	15	0	1	1	0.9008	0.5581
17	1372	1	2222.1818	4	6	90	0	1	0.9001	0.4161
17	1373	1	2223.7318	5	5	0	1	1	0.9002	0.4838
17	1374	1	2225.2817	8	10	0	1	1	0.9003	0.5497
17	1375	1	2226.8316	6	8	90	1	1	0.9004	0.5665
17	1376	1	2228.3815	8	10	0	1	1	0.9004	0.5696
17	1377	1	2229.9314	7	15	0	1	1	0.9005	0.5561
17	1378	1	2231.4813	5	5	0	1	1	0.9006	0.6059
17	1379	1	2233.0313	7	15	0	1	1	0.9007	0.5117
17	1380	1	2234.5812	5	5	0	1	1	0.9007	0.4811
17	1381	1	2236.1311	4	6	90	1	1	0.9008	0.6915
17	1382	1	2237.6810	7	15	0	1	1	0.9009	0.5343
17	1383	1	2239.2309	6	8	0	1	1	0.9009	0.5848
17	1384	1	2240.7809	7	15	0	1	1	0.9010	0.6023
17	1385	1	2242.3308	5	5	0	1	1	0.9011	0.5405
17	1386	1	2243.8807	7	15	90	0	1	0.9004	0.6066
17	1387	1	2245.4306	8	10	0	1	1	0.9005	0.5284
17	1388	1	2246.9805	7	15	90	1	1	0.9006	0.8497
17	1389	1	2248.5305	6	8	0	1	1	0.9006	0.5011
17	1390	1	2250.0804	8	10	0	1	1	0.9007	0.5976
17	1391	1	2251.6303	9	9	0	1	1	0.9008	0.6494
17	1392	1	2253.1802	10	11	0	0	1	0.9001	1.0192
17	1393	1	2254.7301	11	13	0	1	1	0.9002	0.5090
17	1394	1	2256.2801	12	2	0	1	1	0.9003	0.6224
17	1395	1	2257.8300	10	11	0	1	1	0.9004	0.6892
17	1396	1	2259.3799	11	13	0	1	1	0.9004	0.6439
17	1397	1	2260.9297	13	4	90	0	1	0.8998	0.5984
17	1398	1	2262.4797	12	2	0	1	1	0.8999	0.7599
17	1399	1	2264.0295	10	11	0	1	1	0.8999	0.6343
17	1400	1	2265.5796	9	9	0	1	1	0.9000	0.6522
17	1	2	1.0166	15	12	0	-1	1	0.0000	0.8980
17	2	2	2.5499	1	14	0	-1	1	0.0000	0.6292
17	3	2	4.0831	3	7	0	-1	1	0.0000	0.8559
17	4	2	5.6164	2	1	0	-1	1	0.0000	0.6019
17	5	2	7.1496	1	14	0	-1	1	0.0000	0.7657
17	6	2	8.6829	14	3	0	-1	0	0.0000	-1.0000
17	7	2	10.2161	1	14	0	-1	0	0.0000	-1.0000
17	8	2	11.7494	3	7	0	-1	0	0.0000	-1.0000
17	9	2	13.2826	1	14	0	-1	0	0.0000	-1.0000
17	10	2	14.8159	14	3	0	-1	0	0.0000	-1.0000
17	11	2	16.3491	15	12	0	-1	0	0.0000	-1.0000
17	12	2	17.8824	2	1	0	-1	0	0.0000	-1.0000
17	13	2	19.4156	15	12	0	-1	0	0.0000	-1.0000
17	14	2	20.9489	1	14	0	-1	0	0.0000	-1.0000
17	15	2	22.4821	2	1	0	-1	0	0.0000	-1.0000
17	16	2	24.0154	1	14	0	-1	0	0.0000	-1.0000
17	17	2	25.5486	15	12	0	-1	1	0.0000	0.6219
17	18	2	27.0819	14	3	0	-1	0	0.0000	-1.0000
17	19	2	28.6151	13	4	0	-1	0	0.0000	-1.0000
17	20	2	30.1484	12	2	0	-1	0	0.0000	-1.0000
17	21	2	31.6816	11	13	0	-1	0	0.0000	-1.0000
17	22	2	33.2149	10	11	0	-1	0	0.0000	-1.0000
17	23	2	34.7482	9	9	0	-1	0	0.0000	-1.0000
17	24	2	36.2814	8	10	0	-1	0	0.0000	-1.0000
17	25	2	37.8147	7	15	0	-1	1	0.0000	0.4041
17	26	2	39.3479	6	8	0	-1	0	0.0000	-1.0000
17	27	2	40.8811	5	5	0	-1	0	0.0000	-1.0000
17	28	2	42.4144	4	6	0	-1	0	0.0000	-1.0000
17	29	2	43.9476	3	7	0	-1	1	0.1250	0.6388
17	30	2	45.4809	2	1	0	-1	0	0.1250	-1.0000
17	31	2	47.0142	14	3	0	-1	0	0.1250	-1.0000
17	32	2	48.5474	15	12	0	-1	0	0.1250	-1.0000
17	33	2	50.0807	2	1	0	-1	1	0.1111	0.3782
17	34	2	51.6139	14	3	0	-1	0	0.1111	-1.0000
17	35	2	53.1472	13	4	0	-1	0	0.1111	-1.0000
17	36	2	54.6804	10	11	0	-1	0	0.1111	-1.0000
17	37	2	56.2137	11	13	0	-1	1	0.1000	1.2527
17	38	2	57.7468	12	2	0	-1	0	0.1000	-1.0000
17	39	2	59.2801	10	11	0	-1	0	0.1000	-1.0000
17	40	2	60.8134	11	13	0	-1	0	0.1000	-1.0000
17	41	2	62.3467	12	2	0	-1	0	0.1000	-1.0000
17	42	2	63.8800	11	13	0	-1	0	0.1000	-1.0000
17	43	2	65.4132	10	11	0	-1	0	0.1000	-1.0000
17	44	2	66.9464	9	9	0	-1	0	0.1000	-1.0000
17	45	2	68.4797	10	11	0	-1	1	0.0909	0.2345
17	46	2	70.0129	9	9	0	-1	0	0.0909	-1.0000
17	47	2	71.5461	8	10	0	-1	0	0.0909	-1.0000
17	48	2	73.0794	7	15	0	-1	0	0.0909	-1.0000
17	49	2	74.6127	6	8	0	-1	1	0.0833	1.4939
17	50	2	76.1460	5	5	0	-1	1	0.0769	0.0168
17	51	2	77.6792	4	6	0	-1	0	0.0769	-1.0000
17	52	2	79.2125	3	7	0	-1	0	0.0769	-1.0000
17	53	2	80.7457	2	1	0	-1	1	0.0714	0.4326
17	54	2	82.2790	1	14	0	-1	0	0.0714	-1.0000
17	55	2	83.8122	15	12	0	-1	0	0.0714	-1.0000
17	56	2	85.3455	14	3	0	-1	0	0.0714	-1.0000
17	57	2	86.8787	13	4	0	-1	1	0.1333	0.2036
17	58	2	88.4120	12	2	0	-1	0	0.1333	-1.0000
17	59	2	89.9452	11	13	0	-1	0	0.1333	-1.0000
17	60	2	91.4784	10	11	0	-1	0	0.1333	-1.0000
17	61	2	93.0117	12	2	0	-1	1	0.1250	0.4869
17	62	2	94.5450	9	9	0	-1	0	0.1250	-1.0000
17	63	2	96.0782	8	10	0	-1	0	0.1250	-1.0000
17	64	2	97.6115	5	5	0	-1	0	0.1250	-1.0000
17	65	2	99.1448	8	10	0	-1	0	0.1250	-1.0000
17	66	2	100.6780	9	9	0	-1	0	0.1250	-1.0000
17	67	2	102.2113	8	10	0	-1	0	0.1250	-1.0000
17	68	2	103.7445	5	5	0	-1	0	0.1250	-1.0000
17	69	2	105.2778	4	6	0	-1	0	0.1250	-1.0000
17	70	2	106.8110	6	8	0	-1	1	0.1176	0.7196
17	71	2	108.3443	5	5	0	-1	0	0.1176	-1.0000
17	72	2	109.8775	8	10	0	-1	0	0.1176	-1.0000
17	73	2	111.4108	7	15	0	-1	0	0.1176	-1.0000
17	74	2	112.9440	8	10	0	-1	1	0.1111	0.3626
17	75	2	114.4773	9	9	0	-1	0	0.1111	-1.0000
17	76	2	116.0105	8	10	0	-1	0	0.1111	-1.0000
17	77	2	117.5438	7	15	0	-1	0	0.1111	-1.0000
17	78	2	119.0770	6	8	0	-1	1	0.1053	0.5488
17	79	2	120.6103	5	5	0	-1	0	0.1053	-1.0000
17	80	2	122.1435	4	6	0	-1	0	0.1053	-1.0000
17	81	2	123.6768	3	7	0	-1	0	0.1053	-1.0000
17	82	2	125.2100	2	1	0	-1	0	0.1053	-1.0000
17	83	2	126.7433	1	14	0	-1	0	0.1053	-1.0000
17	84	2	128.2765	15	12	0	-1	0	0.1053	-1.0000
17	85	2	129.8098	14	3	0	-1	1	0.1000	0.7126
17	86	2	131.3431	13	4	0	-1	0	0.1000	-1.0000
17	87	2	132.8763	12	2	0	-1	1	0.0952	1.0863
17	88	2	134.4095	11	13	0	-1	0	0.0952	-1.0000
17	89	2	135.9428	10	11	0	-1	1	0.0909	0.6280
17	90	2	137.4760	9	9	0	-1	0	0.0909	-1.0000
17	91	2	139.0093	8	10	0	-1	0	0.0909	-1.0000
17	92	2	140.5425	7	15	0	-1	0	0.0909	-1.0000
17	93	2	142.0758	6	8	0	-1	1	0.0870	0.6549
17	94	2	143.6090	5	5	0	-1	0	0.0870	-1.0000
17	95	2	145.1423	7	15	0	-1	0	0.0870	-1.0000
17	96	2	146.6756	8	10	0	-1	0	0.0870	-1.0000
17	97	2	148.2088	5	5	0	-1	1	0.0833	0.4095
17	98	2	149.7421	7	15	0	-1	0	0.0833	-1.0000
17	99	2	151.2753	5	5	0	-1	0	0.0833	-1.0000
17	100	2	152.8085	6	8	0	-1	1	0.0800	0.7221
17	101	2	154.3418	8	10	0	-1	0	0.0800	-1.0000
17	102	2	155.8751	9	9	0	-1	0	0.0800	-1.0000
17	103	2	157.4083	12	2	0	-1	0	0.0800	-1.0000
17	104	2	158.9416	10	11	0	-1	1	0.0769	0.4291
17	105	2	160.4748	9	9	0	-1	0	0.0769	-1.0000
17	106	2	162.0081	8	10	0	-1	0	0.0769	-1.0000
17	107	2	163.5413	7	15	0	-1	0	0.0769	-1.0000
17	108	2	165.0746	6	8	0	-1	1	0.0741	0.5840
17	109	2	166.6078	5	5	0	-1	0	0.0741	-1.0000
17	110	2	168.1411	4	6	0	-1	0	0.0741	-1.0000
17	111	2	169.6743	3	7	0	-1	0	0.0741	-1.0000
17	112	2	171.2076	2	1	0	-1	0	0.0741	-1.0000
17	113	2	172.7409	1	14	0	-1	0	0.0741	-1.0000
17	114	2	174.2741	15	12	0	-1	0	0.0741	-1.0000
17	115	2	175.8073	14	3	0	-1	1	0.0714	0.4597
17	116	2	177.3406	13	4	0	-1	0	0.0714	-1.0000
17	117	2	178.8739	12	2	0	-1	0	0.0714	-1.0000
17	118	2	180.4071	11	13	0	-1	0	0.0714	-1.0000
17	119	2	181.9404	10	11	0	-1	0	0.0714	-1.0000
17	120	2	183.4736	9	9	0	-1	0	0.0714	-1.0000
17	121	2	185.0069	8	10	0	-1	0	0.0714	-1.0000
17	122	2	186.5401	6	8	0	-1	1	0.0690	0.6384
17	123	2	188.0734	8	10	0	-1	0	0.0690	-1.0000
17	124	2	189.6066	5	5	0	-1	0	0.0690	-1.0000
17	125	2	191.1399	4	6	0	-1	0	0.0690	-1.0000
17	126	2	192.6731	6	8	0	-1	0	0.0690	-1.0000
17	127	2	194.2064	7	15	0	-1	0	0.0690	-1.0000
17	128	2	195.7397	6	8	0	-1	0	0.0690	-1.0000
17	129	2	197.2729	7	15	0	-1	0	0.0690	-1.0000
17	130	2	198.8061	6	8	0	-1	1	0.0667	0.5169
17	131	2	200.3394	5	5	0	-1	0	0.0667	-1.0000
17	132	2	201.8726	8	10	0	-1	0	0.0667	-1.0000
17	133	2	203.4059	7	15	0	-1	0	0.0667	-1.0000
17	134	2	204.9391	8	10	0	-1	0	0.0667	-1.0000
17	135	2	206.4724	5	5	0	-1	0	0.0667	-1.0000
17	136	2	208.0056	6	8	0	-1	1	0.0645	0.7088
17	137	2	209.5389	7	15	0	-1	0	0.0645	-1.0000
17	138	2	211.0721	8	10	0	-1	0	0.0645	-1.0000
17	139	2	212.6054	9	9	0	-1	0	0.0645	-1.0000
17	140	2	214.1387	10	11	0	-1	0	0.0645	-1.0000
17	141	2	215.6719	11	13	0	-1	0	0.0645	-1.0000
17	142	2	217.2052	12	2	0	-1	0	0.0645	-1.0000
17	143	2	218.7384	13	4	0	-1	1	0.0625	0.4568
17	144	2	220.2717	14	3	0	-1	0	0.0625	-1.0000
17	145	2	221.8049	15	12	0	-1	0	0.0625	-1.0000
17	146	2	223.3381	1	14	0	-1	0	0.0625	-1.0000
17	147	2	224.8714	2	1	0	-1	0	0.0625	-1.0000
17	148	2	226.4047	3	7	0	-1	0	0.0625	-1.0000
17	149	2	227.9379	4	6	0	-1	0	0.0625	-1.0000
17	150	2	229.4712	5	5	0	-1	1	0.0606	0.6196
17	151	2	231.0044	6	8	0	-1	0	0.0606	-1.0000
17	152	2	232.5377	4	6	0	-1	0	0.0606	-1.0000
17	153	2	234.0709	7	15	0	-1	0	0.0606	-1.0000
17	154	2	235.6042	8	10	0	-1	0	0.0606	-1.0000
17	155	2	237.1374	6	8	0	-1	0	0.0606	-1.0000
17	156	2	238.6707	4	6	0	-1	0	0.0606	-1.0000
17	157	2	240.2040	3	7	0	-1	0	0.0606	-1.0000
17	158	2	241.7372	15	12	0	-1	0	0.0606	-1.0000
17	159	2	243.2704	1	14	0	-1	1	0.0588	0.8039
17	160	2	244.8037	3	7	0	-1	0	0.0588	-1.0000
17	161	2	246.3370	4	6	0	-1	0	0.0588	-1.0000
17	162	2	247.8701	5	5	0	-1	0	0.0588	-1.0000
17	163	2	249.4035	6	8	0	-1	1	0.0571	0.6868
17	164	2	250.9367	7	15	0	-1	0	0.0571	-1.0000
17	165	2	252.4699	5	5	0	-1	0	0.0571	-1.0000
17	166	2	254.0032	6	8	0	-1	1	0.0556	1.0471
17	167	2	255.5365	7	15	0	-1	0	0.0556	-1.0000
17	168	2	257.0697	8	10	0	-1	0	0.0556	-1.0000
17	169	2	258.6030	9	9	0	-1	0	0.0556	-1.0000
17	170	2	260.1362	10	11	0	-1	0	0.0556	-1.0000
17	171	2	261.6694	11	13	0	-1	0	0.0556	-1.0000
17	172	2	263.2027	12	2	0	-1	0	0.0556	-1.0000
17	173	2	264.7359	13	4	0	-1	0	0.0556	-1.0000
17	174	2	266.2692	14	3	0	-1	0	0.0556	-1.0000
17	175	2	267.8025	15	12	0	-1	0	0.0556	-1.0000
17	176	2	269.3357	1	14	0	-1	0	0.0556	-1.0000
17	177	2	270.8690	2	1	0	-1	1	0.0541	0.4378
17	178	2	272.4022	3	7	0	-1	0	0.0541	-1.0000
17	179	2	273.9355	4	6	0	-1	1	0.0789	0.9709
17	180	2	275.4687	5	5	0	-1	0	0.0789	-1.0000
17	181	2	277.0020	4	6	0	-1	0	0.0789	-1.0000
17	182	2	278.5353	5	5	0	-1	0	0.0789	-1.0000
17	183	2	280.0685	6	8	0	-1	1	0.0769	0.6142
17	184	2	281.6017	4	6	0	-1	0	0.0769	-1.0000
17	185	2	283.1350	6	8	0	-1	0	0.0769	-1.0000
17	186	2	284.6683	8	10	0	-1	0	0.0769	-1.0000
17	187	2	286.2015	7	15	0	-1	0	0.0769	-1.0000
17	188	2	287.7347	8	10	0	-1	0	0.0769	-1.0000
17	189	2	289.2680	9	9	0	-1	0	0.0769	-1.0000
17	190	2	290.8012	8	10	0	-1	0	0.0769	-1.0000
17	191	2	292.3345	5	5	0	-1	0	0.0769	-1.0000
17	192	2	293.8678	6	8	0	-1	1	0.0750	0.4467
17	193	2	295.4010	7	15	0	-1	0	0.0750	-1.0000
17	194	2	296.9342	6	8	0	-1	1	0.0732	0.7081
17	195	2	298.4675	4	6	0	-1	0	0.0732	-1.0000
17	196	2	300.0007	5	5	0	-1	0	0.0732	-1.0000
17	197	2	301.5340	6	8	0	-1	1	0.0714	0.5884
17	198	2	303.0673	7	15	0	-1	0	0.0714	-1.0000
17	199	2	304.6005	8	10	0	-1	0	0.0714	-1.0000
17	200	2	306.1338	9	9	0	-1	0	0.0714	-1.0000
17	201	2	307.6670	10	11	0	-1	0	0.0714	-1.0000
17	202	2	309.2003	11	13	0	-1	0	0.0714	-1.0000
17	203	2	310.7335	12	2	0	-1	0	0.0714	-1.0000
17	204	2	312.2668	13	4	0	-1	1	0.0698	0.6394
17	205	2	313.8000	14	3	0	-1	0	0.0698	-1.0000
17	206	2	315.3333	15	12	0	-1	0	0.0698	-1.0000
17	207	2	316.8665	1	14	0	-1	0	0.0698	-1.0000
17	208	2	318.3998	2	1	0	-1	0	0.0698	-1.0000
17	209	2	319.9330	3	7	0	-1	0	0.0698	-1.0000
17	210	2	321.4663	4	6	0	-1	0	0.0698	-1.0000
17	211	2	322.9996	5	5	0	-1	1	0.0682	0.0508
17	212	2	324.5328	4	6	0	-1	0	0.0682	-1.0000
17	213	2	326.0661	3	7	0	-1	0	0.0682	-1.0000
17	214	2	327.5993	2	1	0	-1	0	0.0682	-1.0000
17	215	2	329.1325	3	7	0	-1	0	0.0682	-1.0000
17	216	2	330.6658	2	1	0	-1	0	0.0682	-1.0000
17	217	2	332.1990	3	7	0	-1	1	0.0667	0.6594
17	218	2	333.7323	4	6	0	-1	0	0.0667	-1.0000
17	219	2	335.2656	7	15	0	-1	0	0.0667	-1.0000
17	220	2	336.7987	6	8	0	-1	0	0.0667	-1.0000
17	221	2	338.3320	8	10	0	-1	0	0.0667	-1.0000
17	222	2	339.8653	6	8	0	-1	1	0.0652	0.4648
17	223	2	341.3986	8	10	0	-1	0	0.0652	-1.0000
17	224	2	342.9318	6	8	0	-1	0	0.0652	-1.0000
17	225	2	344.4650	5	5	0	-1	0	0.0652	-1.0000
17	226	2	345.9983	6	8	0	-1	1	0.0638	0.4595
17	227	2	347.5316	7	15	0	-1	0	0.0638	-1.0000
17	228	2	349.0648	8	10	0	-1	0	0.0638	-1.0000
17	229	2	350.5981	9	9	0	-1	1	0.0833	0.5807
17	230	2	352.1314	10	11	0	-1	0	0.0833	-1.0000
17	231	2	353.6646	11	13	0	-1	0	0.0833	-1.0000
17	232	2	355.1978	12	2	0	-1	0	0.0833	-1.0000
17	233	2	356.7311	13	4	0	-1	0	0.0833	-1.0000
17	234	2	358.2643	14	3	0	-1	1	0.1020	0.2569
17	235	2	359.7976	15	12	0	-1	0	0.1020	-1.0000
17	236	2	361.3309	1	14	0	-1	0	0.1020	-1.0000
17	237	2	362.8641	2	1	0	-1	0	0.1020	-1.0000
17	238	2	364.3974	3	7	0	-1	1	0.1000	0.2849
17	239	2	365.9306	4	6	0	-1	0	0.1000	-1.0000
17	240	2	367.4638	5	5	0	-1	0	0.1000	-1.0000
17	241	2	368.9971	8	10	0	-1	0	0.1000	-1.0000
17	242	2	370.5304	7	15	0	-1	1	0.0980	0.2324
17	243	2	372.0636	4	6	0	-1	0	0.0980	-1.0000
17	244	2	373.5969	3	7	0	-1	0	0.0980	-1.0000
17	245	2	375.1301	1	14	0	-1	0	0.0980	-1.0000
17	246	2	376.6633	3	7	0	-1	1	0.0962	0.2587
17	247	2	378.1966	4	6	0	-1	0	0.0962	-1.0000
17	248	2	379.7299	3	7	0	-1	0	0.0962	-1.0000
17	249	2	381.2631	1	14	0	-1	0	0.0962	-1.0000
17	250	2	382.7963	14	3	0	-1	1	0.0943	0.0939
17	251	2	384.3296	2	1	0	-1	0	0.0943	-1.0000
17	252	2	385.8629	3	7	0	-1	0	0.0943	-1.0000
17	253	2	387.3961	4	6	0	-1	0	0.0943	-1.0000
17	254	2	388.9294	3	7	0	-1	1	0.1111	0.1209
17	255	2	390.4627	15	12	0	-1	0	0.1111	-1.0000
17	256	2	391.9959	14	3	0	-1	0	0.1111	-1.0000
17	257	2	393.5291	13	4	0	-1	1	0.1273	1.4571
17	258	2	395.0624	12	2	0	-1	1	0.1250	0.0168
17	259	2	396.5957	11	13	0	-1	0	0.1250	-1.0000
17	260	2	398.1289	10	11	0	-1	0	0.1250	-1.0000
17	261	2	399.6622	9	9	0	-1	0	0.1250	-1.0000
17	262	2	401.1954	8	10	0	-1	1	0.1404	0.1747
17	263	2	402.7286	7	15	0	-1	0	0.1404	-1.0000
17	264	2	404.2619	6	8	0	-1	0	0.1404	-1.0000
17	265	2	405.7951	5	5	0	-1	1	0.1379	1.4470
17	266	2	407.3284	4	6	0	-1	1	0.1356	0.0168
17	267	2	408.8617	3	7	0	-1	0	0.1356	-1.0000
17	268	2	410.3949	2	1	0	-1	0	0.1356	-1.0000
17	269	2	411.9281	1	14	0	-1	1	0.1333	1.4581
17	270	2	413.4614	15	12	0	-1	1	0.1311	0.0167
17	271	2	414.9947	3	7	0	-1	0	0.1311	-1.0000
17	272	2	416.5279	2	1	0	-1	0	0.1311	-1.0000
17	273	2	418.0611	15	12	0	-1	0	0.1311	-1.0000
17	274	2	419.5944	1	14	0	-1	1	0.1290	0.1756
17	275	2	421.1277	15	12	0	-1	0	0.1290	-1.0000
17	276	2	422.6609	2	1	0	-1	0	0.1290	-1.0000
17	277	2	424.1941	3	7	0	-1	0	0.1290	-1.0000
17	278	2	425.7274	2	1	0	-1	1	0.1270	0.0168
17	279	2	427.2607	14	3	0	-1	0	0.1270	-1.0000
17	280	2	428.7938	13	4	0	-1	0	0.1270	-1.0000
17	281	2	430.3272	10	11	0	-1	0	0.1270	-1.0000
17	282	2	431.8605	12	2	0	-1	1	0.1250	0.1498
17	283	2	433.3937	10	11	0	-1	0	0.1250	-1.0000
17	284	2	434.9270	13	4	0	-1	0	0.1250	-1.0000
17	285	2	436.4602	11	13	0	-1	1	0.1231	1.4539
17	286	2	437.9934	12	2	0	-1	1	0.1212	0.0168
17	287	2	439.5267	13	4	0	-1	0	0.1212	-1.0000
17	288	2	441.0600	14	3	0	-1	0	0.1212	-1.0000
17	289	2	442.5932	15	12	0	-1	0	0.1212	-1.0000
17	290	2	444.1265	1	14	0	-1	1	0.1194	0.0169
17	291	2	445.6596	2	1	0	-1	0	0.1194	-1.0000
17	292	2	447.1929	3	7	0	-1	0	0.1194	-1.0000
17	293	2	448.7262	4	6	0	-1	0	0.1194	-1.0000
17	294	2	450.2594	5	5	0	-1	1	0.1176	0.0169
17	295	2	451.7927	6	8	0	-1	0	0.1176	-1.0000
17	296	2	453.3259	7	15	0	-1	0	0.1176	-1.0000
17	297	2	454.8592	8	10	0	-1	0	0.1176	-1.0000
17	298	2	456.3925	9	9	0	-1	1	0.1304	0.0168
17	299	2	457.9257	10	11	0	-1	0	0.1304	-1.0000
17	300	2	459.4589	11	13	0	-1	0	0.1304	-1.0000
17	301	2	460.9922	12	2	0	-1	0	0.1304	-1.0000
17	302	2	462.5255	10	11	0	-1	1	0.1286	0.1886
17	303	2	464.0587	13	4	0	-1	0	0.1286	-1.0000
17	304	2	465.5920	10	11	0	-1	0	0.1286	-1.0000
17	305	2	467.1253	12	2	0	-1	0	0.1286	-1.0000
17	306	2	468.6585	11	13	0	-1	1	0.1268	0.2638
17	307	2	470.1918	10	11	0	-1	0	0.1268	-1.0000
17	308	2	471.7250	9	9	0	-1	0	0.1268	-1.0000
17	309	2	473.2582	12	2	0	-1	0	0.1268	-1.0000
17	310	2	474.7914	10	11	0	-1	0	0.1268	-1.0000
17	311	2	476.3247	13	4	0	-1	0	0.1268	-1.0000
17	312	2	477.8580	11	13	0	-1	0	0.1268	-1.0000
17	313	2	479.3912	13	4	0	-1	0	0.1268	-1.0000
17	314	2	480.9244	11	13	0	-1	0	0.1268	-1.0000
17	315	2	482.4578	10	11	0	-1	0	0.1268	-1.0000
17	316	2	483.9910	9	9	0	-1	1	0.1250	0.3870
17	317	2	485.5242	8	10	0	-1	0	0.1250	-1.0000
17	318	2	487.0575	7	15	0	-1	0	0.1250	-1.0000
17	319	2	488.5908	6	8	0	-1	0	0.1250	-1.0000
17	320	2	490.1240	5	5	0	-1	0	0.1250	-1.0000
17	321	2	491.6572	4	6	0	-1	0	0.1250	-1.0000
17	322	2	493.1905	3	7	0	-1	0	0.1250	-1.0000
17	323	2	494.7238	2	1	0	-1	0	0.1250	-1.0000
17	324	2	496.2569	1	14	0	-1	0	0.1250	-1.0000
17	325	2	497.7902	15	12	0	-1	1	0.1233	0.5716
17	326	2	499.3234	14	3	0	-1	0	0.1233	-1.0000
17	327	2	500.8567	13	4	0	-1	0	0.1233	-1.0000
17	328	2	502.3900	12	2	0	-1	1	0.1216	0.4202
17	329	2	503.9233	11	13	0	-1	0	0.1216	-1.0000
17	330	2	505.4565	10	11	0	-1	0	0.1216	-1.0000
17	331	2	506.9898	12	2	0	-1	1	0.1200	0.6207
17	332	2	508.5231	10	11	0	-1	0	0.1200	-1.0000
17	333	2	510.0563	11	13	0	-1	0	0.1200	-1.0000
17	334	2	511.5895	13	4	0	-1	0	0.1200	-1.0000
17	335	2	513.1227	10	11	0	-1	0	0.1200	-1.0000
17	336	2	514.6561	13	4	0	-1	0	0.1200	-1.0000
17	337	2	516.1893	14	3	0	-1	1	0.1316	0.2206
17	338	2	517.7226	13	4	0	-1	0	0.1316	-1.0000
17	339	2	519.2558	14	3	0	-1	0	0.1316	-1.0000
17	340	2	520.7891	2	1	0	-1	0	0.1316	-1.0000
17	341	2	522.3223	3	7	0	-1	0	0.1316	-1.0000
17	342	2	523.8556	2	1	0	-1	0	0.1316	-1.0000
17	343	2	525.3888	14	3	0	-1	1	0.1299	0.3657
17	344	2	526.9221	13	4	0	-1	0	0.1299	-1.0000
17	345	2	528.4553	12	2	0	-1	0	0.1299	-1.0000
17	346	2	529.9885	13	4	0	-1	0	0.1299	-1.0000
17	347	2	531.5218	14	3	0	-1	1	0.1410	0.3285
17	348	2	533.0551	15	12	0	-1	0	0.1410	-1.0000
17	349	2	534.5883	1	14	0	-1	0	0.1410	-1.0000
17	350	2	536.1216	2	1	0	-1	1	0.1392	1.4726
17	351	2	537.6548	3	7	0	-1	1	0.1375	0.0169
17	352	2	539.1881	4	6	0	-1	0	0.1375	-1.0000
17	353	2	540.7213	5	5	0	-1	0	0.1375	-1.0000
17	354	2	542.2545	6	8	0	-1	1	0.1358	1.4831
17	355	2	543.7878	7	15	0	-1	1	0.1341	0.0168
17	356	2	545.3211	8	10	0	-1	0	0.1341	-1.0000
17	357	2	546.8543	9	9	0	-1	0	0.1341	-1.0000
17	358	2	548.3875	10	11	0	-1	0	0.1341	-1.0000
17	359	2	549.9208	11	13	0	-1	1	0.1325	0.1218
17	360	2	551.4541	12	2	0	-1	0	0.1325	-1.0000
17	361	2	552.9873	13	4	0	-1	0	0.1325	-1.0000
17	362	2	554.5206	11	13	0	-1	0	0.1325	-1.0000
17	363	2	556.0538	10	11	0	-1	1	0.1310	0.1643
17	364	2	557.5871	13	4	0	-1	0	0.1310	-1.0000
17	365	2	559.1202	12	2	0	-1	0	0.1310	-1.0000
17	366	2	560.6536	11	13	0	-1	1	0.1294	1.4687
17	367	2	562.1869	9	9	0	-1	1	0.1279	0.0168
17	368	2	563.7201	12	2	0	-1	0	0.1279	-1.0000
17	369	2	565.2533	11	13	0	-1	0	0.1279	-1.0000
17	370	2	566.7866	12	2	0	-1	0	0.1279	-1.0000
17	371	2	568.3198	11	13	0	-1	1	0.1264	0.2181
17	372	2	569.8531	13	4	0	-1	0	0.1264	-1.0000
17	373	2	571.3863	11	13	0	-1	0	0.1264	-1.0000
17	374	2	572.9196	13	4	0	-1	0	0.1264	-1.0000
17	375	2	574.4529	11	13	0	-1	1	0.1250	0.1171
17	376	2	575.9861	12	2	0	-1	0	0.1250	-1.0000
17	377	2	577.5194	13	4	0	-1	0	0.1250	-1.0000
17	378	2	579.0526	14	3	0	-1	0	0.1250	-1.0000
17	379	2	580.5858	15	12	0	-1	1	0.1236	0.0170
17	380	2	582.1192	1	14	0	-1	0	0.1236	-1.0000
17	381	2	583.6523	2	1	0	-1	0	0.1236	-1.0000
17	382	2	585.1856	3	7	0	-1	0	0.1236	-1.0000
17	383	2	586.7188	4	6	0	-1	1	0.1333	0.2029
17	384	2	588.2521	5	5	0	-1	0	0.1333	-1.0000
17	385	2	589.7854	6	8	0	-1	0	0.1333	-1.0000
17	386	2	591.3186	7	15	0	-1	0	0.1333	-1.0000
17	387	2	592.8519	8	10	0	-1	1	0.1319	0.1978
17	388	2	594.3852	9	9	0	-1	0	0.1319	-1.0000
17	389	2	595.9184	10	11	0	-1	0	0.1319	-1.0000
17	390	2	597.4517	11	13	0	-1	0	0.1319	-1.0000
17	391	2	598.9849	10	11	0	-1	1	0.1304	0.1771
17	392	2	600.5182	13	4	0	-1	0	0.1304	-1.0000
17	393	2	602.0514	14	3	0	-1	0	0.1304	-1.0000
17	394	2	603.5847	13	4	0	-1	0	0.1304	-1.0000
17	395	2	605.1179	10	11	0	-1	1	0.1290	0.2045
17	396	2	606.6512	12	2	0	-1	0	0.1290	-1.0000
17	397	2	608.1844	13	4	0	-1	0	0.1290	-1.0000
17	398	2	609.7177	11	13	0	-1	0	0.1290	-1.0000
17	399	2	611.2509	9	9	0	-1	1	0.1277	0.2953
17	400	2	612.7842	11	13	0	-1	0	0.1277	-1.0000
17	401	2	614.3174	10	11	0	-1	0	0.1277	-1.0000
17	402	2	615.8507	13	4	0	-1	0	0.1277	-1.0000
17	403	2	617.3839	11	13	0	-1	1	0.1263	0.0828
17	404	2	618.9172	10	11	0	-1	0	0.1263	-1.0000
17	405	2	620.4504	11	13	0	-1	0	0.1263	-1.0000
17	406	2	621.9837	12	2	0	-1	0	0.1263	-1.0000
17	407	2	623.5169	13	4	0	-1	1	0.1250	0.0611
17	408	2	625.0502	14	3	0	-1	0	0.1250	-1.0000
17	409	2	626.5834	15	12	0	-1	0	0.1250	-1.0000
17	410	2	628.1167	1	14	0	-1	0	0.1250	-1.0000
17	411	2	629.6499	2	1	0	-1	1	0.1237	0.1359
17	412	2	631.1831	3	7	0	-1	0	0.1237	-1.0000
17	413	2	632.7165	4	6	0	-1	0	0.1237	-1.0000
17	414	2	634.2497	5	5	0	-1	0	0.1237	-1.0000
17	415	2	635.7829	6	8	0	-1	1	0.1224	0.2275
17	416	2	637.3162	7	15	0	-1	0	0.1224	-1.0000
17	417	2	638.8495	8	10	0	-1	0	0.1224	-1.0000
17	418	2	640.3827	9	9	0	-1	1	0.1313	1.4678
17	419	2	641.9159	10	11	0	-1	1	0.1300	0.0168
17	420	2	643.4492	11	13	0	-1	0	0.1300	-1.0000
17	421	2	644.9825	12	2	0	-1	0	0.1300	-1.0000
17	422	2	646.5157	10	11	0	-1	0	0.1300	-1.0000
17	423	2	648.0490	13	4	0	-1	1	0.1287	0.0404
17	424	2	649.5822	10	11	0	-1	0	0.1287	-1.0000
17	425	2	651.1155	11	13	0	-1	0	0.1287	-1.0000
17	426	2	652.6487	12	2	0	-1	0	0.1287	-1.0000
17	427	2	654.1820	9	9	0	-1	1	0.1275	0.1806
17	428	2	655.7152	11	13	0	-1	0	0.1275	-1.0000
17	429	2	657.2485	10	11	0	-1	0	0.1275	-1.0000
17	430	2	658.7817	12	2	0	-1	0	0.1275	-1.0000
17	431	2	660.3150	13	4	0	-1	1	0.1262	0.0788
17	432	2	661.8482	12	2	0	-1	0	0.1262	-1.0000
17	433	2	663.3815	11	13	0	-1	0	0.1262	-1.0000
17	434	2	664.9147	9	9	0	-1	0	0.1262	-1.0000
17	435	2	666.4480	10	11	0	-1	1	0.1250	0.1538
17	436	2	667.9812	9	9	0	-1	0	0.1250	-1.0000
17	437	2	669.5145	8	10	0	-1	0	0.1250	-1.0000
17	438	2	671.0477	7	15	0	-1	0	0.1250	-1.0000
17	439	2	672.5810	6	8	0	-1	1	0.1238	0.2454
17	440	2	674.1143	5	5	0	-1	0	0.1238	-1.0000
17	441	2	675.6475	4	6	0	-1	0	0.1238	-1.0000
17	442	2	677.1808	3	7	0	-1	0	0.1238	-1.0000
17	443	2	678.7140	2	1	0	-1	1	0.1226	0.2245
17	444	2	680.2473	1	14	0	-1	0	0.1226	-1.0000
17	445	2	681.7805	15	12	0	-1	0	0.1226	-1.0000
17	446	2	683.3137	14	3	0	-1	0	0.1226	-1.0000
17	447	2	684.8470	13	4	0	-1	1	0.1308	0.2987
17	448	2	686.3803	12	2	0	-1	0	0.1308	-1.0000
17	449	2	687.9135	11	13	0	-1	0	0.1308	-1.0000
17	450	2	689.4468	10	11	0	-1	0	0.1308	-1.0000
17	451	2	690.9799	13	4	0	-1	1	0.1296	0.5016
17	452	2	692.5132	11	13	0	-1	0	0.1296	-1.0000
17	453	2	694.0465	12	2	0	-1	0	0.1296	-1.0000
17	454	2	695.5798	10	11	0	-1	0	0.1296	-1.0000
17	455	2	697.1130	11	13	0	-1	1	0.1284	0.0174
17	456	2	698.6463	13	4	0	-1	0	0.1284	-1.0000
17	457	2	700.1795	12	2	0	-1	0	0.1284	-1.0000
17	458	2	701.7128	9	9	0	-1	1	0.1273	1.4499
17	459	2	703.2461	8	10	0	-1	1	0.1351	0.0169
17	460	2	704.7793	5	5	0	-1	0	0.1351	-1.0000
17	461	2	706.3125	6	8	0	-1	0	0.1351	-1.0000
17	462	2	707.8458	8	10	0	-1	0	0.1351	-1.0000
17	463	2	709.3790	6	8	0	-1	1	0.1339	0.1827
17	464	2	710.9123	7	15	0	-1	0	0.1339	-1.0000
17	465	2	712.4455	6	8	0	-1	0	0.1339	-1.0000
17	466	2	713.9788	7	15	0	-1	0	0.1339	-1.0000
17	467	2	715.5120	8	10	0	-1	1	0.1327	0.1934
17	468	2	717.0453	9	9	0	-1	0	0.1327	-1.0000
17	469	2	718.5785	10	11	0	-1	0	0.1327	-1.0000
17	470	2	720.1118	11	13	0	-1	1	0.1316	1.4824
17	471	2	721.6451	12	2	0	-1	1	0.1304	0.0168
17	472	2	723.1783	13	4	0	-1	0	0.1304	-1.0000
17	473	2	724.7116	14	3	0	-1	0	0.1304	-1.0000
17	474	2	726.2448	15	12	0	-1	0	0.1304	-1.0000
17	475	2	727.7780	1	14	0	-1	1	0.1293	0.0169
17	476	2	729.3113	2	1	0	-1	0	0.1293	-1.0000
17	477	2	730.8445	3	7	0	-1	0	0.1293	-1.0000
17	478	2	732.3778	4	6	0	-1	0	0.1293	-1.0000
17	479	2	733.9110	5	5	0	-1	1	0.1282	0.2116
17	480	2	735.4443	6	8	0	-1	0	0.1282	-1.0000
17	481	2	736.9776	7	15	0	-1	0	0.1282	-1.0000
17	482	2	738.5108	8	10	0	-1	0	0.1282	-1.0000
17	483	2	740.0440	5	5	0	-1	1	0.1271	0.0778
17	484	2	741.5773	8	10	0	-1	0	0.1271	-1.0000
17	485	2	743.1105	6	8	0	-1	0	0.1271	-1.0000
17	486	2	744.6439	8	10	0	-1	0	0.1271	-1.0000
17	487	2	746.1770	7	15	0	-1	1	0.1261	0.1849
17	488	2	747.7103	6	8	0	-1	0	0.1261	-1.0000
17	489	2	749.2436	5	5	0	-1	0	0.1261	-1.0000
17	490	2	750.7769	6	8	0	-1	0	0.1261	-1.0000
17	491	2	752.3100	7	15	0	-1	1	0.1250	0.2602
17	492	2	753.8434	6	8	0	-1	0	0.1250	-1.0000
17	493	2	755.3765	7	15	0	-1	0	0.1250	-1.0000
17	494	2	756.9099	8	10	0	-1	0	0.1250	-1.0000
17	495	2	758.4431	7	15	0	-1	0	0.1250	-1.0000
17	496	2	759.9764	6	8	0	-1	0	0.1250	-1.0000
17	497	2	761.5096	5	5	0	-1	0	0.1250	-1.0000
17	498	2	763.0428	4	6	0	-1	0	0.1250	-1.0000
17	499	2	764.5760	3	7	0	-1	1	0.1322	0.1701
17	500	2	766.1094	2	1	0	-1	0	0.1322	-1.0000
17	501	2	767.6426	1	14	0	-1	0	0.1322	-1.0000
17	502	2	769.1758	15	12	0	-1	0	0.1322	-1.0000
17	503	2	770.7091	14	3	0	-1	1	0.1311	0.1806
17	504	2	772.2424	13	4	0	-1	0	0.1311	-1.0000
17	505	2	773.7756	12	2	0	-1	0	0.1311	-1.0000
17	506	2	775.3089	11	13	0	-1	0	0.1311	-1.0000
17	507	2	776.8421	10	11	0	-1	1	0.1301	0.1762
17	508	2	778.3754	9	9	0	-1	0	0.1301	-1.0000
17	509	2	779.9086	8	10	0	-1	0	0.1301	-1.0000
17	510	2	781.4418	7	15	0	-1	1	0.1290	1.4801
17	511	2	782.9751	5	5	0	-1	1	0.1280	0.0168
17	512	2	784.5084	6	8	0	-1	0	0.1280	-1.0000
17	513	2	786.0416	4	6	0	-1	0	0.1280	-1.0000
17	514	2	787.5749	5	5	0	-1	0	0.1280	-1.0000
17	515	2	789.1081	6	8	0	-1	1	0.1270	0.0861
17	516	2	790.6414	4	6	0	-1	0	0.1270	-1.0000
17	517	2	792.1746	3	7	0	-1	0	0.1270	-1.0000
17	518	2	793.7079	1	14	0	-1	0	0.1270	-1.0000
17	519	2	795.2411	3	7	0	-1	1	0.1260	0.0170
17	520	2	796.7744	1	14	0	-1	0	0.1260	-1.0000
17	521	2	798.3076	14	3	0	-1	0	0.1260	-1.0000
17	522	2	799.8409	15	12	0	-1	1	0.1250	0.8573
17	523	2	801.3742	3	7	0	-1	0	0.1250	-1.0000
17	524	2	802.9074	2	1	0	-1	0	0.1250	-1.0000
17	525	2	804.4406	1	14	0	-1	0	0.1250	-1.0000
17	526	2	805.9739	15	12	0	-1	1	0.1240	0.9158
17	527	2	807.5072	14	3	0	-1	0	0.1240	-1.0000
17	528	2	809.0404	13	4	0	-1	0	0.1240	-1.0000
17	529	2	810.5736	12	2	0	-1	0	0.1240	-1.0000
17	530	2	812.1069	11	13	0	-1	1	0.1231	0.9430
17	531	2	813.6402	10	11	0	-1	0	0.1231	-1.0000
17	532	2	815.1734	9	9	0	-1	0	0.1231	-1.0000
17	533	2	816.7067	8	10	0	-1	0	0.1231	-1.0000
17	534	2	818.2399	7	15	0	-1	1	0.1221	0.8259
17	535	2	819.7732	6	8	0	-1	0	0.1221	-1.0000
17	536	2	821.3064	5	5	0	-1	0	0.1221	-1.0000
17	537	2	822.8397	4	6	0	-1	0	0.1221	-1.0000
17	538	2	824.3729	3	7	0	-1	1	0.1288	0.9176
17	539	2	825.9061	2	1	0	-1	1	0.1278	1.4478
17	540	2	827.4394	1	14	0	-1	0	0.1278	-1.0000
17	541	2	828.9727	2	1	0	-1	0	0.1278	-1.0000
17	542	2	830.5059	14	3	0	-1	1	0.1269	0.9285
17	543	2	832.0391	1	14	0	-1	0	0.1269	-1.0000
17	544	2	833.5724	2	1	0	-1	0	0.1269	-1.0000
17	545	2	835.1057	15	12	0	-1	0	0.1269	-1.0000
17	546	2	836.6389	3	7	0	-1	1	0.1259	0.8595
17	547	2	838.1722	15	12	0	-1	0	0.1259	-1.0000
17	548	2	839.7054	14	3	0	-1	0	0.1259	-1.0000
17	549	2	841.2387	2	1	0	-1	0	0.1259	-1.0000
17	550	2	842.7719	1	14	0	-1	1	0.1250	0.8057
17	551	2	844.3052	3	7	0	-1	0	0.1250	-1.0000
17	552	2	845.8385	15	12	0	-1	0	0.1250	-1.0000
17	553	2	847.3717	1	14	0	-1	0	0.1250	-1.0000
17	554	2	848.9050	3	7	0	-1	1	0.1241	0.8336
17	555	2	850.4382	15	12	0	-1	0	0.1241	-1.0000
17	556	2	851.9715	1	14	0	-1	0	0.1241	-1.0000
17	557	2	853.5047	2	1	0	-1	0	0.1241	-1.0000
17	558	2	855.0380	3	7	0	-1	1	0.1232	0.9077
17	559	2	856.5712	4	6	0	-1	0	0.1232	-1.0000
17	560	2	858.1045	5	5	0	-1	0	0.1232	-1.0000
17	561	2	859.6377	6	8	0	-1	0	0.1232	-1.0000
17	562	2	861.1709	7	15	0	-1	1	0.1223	0.7586
17	563	2	862.7042	8	10	0	-1	0	0.1223	-1.0000
17	564	2	864.2375	9	9	0	-1	0	0.1223	-1.0000
17	565	2	865.7707	10	11	0	-1	0	0.1223	-1.0000
17	566	2	867.3039	11	13	0	-1	1	0.1214	0.8498
17	567	2	868.8372	12	2	0	-1	0	0.1214	-1.0000
17	568	2	870.3705	13	4	0	-1	0	0.1214	-1.0000
17	569	2	871.9037	14	3	0	-1	0	0.1214	-1.0000
17	570	2	873.4370	15	12	0	-1	1	0.1206	0.6376
17	571	2	874.9703	2	1	0	-1	0	0.1206	-1.0000
17	572	2	876.5035	3	7	0	-1	0	0.1206	-1.0000
17	573	2	878.0368	15	12	0	-1	0	0.1206	-1.0000
17	574	2	879.5700	1	14	0	-1	1	0.1197	0.9528
17	575	2	881.1033	15	12	0	-1	0	0.1197	-1.0000
17	576	2	882.6365	1	14	0	-1	0	0.1197	-1.0000
17	577	2	884.1697	3	7	0	-1	0	0.1197	-1.0000
17	578	2	885.7030	4	6	0	-1	1	0.1259	0.7868
17	579	2	887.2362	7	15	0	-1	0	0.1259	-1.0000
17	580	2	888.7695	5	5	0	-1	0	0.1259	-1.0000
17	581	2	890.3028	6	8	0	-1	0	0.1259	-1.0000
17	582	2	891.8360	7	15	0	-1	1	0.1250	0.9415
17	583	2	893.3692	6	8	0	-1	0	0.1250	-1.0000
17	584	2	894.9024	5	5	0	-1	0	0.1250	-1.0000
17	585	2	896.4358	6	8	0	-1	0	0.1250	-1.0000
17	586	2	897.9690	5	5	0	-1	1	0.1241	0.8412
17	587	2	899.5023	4	6	0	-1	0	0.1241	-1.0000
17	588	2	901.0355	3	7	0	-1	0	0.1241	-1.0000
17	589	2	902.5688	2	1	0	-1	0	0.1241	-1.0000
17	590	2	904.1020	1	14	0	-1	1	0.1233	0.9643
17	591	2	905.6353	15	12	0	-1	0	0.1233	-1.0000
17	592	2	907.1686	14	3	0	-1	0	0.1233	-1.0000
17	593	2	908.7018	13	4	0	-1	0	0.1233	-1.0000
17	594	2	910.2349	12	2	0	-1	1	0.1224	0.8480
17	595	2	911.7683	11	13	0	-1	0	0.1224	-1.0000
17	596	2	913.3014	10	11	0	-1	0	0.1224	-1.0000
17	597	2	914.8348	9	9	0	-1	0	0.1224	-1.0000
17	598	2	916.3679	8	10	0	-1	1	0.1284	0.9063
17	599	2	917.9013	7	15	0	-1	0	0.1284	-1.0000
17	600	2	919.4345	6	8	0	-1	0	0.1284	-1.0000
Actual parsing ratio
0.1284
Possible node parses
89.0000
 Node parses selected
0.2135
Possible other parses
511.0000
Other parses selected
0.2524
Chance parsing ratio
0.1483
