*********************************************
* Date/Time: 04-Nov-2019 12:55:27
* Seed: 210203.2
* Subject Number: 026
3	6	10	14	5	15	11	4	8	13	2	12	9	7	1	
*********************************************

Shape exposure time (seconds)
169.6503
subject	trial	phase	onset	node	shape	rotate	acc	resp	total	rt
26	1	1	1.0167	5	5	0	-1	0	0.0000	-1.0000
26	2	1	2.7833	8	4	0	-1	0	0.0000	-1.0000
26	3	1	4.8831	9	8	0	1	1	0.3333	0.4789
26	4	1	6.4331	10	13	0	1	1	0.5000	0.1127
26	5	1	8.0330	12	12	0	0	1	0.4000	1.1372
26	6	1	9.7329	9	8	90	0	1	0.3333	1.2121
26	7	1	11.4995	10	13	0	-1	0	0.2857	-1.0000
26	8	1	13.5160	9	8	0	0	1	0.2500	0.0544
26	9	1	15.0659	11	2	90	0	1	0.2222	0.8700
26	10	1	16.6159	12	12	0	-1	0	0.2000	-1.0000
26	11	1	18.6325	11	2	0	0	1	0.1818	0.9052
26	12	1	20.1824	12	12	90	0	1	0.1667	0.3777
26	13	1	21.7323	11	2	0	1	1	0.2308	1.4525
26	14	1	23.3155	10	13	0	1	1	0.2857	1.2474
26	15	1	24.8654	13	9	0	1	1	0.3333	1.0086
26	16	1	26.4153	14	7	0	1	1	0.3750	0.8986
26	17	1	27.9652	1	3	90	0	1	0.3529	1.1716
26	18	1	29.6984	15	1	0	-1	0	0.3333	-1.0000
26	19	1	31.7318	2	6	0	0	1	0.3158	1.2291
26	20	1	33.4983	14	7	0	1	1	0.3500	1.3196
26	21	1	35.0482	15	1	0	1	1	0.3810	1.2900
26	22	1	36.5981	3	10	0	0	1	0.3636	1.1321
26	23	1	38.2481	2	6	0	1	1	0.3913	1.3219
26	24	1	39.7980	15	1	0	-1	0	0.3750	-1.0000
26	25	1	41.8479	1	3	0	1	1	0.4000	1.1290
26	26	1	43.3979	2	6	0	1	1	0.4231	1.1153
26	27	1	44.9477	15	1	0	0	1	0.4074	1.1501
26	28	1	46.5977	1	3	0	-1	0	0.3929	-1.0000
26	29	1	48.6309	14	7	90	0	1	0.3793	1.2439
26	30	1	50.4141	2	6	0	0	1	0.3667	1.1387
26	31	1	52.0807	3	10	0	1	1	0.3871	1.0736
26	32	1	53.6306	4	14	0	0	1	0.3750	1.1555
26	33	1	55.3305	6	15	0	-1	0	0.3636	-1.0000
26	34	1	57.3638	4	14	0	1	1	0.3824	1.1823
26	35	1	58.9136	3	10	90	-1	0	0.3714	-1.0000
26	36	1	60.9801	4	14	0	1	1	0.3889	0.9421
26	37	1	62.5301	7	11	0	1	1	0.4054	0.8309
26	38	1	64.0801	5	5	0	1	1	0.4211	1.2497
26	39	1	65.6299	6	15	0	1	1	0.4359	1.3152
26	40	1	67.1799	4	14	0	0	1	0.4250	1.0460
26	41	1	68.7964	7	11	0	1	1	0.4390	0.8215
26	42	1	70.3464	8	4	0	1	1	0.4524	0.7596
26	43	1	71.8963	9	8	0	1	1	0.4651	0.9217
26	44	1	73.4463	8	4	0	1	1	0.4773	0.8752
26	45	1	74.9962	9	8	0	1	1	0.4889	0.7649
26	46	1	76.5461	11	2	90	0	1	0.4783	0.8147
26	47	1	78.0960	12	12	0	0	1	0.4681	0.5609
26	48	1	79.6460	13	9	90	0	1	0.4583	0.9000
26	49	1	81.1959	14	7	90	0	1	0.4490	1.2382
26	50	1	83.0124	2	6	0	0	1	0.4400	0.9567
26	51	1	84.5624	1	3	0	1	1	0.4510	1.2476
26	52	1	86.1123	3	10	0	1	1	0.4615	1.1855
26	53	1	87.6622	15	1	90	0	1	0.4528	1.2679
26	54	1	89.5121	2	6	0	1	1	0.4630	0.9540
26	55	1	91.0620	15	1	0	1	1	0.4727	1.3721
26	56	1	92.6119	3	10	0	1	1	0.4821	1.1659
26	57	1	94.1618	15	1	90	1	1	0.4912	0.9911
26	58	1	95.7118	1	3	0	1	1	0.5000	1.2016
26	59	1	97.2617	3	10	0	1	1	0.5085	0.8352
26	60	1	98.8116	4	14	0	1	1	0.5167	1.2693
26	61	1	100.3616	6	15	0	1	1	0.5246	0.8873
26	62	1	101.9115	8	4	0	1	1	0.5323	0.6987
26	63	1	103.4614	7	11	90	0	1	0.5238	0.7167
26	64	1	105.0113	4	14	0	1	1	0.5313	0.7826
26	65	1	106.5612	6	15	0	1	1	0.5385	0.8958
26	66	1	108.1111	5	5	0	0	1	0.5303	1.0259
26	67	1	109.6611	4	14	0	1	1	0.5373	0.9170
26	68	1	111.2110	3	10	0	1	1	0.5441	0.9189
26	69	1	112.7609	4	14	0	1	1	0.5507	0.8081
26	70	1	114.3108	6	15	0	1	1	0.5571	0.9554
26	71	1	115.8607	4	14	0	1	1	0.5634	0.9732
26	72	1	117.4106	7	11	0	0	1	0.5556	0.9265
26	73	1	118.9605	4	14	0	1	1	0.5616	0.5925
26	74	1	120.5105	3	10	0	1	1	0.5676	0.8357
26	75	1	122.0604	2	6	0	1	1	0.5733	0.6295
26	76	1	123.6103	15	1	0	1	1	0.5789	0.5187
26	77	1	125.1603	1	3	0	1	1	0.5844	0.4259
26	78	1	126.7101	2	6	90	0	1	0.5769	0.3787
26	79	1	128.2601	14	7	0	1	1	0.5823	0.8449
26	80	1	129.8100	1	3	0	0	1	0.5750	0.7998
26	81	1	131.3600	3	10	0	-1	0	0.5679	-1.0000
26	82	1	133.4264	4	14	0	1	1	0.5732	0.8155
26	83	1	134.9764	7	11	0	1	1	0.5783	0.7697
26	84	1	136.5263	5	5	0	1	1	0.5833	0.9158
26	85	1	138.0763	8	4	0	1	1	0.5882	1.3018
26	86	1	139.6262	9	8	90	1	1	0.5930	1.0468
26	87	1	141.1761	11	2	90	1	1	0.5977	1.1781
26	88	1	142.7260	13	9	0	1	1	0.6023	0.8921
26	89	1	144.2759	11	2	0	0	1	0.5955	0.8944
26	90	1	145.8259	10	13	0	1	1	0.6000	0.6724
26	91	1	147.3758	9	8	0	1	1	0.6044	0.6571
26	92	1	148.9257	10	13	90	1	1	0.6087	0.8525
26	93	1	150.4756	11	2	0	1	1	0.6129	0.8226
26	94	1	152.0255	13	9	90	0	1	0.6064	0.7914
26	95	1	153.5754	14	7	0	0	1	0.6000	0.9215
26	96	1	155.1254	15	1	0	1	1	0.6042	0.8610
26	97	1	156.6753	14	7	90	1	1	0.6082	1.2457
26	98	1	158.2252	2	6	0	1	1	0.6122	0.9619
26	99	1	159.7751	14	7	0	1	1	0.6162	1.2978
26	100	1	161.3251	1	3	0	1	1	0.6200	1.0439
26	101	1	162.8750	2	6	0	1	1	0.6238	0.8232
26	102	1	164.4248	15	1	0	1	1	0.6275	0.8261
26	103	1	165.9748	2	6	90	0	1	0.6214	0.5860
26	104	1	167.5247	3	10	90	1	1	0.6250	1.1653
26	105	1	169.0746	2	6	90	0	1	0.6190	0.6235
26	106	1	170.6246	1	3	90	1	1	0.6226	1.1364
26	107	1	172.1744	15	1	0	1	1	0.6262	0.7397
26	108	1	173.7244	2	6	90	0	1	0.6204	0.7087
26	109	1	175.2743	1	3	90	0	1	0.6147	0.7918
26	110	1	176.8243	2	6	0	0	1	0.6091	1.1620
26	111	1	178.4908	3	10	0	1	1	0.6126	0.7601
26	112	1	180.0408	15	1	0	1	1	0.6161	0.5859
26	113	1	181.5907	2	6	0	1	1	0.6195	0.6035
26	114	1	183.1406	3	10	90	0	1	0.6140	0.6855
26	115	1	184.6905	4	14	0	1	1	0.6174	0.9104
26	116	1	186.2404	6	15	90	0	1	0.6121	0.5617
26	117	1	187.7903	8	4	0	1	1	0.6154	0.7077
26	118	1	189.3403	7	11	0	0	1	0.6102	0.7900
26	119	1	190.8902	8	4	0	1	1	0.6134	0.3589
26	120	1	192.4401	7	11	0	1	1	0.6167	0.4261
26	121	1	193.9900	5	5	0	1	1	0.6198	0.3310
26	122	1	195.5400	8	4	0	1	1	0.6230	0.3181
26	123	1	197.0898	6	15	90	0	1	0.6179	0.8168
26	124	1	198.6398	5	5	0	1	1	0.6210	0.8025
26	125	1	200.1896	6	15	90	0	1	0.6160	1.0286
26	126	1	201.8063	8	4	0	1	1	0.6190	0.6267
26	127	1	203.3562	9	8	0	0	1	0.6142	1.0932
26	128	1	204.9561	11	2	0	1	1	0.6172	1.2848
26	129	1	206.5060	10	13	0	1	1	0.6202	0.6642
26	130	1	208.0559	9	8	0	1	1	0.6231	0.9862
26	131	1	209.6059	8	4	0	1	1	0.6260	0.6043
26	132	1	211.1558	9	8	0	1	1	0.6288	0.5421
26	133	1	212.7057	8	4	0	1	1	0.6316	0.7363
26	134	1	214.2556	6	15	90	-1	0	0.6269	-1.0000
26	135	1	216.2721	8	4	0	1	1	0.6296	0.7699
26	136	1	217.8221	5	5	0	1	1	0.6324	1.1398
26	137	1	219.3720	4	14	0	0	1	0.6277	1.0141
26	138	1	220.9386	7	11	90	0	1	0.6232	1.3677
26	139	1	222.8885	4	14	90	0	1	0.6187	0.7617
26	140	1	224.4384	7	11	0	1	1	0.6214	0.6665
26	141	1	225.9883	8	4	90	0	1	0.6170	0.6698
26	142	1	227.5383	7	11	90	0	1	0.6127	0.8317
26	143	1	229.0882	5	5	0	1	1	0.6154	0.9619
26	144	1	230.6380	6	15	0	0	1	0.6111	1.1402
26	145	1	232.3547	4	14	90	0	1	0.6069	0.5432
26	146	1	233.9046	6	15	0	1	1	0.6096	0.8976
26	147	1	235.4545	4	14	0	1	1	0.6122	0.7864
26	148	1	237.0045	6	15	0	1	1	0.6149	0.9656
26	149	1	238.5544	5	5	0	1	1	0.6174	0.9838
26	150	1	240.1043	6	15	0	0	1	0.6133	0.9537
26	151	1	241.6542	5	5	0	1	1	0.6159	1.3079
26	152	1	243.2041	7	11	0	1	1	0.6184	1.1021
26	153	1	244.7540	8	4	0	1	1	0.6209	0.5922
26	154	1	246.3039	7	11	0	1	1	0.6234	0.9467
26	155	1	247.8539	4	14	0	1	1	0.6258	1.0123
26	156	1	249.4038	7	11	90	0	1	0.6218	0.7103
26	157	1	250.9537	6	15	0	1	1	0.6242	0.6953
26	158	1	252.5037	5	5	0	1	1	0.6266	1.0654
26	159	1	254.0536	7	11	90	1	1	0.6289	0.9564
26	160	1	255.6035	5	5	0	1	1	0.6312	1.1028
26	161	1	257.1534	7	11	0	0	1	0.6273	1.2328
26	162	1	258.9200	6	15	90	0	1	0.6235	0.7301
26	163	1	260.4699	5	5	0	1	1	0.6258	0.9560
26	164	1	262.0198	7	11	0	0	1	0.6220	1.0062
26	165	1	263.5698	6	15	0	1	1	0.6242	0.9272
26	166	1	265.1197	4	14	90	1	1	0.6265	1.0744
26	167	1	266.6696	5	5	90	0	1	0.6228	1.0273
26	168	1	268.2195	7	11	0	1	1	0.6250	0.9676
26	169	1	269.7694	8	4	0	1	1	0.6272	0.6795
26	170	1	271.3194	5	5	0	1	1	0.6294	0.6187
26	171	1	272.8693	6	15	0	0	1	0.6257	0.7804
26	172	1	274.4191	8	4	0	1	1	0.6279	0.4790
26	173	1	275.9691	6	15	0	1	1	0.6301	0.2889
26	174	1	277.5190	5	5	0	1	1	0.6322	0.8019
26	175	1	279.0689	4	14	0	1	1	0.6343	0.9172
26	176	1	280.6189	7	11	0	0	1	0.6307	0.8393
26	177	1	282.1687	4	14	0	1	1	0.6328	0.7283
26	178	1	283.7187	5	5	0	1	1	0.6348	0.7955
26	179	1	285.2686	4	14	0	1	1	0.6369	0.7496
26	180	1	286.8186	5	5	0	1	1	0.6389	0.7995
26	181	1	288.3685	8	4	0	1	1	0.6409	0.7862
26	182	1	289.9184	6	15	90	1	1	0.6429	0.9798
26	183	1	291.4683	4	14	0	1	1	0.6448	0.5167
26	184	1	293.0182	7	11	0	1	1	0.6467	1.2228
26	185	1	294.5681	5	5	0	1	1	0.6486	0.7460
26	186	1	296.1180	4	14	0	1	1	0.6505	0.8120
26	187	1	297.6680	6	15	0	0	1	0.6471	0.8306
26	188	1	299.2179	5	5	90	0	1	0.6436	0.6562
26	189	1	300.7678	7	11	0	1	1	0.6455	1.4252
26	190	1	302.3678	4	14	0	1	1	0.6474	1.0732
26	191	1	303.9177	7	11	90	1	1	0.6492	0.9484
26	192	1	305.4676	4	14	90	0	1	0.6458	0.5826
26	193	1	307.0175	7	11	0	1	1	0.6477	0.5836
26	194	1	308.5674	4	14	0	0	1	0.6443	0.5216
26	195	1	310.1173	7	11	0	1	1	0.6462	0.4116
26	196	1	311.6673	8	4	0	1	1	0.6480	0.7987
26	197	1	313.2172	6	15	0	0	1	0.6447	1.3929
26	198	1	315.1171	4	14	0	1	1	0.6465	0.8370
26	199	1	316.6670	3	10	0	0	1	0.6432	1.1591
26	200	1	318.3669	4	14	0	1	1	0.6450	0.6261
26	201	1	319.9168	5	5	0	1	1	0.6468	0.9481
26	202	1	321.4668	7	11	0	1	1	0.6485	0.8703
26	203	1	323.0166	6	15	0	0	1	0.6453	0.8563
26	204	1	324.5666	4	14	0	1	1	0.6471	0.5545
26	205	1	326.1165	5	5	0	1	1	0.6488	0.7337
26	206	1	327.6664	7	11	0	1	1	0.6505	0.7029
26	207	1	329.2163	8	4	90	0	1	0.6473	0.6087
26	208	1	330.7663	5	5	0	1	1	0.6490	0.6908
26	209	1	332.3162	7	11	90	0	1	0.6459	0.8061
26	210	1	333.8661	5	5	0	1	1	0.6476	0.9524
26	211	1	335.4160	7	11	0	0	1	0.6445	0.6500
26	212	1	336.9660	5	5	0	1	1	0.6462	0.5082
26	213	1	338.5158	8	4	0	1	1	0.6479	0.6691
26	214	1	340.0658	6	15	0	1	1	0.6495	0.7992
26	215	1	341.6157	8	4	0	1	1	0.6512	0.7864
26	216	1	343.1656	6	15	0	1	1	0.6528	0.7405
26	217	1	344.7155	4	14	0	1	1	0.6544	0.8696
26	218	1	346.2654	7	11	0	1	1	0.6560	0.8875
26	219	1	347.8154	5	5	0	1	1	0.6575	0.8897
26	220	1	349.3653	7	11	0	1	1	0.6591	0.7316
26	221	1	350.9152	4	14	0	1	1	0.6606	0.6217
26	222	1	352.4651	6	15	0	1	1	0.6622	0.7050
26	223	1	354.0150	5	5	0	1	1	0.6637	0.9471
26	224	1	355.5650	8	4	0	1	1	0.6652	0.5800
26	225	1	357.1149	6	15	90	0	1	0.6622	0.8075
26	226	1	358.6648	5	5	0	1	1	0.6637	0.8574
26	227	1	360.2147	8	4	0	1	1	0.6652	0.6182
26	228	1	361.7646	6	15	0	1	1	0.6667	0.7336
26	229	1	363.3146	7	11	0	1	1	0.6681	0.7983
26	230	1	364.8645	6	15	0	1	1	0.6696	0.7377
26	231	1	366.4144	7	11	0	1	1	0.6710	0.5639
26	232	1	367.9643	6	15	90	1	1	0.6724	0.8366
26	233	1	369.5143	8	4	0	1	1	0.6738	0.6148
26	234	1	371.0642	5	5	0	1	1	0.6752	0.6499
26	235	1	372.6140	4	14	0	1	1	0.6766	0.7321
26	236	1	374.1640	7	11	0	1	1	0.6780	0.9262
26	237	1	375.7139	4	14	0	1	1	0.6793	0.6242
26	238	1	377.2638	3	10	0	0	1	0.6765	0.9132
26	239	1	378.8138	15	1	0	1	1	0.6778	0.9004
26	240	1	380.3637	2	6	0	1	1	0.6792	0.7586
26	241	1	381.9135	15	1	0	1	1	0.6805	1.4328
26	242	1	383.5135	1	3	0	1	1	0.6818	0.7127
26	243	1	385.0635	3	10	0	1	1	0.6831	0.7145
26	244	1	386.6134	1	3	0	1	1	0.6844	0.7968
26	245	1	388.1632	2	6	0	1	1	0.6857	0.6703
26	246	1	389.7131	14	7	90	0	1	0.6829	0.6091
26	247	1	391.2631	2	6	0	1	1	0.6842	0.6117
26	248	1	392.8130	3	10	0	1	1	0.6855	0.7092
26	249	1	394.3630	4	14	0	1	1	0.6867	0.6157
26	250	1	395.9129	3	10	90	0	1	0.6840	0.6815
26	251	1	397.4628	1	3	0	1	1	0.6853	0.6516
26	252	1	399.0127	2	6	90	0	1	0.6825	0.6531
26	253	1	400.5627	14	7	0	1	1	0.6838	0.6721
26	254	1	402.1125	1	3	0	1	1	0.6850	0.6734
26	255	1	403.6624	15	1	0	1	1	0.6863	1.1555
26	256	1	405.2123	1	3	90	1	1	0.6875	0.9326
26	257	1	406.7623	14	7	0	0	1	0.6848	1.3839
26	258	1	408.6456	2	6	0	1	1	0.6860	0.6206
26	259	1	410.1955	3	10	0	1	1	0.6873	0.6706
26	260	1	411.7454	15	1	0	1	1	0.6885	0.5768
26	261	1	413.2953	14	7	0	0	1	0.6858	0.9949
26	262	1	414.8618	15	1	0	1	1	0.6870	0.4995
26	263	1	416.4118	14	7	0	1	1	0.6882	0.6462
26	264	1	417.9617	13	9	0	1	1	0.6894	0.7764
26	265	1	419.5117	11	2	0	1	1	0.6906	0.8743
26	266	1	421.0616	9	8	0	1	1	0.6917	1.0035
26	267	1	422.6115	12	12	0	0	1	0.6891	0.9429
26	268	1	424.1614	9	8	0	1	1	0.6903	0.5287
26	269	1	425.7113	12	12	0	1	1	0.6914	0.8030
26	270	1	427.2613	11	2	0	1	1	0.6926	0.6289
26	271	1	428.8112	13	9	0	1	1	0.6937	0.6147
26	272	1	430.3611	10	13	0	1	1	0.6949	0.9370
26	273	1	431.9110	11	2	0	1	1	0.6960	0.7299
26	274	1	433.4610	13	9	0	1	1	0.6971	0.6690
26	275	1	435.0108	11	2	0	1	1	0.6982	0.7661
26	276	1	436.5608	13	9	0	1	1	0.6993	0.5602
26	277	1	438.1107	12	12	0	0	1	0.6968	0.7235
26	278	1	439.6606	11	2	0	1	1	0.6978	0.5484
26	279	1	441.2105	10	13	0	1	1	0.6989	0.3923
26	280	1	442.7605	13	9	0	1	1	0.7000	0.6005
26	281	1	444.3104	10	13	0	1	1	0.7011	0.4918
26	282	1	445.8602	9	8	0	1	1	0.7021	0.3498
26	283	1	447.4102	8	4	0	1	1	0.7032	0.5587
26	284	1	448.9601	7	11	0	1	1	0.7042	1.3290
26	285	1	450.5101	5	5	0	1	1	0.7053	1.1722
26	286	1	452.0599	6	15	90	1	1	0.7063	1.0930
26	287	1	453.6099	5	5	0	1	1	0.7073	1.0004
26	288	1	455.1598	8	4	0	1	1	0.7083	0.6343
26	289	1	456.7097	7	11	0	1	1	0.7093	0.9392
26	290	1	458.2596	8	4	0	1	1	0.7103	0.6225
26	291	1	459.8095	7	11	90	1	1	0.7113	0.8967
26	292	1	461.3594	8	4	0	1	1	0.7123	0.8826
26	293	1	462.9094	7	11	90	1	1	0.7133	0.9316
26	294	1	464.4592	6	15	0	0	1	0.7109	1.1417
26	295	1	466.1425	5	5	0	1	1	0.7119	0.6918
26	296	1	467.6925	7	11	0	-1	0	0.7095	-1.0000
26	297	1	469.7424	5	5	0	1	1	0.7104	0.8039
26	298	1	471.2923	8	4	0	1	1	0.7114	0.6624
26	299	1	472.8422	6	15	90	0	1	0.7090	0.4547
26	300	1	474.3922	7	11	0	1	1	0.7100	0.6489
26	301	1	475.9421	5	5	0	1	1	0.7110	0.6520
26	302	1	477.4920	6	15	90	0	1	0.7086	0.8305
26	303	1	479.0419	4	14	0	1	1	0.7096	0.6242
26	304	1	480.5918	3	10	0	1	1	0.7105	0.8185
26	305	1	482.1417	15	1	0	1	1	0.7115	0.6285
26	306	1	483.6917	2	6	90	0	1	0.7092	0.6293
26	307	1	485.2415	1	3	0	1	1	0.7101	0.5205
26	308	1	486.7915	15	1	0	1	1	0.7110	0.5864
26	309	1	488.3414	14	7	90	0	1	0.7087	0.6530
26	310	1	489.8913	13	9	0	1	1	0.7097	0.6547
26	311	1	491.4413	11	2	0	1	1	0.7106	0.4342
26	312	1	492.9912	10	13	0	1	1	0.7115	0.7229
26	313	1	494.5410	13	9	0	1	1	0.7125	0.6611
26	314	1	496.0910	10	13	0	1	1	0.7134	0.7271
26	315	1	497.6409	12	12	0	1	1	0.7143	1.2572
26	316	1	499.1908	9	8	0	1	1	0.7152	1.0347
26	317	1	500.7407	10	13	0	1	1	0.7161	0.6055
26	318	1	502.2907	11	2	0	1	1	0.7170	0.4944
26	319	1	503.8406	12	12	90	0	1	0.7147	0.4963
26	320	1	505.3905	13	9	0	1	1	0.7156	0.5793
26	321	1	506.9405	14	7	0	0	1	0.7134	0.9177
26	322	1	508.4903	13	9	0	1	1	0.7143	0.3759
26	323	1	510.0403	12	12	0	1	1	0.7152	0.2660
26	324	1	511.5902	10	13	0	1	1	0.7160	0.7317
26	325	1	513.1400	9	8	90	0	1	0.7138	0.6861
26	326	1	514.7401	8	4	0	1	1	0.7147	0.5261
26	327	1	516.2900	7	11	0	1	1	0.7156	0.7522
26	328	1	517.8399	6	15	90	1	1	0.7165	0.9623
26	329	1	519.3898	5	5	90	0	1	0.7143	0.7079
26	330	1	520.9397	8	4	90	0	1	0.7121	0.4705
26	331	1	522.4897	7	11	0	1	1	0.7130	1.0645
26	332	1	524.0396	8	4	0	1	1	0.7139	0.7135
26	333	1	525.5895	7	11	0	1	1	0.7147	0.9732
26	334	1	527.1394	6	15	0	0	1	0.7126	0.8296
26	335	1	528.6893	8	4	90	0	1	0.7104	0.6557
26	336	1	530.2392	6	15	0	1	1	0.7113	0.9628
26	337	1	531.7891	5	5	0	1	1	0.7122	1.3318
26	338	1	533.3391	6	15	0	1	1	0.7130	0.9659
26	339	1	534.8890	5	5	0	1	1	0.7139	0.5361
26	340	1	536.4389	8	4	0	1	1	0.7147	0.7943
26	341	1	537.9888	9	8	0	1	1	0.7155	0.9734
26	342	1	539.5388	10	13	90	1	1	0.7164	1.0062
26	343	1	541.0887	12	12	0	1	1	0.7172	0.9610
26	344	1	542.6386	11	2	0	1	1	0.7180	0.7076
26	345	1	544.1885	13	9	0	1	1	0.7188	0.6137
26	346	1	545.7384	11	2	0	1	1	0.7197	0.5839
26	347	1	547.2883	10	13	0	1	1	0.7205	0.6812
26	348	1	548.8383	9	8	0	1	1	0.7213	0.7800
26	349	1	550.3882	11	2	90	1	1	0.7221	1.0379
26	350	1	551.9381	9	8	0	1	1	0.7229	0.7840
26	351	1	553.4880	10	13	0	1	1	0.7236	0.6889
26	352	1	555.0380	9	8	0	1	1	0.7244	0.8212
26	353	1	556.5879	11	2	0	1	1	0.7252	0.7423
26	354	1	558.1378	13	9	0	1	1	0.7260	0.7275
26	355	1	559.6877	11	2	0	1	1	0.7268	0.6825
26	356	1	561.2376	13	9	0	1	1	0.7275	0.5713
26	357	1	562.7876	11	2	0	1	1	0.7283	0.5104
26	358	1	564.3375	10	13	90	1	1	0.7291	0.8008
26	359	1	565.8874	12	12	0	1	1	0.7298	0.9308
26	360	1	567.4373	10	13	90	1	1	0.7306	0.7878
26	361	1	568.9872	12	12	0	1	1	0.7313	0.7110
26	362	1	570.5372	10	13	0	1	1	0.7320	0.8891
26	363	1	572.0871	11	2	90	1	1	0.7328	0.9700
26	364	1	573.6370	10	13	0	1	1	0.7335	0.8120
26	365	1	575.1869	12	12	0	1	1	0.7342	0.6862
26	366	1	576.7368	13	9	0	1	1	0.7350	0.5768
26	367	1	578.2867	11	2	0	0	1	0.7330	0.9795
26	368	1	579.8366	12	12	90	0	1	0.7310	0.7893
26	369	1	581.3866	9	8	0	1	1	0.7317	0.6956
26	370	1	582.9365	11	2	0	0	1	0.7297	0.8259
26	371	1	584.4864	10	13	90	0	1	0.7278	0.5558
26	372	1	586.0363	9	8	90	1	1	0.7285	0.8294
26	373	1	587.5863	11	2	0	1	1	0.7292	0.8161
26	374	1	589.1362	10	13	0	1	1	0.7299	0.8182
26	375	1	590.6861	11	2	0	1	1	0.7307	0.6430
26	376	1	592.2360	9	8	0	1	1	0.7314	0.5009
26	377	1	593.7859	8	4	0	1	1	0.7321	0.3124
26	378	1	595.3359	5	5	0	0	1	0.7302	0.8263
26	379	1	596.8858	7	11	0	1	1	0.7309	0.5404
26	380	1	598.4357	4	14	0	1	1	0.7316	0.9103
26	381	1	599.9856	5	5	90	1	1	0.7323	1.4564
26	382	1	601.6189	8	4	90	0	1	0.7304	0.7195
26	383	1	603.1688	7	11	0	1	1	0.7311	1.0894
26	384	1	604.7187	8	4	0	1	1	0.7318	0.7075
26	385	1	606.2686	7	11	0	1	1	0.7325	0.7083
26	386	1	607.8185	8	4	0	1	1	0.7332	0.5985
26	387	1	609.3684	5	5	90	1	1	0.7339	0.7456
26	388	1	610.9184	6	15	0	0	1	0.7320	0.9403
26	389	1	612.4683	5	5	90	0	1	0.7301	0.5889
26	390	1	614.0182	4	14	0	1	1	0.7308	0.7041
26	391	1	615.5682	3	10	0	-1	0	0.7289	-1.0000
26	392	1	617.6180	15	1	0	1	1	0.7296	1.0237
26	393	1	619.1680	3	10	0	1	1	0.7303	1.1863
26	394	1	620.7179	1	3	0	1	1	0.7310	0.7724
26	395	1	622.2678	15	1	0	1	1	0.7316	0.6772
26	396	1	623.8177	1	3	0	1	1	0.7323	0.5194
26	397	1	625.3676	3	10	0	1	1	0.7330	1.3547
26	398	1	626.9342	2	6	0	1	1	0.7337	0.7801
26	399	1	628.4841	15	1	90	1	1	0.7343	0.9100
26	400	1	630.0340	14	7	0	0	1	0.7325	1.0562
26	401	1	631.6507	15	1	0	1	1	0.7332	0.6234
26	402	1	633.2005	3	10	0	1	1	0.7338	0.8655
26	403	1	634.7505	4	14	0	1	1	0.7345	0.6586
26	404	1	636.3004	7	11	0	-1	0	0.7327	-1.0000
26	405	1	638.3169	8	4	0	1	1	0.7333	0.5642
26	406	1	639.8669	6	15	90	1	1	0.7340	0.9353
26	407	1	641.4168	7	11	0	1	1	0.7346	0.5694
26	408	1	642.9667	5	5	0	1	1	0.7353	0.8263
26	409	1	644.5166	4	14	0	1	1	0.7359	0.6685
26	410	1	646.0666	6	15	0	0	1	0.7341	0.7994
26	411	1	647.6165	4	14	0	1	1	0.7348	0.7205
26	412	1	649.1664	6	15	0	1	1	0.7354	0.7080
26	413	1	650.7163	7	11	0	1	1	0.7361	1.0617
26	414	1	652.2662	4	14	0	1	1	0.7367	0.6158
26	415	1	653.8161	7	11	0	1	1	0.7373	0.8741
26	416	1	655.3660	4	14	0	1	1	0.7380	0.5389
26	417	1	656.9160	6	15	0	1	1	0.7386	0.8460
26	418	1	658.4659	7	11	0	1	1	0.7392	0.5123
26	419	1	660.0159	4	14	0	1	1	0.7399	0.5933
26	420	1	661.5657	6	15	90	0	1	0.7381	0.4033
26	421	1	663.1157	4	14	0	1	1	0.7387	0.5190
26	422	1	664.6655	7	11	0	1	1	0.7393	0.7126
26	423	1	666.2155	6	15	0	1	1	0.7400	0.9066
26	424	1	667.7654	7	11	90	0	1	0.7382	1.2922
26	425	1	669.6320	4	14	90	1	1	0.7388	1.2341
26	426	1	671.1819	6	15	90	1	1	0.7394	0.9951
26	427	1	672.7318	5	5	90	1	1	0.7400	1.0772
26	428	1	674.2818	7	11	0	1	1	0.7407	1.0632
26	429	1	675.8317	5	5	0	1	1	0.7413	0.9386
26	430	1	677.3816	7	11	0	1	1	0.7419	1.1973
26	431	1	678.9315	6	15	90	1	1	0.7425	0.8465
26	432	1	680.4813	4	14	0	1	1	0.7431	0.7058
26	433	1	682.0314	7	11	0	1	1	0.7436	0.7228
26	434	1	683.5813	5	5	0	1	1	0.7442	0.7239
26	435	1	685.1312	8	4	0	1	1	0.7448	0.7428
26	436	1	686.6811	7	11	0	1	1	0.7454	0.6655
26	437	1	688.2310	6	15	90	1	1	0.7460	0.7472
26	438	1	689.7809	4	14	0	1	1	0.7466	0.3973
26	439	1	691.3308	3	10	0	1	1	0.7472	0.7502
26	440	1	692.8807	4	14	0	1	1	0.7477	0.5775
26	441	1	694.4307	5	5	0	1	1	0.7483	0.6436
26	442	1	695.9806	6	15	0	0	1	0.7466	0.7414
26	443	1	697.5306	5	5	0	1	1	0.7472	0.5354
26	444	1	699.0805	4	14	0	1	1	0.7477	0.5687
26	445	1	700.6304	5	5	0	1	1	0.7483	0.5394
26	446	1	702.1803	4	14	90	0	1	0.7466	0.8608
26	447	1	703.7302	7	11	0	1	1	0.7472	0.6399
26	448	1	705.2802	4	14	0	1	1	0.7478	0.4808
26	449	1	706.8301	5	5	0	1	1	0.7483	0.6282
26	450	1	708.3800	4	14	90	0	1	0.7467	0.5811
26	451	1	709.9299	6	15	0	1	1	0.7472	0.5683
26	452	1	711.4798	8	4	0	1	1	0.7478	0.7944
26	453	1	713.0297	7	11	90	0	1	0.7461	0.8764
26	454	1	714.5797	5	5	0	1	1	0.7467	0.5587
26	455	1	716.1295	7	11	0	0	1	0.7451	0.8328
26	456	1	717.6795	5	5	0	1	1	0.7456	0.4349
26	457	1	719.2294	6	15	0	1	1	0.7462	0.7556
26	458	1	720.7794	4	14	0	1	1	0.7467	0.5348
26	459	1	722.3293	7	11	90	1	1	0.7473	0.6809
26	460	1	723.8792	5	5	90	0	1	0.7457	0.3311
26	461	1	725.4291	8	4	0	1	1	0.7462	0.4440
26	462	1	726.9790	6	15	90	1	1	0.7468	0.9578
26	463	1	728.5289	7	11	0	1	1	0.7473	0.7201
26	464	1	730.0789	5	5	0	1	1	0.7478	0.8674
26	465	1	731.6288	8	4	0	1	1	0.7484	0.7095
26	466	1	733.1787	9	8	0	1	1	0.7489	0.7271
26	467	1	734.7286	12	12	90	0	1	0.7473	1.0977
26	468	1	736.3285	11	2	0	1	1	0.7479	0.8897
26	469	1	737.8784	12	12	0	1	1	0.7484	0.9076
26	470	1	739.4284	13	9	0	1	1	0.7489	0.6376
26	471	1	740.9783	14	7	90	0	1	0.7473	1.0559
26	472	1	742.5449	2	6	0	1	1	0.7479	0.6732
26	473	1	744.0948	3	10	0	1	1	0.7484	0.7062
26	474	1	745.6447	15	1	0	1	1	0.7489	0.7895
26	475	1	747.1947	2	6	90	0	1	0.7474	0.9035
26	476	1	748.7445	3	10	0	1	1	0.7479	1.0176
26	477	1	750.2944	4	14	0	1	1	0.7484	0.6826
26	478	1	751.8444	5	5	0	1	1	0.7490	0.7329
26	479	1	753.3943	8	4	0	1	1	0.7495	0.8791
26	480	1	754.9442	6	15	90	1	1	0.7500	1.4100
26	481	1	756.4942	7	11	0	1	1	0.7505	0.8028
26	482	1	758.0441	8	4	0	1	1	0.7510	0.8370
26	483	1	759.5940	7	11	90	0	1	0.7495	1.1441
26	484	1	761.3106	6	15	0	1	1	0.7500	0.9792
26	485	1	762.8605	4	14	0	1	1	0.7505	0.5658
26	486	1	764.4103	5	5	0	1	1	0.7510	0.7912
26	487	1	765.9603	6	15	0	1	1	0.7515	0.8419
26	488	1	767.5102	5	5	0	1	1	0.7520	0.5561
26	489	1	769.0602	6	15	90	1	1	0.7526	0.7179
26	490	1	770.6101	5	5	0	1	1	0.7531	0.6722
26	491	1	772.1600	6	15	0	0	1	0.7515	0.8970
26	492	1	773.7099	7	11	0	1	1	0.7520	0.4192
26	493	1	775.2598	5	5	0	1	1	0.7525	0.6945
26	494	1	776.8098	7	11	0	1	1	0.7530	0.6165
26	495	1	778.3597	4	14	0	1	1	0.7535	0.5544
26	496	1	779.9096	5	5	0	1	1	0.7540	0.5554
26	497	1	781.4595	4	14	0	1	1	0.7545	0.3188
26	498	1	783.0095	6	15	90	0	1	0.7530	0.2889
26	499	1	784.5594	5	5	0	1	1	0.7535	0.6908
26	500	1	786.1093	4	14	0	1	1	0.7540	0.8371
26	501	1	787.6592	7	11	0	1	1	0.7545	0.8231
26	502	1	789.2091	8	4	0	1	1	0.7550	0.6331
26	503	1	790.7590	5	5	90	1	1	0.7555	0.7620
26	504	1	792.3090	7	11	0	1	1	0.7560	0.6053
26	505	1	793.8589	5	5	0	0	1	0.7545	0.9270
26	506	1	795.4088	6	15	0	1	1	0.7549	0.5613
26	507	1	796.9587	7	11	0	1	1	0.7554	0.6596
26	508	1	798.5086	6	15	0	1	1	0.7559	0.7084
26	509	1	800.0586	7	11	90	1	1	0.7564	0.7917
26	510	1	801.6085	8	4	0	1	1	0.7569	0.3616
26	511	1	803.1583	9	8	0	0	1	0.7554	0.9559
26	512	1	804.7083	12	12	0	1	1	0.7559	0.5899
26	513	1	806.2582	11	2	0	1	1	0.7563	0.6402
26	514	1	807.8082	13	9	0	1	1	0.7568	0.5299
26	515	1	809.3581	14	7	0	0	1	0.7553	0.6762
26	516	1	810.9080	2	6	0	1	1	0.7558	0.5502
26	517	1	812.4579	14	7	0	0	1	0.7544	0.7762
26	518	1	814.0078	15	1	0	1	1	0.7548	0.5383
26	519	1	815.5578	2	6	90	0	1	0.7534	0.5885
26	520	1	817.1077	3	10	90	0	1	0.7519	1.0386
26	521	1	818.7076	4	14	90	0	1	0.7505	0.6374
26	522	1	820.2574	5	5	0	1	1	0.7510	0.8169
26	523	1	821.8074	7	11	0	1	1	0.7514	0.6416
26	524	1	823.3573	5	5	0	1	1	0.7519	0.7406
26	525	1	824.9073	6	15	0	1	1	0.7524	0.7590
26	526	1	826.4572	7	11	90	1	1	0.7529	0.8883
26	527	1	828.0070	8	4	0	1	1	0.7533	0.5873
26	528	1	829.5571	5	5	90	1	1	0.7538	1.0690
26	529	1	831.1069	6	15	0	1	1	0.7543	0.7831
26	530	1	832.6568	8	4	0	1	1	0.7547	0.7213
26	531	1	834.2068	5	5	0	1	1	0.7552	0.9782
26	532	1	835.7567	8	4	0	1	1	0.7556	0.6936
26	533	1	837.3066	9	8	0	1	1	0.7561	0.6795
26	534	1	838.8566	10	13	0	1	1	0.7566	0.6176
26	535	1	840.4065	9	8	0	1	1	0.7570	0.6678
26	536	1	841.9563	12	12	0	1	1	0.7575	1.0381
26	537	1	843.5063	10	13	0	1	1	0.7579	0.6880
26	538	1	845.0562	9	8	0	1	1	0.7584	0.6101
26	539	1	846.6061	12	12	0	1	1	0.7588	0.8038
26	540	1	848.1560	13	9	0	1	1	0.7593	0.6140
26	541	1	849.7059	12	12	0	1	1	0.7597	0.8246
26	542	1	851.2558	13	9	90	0	1	0.7583	0.6193
26	543	1	852.8058	10	13	0	1	1	0.7587	0.8435
26	544	1	854.3557	9	8	0	1	1	0.7592	0.8462
26	545	1	855.9057	12	12	90	0	1	0.7578	0.7353
26	546	1	857.4556	9	8	90	-1	0	0.7564	-1.0000
26	547	1	859.7888	8	4	0	1	1	0.7569	0.6282
26	548	1	861.3387	6	15	0	1	1	0.7573	0.8074
26	549	1	862.8886	7	11	0	1	1	0.7577	0.6816
26	550	1	864.4386	4	14	0	1	1	0.7582	0.6835
26	551	1	865.9884	5	5	90	1	1	0.7586	0.8938
26	552	1	867.5383	6	15	0	1	1	0.7591	0.9748
26	553	1	869.0882	8	4	0	1	1	0.7595	0.7706
26	554	1	870.6382	5	5	90	1	1	0.7599	0.8832
26	555	1	872.1881	6	15	0	1	1	0.7604	0.6462
26	556	1	873.7381	7	11	0	1	1	0.7608	0.6960
26	557	1	875.2880	5	5	0	1	1	0.7612	0.5543
26	558	1	876.8379	8	4	90	1	1	0.7616	0.8443
26	559	1	878.3878	6	15	0	1	1	0.7621	0.7662
26	560	1	879.9377	8	4	0	1	1	0.7625	0.7673
26	561	1	881.4875	6	15	0	0	1	0.7611	0.7868
26	562	1	883.0376	8	4	0	1	1	0.7616	0.4042
26	563	1	884.5875	6	15	0	1	1	0.7620	0.5827
26	564	1	886.1374	4	14	0	1	1	0.7624	0.6168
26	565	1	887.6873	7	11	90	1	1	0.7628	1.0028
26	566	1	889.2373	4	14	0	1	1	0.7633	0.6850
26	567	1	890.7872	5	5	0	0	1	0.7619	0.6711
26	568	1	892.3370	4	14	0	1	1	0.7623	0.5452
26	569	1	893.8869	7	11	0	1	1	0.7627	1.0114
26	570	1	895.4370	4	14	0	1	1	0.7632	0.6296
26	571	1	896.9868	7	11	0	1	1	0.7636	0.7743
26	572	1	898.5367	5	5	90	1	1	0.7640	0.8416
26	573	1	900.0866	6	15	0	1	1	0.7644	0.5389
26	574	1	901.6366	7	11	0	0	1	0.7631	0.6525
26	575	1	903.1865	6	15	0	1	1	0.7635	0.4479
26	576	1	904.7365	8	4	0	1	1	0.7639	0.7366
26	577	1	906.2864	5	5	0	1	1	0.7643	1.0107
26	578	1	907.8363	6	15	90	1	1	0.7647	0.9647
26	579	1	909.3862	7	11	0	1	1	0.7651	0.8401
26	580	1	910.9361	4	14	0	1	1	0.7655	1.0009
26	581	1	912.4861	6	15	0	1	1	0.7659	1.1643
26	582	1	914.0360	8	4	0	1	1	0.7663	0.7651
26	583	1	915.5859	9	8	0	1	1	0.7667	1.0083
26	584	1	917.1358	10	13	0	0	1	0.7654	1.2334
26	585	1	918.9357	12	12	0	1	1	0.7658	0.6333
26	586	1	920.4856	13	9	0	1	1	0.7662	0.6516
26	587	1	922.0356	10	13	0	1	1	0.7666	0.5746
26	588	1	923.5855	11	2	90	1	1	0.7670	0.9455
26	589	1	925.1354	9	8	0	1	1	0.7674	0.6589
26	590	1	926.6852	8	4	0	1	1	0.7678	0.7724
26	591	1	928.2353	7	11	90	1	1	0.7682	1.0633
26	592	1	929.7852	4	14	90	1	1	0.7686	1.0639
26	593	1	931.3350	3	10	0	1	1	0.7690	0.9713
26	594	1	932.8849	2	6	0	1	1	0.7694	0.9561
26	595	1	934.4349	15	1	90	1	1	0.7697	0.9591
26	596	1	935.9849	14	7	0	1	1	0.7701	1.0893
26	597	1	937.5346	13	9	0	1	1	0.7705	1.0437
26	598	1	939.0847	12	12	0	0	1	0.7692	0.8697
26	599	1	940.6345	9	8	0	1	1	0.7696	0.5999
26	600	1	942.1845	10	13	0	1	1	0.7700	1.1458
26	601	1	1030.2464	13	9	0	-1	0	0.7687	-1.0000
26	602	1	1032.3131	11	2	90	0	1	0.7674	0.1695
26	603	1	1033.8630	9	8	0	1	1	0.7678	0.7633
26	604	1	1035.4130	11	2	0	0	1	0.7666	1.0535
26	605	1	1036.9795	9	8	0	1	1	0.7669	0.6706
26	606	1	1038.5294	11	2	0	1	1	0.7673	0.8808
26	607	1	1040.0793	13	9	0	1	1	0.7677	0.5298
26	608	1	1041.6293	12	12	0	1	1	0.7681	0.8369
26	609	1	1043.1793	10	13	0	1	1	0.7685	0.8062
26	610	1	1044.7292	11	2	0	1	1	0.7689	0.9531
26	611	1	1046.2791	12	12	0	1	1	0.7692	0.8271
26	612	1	1047.8290	10	13	0	1	1	0.7696	0.6840
26	613	1	1049.3789	12	12	0	1	1	0.7700	0.6542
26	614	1	1050.9289	9	8	0	1	1	0.7704	1.0415
26	615	1	1052.4788	11	2	90	1	1	0.7707	0.8676
26	616	1	1054.0287	10	13	90	1	1	0.7711	1.0296
26	617	1	1055.5786	13	9	0	1	1	0.7715	0.7114
26	618	1	1057.1285	14	7	0	0	1	0.7702	1.1138
26	619	1	1058.8118	13	9	0	1	1	0.7706	0.5817
26	620	1	1060.3616	12	12	0	1	1	0.7710	0.6167
26	621	1	1061.9116	11	2	90	1	1	0.7713	1.1134
26	622	1	1063.4615	12	12	0	1	1	0.7717	0.9887
26	623	1	1065.0115	11	2	0	1	1	0.7721	0.7656
26	624	1	1066.5614	10	13	0	1	1	0.7724	0.6407
26	625	1	1068.1113	11	2	0	1	1	0.7728	1.0578
26	626	1	1069.6612	10	13	0	1	1	0.7732	0.6131
26	627	1	1071.2111	11	2	0	1	1	0.7735	0.6470
26	628	1	1072.7610	9	8	0	1	1	0.7739	0.6963
26	629	1	1074.3110	12	12	0	1	1	0.7742	0.6672
26	630	1	1075.8609	11	2	0	1	1	0.7746	0.6056
26	631	1	1077.4108	12	12	0	1	1	0.7750	0.5263
26	632	1	1078.9607	13	9	0	1	1	0.7753	0.6096
26	633	1	1080.5107	12	12	0	1	1	0.7757	0.5797
26	634	1	1082.0606	11	2	0	1	1	0.7760	0.5325
26	635	1	1083.6105	9	8	90	0	1	0.7748	0.3918
26	636	1	1085.1604	12	12	0	1	1	0.7752	0.5207
26	637	1	1086.7103	11	2	0	1	1	0.7755	1.4353
26	638	1	1088.2768	10	13	0	1	1	0.7759	0.7014
26	639	1	1089.8268	11	2	0	1	1	0.7762	1.0714
26	640	1	1091.3767	10	13	0	1	1	0.7766	0.6085
26	641	1	1092.9267	13	9	0	1	1	0.7769	0.6266
26	642	1	1094.4766	10	13	0	1	1	0.7773	0.6765
26	643	1	1096.0265	11	2	0	1	1	0.7776	0.7439
26	644	1	1097.5764	10	13	0	1	1	0.7780	0.6496
26	645	1	1099.1263	13	9	90	1	1	0.7783	1.1147
26	646	1	1100.6763	10	13	0	1	1	0.7786	0.7499
26	647	1	1102.2262	11	2	90	1	1	0.7790	1.1041
26	648	1	1103.7761	10	13	90	1	1	0.7793	1.0091
26	649	1	1105.3261	12	12	0	1	1	0.7797	0.7082
26	650	1	1106.8759	9	8	90	1	1	0.7800	0.8061
26	651	1	1108.4259	12	12	90	1	1	0.7803	1.0482
26	652	1	1109.9758	9	8	0	1	1	0.7807	1.0653
26	653	1	1111.5257	8	4	0	1	1	0.7810	0.6367
26	654	1	1113.0756	7	11	0	1	1	0.7813	1.1507
26	655	1	1114.6255	6	15	0	1	1	0.7817	0.8648
26	656	1	1116.1755	4	14	90	1	1	0.7820	0.8827
26	657	1	1117.7254	6	15	0	1	1	0.7823	0.7567
26	658	1	1119.2752	5	5	0	1	1	0.7827	0.8550
26	659	1	1120.8252	7	11	90	1	1	0.7830	0.9847
26	660	1	1122.3752	5	5	0	1	1	0.7833	0.6190
26	661	1	1123.9251	8	4	0	1	1	0.7837	0.5880
26	662	1	1125.4750	6	15	90	1	1	0.7840	0.7192
26	663	1	1127.0249	5	5	0	1	1	0.7843	0.5450
26	664	1	1128.5747	7	11	90	0	1	0.7831	0.9796
26	665	1	1130.1414	5	5	0	1	1	0.7835	0.5969
26	666	1	1131.6913	8	4	0	1	1	0.7838	0.6938
26	667	1	1133.2413	6	15	90	1	1	0.7841	0.7772
26	668	1	1134.7912	4	14	90	1	1	0.7844	0.7791
26	669	1	1136.3411	5	5	0	1	1	0.7848	0.7814
26	670	1	1137.8910	7	11	0	1	1	0.7851	0.7190
26	671	1	1139.4409	6	15	0	1	1	0.7854	0.7213
26	672	1	1140.9908	8	4	90	0	1	0.7842	0.4823
26	673	1	1142.5408	5	5	0	1	1	0.7845	0.6135
26	674	1	1144.0907	7	11	0	1	1	0.7849	0.7757
26	675	1	1145.6406	6	15	0	1	1	0.7852	1.0497
26	676	1	1147.1905	7	11	0	1	1	0.7855	0.6830
26	677	1	1148.7405	5	5	0	1	1	0.7858	0.7180
26	678	1	1150.2904	8	4	90	1	1	0.7861	0.7347
26	679	1	1151.8403	6	15	90	1	1	0.7865	1.1049
26	680	1	1153.3902	7	11	0	1	1	0.7868	0.7397
26	681	1	1154.9401	5	5	0	1	1	0.7871	0.7420
26	682	1	1156.4900	4	14	0	1	1	0.7874	0.5682
26	683	1	1158.0400	7	11	0	1	1	0.7877	0.6344
26	684	1	1159.5899	5	5	90	1	1	0.7880	1.0528
26	685	1	1161.1398	4	14	0	1	1	0.7883	0.6225
26	686	1	1162.6897	7	11	0	1	1	0.7886	0.7845
26	687	1	1164.2397	8	4	0	1	1	0.7889	0.8667
26	688	1	1165.7896	7	11	0	1	1	0.7892	0.8360
26	689	1	1167.3395	4	14	0	1	1	0.7896	0.6626
26	690	1	1168.8894	7	11	0	1	1	0.7899	0.7773
26	691	1	1170.4393	5	5	0	1	1	0.7902	0.8418
26	692	1	1171.9892	8	4	0	1	1	0.7905	0.8125
26	693	1	1173.5392	7	11	90	1	1	0.7908	0.9592
26	694	1	1175.0891	5	5	0	1	1	0.7911	0.6892
26	695	1	1176.6390	4	14	0	1	1	0.7914	0.6588
26	696	1	1178.1889	7	11	0	1	1	0.7917	0.6922
26	697	1	1179.7388	6	15	0	1	1	0.7920	0.8555
26	698	1	1181.2887	7	11	90	1	1	0.7923	0.8405
26	699	1	1182.8387	5	5	90	1	1	0.7926	0.8585
26	700	1	1184.3886	4	14	0	1	1	0.7929	0.4936
26	701	1	1185.9385	7	11	90	1	1	0.7932	0.6859
26	702	1	1187.4884	6	15	0	1	1	0.7934	0.5620
26	703	1	1189.0384	4	14	0	1	1	0.7937	0.6267
26	704	1	1190.5883	5	5	0	0	1	0.7926	0.9499
26	705	1	1192.1382	4	14	90	0	1	0.7915	0.5520
26	706	1	1193.6881	6	15	0	1	1	0.7918	0.5370
26	707	1	1195.2380	7	11	0	0	1	0.7907	0.6832
26	708	1	1196.7880	6	15	0	1	1	0.7910	0.5904
26	709	1	1198.3379	4	14	0	1	1	0.7913	0.5283
26	710	1	1199.8878	6	15	0	1	1	0.7915	0.6264
26	711	1	1201.4376	8	4	0	1	1	0.7918	0.9633
26	712	1	1202.9876	6	15	0	1	1	0.7921	0.7750
26	713	1	1204.5376	4	14	0	1	1	0.7924	0.5686
26	714	1	1206.0875	3	10	0	1	1	0.7927	0.8576
26	715	1	1207.6373	4	14	0	1	1	0.7930	0.7799
26	716	1	1209.1873	5	5	0	-1	0	0.7919	-1.0000
26	717	1	1211.2039	8	4	0	1	1	0.7922	0.7024
26	718	1	1212.7538	9	8	0	1	1	0.7925	0.6883
26	719	1	1214.3037	8	4	90	1	1	0.7928	0.6895
26	720	1	1215.8536	7	11	0	1	1	0.7931	0.7399
26	721	1	1217.4036	8	4	0	1	1	0.7933	0.6951
26	722	1	1218.9534	6	15	0	1	1	0.7936	0.7610
26	723	1	1220.5033	7	11	0	1	1	0.7939	0.8749
26	724	1	1222.0533	8	4	90	1	1	0.7942	0.8611
26	725	1	1223.6032	6	15	0	1	1	0.7945	0.6872
26	726	1	1225.1531	4	14	0	1	1	0.7948	0.6893
26	727	1	1226.7031	7	11	0	1	1	0.7950	0.7235
26	728	1	1228.2529	6	15	0	1	1	0.7953	0.6615
26	729	1	1229.8029	8	4	0	1	1	0.7956	0.8075
26	730	1	1231.3528	6	15	0	1	1	0.7959	1.1123
26	731	1	1232.9027	4	14	0	1	1	0.7962	0.7954
26	732	1	1234.4526	3	10	0	1	1	0.7964	1.2767
26	733	1	1236.0026	15	1	0	1	1	0.7967	0.7825
26	734	1	1237.5525	2	6	0	0	1	0.7956	0.9937
26	735	1	1239.1023	14	7	0	1	1	0.7959	1.2999
26	736	1	1240.6523	13	9	0	1	1	0.7962	0.5987
26	737	1	1242.2023	11	2	0	1	1	0.7965	0.6642
26	738	1	1243.7522	9	8	0	1	1	0.7967	0.6823
26	739	1	1245.3021	8	4	0	1	1	0.7970	0.7481
26	740	1	1246.8520	5	5	0	1	1	0.7973	0.6382
26	741	1	1248.4019	4	14	0	1	1	0.7976	0.8153
26	742	1	1249.9519	5	5	0	1	1	0.7978	0.5945
26	743	1	1251.5018	7	11	90	1	1	0.7981	1.0286
26	744	1	1253.0517	5	5	0	1	1	0.7984	0.7426
26	745	1	1254.6016	8	4	0	1	1	0.7987	0.6796
26	746	1	1256.1515	5	5	0	1	1	0.7989	0.5707
26	747	1	1257.7014	8	4	0	1	1	0.7992	0.5245
26	748	1	1259.2514	6	15	0	1	1	0.7995	0.7979
26	749	1	1260.8013	5	5	0	1	1	0.7997	0.5918
26	750	1	1262.3512	8	4	0	1	1	0.8000	0.5473
26	751	1	1263.9012	5	5	90	1	1	0.8003	0.7572
26	752	1	1265.4511	4	14	0	1	1	0.8005	0.4380
26	753	1	1267.0010	6	15	0	1	1	0.8008	0.8731
26	754	1	1268.5509	4	14	0	1	1	0.8011	0.5555
26	755	1	1270.1007	5	5	0	1	1	0.8013	0.7324
26	756	1	1271.6507	6	15	0	1	1	0.8016	0.5915
26	757	1	1273.2006	5	5	0	1	1	0.8018	0.5445
26	758	1	1274.7506	6	15	0	1	1	0.8021	0.5634
26	759	1	1276.3004	8	4	0	1	1	0.8024	0.6298
26	760	1	1277.8504	9	8	0	1	1	0.8026	0.6628
26	761	1	1279.4003	11	2	90	1	1	0.8029	0.9541
26	762	1	1280.9502	13	9	0	1	1	0.8031	0.5882
26	763	1	1282.5001	11	2	0	1	1	0.8034	0.6383
26	764	1	1284.0500	12	12	0	1	1	0.8037	0.5760
26	765	1	1285.6000	11	2	0	1	1	0.8039	0.5622
26	766	1	1287.1499	9	8	0	1	1	0.8042	0.4045
26	767	1	1288.6998	11	2	0	1	1	0.8044	0.5013
26	768	1	1290.2498	9	8	90	1	1	0.8047	0.7925
26	769	1	1291.7997	12	12	0	1	1	0.8049	0.6026
26	770	1	1293.3496	9	8	0	1	1	0.8052	0.5875
26	771	1	1294.8995	10	13	0	1	1	0.8054	0.5907
26	772	1	1296.4495	13	9	0	1	1	0.8057	0.6408
26	773	1	1297.9993	12	12	0	1	1	0.8060	0.7058
26	774	1	1299.5493	9	8	90	1	1	0.8062	0.8051
26	775	1	1301.0992	11	2	0	1	1	0.8065	0.7107
26	776	1	1302.6491	10	13	90	1	1	0.8067	1.1614
26	777	1	1304.1990	9	8	0	1	1	0.8069	0.9541
26	778	1	1305.7490	10	13	0	1	1	0.8072	0.7002
26	779	1	1307.2989	11	2	0	1	1	0.8074	0.7031
26	780	1	1308.8487	10	13	90	1	1	0.8077	0.7212
26	781	1	1310.3986	11	2	0	1	1	0.8079	0.5637
26	782	1	1311.9486	10	13	0	1	1	0.8082	0.6459
26	783	1	1313.4986	11	2	0	1	1	0.8084	0.6637
26	784	1	1315.0484	13	9	0	1	1	0.8087	1.0168
26	785	1	1316.5984	12	12	0	1	1	0.8089	0.6668
26	786	1	1318.1483	13	9	0	1	1	0.8092	0.6858
26	787	1	1319.6982	11	2	90	0	1	0.8081	0.5430
26	788	1	1321.2482	10	13	0	1	1	0.8084	0.4978
26	789	1	1322.7980	13	9	0	1	1	0.8086	0.6603
26	790	1	1324.3480	12	12	0	1	1	0.8089	0.6462
26	791	1	1325.8979	9	8	90	1	1	0.8091	0.7125
26	792	1	1327.4478	12	12	0	1	1	0.8093	0.5386
26	793	1	1328.9978	10	13	0	1	1	0.8096	0.5886
26	794	1	1330.5477	9	8	0	1	1	0.8098	0.7665
26	795	1	1332.0976	10	13	90	1	1	0.8101	0.6726
26	796	1	1333.6475	11	2	0	1	1	0.8103	0.5141
26	797	1	1335.1974	13	9	0	1	1	0.8105	0.7566
26	798	1	1336.7473	11	2	0	1	1	0.8108	0.5659
26	799	1	1338.2973	9	8	0	1	1	0.8110	0.5359
26	800	1	1339.8472	10	13	0	1	1	0.8113	0.7632
26	801	1	1341.3971	11	2	0	1	1	0.8115	0.8612
26	802	1	1342.9470	9	8	90	1	1	0.8117	1.1355
26	803	1	1344.4970	10	13	0	1	1	0.8120	0.5934
26	804	1	1346.0468	13	9	0	1	1	0.8122	0.7396
26	805	1	1347.5968	12	12	0	1	1	0.8124	0.6294
26	806	1	1349.1467	11	2	0	1	1	0.8127	0.4559
26	807	1	1350.6966	13	9	0	1	1	0.8129	0.6496
26	808	1	1352.2466	12	12	0	1	1	0.8131	0.5558
26	809	1	1353.7965	11	2	0	1	1	0.8133	0.5260
26	810	1	1355.3464	10	13	0	1	1	0.8136	0.4149
26	811	1	1356.8963	11	2	0	1	1	0.8138	0.3859
26	812	1	1358.4461	9	8	90	1	1	0.8140	0.5482
26	813	1	1359.9962	10	13	90	1	1	0.8143	0.6463
26	814	1	1361.5461	13	9	90	0	1	0.8133	0.5681
26	815	1	1363.0960	10	13	0	1	1	0.8135	0.7452
26	816	1	1364.6459	9	8	0	1	1	0.8137	0.6993
26	817	1	1366.1958	12	12	0	1	1	0.8140	0.7333
26	818	1	1367.7457	11	2	0	1	1	0.8142	0.5115
26	819	1	1369.2957	12	12	0	1	1	0.8144	0.6906
26	820	1	1370.8456	11	2	0	1	1	0.8146	0.5956
26	821	1	1372.3955	12	12	90	1	1	0.8149	0.7897
26	822	1	1373.9454	10	13	0	1	1	0.8151	0.5517
26	823	1	1375.4954	13	9	0	1	1	0.8153	0.6672
26	824	1	1377.0453	14	7	0	0	1	0.8143	0.5252
26	825	1	1378.5952	15	1	0	1	1	0.8145	0.5271
26	826	1	1380.1451	1	3	0	1	1	0.8148	0.6413
26	827	1	1381.6950	2	6	0	1	1	0.8150	0.7222
26	828	1	1383.2450	3	10	0	0	1	0.8140	1.0282
26	829	1	1384.8114	15	1	0	1	1	0.8142	0.5351
26	830	1	1386.3614	3	10	0	1	1	0.8145	0.6477
26	831	1	1387.9114	1	3	0	1	1	0.8147	0.7617
26	832	1	1389.4613	2	6	0	1	1	0.8149	0.6679
26	833	1	1391.0112	14	7	0	1	1	0.8151	0.3992
26	834	1	1392.5611	1	3	0	1	1	0.8153	0.5610
26	835	1	1394.1111	3	10	0	1	1	0.8156	1.2512
26	836	1	1395.6609	4	14	0	1	1	0.8158	0.7722
26	837	1	1397.2109	3	10	90	0	1	0.8148	0.5675
26	838	1	1398.7608	2	6	0	1	1	0.8150	0.6967
26	839	1	1400.3106	14	7	0	1	1	0.8153	0.9546
26	840	1	1401.8606	15	1	0	1	1	0.8155	0.5258
26	841	1	1403.4106	14	7	0	0	1	0.8145	0.9438
26	842	1	1404.9605	2	6	0	1	1	0.8147	0.5779
26	843	1	1406.5104	1	3	0	1	1	0.8149	0.5960
26	844	1	1408.0603	2	6	0	1	1	0.8152	0.4208
26	845	1	1409.6102	15	1	90	1	1	0.8154	1.0319
26	846	1	1411.1602	3	10	0	1	1	0.8156	0.9371
26	847	1	1412.7101	2	6	0	1	1	0.8158	0.7323
26	848	1	1414.2600	14	7	0	1	1	0.8160	0.9584
26	849	1	1415.8099	2	6	0	1	1	0.8163	0.8643
26	850	1	1417.3599	3	10	0	1	1	0.8165	1.0104
26	851	1	1418.9098	15	1	0	1	1	0.8167	0.9005
26	852	1	1420.4597	1	3	0	1	1	0.8169	0.7424
26	853	1	1422.0096	3	10	0	1	1	0.8171	0.7925
26	854	1	1423.5595	15	1	0	1	1	0.8173	0.9068
26	855	1	1425.1094	3	10	0	1	1	0.8175	0.7318
26	856	1	1426.6594	4	14	0	1	1	0.8178	0.7030
26	857	1	1428.2092	3	10	0	1	1	0.8180	0.5928
26	858	1	1429.7592	15	1	0	1	1	0.8182	0.6273
26	859	1	1431.3091	14	7	0	0	1	0.8172	0.7893
26	860	1	1432.8590	1	3	90	0	1	0.8163	0.5982
26	861	1	1434.4089	3	10	0	1	1	0.8165	0.6974
26	862	1	1435.9589	4	14	0	1	1	0.8167	0.6355
26	863	1	1437.5088	7	11	0	1	1	0.8169	0.8603
26	864	1	1439.0587	4	14	0	1	1	0.8171	0.5596
26	865	1	1440.6086	3	10	0	1	1	0.8173	0.7378
26	866	1	1442.1586	2	6	90	0	1	0.8164	0.7226
26	867	1	1443.7085	3	10	0	1	1	0.8166	0.6928
26	868	1	1445.2584	4	14	0	1	1	0.8168	0.5348
26	869	1	1446.8083	6	15	0	1	1	0.8170	0.7460
26	870	1	1448.3582	8	4	0	1	1	0.8172	0.6830
26	871	1	1449.9081	9	8	0	1	1	0.8175	0.7970
26	872	1	1451.4581	8	4	90	1	1	0.8177	0.8321
26	873	1	1453.0079	6	15	90	1	1	0.8179	0.8825
26	874	1	1454.5579	8	4	0	1	1	0.8181	0.8032
26	875	1	1456.1078	6	15	0	1	1	0.8183	0.9022
26	876	1	1457.6578	4	14	0	1	1	0.8185	0.5847
26	877	1	1459.2076	3	10	0	1	1	0.8187	0.8906
26	878	1	1460.7576	1	3	0	1	1	0.8189	0.6848
26	879	1	1462.3075	3	10	0	1	1	0.8191	0.3987
26	880	1	1463.8574	1	3	0	1	1	0.8193	0.5609
26	881	1	1465.4074	14	7	90	1	1	0.8195	0.8338
26	882	1	1466.9573	13	9	0	1	1	0.8197	0.6292
26	883	1	1468.5072	10	13	0	1	1	0.8199	0.6151
26	884	1	1470.0571	13	9	90	0	1	0.8190	0.5048
26	885	1	1471.6070	14	7	0	1	1	0.8192	1.0674
26	886	1	1473.1569	13	9	0	1	1	0.8194	0.6054
26	887	1	1474.7068	10	13	90	1	1	0.8196	0.9117
26	888	1	1476.2567	11	2	90	1	1	0.8198	1.1843
26	889	1	1477.8067	9	8	0	1	1	0.8200	0.6918
26	890	1	1479.3565	8	4	0	1	1	0.8202	0.6299
26	891	1	1480.9066	6	15	90	0	1	0.8193	1.0307
26	892	1	1482.5231	4	14	0	1	1	0.8195	0.6459
26	893	1	1484.0730	7	11	0	1	1	0.8197	1.0493
26	894	1	1485.6230	4	14	0	1	1	0.8199	0.6345
26	895	1	1487.1729	6	15	0	1	1	0.8201	0.7494
26	896	1	1488.7228	4	14	0	1	1	0.8203	0.5425
26	897	1	1490.2727	5	5	90	1	1	0.8205	0.9143
26	898	1	1491.8226	4	14	0	1	1	0.8207	0.6918
26	899	1	1493.3726	3	10	0	0	1	0.8198	1.1256
26	900	1	1495.0558	1	3	0	1	1	0.8200	0.5144
26	901	1	1496.6057	15	1	90	1	1	0.8202	0.8846
26	902	1	1498.1556	1	3	0	1	1	0.8204	0.5026
26	903	1	1499.7055	3	10	90	1	1	0.8206	1.0008
26	904	1	1501.2555	15	1	0	1	1	0.8208	0.4747
26	905	1	1502.8054	1	3	90	1	1	0.8210	0.9718
26	906	1	1504.3553	14	7	0	1	1	0.8212	1.1511
26	907	1	1505.9052	1	3	0	1	1	0.8214	0.7839
26	908	1	1507.4551	3	10	90	1	1	0.8216	1.1549
26	909	1	1509.0050	4	14	0	1	1	0.8218	0.5643
26	910	1	1510.5549	7	11	90	-1	0	0.8209	-1.0000
26	911	1	1512.6049	6	15	0	1	1	0.8211	0.7248
26	912	1	1514.1547	5	5	0	1	1	0.8213	0.9995
26	913	1	1515.7047	4	14	0	1	1	0.8215	0.5684
26	914	1	1517.2547	7	11	90	1	1	0.8217	0.7465
26	915	1	1518.8045	4	14	0	1	1	0.8219	0.3179
26	916	1	1520.3545	7	11	0	1	1	0.8221	0.7359
26	917	1	1521.9044	6	15	90	1	1	0.8222	0.8020
26	918	1	1523.4543	8	4	90	1	1	0.8224	0.9641
26	919	1	1525.0043	9	8	0	1	1	0.8226	0.6777
26	920	1	1526.5542	11	2	0	0	1	0.8217	1.0481
26	921	1	1528.1208	10	13	90	0	1	0.8208	0.5692
26	922	1	1529.6707	12	12	0	1	1	0.8210	0.6994
26	923	1	1531.2206	10	13	0	1	1	0.8212	0.7017
26	924	1	1532.7705	12	12	0	1	1	0.8214	0.5747
26	925	1	1534.3204	11	2	0	1	1	0.8216	0.5940
26	926	1	1535.8703	9	8	0	1	1	0.8218	0.7396
26	927	1	1537.4203	11	2	0	1	1	0.8220	0.9822
26	928	1	1538.9702	10	13	0	1	1	0.8222	0.6153
26	929	1	1540.5201	13	9	0	1	1	0.8224	0.6830
26	930	1	1542.0700	12	12	90	0	1	0.8215	0.5233
26	931	1	1543.6199	10	13	0	1	1	0.8217	0.8620
26	932	1	1545.1699	11	2	0	1	1	0.8219	0.7045
26	933	1	1546.7198	13	9	0	1	1	0.8221	0.6747
26	934	1	1548.2697	14	7	0	0	1	0.8212	0.8034
26	935	1	1549.8196	13	9	0	1	1	0.8214	0.4867
26	936	1	1551.3696	14	7	0	1	1	0.8216	0.8076
26	937	1	1552.9195	15	1	0	1	1	0.8218	0.7297
26	938	1	1554.4694	2	6	0	1	1	0.8220	0.8758
26	939	1	1556.0193	14	7	0	0	1	0.8211	0.8150
26	940	1	1557.5692	2	6	0	1	1	0.8213	0.3678
26	941	1	1559.1192	15	1	0	1	1	0.8215	0.6430
26	942	1	1560.6690	2	6	0	1	1	0.8217	0.8041
26	943	1	1562.2190	3	10	0	1	1	0.8218	1.0942
26	944	1	1563.7689	2	6	0	1	1	0.8220	0.8085
26	945	1	1565.3188	1	3	0	1	1	0.8222	0.6361
26	946	1	1566.8688	14	7	0	1	1	0.8224	0.9245
26	947	1	1568.4187	1	3	0	1	1	0.8226	0.5116
26	948	1	1569.9686	3	10	90	0	1	0.8217	0.5456
26	949	1	1571.5185	15	1	0	1	1	0.8219	0.6439
26	950	1	1573.0684	14	7	90	0	1	0.8211	0.6301
26	951	1	1574.6184	2	6	90	0	1	0.8202	0.6478
26	952	1	1576.1683	1	3	0	1	1	0.8204	0.6182
26	953	1	1577.7182	2	6	0	1	1	0.8206	0.8121
26	954	1	1579.2681	1	3	0	1	1	0.8208	0.7183
26	955	1	1580.8180	2	6	90	1	1	0.8209	0.8483
26	956	1	1582.3679	3	10	0	1	1	0.8211	0.6261
26	957	1	1583.9179	15	1	0	1	1	0.8213	0.5633
26	958	1	1585.4678	14	7	0	0	1	0.8205	0.6462
26	959	1	1587.0177	13	9	0	1	1	0.8206	0.5365
26	960	1	1588.5676	10	13	0	1	1	0.8208	0.5866
26	961	1	1590.1175	9	8	0	1	1	0.8210	0.5878
26	962	1	1591.6675	10	13	0	1	1	0.8212	0.6538
26	963	1	1593.2174	13	9	90	0	1	0.8204	0.5931
26	964	1	1594.7673	11	2	0	1	1	0.8205	0.6427
26	965	1	1596.3171	10	13	0	1	1	0.8207	0.5801
26	966	1	1597.8672	13	9	0	1	1	0.8209	0.6781
26	967	1	1599.4171	12	12	0	1	1	0.8211	0.6489
26	968	1	1600.9670	11	2	0	1	1	0.8213	0.6345
26	969	1	1602.5169	10	13	90	1	1	0.8215	0.7176
26	970	1	1604.0668	12	12	0	1	1	0.8216	0.5264
26	971	1	1605.6167	10	13	0	1	1	0.8218	0.8646
26	972	1	1607.1666	9	8	0	0	1	0.8210	0.8679
26	973	1	1608.7166	8	4	0	1	1	0.8212	0.4058
26	974	1	1610.2665	5	5	0	1	1	0.8214	0.7597
26	975	1	1611.8164	4	14	90	1	1	0.8215	0.7608
26	976	1	1613.3663	3	10	0	1	1	0.8217	0.6509
26	977	1	1614.9162	4	14	0	1	1	0.8219	0.5582
26	978	1	1616.4662	6	15	90	1	1	0.8221	0.6230
26	979	1	1618.0161	5	5	0	1	1	0.8223	0.2731
26	980	1	1619.5660	4	14	0	1	1	0.8224	0.5162
26	981	1	1621.1159	5	5	0	1	1	0.8226	0.6452
26	982	1	1622.6659	7	11	0	1	1	0.8228	0.3446
26	983	1	1624.2158	8	4	0	1	1	0.8230	0.7786
26	984	1	1625.7657	5	5	0	1	1	0.8232	0.5717
26	985	1	1627.3156	4	14	0	1	1	0.8234	0.6211
26	986	1	1628.8655	7	11	90	1	1	0.8235	0.8476
26	987	1	1630.4154	8	4	0	1	1	0.8237	0.6269
26	988	1	1631.9653	7	11	90	1	1	0.8239	0.7570
26	989	1	1633.5153	6	15	0	1	1	0.8241	0.5659
26	990	1	1635.0652	5	5	0	1	1	0.8242	0.5849
26	991	1	1636.6151	8	4	0	1	1	0.8244	0.6511
26	992	1	1638.1651	6	15	0	1	1	0.8246	0.7008
26	993	1	1639.7150	7	11	0	1	1	0.8248	0.7033
26	994	1	1641.2648	8	4	90	1	1	0.8249	0.7696
26	995	1	1642.8148	9	8	0	1	1	0.8251	0.5476
26	996	1	1644.3647	10	13	0	1	1	0.8253	0.6616
26	997	1	1645.9147	9	8	0	1	1	0.8255	0.6796
26	998	1	1647.4646	8	4	0	1	1	0.8257	0.5532
26	999	1	1649.0145	6	15	0	1	1	0.8258	0.6836
26	1000	1	1650.5644	7	11	0	1	1	0.8260	0.6860
26	1001	1	1652.1143	6	15	90	1	1	0.8262	0.7201
26	1002	1	1653.6642	7	11	90	0	1	0.8253	1.0569
26	1003	1	1655.2808	8	4	0	1	1	0.8255	0.7376
26	1004	1	1656.8307	9	8	0	1	1	0.8257	1.2994
26	1005	1	1658.3806	11	2	0	1	1	0.8259	0.7087
26	1006	1	1659.9306	13	9	0	1	1	0.8260	0.6321
26	1007	1	1661.4805	11	2	0	1	1	0.8262	0.6335
26	1008	1	1663.0304	9	8	0	1	1	0.8264	0.6359
26	1009	1	1664.5804	11	2	0	1	1	0.8266	0.6219
26	1010	1	1666.1302	12	12	90	1	1	0.8267	0.8637
26	1011	1	1667.6802	10	13	90	1	1	0.8269	1.2662
26	1012	1	1669.2301	12	12	0	1	1	0.8271	0.6915
26	1013	1	1670.7800	10	13	90	1	1	0.8272	0.7428
26	1014	1	1672.3300	9	8	0	1	1	0.8274	0.6961
26	1015	1	1673.8799	12	12	0	1	1	0.8276	0.7787
26	1016	1	1675.4298	11	2	90	1	1	0.8278	1.0034
26	1017	1	1676.9797	12	12	90	1	1	0.8279	0.7175
26	1018	1	1678.5296	13	9	0	1	1	0.8281	0.6732
26	1019	1	1680.0795	11	2	0	1	1	0.8283	0.6746
26	1020	1	1681.6295	13	9	90	0	1	0.8275	0.6119
26	1021	1	1683.1794	14	7	0	0	1	0.8266	0.8551
26	1022	1	1684.7293	2	6	0	1	1	0.8268	0.5050
26	1023	1	1686.2792	15	1	0	1	1	0.8270	0.6192
26	1024	1	1687.8291	14	7	0	1	1	0.8271	1.0051
26	1025	1	1689.3791	13	9	0	1	1	0.8273	0.6074
26	1026	1	1690.9290	10	13	0	1	1	0.8275	0.5935
26	1027	1	1692.4789	9	8	0	1	1	0.8277	0.5783
26	1028	1	1694.0288	12	12	90	1	1	0.8278	0.5652
26	1029	1	1695.5787	13	9	0	1	1	0.8280	0.3915
26	1030	1	1697.1287	11	2	0	1	1	0.8282	0.6335
26	1031	1	1698.6785	9	8	90	1	1	0.8283	0.6674
26	1032	1	1700.2285	10	13	90	1	1	0.8285	0.6847
26	1033	1	1701.7784	12	12	0	1	1	0.8287	0.5758
26	1034	1	1703.3283	9	8	0	1	1	0.8288	0.6094
26	1035	1	1704.8783	10	13	0	1	1	0.8290	0.6270
26	1036	1	1706.4281	11	2	0	1	1	0.8292	0.6622
26	1037	1	1707.9781	13	9	0	1	1	0.8293	0.6471
26	1038	1	1709.5280	12	12	0	1	1	0.8295	0.6813
26	1039	1	1711.0779	9	8	90	1	1	0.8296	0.7005
26	1040	1	1712.6278	10	13	90	1	1	0.8298	0.8466
26	1041	1	1714.1778	11	2	0	1	1	0.8300	0.5276
26	1042	1	1715.7277	9	8	0	-1	0	0.8292	-1.0000
26	1043	1	1717.7776	12	12	90	1	1	0.8293	0.7677
26	1044	1	1719.3275	9	8	90	1	1	0.8295	0.8669
26	1045	1	1720.8774	12	12	0	1	1	0.8297	0.5490
26	1046	1	1722.4273	10	13	0	1	1	0.8298	0.5511
26	1047	1	1723.9773	11	2	0	1	1	0.8300	0.5371
26	1048	1	1725.5271	9	8	0	1	1	0.8302	0.7143
26	1049	1	1727.0771	10	13	0	1	1	0.8303	0.5895
26	1050	1	1728.6270	11	2	0	1	1	0.8305	0.5914
26	1051	1	1730.1769	10	13	0	1	1	0.8306	0.5443
26	1052	1	1731.7268	12	12	0	1	1	0.8308	0.5476
26	1053	1	1733.2768	13	9	0	1	1	0.8310	0.7575
26	1054	1	1734.8267	11	2	90	1	1	0.8311	0.9676
26	1055	1	1736.3766	12	12	90	1	1	0.8313	0.8896
26	1056	1	1737.9264	13	9	0	1	1	0.8314	0.6347
26	1057	1	1739.4764	14	7	0	1	1	0.8316	1.0860
26	1058	1	1741.0263	1	3	0	1	1	0.8318	0.5600
26	1059	1	1742.5763	15	1	0	1	1	0.8319	0.6422
26	1060	1	1744.1261	2	6	0	1	1	0.8321	0.8845
26	1061	1	1745.6760	14	7	90	1	1	0.8322	1.0465
26	1062	1	1747.2261	2	6	0	1	1	0.8324	0.8877
26	1063	1	1748.7759	15	1	0	1	1	0.8325	0.6826
26	1064	1	1750.3258	2	6	0	1	1	0.8327	0.6845
26	1065	1	1751.8757	1	3	0	1	1	0.8329	0.6869
26	1066	1	1753.4256	2	6	0	1	1	0.8330	0.6557
26	1067	1	1754.9757	15	1	0	1	1	0.8332	0.6415
26	1068	1	1756.5256	2	6	0	1	1	0.8333	0.6450
26	1069	1	1758.0754	3	10	90	1	1	0.8335	0.9509
26	1070	1	1759.6254	1	3	0	1	1	0.8336	0.6329
26	1071	1	1761.1753	14	7	90	1	1	0.8338	0.9552
26	1072	1	1762.7252	15	1	0	1	1	0.8340	0.4932
26	1073	1	1764.2752	14	7	0	1	1	0.8341	0.9099
26	1074	1	1765.8251	15	1	0	1	1	0.8343	0.5455
26	1075	1	1767.3750	3	10	0	1	1	0.8344	0.9471
26	1076	1	1768.9249	2	6	0	1	1	0.8346	0.6613
26	1077	1	1770.4748	15	1	0	1	1	0.8347	0.6956
26	1078	1	1772.0248	2	6	0	1	1	0.8349	0.5695
26	1079	1	1773.5747	3	10	0	1	1	0.8350	0.6522
26	1080	1	1775.1246	1	3	0	1	1	0.8352	0.5742
26	1081	1	1776.6745	2	6	0	1	1	0.8353	0.7358
26	1082	1	1778.2244	3	10	0	1	1	0.8355	0.8978
26	1083	1	1779.7744	15	1	90	1	1	0.8356	0.8679
26	1084	1	1781.3243	2	6	0	1	1	0.8358	0.4061
26	1085	1	1782.8742	14	7	90	1	1	0.8359	0.8709
26	1086	1	1784.4241	1	3	0	1	1	0.8361	0.6823
26	1087	1	1785.9740	2	6	0	1	1	0.8362	0.6524
26	1088	1	1787.5239	1	3	0	1	1	0.8364	0.6376
26	1089	1	1789.0738	3	10	0	1	1	0.8365	1.0724
26	1090	1	1790.6238	4	14	90	1	1	0.8367	0.9306
26	1091	1	1792.1737	7	11	90	1	1	0.8368	1.2051
26	1092	1	1793.7236	4	14	90	1	1	0.8370	0.9191
26	1093	1	1795.2736	6	15	0	1	1	0.8371	0.7455
26	1094	1	1796.8235	8	4	0	1	1	0.8373	0.7308
26	1095	1	1798.3734	5	5	0	1	1	0.8374	0.6999
26	1096	1	1799.9233	4	14	0	1	1	0.8376	0.6401
26	1097	1	1801.4732	3	10	0	1	1	0.8377	1.0080
26	1098	1	1803.0232	1	3	0	1	1	0.8379	0.6432
26	1099	1	1804.5730	3	10	90	1	1	0.8380	0.8683
26	1100	1	1806.1229	2	6	0	1	1	0.8382	0.5835
26	1101	1	1807.6728	14	7	0	0	1	0.8374	0.8265
26	1102	1	1809.2227	13	9	0	1	1	0.8376	0.6995
26	1103	1	1810.7727	10	13	0	1	1	0.8377	0.6539
26	1104	1	1812.3227	13	9	0	1	1	0.8379	0.6867
26	1105	1	1813.8726	11	2	0	1	1	0.8380	0.8006
26	1106	1	1815.4225	12	12	0	1	1	0.8382	0.8680
26	1107	1	1816.9724	11	2	0	1	1	0.8383	0.6778
26	1108	1	1818.5224	9	8	0	1	1	0.8384	0.8879
26	1109	1	1820.0722	8	4	0	1	1	0.8386	0.6983
26	1110	1	1821.6222	5	5	0	1	1	0.8387	0.7150
26	1111	1	1823.1721	7	11	0	1	1	0.8389	1.2299
26	1112	1	1824.7220	8	4	0	1	1	0.8390	0.6712
26	1113	1	1826.2718	9	8	0	1	1	0.8392	0.6577
26	1114	1	1827.8218	12	12	0	1	1	0.8393	0.7091
26	1115	1	1829.3718	11	2	0	1	1	0.8395	0.7256
26	1116	1	1830.9217	12	12	0	1	1	0.8396	0.6485
26	1117	1	1832.4717	9	8	0	1	1	0.8397	0.5387
26	1118	1	1834.0216	11	2	0	1	1	0.8399	0.5722
26	1119	1	1835.5715	10	13	0	1	1	0.8400	0.6070
26	1120	1	1837.1214	11	2	0	1	1	0.8402	0.5440
26	1121	1	1838.6712	9	8	90	1	1	0.8403	0.7872
26	1122	1	1840.2212	12	12	0	1	1	0.8405	0.7253
26	1123	1	1841.7712	9	8	0	1	1	0.8406	0.5672
26	1124	1	1843.3211	12	12	0	1	1	0.8407	0.5695
26	1125	1	1844.8710	11	2	0	1	1	0.8409	0.6993
26	1126	1	1846.4209	9	8	90	1	1	0.8410	0.6535
26	1127	1	1847.9708	12	12	0	1	1	0.8412	0.5437
26	1128	1	1849.5207	11	2	0	1	1	0.8413	0.6096
26	1129	1	1851.0707	13	9	90	1	1	0.8415	0.8826
26	1130	1	1852.6206	12	12	0	1	1	0.8416	0.5977
26	1131	1	1854.1705	13	9	0	1	1	0.8417	0.8067
26	1132	1	1855.7204	10	13	0	1	1	0.8419	0.6499
26	1133	1	1857.2703	12	12	0	1	1	0.8420	0.6509
26	1134	1	1858.8202	11	2	0	1	1	0.8422	0.5422
26	1135	1	1860.3702	9	8	0	1	1	0.8423	0.4802
26	1136	1	1861.9201	10	13	0	1	1	0.8424	0.5784
26	1137	1	1863.4700	9	8	0	1	1	0.8426	0.6122
26	1138	1	1865.0199	11	2	0	1	1	0.8427	0.6465
26	1139	1	1866.5698	13	9	0	1	1	0.8428	0.7126
26	1140	1	1868.1198	12	12	0	1	1	0.8430	0.6976
26	1141	1	1869.6697	13	9	0	1	1	0.8431	0.8274
26	1142	1	1871.2196	12	12	0	1	1	0.8433	0.7348
26	1143	1	1872.7695	10	13	0	1	1	0.8434	0.6886
26	1144	1	1874.3195	13	9	0	1	1	0.8435	0.8678
26	1145	1	1875.8694	12	12	0	1	1	0.8437	0.6438
26	1146	1	1877.4193	11	2	0	1	1	0.8438	0.5672
26	1147	1	1878.9692	13	9	0	1	1	0.8439	0.6960
26	1148	1	1880.5191	12	12	0	1	1	0.8441	0.5224
26	1149	1	1882.0690	9	8	90	1	1	0.8442	0.6375
26	1150	1	1883.6190	8	4	90	1	1	0.8443	0.8302
26	1151	1	1885.1689	5	5	0	1	1	0.8445	0.5936
26	1152	1	1886.7188	8	4	0	0	1	0.8438	0.6905
26	1153	1	1888.2687	6	15	0	1	1	0.8439	0.5019
26	1154	1	1889.8186	5	5	0	1	1	0.8440	0.5517
26	1155	1	1891.3685	6	15	0	1	1	0.8442	0.6167
26	1156	1	1892.9185	8	4	0	1	1	0.8443	0.7627
26	1157	1	1894.4684	5	5	0	1	1	0.8444	0.5578
26	1158	1	1896.0182	8	4	0	1	1	0.8446	0.6230
26	1159	1	1897.5682	5	5	90	1	1	0.8447	0.6729
26	1160	1	1899.1182	4	14	0	1	1	0.8448	0.5483
26	1161	1	1900.6681	5	5	90	1	1	0.8450	0.7103
26	1162	1	1902.2180	8	4	0	1	1	0.8451	0.3918
26	1163	1	1903.7679	6	15	0	1	1	0.8452	0.5697
26	1164	1	1905.3178	7	11	0	0	1	0.8445	0.5879
26	1165	1	1906.8678	8	4	0	1	1	0.8446	0.2868
26	1166	1	1908.4176	5	5	0	1	1	0.8448	0.6727
26	1167	1	1909.9676	6	15	0	1	1	0.8449	0.6256
26	1168	1	1911.5175	4	14	90	1	1	0.8450	0.6608
26	1169	1	1913.0674	6	15	0	1	1	0.8452	0.5191
26	1170	1	1914.6174	7	11	0	1	1	0.8453	0.3931
26	1171	1	1916.1672	8	4	90	1	1	0.8454	0.6180
26	1172	1	1917.7172	9	8	0	1	1	0.8456	0.9400
26	1173	1	1919.2671	10	13	0	1	1	0.8457	0.5901
26	1174	1	1920.8170	12	12	90	1	1	0.8458	0.5762
26	1175	1	1922.3670	10	13	0	1	1	0.8460	0.4995
26	1176	1	1923.9169	9	8	0	1	1	0.8461	1.0603
26	1177	1	1925.4668	10	13	0	1	1	0.8462	0.6636
26	1178	1	1927.0167	11	2	90	1	1	0.8463	0.7445
26	1179	1	1928.5666	12	12	0	1	1	0.8465	0.4755
26	1180	1	1930.1166	11	2	0	1	1	0.8466	0.9407
26	1181	1	1931.6665	13	9	0	1	1	0.8467	0.7028
26	1182	1	1933.2163	14	7	0	0	1	0.8460	0.6587
26	1183	1	1934.7663	1	3	0	1	1	0.8462	0.5469
26	1184	1	1936.3162	2	6	0	1	1	0.8463	0.3422
26	1185	1	1937.8662	15	1	0	1	1	0.8464	0.6150
26	1186	1	1939.4161	14	7	0	0	1	0.8457	1.4504
26	1187	1	1941.4493	13	9	0	1	1	0.8458	0.5532
26	1188	1	1942.9992	12	12	0	1	1	0.8460	0.5555
26	1189	1	1944.5491	10	13	0	1	1	0.8461	0.7641
26	1190	1	1946.0991	13	9	0	1	1	0.8462	1.1195
26	1191	1	1947.6490	11	2	0	0	1	0.8455	0.7374
26	1192	1	1949.1989	9	8	90	0	1	0.8448	0.5954
26	1193	1	1950.7488	11	2	0	1	1	0.8449	0.5964
26	1194	1	1952.2987	12	12	0	1	1	0.8451	0.6637
26	1195	1	1953.8486	11	2	0	1	1	0.8452	0.6508
26	1196	1	1955.3985	10	13	0	1	1	0.8453	0.6200
26	1197	1	1956.9484	11	2	0	1	1	0.8454	0.6048
26	1198	1	1958.4984	10	13	0	1	1	0.8456	0.6560
26	1199	1	1960.0482	12	12	0	1	1	0.8457	0.7381
26	1200	1	1961.5983	10	13	0	1	1	0.8458	0.5801
26	1201	1	1963.1482	9	8	0	1	1	0.8460	0.7103
26	1202	1	1964.6981	12	12	0	1	1	0.8461	0.5684
26	1203	1	1966.2480	11	2	90	1	1	0.8462	0.7132
26	1204	1	1967.7979	9	8	0	1	1	0.8463	0.4766
26	1205	1	1969.3479	12	12	0	1	1	0.8465	0.5736
26	1206	1	1970.8978	11	2	90	1	1	0.8466	0.6885
26	1207	1	1972.4477	13	9	0	1	1	0.8467	0.7072
26	1208	1	1973.9976	11	2	0	1	1	0.8469	0.6127
26	1209	1	1975.5475	10	13	0	1	1	0.8470	0.5826
26	1210	1	1977.0974	12	12	90	1	1	0.8471	0.8096
26	1211	1	1978.6474	9	8	0	1	1	0.8472	0.7312
26	1212	1	1980.1972	8	4	0	1	1	0.8474	0.7014
26	1213	1	1981.7472	6	15	0	1	1	0.8475	0.5580
26	1214	1	1983.2971	7	11	0	1	1	0.8476	0.5773
26	1215	1	1984.8470	5	5	90	1	1	0.8477	0.6435
26	1216	1	1986.3970	4	14	0	1	1	0.8479	0.5334
26	1217	1	1987.9469	6	15	0	1	1	0.8480	0.7424
26	1218	1	1989.4968	4	14	0	1	1	0.8481	0.6339
26	1219	1	1991.0467	5	5	0	1	1	0.8482	0.8126
26	1220	1	1992.5967	4	14	0	1	1	0.8484	0.6379
26	1221	1	1994.1466	3	10	0	1	1	0.8485	0.9747
26	1222	1	1995.6965	15	1	90	1	1	0.8486	0.8180
26	1223	1	1997.2464	14	7	0	1	1	0.8487	1.2360
26	1224	1	1998.7962	2	6	0	1	1	0.8489	0.7892
26	1225	1	2000.3463	15	1	0	1	1	0.8490	0.6151
26	1226	1	2001.8962	14	7	0	1	1	0.8491	0.9542
26	1227	1	2003.4460	13	9	90	0	1	0.8484	0.6365
26	1228	1	2004.9960	12	12	0	1	1	0.8485	0.5744
26	1229	1	2006.5459	13	9	0	1	1	0.8487	0.6085
26	1230	1	2008.0959	10	13	0	1	1	0.8488	0.5945
26	1231	1	2009.6458	9	8	0	1	1	0.8489	0.6446
26	1232	1	2011.1956	8	4	0	1	1	0.8490	0.8229
26	1233	1	2012.7456	5	5	0	1	1	0.8491	0.8089
26	1234	1	2014.2955	8	4	0	1	1	0.8493	0.6509
26	1235	1	2015.8454	9	8	0	1	1	0.8494	0.6209
26	1236	1	2017.3952	12	12	0	1	1	0.8495	0.6555
26	1237	1	2018.9453	9	8	0	1	1	0.8496	0.5773
26	1238	1	2020.4951	11	2	0	1	1	0.8498	0.7538
26	1239	1	2022.0451	10	13	0	1	1	0.8499	0.5332
26	1240	1	2023.5950	13	9	0	1	1	0.8500	0.6955
26	1241	1	2025.1449	14	7	0	1	1	0.8501	1.1771
26	1242	1	2026.6948	15	1	0	1	1	0.8502	0.6518
26	1243	1	2028.2448	1	3	0	1	1	0.8504	0.6046
26	1244	1	2029.7947	3	10	0	1	1	0.8505	0.7663
26	1245	1	2031.3446	4	14	0	1	1	0.8506	0.6727
26	1246	1	2032.8946	5	5	90	1	1	0.8507	1.0747
26	1247	1	2034.4445	6	15	0	1	1	0.8508	0.6778
26	1248	1	2035.9944	7	11	0	1	1	0.8510	0.7286
26	1249	1	2037.5443	4	14	0	1	1	0.8511	0.5691
26	1250	1	2039.0942	7	11	0	1	1	0.8512	0.5711
26	1251	1	2040.6441	4	14	0	1	1	0.8513	0.5582
26	1252	1	2042.1941	3	10	0	1	1	0.8514	0.6552
26	1253	1	2043.7440	4	14	0	1	1	0.8516	0.6105
26	1254	1	2045.2939	5	5	0	1	1	0.8517	0.6126
26	1255	1	2046.8438	8	4	90	1	1	0.8518	0.7748
26	1256	1	2048.3937	9	8	0	1	1	0.8519	0.5356
26	1257	1	2049.9436	8	4	0	1	1	0.8520	0.7310
26	1258	1	2051.4935	5	5	0	1	1	0.8521	0.2678
26	1259	1	2053.0434	6	15	0	1	1	0.8523	0.6232
26	1260	1	2054.5934	5	5	0	1	1	0.8524	0.3851
26	1261	1	2056.1433	8	4	0	1	1	0.8525	0.2271
26	1262	1	2057.6933	5	5	0	1	1	0.8526	0.4054
26	1263	1	2059.2432	8	4	0	1	1	0.8527	0.3902
26	1264	1	2060.7930	9	8	0	1	1	0.8528	0.4734
26	1265	1	2062.3429	10	13	0	1	1	0.8530	0.3475
26	1266	1	2063.8929	13	9	0	1	1	0.8531	0.6054
26	1267	1	2065.4428	10	13	0	1	1	0.8532	0.5267
26	1268	1	2066.9927	11	2	0	1	1	0.8533	0.6419
26	1269	1	2068.5427	9	8	0	1	1	0.8534	0.5639
26	1270	1	2070.0926	12	12	0	1	1	0.8535	0.6620
26	1271	1	2071.6425	13	9	90	1	1	0.8537	0.7919
26	1272	1	2073.1924	10	13	0	1	1	0.8538	0.5541
26	1273	1	2074.7424	11	2	90	1	1	0.8539	0.8920
26	1274	1	2076.2923	10	13	0	1	1	0.8540	0.6380
26	1275	1	2077.8422	13	9	0	1	1	0.8541	0.6870
26	1276	1	2079.3921	14	7	90	1	1	0.8542	1.2338
26	1277	1	2080.9421	15	1	0	1	1	0.8543	0.6923
26	1278	1	2082.4920	1	3	0	1	1	0.8545	0.6133
26	1279	1	2084.0419	2	6	0	1	1	0.8546	0.8874
26	1280	1	2085.5917	3	10	90	1	1	0.8547	0.9381
26	1281	1	2087.1417	2	6	90	1	1	0.8548	1.0047
26	1282	1	2088.6917	15	1	0	1	1	0.8549	0.6865
26	1283	1	2090.2416	1	3	90	1	1	0.8550	0.8490
26	1284	1	2091.7914	15	1	0	1	1	0.8551	0.6420
26	1285	1	2093.3414	3	10	0	1	1	0.8553	1.0124
26	1286	1	2094.8913	2	6	0	1	1	0.8554	0.7270
26	1287	1	2096.4412	1	3	0	1	1	0.8555	0.6334
26	1288	1	2097.9911	3	10	0	1	1	0.8556	0.9861
26	1289	1	2099.5411	4	14	0	1	1	0.8557	0.7814
26	1290	1	2101.0909	5	5	90	1	1	0.8558	0.7990
26	1291	1	2102.6409	7	11	0	1	1	0.8559	0.5444
26	1292	1	2104.1908	8	4	0	1	1	0.8560	0.8040
26	1293	1	2105.7408	5	5	90	1	1	0.8561	0.6776
26	1294	1	2107.2907	7	11	0	1	1	0.8563	0.5667
26	1295	1	2108.8406	4	14	0	1	1	0.8564	0.6338
26	1296	1	2110.3904	7	11	0	1	1	0.8565	0.6188
26	1297	1	2111.9405	5	5	0	1	1	0.8566	0.7808
26	1298	1	2113.4903	7	11	0	1	1	0.8567	0.7363
26	1299	1	2115.0403	8	4	0	1	1	0.8568	0.6102
26	1300	1	2116.5902	7	11	0	1	1	0.8569	0.9003
26	1301	1	2118.1401	4	14	90	1	1	0.8570	0.9504
26	1302	1	2119.6901	5	5	90	1	1	0.8571	1.1284
26	1303	1	2121.2400	8	4	0	1	1	0.8573	0.6973
26	1304	1	2122.7899	6	15	0	1	1	0.8574	0.6674
26	1305	1	2124.3398	7	11	0	1	1	0.8575	0.8475
26	1306	1	2125.8897	8	4	90	1	1	0.8576	0.8478
26	1307	1	2127.4396	6	15	0	1	1	0.8577	0.6111
26	1308	1	2128.9896	8	4	90	1	1	0.8578	0.8049
26	1309	1	2130.5394	5	5	0	1	1	0.8579	0.7586
26	1310	1	2132.0894	8	4	90	1	1	0.8580	0.8252
26	1311	1	2133.6392	6	15	0	1	1	0.8581	0.5392
26	1312	1	2135.1892	5	5	90	1	1	0.8582	0.9251
26	1313	1	2136.7392	6	15	0	1	1	0.8583	0.6392
26	1314	1	2138.2891	4	14	90	1	1	0.8584	1.0733
26	1315	1	2139.8390	6	15	0	1	1	0.8586	0.6441
26	1316	1	2141.3889	4	14	0	1	1	0.8587	0.6936
26	1317	1	2142.9388	6	15	0	1	1	0.8588	0.7757
26	1318	1	2144.4887	4	14	0	1	1	0.8589	0.8246
26	1319	1	2146.0387	5	5	0	0	1	0.8582	1.2586
26	1320	1	2147.8219	4	14	90	0	1	0.8576	0.7713
26	1321	1	2149.3718	7	11	0	1	1	0.8577	1.0787
26	1322	1	2150.9218	6	15	90	1	1	0.8578	0.8567
26	1323	1	2152.4717	8	4	0	1	1	0.8579	0.6827
26	1324	1	2154.0216	6	15	0	0	1	0.8573	0.6528
26	1325	1	2155.5715	7	11	0	1	1	0.8574	0.4949
26	1326	1	2157.1213	6	15	0	1	1	0.8575	0.6411
26	1327	1	2158.6714	5	5	90	0	1	0.8568	0.8819
26	1328	1	2160.2212	6	15	0	1	1	0.8569	0.5320
26	1329	1	2161.7711	5	5	0	1	1	0.8570	1.1112
26	1330	1	2163.3210	8	4	0	1	1	0.8571	0.6332
26	1331	1	2164.8710	7	11	0	1	1	0.8573	0.6503
26	1332	1	2166.4209	4	14	0	1	1	0.8574	0.5896
26	1333	1	2167.9708	3	10	0	1	1	0.8575	0.9276
26	1334	1	2169.5208	2	6	90	1	1	0.8576	0.7684
26	1335	1	2171.0707	1	3	0	1	1	0.8577	0.5479
26	1336	1	2172.6205	14	7	0	0	1	0.8570	0.9020
26	1337	1	2174.1704	2	6	0	1	1	0.8571	0.4241
26	1338	1	2175.7205	3	10	0	1	1	0.8572	0.6989
26	1339	1	2177.2703	4	14	90	1	1	0.8574	0.9882
26	1340	1	2178.8202	7	11	0	1	1	0.8575	0.4782
26	1341	1	2180.3702	5	5	90	1	1	0.8576	0.6402
26	1342	1	2181.9201	7	11	0	1	1	0.8577	0.2904
26	1343	1	2183.4701	6	15	90	0	1	0.8570	0.5805
26	1344	1	2185.0199	5	5	0	1	1	0.8571	0.8866
26	1345	1	2186.5698	6	15	0	1	1	0.8572	0.6805
26	1346	1	2188.1197	5	5	0	1	1	0.8574	0.5390
26	1347	1	2189.6697	7	11	0	1	1	0.8575	0.5716
26	1348	1	2191.2196	6	15	0	1	1	0.8576	0.4949
26	1349	1	2192.7696	4	14	0	1	1	0.8577	0.5599
26	1350	1	2194.3195	6	15	0	1	1	0.8578	1.3472
26	1351	1	2195.8694	4	14	0	1	1	0.8579	0.6920
26	1352	1	2197.4193	3	10	0	1	1	0.8580	0.7420
26	1353	1	2198.9692	2	6	90	1	1	0.8581	0.7760
26	1354	1	2200.5191	1	3	0	1	1	0.8582	0.5394
26	1355	1	2202.0691	15	1	0	1	1	0.8583	0.4762
26	1356	1	2203.6190	3	10	0	1	1	0.8584	0.7502
26	1357	1	2205.1688	1	3	0	1	1	0.8585	0.6564
26	1358	1	2206.7189	3	10	0	1	1	0.8586	0.6424
26	1359	1	2208.2687	1	3	0	1	1	0.8587	0.6778
26	1360	1	2209.8187	3	10	0	1	1	0.8588	0.6318
26	1361	1	2211.3686	4	14	0	1	1	0.8589	0.5219
26	1362	1	2212.9185	6	15	0	0	1	0.8583	0.6998
26	1363	1	2214.4684	8	4	0	1	1	0.8584	0.5577
26	1364	1	2216.0184	9	8	90	1	1	0.8585	0.6402
26	1365	1	2217.5683	12	12	0	1	1	0.8586	0.5464
26	1366	1	2219.1182	9	8	0	1	1	0.8587	0.5643
26	1367	1	2220.6681	11	2	0	1	1	0.8588	0.6465
26	1368	1	2222.2180	10	13	0	1	1	0.8589	0.5033
26	1369	1	2223.7680	9	8	90	1	1	0.8590	0.6019
26	1370	1	2225.3179	11	2	0	1	1	0.8591	0.4605
26	1371	1	2226.8678	10	13	0	1	1	0.8592	0.5415
26	1372	1	2228.4177	11	2	0	1	1	0.8593	0.5607
26	1373	1	2229.9676	10	13	0	1	1	0.8594	0.6416
26	1374	1	2231.5175	9	8	0	1	1	0.8595	0.5012
26	1375	1	2233.0674	10	13	0	1	1	0.8596	0.6152
26	1376	1	2234.6174	11	2	0	1	1	0.8597	0.7290
26	1377	1	2236.1673	13	9	0	1	1	0.8598	0.9232
26	1378	1	2237.7173	14	7	0	0	1	0.8592	0.7973
26	1379	1	2239.2672	2	6	0	1	1	0.8593	0.8941
26	1380	1	2240.8170	1	3	0	1	1	0.8594	0.7856
26	1381	1	2242.3670	3	10	0	1	1	0.8595	0.8996
26	1382	1	2243.9169	4	14	0	1	1	0.8596	0.8534
26	1383	1	2245.4668	6	15	90	1	1	0.8597	0.8237
26	1384	1	2247.0168	7	11	0	1	1	0.8598	0.6018
26	1385	1	2248.5666	6	15	0	1	1	0.8599	0.8759
26	1386	1	2250.1166	7	11	0	1	1	0.8600	0.9087
26	1387	1	2251.6665	8	4	0	1	1	0.8601	1.1681
26	1388	1	2253.2164	6	15	0	1	1	0.8602	0.7528
26	1389	1	2254.7663	4	14	0	1	1	0.8603	0.5963
26	1390	1	2256.3163	3	10	90	0	1	0.8597	0.5824
26	1391	1	2257.8662	15	1	90	1	1	0.8598	0.8871
26	1392	1	2259.4161	3	10	0	1	1	0.8599	0.7780
26	1393	1	2260.9660	15	1	0	1	1	0.8600	0.5884
26	1394	1	2262.5160	1	3	0	1	1	0.8601	0.5747
26	1395	1	2264.0658	14	7	0	0	1	0.8595	0.8636
26	1396	1	2265.6158	13	9	0	1	1	0.8596	0.4028
26	1397	1	2267.1657	12	12	90	1	1	0.8597	0.8849
26	1398	1	2268.7156	10	13	0	1	1	0.8598	0.5984
26	1399	1	2270.2655	13	9	90	0	1	0.8592	0.6477
26	1400	1	2271.8155	10	13	0	1	1	0.8593	0.5551
26	1	2	1.0166	7	11	0	-1	1	0.0000	-1.0000
26	2	2	2.5499	6	15	0	-1	1	0.0000	-1.0000
26	3	2	4.0832	5	5	0	-1	1	0.0000	-1.0000
26	4	2	5.6164	6	15	0	-1	1	0.0000	-1.0000
26	5	2	7.1497	8	4	0	-1	1	0.0000	-1.0000
26	6	2	8.6829	6	15	0	-1	1	0.0000	-1.0000
26	7	2	10.2162	4	14	0	-1	1	0.0000	-1.0000
26	8	2	11.7494	6	15	0	-1	1	0.0000	-1.0000
26	9	2	13.2827	8	4	0	-1	1	0.0000	-1.0000
26	10	2	14.8159	5	5	0	-1	1	0.0000	-1.0000
26	11	2	16.3492	7	11	0	-1	1	0.0000	-1.0000
26	12	2	17.8825	8	4	0	-1	1	0.0000	-1.0000
26	13	2	19.4157	5	5	0	-1	1	0.0000	-1.0000
26	14	2	20.9490	4	14	0	-1	1	0.0000	0.9065
26	15	2	22.4822	5	5	0	-1	1	0.0000	-1.0000
26	16	2	24.0155	6	15	0	-1	1	0.0000	-1.0000
26	17	2	25.5487	7	11	0	-1	1	0.0000	-1.0000
26	18	2	27.0820	8	4	0	-1	1	0.0000	-1.0000
26	19	2	28.6152	9	8	0	-1	1	0.1153	-1.0000
26	20	2	30.1485	10	13	0	-1	1	0.1096	-1.0000
26	21	2	31.6818	11	2	0	-1	0	0.1096	-1.0000
26	22	2	33.2150	12	12	0	-1	0	0.1096	-1.0000
26	23	2	34.7482	13	9	0	-1	0	0.1096	-1.0000
26	24	2	36.2815	14	7	0	-1	1	0.1629	-1.0000
26	25	2	37.8147	15	1	0	-1	0	0.1629	-1.0000
26	26	2	39.3480	1	3	0	-1	1	0.1550	-1.0000
26	27	2	40.8813	2	6	0	-1	0	0.1550	-1.0000
26	28	2	42.4145	3	10	0	-1	0	0.1550	-1.0000
26	29	2	43.9478	4	14	0	-1	1	0.2016	-1.0000
26	30	2	45.4810	5	5	0	-1	1	0.1927	-1.0000
26	31	2	47.0143	8	4	0	-1	0	0.1927	-1.0000
26	32	2	48.5475	7	11	0	-1	0	0.1927	-1.0000
26	33	2	50.0808	5	5	0	-1	0	0.1927	-1.0000
26	34	2	51.6141	7	11	0	-1	0	0.1927	-1.0000
26	35	2	53.1473	6	15	0	-1	0	0.1927	-1.0000
26	36	2	54.6806	7	11	0	-1	0	0.1927	-1.0000
26	37	2	56.2138	6	15	0	-1	0	0.1927	-1.0000
26	38	2	57.7470	4	14	0	-1	0	0.1927	-1.0000
26	39	2	59.2803	6	15	0	-1	0	0.1927	-1.0000
26	40	2	60.8135	8	4	0	-1	0	0.1927	-1.0000
26	41	2	62.3468	6	15	0	-1	0	0.1927	-1.0000
26	42	2	63.8801	7	11	0	-1	0	0.1927	-1.0000
26	43	2	65.4133	6	15	0	-1	0	0.1927	-1.0000
26	44	2	66.9466	7	11	0	-1	0	0.1927	-1.0000
26	45	2	68.4799	4	14	0	-1	1	0.1927	1.2637
26	46	2	70.0131	3	10	0	-1	0	0.1927	-1.0000
26	47	2	71.5464	2	6	0	-1	0	0.1927	-1.0000
26	48	2	73.0796	1	3	0	-1	0	0.1927	-1.0000
26	49	2	74.6128	15	1	0	-1	0	0.1927	-1.0000
26	50	2	76.1461	14	7	0	-1	1	0.1927	0.8296
26	51	2	77.6794	13	9	0	-1	0	0.1927	-1.0000
26	52	2	79.2126	12	12	0	-1	0	0.1927	-1.0000
26	53	2	80.7459	11	2	0	-1	0	0.1927	-1.0000
26	54	2	82.2791	10	13	0	-1	0	0.1927	-1.0000
26	55	2	83.8123	9	8	0	-1	1	0.1927	1.1636
26	56	2	85.3456	8	4	0	-1	0	0.1927	-1.0000
26	57	2	86.8789	7	11	0	-1	0	0.1927	-1.0000
26	58	2	88.4122	6	15	0	-1	0	0.1927	-1.0000
26	59	2	89.9453	5	5	0	-1	0	0.1927	-1.0000
26	60	2	91.4786	4	14	0	-1	0	0.1927	-1.0000
26	61	2	93.0119	7	11	0	-1	0	0.1927	-1.0000
26	62	2	94.5451	8	4	0	-1	0	0.1927	-1.0000
26	63	2	96.0784	9	8	0	-1	0	0.1927	-1.0000
26	64	2	97.6116	12	12	0	-1	0	0.1927	-1.0000
26	65	2	99.1449	13	9	0	-1	0	0.1927	-1.0000
26	66	2	100.6782	12	12	0	-1	0	0.1927	-1.0000
26	67	2	102.2114	13	9	0	-1	1	0.1927	1.1805
26	68	2	103.7447	14	7	0	-1	0	0.1927	-1.0000
26	69	2	105.2779	13	9	0	-1	0	0.1927	-1.0000
26	70	2	106.8112	10	13	0	-1	1	0.1926	0.9171
26	71	2	108.3445	11	2	0	-1	0	0.1926	-1.0000
26	72	2	109.8777	13	9	0	-1	0	0.1926	-1.0000
26	73	2	111.4110	10	13	0	-1	0	0.1926	-1.0000
26	74	2	112.9442	13	9	0	-1	0	0.1926	-1.0000
26	75	2	114.4775	14	7	0	-1	1	0.1927	0.0188
26	76	2	116.0107	15	1	0	-1	1	0.1927	0.9010
26	77	2	117.5440	1	3	0	-1	0	0.1927	-1.0000
26	78	2	119.0772	2	6	0	-1	0	0.1927	-1.0000
26	79	2	120.6105	3	10	0	-1	1	0.1927	0.9733
26	80	2	122.1437	4	14	0	-1	0	0.1927	-1.0000
26	81	2	123.6769	5	5	0	-1	0	0.1927	-1.0000
26	82	2	125.2102	6	15	0	-1	0	0.1927	-1.0000
26	83	2	126.7435	7	11	0	-1	1	0.1927	0.9848
26	84	2	128.2768	8	4	0	-1	0	0.1927	-1.0000
26	85	2	129.8100	9	8	0	-1	0	0.1927	-1.0000
26	86	2	131.3433	10	13	0	-1	1	0.1926	1.1372
26	87	2	132.8765	11	2	0	-1	0	0.1926	-1.0000
26	88	2	134.4098	12	12	0	-1	0	0.1926	-1.0000
26	89	2	135.9430	13	9	0	-1	0	0.1926	-1.0000
26	90	2	137.4762	14	7	0	-1	0	0.1926	-1.0000
26	91	2	139.0095	2	6	0	-1	0	0.1926	-1.0000
26	92	2	140.5428	14	7	0	-1	0	0.1926	-1.0000
26	93	2	142.0760	13	9	0	-1	1	0.1927	0.8027
26	94	2	143.6093	11	2	0	-1	0	0.1927	-1.0000
26	95	2	145.1425	13	9	0	-1	0	0.1927	-1.0000
26	96	2	146.6758	10	13	0	-1	0	0.1927	-1.0000
26	97	2	148.2091	11	2	0	-1	0	0.1927	-1.0000
26	98	2	149.7423	12	12	0	-1	0	0.1927	-1.0000
26	99	2	151.2756	11	2	0	-1	0	0.1927	-1.0000
26	100	2	152.8088	13	9	0	-1	0	0.1927	-1.0000
26	101	2	154.3420	10	13	0	-1	0	0.1927	-1.0000
26	102	2	155.8753	9	8	0	-1	1	0.1927	1.0201
26	103	2	157.4086	12	12	0	-1	0	0.1927	-1.0000
26	104	2	158.9418	9	8	0	-1	0	0.1927	-1.0000
26	105	2	160.4751	10	13	0	-1	0	0.1927	-1.0000
26	106	2	162.0083	11	2	0	-1	1	0.1927	1.1591
26	107	2	163.5416	12	12	0	-1	0	0.1927	-1.0000
26	108	2	165.0748	13	9	0	-1	0	0.1927	-1.0000
26	109	2	166.6081	14	7	0	-1	1	0.1927	1.0399
26	110	2	168.1413	15	1	0	-1	0	0.1927	-1.0000
26	111	2	169.6746	1	3	0	-1	0	0.1927	-1.0000
26	112	2	171.2079	2	6	0	-1	0	0.1927	-1.0000
26	113	2	172.7411	3	10	0	-1	0	0.1927	-1.0000
26	114	2	174.2744	4	14	0	-1	0	0.1927	-1.0000
26	115	2	175.8076	5	5	0	-1	1	0.1927	1.3613
26	116	2	177.3408	6	15	0	-1	1	0.1927	0.0168
26	117	2	178.8741	7	11	0	-1	0	0.1927	-1.0000
26	118	2	180.4073	8	4	0	-1	0	0.1927	-1.0000
26	119	2	181.9406	9	8	0	-1	0	0.1927	-1.0000
26	120	2	183.4739	10	13	0	-1	0	0.1927	-1.0000
26	121	2	185.0071	11	2	0	-1	0	0.1927	-1.0000
26	122	2	186.5404	10	13	0	-1	0	0.1927	-1.0000
26	123	2	188.0736	11	2	0	-1	1	0.1927	0.8223
26	124	2	189.6069	10	13	0	-1	0	0.1927	-1.0000
26	125	2	191.1402	11	2	0	-1	0	0.1927	-1.0000
26	126	2	192.6734	12	12	0	-1	0	0.1927	-1.0000
26	127	2	194.2066	9	8	0	-1	0	0.1927	-1.0000
26	128	2	195.7398	8	4	0	-1	0	0.1927	-1.0000
26	129	2	197.2731	6	15	0	-1	1	0.1927	0.8226
26	130	2	198.8064	8	4	0	-1	0	0.1927	-1.0000
26	131	2	200.3397	5	5	0	-1	0	0.1927	-1.0000
26	132	2	201.8729	8	4	0	-1	0	0.1927	-1.0000
26	133	2	203.4061	5	5	0	-1	0	0.1927	-1.0000
26	134	2	204.9395	6	15	0	-1	0	0.1927	-1.0000
26	135	2	206.4727	4	14	0	-1	1	0.1927	0.8713
26	136	2	208.0059	5	5	0	-1	0	0.1927	-1.0000
26	137	2	209.5392	6	15	0	-1	0	0.1927	-1.0000
26	138	2	211.0725	7	11	0	-1	0	0.1927	-1.0000
26	139	2	212.6057	8	4	0	-1	0	0.1927	-1.0000
26	140	2	214.1390	9	8	0	-1	0	0.1927	-1.0000
26	141	2	215.6722	10	13	0	-1	1	0.1927	1.1436
26	142	2	217.2055	11	2	0	-1	0	0.1927	-1.0000
26	143	2	218.7387	12	12	0	-1	1	0.1926	0.8932
26	144	2	220.2720	13	9	0	-1	1	0.1926	1.2159
26	145	2	221.8051	14	7	0	-1	0	0.1926	-1.0000
26	146	2	223.3385	15	1	0	-1	1	0.1926	1.0451
26	147	2	224.8718	1	3	0	-1	0	0.1926	-1.0000
26	148	2	226.4050	2	6	0	-1	1	0.1926	0.0428
26	149	2	227.9382	3	10	0	-1	0	0.1926	-1.0000
26	150	2	229.4715	4	14	0	-1	0	0.1926	-1.0000
26	151	2	231.0047	6	15	0	-1	1	0.1926	0.5152
26	152	2	232.5380	7	11	0	-1	0	0.1926	-1.0000
26	153	2	234.0713	6	15	0	-1	0	0.1926	-1.0000
26	154	2	235.6045	4	14	0	-1	1	0.1926	0.7153
26	155	2	237.1378	3	10	0	-1	0	0.1926	-1.0000
26	156	2	238.6710	2	6	0	-1	0	0.1926	-1.0000
26	157	2	240.2043	3	10	0	-1	0	0.1926	-1.0000
26	158	2	241.7375	1	3	0	-1	0	0.1926	-1.0000
26	159	2	243.2708	15	1	0	-1	0	0.1926	-1.0000
26	160	2	244.8040	1	3	0	-1	0	0.1926	-1.0000
26	161	2	246.3373	2	6	0	-1	1	0.1926	1.2629
26	162	2	247.8706	14	7	0	-1	0	0.1926	-1.0000
26	163	2	249.4038	2	6	0	-1	0	0.1926	-1.0000
26	164	2	250.9370	15	1	0	-1	1	0.1926	1.0950
26	165	2	252.4702	1	3	0	-1	0	0.1926	-1.0000
26	166	2	254.0035	15	1	0	-1	0	0.1926	-1.0000
26	167	2	255.5368	14	7	0	-1	0	0.1926	-1.0000
26	168	2	257.0701	13	9	0	-1	1	0.1926	0.9298
26	169	2	258.6033	12	12	0	-1	1	0.1926	1.0120
26	170	2	260.1365	11	2	0	-1	0	0.1926	-1.0000
26	171	2	261.6698	10	13	0	-1	0	0.1926	-1.0000
26	172	2	263.2031	9	8	0	-1	0	0.1926	-1.0000
26	173	2	264.7363	8	4	0	-1	0	0.1926	-1.0000
26	174	2	266.2696	7	11	0	-1	0	0.1926	-1.0000
26	175	2	267.8028	6	15	0	-1	0	0.1926	-1.0000
26	176	2	269.3361	5	5	0	-1	1	0.1926	0.8707
26	177	2	270.8694	4	14	0	-1	0	0.1926	-1.0000
26	178	2	272.4026	3	10	0	-1	0	0.1926	-1.0000
26	179	2	273.9359	2	6	0	-1	0	0.1926	-1.0000
26	180	2	275.4691	1	3	0	-1	0	0.1926	-1.0000
26	181	2	277.0024	2	6	0	-1	0	0.1926	-1.0000
26	182	2	278.5356	3	10	0	-1	1	0.1926	1.3364
26	183	2	280.0688	1	3	0	-1	0	0.1926	-1.0000
26	184	2	281.6021	3	10	0	-1	0	0.1926	-1.0000
26	185	2	283.1354	15	1	0	-1	0	0.1926	-1.0000
26	186	2	284.6686	3	10	0	-1	1	0.1926	0.8033
26	187	2	286.2019	4	14	0	-1	0	0.1926	-1.0000
26	188	2	287.7351	6	15	0	-1	1	0.1926	1.4807
26	189	2	289.2684	7	11	0	-1	1	0.1925	0.0167
26	190	2	290.8017	5	5	0	-1	1	0.1925	0.6541
26	191	2	292.3349	8	4	0	-1	1	0.1925	0.4809
26	192	2	293.8682	5	5	0	-1	0	0.1925	-1.0000
26	193	2	295.4014	4	14	0	-1	0	0.1925	-1.0000
26	194	2	296.9347	5	5	0	-1	1	0.1925	0.5691
26	195	2	298.4679	8	4	0	-1	0	0.1925	-1.0000
26	196	2	300.0012	9	8	0	-1	0	0.1925	-1.0000
26	197	2	301.5344	10	13	0	-1	1	0.1925	0.8004
26	198	2	303.0677	11	2	0	-1	0	0.1925	-1.0000
26	199	2	304.6009	12	12	0	-1	0	0.1925	-1.0000
26	200	2	306.1342	13	9	0	-1	1	0.1925	0.9695
26	201	2	307.6674	14	7	0	-1	0	0.1925	-1.0000
26	202	2	309.2006	15	1	0	-1	1	0.1925	0.6551
26	203	2	310.7339	1	3	0	-1	1	0.1925	0.8820
26	204	2	312.2672	2	6	0	-1	0	0.1925	-1.0000
26	205	2	313.8004	3	10	0	-1	0	0.1925	-1.0000
26	206	2	315.3337	4	14	0	-1	0	0.1925	-1.0000
26	207	2	316.8670	5	5	0	-1	1	0.1925	1.1169
26	208	2	318.4002	6	15	0	-1	0	0.1925	-1.0000
26	209	2	319.9335	7	11	0	-1	0	0.1925	-1.0000
26	210	2	321.4667	8	4	0	-1	0	0.1925	-1.0000
26	211	2	323.0000	9	8	0	-1	0	0.1925	-1.0000
26	212	2	324.5332	11	2	0	-1	1	0.1924	0.9546
26	213	2	326.0665	12	12	0	-1	0	0.1924	-1.0000
26	214	2	327.5997	9	8	0	-1	0	0.1924	-1.0000
26	215	2	329.1330	11	2	0	-1	0	0.1924	-1.0000
26	216	2	330.6662	9	8	0	-1	0	0.1924	-1.0000
26	217	2	332.1995	12	12	0	-1	1	0.1924	0.9993
26	218	2	333.7328	10	13	0	-1	0	0.1924	-1.0000
26	219	2	335.2660	12	12	0	-1	1	0.1924	1.2298
26	220	2	336.7993	13	9	0	-1	0	0.1924	-1.0000
26	221	2	338.3325	10	13	0	-1	0	0.1924	-1.0000
26	222	2	339.8658	9	8	0	-1	0	0.1924	-1.0000
26	223	2	341.3990	10	13	0	-1	1	0.1924	1.0641
26	224	2	342.9323	9	8	0	-1	0	0.1924	-1.0000
26	225	2	344.4655	12	12	0	-1	0	0.1924	-1.0000
26	226	2	345.9988	13	9	0	-1	0	0.1924	-1.0000
26	227	2	347.5320	14	7	0	-1	0	0.1924	-1.0000
26	228	2	349.0653	15	1	0	-1	1	0.1924	0.9826
26	229	2	350.5985	1	3	0	-1	0	0.1924	-1.0000
26	230	2	352.1317	2	6	0	-1	0	0.1924	-1.0000
26	231	2	353.6651	3	10	0	-1	0	0.1924	-1.0000
26	232	2	355.1983	4	14	0	-1	1	0.1924	0.8497
26	233	2	356.7316	5	5	0	-1	0	0.1924	-1.0000
26	234	2	358.2648	6	15	0	-1	0	0.1924	-1.0000
26	235	2	359.7980	7	11	0	-1	0	0.1924	-1.0000
26	236	2	361.3313	8	4	0	-1	0	0.1924	-1.0000
26	237	2	362.8645	9	8	0	-1	0	0.1924	-1.0000
26	238	2	364.3978	10	13	0	-1	0	0.1924	-1.0000
26	239	2	365.9310	11	2	0	-1	0	0.1924	-1.0000
26	240	2	367.4643	12	12	0	-1	0	0.1924	-1.0000
26	241	2	368.9976	13	9	0	-1	0	0.1924	-1.0000
26	242	2	370.5308	12	12	0	-1	0	0.1924	-1.0000
26	243	2	372.0641	13	9	0	-1	0	0.1924	-1.0000
26	244	2	373.5974	14	7	0	-1	0	0.1924	-1.0000
26	245	2	375.1306	1	3	0	-1	1	0.1924	1.0282
26	246	2	376.6639	3	10	0	-1	0	0.1924	-1.0000
26	247	2	378.1971	1	3	0	-1	1	0.1924	1.1304
26	248	2	379.7303	2	6	0	-1	0	0.1924	-1.0000
26	249	2	381.2636	15	1	0	-1	0	0.1924	-1.0000
26	250	2	382.7969	3	10	0	-1	1	0.1924	0.0196
26	251	2	384.3301	1	3	0	-1	1	0.1924	0.9339
26	252	2	385.8634	14	7	0	-1	0	0.1924	-1.0000
26	253	2	387.3966	15	1	0	-1	0	0.1924	-1.0000
26	254	2	388.9298	14	7	0	-1	0	0.1924	-1.0000
26	255	2	390.4631	13	9	0	-1	0	0.1924	-1.0000
26	256	2	391.9964	12	12	0	-1	0	0.1924	-1.0000
26	257	2	393.5296	11	2	0	-1	0	0.1924	-1.0000
26	258	2	395.0629	10	13	0	-1	0	0.1924	-1.0000
26	259	2	396.5962	9	8	0	-1	0	0.1924	-1.0000
26	260	2	398.1294	8	4	0	-1	1	0.1924	0.4143
26	261	2	399.6627	7	11	0	-1	0	0.1924	-1.0000
26	262	2	401.1959	6	15	0	-1	0	0.1924	-1.0000
26	263	2	402.7292	5	5	0	-1	0	0.1924	-1.0000
26	264	2	404.2624	4	14	0	-1	0	0.1924	-1.0000
26	265	2	405.7957	3	10	0	-1	0	0.1924	-1.0000
26	266	2	407.3289	2	6	0	-1	1	0.1924	0.9748
26	267	2	408.8622	1	3	0	-1	0	0.1924	-1.0000
26	268	2	410.3954	15	1	0	-1	0	0.1924	-1.0000
26	269	2	411.9286	14	7	0	-1	0	0.1924	-1.0000
26	270	2	413.4619	13	9	0	-1	0	0.1924	-1.0000
26	271	2	414.9951	12	12	0	-1	0	0.1924	-1.0000
26	272	2	416.5285	9	8	0	-1	0	0.1924	-1.0000
26	273	2	418.0617	11	2	0	-1	0	0.1924	-1.0000
26	274	2	419.5950	12	12	0	-1	0	0.1924	-1.0000
26	275	2	421.1282	13	9	0	-1	0	0.1924	-1.0000
26	276	2	422.6614	11	2	0	-1	0	0.1924	-1.0000
26	277	2	424.1947	9	8	0	-1	0	0.1924	-1.0000
26	278	2	425.7279	8	4	0	-1	1	0.1925	0.9109
26	279	2	427.2612	9	8	0	-1	0	0.1925	-1.0000
26	280	2	428.7945	11	2	0	-1	0	0.1925	-1.0000
26	281	2	430.3277	10	13	0	-1	0	0.1925	-1.0000
26	282	2	431.8610	12	12	0	-1	0	0.1925	-1.0000
26	283	2	433.3943	9	8	0	-1	0	0.1925	-1.0000
26	284	2	434.9275	11	2	0	-1	0	0.1925	-1.0000
26	285	2	436.4608	13	9	0	-1	0	0.1925	-1.0000
26	286	2	437.9940	14	7	0	-1	0	0.1925	-1.0000
26	287	2	439.5272	15	1	0	-1	1	0.1925	1.2566
26	288	2	441.0605	1	3	0	-1	0	0.1925	-1.0000
26	289	2	442.5937	2	6	0	-1	0	0.1925	-1.0000
26	290	2	444.1270	3	10	0	-1	0	0.1925	-1.0000
26	291	2	445.6602	4	14	0	-1	0	0.1925	-1.0000
26	292	2	447.1935	5	5	0	-1	0	0.1925	-1.0000
26	293	2	448.7268	6	15	0	-1	0	0.1925	-1.0000
26	294	2	450.2600	7	11	0	-1	0	0.1925	-1.0000
26	295	2	451.7933	8	4	0	-1	1	0.1925	0.7343
26	296	2	453.3265	9	8	0	-1	0	0.1925	-1.0000
26	297	2	454.8598	10	13	0	-1	0	0.1925	-1.0000
26	298	2	456.3930	11	2	0	-1	0	0.1925	-1.0000
26	299	2	457.9263	12	12	0	-1	0	0.1925	-1.0000
26	300	2	459.4595	13	9	0	-1	0	0.1925	-1.0000
26	301	2	460.9928	12	12	0	-1	0	0.1925	-1.0000
26	302	2	462.5261	9	8	0	-1	0	0.1925	-1.0000
26	303	2	464.0593	8	4	0	-1	0	0.1925	-1.0000
26	304	2	465.5925	5	5	0	-1	0	0.1925	-1.0000
26	305	2	467.1257	6	15	0	-1	0	0.1925	-1.0000
26	306	2	468.6591	7	11	0	-1	1	0.1924	1.3247
26	307	2	470.1923	5	5	0	-1	0	0.1924	-1.0000
26	308	2	471.7255	6	15	0	-1	0	0.1924	-1.0000
26	309	2	473.2588	7	11	0	-1	1	0.1924	0.9489
26	310	2	474.7921	4	14	0	-1	0	0.1924	-1.0000
26	311	2	476.3253	6	15	0	-1	0	0.1924	-1.0000
26	312	2	477.8586	7	11	0	-1	1	0.1924	0.7172
26	313	2	479.3919	6	15	0	-1	0	0.1924	-1.0000
26	314	2	480.9251	5	5	0	-1	0	0.1924	-1.0000
26	315	2	482.4584	6	15	0	-1	0	0.1924	-1.0000
26	316	2	483.9916	7	11	0	-1	1	0.1924	0.6322
26	317	2	485.5248	8	4	0	-1	0	0.1924	-1.0000
26	318	2	487.0581	9	8	0	-1	0	0.1924	-1.0000
26	319	2	488.5914	10	13	0	-1	1	0.1924	0.8804
26	320	2	490.1246	11	2	0	-1	0	0.1924	-1.0000
26	321	2	491.6578	12	12	0	-1	0	0.1924	-1.0000
26	322	2	493.1911	13	9	0	-1	1	0.1924	1.4327
26	323	2	494.7244	14	7	0	-1	0	0.1924	-1.0000
26	324	2	496.2576	15	1	0	-1	1	0.1924	0.9424
26	325	2	497.7909	1	3	0	-1	0	0.1924	-1.0000
26	326	2	499.3241	2	6	0	-1	0	0.1924	-1.0000
26	327	2	500.8574	3	10	0	-1	1	0.1924	0.6305
26	328	2	502.3907	4	14	0	-1	0	0.1924	-1.0000
26	329	2	503.9238	5	5	0	-1	0	0.1924	-1.0000
26	330	2	505.4571	6	15	0	-1	0	0.1924	-1.0000
26	331	2	506.9904	7	11	0	-1	0	0.1924	-1.0000
26	332	2	508.5236	6	15	0	-1	0	0.1924	-1.0000
26	333	2	510.0569	8	4	0	-1	1	0.1924	0.6951
26	334	2	511.5902	7	11	0	-1	1	0.1923	0.9696
26	335	2	513.1234	6	15	0	-1	0	0.1923	-1.0000
26	336	2	514.6567	8	4	0	-1	0	0.1923	-1.0000
26	337	2	516.1899	9	8	0	-1	1	0.1924	1.2498
26	338	2	517.7232	8	4	0	-1	1	0.1924	0.9807
26	339	2	519.2565	7	11	0	-1	0	0.1924	-1.0000
26	340	2	520.7897	8	4	0	-1	0	0.1924	-1.0000
26	341	2	522.3230	9	8	0	-1	0	0.1924	-1.0000
26	342	2	523.8562	10	13	0	-1	0	0.1924	-1.0000
26	343	2	525.3895	13	9	0	-1	1	0.1924	1.0269
26	344	2	526.9227	11	2	0	-1	0	0.1924	-1.0000
26	345	2	528.4560	9	8	0	-1	0	0.1924	-1.0000
26	346	2	529.9892	10	13	0	-1	0	0.1924	-1.0000
26	347	2	531.5225	11	2	0	-1	0	0.1924	-1.0000
26	348	2	533.0557	12	12	0	-1	1	0.1924	0.8321
26	349	2	534.5890	13	9	0	-1	0	0.1924	-1.0000
26	350	2	536.1222	14	7	0	-1	0	0.1924	-1.0000
26	351	2	537.6555	15	1	0	-1	0	0.1924	-1.0000
26	352	2	539.1887	1	3	0	-1	0	0.1924	-1.0000
26	353	2	540.7220	2	6	0	-1	0	0.1924	-1.0000
26	354	2	542.2553	3	10	0	-1	1	0.1924	1.1525
26	355	2	543.7885	4	14	0	-1	0	0.1924	-1.0000
26	356	2	545.3218	5	5	0	-1	0	0.1924	-1.0000
26	357	2	546.8550	6	15	0	-1	0	0.1924	-1.0000
26	358	2	548.3883	7	11	0	-1	1	0.1924	1.0995
26	359	2	549.9215	8	4	0	-1	0	0.1924	-1.0000
26	360	2	551.4548	9	8	0	-1	0	0.1924	-1.0000
26	361	2	552.9880	8	4	0	-1	0	0.1924	-1.0000
26	362	2	554.5213	5	5	0	-1	1	0.1924	1.3665
26	363	2	556.0545	8	4	0	-1	1	0.1924	0.0169
26	364	2	557.5877	9	8	0	-1	0	0.1924	-1.0000
26	365	2	559.1210	8	4	0	-1	0	0.1924	-1.0000
26	366	2	560.6542	5	5	0	-1	0	0.1924	-1.0000
26	367	2	562.1876	7	11	0	-1	1	0.1924	0.2123
26	368	2	563.7208	4	14	0	-1	0	0.1924	-1.0000
26	369	2	565.2541	6	15	0	-1	0	0.1924	-1.0000
26	370	2	566.7873	4	14	0	-1	0	0.1924	-1.0000
26	371	2	568.3206	7	11	0	-1	0	0.1924	-1.0000
26	372	2	569.8538	5	5	0	-1	1	0.1924	1.1539
26	373	2	571.3871	6	15	0	-1	0	0.1924	-1.0000
26	374	2	572.9203	8	4	0	-1	0	0.1924	-1.0000
26	375	2	574.4536	9	8	0	-1	1	0.1924	1.2092
26	376	2	575.9868	8	4	0	-1	1	0.1924	0.9254
26	377	2	577.5201	7	11	0	-1	0	0.1924	-1.0000
26	378	2	579.0533	6	15	0	-1	0	0.1924	-1.0000
26	379	2	580.5866	5	5	0	-1	0	0.1924	-1.0000
26	380	2	582.1198	4	14	0	-1	1	0.1924	1.2068
26	381	2	583.6531	3	10	0	-1	0	0.1924	-1.0000
26	382	2	585.1864	2	6	0	-1	0	0.1924	-1.0000
26	383	2	586.7196	1	3	0	-1	0	0.1924	-1.0000
26	384	2	588.2528	15	1	0	-1	0	0.1924	-1.0000
26	385	2	589.7861	14	7	0	-1	1	0.1924	1.0299
26	386	2	591.3193	13	9	0	-1	0	0.1924	-1.0000
26	387	2	592.8526	12	12	0	-1	0	0.1924	-1.0000
26	388	2	594.3859	11	2	0	-1	1	0.1924	0.9582
26	389	2	595.9191	10	13	0	-1	0	0.1924	-1.0000
26	390	2	597.4524	9	8	0	-1	0	0.1924	-1.0000
26	391	2	598.9856	10	13	0	-1	0	0.1924	-1.0000
26	392	2	600.5189	9	8	0	-1	0	0.1924	-1.0000
26	393	2	602.0521	10	13	0	-1	0	0.1924	-1.0000
26	394	2	603.5854	12	12	0	-1	1	0.1924	0.7350
26	395	2	605.1186	10	13	0	-1	0	0.1924	-1.0000
26	396	2	606.6519	12	12	0	-1	0	0.1924	-1.0000
26	397	2	608.1851	11	2	0	-1	0	0.1924	-1.0000
26	398	2	609.7184	10	13	0	-1	0	0.1924	-1.0000
26	399	2	611.2517	9	8	0	-1	0	0.1924	-1.0000
26	400	2	612.7849	8	4	0	-1	1	0.1924	1.0068
26	401	2	614.3182	7	11	0	-1	0	0.1924	-1.0000
26	402	2	615.8514	6	15	0	-1	0	0.1924	-1.0000
26	403	2	617.3846	7	11	0	-1	0	0.1924	-1.0000
26	404	2	618.9179	6	15	0	-1	0	0.1924	-1.0000
26	405	2	620.4512	5	5	0	-1	0	0.1924	-1.0000
26	406	2	621.9843	6	15	0	-1	0	0.1924	-1.0000
26	407	2	623.5177	7	11	0	-1	0	0.1924	-1.0000
26	408	2	625.0509	8	4	0	-1	1	0.1924	0.3569
26	409	2	626.5842	9	8	0	-1	0	0.1924	-1.0000
26	410	2	628.1174	10	13	0	-1	0	0.1924	-1.0000
26	411	2	629.6506	11	2	0	-1	0	0.1924	-1.0000
26	412	2	631.1840	12	12	0	-1	0	0.1924	-1.0000
26	413	2	632.7172	13	9	0	-1	0	0.1924	-1.0000
26	414	2	634.2505	14	7	0	-1	0	0.1924	-1.0000
26	415	2	635.7837	15	1	0	-1	0	0.1924	-1.0000
26	416	2	637.3170	1	3	0	-1	0	0.1924	-1.0000
26	417	2	638.8502	2	6	0	-1	0	0.1924	-1.0000
26	418	2	640.3835	3	10	0	-1	0	0.1924	-1.0000
26	419	2	641.9167	4	14	0	-1	1	0.1925	1.0261
26	420	2	643.4499	5	5	0	-1	0	0.1925	-1.0000
26	421	2	644.9833	7	11	0	-1	0	0.1925	-1.0000
26	422	2	646.5165	8	4	0	-1	1	0.1925	0.8752
26	423	2	648.0498	9	8	0	-1	0	0.1925	-1.0000
26	424	2	649.5830	12	12	0	-1	0	0.1925	-1.0000
26	425	2	651.1163	10	13	0	-1	0	0.1925	-1.0000
26	426	2	652.6495	11	2	0	-1	1	0.1925	1.1421
26	427	2	654.1828	9	8	0	-1	0	0.1925	-1.0000
26	428	2	655.7160	11	2	0	-1	0	0.1925	-1.0000
26	429	2	657.2493	12	12	0	-1	1	0.1924	0.7185
26	430	2	658.7825	13	9	0	-1	0	0.1924	-1.0000
26	431	2	660.3157	10	13	0	-1	0	0.1924	-1.0000
26	432	2	661.8490	12	12	0	-1	0	0.1924	-1.0000
26	433	2	663.3823	10	13	0	-1	1	0.1924	0.7779
26	434	2	664.9156	11	2	0	-1	0	0.1924	-1.0000
26	435	2	666.4488	13	9	0	-1	0	0.1924	-1.0000
26	436	2	667.9821	12	12	0	-1	0	0.1924	-1.0000
26	437	2	669.5153	11	2	0	-1	0	0.1924	-1.0000
26	438	2	671.0486	10	13	0	-1	0	0.1924	-1.0000
26	439	2	672.5818	9	8	0	-1	0	0.1924	-1.0000
26	440	2	674.1150	8	4	0	-1	0	0.1924	-1.0000
26	441	2	675.6483	7	11	0	-1	0	0.1924	-1.0000
26	442	2	677.1816	6	15	0	-1	0	0.1924	-1.0000
26	443	2	678.7148	5	5	0	-1	0	0.1924	-1.0000
26	444	2	680.2481	4	14	0	-1	0	0.1924	-1.0000
26	445	2	681.7813	3	10	0	-1	0	0.1924	-1.0000
26	446	2	683.3146	2	6	0	-1	0	0.1924	-1.0000
26	447	2	684.8478	1	3	0	-1	0	0.1924	-1.0000
26	448	2	686.3811	15	1	0	-1	0	0.1924	-1.0000
26	449	2	687.9143	14	7	0	-1	0	0.1924	-1.0000
26	450	2	689.4476	13	9	0	-1	1	0.1925	1.0964
26	451	2	690.9809	14	7	0	-1	0	0.1925	-1.0000
26	452	2	692.5141	15	1	0	-1	0	0.1925	-1.0000
26	453	2	694.0474	14	7	0	-1	0	0.1925	-1.0000
26	454	2	695.5806	1	3	0	-1	0	0.1925	-1.0000
26	455	2	697.1138	2	6	0	-1	0	0.1925	-1.0000
26	456	2	698.6471	15	1	0	-1	0	0.1925	-1.0000
26	457	2	700.1804	3	10	0	-1	0	0.1925	-1.0000
26	458	2	701.7136	4	14	0	-1	0	0.1925	-1.0000
26	459	2	703.2469	3	10	0	-1	0	0.1925	-1.0000
26	460	2	704.7801	15	1	0	-1	0	0.1925	-1.0000
26	461	2	706.3134	14	7	0	-1	0	0.1925	-1.0000
26	462	2	707.8467	1	3	0	-1	1	0.1925	0.8883
26	463	2	709.3799	3	10	0	-1	0	0.1925	-1.0000
26	464	2	710.9131	4	14	0	-1	0	0.1925	-1.0000
26	465	2	712.4463	7	11	0	-1	0	0.1925	-1.0000
26	466	2	713.9796	8	4	0	-1	0	0.1925	-1.0000
26	467	2	715.5129	9	8	0	-1	0	0.1925	-1.0000
26	468	2	717.0461	10	13	0	-1	0	0.1925	-1.0000
26	469	2	718.5794	11	2	0	-1	0	0.1925	-1.0000
26	470	2	720.1126	12	12	0	-1	1	0.1925	0.9753
26	471	2	721.6459	13	9	0	-1	0	0.1925	-1.0000
26	472	2	723.1792	14	7	0	-1	0	0.1925	-1.0000
26	473	2	724.7124	15	1	0	-1	0	0.1925	-1.0000
26	474	2	726.2457	1	3	0	-1	0	0.1925	-1.0000
26	475	2	727.7790	2	6	0	-1	0	0.1925	-1.0000
26	476	2	729.3121	3	10	0	-1	0	0.1925	-1.0000
26	477	2	730.8454	4	14	0	-1	0	0.1925	-1.0000
26	478	2	732.3786	5	5	0	-1	1	0.1925	0.7572
26	479	2	733.9118	6	15	0	-1	0	0.1925	-1.0000
26	480	2	735.4451	7	11	0	-1	0	0.1925	-1.0000
26	481	2	736.9784	8	4	0	-1	0	0.1925	-1.0000
26	482	2	738.5117	9	8	0	-1	0	0.1925	-1.0000
26	483	2	740.0449	10	13	0	-1	0	0.1925	-1.0000
26	484	2	741.5782	9	8	0	-1	0	0.1925	-1.0000
26	485	2	743.1115	12	12	0	-1	1	0.1924	0.9846
26	486	2	744.6447	10	13	0	-1	0	0.1924	-1.0000
26	487	2	746.1780	13	9	0	-1	1	0.1924	1.3100
26	488	2	747.7112	14	7	0	-1	0	0.1924	-1.0000
26	489	2	749.2445	1	3	0	-1	0	0.1924	-1.0000
26	490	2	750.7777	3	10	0	-1	0	0.1924	-1.0000
26	491	2	752.3110	15	1	0	-1	0	0.1924	-1.0000
26	492	2	753.8443	14	7	0	-1	0	0.1924	-1.0000
26	493	2	755.3775	2	6	0	-1	0	0.1924	-1.0000
26	494	2	756.9108	15	1	0	-1	0	0.1924	-1.0000
26	495	2	758.4440	1	3	0	-1	0	0.1924	-1.0000
26	496	2	759.9772	15	1	0	-1	0	0.1924	-1.0000
26	497	2	761.5105	14	7	0	-1	0	0.1924	-1.0000
26	498	2	763.0438	13	9	0	-1	1	0.1925	0.7959
26	499	2	764.5769	12	12	0	-1	0	0.1925	-1.0000
26	500	2	766.1103	11	2	0	-1	0	0.1925	-1.0000
26	501	2	767.6435	10	13	0	-1	0	0.1925	-1.0000
26	502	2	769.1768	9	8	0	-1	0	0.1925	-1.0000
26	503	2	770.7101	8	4	0	-1	0	0.1925	-1.0000
26	504	2	772.2433	7	11	0	-1	0	0.1925	-1.0000
26	505	2	773.7766	6	15	0	-1	0	0.1925	-1.0000
26	506	2	775.3097	5	5	0	-1	1	0.1925	0.6411
26	507	2	776.8431	4	14	0	-1	0	0.1925	-1.0000
26	508	2	778.3763	3	10	0	-1	0	0.1925	-1.0000
26	509	2	779.9096	2	6	0	-1	0	0.1925	-1.0000
26	510	2	781.4428	1	3	0	-1	0	0.1925	-1.0000
26	511	2	782.9761	14	7	0	-1	0	0.1925	-1.0000
26	512	2	784.5093	13	9	0	-1	1	0.1925	1.2190
26	513	2	786.0426	11	2	0	-1	0	0.1925	-1.0000
26	514	2	787.5758	12	12	0	-1	0	0.1925	-1.0000
26	515	2	789.1091	10	13	0	-1	0	0.1925	-1.0000
26	516	2	790.6423	12	12	0	-1	0	0.1925	-1.0000
26	517	2	792.1756	9	8	0	-1	1	0.1925	1.0403
26	518	2	793.7089	10	13	0	-1	0	0.1925	-1.0000
26	519	2	795.2421	9	8	0	-1	0	0.1925	-1.0000
26	520	2	796.7754	10	13	0	-1	0	0.1925	-1.0000
26	521	2	798.3086	13	9	0	-1	1	0.1925	0.8602
26	522	2	799.8419	14	7	0	-1	0	0.1925	-1.0000
26	523	2	801.3751	15	1	0	-1	0	0.1925	-1.0000
26	524	2	802.9084	1	3	0	-1	0	0.1925	-1.0000
26	525	2	804.4416	14	7	0	-1	0	0.1925	-1.0000
26	526	2	805.9748	15	1	0	-1	0	0.1925	-1.0000
26	527	2	807.5081	1	3	0	-1	0	0.1925	-1.0000
26	528	2	809.0414	2	6	0	-1	0	0.1925	-1.0000
26	529	2	810.5746	3	10	0	-1	1	0.1925	0.7694
26	530	2	812.1079	4	14	0	-1	0	0.1925	-1.0000
26	531	2	813.6412	5	5	0	-1	0	0.1925	-1.0000
26	532	2	815.1744	6	15	0	-1	0	0.1925	-1.0000
26	533	2	816.7077	7	11	0	-1	0	0.1925	-1.0000
26	534	2	818.2409	8	4	0	-1	0	0.1925	-1.0000
26	535	2	819.7741	9	8	0	-1	1	0.1925	0.2567
26	536	2	821.3074	10	13	0	-1	0	0.1925	-1.0000
26	537	2	822.8407	11	2	0	-1	1	0.1925	1.4621
26	538	2	824.3739	12	12	0	-1	1	0.1925	0.0167
26	539	2	825.9071	13	9	0	-1	0	0.1925	-1.0000
26	540	2	827.4404	14	7	0	-1	0	0.1925	-1.0000
26	541	2	828.9737	13	9	0	-1	0	0.1925	-1.0000
26	542	2	830.5069	11	2	0	-1	0	0.1925	-1.0000
26	543	2	832.0402	9	8	0	-1	0	0.1925	-1.0000
26	544	2	833.5735	12	12	0	-1	0	0.1925	-1.0000
26	545	2	835.1067	13	9	0	-1	0	0.1925	-1.0000
26	546	2	836.6400	11	2	0	-1	0	0.1925	-1.0000
26	547	2	838.1732	13	9	0	-1	1	0.1925	0.4507
26	548	2	839.7065	11	2	0	-1	0	0.1925	-1.0000
26	549	2	841.2397	12	12	0	-1	1	0.1925	0.7284
26	550	2	842.7729	9	8	0	-1	0	0.1925	-1.0000
26	551	2	844.3062	11	2	0	-1	1	0.1925	0.0167
26	552	2	845.8395	10	13	0	-1	0	0.1925	-1.0000
26	553	2	847.3727	13	9	0	-1	0	0.1925	-1.0000
26	554	2	848.9059	11	2	0	-1	1	0.1925	0.8539
26	555	2	850.4392	10	13	0	-1	0	0.1925	-1.0000
26	556	2	851.9725	11	2	0	-1	1	0.1924	0.3953
26	557	2	853.5057	12	12	0	-1	0	0.1924	-1.0000
26	558	2	855.0390	13	9	0	-1	1	0.1924	1.2810
26	559	2	856.5722	14	7	0	-1	0	0.1924	-1.0000
26	560	2	858.1055	15	1	0	-1	0	0.1924	-1.0000
26	561	2	859.6388	1	3	0	-1	1	0.1924	1.2248
26	562	2	861.1720	2	6	0	-1	0	0.1924	-1.0000
26	563	2	862.7053	3	10	0	-1	0	0.1924	-1.0000
26	564	2	864.2385	4	14	0	-1	1	0.1925	0.3375
26	565	2	865.7718	5	5	0	-1	0	0.1925	-1.0000
26	566	2	867.3050	6	15	0	-1	1	0.1925	0.9031
26	567	2	868.8383	7	11	0	-1	0	0.1925	-1.0000
26	568	2	870.3715	8	4	0	-1	0	0.1925	-1.0000
26	569	2	871.9048	9	8	0	-1	0	0.1925	-1.0000
26	570	2	873.4380	10	13	0	-1	0	0.1925	-1.0000
26	571	2	874.9713	13	9	0	-1	1	0.1924	0.8515
26	572	2	876.5046	10	13	0	-1	0	0.1924	-1.0000
26	573	2	878.0378	13	9	0	-1	0	0.1924	-1.0000
26	574	2	879.5710	12	12	0	-1	0	0.1924	-1.0000
26	575	2	881.1042	10	13	0	-1	0	0.1924	-1.0000
26	576	2	882.6376	11	2	0	-1	0	0.1924	-1.0000
26	577	2	884.1708	13	9	0	-1	1	0.1924	0.7730
26	578	2	885.7040	11	2	0	-1	0	0.1924	-1.0000
26	579	2	887.2373	12	12	0	-1	0	0.1924	-1.0000
26	580	2	888.7705	11	2	0	-1	0	0.1924	-1.0000
26	581	2	890.3038	12	12	0	-1	0	0.1924	-1.0000
26	582	2	891.8371	13	9	0	-1	1	0.1924	0.7229
26	583	2	893.3703	14	7	0	-1	0	0.1924	-1.0000
26	584	2	894.9036	2	6	0	-1	0	0.1924	-1.0000
26	585	2	896.4369	3	10	0	-1	0	0.1924	-1.0000
26	586	2	897.9700	4	14	0	-1	0	0.1924	-1.0000
26	587	2	899.5034	5	5	0	-1	1	0.1924	0.5925
26	588	2	901.0366	6	15	0	-1	0	0.1924	-1.0000
26	589	2	902.5699	7	11	0	-1	0	0.1924	-1.0000
26	590	2	904.1031	8	4	0	-1	0	0.1924	-1.0000
26	591	2	905.6364	9	8	0	-1	0	0.1924	-1.0000
26	592	2	907.1696	10	13	0	-1	0	0.1924	-1.0000
26	593	2	908.7029	11	2	0	-1	0	0.1924	-1.0000
26	594	2	910.2361	12	12	0	-1	0	0.1924	-1.0000
26	595	2	911.7694	13	9	0	-1	1	0.1924	0.7110
26	596	2	913.3025	14	7	0	-1	0	0.1924	-1.0000
26	597	2	914.8359	15	1	0	-1	0	0.1924	-1.0000
26	598	2	916.3691	1	3	0	-1	0	0.1924	-1.0000
26	599	2	917.9024	2	6	0	-1	1	0.1924	1.0565
26	600	2	919.4356	3	10	0	-1	0	0.1924	-1.0000
Actual parsing ratio
0.1924
Possible node parses
93.0000
 Node parses selected
35.5699
Possible other parses
507.0000
Other parses selected
27.3886
Chance parsing ratio
0.1550
