*********************************************
* Date/Time: 04-Nov-2019 11:05:57
* Seed: 208037.8
* Subject Number: 025
5	10	6	7	9	4	13	11	1	8	14	12	2	3	15	
*********************************************

Shape exposure time (seconds)
86.0998
subject	trial	phase	onset	node	shape	rotate	acc	resp	total	rt
25	1	1	1.0167	5	9	0	-1	0	0.0000	-1.0000
25	2	1	2.8666	6	4	90	-1	1	0.0000	-1.0000
25	3	1	4.8999	4	7	0	-1	1	0.0000	-1.0000
25	4	1	6.9497	7	13	0	-1	1	0.0000	-1.0000
25	5	1	8.9830	8	11	0	-1	1	0.0000	-1.0000
25	6	1	11.0494	5	9	90	-1	0	0.0000	-1.0000
25	7	1	13.0828	8	11	0	-1	0	0.0000	-1.0000
25	8	1	15.1160	5	9	0	-1	1	0.0000	-1.0000
25	9	1	17.1659	7	13	0	-1	0	0.0000	-1.0000
25	10	1	19.1991	6	4	0	-1	1	0.0000	-1.0000
25	11	1	21.2490	7	13	0	-1	1	0.0000	-1.0000
25	12	1	23.2989	6	4	0	-1	0	0.0000	-1.0000
25	13	1	25.3321	4	7	0	-1	0	0.0000	-1.0000
25	14	1	27.3820	3	6	0	-1	1	0.0000	-1.0000
25	15	1	29.4153	1	5	90	-1	1	0.0000	-1.0000
25	16	1	31.4651	2	10	0	-1	0	0.0000	-1.0000
25	17	1	33.5151	3	6	90	-1	1	0.0000	-1.0000
25	18	1	35.5482	2	10	0	-1	1	0.0000	-1.0000
25	19	1	37.5982	3	6	0	-1	0	0.0000	-1.0000
25	20	1	39.6314	15	15	0	-1	1	0.0000	-1.0000
25	21	1	41.6813	2	10	0	-1	0	0.0000	-1.0000
25	22	1	43.7312	14	3	90	-1	1	0.0000	-1.0000
25	23	1	45.7644	1	5	0	-1	0	0.0000	-1.0000
25	24	1	47.8143	3	6	0	-1	0	0.0000	-1.0000
25	25	1	49.8475	1	5	90	-1	0	0.0000	-1.0000
25	26	1	51.8974	3	6	90	-1	0	0.0000	-1.0000
25	27	1	53.9473	15	15	0	-1	0	0.0000	-1.0000
25	28	1	55.9806	14	3	0	-1	1	0.0000	-1.0000
25	29	1	58.0305	1	5	0	-1	0	0.0000	-1.0000
25	30	1	60.0637	2	10	90	-1	1	0.0000	-1.0000
25	31	1	62.1134	15	15	0	-1	1	0.0000	-1.0000
25	32	1	64.1635	3	6	0	-1	0	0.0000	-1.0000
25	33	1	66.1967	2	10	0	-1	1	0.0000	-1.0000
25	34	1	68.2466	3	6	0	-1	0	0.0000	-1.0000
25	35	1	70.2798	1	5	0	-1	1	0.0000	-1.0000
25	36	1	72.3297	3	6	0	-1	1	0.0000	-1.0000
25	37	1	74.3795	15	15	90	-1	1	0.0000	-1.0000
25	38	1	76.4128	2	10	0	-1	1	0.0000	-1.0000
25	39	1	78.4627	3	6	90	-1	1	0.0000	-1.0000
25	40	1	80.4959	4	7	0	-1	0	0.0000	-1.0000
25	41	1	82.5459	7	13	0	-1	1	0.0000	-1.0000
25	42	1	84.5957	8	11	0	-1	0	0.0000	-1.0000
25	43	1	86.6289	7	13	0	-1	1	0.0000	-1.0000
25	44	1	88.6789	5	9	0	-1	1	0.0000	-1.0000
25	45	1	90.7288	4	7	0	-1	1	0.0000	-1.0000
25	46	1	92.7620	6	4	90	-1	0	0.0000	-1.0000
25	47	1	94.8119	8	11	0	-1	1	0.0000	-1.0000
25	48	1	96.8451	6	4	0	-1	1	0.0000	-1.0000
25	49	1	98.8950	7	13	0	-1	1	0.0000	-1.0000
25	50	1	100.9449	4	7	90	-1	1	0.0000	-1.0000
25	51	1	102.9781	5	9	0	-1	1	0.0000	-1.0000
25	52	1	105.0280	8	11	0	-1	1	0.0000	-1.0000
25	53	1	107.0612	7	13	0	-1	1	0.0000	-1.0000
25	54	1	109.1111	4	7	0	-1	1	0.0000	-1.0000
25	55	1	111.1610	3	6	0	-1	1	0.0000	-1.0000
25	56	1	113.1943	1	5	0	-1	1	0.0000	-1.0000
25	57	1	115.2442	3	6	0	-1	0	0.0000	-1.0000
25	58	1	117.2940	4	7	0	-1	1	0.0000	-1.0000
25	59	1	119.3272	6	4	0	-1	1	0.0000	-1.0000
25	60	1	121.3772	5	9	0	-1	1	0.0000	-1.0000
25	61	1	123.4104	6	4	0	-1	1	0.0000	-1.0000
25	62	1	125.4603	5	9	90	-1	0	0.0000	-1.0000
25	63	1	127.4935	6	4	0	-1	0	0.0000	-1.0000
25	64	1	129.5434	8	11	0	-1	1	0.0000	-1.0000
25	65	1	131.5933	5	9	0	-1	1	0.0000	-1.0000
25	66	1	133.6266	7	13	0	-1	0	0.0000	-1.0000
25	67	1	135.6764	4	7	0	-1	0	0.0000	-1.0000
25	68	1	137.7263	3	6	0	-1	0	0.0000	-1.0000
25	69	1	139.7596	15	15	0	-1	1	0.0000	-1.0000
25	70	1	141.8094	14	3	0	-1	1	0.0000	-1.0000
25	71	1	143.8427	15	15	0	-1	1	0.0000	-1.0000
25	72	1	145.8926	1	5	0	-1	0	0.0000	-1.0000
25	73	1	147.9425	14	3	0	-1	0	0.0000	-1.0000
25	74	1	149.9757	15	15	0	-1	1	0.0000	-1.0000
25	75	1	152.0256	3	6	0	-1	0	0.0000	-1.0000
25	76	1	154.0588	2	10	0	-1	0	0.0000	-1.0000
25	77	1	156.1087	14	3	0	-1	0	0.0000	-1.0000
25	78	1	158.1586	2	10	90	-1	1	0.0000	-1.0000
25	79	1	160.1918	14	3	0	-1	0	0.0000	-1.0000
25	80	1	162.2417	1	5	0	-1	1	0.0000	-1.0000
25	81	1	164.2750	2	10	90	-1	1	0.0000	-1.0000
25	82	1	166.3249	15	15	0	-1	1	0.0000	-1.0000
25	83	1	168.3747	2	10	0	-1	1	0.0000	-1.0000
25	84	1	170.4080	1	5	0	-1	1	0.0000	-1.0000
25	85	1	172.4579	3	6	0	-1	1	0.0000	-1.0000
25	86	1	174.4911	15	15	0	-1	1	0.0000	-1.0000
25	87	1	176.5409	2	10	0	-1	1	0.0000	-1.0000
25	88	1	178.5909	3	6	90	-1	1	0.0000	-1.0000
25	89	1	180.6241	4	7	0	-1	1	0.0000	-1.0000
25	90	1	182.6740	3	6	0	-1	1	0.0000	-1.0000
25	91	1	184.7239	4	7	0	-1	0	0.0000	-1.0000
25	92	1	186.7571	5	9	0	-1	0	0.0000	-1.0000
25	93	1	188.8070	4	7	0	-1	1	0.0000	-1.0000
25	94	1	190.8403	7	13	0	-1	1	0.0000	-1.0000
25	95	1	192.8902	6	4	0	-1	1	0.0000	-1.0000
25	96	1	194.9400	7	13	0	-1	1	0.0000	-1.0000
25	97	1	196.9733	4	7	0	-1	0	0.0000	-1.0000
25	98	1	199.0232	5	9	0	-1	1	0.0000	-1.0000
25	99	1	201.0564	6	4	0	-1	1	0.0000	-1.0000
25	100	1	203.1063	5	9	0	-1	1	0.0000	-1.0000
25	101	1	205.1561	4	7	0	-1	1	0.0000	-1.0000
25	102	1	207.1894	3	6	0	-1	1	0.0000	-1.0000
25	103	1	209.2393	15	15	0	-1	1	0.0000	-1.0000
25	104	1	211.2724	3	6	0	-1	1	0.0000	-1.0000
25	105	1	213.3224	4	7	0	-1	1	0.0000	-1.0000
25	106	1	215.3722	5	9	0	-1	1	0.0000	-1.0000
25	107	1	217.4056	4	7	90	-1	1	0.0000	-1.0000
25	108	1	219.4554	7	13	90	-1	1	0.0000	-1.0000
25	109	1	221.4887	6	4	0	-1	1	0.0000	-1.0000
25	110	1	223.5385	7	13	0	-1	1	0.0000	-1.0000
25	111	1	225.5885	5	9	0	-1	1	0.0000	-1.0000
25	112	1	227.6217	7	13	0	-1	1	0.0000	-1.0000
25	113	1	229.6716	5	9	0	-1	1	0.0000	-1.0000
25	114	1	231.7048	8	11	0	-1	1	0.0000	-1.0000
25	115	1	233.7547	9	1	0	-1	1	0.0000	-1.0000
25	116	1	235.8045	10	8	0	-1	1	0.0000	-1.0000
25	117	1	237.8378	9	1	90	-1	1	0.0000	-1.0000
25	118	1	239.8877	8	11	0	-1	0	0.0000	-1.0000
25	119	1	241.9376	9	1	0	-1	1	0.0000	-1.0000
25	120	1	243.9708	10	8	0	-1	1	0.0000	-1.0000
25	121	1	246.1041	13	2	0	-1	0	0.0000	-1.0000
25	122	1	248.1540	14	3	0	-1	1	0.0000	-1.0000
25	123	1	250.2038	15	15	0	-1	1	0.0000	-1.0000
25	124	1	252.2371	3	6	0	-1	1	0.0000	-1.0000
25	125	1	254.2870	4	7	0	-1	1	0.0000	-1.0000
25	126	1	256.3201	6	4	0	-1	1	0.0000	-1.0000
25	127	1	258.3701	5	9	0	-1	1	0.0000	-1.0000
25	128	1	260.4200	4	7	90	-1	1	0.0000	-1.0000
25	129	1	262.4532	5	9	0	-1	1	0.0000	-1.0000
25	130	1	264.5031	4	7	90	-1	1	0.0000	-1.0000
25	131	1	266.5363	5	9	0	-1	1	0.0000	-1.0000
25	132	1	268.5862	6	4	0	-1	1	0.0000	-1.0000
25	133	1	270.6361	5	9	0	-1	1	0.0000	-1.0000
25	134	1	272.6694	4	7	0	-1	1	0.0000	-1.0000
25	135	1	274.7192	3	6	0	-1	1	0.0000	-1.0000
25	136	1	276.7525	2	10	90	-1	0	0.0000	-1.0000
25	137	1	278.8023	3	6	0	-1	0	0.0000	-1.0000
25	138	1	280.8523	4	7	0	-1	0	0.0000	-1.0000
25	139	1	282.8855	6	4	0	-1	0	0.0000	-1.0000
25	140	1	284.9354	4	7	90	-1	0	0.0000	-1.0000
25	141	1	286.9686	6	4	0	-1	1	0.0000	-1.0000
25	142	1	289.0185	4	7	90	-1	0	0.0000	-1.0000
25	143	1	291.0684	6	4	0	-1	1	0.0000	-1.0000
25	144	1	293.1016	7	13	90	-1	1	0.0000	-1.0000
25	145	1	295.1515	8	11	0	-1	1	0.0000	-1.0000
25	146	1	297.1848	6	4	90	-1	1	0.0000	-1.0000
25	147	1	299.2346	5	9	0	-1	1	0.0000	-1.0000
25	148	1	301.2845	6	4	0	-1	1	0.0000	-1.0000
25	149	1	303.3178	4	7	0	-1	0	0.0000	-1.0000
25	150	1	305.3677	5	9	0	-1	1	0.0000	-1.0000
25	151	1	307.4175	4	7	0	-1	1	0.0000	-1.0000
25	152	1	309.4508	3	6	0	-1	1	0.0000	-1.0000
25	153	1	311.5007	4	7	0	-1	1	0.0000	-1.0000
25	154	1	313.5339	3	6	0	-1	1	0.0000	-1.0000
25	155	1	315.5838	15	15	0	-1	0	0.0000	-1.0000
25	156	1	317.6337	14	3	90	-1	0	0.0000	-1.0000
25	157	1	319.6669	2	10	0	-1	0	0.0000	-1.0000
25	158	1	321.7168	14	3	0	-1	0	0.0000	-1.0000
25	159	1	323.7500	15	15	0	-1	0	0.0000	-1.0000
25	160	1	325.7999	1	5	0	-1	0	0.0000	-1.0000
25	161	1	327.8498	3	6	0	-1	1	0.0000	-1.0000
25	162	1	329.8831	4	7	0	-1	1	0.0000	-1.0000
25	163	1	331.9329	5	9	0	-1	1	0.0000	-1.0000
25	164	1	333.9662	4	7	0	-1	0	0.0000	-1.0000
25	165	1	336.0161	7	13	0	-1	0	0.0000	-1.0000
25	166	1	338.0660	6	4	0	-1	1	0.0000	-1.0000
25	167	1	340.0992	7	13	0	-1	1	0.0000	-1.0000
25	168	1	342.1491	8	11	0	-1	1	0.0000	-1.0000
25	169	1	344.1823	9	1	0	-1	1	0.0000	-1.0000
25	170	1	346.2322	8	11	0	-1	1	0.0000	-1.0000
25	171	1	348.2821	6	4	0	-1	1	0.0000	-1.0000
25	172	1	350.3153	5	9	0	-1	1	0.0000	-1.0000
25	173	1	352.3652	6	4	90	-1	1	0.0000	-1.0000
25	174	1	354.4151	7	13	0	-1	1	0.0000	-1.0000
25	175	1	356.4483	8	11	0	-1	1	0.0000	-1.0000
25	176	1	358.4982	9	1	90	-1	1	0.0000	-1.0000
25	177	1	360.5315	10	8	0	-1	1	0.0000	-1.0000
25	178	1	362.5814	13	2	0	-1	1	0.0000	-1.0000
25	179	1	364.6313	14	3	0	-1	1	0.0000	-1.0000
25	180	1	366.6645	1	5	0	-1	0	0.0000	-1.0000
25	181	1	368.7144	2	10	0	-1	1	0.0000	-1.0000
25	182	1	370.7476	3	6	0	-1	1	0.0000	-1.0000
25	183	1	372.7975	1	5	0	-1	1	0.0000	-1.0000
25	184	1	374.8474	3	6	0	-1	1	0.0000	-1.0000
25	185	1	376.8806	1	5	90	-1	0	0.0000	-1.0000
25	186	1	378.9305	15	15	0	-1	1	0.0000	-1.0000
25	187	1	380.9638	2	10	0	-1	1	0.0000	-1.0000
25	188	1	383.0136	3	6	0	-1	1	0.0000	-1.0000
25	189	1	385.0468	15	15	0	-1	1	0.0000	-1.0000
25	190	1	387.0968	3	6	0	-1	1	0.0000	-1.0000
25	191	1	389.1466	2	10	0	-1	0	0.0000	-1.0000
25	192	1	391.1798	14	3	0	-1	0	0.0000	-1.0000
25	193	1	393.2298	2	10	0	-1	1	0.0000	-1.0000
25	194	1	395.2797	3	6	0	-1	1	0.0000	-1.0000
25	195	1	397.3129	4	7	0	-1	0	0.0000	-1.0000
25	196	1	399.3628	5	9	90	-1	0	0.0000	-1.0000
25	197	1	401.3960	8	11	0	-1	1	0.0000	-1.0000
25	198	1	403.4459	5	9	0	-1	1	0.0000	-1.0000
25	199	1	405.4958	8	11	0	-1	0	0.0000	-1.0000
25	200	1	407.5290	6	4	90	-1	1	0.0000	-1.0000
25	201	1	409.5789	8	11	0	-1	0	0.0000	-1.0000
25	202	1	411.6288	9	1	90	-1	1	0.0000	-1.0000
25	203	1	413.6620	10	8	0	-1	1	0.0000	-1.0000
25	204	1	415.7119	9	1	0	-1	1	0.0000	-1.0000
25	205	1	417.7452	8	11	0	-1	1	0.0000	-1.0000
25	206	1	419.7950	5	9	0	-1	1	0.0000	-1.0000
25	207	1	421.8449	6	4	0	-1	1	0.0000	-1.0000
25	208	1	423.8782	7	13	0	-1	0	0.0000	-1.0000
25	209	1	425.9281	6	4	0	-1	1	0.0000	-1.0000
25	210	1	427.9613	5	9	0	-1	1	0.0000	-1.0000
25	211	1	430.0112	7	13	0	-1	0	0.0000	-1.0000
25	212	1	432.0611	4	7	0	-1	0	0.0000	-1.0000
25	213	1	434.0942	3	6	0	-1	1	0.0000	-1.0000
25	214	1	436.1442	15	15	0	-1	1	0.0000	-1.0000
25	215	1	438.1774	2	10	0	-1	1	0.0000	-1.0000
25	216	1	440.2273	1	5	0	-1	0	0.0000	-1.0000
25	217	1	442.2772	15	15	0	-1	1	0.0000	-1.0000
25	218	1	444.3105	3	6	0	-1	1	0.0000	-1.0000
25	219	1	446.3603	4	7	0	-1	1	0.0000	-1.0000
25	220	1	448.3936	6	4	0	-1	1	0.0000	-1.0000
25	221	1	450.4435	4	7	90	-1	0	0.0000	-1.0000
25	222	1	452.4933	6	4	0	-1	1	0.0000	-1.0000
25	223	1	454.5266	8	11	0	-1	1	0.0000	-1.0000
25	224	1	456.5765	7	13	0	-1	1	0.0000	-1.0000
25	225	1	458.6264	4	7	0	-1	1	0.0000	-1.0000
25	226	1	460.6596	6	4	0	-1	1	0.0000	-1.0000
25	227	1	462.7095	4	7	0	-1	1	0.0000	-1.0000
25	228	1	464.7427	5	9	0	-1	1	0.0000	-1.0000
25	229	1	466.7926	8	11	0	-1	1	0.0000	-1.0000
25	230	1	468.8425	5	9	0	-1	1	0.0000	-1.0000
25	231	1	470.8758	4	7	0	-1	1	0.0000	-1.0000
25	232	1	472.9256	7	13	0	-1	1	0.0000	-1.0000
25	233	1	474.9589	6	4	0	-1	1	0.0000	-1.0000
25	234	1	477.0088	5	9	0	-1	1	0.0000	-1.0000
25	235	1	479.0587	7	13	0	-1	0	0.0000	-1.0000
25	236	1	481.0919	5	9	0	-1	1	0.0000	-1.0000
25	237	1	483.1418	6	4	0	-1	1	0.0000	-1.0000
25	238	1	485.1750	8	11	0	-1	0	0.0000	-1.0000
25	239	1	487.2249	7	13	0	-1	1	0.0000	-1.0000
25	240	1	489.2748	4	7	0	-1	0	0.0000	-1.0000
25	241	1	491.3080	6	4	0	-1	1	0.0000	-1.0000
25	242	1	493.3579	7	13	0	-1	0	0.0000	-1.0000
25	243	1	495.3911	6	4	0	-1	1	0.0000	-1.0000
25	244	1	497.4410	5	9	90	-1	0	0.0000	-1.0000
25	245	1	499.4909	4	7	0	-1	1	0.0000	-1.0000
25	246	1	501.5242	7	13	0	-1	1	0.0000	-1.0000
25	247	1	503.5741	4	7	0	-1	1	0.0000	-1.0000
25	248	1	505.6073	3	6	0	-1	1	0.0000	-1.0000
25	249	1	507.6572	2	10	0	-1	0	0.0000	-1.0000
25	250	1	509.7071	3	6	0	-1	1	0.0000	-1.0000
25	251	1	511.7403	2	10	0	-1	1	0.0000	-1.0000
25	252	1	513.7902	14	3	0	-1	1	0.0000	-1.0000
25	253	1	515.8401	13	2	0	-1	1	0.0000	-1.0000
25	254	1	517.8733	14	3	0	-1	1	0.0000	-1.0000
25	255	1	519.9232	1	5	0	-1	1	0.0000	-1.0000
25	256	1	521.9565	2	10	0	-1	1	0.0000	-1.0000
25	257	1	524.0063	1	5	0	-1	1	0.0000	-1.0000
25	258	1	526.0562	3	6	0	-1	1	0.0000	-1.0000
25	259	1	528.0895	2	10	0	-1	1	0.0000	-1.0000
25	260	1	530.1393	14	3	0	-1	1	0.0000	-1.0000
25	261	1	532.1726	13	2	0	-1	1	0.0000	-1.0000
25	262	1	534.2225	14	3	0	-1	1	0.0000	-1.0000
25	263	1	536.2724	1	5	0	-1	0	0.0000	-1.0000
25	264	1	538.3056	15	15	0	-1	1	0.0000	-1.0000
25	265	1	540.3555	1	5	90	-1	0	0.0000	-1.0000
25	266	1	542.3887	14	3	0	-1	1	0.0000	-1.0000
25	267	1	544.4386	1	5	0	-1	1	0.0000	-1.0000
25	268	1	546.4885	14	3	0	-1	1	0.0000	-1.0000
25	269	1	548.5216	13	2	0	-1	1	0.0000	-1.0000
25	270	1	550.5716	11	14	0	-1	1	0.0000	-1.0000
25	271	1	552.6048	10	8	90	-1	0	0.0000	-1.0000
25	272	1	554.6547	9	1	0	-1	1	0.0000	-1.0000
25	273	1	556.7046	11	14	0	-1	0	0.0000	-1.0000
25	274	1	558.7379	12	12	0	-1	0	0.0000	-1.0000
25	275	1	560.7877	13	2	0	-1	1	0.0000	-1.0000
25	276	1	562.8376	12	12	90	-1	0	0.0000	-1.0000
25	277	1	564.8709	10	8	0	-1	0	0.0000	-1.0000
25	278	1	566.9208	13	2	0	-1	1	0.0000	-1.0000
25	279	1	568.9539	14	3	0	-1	1	0.0000	-1.0000
25	280	1	571.0039	2	10	0	-1	1	0.0000	-1.0000
25	281	1	573.0538	1	5	0	-1	1	0.0000	-1.0000
25	282	1	575.0870	14	3	0	-1	1	0.0000	-1.0000
25	283	1	577.1369	13	2	0	-1	1	0.0000	-1.0000
25	284	1	579.1701	10	8	90	-1	0	0.0000	-1.0000
25	285	1	581.2200	9	1	0	-1	1	0.0000	-1.0000
25	286	1	583.2699	12	12	0	-1	1	0.0000	-1.0000
25	287	1	585.3031	10	8	0	-1	0	0.0000	-1.0000
25	288	1	587.3530	11	14	0	-1	0	0.0000	-1.0000
25	289	1	589.3863	12	12	0	-1	0	0.0000	-1.0000
25	290	1	591.4362	9	1	0	-1	0	0.0000	-1.0000
25	291	1	593.4861	11	14	0	-1	0	0.0000	-1.0000
25	292	1	595.5193	12	12	0	-1	0	0.0000	-1.0000
25	293	1	597.5692	11	14	0	-1	0	0.0000	-1.0000
25	294	1	599.6024	10	8	0	-1	1	0.0000	-1.0000
25	295	1	601.6523	12	12	90	-1	1	0.0000	-1.0000
25	296	1	603.7022	9	1	0	-1	1	0.0000	-1.0000
25	297	1	605.7354	10	8	90	-1	0	0.0000	-1.0000
25	298	1	607.7853	12	12	0	-1	0	0.0000	-1.0000
25	299	1	609.8186	13	2	0	-1	1	0.0000	-1.0000
25	300	1	611.8684	12	12	0	-1	0	0.0000	-1.0000
25	301	1	613.9183	11	14	90	-1	0	0.0000	-1.0000
25	302	1	615.9516	13	2	0	-1	1	0.0000	-1.0000
25	303	1	618.0014	12	12	0	-1	0	0.0000	-1.0000
25	304	1	620.0513	9	1	0	-1	1	0.0000	-1.0000
25	305	1	622.0846	10	8	0	-1	0	0.0000	-1.0000
25	306	1	624.1345	9	1	0	-1	1	0.0000	-1.0000
25	307	1	626.1677	11	14	0	-1	0	0.0000	-1.0000
25	308	1	628.2176	9	1	0	-1	0	0.0000	-1.0000
25	309	1	630.2675	8	11	0	-1	0	0.0000	-1.0000
25	310	1	632.3007	7	13	0	-1	0	0.0000	-1.0000
25	311	1	634.3506	4	7	0	-1	1	0.0000	-1.0000
25	312	1	636.3838	3	6	0	-1	1	0.0000	-1.0000
25	313	1	638.4337	1	5	0	-1	1	0.0000	-1.0000
25	314	1	640.4836	3	6	0	-1	1	0.0000	-1.0000
25	315	1	642.5168	2	10	0	-1	0	0.0000	-1.0000
25	316	1	644.5667	1	5	0	-1	0	0.0000	-1.0000
25	317	1	646.5999	2	10	0	-1	1	0.0000	-1.0000
25	318	1	648.6498	15	15	0	-1	1	0.0000	-1.0000
25	319	1	650.6998	14	3	90	-1	0	0.0000	-1.0000
25	320	1	652.7330	1	5	90	-1	1	0.0000	-1.0000
25	321	1	654.7829	15	15	0	-1	1	0.0000	-1.0000
25	322	1	656.8161	3	6	0	-1	1	0.0000	-1.0000
25	323	1	658.8660	2	10	0	-1	1	0.0000	-1.0000
25	324	1	660.9159	1	5	90	-1	1	0.0000	-1.0000
25	325	1	662.9491	14	3	0	-1	1	0.0000	-1.0000
25	326	1	664.9990	15	15	0	-1	1	0.0000	-1.0000
25	327	1	667.0489	2	10	0	-1	1	0.0000	-1.0000
25	328	1	669.0821	3	6	90	-1	1	0.0000	-1.0000
25	329	1	671.1320	1	5	0	-1	0	0.0000	-1.0000
25	330	1	673.1653	3	6	0	-1	1	0.0000	-1.0000
25	331	1	675.2151	1	5	0	-1	0	0.0000	-1.0000
25	332	1	677.2650	3	6	90	-1	0	0.0000	-1.0000
25	333	1	679.2983	1	5	90	-1	0	0.0000	-1.0000
25	334	1	681.3482	14	3	0	-1	0	0.0000	-1.0000
25	335	1	683.3814	13	2	0	-1	1	0.0000	-1.0000
25	336	1	685.4313	11	14	0	-1	0	0.0000	-1.0000
25	337	1	687.4811	9	1	0	-1	0	0.0000	-1.0000
25	338	1	689.5144	12	12	0	-1	0	0.0000	-1.0000
25	339	1	691.5643	11	14	90	-1	0	0.0000	-1.0000
25	340	1	693.5975	9	1	0	-1	1	0.0000	-1.0000
25	341	1	695.6474	10	8	0	-1	1	0.0000	-1.0000
25	342	1	697.6806	9	1	0	-1	1	0.0000	-1.0000
25	343	1	699.7306	11	14	0	-1	1	0.0000	-1.0000
25	344	1	701.7805	10	8	0	-1	0	0.0000	-1.0000
25	345	1	703.8137	11	14	90	-1	0	0.0000	-1.0000
25	346	1	705.8636	9	1	0	-1	1	0.0000	-1.0000
25	347	1	707.9134	10	8	0	-1	0	0.0000	-1.0000
25	348	1	709.9466	9	1	0	-1	1	0.0000	-1.0000
25	349	1	711.9966	12	12	0	-1	0	0.0000	-1.0000
25	350	1	714.0298	10	8	0	-1	0	0.0000	-1.0000
25	351	1	716.0797	12	12	0	-1	0	0.0000	-1.0000
25	352	1	718.1296	13	2	0	-1	1	0.0000	-1.0000
25	353	1	720.1628	14	3	0	-1	0	0.0000	-1.0000
25	354	1	722.2127	1	5	0	-1	0	0.0000	-1.0000
25	355	1	724.2626	14	3	0	-1	1	0.0000	-1.0000
25	356	1	726.2958	1	5	0	-1	1	0.0000	-1.0000
25	357	1	728.3457	15	15	90	-1	1	0.0000	-1.0000
25	358	1	730.3788	3	6	0	-1	1	0.0000	-1.0000
25	359	1	732.4289	4	7	0	-1	0	0.0000	-1.0000
25	360	1	734.4621	5	9	0	-1	1	0.0000	-1.0000
25	361	1	736.5119	8	11	0	-1	0	0.0000	-1.0000
25	362	1	738.5619	9	1	0	-1	0	0.0000	-1.0000
25	363	1	740.5951	8	11	90	-1	0	0.0000	-1.0000
25	364	1	742.6450	6	4	0	-1	1	0.0000	-1.0000
25	365	1	744.6949	5	9	0	-1	1	0.0000	-1.0000
25	366	1	746.7280	4	7	0	-1	1	0.0000	-1.0000
25	367	1	748.7780	5	9	0	-1	1	0.0000	-1.0000
25	368	1	750.8112	7	13	0	-1	0	0.0000	-1.0000
25	369	1	752.8611	8	11	90	-1	0	0.0000	-1.0000
25	370	1	754.9110	9	1	0	-1	1	0.0000	-1.0000
25	371	1	756.9443	10	8	90	-1	0	0.0000	-1.0000
25	372	1	758.9942	9	1	0	-1	1	0.0000	-1.0000
25	373	1	761.0440	11	14	0	-1	0	0.0000	-1.0000
25	374	1	763.0773	10	8	0	-1	1	0.0000	-1.0000
25	375	1	765.1271	9	1	0	-1	0	0.0000	-1.0000
25	376	1	767.1602	10	8	0	-1	1	0.0000	-1.0000
25	377	1	769.2103	11	14	0	-1	1	0.0000	-1.0000
25	378	1	771.2435	13	2	0	-1	1	0.0000	-1.0000
25	379	1	773.2934	10	8	0	-1	1	0.0000	-1.0000
25	380	1	775.3433	9	1	0	-1	1	0.0000	-1.0000
25	381	1	777.3765	12	12	0	-1	1	0.0000	-1.0000
25	382	1	779.4264	11	14	0	-1	1	0.0000	-1.0000
25	383	1	781.4763	13	2	90	-1	1	0.0000	-1.0000
25	384	1	783.5095	14	3	0	-1	1	0.0000	-1.0000
25	385	1	785.5594	13	2	0	-1	1	0.0000	-1.0000
25	386	1	787.5926	11	14	90	-1	1	0.0000	-1.0000
25	387	1	789.6424	9	1	90	-1	1	0.0000	-1.0000
25	388	1	791.6924	8	11	0	-1	1	0.0000	-1.0000
25	389	1	793.7257	5	9	90	-1	0	0.0000	-1.0000
25	390	1	795.7755	6	4	0	-1	1	0.0000	-1.0000
25	391	1	797.8088	7	13	0	-1	0	0.0000	-1.0000
25	392	1	799.8587	5	9	0	-1	1	0.0000	-1.0000
25	393	1	801.9086	7	13	0	-1	0	0.0000	-1.0000
25	394	1	803.9418	4	7	0	-1	1	0.0000	-1.0000
25	395	1	805.9917	3	6	0	-1	1	0.0000	-1.0000
25	396	1	808.0249	4	7	90	-1	1	0.0000	-1.0000
25	397	1	810.0748	3	6	0	-1	1	0.0000	-1.0000
25	398	1	812.1247	2	10	0	-1	0	0.0000	-1.0000
25	399	1	814.1580	15	15	0	-1	1	0.0000	-1.0000
25	400	1	816.2078	3	6	0	-1	1	0.0000	-1.0000
25	401	1	818.2411	1	5	0	-1	0	0.0000	-1.0000
25	402	1	820.2910	3	6	0	-1	1	0.0000	-1.0000
25	403	1	822.3408	2	10	90	-1	1	0.0000	-1.0000
25	404	1	824.3741	3	6	0	-1	1	0.0000	-1.0000
25	405	1	826.4240	15	15	0	-1	0	0.0000	-1.0000
25	406	1	828.4738	3	6	0	-1	1	0.0000	-1.0000
25	407	1	830.5071	1	5	0	-1	0	0.0000	-1.0000
25	408	1	832.5570	3	6	0	-1	1	0.0000	-1.0000
25	409	1	834.5901	15	15	0	-1	1	0.0000	-1.0000
25	410	1	836.6401	3	6	90	-1	1	0.0000	-1.0000
25	411	1	838.6900	15	15	0	-1	1	0.0000	-1.0000
25	412	1	840.7231	2	10	90	-1	1	0.0000	-1.0000
25	413	1	842.7731	3	6	0	-1	1	0.0000	-1.0000
25	414	1	844.8064	2	10	0	-1	1	0.0000	-1.0000
25	415	1	846.8563	3	6	0	-1	1	0.0000	-1.0000
25	416	1	848.9061	4	7	90	-1	1	0.0000	-1.0000
25	417	1	850.9393	7	13	0	-1	1	0.0000	-1.0000
25	418	1	852.9893	8	11	90	-1	1	0.0000	-1.0000
25	419	1	855.0225	6	4	0	-1	1	0.0000	-1.0000
25	420	1	857.0724	4	7	0	-1	1	0.0000	-1.0000
25	421	1	859.1223	7	13	0	-1	1	0.0000	-1.0000
25	422	1	861.1555	4	7	90	-1	1	0.0000	-1.0000
25	423	1	863.2054	3	6	0	-1	1	0.0000	-1.0000
25	424	1	865.2386	15	15	90	-1	1	0.0000	-1.0000
25	425	1	867.2885	3	6	0	-1	1	0.0000	-1.0000
25	426	1	869.3384	15	15	90	-1	1	0.0000	-1.0000
25	427	1	871.3717	2	10	0	-1	1	0.0000	-1.0000
25	428	1	873.4215	14	3	0	-1	1	0.0000	-1.0000
25	429	1	875.4548	1	5	90	-1	1	0.0000	-1.0000
25	430	1	877.5047	2	10	0	-1	1	0.0000	-1.0000
25	431	1	879.5545	14	3	0	-1	1	0.0000	-1.0000
25	432	1	881.5878	15	15	0	-1	1	0.0000	-1.0000
25	433	1	883.6377	2	10	0	-1	1	0.0000	-1.0000
25	434	1	885.6876	15	15	90	-1	1	0.0000	-1.0000
25	435	1	887.7208	1	5	0	-1	1	0.0000	-1.0000
25	436	1	889.7707	14	3	90	-1	1	0.0000	-1.0000
25	437	1	891.8039	1	5	0	-1	1	0.0000	-1.0000
25	438	1	893.8538	3	6	0	-1	1	0.0000	-1.0000
25	439	1	895.9037	15	15	90	-1	1	0.0000	-1.0000
25	440	1	897.9369	3	6	0	-1	1	0.0000	-1.0000
25	441	1	899.9868	4	7	0	-1	1	0.0000	-1.0000
25	442	1	902.0201	6	4	90	-1	1	0.0000	-1.0000
25	443	1	904.0699	8	11	90	-1	0	0.0000	-1.0000
25	444	1	906.1198	6	4	0	-1	1	0.0000	-1.0000
25	445	1	908.1530	4	7	0	-1	1	0.0000	-1.0000
25	446	1	910.2030	6	4	90	-1	1	0.0000	-1.0000
25	447	1	912.2362	4	7	0	-1	1	0.0000	-1.0000
25	448	1	914.2861	6	4	90	-1	1	0.0000	-1.0000
25	449	1	916.3359	8	11	0	-1	1	0.0000	-1.0000
25	450	1	918.3692	6	4	0	-1	1	0.0000	-1.0000
25	451	1	920.4191	5	9	0	-1	1	0.0000	-1.0000
25	452	1	922.4523	8	11	0	-1	1	0.0000	-1.0000
25	453	1	924.5022	9	1	0	-1	1	0.0000	-1.0000
25	454	1	926.5521	10	8	0	-1	1	0.0000	-1.0000
25	455	1	928.5854	11	14	90	-1	1	0.0000	-1.0000
25	456	1	930.6352	12	12	0	-1	1	0.0000	-1.0000
25	457	1	932.6851	10	8	90	-1	0	0.0000	-1.0000
25	458	1	934.7183	9	1	0	-1	1	0.0000	-1.0000
25	459	1	936.7682	8	11	0	-1	1	0.0000	-1.0000
25	460	1	938.8015	5	9	90	-1	0	0.0000	-1.0000
25	461	1	940.8514	4	7	0	-1	1	0.0000	-1.0000
25	462	1	942.9013	5	9	0	-1	1	0.0000	-1.0000
25	463	1	944.9345	7	13	0	-1	1	0.0000	-1.0000
25	464	1	946.9844	8	11	0	-1	1	0.0000	-1.0000
25	465	1	949.0176	9	1	0	-1	1	0.0000	-1.0000
25	466	1	951.0674	12	12	0	-1	1	0.0000	-1.0000
25	467	1	953.1174	9	1	0	-1	1	0.0000	-1.0000
25	468	1	955.1506	10	8	0	-1	1	0.0000	-1.0000
25	469	1	957.2005	12	12	0	-1	0	0.0000	-1.0000
25	470	1	959.2338	10	8	90	-1	0	0.0000	-1.0000
25	471	1	961.2835	13	2	0	-1	1	0.0000	-1.0000
25	472	1	963.3335	11	14	0	-1	0	0.0000	-1.0000
25	473	1	965.3668	12	12	0	-1	1	0.0000	-1.0000
25	474	1	967.4167	13	2	0	-1	1	0.0000	-1.0000
25	475	1	969.4499	12	12	0	-1	1	0.0000	-1.0000
25	476	1	971.4998	10	8	0	-1	1	0.0000	-1.0000
25	477	1	973.5497	9	1	0	-1	1	0.0000	-1.0000
25	478	1	975.5829	10	8	0	-1	1	0.0000	-1.0000
25	479	1	977.6327	11	14	0	-1	1	0.0000	-1.0000
25	480	1	979.6660	13	2	90	-1	1	0.0000	-1.0000
25	481	1	981.7158	14	3	0	-1	1	0.0000	-1.0000
25	482	1	983.7658	13	2	0	-1	1	0.0000	-1.0000
25	483	1	985.7991	12	12	90	-1	1	0.0000	-1.0000
25	484	1	987.8489	9	1	0	-1	1	0.0000	-1.0000
25	485	1	989.8988	10	8	0	-1	1	0.0000	-1.0000
25	486	1	991.9321	11	14	0	-1	1	0.0000	-1.0000
25	487	1	993.9820	10	8	0	-1	1	0.0000	-1.0000
25	488	1	996.0152	12	12	0	-1	1	0.0000	-1.0000
25	489	1	998.0650	11	14	90	-1	1	0.0000	-1.0000
25	490	1	1000.1150	13	2	0	-1	1	0.0000	-1.0000
25	491	1	1002.1482	11	14	0	-1	1	0.0000	-1.0000
25	492	1	1004.1980	9	1	0	-1	1	0.0000	-1.0000
25	493	1	1006.2313	12	12	0	-1	1	0.0000	-1.0000
25	494	1	1008.2812	10	8	0	-1	1	0.0000	-1.0000
25	495	1	1010.3311	12	12	90	-1	0	0.0000	-1.0000
25	496	1	1012.3643	13	2	90	-1	1	0.0000	-1.0000
25	497	1	1014.4142	10	8	90	-1	0	0.0000	-1.0000
25	498	1	1016.4473	9	1	90	-1	0	0.0000	-1.0000
25	499	1	1018.4973	10	8	0	-1	1	0.0000	-1.0000
25	500	1	1020.5472	9	1	90	-1	1	0.0000	-1.0000
25	501	1	1022.5805	10	8	0	-1	1	0.0000	-1.0000
25	502	1	1024.6304	9	1	0	-1	1	0.0000	-1.0000
25	503	1	1026.6636	10	8	0	-1	1	0.0000	-1.0000
25	504	1	1028.7135	9	1	90	-1	1	0.0000	-1.0000
25	505	1	1030.7633	10	8	90	-1	1	0.0000	-1.0000
25	506	1	1032.7966	12	12	0	-1	0	0.0000	-1.0000
25	507	1	1034.8464	11	14	0	-1	1	0.0000	-1.0000
25	508	1	1036.8797	12	12	0	-1	1	0.0000	-1.0000
25	509	1	1038.9296	9	1	0	-1	1	0.0000	-1.0000
25	510	1	1040.9795	10	8	0	-1	1	0.0000	-1.0000
25	511	1	1043.0127	13	2	0	-1	1	0.0000	-1.0000
25	512	1	1045.0626	12	12	90	-1	1	0.0000	-1.0000
25	513	1	1047.1125	10	8	0	-1	1	0.0000	-1.0000
25	514	1	1049.1458	12	12	90	-1	0	0.0000	-1.0000
25	515	1	1051.1957	9	1	0	-1	0	0.0000	-1.0000
25	516	1	1053.2289	12	12	0	-1	1	0.0000	-1.0000
25	517	1	1055.2788	11	14	0	-1	1	0.0000	-1.0000
25	518	1	1057.3287	10	8	90	-1	0	0.0000	-1.0000
25	519	1	1059.3618	11	14	0	-1	1	0.0000	-1.0000
25	520	1	1061.4118	12	12	0	-1	1	0.0000	-1.0000
25	521	1	1063.4449	13	2	0	-1	1	0.0000	-1.0000
25	522	1	1065.4949	11	14	0	-1	1	0.0000	-1.0000
25	523	1	1067.5448	12	12	0	-1	1	0.0000	-1.0000
25	524	1	1069.5779	9	1	0	-1	1	0.0000	-1.0000
25	525	1	1071.6278	10	8	0	-1	1	0.0000	-1.0000
25	526	1	1073.6612	12	12	0	-1	1	0.0000	-1.0000
25	527	1	1075.7111	13	2	0	-1	1	0.0000	-1.0000
25	528	1	1077.7609	11	14	0	-1	1	0.0000	-1.0000
25	529	1	1079.7942	13	2	0	-1	1	0.0000	-1.0000
25	530	1	1081.8441	11	14	0	-1	1	0.0000	-1.0000
25	531	1	1083.8773	12	12	90	-1	1	0.0000	-1.0000
25	532	1	1085.9272	10	8	0	-1	1	0.0000	-1.0000
25	533	1	1087.9771	11	14	0	-1	1	0.0000	-1.0000
25	534	1	1090.0103	10	8	0	-1	1	0.0000	-1.0000
25	535	1	1092.0602	12	12	0	-1	1	0.0000	-1.0000
25	536	1	1094.1101	9	1	0	-1	1	0.0000	-1.0000
25	537	1	1096.1433	11	14	90	-1	1	0.0000	-1.0000
25	538	1	1098.1931	13	2	0	-1	1	0.0000	-1.0000
25	539	1	1100.2264	14	3	90	-1	1	0.0000	-1.0000
25	540	1	1102.2763	15	15	90	-1	1	0.0000	-1.0000
25	541	1	1104.3262	3	6	0	-1	1	0.0000	-1.0000
25	542	1	1106.3595	1	5	0	-1	1	0.0000	-1.0000
25	543	1	1108.4093	3	6	90	-1	0	0.0000	-1.0000
25	544	1	1110.4426	2	10	0	-1	1	0.0000	-1.0000
25	545	1	1112.4925	15	15	0	-1	1	0.0000	-1.0000
25	546	1	1114.5424	3	6	0	-1	1	0.0000	-1.0000
25	547	1	1116.5756	15	15	90	-1	1	0.0000	-1.0000
25	548	1	1118.6255	14	3	0	-1	1	0.0000	-1.0000
25	549	1	1120.6587	15	15	0	-1	1	0.0000	-1.0000
25	550	1	1122.7086	3	6	0	-1	1	0.0000	-1.0000
25	551	1	1124.7585	4	7	0	-1	1	0.0000	-1.0000
25	552	1	1126.7917	5	9	0	-1	1	0.0000	-1.0000
25	553	1	1128.8416	4	7	0	-1	1	0.0000	-1.0000
25	554	1	1130.8749	3	6	0	-1	1	0.0000	-1.0000
25	555	1	1132.9247	2	10	0	-1	1	0.0000	-1.0000
25	556	1	1134.9746	14	3	0	-1	1	0.0000	-1.0000
25	557	1	1137.0078	1	5	0	-1	0	0.0000	-1.0000
25	558	1	1139.0577	14	3	0	-1	1	0.0000	-1.0000
25	559	1	1141.0910	15	15	0	-1	1	0.0000	-1.0000
25	560	1	1143.1409	14	3	0	-1	1	0.0000	-1.0000
25	561	1	1145.1908	15	15	0	-1	1	0.0000	-1.0000
25	562	1	1147.2240	3	6	0	-1	1	0.0000	-1.0000
25	563	1	1149.2739	2	10	0	-1	1	0.0000	-1.0000
25	564	1	1151.3238	15	15	0	-1	1	0.0000	-1.0000
25	565	1	1153.3570	3	6	0	-1	1	0.0000	-1.0000
25	566	1	1155.4069	15	15	0	-1	1	0.0000	-1.0000
25	567	1	1157.4401	1	5	0	-1	1	0.0000	-1.0000
25	568	1	1159.4900	14	3	90	-1	1	0.0000	-1.0000
25	569	1	1161.5399	15	15	0	-1	1	0.0000	-1.0000
25	570	1	1163.5732	14	3	0	-1	1	0.0000	-1.0000
25	571	1	1165.6230	2	10	90	-1	1	0.0000	-1.0000
25	572	1	1167.6563	15	15	0	-1	1	0.0000	-1.0000
25	573	1	1169.7062	3	6	0	-1	1	0.0000	-1.0000
25	574	1	1171.7560	4	7	0	-1	1	0.0000	-1.0000
25	575	1	1173.7893	3	6	90	-1	0	0.0000	-1.0000
25	576	1	1175.8392	15	15	90	-1	1	0.0000	-1.0000
25	577	1	1177.8724	14	3	0	-1	1	0.0000	-1.0000
25	578	1	1179.9223	2	10	0	-1	1	0.0000	-1.0000
25	579	1	1181.9722	14	3	0	-1	1	0.0000	-1.0000
25	580	1	1184.0054	2	10	0	-1	1	0.0000	-1.0000
25	581	1	1186.0553	14	3	90	-1	1	0.0000	-1.0000
25	582	1	1188.0885	1	5	0	-1	0	0.0000	-1.0000
25	583	1	1190.1384	14	3	90	-1	0	0.0000	-1.0000
25	584	1	1192.1883	1	5	0	-1	1	0.0000	-1.0000
25	585	1	1194.2214	14	3	0	-1	0	0.0000	-1.0000
25	586	1	1196.2715	15	15	90	-1	1	0.0000	-1.0000
25	587	1	1198.3213	1	5	0	-1	0	0.0000	-1.0000
25	588	1	1200.3546	2	10	90	-1	0	0.0000	-1.0000
25	589	1	1202.4045	1	5	0	-1	1	0.0000	-1.0000
25	590	1	1204.4377	2	10	0	-1	1	0.0000	-1.0000
25	591	1	1206.4876	14	3	0	-1	1	0.0000	-1.0000
25	592	1	1208.5375	15	15	0	-1	1	0.0000	-1.0000
25	593	1	1210.5706	14	3	90	-1	1	0.0000	-1.0000
25	594	1	1212.6206	2	10	0	-1	1	0.0000	-1.0000
25	595	1	1214.6538	15	15	0	-1	1	0.0000	-1.0000
25	596	1	1216.7037	3	6	0	-1	1	0.0000	-1.0000
25	597	1	1218.7536	15	15	0	-1	1	0.0000	-1.0000
25	598	1	1220.7869	1	5	0	-1	1	0.0000	-1.0000
25	599	1	1222.8367	3	6	0	-1	1	0.0000	-1.0000
25	600	1	1224.8700	2	10	90	-1	1	0.0000	-1.0000
25	601	1	1358.6295	3	6	90	-1	0	0.0000	-1.0000
25	602	1	1360.7462	1	5	0	1	1	0.0017	1.3866
25	603	1	1362.2961	14	3	0	1	1	0.0033	1.3717
25	604	1	1363.8461	15	15	0	1	1	0.0050	0.8468
25	605	1	1365.3960	1	5	0	1	1	0.0066	0.8007
25	606	1	1366.9458	14	3	0	1	1	0.0083	0.7221
25	607	1	1368.4958	1	5	0	0	1	0.0082	0.9652
25	608	1	1370.0457	2	10	0	1	1	0.0099	0.6461
25	609	1	1371.5957	1	5	0	1	1	0.0115	0.8892
25	610	1	1373.1456	2	10	0	1	1	0.0131	0.5863
25	611	1	1374.6955	1	5	0	1	1	0.0147	0.5572
25	612	1	1376.2454	2	10	0	1	1	0.0163	0.6384
25	613	1	1377.7953	14	3	0	1	1	0.0179	0.5456
25	614	1	1379.3452	1	5	0	1	1	0.0195	0.4186
25	615	1	1380.8951	14	3	0	1	1	0.0211	0.5669
25	616	1	1382.4451	1	5	90	0	1	0.0211	0.6639
25	617	1	1383.9950	15	15	0	0	1	0.0211	1.0329
25	618	1	1385.5782	1	5	0	1	1	0.0227	0.8590
25	619	1	1387.1282	2	10	0	1	1	0.0242	0.4758
25	620	1	1388.6780	1	5	0	1	1	0.0258	0.6699
25	621	1	1390.2280	2	10	0	0	1	0.0258	0.6398
25	622	1	1391.7779	14	3	0	1	1	0.0273	0.4668
25	623	1	1393.3278	1	5	0	0	1	0.0273	0.6120
25	624	1	1394.8778	3	6	0	0	1	0.0272	0.8380
25	625	1	1396.4277	15	15	0	1	1	0.0288	0.5055
25	626	1	1397.9776	3	6	0	1	1	0.0304	0.4595
25	627	1	1399.5275	2	10	90	0	1	0.0303	0.8454
25	628	1	1401.0774	1	5	90	-1	0	0.0303	-1.0000
25	629	1	1403.1107	14	3	90	0	1	0.0302	0.1743
25	630	1	1404.6605	2	10	0	1	1	0.0317	0.9443
25	631	1	1406.2105	14	3	0	1	1	0.0333	0.7066
25	632	1	1407.7604	2	10	0	0	1	0.0332	0.6273
25	633	1	1409.3104	15	15	90	0	1	0.0332	0.5033
25	634	1	1410.8603	14	3	90	0	1	0.0331	0.6491
25	635	1	1412.4102	2	10	0	1	1	0.0346	0.7147
25	636	1	1413.9601	3	6	0	0	1	0.0346	0.6849
25	637	1	1415.5101	1	5	0	1	1	0.0361	0.5739
25	638	1	1417.0599	15	15	90	0	1	0.0361	0.8158
25	639	1	1418.6099	14	3	0	1	1	0.0376	0.8831
25	640	1	1420.1598	1	5	90	0	1	0.0375	0.7244
25	641	1	1421.7097	15	15	90	1	1	0.0390	0.7900
25	642	1	1423.2597	14	3	90	1	1	0.0405	0.7441
25	643	1	1424.8096	15	15	0	0	1	0.0404	0.7313
25	644	1	1426.3595	1	5	0	1	1	0.0419	0.8603
25	645	1	1427.9094	14	3	90	0	1	0.0419	0.5757
25	646	1	1429.4593	15	15	0	0	1	0.0418	0.8175
25	647	1	1431.0092	2	10	0	1	1	0.0433	0.6281
25	648	1	1432.5592	14	3	0	1	1	0.0448	0.7418
25	649	1	1434.1091	1	5	90	0	1	0.0447	0.7269
25	650	1	1435.6590	15	15	90	1	1	0.0462	0.8898
25	651	1	1437.2089	2	10	0	0	1	0.0461	0.9083
25	652	1	1438.7588	3	6	0	1	1	0.0475	0.8303
25	653	1	1440.3087	2	10	0	1	1	0.0490	0.7350
25	654	1	1441.8587	15	15	0	1	1	0.0505	0.8013
25	655	1	1443.4085	2	10	0	1	1	0.0519	0.7887
25	656	1	1444.9585	3	6	90	1	1	0.0534	0.7578
25	657	1	1446.5085	15	15	0	1	1	0.0548	0.5687
25	658	1	1448.0584	1	5	0	1	1	0.0562	0.6826
25	659	1	1449.6083	14	3	0	1	1	0.0577	0.6835
25	660	1	1451.1581	13	2	0	1	1	0.0591	0.6698
25	661	1	1452.7081	10	8	90	1	1	0.0605	0.9609
25	662	1	1454.2580	13	2	0	0	1	0.0604	0.8177
25	663	1	1455.8080	10	8	0	0	1	0.0603	0.7890
25	664	1	1457.3578	12	12	0	1	1	0.0617	0.7910
25	665	1	1458.9078	13	2	0	1	1	0.0632	0.9373
25	666	1	1460.4577	10	8	0	1	1	0.0646	0.7953
25	667	1	1462.0076	11	14	0	1	1	0.0660	0.7963
25	668	1	1463.5576	12	12	0	1	1	0.0674	0.8474
25	669	1	1465.1075	10	8	0	1	1	0.0688	0.9123
25	670	1	1466.6574	12	12	0	1	1	0.0701	0.8033
25	671	1	1468.2073	10	8	0	1	1	0.0715	0.6303
25	672	1	1469.7572	12	12	0	1	1	0.0729	0.6159
25	673	1	1471.3071	13	2	0	1	1	0.0743	0.6340
25	674	1	1472.8571	10	8	0	1	1	0.0757	0.6039
25	675	1	1474.4070	11	14	90	0	1	0.0756	0.6688
25	676	1	1475.9569	9	1	0	1	1	0.0769	0.8645
25	677	1	1477.5068	10	8	90	1	1	0.0783	0.8182
25	678	1	1479.0568	13	2	0	1	1	0.0796	0.6445
25	679	1	1480.6067	14	3	0	1	1	0.0810	0.7905
25	680	1	1482.1565	15	15	90	0	1	0.0809	0.7286
25	681	1	1483.7065	2	10	0	1	1	0.0822	0.8263
25	682	1	1485.2564	3	6	0	0	1	0.0821	1.0355
25	683	1	1486.8063	15	15	0	1	1	0.0835	0.6855
25	684	1	1488.3563	2	10	0	1	1	0.0848	0.5916
25	685	1	1489.9062	3	6	0	1	1	0.0861	0.8035
25	686	1	1491.4561	4	7	0	1	1	0.0875	0.6438
25	687	1	1493.0060	3	6	0	1	1	0.0888	0.7578
25	688	1	1494.5559	4	7	0	1	1	0.0901	0.6959
25	689	1	1496.1059	6	4	0	1	1	0.0914	0.8431
25	690	1	1497.6557	7	13	0	1	1	0.0928	0.7654
25	691	1	1499.2057	6	4	0	1	1	0.0941	0.8316
25	692	1	1500.7555	8	11	0	1	1	0.0954	0.8494
25	693	1	1502.3056	9	1	0	1	1	0.0967	0.8503
25	694	1	1503.8555	8	11	0	1	1	0.0980	0.6925
25	695	1	1505.4054	6	4	0	1	1	0.0993	0.7424
25	696	1	1506.9553	5	9	0	1	1	0.1006	0.8095
25	697	1	1508.5052	7	13	90	0	1	0.1004	0.8119
25	698	1	1510.0551	5	9	0	1	1	0.1017	0.8620
25	699	1	1511.6051	6	4	0	1	1	0.1030	0.7523
25	700	1	1513.1549	8	11	0	1	1	0.1043	0.7062
25	701	1	1514.7048	7	13	90	1	1	0.1056	0.6430
25	702	1	1516.2548	5	9	0	1	1	0.1068	0.5652
25	703	1	1517.8047	4	7	0	1	1	0.1081	0.7922
25	704	1	1519.3547	7	13	0	0	1	0.1080	0.7772
25	705	1	1520.9046	4	7	0	1	1	0.1092	0.6033
25	706	1	1522.4544	3	6	0	1	1	0.1105	0.7334
25	707	1	1524.0044	15	15	90	1	1	0.1117	0.9594
25	708	1	1525.5543	2	10	0	1	1	0.1130	0.5943
25	709	1	1527.1043	14	3	90	0	1	0.1128	0.7892
25	710	1	1528.6541	15	15	90	0	1	0.1127	0.9345
25	711	1	1530.2041	14	3	0	1	1	0.1139	0.9051
25	712	1	1531.7540	13	2	0	1	1	0.1152	0.7472
25	713	1	1533.3039	14	3	90	1	1	0.1164	0.6532
25	714	1	1534.8538	2	10	0	1	1	0.1176	0.5437
25	715	1	1536.4038	1	5	0	1	1	0.1189	0.5934
25	716	1	1537.9537	15	15	0	1	1	0.1201	0.5313
25	717	1	1539.5035	1	5	90	0	1	0.1199	0.5002
25	718	1	1541.0536	2	10	0	1	1	0.1212	0.5355
25	719	1	1542.6035	15	15	0	1	1	0.1224	0.7935
25	720	1	1544.1533	14	3	0	1	1	0.1236	0.5721
25	721	1	1545.7033	1	5	90	0	1	0.1234	0.6054
25	722	1	1547.2532	3	6	0	1	1	0.1247	0.5596
25	723	1	1548.8031	2	10	0	0	1	0.1245	0.6889
25	724	1	1550.3531	15	15	0	1	1	0.1257	0.7877
25	725	1	1551.9029	2	10	0	1	1	0.1269	0.6462
25	726	1	1553.4528	15	15	0	1	1	0.1281	0.6962
25	727	1	1555.0028	3	6	0	1	1	0.1293	0.6651
25	728	1	1556.5527	2	10	0	1	1	0.1305	0.6519
25	729	1	1558.1027	14	3	0	1	1	0.1317	0.7012
25	730	1	1559.6525	13	2	0	1	1	0.1329	0.5764
25	731	1	1561.2025	12	12	0	1	1	0.1341	0.6413
25	732	1	1562.7524	10	8	90	1	1	0.1352	0.8045
25	733	1	1564.3023	13	2	0	1	1	0.1364	0.6147
25	734	1	1565.8522	11	14	0	1	1	0.1376	0.6009
25	735	1	1567.4022	10	8	0	1	1	0.1388	0.6657
25	736	1	1568.9521	11	14	0	1	1	0.1399	0.5253
25	737	1	1570.5020	12	12	0	1	1	0.1411	0.6712
25	738	1	1572.0519	9	1	0	1	1	0.1423	0.6732
25	739	1	1573.6019	12	12	0	1	1	0.1434	0.8499
25	740	1	1575.1518	11	14	90	0	1	0.1432	0.6440
25	741	1	1576.7017	9	1	90	0	1	0.1430	0.6633
25	742	1	1578.2515	8	11	0	1	1	0.1442	0.8256
25	743	1	1579.8015	9	1	0	1	1	0.1454	0.7783
25	744	1	1581.3514	11	14	0	1	1	0.1465	0.7656
25	745	1	1582.9014	10	8	0	1	1	0.1477	0.7675
25	746	1	1584.4513	11	14	0	1	1	0.1488	0.5617
25	747	1	1586.0012	13	2	90	1	1	0.1499	0.8186
25	748	1	1587.5510	10	8	90	1	1	0.1511	0.7087
25	749	1	1589.1011	9	1	0	1	1	0.1522	0.7599
25	750	1	1590.6509	10	8	0	1	1	0.1533	0.7449
25	751	1	1592.2008	11	14	0	1	1	0.1545	0.7629
25	752	1	1593.7508	12	12	0	1	1	0.1556	0.7343
25	753	1	1595.3007	9	1	0	1	1	0.1567	0.7191
25	754	1	1596.8507	10	8	0	1	1	0.1578	0.6102
25	755	1	1598.4006	11	14	0	1	1	0.1589	0.5484
25	756	1	1599.9504	13	2	90	0	1	0.1587	0.5494
25	757	1	1601.5004	12	12	90	1	1	0.1598	0.9203
25	758	1	1603.0502	11	14	0	1	1	0.1609	0.8426
25	759	1	1604.6003	12	12	0	0	1	0.1607	0.7176
25	760	1	1606.1502	10	8	0	1	1	0.1618	0.5909
25	761	1	1607.7000	13	2	0	1	1	0.1629	0.5918
25	762	1	1609.2500	11	14	0	1	1	0.1640	0.5459
25	763	1	1610.7999	13	2	0	1	1	0.1651	0.5971
25	764	1	1612.3499	14	3	0	1	1	0.1662	0.5660
25	765	1	1613.8997	2	10	0	1	1	0.1673	0.7934
25	766	1	1615.4496	3	6	0	1	1	0.1684	0.6043
25	767	1	1616.9996	2	10	0	1	1	0.1695	0.7651
25	768	1	1618.5494	3	6	0	1	1	0.1706	0.6071
25	769	1	1620.0994	4	7	90	0	1	0.1704	0.7698
25	770	1	1621.6493	3	6	90	1	1	0.1714	0.8998
25	771	1	1623.1992	2	10	90	0	1	0.1712	0.6619
25	772	1	1624.7492	3	6	0	1	1	0.1723	0.7107
25	773	1	1626.2991	15	15	0	1	1	0.1734	0.7941
25	774	1	1627.8490	14	3	0	1	1	0.1744	0.7000
25	775	1	1629.3989	2	10	90	0	1	0.1742	0.6385
25	776	1	1630.9489	3	6	0	1	1	0.1753	0.6869
25	777	1	1632.4988	1	5	0	1	1	0.1763	0.7220
25	778	1	1634.0487	2	10	0	0	1	0.1761	0.7559
25	779	1	1635.5986	14	3	0	1	1	0.1772	0.5973
25	780	1	1637.1486	2	10	90	0	1	0.1769	0.7125
25	781	1	1638.6984	3	6	0	1	1	0.1780	0.6984
25	782	1	1640.2484	2	10	0	1	1	0.1790	0.9405
25	783	1	1641.7983	14	3	0	1	1	0.1801	0.7188
25	784	1	1643.3481	15	15	0	1	1	0.1811	0.8649
25	785	1	1644.8982	1	5	0	1	1	0.1822	0.7545
25	786	1	1646.4481	2	10	0	0	1	0.1819	0.9493
25	787	1	1647.9980	3	6	0	1	1	0.1830	0.5508
25	788	1	1649.5479	4	7	0	1	1	0.1840	0.4892
25	789	1	1651.0978	7	13	0	1	1	0.1850	0.6352
25	790	1	1652.6478	5	9	0	1	1	0.1861	0.5732
25	791	1	1654.1976	8	11	90	0	1	0.1858	0.5584
25	792	1	1655.7476	9	1	90	0	1	0.1856	0.5456
25	793	1	1657.2975	8	11	0	1	1	0.1866	0.6600
25	794	1	1658.8474	7	13	0	1	1	0.1877	0.8211
25	795	1	1660.3974	5	9	0	1	1	0.1887	0.6477
25	796	1	1661.9473	8	11	90	0	1	0.1884	0.6805
25	797	1	1663.4971	7	13	0	1	1	0.1895	0.7467
25	798	1	1665.0471	4	7	0	1	1	0.1905	0.6367
25	799	1	1666.5970	3	6	90	1	1	0.1915	0.8959
25	800	1	1668.1470	4	7	0	1	1	0.1925	0.7689
25	801	1	1669.6969	7	13	90	0	1	0.1923	0.8200
25	802	1	1671.2468	4	7	0	1	1	0.1933	0.8530
25	803	1	1672.7966	7	13	90	0	1	0.1930	0.8240
25	804	1	1674.3466	6	4	90	0	1	0.1928	0.8412
25	805	1	1675.8965	4	7	0	1	1	0.1938	0.7314
25	806	1	1677.4465	3	6	90	1	1	0.1948	0.8463
25	807	1	1678.9964	2	10	90	0	1	0.1945	0.6234
25	808	1	1680.5463	15	15	0	0	1	0.1943	0.9615
25	809	1	1682.0962	14	3	0	1	1	0.1953	0.4516
25	810	1	1683.6462	15	15	90	1	1	0.1963	0.7098
25	811	1	1685.1961	2	10	0	1	1	0.1973	0.7598
25	812	1	1686.7460	15	15	0	1	1	0.1983	0.7459
25	813	1	1688.2959	1	5	0	1	1	0.1993	0.7800
25	814	1	1689.8458	3	6	0	1	1	0.2002	0.6715
25	815	1	1691.3958	15	15	0	1	1	0.2012	0.7538
25	816	1	1692.9457	2	10	90	0	1	0.2010	0.6111
25	817	1	1694.4956	1	5	0	1	1	0.2020	0.6295
25	818	1	1696.0455	14	3	90	0	1	0.2017	0.6636
25	819	1	1697.5954	1	5	0	1	1	0.2027	0.5701
25	820	1	1699.1454	14	3	0	1	1	0.2037	0.5720
25	821	1	1700.6953	1	5	0	1	1	0.2046	0.5419
25	822	1	1702.2452	2	10	0	1	1	0.2056	1.2004
25	823	1	1703.7951	1	5	90	0	1	0.2053	0.5767
25	824	1	1705.3450	3	6	0	1	1	0.2063	0.7069
25	825	1	1706.8950	2	10	0	1	1	0.2073	0.6941
25	826	1	1708.4449	14	3	0	1	1	0.2082	0.6163
25	827	1	1709.9947	15	15	0	1	1	0.2092	0.8745
25	828	1	1711.5447	2	10	0	1	1	0.2101	0.6842
25	829	1	1713.0946	14	3	90	0	1	0.2099	0.6066
25	830	1	1714.6445	15	15	0	1	1	0.2108	0.6567
25	831	1	1716.1945	2	10	90	0	1	0.2106	0.6103
25	832	1	1717.7444	3	6	0	1	1	0.2115	0.7236
25	833	1	1719.2943	1	5	0	1	1	0.2125	0.6309
25	834	1	1720.8442	2	10	0	0	1	0.2122	0.8730
25	835	1	1722.3942	1	5	0	1	1	0.2132	0.5871
25	836	1	1723.9441	2	10	0	1	1	0.2141	0.7000
25	837	1	1725.4939	15	15	0	1	1	0.2151	0.6860
25	838	1	1727.0439	3	6	0	1	1	0.2160	0.6412
25	839	1	1728.5938	15	15	0	1	1	0.2169	0.6113
25	840	1	1730.1437	3	6	0	1	1	0.2179	0.5655
25	841	1	1731.6937	1	5	0	1	1	0.2188	0.6462
25	842	1	1733.2435	14	3	0	1	1	0.2197	0.6654
25	843	1	1734.7935	2	10	0	1	1	0.2206	0.7159
25	844	1	1736.3434	15	15	0	1	1	0.2216	0.6699
25	845	1	1737.8933	2	10	0	1	1	0.2225	0.6078
25	846	1	1739.4432	15	15	90	0	1	0.2222	0.5299
25	847	1	1740.9932	14	3	90	0	1	0.2220	0.6115
25	848	1	1742.5431	13	2	0	1	1	0.2229	0.6609
25	849	1	1744.0930	10	8	0	1	1	0.2238	0.7118
25	850	1	1745.6428	11	14	0	1	1	0.2247	0.7304
25	851	1	1747.1929	9	1	0	1	1	0.2256	1.1641
25	852	1	1748.7428	10	8	90	1	1	0.2265	0.8463
25	853	1	1750.2927	9	1	0	1	1	0.2274	0.6726
25	854	1	1751.8426	11	14	90	0	1	0.2272	0.6092
25	855	1	1753.3925	13	2	90	0	1	0.2269	0.7250
25	856	1	1754.9425	12	12	90	1	1	0.2278	0.9980
25	857	1	1756.4924	13	2	0	1	1	0.2287	0.6474
25	858	1	1758.0423	10	8	90	1	1	0.2296	0.6830
25	859	1	1759.5922	11	14	90	0	1	0.2293	0.7157
25	860	1	1761.1421	10	8	0	1	1	0.2302	0.7031
25	861	1	1762.6920	9	1	0	1	1	0.2311	0.7061
25	862	1	1764.2420	11	14	0	1	1	0.2320	0.7389
25	863	1	1765.7918	9	1	0	1	1	0.2329	0.7412
25	864	1	1767.3417	12	12	90	1	1	0.2338	0.7757
25	865	1	1768.8917	10	8	0	1	1	0.2347	0.6341
25	866	1	1770.4417	12	12	0	1	1	0.2356	0.9394
25	867	1	1771.9915	10	8	0	1	1	0.2364	0.6524
25	868	1	1773.5414	13	2	0	1	1	0.2373	0.7360
25	869	1	1775.0914	11	14	0	1	1	0.2382	0.6897
25	870	1	1776.6413	9	1	0	1	1	0.2391	0.6760
25	871	1	1778.1912	12	12	90	0	1	0.2388	1.0299
25	872	1	1779.7578	9	1	0	1	1	0.2397	0.6469
25	873	1	1781.3078	12	12	0	0	1	0.2394	0.5858
25	874	1	1782.8576	11	14	0	1	1	0.2403	0.5240
25	875	1	1784.4076	9	1	90	0	1	0.2400	0.8773
25	876	1	1785.9575	10	8	90	1	1	0.2409	0.7996
25	877	1	1787.5075	11	14	0	1	1	0.2417	0.7216
25	878	1	1789.0574	12	12	90	1	1	0.2426	0.8678
25	879	1	1790.6073	11	14	0	1	1	0.2435	0.5966
25	880	1	1792.1572	10	8	0	1	1	0.2443	0.8399
25	881	1	1793.7071	9	1	90	0	1	0.2440	0.9866
25	882	1	1795.2737	10	8	0	1	1	0.2449	0.6983
25	883	1	1796.8236	12	12	0	1	1	0.2458	0.6851
25	884	1	1798.3735	9	1	90	0	1	0.2455	0.8464
25	885	1	1799.9235	8	11	90	0	1	0.2452	0.8175
25	886	1	1801.4734	5	9	90	1	1	0.2460	0.9945
25	887	1	1803.0233	8	11	0	1	1	0.2469	0.7405
25	888	1	1804.5731	6	4	0	1	1	0.2477	0.6956
25	889	1	1806.1231	7	13	90	0	1	0.2475	0.7618
25	890	1	1807.6731	6	4	0	1	1	0.2483	0.6998
25	891	1	1809.2230	5	9	0	1	1	0.2492	0.7179
25	892	1	1810.7729	8	11	0	0	1	0.2489	0.7998
25	893	1	1812.3228	9	1	0	1	1	0.2497	0.5930
25	894	1	1813.8728	11	14	0	1	1	0.2506	0.6284
25	895	1	1815.4226	9	1	90	1	1	0.2514	0.7904
25	896	1	1816.9726	12	12	0	1	1	0.2522	0.7605
25	897	1	1818.5224	13	2	0	1	1	0.2531	0.6655
25	898	1	1820.0723	12	12	0	1	1	0.2539	0.6356
25	899	1	1821.6223	13	2	0	1	1	0.2547	0.5737
25	900	1	1823.1723	12	12	0	1	1	0.2556	0.5450
25	901	1	1824.7222	9	1	0	1	1	0.2564	0.6750
25	902	1	1826.2721	11	14	0	1	1	0.2572	0.6443
25	903	1	1827.8219	12	12	0	1	1	0.2580	0.6624
25	904	1	1829.3719	10	8	90	1	1	0.2588	0.6963
25	905	1	1830.9219	11	14	0	1	1	0.2597	0.5700
25	906	1	1832.4717	13	2	0	0	1	0.2594	0.6521
25	907	1	1834.0217	14	3	0	1	1	0.2602	0.4635
25	908	1	1835.5716	13	2	0	1	1	0.2610	0.5603
25	909	1	1837.1215	12	12	0	1	1	0.2618	0.6433
25	910	1	1838.6714	9	1	0	1	1	0.2626	0.6460
25	911	1	1840.2213	10	8	0	1	1	0.2634	0.6163
25	912	1	1841.7712	13	2	0	1	1	0.2643	0.5696
25	913	1	1843.3212	10	8	90	1	1	0.2651	0.7146
25	914	1	1844.8711	13	2	0	1	1	0.2659	0.4938
25	915	1	1846.4210	11	14	0	1	1	0.2667	0.4789
25	916	1	1847.9710	9	1	0	1	1	0.2675	0.4979
25	917	1	1849.5209	10	8	90	1	1	0.2683	0.7722
25	918	1	1851.0708	13	2	0	1	1	0.2691	0.5501
25	919	1	1852.6207	14	3	0	1	1	0.2699	0.5033
25	920	1	1854.1706	15	15	0	0	1	0.2696	0.6502
25	921	1	1855.7206	1	5	90	1	1	0.2704	1.0361
25	922	1	1857.2705	15	15	0	1	1	0.2711	0.7346
25	923	1	1858.8204	2	10	0	1	1	0.2719	0.7527
25	924	1	1860.3703	15	15	0	1	1	0.2727	0.6748
25	925	1	1861.9202	2	10	0	1	1	0.2735	0.6117
25	926	1	1863.4702	15	15	0	1	1	0.2743	0.5977
25	927	1	1865.0201	14	3	0	1	1	0.2751	0.6158
25	928	1	1866.5699	2	10	90	0	1	0.2748	0.6025
25	929	1	1868.1199	1	5	0	1	1	0.2756	0.8288
25	930	1	1869.6698	2	10	90	0	1	0.2753	0.7022
25	931	1	1871.2197	15	15	90	1	1	0.2760	0.9291
25	932	1	1872.7697	3	6	0	1	1	0.2768	0.9155
25	933	1	1874.3196	1	5	0	1	1	0.2776	0.7576
25	934	1	1875.8695	15	15	0	1	1	0.2784	0.7114
25	935	1	1877.4194	14	3	0	1	1	0.2791	0.6662
25	936	1	1878.9694	2	10	90	1	1	0.2799	0.9559
25	937	1	1880.5193	1	5	0	1	1	0.2807	0.7005
25	938	1	1882.0692	14	3	90	0	1	0.2804	0.7999
25	939	1	1883.6191	1	5	0	1	1	0.2812	0.7861
25	940	1	1885.1690	14	3	90	1	1	0.2819	0.6278
25	941	1	1886.7189	15	15	0	1	1	0.2827	0.5667
25	942	1	1888.2689	3	6	0	1	1	0.2834	0.6150
25	943	1	1889.8187	1	5	0	1	1	0.2842	0.6023
25	944	1	1891.3687	14	3	0	1	1	0.2850	0.6841
25	945	1	1892.9186	2	10	0	1	1	0.2857	0.6073
25	946	1	1894.4685	14	3	0	1	1	0.2865	0.5434
25	947	1	1896.0185	15	15	0	1	1	0.2872	0.5627
25	948	1	1897.5684	3	6	0	1	1	0.2880	0.5808
25	949	1	1899.1183	15	15	0	1	1	0.2887	0.5336
25	950	1	1900.6682	14	3	90	0	1	0.2884	0.6329
25	951	1	1902.2182	15	15	0	1	1	0.2892	0.6193
25	952	1	1903.7681	14	3	0	0	1	0.2889	0.5250
25	953	1	1905.3180	2	10	0	1	1	0.2896	0.4469
25	954	1	1906.8679	3	6	0	1	1	0.2904	0.6719
25	955	1	1908.4178	4	7	0	1	1	0.2911	0.6740
25	956	1	1909.9678	6	4	0	1	1	0.2918	0.8373
25	957	1	1911.5177	4	7	0	1	1	0.2926	0.6142
25	958	1	1913.0676	7	13	0	1	1	0.2933	0.6644
25	959	1	1914.6175	4	7	90	0	1	0.2930	0.9397
25	960	1	1916.1674	3	6	0	1	1	0.2938	0.6064
25	961	1	1917.7174	15	15	0	1	1	0.2945	0.6237
25	962	1	1919.2673	3	6	0	1	1	0.2952	0.4980
25	963	1	1920.8172	4	7	0	1	1	0.2960	0.6121
25	964	1	1922.3671	3	6	0	1	1	0.2967	0.5339
25	965	1	1923.9170	1	5	0	1	1	0.2974	0.6789
25	966	1	1925.4670	3	6	0	1	1	0.2981	0.5222
25	967	1	1927.0169	2	10	0	0	1	0.2978	0.8280
25	968	1	1928.5668	3	6	0	1	1	0.2986	0.4611
25	969	1	1930.1167	2	10	0	1	1	0.2993	0.5285
25	970	1	1931.6666	14	3	0	1	1	0.3000	0.5939
25	971	1	1933.2166	13	2	0	1	1	0.3007	0.5965
25	972	1	1934.7665	12	12	0	1	1	0.3014	0.4549
25	973	1	1936.3164	10	8	0	1	1	0.3022	0.6488
25	974	1	1937.8663	11	14	90	1	1	0.3029	0.8737
25	975	1	1939.4162	12	12	90	0	1	0.3026	0.8116
25	976	1	1940.9661	9	1	0	1	1	0.3033	0.6550
25	977	1	1942.5161	10	8	0	1	1	0.3040	0.6730
25	978	1	1944.0660	11	14	0	1	1	0.3047	0.8191
25	979	1	1945.6159	13	2	0	1	1	0.3054	0.6280
25	980	1	1947.1658	10	8	0	1	1	0.3061	0.8061
25	981	1	1948.7157	13	2	0	1	1	0.3068	0.6162
25	982	1	1950.2657	12	12	90	1	1	0.3075	0.9382
25	983	1	1951.8156	11	14	0	1	1	0.3082	0.6050
25	984	1	1953.3655	9	1	0	1	1	0.3089	0.7034
25	985	1	1954.9154	12	12	90	1	1	0.3096	1.0734
25	986	1	1956.4653	13	2	0	1	1	0.3103	0.5785
25	987	1	1958.0153	11	14	90	1	1	0.3110	0.7101
25	988	1	1959.5651	9	1	0	1	1	0.3117	0.8078
25	989	1	1961.1151	8	11	0	1	1	0.3124	0.7302
25	990	1	1962.6650	5	9	0	1	1	0.3131	0.7479
25	991	1	1964.2149	7	13	0	1	1	0.3138	0.8450
25	992	1	1965.7648	6	4	0	1	1	0.3145	0.9111
25	993	1	1967.3147	4	7	90	0	1	0.3142	0.8984
25	994	1	1968.8647	3	6	0	1	1	0.3149	0.9003
25	995	1	1970.4146	4	7	0	0	1	0.3146	0.7585
25	996	1	1971.9645	6	4	0	1	1	0.3153	0.9364
25	997	1	1973.5144	5	9	90	1	1	0.3159	1.1630
25	998	1	1975.0644	6	4	0	1	1	0.3166	0.6848
25	999	1	1976.6142	8	11	0	1	1	0.3173	0.8617
25	1000	1	1978.1642	6	4	0	1	1	0.3180	0.6237
25	1001	1	1979.7141	7	13	0	1	1	0.3187	0.9617
25	1002	1	1981.2641	6	4	90	0	1	0.3184	0.6611
25	1003	1	1982.8140	5	9	0	1	1	0.3190	0.7112
25	1004	1	1984.3639	4	7	90	0	1	0.3187	0.9532
25	1005	1	1985.9138	7	13	0	1	1	0.3194	0.8741
25	1006	1	1987.4637	5	9	0	1	1	0.3201	0.6201
25	1007	1	1989.0136	8	11	0	1	1	0.3208	0.7676
25	1008	1	1990.5635	6	4	0	1	1	0.3214	0.6573
25	1009	1	1992.1135	7	13	0	1	1	0.3221	0.8031
25	1010	1	1993.6634	8	11	0	1	1	0.3228	0.9339
25	1011	1	1995.2133	5	9	0	1	1	0.3234	0.7116
25	1012	1	1996.7633	6	4	0	1	1	0.3241	0.6810
25	1013	1	1998.3131	7	13	90	1	1	0.3248	0.8118
25	1014	1	1999.8631	8	11	0	1	1	0.3254	0.8128
25	1015	1	2001.4130	7	13	0	0	1	0.3251	0.7200
25	1016	1	2002.9629	8	11	0	1	1	0.3258	0.7531
25	1017	1	2004.5129	6	4	0	1	1	0.3265	0.6603
25	1018	1	2006.0627	8	11	0	1	1	0.3271	0.6613
25	1019	1	2007.6127	5	9	90	1	1	0.3278	0.8393
25	1020	1	2009.1626	6	4	0	1	1	0.3284	0.6497
25	1021	1	2010.7125	7	13	0	1	1	0.3291	0.7485
25	1022	1	2012.2625	8	11	0	1	1	0.3297	0.7351
25	1023	1	2013.8124	7	13	0	1	1	0.3304	0.5916
25	1024	1	2015.3622	8	11	90	0	1	0.3301	0.9152
25	1025	1	2016.9121	7	13	90	0	1	0.3298	0.5477
25	1026	1	2018.4621	8	11	0	1	1	0.3304	0.8872
25	1027	1	2020.0120	9	1	90	0	1	0.3301	0.8408
25	1028	1	2021.5619	10	8	0	1	1	0.3307	0.8268
25	1029	1	2023.1118	12	12	90	1	1	0.3314	0.9094
25	1030	1	2024.6618	11	14	90	1	1	0.3320	0.9757
25	1031	1	2026.2117	12	12	0	1	1	0.3327	0.9293
25	1032	1	2027.7616	10	8	90	1	1	0.3333	0.7558
25	1033	1	2029.3116	13	2	0	1	1	0.3340	0.6776
25	1034	1	2030.8614	11	14	0	1	1	0.3346	0.7265
25	1035	1	2032.4113	9	1	0	1	1	0.3353	0.6815
25	1036	1	2033.9613	8	11	0	1	1	0.3359	0.7477
25	1037	1	2035.5112	6	4	0	1	1	0.3365	0.7167
25	1038	1	2037.0612	4	7	0	1	1	0.3372	0.7520
25	1039	1	2038.6111	3	6	0	1	1	0.3378	0.7379
25	1040	1	2040.1610	15	15	0	1	1	0.3385	0.7881
25	1041	1	2041.7109	2	10	0	1	1	0.3391	0.8702
25	1042	1	2043.2608	1	5	0	1	1	0.3397	0.8566
25	1043	1	2044.8107	3	6	0	1	1	0.3404	0.7147
25	1044	1	2046.3607	2	10	0	1	1	0.3410	0.8768
25	1045	1	2047.9106	3	6	0	1	1	0.3416	0.6385
25	1046	1	2049.4605	2	10	0	1	1	0.3423	0.6246
25	1047	1	2051.0104	14	3	0	1	1	0.3429	0.9147
25	1048	1	2052.5603	1	5	0	1	1	0.3435	0.7889
25	1049	1	2054.1103	2	10	90	0	1	0.3432	0.6297
25	1050	1	2055.6601	14	3	0	1	1	0.3438	0.6812
25	1051	1	2057.2101	2	10	90	1	1	0.3444	0.6019
25	1052	1	2058.7600	15	15	0	1	1	0.3451	0.6212
25	1053	1	2060.3100	3	6	0	1	1	0.3457	0.5592
25	1054	1	2061.8599	15	15	0	1	1	0.3463	0.6092
25	1055	1	2063.4097	1	5	90	1	1	0.3469	0.7862
25	1056	1	2064.9597	14	3	0	1	1	0.3475	0.5171
25	1057	1	2066.5096	13	2	0	1	1	0.3482	0.6154
25	1058	1	2068.0595	14	3	0	1	1	0.3488	0.5684
25	1059	1	2069.6095	1	5	0	1	1	0.3494	0.7158
25	1060	1	2071.1593	15	15	0	1	1	0.3500	0.6687
25	1061	1	2072.7093	2	10	0	1	1	0.3506	0.7986
25	1062	1	2074.2592	1	5	0	1	1	0.3512	0.5940
25	1063	1	2075.8092	2	10	0	1	1	0.3518	0.5800
25	1064	1	2077.3591	1	5	90	1	1	0.3524	0.8210
25	1065	1	2078.9090	2	10	0	1	1	0.3531	0.9690
25	1066	1	2080.4589	3	6	0	1	1	0.3537	0.7143
25	1067	1	2082.0088	15	15	0	1	1	0.3543	0.7962
25	1068	1	2083.5588	3	6	90	1	1	0.3549	0.8613
25	1069	1	2085.1087	4	7	0	1	1	0.3555	0.8164
25	1070	1	2086.6586	6	4	0	1	1	0.3561	0.8975
25	1071	1	2088.2085	4	7	0	1	1	0.3567	0.8045
25	1072	1	2089.7584	5	9	0	1	1	0.3573	0.6792
25	1073	1	2091.3083	6	4	0	1	1	0.3579	0.6330
25	1074	1	2092.8583	8	11	0	1	1	0.3585	0.7457
25	1075	1	2094.4081	7	13	0	1	1	0.3591	0.8448
25	1076	1	2095.9581	4	7	90	0	1	0.3587	1.0538
25	1077	1	2097.5913	3	6	0	1	1	0.3593	0.7177
25	1078	1	2099.1412	4	7	0	1	1	0.3599	0.9587
25	1079	1	2100.6911	7	13	0	1	1	0.3605	0.9464
25	1080	1	2102.2411	4	7	0	1	1	0.3611	0.8988
25	1081	1	2103.7910	5	9	0	1	1	0.3617	0.7100
25	1082	1	2105.3409	7	13	0	1	1	0.3623	0.9683
25	1083	1	2106.8909	6	4	90	1	1	0.3629	0.9541
25	1084	1	2108.4408	7	13	0	1	1	0.3635	0.9244
25	1085	1	2109.9907	4	7	0	1	1	0.3641	0.7985
25	1086	1	2111.5406	5	9	90	1	1	0.3646	0.7685
25	1087	1	2113.0906	4	7	0	1	1	0.3652	0.6746
25	1088	1	2114.6405	3	6	90	1	1	0.3658	0.6599
25	1089	1	2116.1904	1	5	90	1	1	0.3664	0.8708
25	1090	1	2117.7403	3	6	0	1	1	0.3670	0.7929
25	1091	1	2119.2902	1	5	0	0	1	0.3666	0.6187
25	1092	1	2120.8402	15	15	0	1	1	0.3672	0.6211
25	1093	1	2122.3901	2	10	0	1	1	0.3678	0.7499
25	1094	1	2123.9400	14	3	90	0	1	0.3675	0.8001
25	1095	1	2125.4899	15	15	0	1	1	0.3680	0.6433
25	1096	1	2127.0398	2	10	0	1	1	0.3686	0.7411
25	1097	1	2128.5897	14	3	0	0	1	0.3683	0.6143
25	1098	1	2130.1397	15	15	0	1	1	0.3689	0.6162
25	1099	1	2131.6895	3	6	0	1	1	0.3694	0.6195
25	1100	1	2133.2395	2	10	0	1	1	0.3700	0.7325
25	1101	1	2134.7894	1	5	90	1	1	0.3706	0.7679
25	1102	1	2136.3393	15	15	0	1	1	0.3711	0.5620
25	1103	1	2137.8893	3	6	0	1	1	0.3717	0.5481
25	1104	1	2139.4392	1	5	0	1	1	0.3723	0.6294
25	1105	1	2140.9891	14	3	0	1	1	0.3729	0.5348
25	1106	1	2142.5390	1	5	0	1	1	0.3734	0.6491
25	1107	1	2144.0890	15	15	0	1	1	0.3740	0.6685
25	1108	1	2145.6388	2	10	0	1	1	0.3745	0.7171
25	1109	1	2147.1888	1	5	0	1	1	0.3751	0.7993
25	1110	1	2148.7387	15	15	0	1	1	0.3757	0.6589
25	1111	1	2150.2886	2	10	0	1	1	0.3762	0.6282
25	1112	1	2151.8385	15	15	90	0	1	0.3759	0.6311
25	1113	1	2153.3885	1	5	90	1	1	0.3765	0.8247
25	1114	1	2154.9384	2	10	0	1	1	0.3770	0.7789
25	1115	1	2156.4883	15	15	0	1	1	0.3776	0.7167
25	1116	1	2158.0382	1	5	90	1	1	0.3781	0.7196
25	1117	1	2159.5881	2	10	90	0	1	0.3778	0.5289
25	1118	1	2161.1381	14	3	0	1	1	0.3784	0.6591
25	1119	1	2162.6879	1	5	90	1	1	0.3789	0.7080
25	1120	1	2164.2379	2	10	0	1	1	0.3795	0.5821
25	1121	1	2165.7878	1	5	0	1	1	0.3800	0.6172
25	1122	1	2167.3377	15	15	90	1	1	0.3806	0.9075
25	1123	1	2168.8877	14	3	0	1	1	0.3811	0.6211
25	1124	1	2170.4376	2	10	0	1	1	0.3817	0.6236
25	1125	1	2171.9875	1	5	0	1	1	0.3822	0.8016
25	1126	1	2173.5374	2	10	0	1	1	0.3828	0.6917
25	1127	1	2175.0873	3	6	90	1	1	0.3833	0.7416
25	1128	1	2176.6373	15	15	90	1	1	0.3839	0.9678
25	1129	1	2178.1872	2	10	0	1	1	0.3844	0.7778
25	1130	1	2179.7371	14	3	0	1	1	0.3850	0.6828
25	1131	1	2181.2870	15	15	0	1	1	0.3855	0.7022
25	1132	1	2182.8369	14	3	0	1	1	0.3860	0.5762
25	1133	1	2184.3869	1	5	90	1	1	0.3866	0.6412
25	1134	1	2185.9367	3	6	90	1	1	0.3871	0.7883
25	1135	1	2187.4867	4	7	0	1	1	0.3877	0.6772
25	1136	1	2189.0366	3	6	0	1	1	0.3882	0.7114
25	1137	1	2190.5865	15	15	0	1	1	0.3887	0.6351
25	1138	1	2192.1364	2	10	0	1	1	0.3893	0.7479
25	1139	1	2193.6863	14	3	0	1	1	0.3898	0.6228
25	1140	1	2195.2363	1	5	0	1	1	0.3904	0.8485
25	1141	1	2196.7862	14	3	0	1	1	0.3909	0.6589
25	1142	1	2198.3361	13	2	0	1	1	0.3914	0.7088
25	1143	1	2199.8861	14	3	0	1	1	0.3920	0.6791
25	1144	1	2201.4360	2	10	0	1	1	0.3925	0.8248
25	1145	1	2202.9858	3	6	0	1	1	0.3930	0.6514
25	1146	1	2204.5358	4	7	0	1	1	0.3935	0.6050
25	1147	1	2206.0857	7	13	0	1	1	0.3941	0.7823
25	1148	1	2207.6357	6	4	0	1	1	0.3946	0.7373
25	1149	1	2209.1856	8	11	90	0	1	0.3943	0.8356
25	1150	1	2210.7355	6	4	0	1	1	0.3948	0.7102
25	1151	1	2212.2854	7	13	0	1	1	0.3953	0.6625
25	1152	1	2213.8353	6	4	0	1	1	0.3958	0.6645
25	1153	1	2215.3852	8	11	0	0	1	0.3955	0.8287
25	1154	1	2216.9352	7	13	0	1	1	0.3960	0.7327
25	1155	1	2218.4851	8	11	0	1	1	0.3965	0.6397
25	1156	1	2220.0350	6	4	0	1	1	0.3971	0.7061
25	1157	1	2221.5848	4	7	0	1	1	0.3976	0.6271
25	1158	1	2223.1348	3	6	0	1	1	0.3981	0.6291
25	1159	1	2224.6848	1	5	90	1	1	0.3986	0.7771
25	1160	1	2226.2347	3	6	0	1	1	0.3991	0.5853
25	1161	1	2227.7845	4	7	0	1	1	0.3997	0.7005
25	1162	1	2229.3345	5	9	0	1	1	0.4002	0.6386
25	1163	1	2230.8844	4	7	0	1	1	0.4007	0.5772
25	1164	1	2232.4344	5	9	0	1	1	0.4012	0.6575
25	1165	1	2233.9843	6	4	0	1	1	0.4017	0.6607
25	1166	1	2235.5341	5	9	0	1	1	0.4022	0.5351
25	1167	1	2237.0841	8	11	0	1	1	0.4027	0.7919
25	1168	1	2238.6340	5	9	90	1	1	0.4033	0.7792
25	1169	1	2240.1840	7	13	90	0	1	0.4029	0.8936
25	1170	1	2241.7339	5	9	0	1	1	0.4034	0.6554
25	1171	1	2243.2838	7	13	90	1	1	0.4039	0.6096
25	1172	1	2244.8337	6	4	0	1	1	0.4044	0.6756
25	1173	1	2246.3836	5	9	90	1	1	0.4049	0.8537
25	1174	1	2247.9335	7	13	0	1	1	0.4055	0.7754
25	1175	1	2249.4834	6	4	0	1	1	0.4060	0.6178
25	1176	1	2251.0334	7	13	0	1	1	0.4065	0.7786
25	1177	1	2252.5833	8	11	90	1	1	0.4070	0.8940
25	1178	1	2254.1332	9	1	90	0	1	0.4066	0.7999
25	1179	1	2255.6832	8	11	0	1	1	0.4071	0.6737
25	1180	1	2257.2330	6	4	0	1	1	0.4076	0.6281
25	1181	1	2258.7830	4	7	0	1	1	0.4081	0.7258
25	1182	1	2260.3329	5	9	90	1	1	0.4086	0.8070
25	1183	1	2261.8828	7	13	0	1	1	0.4091	0.8900
25	1184	1	2263.4328	6	4	0	1	1	0.4096	0.6043
25	1185	1	2264.9826	7	13	0	1	1	0.4101	0.6693
25	1186	1	2266.5326	8	11	0	1	1	0.4106	0.9602
25	1187	1	2268.0825	7	13	0	1	1	0.4111	0.6751
25	1188	1	2269.6324	5	9	0	1	1	0.4116	0.8852
25	1189	1	2271.1824	6	4	90	1	1	0.4121	0.9189
25	1190	1	2272.7322	4	7	0	1	1	0.4126	0.6968
25	1191	1	2274.2821	3	6	0	1	1	0.4131	0.6832
25	1192	1	2275.8321	4	7	90	1	1	0.4136	1.1491
25	1193	1	2277.3820	3	6	0	1	1	0.4141	0.5740
25	1194	1	2278.9319	1	5	0	1	1	0.4146	0.6573
25	1195	1	2280.4818	14	3	0	1	1	0.4151	0.8513
25	1196	1	2282.0317	1	5	0	1	1	0.4156	0.6445
25	1197	1	2283.5816	3	6	0	1	1	0.4160	0.5348
25	1198	1	2285.1316	15	15	0	1	1	0.4165	0.7127
25	1199	1	2286.6816	14	3	0	1	1	0.4170	0.7795
25	1200	1	2288.2314	13	2	90	0	1	0.4167	0.7337
25	1201	1	2289.7814	10	8	0	1	1	0.4172	0.7826
25	1202	1	2291.3313	12	12	0	1	1	0.4176	0.7687
25	1203	1	2292.8812	11	14	0	1	1	0.4181	0.6762
25	1204	1	2294.4311	9	1	0	1	1	0.4186	0.8060
25	1205	1	2295.9811	12	12	0	1	1	0.4191	0.7269
25	1206	1	2297.5310	11	14	0	1	1	0.4196	0.6178
25	1207	1	2299.0809	13	2	0	1	1	0.4200	0.7003
25	1208	1	2300.6308	11	14	0	1	1	0.4205	0.5572
25	1209	1	2302.1807	10	8	0	1	1	0.4210	0.6081
25	1210	1	2303.7306	13	2	0	1	1	0.4215	0.6102
25	1211	1	2305.2805	12	12	90	1	1	0.4220	0.8526
25	1212	1	2306.8305	13	2	0	1	1	0.4224	0.6310
25	1213	1	2308.3804	12	12	0	1	1	0.4229	0.6646
25	1214	1	2309.9304	9	1	90	1	1	0.4234	0.9711
25	1215	1	2311.4802	11	14	0	1	1	0.4239	0.6210
25	1216	1	2313.0302	9	1	0	1	1	0.4243	0.6057
25	1217	1	2314.5801	8	11	0	1	1	0.4248	0.9290
25	1218	1	2316.1300	7	13	0	1	1	0.4253	0.8659
25	1219	1	2317.6799	6	4	0	1	1	0.4258	0.6453
25	1220	1	2319.2299	5	9	0	1	1	0.4262	0.6313
25	1221	1	2320.7797	6	4	0	1	1	0.4267	0.5854
25	1222	1	2322.3296	7	13	0	1	1	0.4272	0.7145
25	1223	1	2323.8796	4	7	0	1	1	0.4276	0.7336
25	1224	1	2325.4295	3	6	0	1	1	0.4281	0.5929
25	1225	1	2326.9795	2	10	0	1	1	0.4286	0.7059
25	1226	1	2328.5294	1	5	0	1	1	0.4290	0.6117
25	1227	1	2330.0793	14	3	0	1	1	0.4295	0.5498
25	1228	1	2331.6292	13	2	0	1	1	0.4300	0.5357
25	1229	1	2333.1791	12	12	0	1	1	0.4304	0.6330
25	1230	1	2334.7291	11	14	0	1	1	0.4309	0.5875
25	1231	1	2336.2790	13	2	0	1	1	0.4314	0.6226
25	1232	1	2337.8288	10	8	0	1	1	0.4318	0.6086
25	1233	1	2339.3788	9	1	0	1	1	0.4323	0.6093
25	1234	1	2340.9286	12	12	0	1	1	0.4327	0.6282
25	1235	1	2342.4786	9	1	0	1	1	0.4332	0.5494
25	1236	1	2344.0285	11	14	0	1	1	0.4337	0.5525
25	1237	1	2345.5785	13	2	0	1	1	0.4341	0.5375
25	1238	1	2347.1284	10	8	0	1	1	0.4346	0.6357
25	1239	1	2348.6783	11	14	0	1	1	0.4350	0.5096
25	1240	1	2350.2282	9	1	0	1	1	0.4355	0.5127
25	1241	1	2351.7782	10	8	0	1	1	0.4359	0.4992
25	1242	1	2353.3281	12	12	90	0	1	0.4356	0.5650
25	1243	1	2354.8780	9	1	0	1	1	0.4360	0.7112
25	1244	1	2356.4279	11	14	0	1	1	0.4365	0.5372
25	1245	1	2357.9778	10	8	0	1	1	0.4369	0.6513
25	1246	1	2359.5278	13	2	90	0	1	0.4366	0.6361
25	1247	1	2361.0777	12	12	0	1	1	0.4370	0.7662
25	1248	1	2362.6276	11	14	0	1	1	0.4375	0.5935
25	1249	1	2364.1775	12	12	0	1	1	0.4380	0.5961
25	1250	1	2365.7274	10	8	0	1	1	0.4384	0.6285
25	1251	1	2367.2774	12	12	0	1	1	0.4388	0.5667
25	1252	1	2368.8273	11	14	0	1	1	0.4393	0.5217
25	1253	1	2370.3772	13	2	0	1	1	0.4397	0.6360
25	1254	1	2371.9270	11	14	0	1	1	0.4402	0.5747
25	1255	1	2373.4771	10	8	0	1	1	0.4406	0.4480
25	1256	1	2375.0270	11	14	90	0	1	0.4403	0.4346
25	1257	1	2376.5769	10	8	0	1	1	0.4407	0.4672
25	1258	1	2378.1268	9	1	0	1	1	0.4412	0.5333
25	1259	1	2379.6767	10	8	0	1	1	0.4416	0.6647
25	1260	1	2381.2267	11	14	0	1	1	0.4421	0.5213
25	1261	1	2382.7766	12	12	0	1	1	0.4425	0.5074
25	1262	1	2384.3265	10	8	0	1	1	0.4429	0.5257
25	1263	1	2385.8764	12	12	0	1	1	0.4434	0.7366
25	1264	1	2387.4263	13	2	0	1	1	0.4438	0.6256
25	1265	1	2388.9762	11	14	90	0	1	0.4435	0.4998
25	1266	1	2390.5262	10	8	0	1	1	0.4439	0.5031
25	1267	1	2392.0760	11	14	0	1	1	0.4444	0.4415
25	1268	1	2393.6260	9	1	90	0	1	0.4440	0.4277
25	1269	1	2395.1759	8	11	0	1	1	0.4444	0.3653
25	1270	1	2396.7259	5	9	0	1	1	0.4449	0.6232
25	1271	1	2398.2757	8	11	90	1	1	0.4453	0.9139
25	1272	1	2399.8257	5	9	0	1	1	0.4458	0.6115
25	1273	1	2401.3755	4	7	0	1	1	0.4462	0.6459
25	1274	1	2402.9254	7	13	0	0	1	0.4458	0.7279
25	1275	1	2404.4754	4	7	0	1	1	0.4463	0.5058
25	1276	1	2406.0254	6	4	0	1	1	0.4467	0.6196
25	1277	1	2407.5753	7	13	0	1	1	0.4471	0.5726
25	1278	1	2409.1252	4	7	90	1	1	0.4476	0.9267
25	1279	1	2410.6751	6	4	0	1	1	0.4480	0.5941
25	1280	1	2412.2250	4	7	90	1	1	0.4484	0.7079
25	1281	1	2413.7749	6	4	90	1	1	0.4489	0.8542
25	1282	1	2415.3249	8	11	0	1	1	0.4493	1.1111
25	1283	1	2416.8748	7	13	0	1	1	0.4497	1.0026
25	1284	1	2418.4246	4	7	0	1	1	0.4502	1.0038
25	1285	1	2419.9746	6	4	0	1	1	0.4506	0.7508
25	1286	1	2421.5245	5	9	0	1	1	0.4510	0.6407
25	1287	1	2423.0744	6	4	0	1	1	0.4514	0.5632
25	1288	1	2424.6244	5	9	0	1	1	0.4519	0.6130
25	1289	1	2426.1743	4	7	0	1	1	0.4523	0.5997
25	1290	1	2427.7242	3	6	0	1	1	0.4527	0.6650
25	1291	1	2429.2742	1	5	0	1	1	0.4531	1.4498
25	1292	1	2430.9407	14	3	0	1	1	0.4536	0.5685
25	1293	1	2432.4907	15	15	0	1	1	0.4540	0.5693
25	1294	1	2434.0405	2	10	0	1	1	0.4544	0.7154
25	1295	1	2435.5905	3	6	90	1	1	0.4548	0.7185
25	1296	1	2437.1404	4	7	0	1	1	0.4552	0.6891
25	1297	1	2438.6903	6	4	0	1	1	0.4557	0.5940
25	1298	1	2440.2403	4	7	90	0	1	0.4553	0.6132
25	1299	1	2441.7902	7	13	0	1	1	0.4557	0.5677
25	1300	1	2443.3401	5	9	0	1	1	0.4562	0.6010
25	1301	1	2444.8900	6	4	0	1	1	0.4566	0.6193
25	1302	1	2446.4399	7	13	0	1	1	0.4570	0.7495
25	1303	1	2447.9899	4	7	0	1	1	0.4574	0.7981
25	1304	1	2449.5397	7	13	0	1	1	0.4578	0.5922
25	1305	1	2451.0897	5	9	0	1	1	0.4582	0.5795
25	1306	1	2452.6396	7	13	0	1	1	0.4587	0.5180
25	1307	1	2454.1895	5	9	0	1	1	0.4591	0.4878
25	1308	1	2455.7395	6	4	90	0	1	0.4587	0.4094
25	1309	1	2457.2893	4	7	0	1	1	0.4591	0.5241
25	1310	1	2458.8393	3	6	0	1	1	0.4595	0.7488
25	1311	1	2460.3891	4	7	90	1	1	0.4600	1.0397
25	1312	1	2461.9391	7	13	0	0	1	0.4596	0.7217
25	1313	1	2463.4891	5	9	0	1	1	0.4600	0.5790
25	1314	1	2465.0389	8	11	0	1	1	0.4604	0.7091
25	1315	1	2466.5889	7	13	0	0	1	0.4601	0.7123
25	1316	1	2468.1388	6	4	90	0	1	0.4597	0.5533
25	1317	1	2469.6887	5	9	0	1	1	0.4601	0.5566
25	1318	1	2471.2386	4	7	0	1	1	0.4605	0.9425
25	1319	1	2472.7885	5	9	90	1	1	0.4610	0.8488
25	1320	1	2474.3385	8	11	90	1	1	0.4614	0.9148
25	1321	1	2475.8884	9	1	0	1	1	0.4618	0.8356
25	1322	1	2477.4383	11	14	0	1	1	0.4622	0.7116
25	1323	1	2478.9882	10	8	0	1	1	0.4626	0.6809
25	1324	1	2480.5381	12	12	90	1	1	0.4630	0.8751
25	1325	1	2482.0881	11	14	0	1	1	0.4634	0.6680
25	1326	1	2483.6379	10	8	0	1	1	0.4638	0.6714
25	1327	1	2485.1879	9	1	0	1	1	0.4642	0.5932
25	1328	1	2486.7378	12	12	0	1	1	0.4646	0.9474
25	1329	1	2488.2877	9	1	0	1	1	0.4650	0.6456
25	1330	1	2489.8376	10	8	0	1	1	0.4654	0.6793
25	1331	1	2491.3876	13	2	90	0	1	0.4651	0.6334
25	1332	1	2492.9375	12	12	0	1	1	0.4655	0.9238
25	1333	1	2494.4874	11	14	0	1	1	0.4659	0.6207
25	1334	1	2496.0374	12	12	0	1	1	0.4663	0.6885
25	1335	1	2497.5873	11	14	0	1	1	0.4667	0.5936
25	1336	1	2499.1371	12	12	90	1	1	0.4671	0.8198
25	1337	1	2500.6871	9	1	90	0	1	0.4667	0.8541
25	1338	1	2502.2370	8	11	0	1	1	0.4671	0.5678
25	1339	1	2503.7870	9	1	0	1	1	0.4675	0.5541
25	1340	1	2505.3369	11	14	0	1	1	0.4679	0.5551
25	1341	1	2506.8868	12	12	0	0	1	0.4676	0.6382
25	1342	1	2508.4367	11	14	0	1	1	0.4680	0.4323
25	1343	1	2509.9865	13	2	0	1	1	0.4684	0.6267
25	1344	1	2511.5366	11	14	0	1	1	0.4688	0.5484
25	1345	1	2513.0865	10	8	0	1	1	0.4691	0.6306
25	1346	1	2514.6363	9	1	0	1	1	0.4695	0.6010
25	1347	1	2516.1863	12	12	0	0	1	0.4692	0.6177
25	1348	1	2517.7362	9	1	0	1	1	0.4696	0.4277
25	1349	1	2519.2862	8	11	0	1	1	0.4700	0.8470
25	1350	1	2520.8361	6	4	0	1	1	0.4704	0.6257
25	1351	1	2522.3860	4	7	90	0	1	0.4700	1.1872
25	1352	1	2524.0859	5	9	90	0	1	0.4697	0.6221
25	1353	1	2525.6358	8	11	0	1	1	0.4701	0.6093
25	1354	1	2527.1857	6	4	0	1	1	0.4705	0.6272
25	1355	1	2528.7357	4	7	0	1	1	0.4708	0.5497
25	1356	1	2530.2856	5	9	0	1	1	0.4712	0.6156
25	1357	1	2531.8355	7	13	0	1	1	0.4716	0.9685
25	1358	1	2533.3854	6	4	90	1	1	0.4720	0.9078
25	1359	1	2534.9353	5	9	0	1	1	0.4724	0.5088
25	1360	1	2536.4852	6	4	0	1	1	0.4728	0.5921
25	1361	1	2538.0352	4	7	0	1	1	0.4732	0.6898
25	1362	1	2539.5851	7	13	0	0	1	0.4728	0.7400
25	1363	1	2541.1350	8	11	0	1	1	0.4732	0.6143
25	1364	1	2542.6849	7	13	0	1	1	0.4736	0.6161
25	1365	1	2544.2349	6	4	0	1	1	0.4740	0.5865
25	1366	1	2545.7847	5	9	90	1	1	0.4744	0.8285
25	1367	1	2547.3347	4	7	0	1	1	0.4748	0.6383
25	1368	1	2548.8846	5	9	0	1	1	0.4751	0.5449
25	1369	1	2550.4345	8	11	90	1	1	0.4755	0.8975
25	1370	1	2551.9844	5	9	90	1	1	0.4759	0.8206
25	1371	1	2553.5343	4	7	0	1	1	0.4763	0.6310
25	1372	1	2555.0843	5	9	0	1	1	0.4767	0.6969
25	1373	1	2556.6341	7	13	0	0	1	0.4763	0.8258
25	1374	1	2558.1841	4	7	0	1	1	0.4767	0.6039
25	1375	1	2559.7340	7	13	0	1	1	0.4771	0.4300
25	1376	1	2561.2840	4	7	0	1	1	0.4775	0.4961
25	1377	1	2562.8338	7	13	0	1	1	0.4779	0.6120
25	1378	1	2564.3838	5	9	0	1	1	0.4782	0.5493
25	1379	1	2565.9337	8	11	0	1	1	0.4786	0.9023
25	1380	1	2567.4836	7	13	0	1	1	0.4790	1.0645
25	1381	1	2569.0335	6	4	90	1	1	0.4794	1.0356
25	1382	1	2570.5835	5	9	0	1	1	0.4797	0.5566
25	1383	1	2572.1334	8	11	0	1	1	0.4801	0.7670
25	1384	1	2573.6833	7	13	0	1	1	0.4805	0.8167
25	1385	1	2575.2332	4	7	0	1	1	0.4809	0.6589
25	1386	1	2576.7832	5	9	90	1	1	0.4812	1.2539
25	1387	1	2578.3331	4	7	0	1	1	0.4816	0.5837
25	1388	1	2579.8830	6	4	90	1	1	0.4820	0.8582
25	1389	1	2581.4329	5	9	90	1	1	0.4824	0.9082
25	1390	1	2582.9828	7	13	0	1	1	0.4827	0.8133
25	1391	1	2584.5327	8	11	0	1	1	0.4831	0.8163
25	1392	1	2586.0826	5	9	0	1	1	0.4835	0.7054
25	1393	1	2587.6326	6	4	0	1	1	0.4838	0.7085
25	1394	1	2589.1824	7	13	0	1	1	0.4842	0.6629
25	1395	1	2590.7324	4	7	0	1	1	0.4846	0.5685
25	1396	1	2592.2823	7	13	0	1	1	0.4850	0.8430
25	1397	1	2593.8323	5	9	0	1	1	0.4853	0.6210
25	1398	1	2595.3822	6	4	0	1	1	0.4857	0.5755
25	1399	1	2596.9321	4	7	0	1	1	0.4861	0.6091
25	1400	1	2598.4820	6	4	90	1	1	0.4864	0.8194
25	1	2	1.0167	5	9	0	-1	0	NaN	-1.0000
25	2	2	2.5500	8	11	0	-1	0	NaN	-1.0000
25	3	2	4.0833	7	13	0	-1	0	NaN	-1.0000
25	4	2	5.6165	8	11	0	-1	0	NaN	-1.0000
25	5	2	7.1498	6	4	0	-1	0	NaN	-1.0000
25	6	2	8.6829	4	7	0	-1	1	0.0000	0.5678
25	7	2	10.2162	7	13	0	-1	0	0.0000	-1.0000
25	8	2	11.7495	6	4	0	-1	0	0.0000	-1.0000
25	9	2	13.2828	5	9	0	-1	0	0.0000	-1.0000
25	10	2	14.8160	7	13	0	-1	1	0.0000	0.8990
25	11	2	16.3493	4	7	0	-1	0	0.0000	-1.0000
25	12	2	17.8825	3	6	0	-1	0	0.0000	-1.0000
25	13	2	19.4157	15	15	0	-1	0	0.0000	-1.0000
25	14	2	20.9490	3	6	0	-1	1	0.0000	0.7832
25	15	2	22.4823	15	15	0	-1	0	0.0000	-1.0000
25	16	2	24.0155	14	3	0	-1	0	0.0000	-1.0000
25	17	2	25.5488	13	2	0	-1	0	0.0000	-1.0000
25	18	2	27.0821	12	12	0	-1	0	0.0000	-1.0000
25	19	2	28.6153	11	14	0	-1	0	0.0000	-1.0000
25	20	2	30.1486	10	8	0	-1	0	0.0000	-1.0000
25	21	2	31.6818	9	1	0	-1	0	0.0000	-1.0000
25	22	2	33.2150	8	11	0	-1	0	0.0000	-1.0000
25	23	2	34.7483	7	13	0	-1	0	0.0000	-1.0000
25	24	2	36.2816	6	4	0	-1	0	0.0000	-1.0000
25	25	2	37.8148	5	9	0	-1	0	0.0000	-1.0000
25	26	2	39.3481	4	7	0	-1	0	0.0000	-1.0000
25	27	2	40.8814	3	6	0	-1	1	0.2500	0.5948
25	28	2	42.4145	2	10	0	-1	0	0.2500	-1.0000
25	29	2	43.9479	1	5	0	-1	0	0.2500	-1.0000
25	30	2	45.4811	15	15	0	-1	0	0.2500	-1.0000
25	31	2	47.0144	2	10	0	-1	1	0.2000	0.6856
25	32	2	48.5476	3	6	0	-1	0	0.2000	-1.0000
25	33	2	50.0808	1	5	0	-1	0	0.2000	-1.0000
25	34	2	51.6141	2	10	0	-1	0	0.2000	-1.0000
25	35	2	53.1473	14	3	0	-1	0	0.2000	-1.0000
25	36	2	54.6806	15	15	0	-1	0	0.2000	-1.0000
25	37	2	56.2139	3	6	0	-1	1	0.1667	0.6060
25	38	2	57.7472	2	10	0	-1	0	0.1667	-1.0000
25	39	2	59.2803	15	15	0	-1	0	0.1667	-1.0000
25	40	2	60.8136	14	3	0	-1	0	0.1667	-1.0000
25	41	2	62.3469	2	10	0	-1	0	0.1667	-1.0000
25	42	2	63.8802	1	5	0	-1	1	0.1429	0.6195
25	43	2	65.4134	14	3	0	-1	0	0.1429	-1.0000
25	44	2	66.9467	13	2	0	-1	0	0.1429	-1.0000
25	45	2	68.4799	14	3	0	-1	0	0.1429	-1.0000
25	46	2	70.0131	13	2	0	-1	0	0.1429	-1.0000
25	47	2	71.5463	12	12	0	-1	1	0.1250	0.5222
25	48	2	73.0797	11	14	0	-1	0	0.1250	-1.0000
25	49	2	74.6129	10	8	0	-1	0	0.1250	-1.0000
25	50	2	76.1461	9	1	0	-1	0	0.1250	-1.0000
25	51	2	77.6795	8	11	0	-1	0	0.1250	-1.0000
25	52	2	79.2126	7	13	0	-1	1	0.1111	0.7914
25	53	2	80.7459	6	4	0	-1	0	0.1111	-1.0000
25	54	2	82.2792	5	9	0	-1	0	0.1111	-1.0000
25	55	2	83.8125	4	7	0	-1	0	0.1111	-1.0000
25	56	2	85.3457	3	6	0	-1	0	0.1111	-1.0000
25	57	2	86.8790	2	10	0	-1	1	0.1000	0.7567
25	58	2	88.4122	1	5	0	-1	1	0.0909	0.7756
25	59	2	89.9455	15	15	0	-1	0	0.0909	-1.0000
25	60	2	91.4787	14	3	0	-1	0	0.0909	-1.0000
25	61	2	93.0120	1	5	0	-1	1	0.0833	1.1359
25	62	2	94.5452	2	10	0	-1	0	0.0833	-1.0000
25	63	2	96.0785	14	3	0	-1	0	0.0833	-1.0000
25	64	2	97.6118	13	2	0	-1	0	0.0833	-1.0000
25	65	2	99.1450	10	8	0	-1	0	0.0833	-1.0000
25	66	2	100.6782	13	2	0	-1	0	0.0833	-1.0000
25	67	2	102.2115	11	14	0	-1	1	0.0769	0.6089
25	68	2	103.7448	9	1	0	-1	0	0.0769	-1.0000
25	69	2	105.2780	12	12	0	-1	0	0.0769	-1.0000
25	70	2	106.8113	9	1	0	-1	0	0.0769	-1.0000
25	71	2	108.3445	8	11	0	-1	0	0.0769	-1.0000
25	72	2	109.8778	7	13	0	-1	1	0.0714	0.7181
25	73	2	111.4110	5	9	0	-1	0	0.0714	-1.0000
25	74	2	112.9443	6	4	0	-1	0	0.0714	-1.0000
25	75	2	114.4776	5	9	0	-1	0	0.0714	-1.0000
25	76	2	116.0108	6	4	0	-1	0	0.0714	-1.0000
25	77	2	117.5440	7	13	0	-1	1	0.0667	0.6840
25	78	2	119.0773	8	11	0	-1	0	0.0667	-1.0000
25	79	2	120.6106	9	1	0	-1	0	0.0667	-1.0000
25	80	2	122.1438	10	8	0	-1	0	0.0667	-1.0000
25	81	2	123.6771	11	14	0	-1	0	0.0667	-1.0000
25	82	2	125.2103	12	12	0	-1	1	0.0625	0.6975
25	83	2	126.7436	13	2	0	-1	0	0.0625	-1.0000
25	84	2	128.2768	14	3	0	-1	0	0.0625	-1.0000
25	85	2	129.8101	15	15	0	-1	0	0.0625	-1.0000
25	86	2	131.3433	1	5	0	-1	0	0.0625	-1.0000
25	87	2	132.8765	2	10	0	-1	1	0.0588	0.7429
25	88	2	134.4099	3	6	0	-1	0	0.0588	-1.0000
25	89	2	135.9431	4	7	0	-1	0	0.0588	-1.0000
25	90	2	137.4764	5	9	0	-1	0	0.0588	-1.0000
25	91	2	139.0096	4	7	0	-1	0	0.0588	-1.0000
25	92	2	140.5429	5	9	0	-1	1	0.0556	0.5811
25	93	2	142.0762	7	13	0	-1	0	0.0556	-1.0000
25	94	2	143.6094	8	11	0	-1	0	0.0556	-1.0000
25	95	2	145.1426	6	4	0	-1	0	0.0556	-1.0000
25	96	2	146.6759	4	7	0	-1	0	0.0556	-1.0000
25	97	2	148.2091	5	9	0	-1	1	0.0526	0.4189
25	98	2	149.7424	7	13	0	-1	0	0.0526	-1.0000
25	99	2	151.2756	8	11	0	-1	0	0.0526	-1.0000
25	100	2	152.8089	6	4	0	-1	0	0.0526	-1.0000
25	101	2	154.3422	8	11	0	-1	0	0.0526	-1.0000
25	102	2	155.8754	5	9	0	-1	1	0.0500	0.3205
25	103	2	157.4087	6	4	0	-1	0	0.0500	-1.0000
25	104	2	158.9419	8	11	0	-1	0	0.0500	-1.0000
25	105	2	160.4752	7	13	0	-1	0	0.0500	-1.0000
25	106	2	162.0084	8	11	0	-1	0	0.0500	-1.0000
25	107	2	163.5417	9	1	0	-1	1	0.0952	0.4451
25	108	2	165.0749	10	8	0	-1	0	0.0952	-1.0000
25	109	2	166.6082	11	14	0	-1	0	0.0952	-1.0000
25	110	2	168.1414	12	12	0	-1	0	0.0952	-1.0000
25	111	2	169.6747	13	2	0	-1	0	0.0952	-1.0000
25	112	2	171.2078	14	3	0	-1	1	0.1364	0.7003
25	113	2	172.7412	15	15	0	-1	0	0.1364	-1.0000
25	114	2	174.2745	1	5	0	-1	0	0.1364	-1.0000
25	115	2	175.8077	2	10	0	-1	0	0.1364	-1.0000
25	116	2	177.3409	3	6	0	-1	0	0.1364	-1.0000
25	117	2	178.8741	4	7	0	-1	1	0.1739	0.3447
25	118	2	180.4075	5	9	0	-1	0	0.1739	-1.0000
25	119	2	181.9407	6	4	0	-1	0	0.1739	-1.0000
25	120	2	183.4740	7	13	0	-1	0	0.1739	-1.0000
25	121	2	185.0072	8	11	0	-1	0	0.1739	-1.0000
25	122	2	186.5405	7	13	0	-1	1	0.1667	0.5833
25	123	2	188.0738	4	7	0	-1	0	0.1667	-1.0000
25	124	2	189.6070	3	6	0	-1	0	0.1667	-1.0000
25	125	2	191.1402	15	15	0	-1	0	0.1667	-1.0000
25	126	2	192.6735	3	6	0	-1	0	0.1667	-1.0000
25	127	2	194.2068	1	5	0	-1	1	0.1600	0.5656
25	128	2	195.7400	15	15	0	-1	0	0.1600	-1.0000
25	129	2	197.2733	3	6	0	-1	0	0.1600	-1.0000
25	130	2	198.8065	2	10	0	-1	0	0.1600	-1.0000
25	131	2	200.3397	14	3	0	-1	0	0.1600	-1.0000
25	132	2	201.8730	2	10	0	-1	1	0.1538	0.6591
25	133	2	203.4062	14	3	0	-1	0	0.1538	-1.0000
25	134	2	204.9395	1	5	0	-1	0	0.1538	-1.0000
25	135	2	206.4727	14	3	0	-1	0	0.1538	-1.0000
25	136	2	208.0061	15	15	0	-1	0	0.1538	-1.0000
25	137	2	209.5393	1	5	0	-1	1	0.1481	0.7035
25	138	2	211.0726	2	10	0	-1	0	0.1481	-1.0000
25	139	2	212.6058	3	6	0	-1	0	0.1481	-1.0000
25	140	2	214.1391	4	7	0	-1	0	0.1481	-1.0000
25	141	2	215.6723	5	9	0	-1	0	0.1481	-1.0000
25	142	2	217.2055	6	4	0	-1	1	0.1429	0.6227
25	143	2	218.7388	7	13	0	-1	0	0.1429	-1.0000
25	144	2	220.2721	8	11	0	-1	0	0.1429	-1.0000
25	145	2	221.8053	9	1	0	-1	0	0.1429	-1.0000
25	146	2	223.3385	10	8	0	-1	0	0.1429	-1.0000
25	147	2	224.8718	11	14	0	-1	1	0.1379	0.7161
25	148	2	226.4051	12	12	0	-1	0	0.1379	-1.0000
25	149	2	227.9383	13	2	0	-1	0	0.1379	-1.0000
25	150	2	229.4716	14	3	0	-1	0	0.1379	-1.0000
25	151	2	231.0049	15	15	0	-1	0	0.1379	-1.0000
25	152	2	232.5380	2	10	0	-1	1	0.1333	0.5702
25	153	2	234.0714	3	6	0	-1	0	0.1333	-1.0000
25	154	2	235.6046	2	10	0	-1	0	0.1333	-1.0000
25	155	2	237.1379	1	5	0	-1	0	0.1333	-1.0000
25	156	2	238.6711	15	15	0	-1	0	0.1333	-1.0000
25	157	2	240.2044	1	5	0	-1	1	0.1290	0.3916
25	158	2	241.7376	3	6	0	-1	0	0.1290	-1.0000
25	159	2	243.2709	2	10	0	-1	0	0.1290	-1.0000
25	160	2	244.8041	3	6	0	-1	0	0.1290	-1.0000
25	161	2	246.3374	15	15	0	-1	0	0.1290	-1.0000
25	162	2	247.8707	3	6	0	-1	1	0.1250	0.5493
25	163	2	249.4038	15	15	0	-1	0	0.1250	-1.0000
25	164	2	250.9371	2	10	0	-1	0	0.1250	-1.0000
25	165	2	252.4704	1	5	0	-1	0	0.1250	-1.0000
25	166	2	254.0037	15	15	0	-1	0	0.1250	-1.0000
25	167	2	255.5369	14	3	0	-1	1	0.1212	0.4195
25	168	2	257.0702	13	2	0	-1	0	0.1212	-1.0000
25	169	2	258.6034	12	12	0	-1	0	0.1212	-1.0000
25	170	2	260.1367	11	14	0	-1	0	0.1212	-1.0000
25	171	2	261.6699	10	8	0	-1	0	0.1212	-1.0000
25	172	2	263.2032	9	1	0	-1	1	0.1176	0.6248
25	173	2	264.7364	8	11	0	-1	0	0.1176	-1.0000
25	174	2	266.2697	7	13	0	-1	0	0.1176	-1.0000
25	175	2	267.8030	6	4	0	-1	0	0.1176	-1.0000
25	176	2	269.3362	5	9	0	-1	0	0.1176	-1.0000
25	177	2	270.8694	4	7	0	-1	1	0.1143	0.7986
25	178	2	272.4027	3	6	0	-1	0	0.1143	-1.0000
25	179	2	273.9360	2	10	0	-1	0	0.1143	-1.0000
25	180	2	275.4692	1	5	0	-1	0	0.1143	-1.0000
25	181	2	277.0025	14	3	0	-1	0	0.1143	-1.0000
25	182	2	278.5357	13	2	0	-1	1	0.1389	0.8116
25	183	2	280.0690	11	14	0	-1	0	0.1389	-1.0000
25	184	2	281.6022	13	2	0	-1	0	0.1389	-1.0000
25	185	2	283.1355	10	8	0	-1	0	0.1389	-1.0000
25	186	2	284.6687	11	14	0	-1	0	0.1389	-1.0000
25	187	2	286.2020	12	12	0	-1	1	0.1351	0.6660
25	188	2	287.7353	11	14	0	-1	0	0.1351	-1.0000
25	189	2	289.2685	13	2	0	-1	0	0.1351	-1.0000
25	190	2	290.8018	10	8	0	-1	0	0.1351	-1.0000
25	191	2	292.3350	12	12	0	-1	0	0.1351	-1.0000
25	192	2	293.8682	13	2	0	-1	1	0.1316	0.5842
25	193	2	295.4015	11	14	0	-1	0	0.1316	-1.0000
25	194	2	296.9347	10	8	0	-1	0	0.1316	-1.0000
25	195	2	298.4680	12	12	0	-1	0	0.1316	-1.0000
25	196	2	300.0013	11	14	0	-1	0	0.1316	-1.0000
25	197	2	301.5345	10	8	0	-1	1	0.1282	0.6444
25	198	2	303.0678	9	1	0	-1	0	0.1282	-1.0000
25	199	2	304.6010	8	11	0	-1	0	0.1282	-1.0000
25	200	2	306.1343	7	13	0	-1	0	0.1282	-1.0000
25	201	2	307.6675	6	4	0	-1	0	0.1282	-1.0000
25	202	2	309.2007	5	9	0	-1	1	0.1250	0.6912
25	203	2	310.7340	4	7	0	-1	0	0.1250	-1.0000
25	204	2	312.2673	3	6	0	-1	0	0.1250	-1.0000
25	205	2	313.8005	2	10	0	-1	0	0.1250	-1.0000
25	206	2	315.3337	1	5	0	-1	0	0.1250	-1.0000
25	207	2	316.8670	15	15	0	-1	1	0.1220	0.5460
25	208	2	318.4003	14	3	0	-1	0	0.1220	-1.0000
25	209	2	319.9336	13	2	0	-1	0	0.1220	-1.0000
25	210	2	321.4668	12	12	0	-1	0	0.1220	-1.0000
25	211	2	323.0001	11	14	0	-1	0	0.1220	-1.0000
25	212	2	324.5333	10	8	0	-1	1	0.1190	0.5904
25	213	2	326.0666	12	12	0	-1	0	0.1190	-1.0000
25	214	2	327.5998	13	2	0	-1	0	0.1190	-1.0000
25	215	2	329.1331	10	8	0	-1	0	0.1190	-1.0000
25	216	2	330.6664	12	12	0	-1	0	0.1190	-1.0000
25	217	2	332.1996	10	8	0	-1	1	0.1163	0.5404
25	218	2	333.7329	12	12	0	-1	0	0.1163	-1.0000
25	219	2	335.2661	9	1	0	-1	0	0.1163	-1.0000
25	220	2	336.7993	11	14	0	-1	0	0.1163	-1.0000
25	221	2	338.3326	12	12	0	-1	0	0.1163	-1.0000
25	222	2	339.8659	10	8	0	-1	1	0.1136	0.4264
25	223	2	341.3991	12	12	0	-1	0	0.1136	-1.0000
25	224	2	342.9324	10	8	0	-1	0	0.1136	-1.0000
25	225	2	344.4656	11	14	0	-1	0	0.1136	-1.0000
25	226	2	345.9988	12	12	0	-1	0	0.1136	-1.0000
25	227	2	347.5322	13	2	0	-1	1	0.1111	0.6008
25	228	2	349.0654	14	3	0	-1	0	0.1111	-1.0000
25	229	2	350.5986	15	15	0	-1	0	0.1111	-1.0000
25	230	2	352.1319	1	5	0	-1	0	0.1111	-1.0000
25	231	2	353.6652	2	10	0	-1	1	0.1087	0.5787
25	232	2	355.1984	3	6	0	-1	0	0.1087	-1.0000
25	233	2	356.7317	4	7	0	-1	0	0.1087	-1.0000
25	234	2	358.2649	5	9	0	-1	0	0.1087	-1.0000
25	235	2	359.7981	6	4	0	-1	0	0.1087	-1.0000
25	236	2	361.3313	7	13	0	-1	1	0.1064	0.4009
25	237	2	362.8647	8	11	0	-1	0	0.1064	-1.0000
25	238	2	364.3979	9	1	0	-1	0	0.1064	-1.0000
25	239	2	365.9312	10	8	0	-1	0	0.1064	-1.0000
25	240	2	367.4644	11	14	0	-1	0	0.1064	-1.0000
25	241	2	368.9976	12	12	0	-1	1	0.1042	0.5253
25	242	2	370.5310	11	14	0	-1	0	0.1042	-1.0000
25	243	2	372.0642	12	12	0	-1	0	0.1042	-1.0000
25	244	2	373.5974	11	14	0	-1	0	0.1042	-1.0000
25	245	2	375.1307	9	1	0	-1	0	0.1042	-1.0000
25	246	2	376.6640	12	12	0	-1	1	0.1020	0.6360
25	247	2	378.1972	9	1	0	-1	0	0.1020	-1.0000
25	248	2	379.7304	12	12	0	-1	0	0.1020	-1.0000
25	249	2	381.2637	11	14	0	-1	0	0.1020	-1.0000
25	250	2	382.7970	13	2	0	-1	0	0.1020	-1.0000
25	251	2	384.3302	11	14	0	-1	1	0.1000	0.5060
25	252	2	385.8635	12	12	0	-1	0	0.1000	-1.0000
25	253	2	387.3967	10	8	0	-1	0	0.1000	-1.0000
25	254	2	388.9300	12	12	0	-1	0	0.1000	-1.0000
25	255	2	390.4633	10	8	0	-1	0	0.1000	-1.0000
25	256	2	391.9965	11	14	0	-1	1	0.0980	0.5518
25	257	2	393.5298	12	12	0	-1	0	0.0980	-1.0000
25	258	2	395.0630	13	2	0	-1	0	0.0980	-1.0000
25	259	2	396.5963	14	3	0	-1	0	0.0980	-1.0000
25	260	2	398.1294	15	15	0	-1	1	0.0962	0.4033
25	261	2	399.6628	1	5	0	-1	0	0.0962	-1.0000
25	262	2	401.1960	2	10	0	-1	0	0.0962	-1.0000
25	263	2	402.7293	3	6	0	-1	0	0.0962	-1.0000
25	264	2	404.2625	4	7	0	-1	0	0.0962	-1.0000
25	265	2	405.7957	5	9	0	-1	1	0.0943	0.4322
25	266	2	407.3290	6	4	0	-1	0	0.0943	-1.0000
25	267	2	408.8623	7	13	0	-1	0	0.0943	-1.0000
25	268	2	410.3955	8	11	0	-1	0	0.0943	-1.0000
25	269	2	411.9288	9	1	0	-1	0	0.0943	-1.0000
25	270	2	413.4620	10	8	0	-1	1	0.0926	0.5102
25	271	2	414.9953	11	14	0	-1	0	0.0926	-1.0000
25	272	2	416.5286	9	1	0	-1	0	0.0926	-1.0000
25	273	2	418.0617	10	8	0	-1	0	0.0926	-1.0000
25	274	2	419.5950	13	2	0	-1	0	0.0926	-1.0000
25	275	2	421.1282	11	14	0	-1	1	0.0909	0.6198
25	276	2	422.6616	13	2	0	-1	0	0.0909	-1.0000
25	277	2	424.1948	12	12	0	-1	0	0.0909	-1.0000
25	278	2	425.7280	13	2	0	-1	0	0.0909	-1.0000
25	279	2	427.2612	11	14	0	-1	0	0.0909	-1.0000
25	280	2	428.7946	10	8	0	-1	1	0.0893	0.5691
25	281	2	430.3278	9	1	0	-1	0	0.0893	-1.0000
25	282	2	431.8610	10	8	0	-1	0	0.0893	-1.0000
25	283	2	433.3943	9	1	0	-1	0	0.0893	-1.0000
25	284	2	434.9276	11	14	0	-1	0	0.0893	-1.0000
25	285	2	436.4609	10	8	0	-1	1	0.0877	0.4700
25	286	2	437.9941	9	1	0	-1	0	0.0877	-1.0000
25	287	2	439.5274	8	11	0	-1	0	0.0877	-1.0000
25	288	2	441.0606	7	13	0	-1	0	0.0877	-1.0000
25	289	2	442.5938	6	4	0	-1	0	0.0877	-1.0000
25	290	2	444.1271	5	9	0	-1	1	0.0862	0.8369
25	291	2	445.6604	4	7	0	-1	0	0.0862	-1.0000
25	292	2	447.1936	3	6	0	-1	0	0.0862	-1.0000
25	293	2	448.7269	2	10	0	-1	0	0.0862	-1.0000
25	294	2	450.2602	1	5	0	-1	0	0.0862	-1.0000
25	295	2	451.7934	15	15	0	-1	1	0.0847	0.6266
25	296	2	453.3266	14	3	0	-1	0	0.0847	-1.0000
25	297	2	454.8598	13	2	0	-1	0	0.0847	-1.0000
25	298	2	456.3932	12	12	0	-1	0	0.0847	-1.0000
25	299	2	457.9264	11	14	0	-1	0	0.0847	-1.0000
25	300	2	459.4597	10	8	0	-1	1	0.0833	0.6245
25	301	2	460.9928	11	14	0	-1	0	0.0833	-1.0000
25	302	2	462.5262	9	1	0	-1	0	0.0833	-1.0000
25	303	2	464.0594	11	14	0	-1	0	0.0833	-1.0000
25	304	2	465.5927	9	1	0	-1	0	0.0833	-1.0000
25	305	2	467.1259	8	11	0	-1	1	0.0984	0.4305
25	306	2	468.6592	6	4	0	-1	0	0.0984	-1.0000
25	307	2	470.1925	8	11	0	-1	0	0.0984	-1.0000
25	308	2	471.7257	7	13	0	-1	0	0.0984	-1.0000
25	309	2	473.2590	8	11	0	-1	0	0.0984	-1.0000
25	310	2	474.7922	5	9	0	-1	1	0.0968	0.6197
25	311	2	476.3254	8	11	0	-1	0	0.0968	-1.0000
25	312	2	477.8587	5	9	0	-1	0	0.0968	-1.0000
25	313	2	479.3920	4	7	0	-1	0	0.0968	-1.0000
25	314	2	480.9252	3	6	0	-1	0	0.0968	-1.0000
25	315	2	482.4585	15	15	0	-1	1	0.0952	0.4734
25	316	2	483.9917	14	3	0	-1	0	0.0952	-1.0000
25	317	2	485.5250	13	2	0	-1	0	0.0952	-1.0000
25	318	2	487.0582	12	12	0	-1	0	0.0952	-1.0000
25	319	2	488.5915	11	14	0	-1	0	0.0952	-1.0000
25	320	2	490.1247	10	8	0	-1	1	0.0938	0.6479
25	321	2	491.6580	9	1	0	-1	0	0.0938	-1.0000
25	322	2	493.1912	8	11	0	-1	0	0.0938	-1.0000
25	323	2	494.7245	7	13	0	-1	0	0.0938	-1.0000
25	324	2	496.2578	6	4	0	-1	1	0.0923	0.7382
25	325	2	497.7910	5	9	0	-1	0	0.0923	-1.0000
25	326	2	499.3243	4	7	0	-1	0	0.0923	-1.0000
25	327	2	500.8575	3	6	0	-1	0	0.0923	-1.0000
25	328	2	502.3907	2	10	0	-1	1	0.0909	0.2056
25	329	2	503.9240	1	5	0	-1	0	0.0909	-1.0000
25	330	2	505.4573	15	15	0	-1	0	0.0909	-1.0000
25	331	2	506.9905	1	5	0	-1	0	0.0909	-1.0000
25	332	2	508.5238	3	6	0	-1	1	0.0896	0.4718
25	333	2	510.0570	4	7	0	-1	0	0.0896	-1.0000
25	334	2	511.5903	5	9	0	-1	0	0.0896	-1.0000
25	335	2	513.1236	7	13	0	-1	0	0.0896	-1.0000
25	336	2	514.6568	5	9	0	-1	0	0.0896	-1.0000
25	337	2	516.1900	7	13	0	-1	1	0.0882	0.7569
25	338	2	517.7233	6	4	0	-1	0	0.0882	-1.0000
25	339	2	519.2565	7	13	0	-1	0	0.0882	-1.0000
25	340	2	520.7898	6	4	0	-1	0	0.0882	-1.0000
25	341	2	522.3231	7	13	0	-1	0	0.0882	-1.0000
25	342	2	523.8563	8	11	0	-1	1	0.0870	0.5317
25	343	2	525.3896	7	13	0	-1	0	0.0870	-1.0000
25	344	2	526.9228	6	4	0	-1	0	0.0870	-1.0000
25	345	2	528.4561	8	11	0	-1	0	0.0870	-1.0000
25	346	2	529.9893	7	13	0	-1	0	0.0870	-1.0000
25	347	2	531.5226	6	4	0	-1	1	0.0857	0.4974
25	348	2	533.0558	5	9	0	-1	0	0.0857	-1.0000
25	349	2	534.5891	4	7	0	-1	0	0.0857	-1.0000
25	350	2	536.1224	3	6	0	-1	0	0.0857	-1.0000
25	351	2	537.6556	2	10	0	-1	0	0.0857	-1.0000
25	352	2	539.1889	1	5	0	-1	1	0.0845	0.5593
25	353	2	540.7221	15	15	0	-1	0	0.0845	-1.0000
25	354	2	542.2554	14	3	0	-1	0	0.0845	-1.0000
25	355	2	543.7886	13	2	0	-1	0	0.0845	-1.0000
25	356	2	545.3219	12	12	0	-1	1	0.0833	0.8263
25	357	2	546.8551	11	14	0	-1	0	0.0833	-1.0000
25	358	2	548.3883	10	8	0	-1	0	0.0833	-1.0000
25	359	2	549.9216	9	1	0	-1	0	0.0833	-1.0000
25	360	2	551.4549	8	11	0	-1	0	0.0833	-1.0000
25	361	2	552.9882	7	13	0	-1	1	0.0822	0.6158
25	362	2	554.5214	6	4	0	-1	0	0.0822	-1.0000
25	363	2	556.0547	4	7	0	-1	0	0.0822	-1.0000
25	364	2	557.5878	5	9	0	-1	0	0.0822	-1.0000
25	365	2	559.1211	8	11	0	-1	0	0.0822	-1.0000
25	366	2	560.6544	5	9	0	-1	1	0.0811	0.6294
25	367	2	562.1877	4	7	0	-1	0	0.0811	-1.0000
25	368	2	563.7209	3	6	0	-1	0	0.0811	-1.0000
25	369	2	565.2542	15	15	0	-1	0	0.0811	-1.0000
25	370	2	566.7874	14	3	0	-1	0	0.0811	-1.0000
25	371	2	568.3207	1	5	0	-1	1	0.0800	0.5949
25	372	2	569.8540	3	6	0	-1	0	0.0800	-1.0000
25	373	2	571.3872	1	5	0	-1	0	0.0800	-1.0000
25	374	2	572.9205	3	6	0	-1	0	0.0800	-1.0000
25	375	2	574.4537	2	10	0	-1	0	0.0800	-1.0000
25	376	2	575.9870	3	6	0	-1	1	0.0789	0.6893
25	377	2	577.5202	4	7	0	-1	0	0.0789	-1.0000
25	378	2	579.0535	5	9	0	-1	0	0.0789	-1.0000
25	379	2	580.5867	6	4	0	-1	0	0.0789	-1.0000
25	380	2	582.1200	7	13	0	-1	0	0.0789	-1.0000
25	381	2	583.6532	8	11	0	-1	1	0.0779	0.5113
25	382	2	585.1865	9	1	0	-1	0	0.0779	-1.0000
25	383	2	586.7196	10	8	0	-1	0	0.0779	-1.0000
25	384	2	588.2530	11	14	0	-1	0	0.0779	-1.0000
25	385	2	589.7863	12	12	0	-1	0	0.0779	-1.0000
25	386	2	591.3195	13	2	0	-1	1	0.0769	0.4602
25	387	2	592.8528	14	3	0	-1	0	0.0769	-1.0000
25	388	2	594.3860	15	15	0	-1	0	0.0769	-1.0000
25	389	2	595.9192	1	5	0	-1	0	0.0769	-1.0000
25	390	2	597.4525	2	10	0	-1	0	0.0769	-1.0000
25	391	2	598.9857	15	15	0	-1	1	0.0759	0.3464
25	392	2	600.5190	14	3	0	-1	0	0.0759	-1.0000
25	393	2	602.0523	1	5	0	-1	0	0.0759	-1.0000
25	394	2	603.5855	15	15	0	-1	0	0.0759	-1.0000
25	395	2	605.1187	1	5	0	-1	0	0.0759	-1.0000
25	396	2	606.6521	3	6	0	-1	1	0.0750	0.5041
25	397	2	608.1853	1	5	0	-1	0	0.0750	-1.0000
25	398	2	609.7185	15	15	0	-1	0	0.0750	-1.0000
25	399	2	611.2518	2	10	0	-1	0	0.0750	-1.0000
25	400	2	612.7851	14	3	0	-1	0	0.0750	-1.0000
25	401	2	614.3183	15	15	0	-1	1	0.0741	0.0542
25	402	2	615.8516	14	3	0	-1	0	0.0741	-1.0000
25	403	2	617.3848	13	2	0	-1	0	0.0741	-1.0000
25	404	2	618.9180	11	14	0	-1	0	0.0741	-1.0000
25	405	2	620.4513	9	1	0	-1	0	0.0741	-1.0000
25	406	2	621.9846	8	11	0	-1	1	0.0854	0.3236
25	407	2	623.5178	7	13	0	-1	0	0.0854	-1.0000
25	408	2	625.0511	6	4	0	-1	0	0.0854	-1.0000
25	409	2	626.5843	5	9	0	-1	0	0.0854	-1.0000
25	410	2	628.1176	4	7	0	-1	0	0.0854	-1.0000
25	411	2	629.6509	3	6	0	-1	1	0.0964	0.2889
25	412	2	631.1841	2	10	0	-1	0	0.0964	-1.0000
25	413	2	632.7173	1	5	0	-1	0	0.0964	-1.0000
25	414	2	634.2506	15	15	0	-1	0	0.0964	-1.0000
25	415	2	635.7839	14	3	0	-1	0	0.0964	-1.0000
25	416	2	637.3170	13	2	0	-1	1	0.1071	0.4627
25	417	2	638.8504	12	12	0	-1	0	0.1071	-1.0000
25	418	2	640.3836	11	14	0	-1	0	0.1071	-1.0000
25	419	2	641.9168	10	8	0	-1	0	0.1071	-1.0000
25	420	2	643.4501	9	1	0	-1	0	0.1071	-1.0000
25	421	2	644.9834	8	11	0	-1	1	0.1176	0.4125
25	422	2	646.5166	6	4	0	-1	0	0.1176	-1.0000
25	423	2	648.0499	5	9	0	-1	0	0.1176	-1.0000
25	424	2	649.5831	7	13	0	-1	0	0.1176	-1.0000
25	425	2	651.1163	8	11	0	-1	0	0.1176	-1.0000
25	426	2	652.6497	9	1	0	-1	1	0.1279	0.3622
25	427	2	654.1829	12	12	0	-1	0	0.1279	-1.0000
25	428	2	655.7162	11	14	0	-1	0	0.1279	-1.0000
25	429	2	657.2494	9	1	0	-1	0	0.1279	-1.0000
25	430	2	658.7827	11	14	0	-1	0	0.1279	-1.0000
25	431	2	660.3159	10	8	0	-1	1	0.1264	0.5200
25	432	2	661.8492	13	2	0	-1	0	0.1264	-1.0000
25	433	2	663.3824	14	3	0	-1	0	0.1264	-1.0000
25	434	2	664.9156	13	2	0	-1	0	0.1264	-1.0000
25	435	2	666.4489	12	12	0	-1	0	0.1264	-1.0000
25	436	2	667.9822	13	2	0	-1	1	0.1250	0.3740
25	437	2	669.5154	14	3	0	-1	0	0.1250	-1.0000
25	438	2	671.0487	15	15	0	-1	0	0.1250	-1.0000
25	439	2	672.5820	1	5	0	-1	0	0.1250	-1.0000
25	440	2	674.1152	2	10	0	-1	1	0.1236	1.1367
25	441	2	675.6485	3	6	0	-1	0	0.1236	-1.0000
25	442	2	677.1817	4	7	0	-1	0	0.1236	-1.0000
25	443	2	678.7150	5	9	0	-1	0	0.1236	-1.0000
25	444	2	680.2482	6	4	0	-1	0	0.1236	-1.0000
25	445	2	681.7815	7	13	0	-1	0	0.1236	-1.0000
25	446	2	683.3146	8	11	0	-1	1	0.1222	0.2735
25	447	2	684.8479	9	1	0	-1	0	0.1222	-1.0000
25	448	2	686.3812	10	8	0	-1	0	0.1222	-1.0000
25	449	2	687.9144	11	14	0	-1	0	0.1222	-1.0000
25	450	2	689.4477	12	12	0	-1	1	0.1209	0.4752
25	451	2	690.9809	13	2	0	-1	0	0.1209	-1.0000
25	452	2	692.5143	11	14	0	-1	0	0.1209	-1.0000
25	453	2	694.0474	10	8	0	-1	1	0.1196	0.7412
25	454	2	695.5808	11	14	0	-1	0	0.1196	-1.0000
25	455	2	697.1140	12	12	0	-1	0	0.1196	-1.0000
25	456	2	698.6473	10	8	0	-1	1	0.1183	1.3251
25	457	2	700.1805	9	1	0	-1	1	0.1170	0.0169
25	458	2	701.7138	11	14	0	-1	0	0.1170	-1.0000
25	459	2	703.2470	9	1	0	-1	0	0.1170	-1.0000
25	460	2	704.7803	12	12	0	-1	0	0.1170	-1.0000
25	461	2	706.3135	11	14	0	-1	0	0.1170	-1.0000
25	462	2	707.8467	12	12	0	-1	1	0.1158	0.0456
25	463	2	709.3800	9	1	0	-1	0	0.1158	-1.0000
25	464	2	710.9133	10	8	0	-1	0	0.1158	-1.0000
25	465	2	712.4465	13	2	0	-1	0	0.1158	-1.0000
25	466	2	713.9798	12	12	0	-1	0	0.1158	-1.0000
25	467	2	715.5131	11	14	0	-1	1	0.1146	0.3143
25	468	2	717.0463	10	8	0	-1	0	0.1146	-1.0000
25	469	2	718.5796	9	1	0	-1	0	0.1146	-1.0000
25	470	2	720.1128	8	11	0	-1	0	0.1146	-1.0000
25	471	2	721.6461	7	13	0	-1	0	0.1146	-1.0000
25	472	2	723.1793	6	4	0	-1	1	0.1134	0.5204
25	473	2	724.7126	5	9	0	-1	0	0.1134	-1.0000
25	474	2	726.2458	4	7	0	-1	0	0.1134	-1.0000
25	475	2	727.7791	3	6	0	-1	0	0.1134	-1.0000
25	476	2	729.3123	2	10	0	-1	0	0.1134	-1.0000
25	477	2	730.8456	1	5	0	-1	1	0.1122	0.6305
25	478	2	732.3788	15	15	0	-1	0	0.1122	-1.0000
25	479	2	733.9121	14	3	0	-1	0	0.1122	-1.0000
25	480	2	735.4454	13	2	0	-1	0	0.1122	-1.0000
25	481	2	736.9786	12	12	0	-1	0	0.1122	-1.0000
25	482	2	738.5119	13	2	0	-1	1	0.1111	0.6762
25	483	2	740.0451	12	12	0	-1	0	0.1111	-1.0000
25	484	2	741.5784	11	14	0	-1	0	0.1111	-1.0000
25	485	2	743.1116	13	2	0	-1	0	0.1111	-1.0000
25	486	2	744.6449	12	12	0	-1	0	0.1111	-1.0000
25	487	2	746.1781	11	14	0	-1	1	0.1100	0.6105
25	488	2	747.7114	9	1	0	-1	0	0.1100	-1.0000
25	489	2	749.2447	12	12	0	-1	0	0.1100	-1.0000
25	490	2	750.7779	10	8	0	-1	0	0.1100	-1.0000
25	491	2	752.3111	13	2	0	-1	0	0.1100	-1.0000
25	492	2	753.8444	14	3	0	-1	1	0.1188	0.5117
25	493	2	755.3777	2	10	0	-1	0	0.1188	-1.0000
25	494	2	756.9109	15	15	0	-1	0	0.1188	-1.0000
25	495	2	758.4442	2	10	0	-1	0	0.1188	-1.0000
25	496	2	759.9774	1	5	0	-1	1	0.1176	1.1304
25	497	2	761.5106	15	15	0	-1	0	0.1176	-1.0000
25	498	2	763.0439	14	3	0	-1	0	0.1176	-1.0000
25	499	2	764.5772	13	2	0	-1	0	0.1176	-1.0000
25	500	2	766.1104	12	12	0	-1	0	0.1176	-1.0000
25	501	2	767.6437	11	14	0	-1	0	0.1176	-1.0000
25	502	2	769.1769	10	8	0	-1	1	0.1165	0.2350
25	503	2	770.7102	9	1	0	-1	0	0.1165	-1.0000
25	504	2	772.2434	8	11	0	-1	0	0.1165	-1.0000
25	505	2	773.7767	7	13	0	-1	0	0.1165	-1.0000
25	506	2	775.3099	6	4	0	-1	0	0.1165	-1.0000
25	507	2	776.8432	5	9	0	-1	1	0.1154	0.4569
25	508	2	778.3764	4	7	0	-1	0	0.1154	-1.0000
25	509	2	779.9097	3	6	0	-1	0	0.1154	-1.0000
25	510	2	781.4430	2	10	0	-1	0	0.1154	-1.0000
25	511	2	782.9762	3	6	0	-1	0	0.1154	-1.0000
25	512	2	784.5094	15	15	0	-1	1	0.1143	0.5508
25	513	2	786.0427	2	10	0	-1	0	0.1143	-1.0000
25	514	2	787.5760	14	3	0	-1	0	0.1143	-1.0000
25	515	2	789.1092	15	15	0	-1	0	0.1143	-1.0000
25	516	2	790.6425	3	6	0	-1	0	0.1143	-1.0000
25	517	2	792.1758	2	10	0	-1	1	0.1132	0.6123
25	518	2	793.7090	3	6	0	-1	0	0.1132	-1.0000
25	519	2	795.2423	1	5	0	-1	0	0.1132	-1.0000
25	520	2	796.7755	14	3	0	-1	0	0.1132	-1.0000
25	521	2	798.3087	1	5	0	-1	0	0.1132	-1.0000
25	522	2	799.8420	14	3	0	-1	1	0.1121	0.5142
25	523	2	801.3753	1	5	0	-1	0	0.1121	-1.0000
25	524	2	802.9085	15	15	0	-1	0	0.1121	-1.0000
25	525	2	804.4417	1	5	0	-1	0	0.1121	-1.0000
25	526	2	805.9750	15	15	0	-1	0	0.1121	-1.0000
25	527	2	807.5082	14	3	0	-1	1	0.1111	0.5758
25	528	2	809.0415	13	2	0	-1	0	0.1111	-1.0000
25	529	2	810.5748	12	12	0	-1	0	0.1111	-1.0000
25	530	2	812.1081	11	14	0	-1	0	0.1111	-1.0000
25	531	2	813.6412	10	8	0	-1	0	0.1111	-1.0000
25	532	2	815.1746	9	1	0	-1	1	0.1101	0.4294
25	533	2	816.7078	8	11	0	-1	0	0.1101	-1.0000
25	534	2	818.2410	7	13	0	-1	0	0.1101	-1.0000
25	535	2	819.7743	6	4	0	-1	0	0.1101	-1.0000
25	536	2	821.3076	5	9	0	-1	0	0.1101	-1.0000
25	537	2	822.8408	4	7	0	-1	1	0.1091	0.4914
25	538	2	824.3741	3	6	0	-1	0	0.1091	-1.0000
25	539	2	825.9073	2	10	0	-1	0	0.1091	-1.0000
25	540	2	827.4405	1	5	0	-1	0	0.1091	-1.0000
25	541	2	828.9738	14	3	0	-1	0	0.1091	-1.0000
25	542	2	830.5071	13	2	0	-1	1	0.1171	0.6969
25	543	2	832.0403	12	12	0	-1	0	0.1171	-1.0000
25	544	2	833.5736	13	2	0	-1	0	0.1171	-1.0000
25	545	2	835.1069	14	3	0	-1	0	0.1171	-1.0000
25	546	2	836.6401	1	5	0	-1	0	0.1171	-1.0000
25	547	2	838.1734	14	3	0	-1	1	0.1161	0.5664
25	548	2	839.7066	15	15	0	-1	0	0.1161	-1.0000
25	549	2	841.2399	14	3	0	-1	0	0.1161	-1.0000
25	550	2	842.7732	15	15	0	-1	0	0.1161	-1.0000
25	551	2	844.3063	3	6	0	-1	1	0.1150	0.4169
25	552	2	845.8396	4	7	0	-1	0	0.1150	-1.0000
25	553	2	847.3729	6	4	0	-1	0	0.1150	-1.0000
25	554	2	848.9060	5	9	0	-1	0	0.1150	-1.0000
25	555	2	850.4393	6	4	0	-1	0	0.1150	-1.0000
25	556	2	851.9727	5	9	0	-1	0	0.1150	-1.0000
25	557	2	853.5058	4	7	0	-1	1	0.1140	0.6262
25	558	2	855.0391	3	6	0	-1	0	0.1140	-1.0000
25	559	2	856.5724	2	10	0	-1	0	0.1140	-1.0000
25	560	2	858.1056	1	5	0	-1	0	0.1140	-1.0000
25	561	2	859.6389	15	15	0	-1	0	0.1140	-1.0000
25	562	2	861.1722	14	3	0	-1	1	0.1130	0.7040
25	563	2	862.7053	13	2	0	-1	0	0.1130	-1.0000
25	564	2	864.2387	12	12	0	-1	0	0.1130	-1.0000
25	565	2	865.7719	11	14	0	-1	0	0.1130	-1.0000
25	566	2	867.3052	10	8	0	-1	0	0.1130	-1.0000
25	567	2	868.8384	9	1	0	-1	1	0.1121	0.7175
25	568	2	870.3717	8	11	0	-1	0	0.1121	-1.0000
25	569	2	871.9049	7	13	0	-1	0	0.1121	-1.0000
25	570	2	873.4382	6	4	0	-1	0	0.1121	-1.0000
25	571	2	874.9715	7	13	0	-1	0	0.1121	-1.0000
25	572	2	876.5047	4	7	0	-1	1	0.1111	1.0354
25	573	2	878.0380	5	9	0	-1	0	0.1111	-1.0000
25	574	2	879.5712	6	4	0	-1	0	0.1111	-1.0000
25	575	2	881.1044	8	11	0	-1	0	0.1111	-1.0000
25	576	2	882.6377	7	13	0	-1	0	0.1111	-1.0000
25	577	2	884.1710	6	4	0	-1	1	0.1102	0.5208
25	578	2	885.7042	7	13	0	-1	0	0.1102	-1.0000
25	579	2	887.2374	5	9	0	-1	0	0.1102	-1.0000
25	580	2	888.7707	7	13	0	-1	0	0.1102	-1.0000
25	581	2	890.3040	5	9	0	-1	1	0.1092	0.5310
25	582	2	891.8372	7	13	0	-1	0	0.1092	-1.0000
25	583	2	893.3705	8	11	0	-1	0	0.1092	-1.0000
25	584	2	894.9038	7	13	0	-1	0	0.1092	-1.0000
25	585	2	896.4370	4	7	0	-1	0	0.1092	-1.0000
25	586	2	897.9703	5	9	0	-1	1	0.1083	0.2422
25	587	2	899.5035	6	4	0	-1	0	0.1083	-1.0000
25	588	2	901.0368	7	13	0	-1	0	0.1083	-1.0000
25	589	2	902.5700	8	11	0	-1	0	0.1083	-1.0000
25	590	2	904.1033	9	1	0	-1	0	0.1083	-1.0000
25	591	2	905.6366	10	8	0	-1	1	0.1074	0.5115
25	592	2	907.1698	11	14	0	-1	0	0.1074	-1.0000
25	593	2	908.7030	12	12	0	-1	0	0.1074	-1.0000
25	594	2	910.2362	13	2	0	-1	0	0.1074	-1.0000
25	595	2	911.7696	14	3	0	-1	0	0.1074	-1.0000
25	596	2	913.3028	15	15	0	-1	1	0.1066	0.3331
25	597	2	914.8360	1	5	0	-1	0	0.1066	-1.0000
25	598	2	916.3692	2	10	0	-1	0	0.1066	-1.0000
25	599	2	917.9026	3	6	0	-1	0	0.1066	-1.0000
25	600	2	919.4358	4	7	0	-1	0	0.1066	-1.0000
Actual parsing ratio
0.1066
Possible node parses
80.0000
 Node parses selected
0.1625
Possible other parses
520.0000
Other parses selected
0.2096
Chance parsing ratio
0.1333
