*********************************************
* Date/Time: 15-Nov-2019 11:24:35
* Seed: 209919.7
* Subject Number: 032
13	14	4	6	1	11	3	10	5	7	2	8	9	15	12	
*********************************************

Shape exposure time (seconds)
90.7286
subject	trial	phase	onset	node	shape	rotate	acc	resp	total	rt
32	1	1	1.0166	3	4	90	1	1	1.0000	0.9652
32	2	1	2.5665	1	13	0	-1	0	0.5000	-1.0000
32	3	1	4.2665	14	15	0	1	1	0.6667	1.0754
32	4	1	5.8164	15	12	90	0	1	0.5000	1.2373
32	5	1	7.6329	14	15	0	0	1	0.4000	1.1811
32	6	1	9.3995	1	13	0	1	1	0.5000	1.4622
32	7	1	10.9827	3	4	0	1	1	0.5714	1.2540
32	8	1	12.5327	2	14	90	1	1	0.6250	1.0642
32	9	1	14.0826	1	13	0	1	1	0.6667	1.0981
32	10	1	15.6325	2	14	0	1	1	0.7000	1.0855
32	11	1	17.1824	14	15	0	0	1	0.6364	1.3274
32	12	1	19.0657	2	14	0	1	1	0.6667	1.4915
32	13	1	20.6989	3	4	0	1	1	0.6923	1.4590
32	14	1	22.2489	4	6	0	1	1	0.7143	0.0363
32	15	1	23.8654	3	4	90	0	1	0.6667	1.2047
32	16	1	25.6653	15	12	0	0	1	0.6250	1.2914
32	17	1	27.5152	3	4	0	0	1	0.5882	1.3304
32	18	1	29.3651	2	14	0	1	1	0.6111	1.1763
32	19	1	30.9151	1	13	0	0	1	0.5789	1.3868
32	20	1	32.8983	3	4	0	1	1	0.6000	1.3705
32	21	1	34.4482	15	12	90	0	1	0.5714	1.2937
32	22	1	36.3314	3	4	0	0	1	0.5455	1.3624
32	23	1	38.2814	4	6	0	1	1	0.5652	1.3004
32	24	1	39.8313	7	3	0	1	1	0.5833	1.2214
32	25	1	41.3812	6	11	0	0	1	0.5600	1.1916
32	26	1	43.1144	4	6	0	1	1	0.5769	1.0430
32	27	1	44.6644	5	1	0	1	1	0.5926	1.1092
32	28	1	46.2143	6	11	0	1	1	0.6071	1.2224
32	29	1	47.7642	5	1	90	1	1	0.6207	1.1779
32	30	1	49.3141	6	11	0	1	1	0.6333	1.2917
32	31	1	50.8640	5	1	0	1	1	0.6452	0.9097
32	32	1	52.4139	4	6	0	1	1	0.6563	1.0401
32	33	1	53.9639	7	3	0	-1	0	0.6364	-1.0000
32	34	1	56.0138	4	6	0	1	1	0.6471	1.2795
32	35	1	57.5637	7	3	0	0	1	0.6286	0.9462
32	36	1	59.1136	8	10	0	1	1	0.6389	1.2361
32	37	1	60.6635	6	11	0	1	1	0.6486	0.9492
32	38	1	62.2134	4	6	0	1	1	0.6579	0.9353
32	39	1	63.7634	7	3	0	0	1	0.6410	0.8906
32	40	1	65.3133	4	6	0	0	1	0.6250	1.1325
32	41	1	66.9965	6	11	0	0	1	0.6098	0.9372
32	42	1	68.5464	4	6	0	0	1	0.5952	0.9393
32	43	1	70.0964	5	1	0	1	1	0.6047	1.0365
32	44	1	71.6463	4	6	0	0	1	0.5909	0.8637
32	45	1	73.1962	7	3	0	0	1	0.5778	0.9617
32	46	1	74.7461	6	11	90	1	1	0.5870	0.8666
32	47	1	76.2961	7	3	0	0	1	0.5745	1.1733
32	48	1	78.0460	4	6	0	1	1	0.5833	0.9748
32	49	1	79.5959	3	4	0	1	1	0.5918	1.0100
32	50	1	81.1458	15	12	0	1	1	0.6000	1.2196
32	51	1	82.6957	1	13	0	0	1	0.5882	0.8697
32	52	1	84.2456	14	15	90	1	1	0.5962	1.2711
32	53	1	85.7956	13	9	90	0	1	0.5849	1.2902
32	54	1	87.6121	10	7	90	1	1	0.5926	1.4086
32	55	1	89.1620	11	2	0	1	1	0.6000	0.9963
32	56	1	90.7120	13	9	90	0	1	0.5893	1.1568
32	57	1	92.4452	12	8	0	0	1	0.5789	1.1515
32	58	1	94.1118	9	5	0	1	1	0.5862	1.2610
32	59	1	95.6617	12	8	0	0	1	0.5763	1.1521
32	60	1	97.3616	11	2	0	0	1	0.5667	1.2445
32	61	1	99.1282	9	5	0	1	1	0.5738	1.3816
32	62	1	100.6781	12	8	0	0	1	0.5645	1.2706
32	63	1	102.4614	13	9	0	1	1	0.5714	1.2164
32	64	1	104.0113	14	15	90	1	1	0.5781	1.2347
32	65	1	105.5612	1	13	0	1	1	0.5846	0.9487
32	66	1	107.1111	3	4	0	1	1	0.5909	1.0466
32	67	1	108.6610	15	12	0	0	1	0.5821	1.1438
32	68	1	110.3610	14	15	0	0	1	0.5735	1.2526
32	69	1	112.1275	1	13	90	1	1	0.5797	1.1012
32	70	1	113.6774	14	15	0	1	1	0.5857	1.1365
32	71	1	115.2274	15	12	0	0	1	0.5775	0.9465
32	72	1	116.7773	3	4	0	0	1	0.5694	1.1245
32	73	1	118.4439	4	6	0	1	1	0.5753	1.2017
32	74	1	119.9938	7	3	90	1	1	0.5811	1.0762
32	75	1	121.5437	6	11	0	1	1	0.5867	1.2060
32	76	1	123.0936	7	3	90	0	1	0.5789	0.9521
32	77	1	124.6435	8	10	0	0	1	0.5714	1.2269
32	78	1	126.4268	6	11	90	1	1	0.5769	1.1228
32	79	1	127.9767	5	1	90	0	1	0.5696	0.9329
32	80	1	129.5266	4	6	0	0	1	0.5625	0.9675
32	81	1	131.0765	3	4	90	1	1	0.5679	1.1451
32	82	1	132.6265	2	14	0	1	1	0.5732	1.3073
32	83	1	134.1764	15	12	0	0	1	0.5663	1.0058
32	84	1	135.7263	1	13	0	0	1	0.5595	1.2144
32	85	1	137.4762	15	12	0	0	1	0.5529	1.1136
32	86	1	139.1595	2	14	0	1	1	0.5581	1.1425
32	87	1	140.7094	3	4	90	0	1	0.5517	1.0166
32	88	1	142.3093	4	6	0	0	1	0.5455	1.1924
32	89	1	144.0759	3	4	0	0	1	0.5393	1.1541
32	90	1	145.7424	15	12	90	0	1	0.5333	0.9592
32	91	1	147.2924	3	4	90	0	1	0.5275	1.1534
32	92	1	149.0090	2	14	0	0	1	0.5217	1.0209
32	93	1	150.5755	1	13	0	0	1	0.5161	1.4065
32	94	1	152.5254	3	4	0	0	1	0.5106	1.2807
32	95	1	154.3920	1	13	90	0	1	0.5053	1.1248
32	96	1	156.0586	2	14	0	0	1	0.5000	1.1391
32	97	1	157.7252	15	12	0	0	1	0.4948	1.0716
32	98	1	159.3084	2	14	90	1	1	0.5000	1.2657
32	99	1	160.8583	15	12	0	0	1	0.4949	1.1556
32	100	1	162.5583	14	15	0	1	1	0.5000	0.9595
32	101	1	164.1082	13	9	0	1	1	0.5050	0.9926
32	102	1	165.6581	11	2	0	0	1	0.5000	1.1238
32	103	1	167.2913	9	5	0	0	1	0.4951	1.1227
32	104	1	168.9746	11	2	90	0	1	0.4904	0.9913
32	105	1	170.5412	9	5	0	0	1	0.4857	1.2009
32	106	1	172.3077	10	7	0	0	1	0.4811	1.1130
32	107	1	173.9910	11	2	0	1	1	0.4860	0.9338
32	108	1	175.5409	13	9	0	1	1	0.4907	1.0331
32	109	1	177.0908	12	8	90	1	1	0.4954	1.1138
32	110	1	178.6407	11	2	0	0	1	0.4909	1.1492
32	111	1	180.3073	12	8	0	0	1	0.4865	1.0334
32	112	1	181.8739	11	2	0	0	1	0.4821	1.1961
32	113	1	183.6405	13	9	90	0	1	0.4779	1.0295
32	114	1	185.2237	11	2	0	0	1	0.4737	1.0450
32	115	1	186.8070	10	7	0	1	1	0.4783	1.2709
32	116	1	188.3569	12	8	90	1	1	0.4828	1.1928
32	117	1	189.9068	11	2	0	1	1	0.4872	1.2427
32	118	1	191.4567	10	7	0	0	1	0.4831	0.9571
32	119	1	193.0067	11	2	90	1	1	0.4874	0.7994
32	120	1	194.5566	10	7	0	1	1	0.4917	1.0572
32	121	1	196.1065	12	8	0	0	1	0.4876	1.1378
32	122	1	197.7564	13	9	0	0	1	0.4836	1.0416
32	123	1	199.3397	11	2	90	0	1	0.4797	0.9616
32	124	1	200.8896	13	9	0	0	1	0.4758	0.9796
32	125	1	202.4395	10	7	0	1	1	0.4800	1.2063
32	126	1	203.9894	11	2	0	0	1	0.4762	0.8246
32	127	1	205.5394	9	5	0	1	1	0.4803	1.0344
32	128	1	207.0893	8	10	0	0	1	0.4766	1.0048
32	129	1	208.6392	6	11	0	0	1	0.4729	0.9096
32	130	1	210.1891	4	6	90	1	1	0.4769	1.0090
32	131	1	211.7390	3	4	0	0	1	0.4733	1.1704
32	132	1	213.4556	15	12	0	0	1	0.4697	1.0705
32	133	1	215.0389	14	15	0	1	1	0.4737	1.0700
32	134	1	216.5888	13	9	0	1	1	0.4776	1.1211
32	135	1	218.1387	12	8	0	0	1	0.4741	1.0261
32	136	1	219.6886	13	9	0	0	1	0.4706	0.9330
32	137	1	221.2385	11	2	90	1	1	0.4745	1.2075
32	138	1	222.7885	10	7	90	0	1	0.4710	1.3692
32	139	1	224.7050	11	2	0	0	1	0.4676	1.2765
32	140	1	226.5549	13	9	0	1	1	0.4714	1.0579
32	141	1	228.1049	11	2	0	0	1	0.4681	0.8849
32	142	1	229.6548	10	7	0	0	1	0.4648	1.0780
32	143	1	231.2880	12	8	0	0	1	0.4615	1.1088
32	144	1	232.9713	10	7	0	-1	0	0.4583	-1.0000
32	145	1	234.9878	13	9	0	0	1	0.4552	1.0728
32	146	1	236.5878	10	7	0	0	1	0.4521	0.8330
32	147	1	238.1377	11	2	0	0	1	0.4490	1.2832
32	148	1	239.9376	12	8	90	0	1	0.4459	1.3080
32	149	1	241.7875	11	2	0	1	1	0.4497	0.9773
32	150	1	243.3374	13	9	0	0	1	0.4467	0.8043
32	151	1	244.8873	10	7	90	1	1	0.4503	0.9985
32	152	1	246.4372	13	9	90	1	1	0.4539	1.1125
32	153	1	247.9872	12	8	0	1	1	0.4575	1.0189
32	154	1	249.5371	10	7	0	1	1	0.4610	0.7970
32	155	1	251.0870	13	9	0	1	1	0.4645	0.7827
32	156	1	252.6369	10	7	0	0	1	0.4615	0.6398
32	157	1	254.1868	11	2	0	0	1	0.4586	0.7551
32	158	1	255.7368	13	9	0	0	1	0.4557	1.1571
32	159	1	257.4867	11	2	0	0	1	0.4528	1.3741
32	160	1	259.4366	9	5	0	0	1	0.4500	1.1842
32	161	1	261.2031	11	2	0	0	1	0.4472	1.3230
32	162	1	263.0531	10	7	0	0	1	0.4444	0.9437
32	163	1	264.6030	12	8	0	1	1	0.4479	1.0910
32	164	1	266.1529	9	5	90	0	1	0.4451	1.1081
32	165	1	267.8028	8	10	90	1	1	0.4485	1.0111
32	166	1	269.3527	5	1	90	0	1	0.4458	1.0452
32	167	1	270.9526	7	3	0	0	1	0.4431	0.9808
32	168	1	272.5359	5	1	0	1	1	0.4464	1.1580
32	169	1	274.0858	7	3	0	0	1	0.4438	0.8069
32	170	1	275.6357	8	10	90	1	1	0.4471	0.8259
32	171	1	277.1857	6	11	90	1	1	0.4503	1.1324
32	172	1	278.7356	5	1	0	1	1	0.4535	0.5741
32	173	1	280.2855	7	3	0	0	1	0.4509	1.0398
32	174	1	281.9187	4	6	90	0	1	0.4483	1.2790
32	175	1	283.7686	7	3	0	0	1	0.4457	1.0293
32	176	1	285.3519	4	6	0	1	1	0.4489	1.3020
32	177	1	286.9018	6	11	0	0	1	0.4463	0.7117
32	178	1	288.4517	4	6	90	1	1	0.4494	0.7786
32	179	1	290.0017	7	3	0	1	1	0.4525	0.8282
32	180	1	291.5516	8	10	0	0	1	0.4500	0.7971
32	181	1	293.1015	9	5	0	0	1	0.4475	1.0882
32	182	1	294.7347	11	2	90	0	1	0.4451	1.0232
32	183	1	296.3013	10	7	0	0	1	0.4426	1.4234
32	184	1	298.2512	13	9	0	0	1	0.4402	1.3788
32	185	1	300.2178	12	8	0	0	1	0.4378	1.2518
32	186	1	301.9677	10	7	90	1	1	0.4409	1.1341
32	187	1	303.5176	11	2	90	0	1	0.4385	1.0883
32	188	1	305.1342	10	7	90	1	1	0.4415	1.1676
32	189	1	306.6841	9	5	90	0	1	0.4392	1.3286
32	190	1	308.5674	11	2	0	0	1	0.4368	1.0134
32	191	1	310.1506	10	7	90	0	1	0.4346	0.9668
32	192	1	311.7005	11	2	0	0	1	0.4323	1.2249
32	193	1	313.4838	10	7	0	0	1	0.4301	1.3610
32	194	1	315.3503	9	5	0	0	1	0.4278	1.1114
32	195	1	317.0169	12	8	90	0	1	0.4256	1.0759
32	196	1	318.6002	11	2	0	-1	0	0.4235	-1.0000
32	197	1	320.6334	12	8	0	0	1	0.4213	0.0366
32	198	1	322.1833	13	9	0	0	1	0.4192	0.9986
32	199	1	323.7332	10	7	0	1	1	0.4221	1.0488
32	200	1	325.2832	12	8	0	0	1	0.4200	0.8426
32	201	1	326.8331	13	9	0	0	1	0.4179	1.0048
32	202	1	328.3830	12	8	0	0	1	0.4158	1.2778
32	203	1	330.2162	11	2	0	0	1	0.4138	1.1415
32	204	1	331.8828	9	5	0	0	1	0.4118	1.0753
32	205	1	333.4661	11	2	0	1	1	0.4146	1.3947
32	206	1	335.0160	12	8	0	0	1	0.4126	0.7098
32	207	1	336.5659	11	2	0	0	1	0.4106	1.1762
32	208	1	338.2825	10	7	0	0	1	0.4087	1.0916
32	209	1	339.9657	11	2	0	0	1	0.4067	0.8951
32	210	1	341.5157	13	9	0	0	1	0.4048	0.9141
32	211	1	343.0656	14	15	0	1	1	0.4076	0.9325
32	212	1	344.6155	1	13	0	0	1	0.4057	0.7577
32	213	1	346.1654	2	14	0	0	1	0.4038	1.0005
32	214	1	347.7153	14	15	0	0	1	0.4019	1.0346
32	215	1	349.2653	1	13	90	1	1	0.4047	1.0195
32	216	1	350.8152	15	12	0	1	1	0.4074	1.3417
32	217	1	352.3651	3	4	0	0	1	0.4055	1.1526
32	218	1	354.0817	2	14	0	1	1	0.4083	0.9392
32	219	1	355.6316	1	13	0	0	1	0.4064	0.8771
32	220	1	357.1815	15	12	90	0	1	0.4045	0.9279
32	221	1	358.7314	1	13	0	0	1	0.4027	0.8814
32	222	1	360.2813	3	4	0	0	1	0.4009	1.0606
32	223	1	361.8813	15	12	0	0	1	0.3991	1.1728
32	224	1	363.6478	2	14	0	0	1	0.3973	0.8130
32	225	1	365.1978	3	4	0	0	1	0.3956	1.1205
32	226	1	366.8977	15	12	90	0	1	0.3938	1.0845
32	227	1	368.5643	3	4	90	0	1	0.3921	1.0814
32	228	1	370.2475	1	13	0	0	1	0.3904	0.8853
32	229	1	371.7974	3	4	0	0	1	0.3886	1.4644
32	230	1	373.7640	15	12	0	1	1	0.3913	0.8736
32	231	1	375.3139	3	4	0	0	1	0.3896	0.7480
32	232	1	376.8638	15	12	0	0	1	0.3879	0.9098
32	233	1	378.4137	3	4	0	1	1	0.3906	0.9121
32	234	1	379.9637	1	13	0	0	1	0.3889	0.8499
32	235	1	381.5136	2	14	0	0	1	0.3872	0.9319
32	236	1	383.0635	15	12	0	1	1	0.3898	1.0141
32	237	1	384.6134	2	14	90	1	1	0.3924	0.7762
32	238	1	386.1633	1	13	0	0	1	0.3908	0.8103
32	239	1	387.7133	15	12	0	0	1	0.3891	1.0045
32	240	1	389.2798	2	14	90	0	1	0.3875	1.1970
32	241	1	391.0464	15	12	0	0	1	0.3859	1.1275
32	242	1	392.7130	14	15	0	0	1	0.3843	1.3481
32	243	1	394.5796	15	12	0	1	1	0.3868	1.1144
32	244	1	396.1295	3	4	90	0	1	0.3852	0.8753
32	245	1	397.6794	2	14	0	0	1	0.3837	0.8134
32	246	1	399.2293	14	15	0	0	1	0.3821	1.0086
32	247	1	400.7959	2	14	0	1	1	0.3846	1.2182
32	248	1	402.3458	15	12	0	0	1	0.3831	1.1563
32	249	1	404.0458	14	15	90	0	1	0.3815	1.2640
32	250	1	405.8123	1	13	0	0	1	0.3800	1.1135
32	251	1	407.4789	2	14	0	-1	0	0.3785	-1.0000
32	252	1	409.5121	15	12	90	0	1	0.3770	1.0127
32	253	1	411.1121	14	15	0	0	1	0.3755	1.1888
32	254	1	412.8786	2	14	0	1	1	0.3780	0.8941
32	255	1	414.4285	15	12	0	0	1	0.3765	0.7696
32	256	1	415.9785	3	4	0	0	1	0.3750	0.8674
32	257	1	417.5284	4	6	0	0	1	0.3735	1.0125
32	258	1	419.0950	5	1	90	1	1	0.3760	0.8553
32	259	1	420.6449	8	10	0	0	1	0.3745	0.9851
32	260	1	422.1948	5	1	0	0	1	0.3731	0.7630
32	261	1	423.7447	4	6	0	0	1	0.3716	0.8136
32	262	1	425.2946	5	1	0	0	1	0.3702	0.7032
32	263	1	426.8446	8	10	0	0	1	0.3688	0.7854
32	264	1	428.3945	5	1	0	0	1	0.3674	0.7068
32	265	1	429.9444	7	3	0	0	1	0.3660	0.7570
32	266	1	431.4943	6	11	0	0	1	0.3647	0.6947
32	267	1	433.0442	4	6	90	1	1	0.3670	0.6966
32	268	1	434.5942	6	11	90	0	1	0.3657	0.7956
32	269	1	436.1441	8	10	0	0	1	0.3643	0.9888
32	270	1	437.6940	5	1	0	0	1	0.3630	0.9120
32	271	1	439.2439	7	3	90	0	1	0.3616	0.8658
32	272	1	440.7938	5	1	0	0	1	0.3603	0.7390
32	273	1	442.3438	8	10	0	0	1	0.3590	0.7730
32	274	1	443.8937	5	1	90	1	1	0.3613	0.8243
32	275	1	445.4436	7	3	0	1	1	0.3636	0.8744
32	276	1	446.9935	4	6	90	1	1	0.3659	0.8113
32	277	1	448.5434	5	1	0	-1	0	0.3646	-1.0000
32	278	1	450.5600	8	10	90	1	1	0.3669	0.8128
32	279	1	452.1099	9	5	0	1	1	0.3692	0.5281
32	280	1	453.6598	8	10	0	0	1	0.3679	0.6740
32	281	1	455.2098	9	5	0	0	1	0.3665	1.0280
32	282	1	456.8097	12	8	90	0	1	0.3652	0.9641
32	283	1	458.3596	10	7	90	1	1	0.3675	0.8543
32	284	1	459.9095	11	2	0	0	1	0.3662	0.9044
32	285	1	461.4594	12	8	0	0	1	0.3649	0.9385
32	286	1	463.0094	10	7	90	1	1	0.3671	0.9561
32	287	1	464.5593	11	2	0	0	1	0.3659	1.2296
32	288	1	466.3759	13	9	0	0	1	0.3646	0.8699
32	289	1	467.9258	14	15	0	1	1	0.3668	1.0162
32	290	1	469.4757	1	13	0	0	1	0.3655	1.0342
32	291	1	471.0256	2	14	0	0	1	0.3643	0.8592
32	292	1	472.5755	14	15	0	0	1	0.3630	0.9585
32	293	1	474.1254	13	9	0	0	1	0.3618	0.8164
32	294	1	475.6754	10	7	90	1	1	0.3639	0.7549
32	295	1	477.2253	12	8	0	0	1	0.3627	0.8527
32	296	1	478.7752	13	9	0	0	1	0.3615	0.8227
32	297	1	480.3251	11	2	0	0	1	0.3603	0.7606
32	298	1	481.8750	9	5	90	1	1	0.3624	0.7938
32	299	1	483.4250	11	2	0	0	1	0.3612	0.8759
32	300	1	484.9749	12	8	0	0	1	0.3600	0.7668
32	301	1	486.5248	10	7	0	0	1	0.3588	0.8973
32	302	1	488.0747	12	8	0	0	1	0.3576	0.8030
32	303	1	489.6246	10	7	0	0	1	0.3564	0.8202
32	304	1	491.1746	9	5	0	0	1	0.3553	0.8711
32	305	1	492.7245	11	2	0	0	1	0.3541	0.7778
32	306	1	494.2744	9	5	0	0	1	0.3529	0.8595
32	307	1	495.8243	10	7	0	0	1	0.3518	0.9095
32	308	1	497.3742	12	8	90	0	1	0.3506	0.8954
32	309	1	498.9242	13	9	0	0	1	0.3495	0.8168
32	310	1	500.4741	10	7	0	0	1	0.3484	0.7867
32	311	1	502.0240	12	8	0	0	1	0.3473	0.8375
32	312	1	503.5739	11	2	0	0	1	0.3462	0.8069
32	313	1	505.1238	12	8	0	0	1	0.3450	0.7624
32	314	1	506.6738	11	2	0	0	1	0.3439	0.8443
32	315	1	508.2237	9	5	90	0	1	0.3429	0.8301
32	316	1	509.7736	10	7	0	0	1	0.3418	0.7523
32	317	1	511.3235	9	5	90	0	1	0.3407	0.7700
32	318	1	512.8734	12	8	0	0	1	0.3396	0.7398
32	319	1	514.4234	13	9	0	0	1	0.3386	0.7426
32	320	1	515.9733	14	15	0	1	1	0.3406	0.8562
32	321	1	517.5232	15	12	90	1	1	0.3427	0.9067
32	322	1	519.0731	3	4	0	0	1	0.3416	0.9407
32	323	1	520.6231	1	13	90	1	1	0.3437	0.9258
32	324	1	522.1730	14	15	0	1	1	0.3457	1.1199
32	325	1	523.7229	1	13	0	0	1	0.3446	1.2027
32	326	1	525.4395	14	15	0	1	1	0.3466	1.1344
32	327	1	526.9894	2	14	90	1	1	0.3486	0.7843
32	328	1	528.5393	15	12	0	1	1	0.3506	0.9625
32	329	1	530.0892	3	4	0	0	1	0.3495	0.8529
32	330	1	531.6391	2	14	0	0	1	0.3485	0.8546
32	331	1	533.1891	14	15	0	0	1	0.3474	0.9047
32	332	1	534.7390	13	9	90	1	1	0.3494	0.7787
32	333	1	536.2889	11	2	0	-1	0	0.3483	-1.0000
32	334	1	538.3388	10	7	90	1	1	0.3503	0.8435
32	335	1	539.8887	9	5	0	0	1	0.3493	0.8295
32	336	1	541.4386	10	7	90	1	1	0.3512	0.9263
32	337	1	542.9885	12	8	0	0	1	0.3501	0.8643
32	338	1	544.5385	10	7	0	0	1	0.3491	0.9154
32	339	1	546.0884	12	8	0	0	1	0.3481	0.8216
32	340	1	547.6383	9	5	0	1	1	0.3500	0.7595
32	341	1	549.1882	10	7	0	0	1	0.3490	1.0176
32	342	1	550.8048	9	5	0	0	1	0.3480	0.8892
32	343	1	552.3547	11	2	0	0	1	0.3469	1.0992
32	344	1	554.0546	9	5	0	0	1	0.3459	0.9668
32	345	1	555.6046	11	2	0	0	1	0.3449	1.1763
32	346	1	557.3045	10	7	90	0	1	0.3439	1.2363
32	347	1	559.0711	11	2	90	1	1	0.3458	1.1351
32	348	1	560.6210	12	8	0	0	1	0.3448	1.0721
32	349	1	562.2209	13	9	0	0	1	0.3438	0.8808
32	350	1	563.7708	14	15	0	0	1	0.3429	1.0111
32	351	1	565.3207	2	14	0	0	1	0.3419	1.1091
32	352	1	566.9540	14	15	0	0	1	0.3409	1.0109
32	353	1	568.5372	15	12	90	1	1	0.3428	0.9649
32	354	1	570.0872	3	4	0	-1	0	0.3418	-1.0000
32	355	1	572.1537	4	6	0	0	1	0.3408	0.7085
32	356	1	573.7036	7	3	0	0	1	0.3399	0.8064
32	357	1	575.2535	6	11	0	0	1	0.3389	1.0481
32	358	1	576.8035	4	6	0	0	1	0.3380	0.8099
32	359	1	578.3534	6	11	0	0	1	0.3370	0.7485
32	360	1	579.9033	8	10	0	0	1	0.3361	0.7984
32	361	1	581.4532	5	1	0	0	1	0.3352	0.8966
32	362	1	583.0031	8	10	0	0	1	0.3343	0.8030
32	363	1	584.5531	9	5	0	0	1	0.3333	0.7887
32	364	1	586.1030	12	8	0	0	1	0.3324	0.7269
32	365	1	587.6529	9	5	0	0	1	0.3315	0.6971
32	366	1	589.2028	8	10	0	0	1	0.3306	0.7311
32	367	1	590.7527	5	1	0	0	1	0.3297	0.8132
32	368	1	592.3027	7	3	0	0	1	0.3288	0.9433
32	369	1	593.8526	6	11	0	0	1	0.3279	0.9775
32	370	1	595.4025	4	6	90	1	1	0.3297	0.8184
32	371	1	596.9524	5	1	0	0	1	0.3288	0.9645
32	372	1	598.5023	7	3	0	0	1	0.3280	0.7595
32	373	1	600.0523	8	10	0	0	1	0.3271	0.8406
32	374	1	601.6022	6	11	0	0	1	0.3262	0.7319
32	375	1	603.1521	8	10	0	0	1	0.3253	0.6860
32	376	1	604.7020	6	11	0	0	1	0.3245	0.6239
32	377	1	606.2519	4	6	0	0	1	0.3236	0.8019
32	378	1	607.8019	6	11	0	0	1	0.3228	0.6923
32	379	1	609.3518	4	6	0	0	1	0.3219	0.7579
32	380	1	610.9017	7	3	0	0	1	0.3211	0.9359
32	381	1	612.4516	8	10	90	1	1	0.3228	0.8733
32	382	1	614.0015	9	5	90	0	1	0.3220	0.8434
32	383	1	615.5515	10	7	0	1	1	0.3238	1.0215
32	384	1	617.1014	9	5	0	0	1	0.3229	0.9124
32	385	1	618.6513	10	7	0	0	1	0.3221	1.0094
32	386	1	620.2012	11	2	0	0	1	0.3212	0.9010
32	387	1	621.7511	12	8	0	0	1	0.3204	0.8377
32	388	1	623.3010	10	7	0	0	1	0.3196	0.9525
32	389	1	624.8510	13	9	0	0	1	0.3188	0.7458
32	390	1	626.4009	11	2	0	0	1	0.3179	0.8919
32	391	1	627.9508	10	7	0	0	1	0.3171	0.8792
32	392	1	629.5007	9	5	0	0	1	0.3163	1.0241
32	393	1	631.0507	11	2	0	0	1	0.3155	0.9142
32	394	1	632.6006	13	9	90	1	1	0.3173	0.7412
32	395	1	634.1505	10	7	0	0	1	0.3165	1.0303
32	396	1	635.7004	13	9	0	0	1	0.3157	1.0976
32	397	1	637.3670	12	8	0	0	1	0.3149	0.8709
32	398	1	638.9169	9	5	0	0	1	0.3141	0.8410
32	399	1	640.4668	10	7	0	0	1	0.3133	1.0190
32	400	1	642.0167	12	8	0	0	1	0.3125	0.9401
32	401	1	643.5667	13	9	0	0	1	0.3117	1.3582
32	402	1	645.4499	12	8	0	0	1	0.3109	0.8198
32	403	1	646.9998	10	7	90	1	1	0.3127	0.9501
32	404	1	648.5497	9	5	0	0	1	0.3119	1.0324
32	405	1	650.1830	8	10	90	1	1	0.3136	0.9511
32	406	1	651.7329	6	11	0	0	1	0.3128	1.0960
32	407	1	653.3328	4	6	0	0	1	0.3120	0.7287
32	408	1	654.8827	7	3	90	1	1	0.3137	0.9700
32	409	1	656.4327	5	1	0	0	1	0.3130	0.9896
32	410	1	657.9826	6	11	90	0	1	0.3122	1.2314
32	411	1	659.7492	7	3	0	0	1	0.3114	1.0477
32	412	1	661.3324	4	6	0	0	1	0.3107	0.9524
32	413	1	662.8823	6	11	0	0	1	0.3099	1.0834
32	414	1	664.4823	4	6	0	0	1	0.3092	0.7637
32	415	1	666.0322	6	11	0	0	1	0.3084	0.7501
32	416	1	667.5821	4	6	0	0	1	0.3077	0.8627
32	417	1	669.1320	3	4	0	0	1	0.3070	0.8177
32	418	1	670.6819	1	13	0	0	1	0.3062	1.1239
32	419	1	672.3818	14	15	0	0	1	0.3055	1.0081
32	420	1	673.9651	2	14	0	0	1	0.3048	0.9287
32	421	1	675.5150	15	12	0	1	1	0.3064	1.0909
32	422	1	677.0649	2	14	90	1	1	0.3081	0.8689
32	423	1	678.6149	15	12	0	0	1	0.3073	1.0310
32	424	1	680.1814	14	15	0	0	1	0.3066	0.9363
32	425	1	681.7314	2	14	0	0	1	0.3059	1.0015
32	426	1	683.2813	14	15	0	0	1	0.3052	1.0044
32	427	1	684.8312	2	14	0	1	1	0.3068	0.8788
32	428	1	686.3811	3	4	90	0	1	0.3061	0.9130
32	429	1	687.9310	1	13	0	0	1	0.3054	0.8818
32	430	1	689.4810	2	14	0	0	1	0.3047	1.0599
32	431	1	691.1475	1	13	90	0	1	0.3039	0.8661
32	432	1	692.6975	14	15	0	0	1	0.3032	0.9165
32	433	1	694.2474	2	14	0	0	1	0.3025	1.0950
32	434	1	695.8806	1	13	90	0	1	0.3018	0.9814
32	435	1	697.4639	2	14	0	0	1	0.3011	0.7261
32	436	1	699.0138	14	15	90	0	1	0.3005	0.9044
32	437	1	700.5637	15	12	90	0	1	0.2998	1.0026
32	438	1	702.1136	3	4	0	0	1	0.2991	0.8282
32	439	1	703.6636	2	14	0	1	1	0.3007	1.0062
32	440	1	705.2135	3	4	0	0	1	0.3000	0.8804
32	441	1	706.7634	15	12	0	0	1	0.2993	1.0895
32	442	1	708.4133	2	14	0	0	1	0.2986	0.8487
32	443	1	709.9632	15	12	0	1	1	0.3002	1.0576
32	444	1	711.5132	1	13	0	0	1	0.2995	1.0607
32	445	1	713.1464	15	12	0	0	1	0.2989	0.7716
32	446	1	714.6963	2	14	90	1	1	0.3004	0.8217
32	447	1	716.2462	1	13	0	0	1	0.2998	1.0626
32	448	1	717.8962	2	14	0	0	1	0.2991	1.1576
32	449	1	719.5627	3	4	0	0	1	0.2984	0.8511
32	450	1	721.1127	15	12	0	0	1	0.2978	0.8361
32	451	1	722.6626	1	13	0	0	1	0.2971	0.7913
32	452	1	724.2125	14	15	0	0	1	0.2965	0.7928
32	453	1	725.7624	13	9	0	0	1	0.2958	1.1476
32	454	1	727.4623	10	7	0	0	1	0.2952	1.1120
32	455	1	729.1289	13	9	0	0	1	0.2945	0.8839
32	456	1	730.6788	14	15	90	1	1	0.2961	1.0634
32	457	1	732.2287	13	9	0	0	1	0.2954	1.2093
32	458	1	733.9620	11	2	0	0	1	0.2948	0.9962
32	459	1	735.5452	10	7	0	0	1	0.2941	1.3324
32	460	1	737.3951	11	2	0	0	1	0.2935	1.1470
32	461	1	739.0617	10	7	0	0	1	0.2928	0.8884
32	462	1	740.6116	12	8	0	0	1	0.2922	0.8263
32	463	1	742.1616	11	2	0	0	1	0.2916	1.0364
32	464	1	743.7115	9	5	0	0	1	0.2909	0.9584
32	465	1	745.2614	12	8	90	0	1	0.2903	0.8648
32	466	1	746.8113	13	9	0	0	1	0.2897	0.8665
32	467	1	748.3612	11	2	90	1	1	0.2912	0.9967
32	468	1	749.9112	9	5	90	1	1	0.2927	0.9497
32	469	1	751.4611	8	10	0	-1	0	0.2921	-1.0000
32	470	1	753.5443	7	3	0	-1	0	0.2915	-1.0000
32	471	1	755.5775	6	11	0	0	1	0.2909	1.2674
32	472	1	757.3608	4	6	0	0	1	0.2903	0.8294
32	473	1	758.9107	5	1	0	0	1	0.2896	1.1672
32	474	1	760.6106	6	11	0	0	1	0.2890	0.9553
32	475	1	762.1605	8	10	0	0	1	0.2884	1.0854
32	476	1	763.7771	5	1	0	0	1	0.2878	1.0848
32	477	1	765.4437	7	3	0	1	1	0.2893	1.2583
32	478	1	766.9936	5	1	0	0	1	0.2887	0.8127
32	479	1	768.5435	6	11	90	0	1	0.2881	0.9414
32	480	1	770.0934	4	6	0	0	1	0.2875	0.7366
32	481	1	771.6434	6	11	0	0	1	0.2869	0.7386
32	482	1	773.1933	5	1	0	0	1	0.2863	1.1887
32	483	1	774.9265	4	6	0	0	1	0.2857	0.8784
32	484	1	776.4764	6	11	90	0	1	0.2851	1.0257
32	485	1	778.0764	4	6	0	0	1	0.2845	0.8965
32	486	1	779.6263	3	4	0	0	1	0.2840	0.9637
32	487	1	781.1762	4	6	0	0	1	0.2834	0.8525
32	488	1	782.7261	3	4	0	0	1	0.2828	0.7918
32	489	1	784.2761	4	6	0	0	1	0.2822	0.7620
32	490	1	785.8260	3	4	0	0	1	0.2816	0.8281
32	491	1	787.3759	15	12	0	0	1	0.2811	0.9740
32	492	1	788.9258	3	4	0	0	1	0.2805	0.8631
32	493	1	790.4757	2	14	0	0	1	0.2799	0.8811
32	494	1	792.0256	15	12	0	0	1	0.2794	0.8360
32	495	1	793.5756	1	13	0	0	1	0.2788	0.9023
32	496	1	795.1255	14	15	0	0	1	0.2782	0.8247
32	497	1	796.6754	2	14	0	0	1	0.2777	0.8255
32	498	1	798.2253	3	4	0	0	1	0.2771	0.7167
32	499	1	799.7752	4	6	90	1	1	0.2786	0.8628
32	500	1	801.3252	6	11	0	0	1	0.2780	0.8807
32	501	1	802.8751	7	3	0	0	1	0.2774	0.9147
32	502	1	804.4250	8	10	90	1	1	0.2789	1.0769
32	503	1	805.9749	5	1	0	0	1	0.2783	0.7109
32	504	1	807.5248	8	10	0	0	1	0.2778	1.1611
32	505	1	809.1914	6	11	90	0	1	0.2772	0.9824
32	506	1	810.7747	8	10	0	0	1	0.2767	0.8877
32	507	1	812.3246	6	11	0	0	1	0.2761	0.8580
32	508	1	813.8745	5	1	0	0	1	0.2756	0.8584
32	509	1	815.4244	4	6	90	1	1	0.2770	0.9251
32	510	1	816.9743	6	11	0	0	1	0.2765	0.7840
32	511	1	818.5243	4	6	0	0	1	0.2759	0.9933
32	512	1	820.0742	5	1	0	0	1	0.2754	0.9641
32	513	1	821.6241	4	6	0	0	1	0.2749	0.9982
32	514	1	823.2240	7	3	0	0	1	0.2743	0.9496
32	515	1	824.7739	5	1	0	0	1	0.2738	0.9996
32	516	1	826.3239	6	11	90	0	1	0.2733	1.0980
32	517	1	827.9571	8	10	0	0	1	0.2727	0.9998
32	518	1	829.5237	7	3	0	0	1	0.2722	1.0980
32	519	1	831.2070	6	11	0	1	1	0.2736	1.3830
32	520	1	832.7569	8	10	0	0	1	0.2731	0.9371
32	521	1	834.3068	7	3	0	0	1	0.2726	1.0349
32	522	1	835.8567	5	1	90	0	1	0.2720	1.1802
32	523	1	837.6066	8	10	0	0	1	0.2715	0.9349
32	524	1	839.1565	9	5	0	0	1	0.2710	1.0175
32	525	1	840.7731	10	7	0	0	1	0.2705	1.1448
32	526	1	842.4397	13	9	0	0	1	0.2700	1.0461
32	527	1	844.0229	12	8	0	0	1	0.2694	0.7914
32	528	1	845.5729	13	9	0	0	1	0.2689	0.8891
32	529	1	847.1228	12	8	0	0	1	0.2684	0.7630
32	530	1	848.6727	11	2	0	0	1	0.2679	0.9412
32	531	1	850.2226	13	9	90	0	1	0.2674	0.9913
32	532	1	851.7726	11	2	0	0	1	0.2669	1.1203
32	533	1	853.4058	13	9	0	0	1	0.2664	1.2167
32	534	1	855.1724	10	7	0	0	1	0.2659	1.1445
32	535	1	856.8390	9	5	0	0	1	0.2654	0.9346
32	536	1	858.3889	11	2	0	0	1	0.2649	0.9366
32	537	1	859.9388	12	8	0	0	1	0.2644	0.7791
32	538	1	861.4887	9	5	0	0	1	0.2639	0.7962
32	539	1	863.0386	10	7	0	0	1	0.2635	0.8472
32	540	1	864.5885	11	2	0	0	1	0.2630	0.7375
32	541	1	866.1384	10	7	0	0	1	0.2625	0.6916
32	542	1	867.6884	11	2	0	0	1	0.2620	0.7414
32	543	1	869.2383	13	9	90	0	1	0.2615	0.8395
32	544	1	870.7882	10	7	0	0	1	0.2610	0.6655
32	545	1	872.3381	9	5	0	0	1	0.2606	0.8118
32	546	1	873.8881	8	10	0	0	1	0.2601	1.0218
32	547	1	875.4380	7	3	0	0	1	0.2596	1.0721
32	548	1	877.0879	4	6	90	0	1	0.2591	0.9889
32	549	1	878.6711	3	4	0	0	1	0.2587	1.0070
32	550	1	880.2377	4	6	0	0	1	0.2582	1.0084
32	551	1	881.8210	7	3	0	0	1	0.2577	0.9758
32	552	1	883.3709	6	11	0	0	1	0.2572	1.0740
32	553	1	884.9875	4	6	90	0	1	0.2568	1.0429
32	554	1	886.5541	7	3	0	0	1	0.2563	0.9158
32	555	1	888.1040	4	6	0	0	1	0.2559	1.2378
32	556	1	889.9039	3	4	0	0	1	0.2554	0.8780
32	557	1	891.4538	15	12	0	0	1	0.2549	1.0871
32	558	1	893.0537	3	4	0	0	1	0.2545	0.9919
32	559	1	894.6370	1	13	0	0	1	0.2540	0.9440
32	560	1	896.1869	15	12	90	0	1	0.2536	1.0270
32	561	1	897.8035	2	14	90	0	1	0.2531	0.9934
32	562	1	899.3701	1	13	0	0	1	0.2527	0.8359
32	563	1	900.9200	2	14	0	0	1	0.2522	1.0289
32	564	1	902.5366	3	4	0	0	1	0.2518	0.9175
32	565	1	904.0865	1	13	0	0	1	0.2513	0.7754
32	566	1	905.6364	3	4	90	0	1	0.2509	0.8405
32	567	1	907.1863	15	12	0	0	1	0.2504	0.8438
32	568	1	908.7363	1	13	0	0	1	0.2500	0.7967
32	569	1	910.2862	2	14	0	0	1	0.2496	0.8161
32	570	1	911.8361	14	15	0	0	1	0.2491	0.7698
32	571	1	913.3860	2	14	0	1	1	0.2504	0.9149
32	572	1	914.9359	1	13	0	0	1	0.2500	0.7258
32	573	1	916.4859	2	14	0	0	1	0.2496	0.8080
32	574	1	918.0358	14	15	0	0	1	0.2491	0.7611
32	575	1	919.5857	15	12	90	0	1	0.2487	1.1312
32	576	1	921.3023	14	15	0	0	1	0.2483	0.7915
32	577	1	922.8522	1	13	0	0	1	0.2478	0.6816
32	578	1	924.4021	3	4	0	0	1	0.2474	0.7476
32	579	1	925.9520	15	12	0	0	1	0.2470	0.8937
32	580	1	927.5020	1	13	0	0	1	0.2466	0.7199
32	581	1	929.0519	14	15	0	0	1	0.2461	0.6410
32	582	1	930.6018	2	14	0	0	1	0.2457	0.7071
32	583	1	932.1517	14	15	0	0	1	0.2453	0.6461
32	584	1	933.7016	1	13	0	0	1	0.2449	0.6003
32	585	1	935.2515	2	14	90	1	1	0.2462	0.6024
32	586	1	936.8015	1	13	0	0	1	0.2457	0.6684
32	587	1	938.3514	3	4	0	0	1	0.2453	0.6226
32	588	1	939.9013	1	13	0	0	1	0.2449	0.5922
32	589	1	941.4512	15	12	90	1	1	0.2462	0.7388
32	590	1	943.0012	3	4	0	0	1	0.2458	0.6918
32	591	1	944.5511	15	12	0	0	1	0.2453	0.8871
32	592	1	946.1010	1	13	0	0	1	0.2449	0.6012
32	593	1	947.6509	14	15	90	0	1	0.2445	0.8275
32	594	1	949.2008	1	13	0	0	1	0.2441	0.7492
32	595	1	950.7508	3	4	90	0	1	0.2437	0.8313
32	596	1	952.3007	2	14	90	0	1	0.2433	0.9447
32	597	1	953.8506	3	4	0	0	1	0.2429	0.7553
32	598	1	955.4005	4	6	0	0	1	0.2425	0.9323
32	599	1	956.9504	6	11	0	0	1	0.2421	1.0154
32	600	1	958.5337	4	6	0	0	1	0.2417	0.9353
32	601	1	1036.3463	5	1	0	-1	0	0.2413	-1.0000
32	602	1	1038.3962	7	3	0	0	1	0.2409	1.0419
32	603	1	1039.9961	5	1	90	1	1	0.2421	0.9141
32	604	1	1041.5460	8	10	0	0	1	0.2417	1.1880
32	605	1	1043.2459	5	1	90	1	1	0.2430	1.0565
32	606	1	1044.7959	6	11	0	0	1	0.2426	1.0252
32	607	1	1046.4125	4	6	0	0	1	0.2422	1.0565
32	608	1	1047.9790	7	3	0	0	1	0.2418	0.8190
32	609	1	1049.5290	4	6	0	0	1	0.2414	0.8208
32	610	1	1051.0789	3	4	0	0	1	0.2410	0.8072
32	611	1	1052.6288	2	14	0	1	1	0.2422	1.0014
32	612	1	1054.1787	15	12	90	0	1	0.2418	0.9232
32	613	1	1055.7286	3	4	90	0	1	0.2414	0.8772
32	614	1	1057.2786	15	12	0	0	1	0.2410	0.7835
32	615	1	1058.8285	1	13	0	0	1	0.2407	0.7377
32	616	1	1060.3784	3	4	0	0	1	0.2403	0.8356
32	617	1	1061.9283	4	6	0	0	1	0.2399	0.7736
32	618	1	1063.4782	6	11	0	0	1	0.2395	0.9197
32	619	1	1065.0281	4	6	0	0	1	0.2391	0.7941
32	620	1	1066.5781	5	1	0	1	1	0.2403	1.1482
32	621	1	1068.1280	6	11	0	0	1	0.2399	0.9090
32	622	1	1069.6779	7	3	0	0	1	0.2395	0.9600
32	623	1	1071.2278	6	11	0	0	1	0.2392	0.9465
32	624	1	1072.7778	7	3	0	0	1	0.2388	0.9000
32	625	1	1074.3277	5	1	0	0	1	0.2384	1.1572
32	626	1	1076.0276	7	3	90	0	1	0.2380	1.1534
32	627	1	1077.7108	5	1	0	0	1	0.2376	0.8782
32	628	1	1079.2608	8	10	0	0	1	0.2373	1.0411
32	629	1	1080.8607	9	5	0	0	1	0.2369	0.8323
32	630	1	1082.4106	11	2	0	0	1	0.2365	0.8183
32	631	1	1083.9605	10	7	0	0	1	0.2361	0.9015
32	632	1	1085.5104	13	9	90	0	1	0.2358	1.0785
32	633	1	1087.1770	14	15	0	0	1	0.2354	1.0448
32	634	1	1088.7603	15	12	0	0	1	0.2350	0.8854
32	635	1	1090.3102	3	4	0	0	1	0.2346	0.7280
32	636	1	1091.8601	4	6	0	0	1	0.2343	0.6663
32	637	1	1093.4100	5	1	0	0	1	0.2339	0.7638
32	638	1	1094.9599	8	10	90	0	1	0.2335	0.9901
32	639	1	1096.5098	7	3	0	0	1	0.2332	0.7681
32	640	1	1098.0598	5	1	0	0	1	0.2328	0.8022
32	641	1	1099.6097	6	11	0	0	1	0.2324	0.7720
32	642	1	1101.1596	7	3	90	0	1	0.2321	1.0463
32	643	1	1102.7762	4	6	0	0	1	0.2317	0.9818
32	644	1	1104.3261	6	11	0	0	1	0.2314	0.8388
32	645	1	1105.8760	4	6	0	0	1	0.2310	0.7302
32	646	1	1107.4260	5	1	0	0	1	0.2307	0.7641
32	647	1	1108.9759	6	11	0	0	1	0.2303	0.6221
32	648	1	1110.5258	5	1	0	0	1	0.2299	0.7355
32	649	1	1112.0757	6	11	90	0	1	0.2296	0.9611
32	650	1	1113.6256	5	1	0	0	1	0.2292	0.7565
32	651	1	1115.1755	4	6	0	0	1	0.2289	1.0294
32	652	1	1116.7255	6	11	90	1	1	0.2301	1.1283
32	653	1	1118.2754	5	1	0	0	1	0.2297	0.8907
32	654	1	1119.8253	8	10	0	0	1	0.2294	0.8767
32	655	1	1121.3752	6	11	0	0	1	0.2290	0.7977
32	656	1	1122.9252	8	10	0	0	1	0.2287	0.7369
32	657	1	1124.4751	7	3	0	0	1	0.2283	0.8351
32	658	1	1126.0250	5	1	0	0	1	0.2280	0.7879
32	659	1	1127.5749	4	6	90	0	1	0.2276	0.9838
32	660	1	1129.1248	6	11	0	0	1	0.2273	0.8721
32	661	1	1130.6748	7	3	0	0	1	0.2269	0.9230
32	662	1	1132.2247	5	1	0	0	1	0.2266	1.2295
32	663	1	1133.9912	6	11	90	0	1	0.2262	0.8707
32	664	1	1135.5412	4	6	0	0	1	0.2259	0.8251
32	665	1	1137.0911	7	3	0	0	1	0.2256	0.8749
32	666	1	1138.6410	5	1	90	1	1	0.2267	1.2131
32	667	1	1140.1909	4	6	0	0	1	0.2264	0.8954
32	668	1	1141.7408	3	4	90	0	1	0.2260	0.7681
32	669	1	1143.2908	1	13	0	0	1	0.2257	0.8353
32	670	1	1144.8407	15	12	0	0	1	0.2254	0.8049
32	671	1	1146.3906	2	14	0	0	1	0.2250	0.8076
32	672	1	1147.9405	15	12	90	0	1	0.2247	0.8724
32	673	1	1149.4904	1	13	0	0	1	0.2244	0.6825
32	674	1	1151.0404	3	4	0	0	1	0.2240	0.7654
32	675	1	1152.5903	2	14	0	0	1	0.2237	0.7667
32	676	1	1154.1402	15	12	90	0	1	0.2234	0.9128
32	677	1	1155.6901	3	4	0	0	1	0.2230	0.6919
32	678	1	1157.2400	1	13	90	0	1	0.2227	1.0140
32	679	1	1158.7900	2	14	0	0	1	0.2224	0.8080
32	680	1	1160.3399	14	15	90	1	1	0.2235	1.0503
32	681	1	1161.8898	13	9	0	0	1	0.2232	0.9723
32	682	1	1163.4397	11	2	0	0	1	0.2229	0.8143
32	683	1	1164.9896	10	7	90	0	1	0.2225	1.0724
32	684	1	1166.5895	11	2	0	0	1	0.2222	0.7684
32	685	1	1168.1395	9	5	0	0	1	0.2219	0.8186
32	686	1	1169.6894	10	7	0	0	1	0.2216	0.7401
32	687	1	1171.2393	13	9	0	0	1	0.2213	0.8226
32	688	1	1172.7892	11	2	90	0	1	0.2209	0.9357
32	689	1	1174.3392	13	9	0	0	1	0.2206	0.7951
32	690	1	1175.8891	10	7	0	0	1	0.2203	1.0530
32	691	1	1177.4557	11	2	90	0	1	0.2200	0.9574
32	692	1	1179.0056	10	7	90	0	1	0.2197	0.9923
32	693	1	1180.5555	13	9	0	0	1	0.2193	0.8345
32	694	1	1182.1054	10	7	0	0	1	0.2190	0.8196
32	695	1	1183.6553	11	2	0	0	1	0.2187	0.7908
32	696	1	1185.2053	10	7	0	0	1	0.2184	0.7609
32	697	1	1186.7552	11	2	0	0	1	0.2181	0.6978
32	698	1	1188.3051	12	8	0	0	1	0.2178	0.7808
32	699	1	1189.8550	9	5	0	0	1	0.2175	0.7190
32	700	1	1191.4049	8	10	0	0	1	0.2171	1.2171
32	701	1	1193.1548	9	5	0	0	1	0.2168	0.7634
32	702	1	1194.7048	8	10	90	0	1	0.2165	1.0053
32	703	1	1196.2547	9	5	0	0	1	0.2162	0.7352
32	704	1	1197.8046	11	2	0	0	1	0.2159	0.8003
32	705	1	1199.3545	9	5	0	0	1	0.2156	0.9160
32	706	1	1200.9044	8	10	0	0	1	0.2153	1.0457
32	707	1	1202.5377	6	11	90	0	1	0.2150	0.9162
32	708	1	1204.0876	4	6	90	0	1	0.2147	1.0464
32	709	1	1205.6875	3	4	0	0	1	0.2144	0.7266
32	710	1	1207.2375	4	6	0	0	1	0.2141	0.8564
32	711	1	1208.7874	5	1	0	0	1	0.2138	0.9549
32	712	1	1210.3373	6	11	90	1	1	0.2149	0.9718
32	713	1	1211.8872	4	6	0	0	1	0.2146	0.8954
32	714	1	1213.4371	3	4	0	0	1	0.2143	1.1047
32	715	1	1215.0704	2	14	90	0	1	0.2140	0.9267
32	716	1	1216.6203	3	4	0	0	1	0.2137	0.7536
32	717	1	1218.1702	15	12	0	0	1	0.2134	1.0918
32	718	1	1219.8201	2	14	0	0	1	0.2131	0.8978
32	719	1	1221.3701	15	12	0	0	1	0.2128	0.7560
32	720	1	1222.9200	14	15	0	0	1	0.2125	0.7570
32	721	1	1224.4699	2	14	0	0	1	0.2122	0.7444
32	722	1	1226.0198	15	12	0	0	1	0.2119	0.7303
32	723	1	1227.5697	14	15	0	0	1	0.2116	0.6685
32	724	1	1229.1197	1	13	0	0	1	0.2113	0.7827
32	725	1	1230.6696	15	12	0	0	1	0.2110	0.8646
32	726	1	1232.2195	1	13	90	0	1	0.2107	0.8503
32	727	1	1233.7694	2	14	0	0	1	0.2105	0.6927
32	728	1	1235.3193	1	13	0	0	1	0.2102	0.7587
32	729	1	1236.8693	2	14	0	0	1	0.2099	0.7286
32	730	1	1238.4192	15	12	0	0	1	0.2096	0.6978
32	731	1	1239.9691	14	15	0	0	1	0.2093	0.6691
32	732	1	1241.5190	13	9	0	0	1	0.2090	0.7670
32	733	1	1243.0689	11	2	0	0	1	0.2087	0.7053
32	734	1	1244.6189	13	9	0	0	1	0.2084	0.7710
32	735	1	1246.1688	14	15	0	0	1	0.2082	0.7895
32	736	1	1247.7187	15	12	0	0	1	0.2079	0.6791
32	737	1	1249.2686	2	14	0	0	1	0.2076	0.6643
32	738	1	1250.8185	3	4	0	0	1	0.2073	0.6355
32	739	1	1252.3684	2	14	0	0	1	0.2070	0.7336
32	740	1	1253.9184	14	15	90	0	1	0.2068	1.2800
32	741	1	1255.7516	2	14	0	0	1	0.2065	0.7266
32	742	1	1257.3015	3	4	0	0	1	0.2062	0.6964
32	743	1	1258.8515	4	6	0	0	1	0.2059	0.8743
32	744	1	1260.4013	3	4	0	0	1	0.2056	0.8287
32	745	1	1261.9513	2	14	0	0	1	0.2054	0.8306
32	746	1	1263.5012	3	4	90	0	1	0.2051	0.8478
32	747	1	1265.0511	2	14	0	0	1	0.2048	0.8987
32	748	1	1266.6011	15	12	0	0	1	0.2045	0.9801
32	749	1	1268.1510	1	13	90	0	1	0.2043	0.9351
32	750	1	1269.7009	14	15	90	0	1	0.2040	0.8733
32	751	1	1271.2508	13	9	90	1	1	0.2051	0.7474
32	752	1	1272.8007	14	15	0	0	1	0.2048	0.8132
32	753	1	1274.3507	13	9	0	0	1	0.2045	0.7671
32	754	1	1275.9006	11	2	0	0	1	0.2042	0.7524
32	755	1	1277.4505	12	8	0	0	1	0.2040	0.7705
32	756	1	1279.0004	10	7	0	0	1	0.2037	0.7576
32	757	1	1280.5503	9	5	0	0	1	0.2034	0.7597
32	758	1	1282.1002	11	2	0	0	1	0.2032	0.7452
32	759	1	1283.6502	10	7	0	0	1	0.2029	0.8594
32	760	1	1285.2001	13	9	90	0	1	0.2026	0.7169
32	761	1	1286.7500	12	8	0	0	1	0.2024	0.7039
32	762	1	1288.2999	13	9	0	0	1	0.2021	0.8180
32	763	1	1289.8499	11	2	90	0	1	0.2018	0.9485
32	764	1	1291.3997	10	7	90	0	1	0.2016	1.0143
32	765	1	1292.9997	11	2	0	0	1	0.2013	0.7584
32	766	1	1294.5496	12	8	0	0	1	0.2010	0.6645
32	767	1	1296.0995	10	7	90	0	1	0.2008	0.8093
32	768	1	1297.6493	9	5	0	0	1	0.2005	0.7005
32	769	1	1299.1993	11	2	0	0	1	0.2003	0.7497
32	770	1	1300.7493	12	8	0	0	1	0.2000	0.6877
32	771	1	1302.2992	10	7	90	0	1	0.1997	0.8669
32	772	1	1303.8491	11	2	0	0	1	0.1995	0.6447
32	773	1	1305.3991	9	5	0	0	1	0.1992	0.7588
32	774	1	1306.9490	8	10	90	0	1	0.1990	0.9530
32	775	1	1308.4989	5	1	0	0	1	0.1987	0.9871
32	776	1	1310.0488	8	10	0	0	1	0.1985	0.9881
32	777	1	1311.5987	9	5	0	0	1	0.1982	0.8315
32	778	1	1313.1486	10	7	0	0	1	0.1979	0.9133
32	779	1	1314.6986	13	9	0	0	1	0.1977	0.7872
32	780	1	1316.2485	12	8	0	0	1	0.1974	0.7410
32	781	1	1317.7984	9	5	0	0	1	0.1972	0.7905
32	782	1	1319.3483	8	10	0	0	1	0.1969	0.9542
32	783	1	1320.8982	5	1	90	0	1	0.1967	0.8598
32	784	1	1322.4482	4	6	90	0	1	0.1964	0.9900
32	785	1	1324.0314	7	3	0	0	1	0.1962	0.8622
32	786	1	1325.5813	5	1	0	0	1	0.1959	0.8805
32	787	1	1327.1313	6	11	0	0	1	0.1957	0.8829
32	788	1	1328.6812	8	10	0	0	1	0.1954	0.9318
32	789	1	1330.2311	5	1	0	0	1	0.1952	0.8227
32	790	1	1331.7810	6	11	0	0	1	0.1949	0.7290
32	791	1	1333.3309	4	6	0	0	1	0.1947	1.1300
32	792	1	1334.9808	6	11	0	0	1	0.1944	0.7288
32	793	1	1336.5308	7	3	0	0	1	0.1942	0.7949
32	794	1	1338.0807	8	10	0	0	1	0.1940	0.7975
32	795	1	1339.6306	6	11	0	0	1	0.1937	0.8624
32	796	1	1341.1805	8	10	90	0	1	0.1935	1.1378
32	797	1	1342.8804	5	1	0	0	1	0.1932	0.8297
32	798	1	1344.4304	6	11	0	0	1	0.1930	0.7670
32	799	1	1345.9803	5	1	0	0	1	0.1927	0.6250
32	800	1	1347.5302	4	6	0	0	1	0.1925	0.7560
32	801	1	1349.0801	5	1	0	0	1	0.1923	0.6296
32	802	1	1350.6300	4	6	0	0	1	0.1920	0.8069
32	803	1	1352.1800	5	1	0	0	1	0.1918	0.5700
32	804	1	1353.7299	4	6	0	0	1	0.1915	0.5880
32	805	1	1355.2798	7	3	0	0	1	0.1913	0.7972
32	806	1	1356.8297	5	1	0	0	1	0.1911	0.8003
32	807	1	1358.3796	7	3	0	0	1	0.1908	0.8665
32	808	1	1359.9296	5	1	90	1	1	0.1918	0.7725
32	809	1	1361.4795	6	11	0	0	1	0.1916	0.9345
32	810	1	1363.0294	8	10	0	0	1	0.1914	0.8570
32	811	1	1364.5793	7	3	90	0	1	0.1911	0.9869
32	812	1	1366.1292	5	1	0	0	1	0.1909	0.7171
32	813	1	1367.6792	7	3	0	0	1	0.1907	0.6866
32	814	1	1369.2291	8	10	0	0	1	0.1904	0.7839
32	815	1	1370.7790	6	11	0	0	1	0.1902	0.7550
32	816	1	1372.3289	4	6	0	0	1	0.1900	0.9321
32	817	1	1373.8788	6	11	0	0	1	0.1897	0.8864
32	818	1	1375.4288	7	3	90	0	1	0.1895	1.1934
32	819	1	1377.1453	6	11	0	0	1	0.1893	0.7885
32	820	1	1378.6953	5	1	0	0	1	0.1890	0.7589
32	821	1	1380.2452	8	10	0	0	1	0.1888	0.8718
32	822	1	1381.7951	6	11	0	0	1	0.1886	0.9379
32	823	1	1383.3450	4	6	0	0	1	0.1883	0.8776
32	824	1	1384.8949	3	4	0	0	1	0.1881	0.8301
32	825	1	1386.4448	4	6	0	0	1	0.1879	0.9933
32	826	1	1388.0114	3	4	0	0	1	0.1877	0.8507
32	827	1	1389.5614	4	6	0	0	1	0.1874	0.6449
32	828	1	1391.1113	6	11	0	0	1	0.1872	0.8551
32	829	1	1392.6612	5	1	90	0	1	0.1870	0.7611
32	830	1	1394.2111	7	3	90	0	1	0.1867	0.9069
32	831	1	1395.7610	6	11	0	0	1	0.1865	1.1640
32	832	1	1397.4943	7	3	0	0	1	0.1863	0.7598
32	833	1	1399.0442	5	1	0	0	1	0.1861	0.7623
32	834	1	1400.5941	4	6	0	0	1	0.1859	0.8922
32	835	1	1402.1440	6	11	0	0	1	0.1856	0.8779
32	836	1	1403.6940	5	1	0	0	1	0.1854	0.6881
32	837	1	1405.2439	6	11	0	0	1	0.1852	0.6424
32	838	1	1406.7938	4	6	0	0	1	0.1850	0.8672
32	839	1	1408.3437	5	1	0	0	1	0.1847	0.6623
32	840	1	1409.8936	4	6	0	0	1	0.1845	0.9353
32	841	1	1411.4436	6	11	90	0	1	0.1843	1.0024
32	842	1	1413.0102	7	3	0	0	1	0.1841	1.0201
32	843	1	1414.5767	4	6	0	0	1	0.1839	0.7492
32	844	1	1416.1266	6	11	90	0	1	0.1836	0.8947
32	845	1	1417.6766	4	6	0	0	1	0.1834	0.6414
32	846	1	1419.2265	5	1	0	0	1	0.1832	0.6438
32	847	1	1420.7764	6	11	0	0	1	0.1830	0.7099
32	848	1	1422.3263	8	10	0	0	1	0.1828	0.9036
32	849	1	1423.8763	9	5	0	0	1	0.1826	0.7939
32	850	1	1425.4262	8	10	0	0	1	0.1824	0.7479
32	851	1	1426.9761	6	11	0	0	1	0.1821	0.8130
32	852	1	1428.5260	5	1	0	0	1	0.1819	0.6565
32	853	1	1430.0759	6	11	0	0	1	0.1817	0.6905
32	854	1	1431.6259	7	3	0	0	1	0.1815	0.7555
32	855	1	1433.1758	6	11	90	0	1	0.1813	0.9661
32	856	1	1434.7257	4	6	0	0	1	0.1811	0.9204
32	857	1	1436.2756	6	11	0	0	1	0.1809	1.0496
32	858	1	1437.8922	5	1	0	0	1	0.1807	0.8737
32	859	1	1439.4421	4	6	0	0	1	0.1804	0.6837
32	860	1	1440.9920	5	1	0	0	1	0.1802	0.6539
32	861	1	1442.5419	4	6	0	0	1	0.1800	0.7683
32	862	1	1444.0919	7	3	0	0	1	0.1798	0.7219
32	863	1	1445.6418	4	6	90	1	1	0.1808	0.6438
32	864	1	1447.1917	5	1	90	1	1	0.1817	0.7422
32	865	1	1448.7416	4	6	0	0	1	0.1815	0.9353
32	866	1	1450.2916	7	3	90	0	1	0.1813	0.8586
32	867	1	1451.8415	8	10	0	0	1	0.1811	0.6996
32	868	1	1453.3914	9	5	0	0	1	0.1809	0.7351
32	869	1	1454.9413	11	2	0	0	1	0.1807	0.7047
32	870	1	1456.4912	12	8	90	1	1	0.1816	0.6913
32	871	1	1458.0412	13	9	90	1	1	0.1825	0.8051
32	872	1	1459.5911	14	15	0	0	1	0.1823	0.9510
32	873	1	1461.1410	2	14	0	0	1	0.1821	1.3536
32	874	1	1463.0576	3	4	0	0	1	0.1819	0.7008
32	875	1	1464.6074	4	6	0	0	1	0.1817	0.8303
32	876	1	1466.1574	6	11	90	1	1	0.1826	0.6890
32	877	1	1467.7073	5	1	0	0	1	0.1824	0.7866
32	878	1	1469.2572	7	3	0	0	1	0.1822	1.0769
32	879	1	1470.8738	4	6	0	0	1	0.1820	0.8044
32	880	1	1472.4237	6	11	0	0	1	0.1818	0.8221
32	881	1	1473.9737	5	1	0	0	1	0.1816	0.7922
32	882	1	1475.5236	8	10	0	0	1	0.1814	0.5703
32	883	1	1477.0735	5	1	0	0	1	0.1812	0.6684
32	884	1	1478.6234	4	6	0	0	1	0.1810	0.9266
32	885	1	1480.1733	7	3	0	0	1	0.1808	0.8011
32	886	1	1481.7233	6	11	0	0	1	0.1806	0.8665
32	887	1	1483.2732	5	1	0	0	1	0.1804	0.6607
32	888	1	1484.8231	6	11	0	0	1	0.1802	0.6950
32	889	1	1486.3730	4	6	0	0	1	0.1800	0.8719
32	890	1	1487.9229	5	1	0	0	1	0.1798	0.7473
32	891	1	1489.4729	4	6	0	0	1	0.1796	0.9732
32	892	1	1491.0228	7	3	0	0	1	0.1794	0.8942
32	893	1	1492.5727	4	6	90	0	1	0.1792	0.7373
32	894	1	1494.1226	6	11	0	0	1	0.1790	0.8832
32	895	1	1495.6725	5	1	0	0	1	0.1788	0.6457
32	896	1	1497.2224	7	3	0	0	1	0.1786	0.7278
32	897	1	1498.7724	4	6	0	0	1	0.1784	0.6175
32	898	1	1500.3223	5	1	0	0	1	0.1782	0.7799
32	899	1	1501.8722	6	11	90	0	1	0.1780	0.9260
32	900	1	1503.4221	5	1	90	0	1	0.1778	0.8629
32	901	1	1504.9721	7	3	0	0	1	0.1776	0.8340
32	902	1	1506.5220	5	1	0	0	1	0.1774	0.8521
32	903	1	1508.0719	7	3	0	0	1	0.1772	0.8691
32	904	1	1509.6218	4	6	0	0	1	0.1770	0.8712
32	905	1	1511.1717	6	11	0	0	1	0.1768	0.8742
32	906	1	1512.7217	5	1	0	0	1	0.1766	1.1958
32	907	1	1514.4216	8	10	90	1	1	0.1775	0.8554
32	908	1	1515.9715	9	5	90	1	1	0.1784	1.2428
32	909	1	1517.5214	11	2	0	0	1	0.1782	1.1647
32	910	1	1519.2547	12	8	0	0	1	0.1780	0.7591
32	911	1	1520.8046	10	7	0	0	1	0.1778	0.8574
32	912	1	1522.3545	13	9	0	0	1	0.1776	0.8592
32	913	1	1523.9044	11	2	0	0	1	0.1774	0.7337
32	914	1	1525.4543	10	7	90	0	1	0.1772	0.9279
32	915	1	1527.0043	12	8	0	0	1	0.1770	0.7862
32	916	1	1528.5542	11	2	0	0	1	0.1769	0.6914
32	917	1	1530.1041	12	8	0	0	1	0.1767	0.6463
32	918	1	1531.6540	13	9	90	0	1	0.1765	0.7914
32	919	1	1533.2039	14	15	0	0	1	0.1763	0.7931
32	920	1	1534.7538	2	14	0	0	1	0.1761	0.8761
32	921	1	1536.3038	3	4	0	0	1	0.1759	0.7185
32	922	1	1537.8537	15	12	0	0	1	0.1757	0.8486
32	923	1	1539.4036	3	4	0	0	1	0.1755	0.7062
32	924	1	1540.9535	4	6	0	0	1	0.1753	0.7875
32	925	1	1542.5035	7	3	0	0	1	0.1751	0.7577
32	926	1	1544.0534	4	6	0	0	1	0.1749	0.6642
32	927	1	1545.6033	3	4	0	0	1	0.1748	0.6509
32	928	1	1547.1532	1	13	0	0	1	0.1746	0.8131
32	929	1	1548.7031	3	4	0	0	1	0.1744	0.7188
32	930	1	1550.2531	1	13	0	0	1	0.1742	0.5611
32	931	1	1551.8030	3	4	0	0	1	0.1740	0.6261
32	932	1	1553.3529	2	14	0	0	1	0.1738	0.7890
32	933	1	1554.9028	14	15	0	0	1	0.1736	0.8068
32	934	1	1556.4527	13	9	0	0	1	0.1734	0.7456
32	935	1	1558.0026	11	2	0	0	1	0.1733	0.9397
32	936	1	1559.5526	10	7	0	0	1	0.1731	1.1016
32	937	1	1561.2358	11	2	0	0	1	0.1729	0.7941
32	938	1	1562.7857	13	9	90	1	1	0.1738	0.7644
32	939	1	1564.3357	12	8	0	0	1	0.1736	0.8304
32	940	1	1565.8856	13	9	0	0	1	0.1734	0.8646
32	941	1	1567.4355	12	8	90	0	1	0.1732	0.7538
32	942	1	1568.9854	10	7	0	0	1	0.1730	0.9005
32	943	1	1570.5353	11	2	0	0	1	0.1729	0.7746
32	944	1	1572.0853	12	8	90	0	1	0.1727	0.7930
32	945	1	1573.6352	10	7	0	0	1	0.1725	0.7150
32	946	1	1575.1851	11	2	0	0	1	0.1723	0.7009
32	947	1	1576.7350	12	8	0	0	1	0.1721	0.7675
32	948	1	1578.2849	10	7	90	0	1	0.1719	0.8494
32	949	1	1579.8349	12	8	0	0	1	0.1718	0.7227
32	950	1	1581.3848	10	7	0	0	1	0.1716	0.8843
32	951	1	1582.9347	9	5	0	0	1	0.1714	0.7903
32	952	1	1584.4846	8	10	0	0	1	0.1712	0.8254
32	953	1	1586.0345	9	5	90	0	1	0.1710	0.8755
32	954	1	1587.5844	8	10	0	0	1	0.1709	0.8288
32	955	1	1589.1344	5	1	0	1	1	0.1717	1.0706
32	956	1	1590.6843	6	11	0	0	1	0.1715	0.9300
32	957	1	1592.2342	8	10	0	0	1	0.1714	1.1711
32	958	1	1593.9341	6	11	0	0	1	0.1712	1.0877
32	959	1	1595.6007	8	10	90	0	1	0.1710	0.9574
32	960	1	1597.1506	5	1	90	1	1	0.1719	1.1197
32	961	1	1598.7005	7	3	0	0	1	0.1717	1.3618
32	962	1	1600.6171	6	11	0	0	1	0.1715	0.9490
32	963	1	1602.1670	5	1	0	0	1	0.1713	1.2071
32	964	1	1603.9669	8	10	0	0	1	0.1712	0.9752
32	965	1	1605.5169	9	5	0	0	1	0.1710	0.8802
32	966	1	1607.0668	10	7	0	0	1	0.1708	0.8033
32	967	1	1608.6167	11	2	0	0	1	0.1706	0.9013
32	968	1	1610.1666	9	5	0	0	1	0.1705	0.7424
32	969	1	1611.7165	8	10	0	0	1	0.1703	0.8258
32	970	1	1613.2665	6	11	0	0	1	0.1701	0.8752
32	971	1	1614.8164	4	6	0	0	1	0.1699	0.8778
32	972	1	1616.3663	6	11	0	0	1	0.1698	0.8958
32	973	1	1617.9162	5	1	90	0	1	0.1696	1.0261
32	974	1	1619.4828	7	3	90	1	1	0.1704	0.7702
32	975	1	1621.0327	6	11	0	0	1	0.1703	1.2045
32	976	1	1622.8160	5	1	0	0	1	0.1701	0.8460
32	977	1	1624.3659	4	6	90	1	1	0.1709	0.8324
32	978	1	1625.9158	5	1	0	0	1	0.1708	1.2178
32	979	1	1627.6490	4	6	90	1	1	0.1716	1.1480
32	980	1	1629.1990	7	3	0	0	1	0.1714	0.9112
32	981	1	1630.7489	6	11	0	0	1	0.1713	0.9133
32	982	1	1632.2988	4	6	90	0	1	0.1711	1.0436
32	983	1	1633.8654	6	11	0	0	1	0.1709	0.9489
32	984	1	1635.4153	8	10	0	0	1	0.1707	0.8227
32	985	1	1636.9652	5	1	0	0	1	0.1706	0.9358
32	986	1	1638.5152	4	6	0	1	1	0.1714	0.7629
32	987	1	1640.0651	7	3	0	0	1	0.1712	0.9248
32	988	1	1641.6150	8	10	0	0	1	0.1711	0.6549
32	989	1	1643.1649	5	1	0	0	1	0.1709	0.8331
32	990	1	1644.7148	7	3	0	0	1	0.1707	0.8195
32	991	1	1646.2647	6	11	0	0	1	0.1705	0.8053
32	992	1	1647.8147	7	3	0	0	1	0.1704	0.8554
32	993	1	1649.3646	6	11	0	0	1	0.1702	0.9853
32	994	1	1650.9145	4	6	0	0	1	0.1700	0.9225
32	995	1	1652.4644	7	3	0	0	1	0.1698	0.8297
32	996	1	1654.0143	5	1	0	0	1	0.1697	0.8796
32	997	1	1655.5643	4	6	90	0	1	0.1695	0.8979
32	998	1	1657.1142	3	4	0	0	1	0.1693	0.8361
32	999	1	1658.6641	1	13	0	0	1	0.1692	0.7579
32	1000	1	1660.2140	2	14	0	0	1	0.1690	0.7761
32	1001	1	1661.7639	15	12	0	0	1	0.1688	0.9703
32	1002	1	1663.3139	14	15	0	0	1	0.1687	0.8592
32	1003	1	1664.8638	2	14	0	0	1	0.1685	0.7173
32	1004	1	1666.4137	15	12	0	0	1	0.1683	0.7034
32	1005	1	1667.9636	14	15	90	0	1	0.1682	0.7862
32	1006	1	1669.5135	15	12	90	0	1	0.1680	0.8835
32	1007	1	1671.0635	14	15	90	0	1	0.1678	0.9347
32	1008	1	1672.6134	2	14	90	0	1	0.1677	0.9532
32	1009	1	1674.1633	3	4	0	0	1	0.1675	0.8264
32	1010	1	1675.7132	15	12	0	0	1	0.1673	0.7653
32	1011	1	1677.2631	1	13	0	0	1	0.1672	0.7346
32	1012	1	1678.8131	2	14	0	0	1	0.1670	0.8172
32	1013	1	1680.3630	14	15	0	0	1	0.1668	0.6588
32	1014	1	1681.9129	15	12	0	0	1	0.1667	0.6287
32	1015	1	1683.4628	3	4	90	0	1	0.1665	0.7742
32	1016	1	1685.0127	2	14	0	0	1	0.1663	0.6817
32	1017	1	1686.5627	15	12	0	0	1	0.1662	0.7151
32	1018	1	1688.1126	1	13	0	0	1	0.1660	0.6844
32	1019	1	1689.6625	2	14	0	0	1	0.1658	0.7825
32	1020	1	1691.2124	1	13	90	0	1	0.1657	1.1698
32	1021	1	1692.9457	14	15	0	0	1	0.1655	0.7802
32	1022	1	1694.4956	2	14	0	0	1	0.1654	0.6224
32	1023	1	1696.0455	3	4	0	0	1	0.1652	0.8003
32	1024	1	1697.5954	1	13	0	0	1	0.1650	0.6747
32	1025	1	1699.1453	2	14	0	0	1	0.1649	0.5805
32	1026	1	1700.6953	15	12	90	0	1	0.1647	0.8070
32	1027	1	1702.2452	2	14	0	0	1	0.1646	0.5518
32	1028	1	1703.7951	14	15	0	0	1	0.1644	0.5069
32	1029	1	1705.3450	13	9	0	0	1	0.1642	0.7970
32	1030	1	1706.8949	14	15	0	0	1	0.1641	0.5270
32	1031	1	1708.4449	2	14	90	0	1	0.1639	0.8332
32	1032	1	1709.9948	1	13	0	0	1	0.1638	0.7232
32	1033	1	1711.5447	14	15	90	0	1	0.1636	0.7403
32	1034	1	1713.0946	2	14	90	1	1	0.1644	0.7585
32	1035	1	1714.6445	15	12	90	0	1	0.1643	0.9374
32	1036	1	1716.1945	3	4	0	0	1	0.1641	0.7156
32	1037	1	1717.7444	2	14	0	0	1	0.1639	0.7978
32	1038	1	1719.2943	14	15	90	0	1	0.1638	0.7357
32	1039	1	1720.8442	13	9	0	0	1	0.1636	0.7376
32	1040	1	1722.3941	11	2	0	0	1	0.1635	0.8202
32	1041	1	1723.9441	9	5	0	0	1	0.1633	0.7740
32	1042	1	1725.4939	8	10	0	0	1	0.1631	0.8718
32	1043	1	1727.0438	7	3	90	0	1	0.1630	0.8419
32	1044	1	1728.5938	4	6	90	0	1	0.1628	0.8763
32	1045	1	1730.1437	5	1	0	-1	0	0.1627	-1.0000
32	1046	1	1732.2103	6	11	0	0	1	0.1625	0.7638
32	1047	1	1733.7602	5	1	0	0	1	0.1624	0.9408
32	1048	1	1735.3101	4	6	90	0	1	0.1622	0.8317
32	1049	1	1736.8601	5	1	0	1	1	0.1630	0.7221
32	1050	1	1738.4100	7	3	0	0	1	0.1629	0.7871
32	1051	1	1739.9599	5	1	0	0	1	0.1627	0.8052
32	1052	1	1741.5098	6	11	0	0	1	0.1625	0.7762
32	1053	1	1743.0597	7	3	0	0	1	0.1624	0.8745
32	1054	1	1744.6097	8	10	90	0	1	0.1622	1.0674
32	1055	1	1746.2596	9	5	0	0	1	0.1621	0.8095
32	1056	1	1747.8095	11	2	0	0	1	0.1619	0.7326
32	1057	1	1749.3594	10	7	90	0	1	0.1618	0.8307
32	1058	1	1750.9093	12	8	0	0	1	0.1616	0.7848
32	1059	1	1752.4593	10	7	0	0	1	0.1615	1.0108
32	1060	1	1754.0592	11	2	0	0	1	0.1613	0.8990
32	1061	1	1755.6091	13	9	0	0	1	0.1612	0.9333
32	1062	1	1757.1590	11	2	0	0	1	0.1610	1.0148
32	1063	1	1758.7089	10	7	0	0	1	0.1609	0.8082
32	1064	1	1760.2588	11	2	90	0	1	0.1607	0.8591
32	1065	1	1761.8088	12	8	90	0	1	0.1606	0.7816
32	1066	1	1763.3587	11	2	0	0	1	0.1604	0.6546
32	1067	1	1764.9086	10	7	0	0	1	0.1603	0.7697
32	1068	1	1766.4585	12	8	90	0	1	0.1601	0.7555
32	1069	1	1768.0084	11	2	0	0	1	0.1600	0.8049
32	1070	1	1769.5584	9	5	0	0	1	0.1598	0.8067
32	1071	1	1771.1083	10	7	0	0	1	0.1597	0.7623
32	1072	1	1772.6582	11	2	90	0	1	0.1595	0.8759
32	1073	1	1774.2081	12	8	0	0	1	0.1594	0.7656
32	1074	1	1775.7580	9	5	0	0	1	0.1592	0.7989
32	1075	1	1777.3080	10	7	90	0	1	0.1591	0.9782
32	1076	1	1778.8579	11	2	90	0	1	0.1589	1.0437
32	1077	1	1780.4411	9	5	0	0	1	0.1588	0.9159
32	1078	1	1781.9911	11	2	0	0	1	0.1586	0.8714
32	1079	1	1783.5410	12	8	90	0	1	0.1585	0.8412
32	1080	1	1785.0909	9	5	0	0	1	0.1583	0.7313
32	1081	1	1786.6408	12	8	0	0	1	0.1582	0.7014
32	1082	1	1788.1907	10	7	0	0	1	0.1580	0.9752
32	1083	1	1789.7407	11	2	0	0	1	0.1579	0.8809
32	1084	1	1791.2906	13	9	0	0	1	0.1577	0.8356
32	1085	1	1792.8405	10	7	90	0	1	0.1576	0.8853
32	1086	1	1794.3904	9	5	0	0	1	0.1575	0.7426
32	1087	1	1795.9403	12	8	0	0	1	0.1573	0.6823
32	1088	1	1797.4903	11	2	0	0	1	0.1572	0.6188
32	1089	1	1799.0402	12	8	0	0	1	0.1570	0.6689
32	1090	1	1800.5901	9	5	0	0	1	0.1569	0.6722
32	1091	1	1802.1400	11	2	90	1	1	0.1577	0.6741
32	1092	1	1803.6899	9	5	0	0	1	0.1575	0.6752
32	1093	1	1805.2398	10	7	0	0	1	0.1574	0.9012
32	1094	1	1806.7898	12	8	0	0	1	0.1572	0.6805
32	1095	1	1808.3397	13	9	0	0	1	0.1571	0.8260
32	1096	1	1809.8896	12	8	0	0	1	0.1569	0.8434
32	1097	1	1811.4395	11	2	0	0	1	0.1568	0.9582
32	1098	1	1812.9895	10	7	0	0	1	0.1566	0.8956
32	1099	1	1814.5394	11	2	0	0	1	0.1565	0.7537
32	1100	1	1816.0893	12	8	0	0	1	0.1564	0.6767
32	1101	1	1817.6392	10	7	0	0	1	0.1562	1.2391
32	1102	1	1819.4391	11	2	0	0	1	0.1561	0.8632
32	1103	1	1820.9890	9	5	0	0	1	0.1559	0.6891
32	1104	1	1822.5390	8	10	90	0	1	0.1558	1.1554
32	1105	1	1824.2722	6	11	90	0	1	0.1557	0.9569
32	1106	1	1825.8221	4	6	90	1	1	0.1564	0.8478
32	1107	1	1827.3720	7	3	0	0	1	0.1563	0.8650
32	1108	1	1828.9220	8	10	0	0	1	0.1561	0.8039
32	1109	1	1830.4719	7	3	90	0	1	0.1560	1.0304
32	1110	1	1832.0718	5	1	0	0	1	0.1559	1.1423
32	1111	1	1833.7550	6	11	0	0	1	0.1557	1.0910
32	1112	1	1835.4216	8	10	0	0	1	0.1556	0.8795
32	1113	1	1836.9715	6	11	0	0	1	0.1554	0.8826
32	1114	1	1838.5215	7	3	0	0	1	0.1553	1.3167
32	1115	1	1840.3380	6	11	0	0	1	0.1552	0.9403
32	1116	1	1841.8880	7	3	0	0	1	0.1550	0.8299
32	1117	1	1843.4379	6	11	0	0	1	0.1549	0.8482
32	1118	1	1844.9878	5	1	0	0	1	0.1547	0.9143
32	1119	1	1846.5377	6	11	0	0	1	0.1546	0.8203
32	1120	1	1848.0876	4	6	0	0	1	0.1545	0.8855
32	1121	1	1849.6376	5	1	0	0	1	0.1543	1.1925
32	1122	1	1851.4041	8	10	0	0	1	0.1542	1.1535
32	1123	1	1853.0707	9	5	0	0	1	0.1541	1.1835
32	1124	1	1854.8373	10	7	0	0	1	0.1539	0.9200
32	1125	1	1856.3872	12	8	0	0	1	0.1538	0.6830
32	1126	1	1857.9371	11	2	0	0	1	0.1536	0.7654
32	1127	1	1859.4870	10	7	90	0	1	0.1535	0.9100
32	1128	1	1861.0370	12	8	0	0	1	0.1534	0.6891
32	1129	1	1862.5869	13	9	0	0	1	0.1532	0.8354
32	1130	1	1864.1368	11	2	0	0	1	0.1531	0.7562
32	1131	1	1865.6867	10	7	0	0	1	0.1530	1.1743
32	1132	1	1867.3700	13	9	0	0	1	0.1528	0.8203
32	1133	1	1868.9199	11	2	90	0	1	0.1527	0.9349
32	1134	1	1870.4698	9	5	0	0	1	0.1526	0.7751
32	1135	1	1872.0197	8	10	0	0	1	0.1524	0.7462
32	1136	1	1873.5697	9	5	0	0	1	0.1523	0.6845
32	1137	1	1875.1196	10	7	0	1	1	0.1530	0.7025
32	1138	1	1876.6695	13	9	0	0	1	0.1529	0.8329
32	1139	1	1878.2194	14	15	90	0	1	0.1528	0.8337
32	1140	1	1879.7693	1	13	0	0	1	0.1526	0.8050
32	1141	1	1881.3193	14	15	0	0	1	0.1525	0.9499
32	1142	1	1882.8692	2	14	0	0	1	0.1524	0.7931
32	1143	1	1884.4191	3	4	0	0	1	0.1522	0.7460
32	1144	1	1885.9690	2	14	0	0	1	0.1521	0.9091
32	1145	1	1887.5189	3	4	0	0	1	0.1520	0.7995
32	1146	1	1889.0688	15	12	0	0	1	0.1518	0.8014
32	1147	1	1890.6188	2	14	0	0	1	0.1517	0.7875
32	1148	1	1892.1687	1	13	0	0	1	0.1516	0.7572
32	1149	1	1893.7186	14	15	0	0	1	0.1514	1.0305
32	1150	1	1895.3352	15	12	0	0	1	0.1513	0.7748
32	1151	1	1896.8851	2	14	0	0	1	0.1512	0.6330
32	1152	1	1898.4350	15	12	0	0	1	0.1510	0.6668
32	1153	1	1899.9850	1	13	0	0	1	0.1509	0.7332
32	1154	1	1901.5349	3	4	0	0	1	0.1508	0.6225
32	1155	1	1903.0848	1	13	0	0	1	0.1506	0.5770
32	1156	1	1904.6347	15	12	0	0	1	0.1505	0.6424
32	1157	1	1906.1846	3	4	90	0	1	0.1504	0.7566
32	1158	1	1907.7345	2	14	0	0	1	0.1503	0.5665
32	1159	1	1909.2845	3	4	0	0	1	0.1501	0.6495
32	1160	1	1910.8344	1	13	90	0	1	0.1500	0.7797
32	1161	1	1912.3843	3	4	0	0	1	0.1499	0.6540
32	1162	1	1913.9342	2	14	0	0	1	0.1497	0.7828
32	1163	1	1915.4841	15	12	90	0	1	0.1496	0.9138
32	1164	1	1917.0341	3	4	0	0	1	0.1495	0.6763
32	1165	1	1918.5840	15	12	0	0	1	0.1494	0.7261
32	1166	1	1920.1339	2	14	0	0	1	0.1492	0.8559
32	1167	1	1921.6838	14	15	0	0	1	0.1491	0.7459
32	1168	1	1923.2337	1	13	0	0	1	0.1490	0.6204
32	1169	1	1924.7837	14	15	90	0	1	0.1488	0.7506
32	1170	1	1926.3336	13	9	0	0	1	0.1487	0.7368
32	1171	1	1927.8835	11	2	0	0	1	0.1486	0.8187
32	1172	1	1929.4334	9	5	90	0	1	0.1485	0.9157
32	1173	1	1930.9833	8	10	90	0	1	0.1483	1.2230
32	1174	1	1932.7666	5	1	0	0	1	0.1482	0.8155
32	1175	1	1934.3165	7	3	0	0	1	0.1481	0.8977
32	1176	1	1935.8664	8	10	0	0	1	0.1480	0.8837
32	1177	1	1937.4163	5	1	0	0	1	0.1478	1.0940
32	1178	1	1939.0663	4	6	0	0	1	0.1477	0.9319
32	1179	1	1940.6162	3	4	0	0	1	0.1476	0.9016
32	1180	1	1942.1661	1	13	0	0	1	0.1475	0.8078
32	1181	1	1943.7160	15	12	0	0	1	0.1473	0.7304
32	1182	1	1945.2659	1	13	0	0	1	0.1472	0.8602
32	1183	1	1946.8159	2	14	0	0	1	0.1471	0.7986
32	1184	1	1948.3658	14	15	0	0	1	0.1470	0.8314
32	1185	1	1949.9157	2	14	0	1	1	0.1477	0.9294
32	1186	1	1951.4656	15	12	0	0	1	0.1476	0.8208
32	1187	1	1953.0155	2	14	90	0	1	0.1474	0.8706
32	1188	1	1954.5655	14	15	0	0	1	0.1473	0.7596
32	1189	1	1956.1154	15	12	0	0	1	0.1472	0.8107
32	1190	1	1957.6653	3	4	90	0	1	0.1471	0.7478
32	1191	1	1959.2152	1	13	0	0	1	0.1469	1.1338
32	1192	1	1960.8985	14	15	0	0	1	0.1468	0.8437
32	1193	1	1962.4484	1	13	0	0	1	0.1467	0.6854
32	1194	1	1963.9983	2	14	0	0	1	0.1466	0.8637
32	1195	1	1965.5482	15	12	0	0	1	0.1464	0.7539
32	1196	1	1967.0981	2	14	90	0	1	0.1463	0.7870
32	1197	1	1968.6481	15	12	0	0	1	0.1462	0.6140
32	1198	1	1970.1980	14	15	0	0	1	0.1461	0.7280
32	1199	1	1971.7479	13	9	90	0	1	0.1460	0.8904
32	1200	1	1973.2978	10	7	90	0	1	0.1458	1.0203
32	1201	1	1974.8477	13	9	0	0	1	0.1457	0.8464
32	1202	1	1976.3977	10	7	0	0	1	0.1456	0.7850
32	1203	1	1977.9476	12	8	0	0	1	0.1455	0.7385
32	1204	1	1979.4975	11	2	90	0	1	0.1453	0.8046
32	1205	1	1981.0474	13	9	0	0	1	0.1452	0.6944
32	1206	1	1982.5973	14	15	90	1	1	0.1459	0.7927
32	1207	1	1984.1473	15	12	0	0	1	0.1458	0.7787
32	1208	1	1985.6972	2	14	0	0	1	0.1457	0.8128
32	1209	1	1987.2471	14	15	0	0	1	0.1456	0.7511
32	1210	1	1988.7970	2	14	0	0	1	0.1455	0.9768
32	1211	1	1990.3469	3	4	0	0	1	0.1453	0.8831
32	1212	1	1991.8969	15	12	0	0	1	0.1452	0.7722
32	1213	1	1993.4468	2	14	90	0	1	0.1451	1.0793
32	1214	1	1995.0800	15	12	90	0	1	0.1450	1.4302
32	1215	1	1997.0299	1	13	0	0	1	0.1449	0.7751
32	1216	1	1998.5799	14	15	90	0	1	0.1447	1.0025
32	1217	1	2000.1298	15	12	0	0	1	0.1446	0.7484
32	1218	1	2001.6797	3	4	0	0	1	0.1445	0.7174
32	1219	1	2003.2296	2	14	90	0	1	0.1444	0.8483
32	1220	1	2004.7795	14	15	0	0	1	0.1443	1.0108
32	1221	1	2006.3295	1	13	0	0	1	0.1441	0.7556
32	1222	1	2007.8794	2	14	0	0	1	0.1440	0.9345
32	1223	1	2009.4293	15	12	0	0	1	0.1439	0.7441
32	1224	1	2010.9792	1	13	0	0	1	0.1438	0.6660
32	1225	1	2012.5291	14	15	0	0	1	0.1437	0.6540
32	1226	1	2014.0790	2	14	0	0	1	0.1436	0.5900
32	1227	1	2015.6290	1	13	0	0	1	0.1434	0.5613
32	1228	1	2017.1789	15	12	0	0	1	0.1433	0.6912
32	1229	1	2018.7288	2	14	90	0	1	0.1432	0.8204
32	1230	1	2020.2787	14	15	90	1	1	0.1439	0.6474
32	1231	1	2021.8286	2	14	90	0	1	0.1438	1.3059
32	1232	1	2023.6952	3	4	0	0	1	0.1437	0.7190
32	1233	1	2025.2451	4	6	0	0	1	0.1436	0.7681
32	1234	1	2026.7951	7	3	0	0	1	0.1434	0.7391
32	1235	1	2028.3450	8	10	90	0	1	0.1433	0.9001
32	1236	1	2029.8949	6	11	90	0	1	0.1432	0.8546
32	1237	1	2031.4448	5	1	0	0	1	0.1431	1.0333
32	1238	1	2033.0614	8	10	0	0	1	0.1430	1.4327
32	1239	1	2035.0113	7	3	90	0	1	0.1429	1.0981
32	1240	1	2036.6945	5	1	0	0	1	0.1427	1.1437
32	1241	1	2038.3611	7	3	0	0	1	0.1426	1.1415
32	1242	1	2040.0277	8	10	0	0	1	0.1425	0.7863
32	1243	1	2041.5776	7	3	0	0	1	0.1424	0.9004
32	1244	1	2043.1275	4	6	0	0	1	0.1423	0.8708
32	1245	1	2044.6775	7	3	0	0	1	0.1422	0.8086
32	1246	1	2046.2274	6	11	0	0	1	0.1421	0.9537
32	1247	1	2047.7773	8	10	0	0	1	0.1419	1.0528
32	1248	1	2049.4105	6	11	0	0	1	0.1418	0.7633
32	1249	1	2050.9605	7	3	90	1	1	0.1425	0.8458
32	1250	1	2052.5104	8	10	90	1	1	0.1432	0.7667
32	1251	1	2054.0603	9	5	90	0	1	0.1431	1.0259
32	1252	1	2055.6436	10	7	0	0	1	0.1430	0.9467
32	1253	1	2057.1935	9	5	0	0	1	0.1429	0.8846
32	1254	1	2058.7434	12	8	90	0	1	0.1427	0.8707
32	1255	1	2060.2933	13	9	0	0	1	0.1426	0.8410
32	1256	1	2061.8432	14	15	0	0	1	0.1425	0.9070
32	1257	1	2063.3932	2	14	90	0	1	0.1424	0.9892
32	1258	1	2064.9431	15	12	0	0	1	0.1423	0.8460
32	1259	1	2066.4930	14	15	0	0	1	0.1422	0.7853
32	1260	1	2068.0429	13	9	0	0	1	0.1421	0.6910
32	1261	1	2069.5928	10	7	0	0	1	0.1420	0.9332
32	1262	1	2071.1428	11	2	0	0	1	0.1418	0.7277
32	1263	1	2072.6927	10	7	0	0	1	0.1417	0.8255
32	1264	1	2074.2426	12	8	0	0	1	0.1416	0.7316
32	1265	1	2075.7925	9	5	0	0	1	0.1415	0.7978
32	1266	1	2077.3424	10	7	0	0	1	0.1414	0.9595
32	1267	1	2078.8924	12	8	0	0	1	0.1413	0.8327
32	1268	1	2080.4423	11	2	0	0	1	0.1412	0.8037
32	1269	1	2081.9922	9	5	0	0	1	0.1411	0.7581
32	1270	1	2083.5421	8	10	0	0	1	0.1409	0.9196
32	1271	1	2085.0920	9	5	0	0	1	0.1408	0.7303
32	1272	1	2086.6420	8	10	90	0	1	0.1407	1.0192
32	1273	1	2088.2419	5	1	0	0	1	0.1406	0.7965
32	1274	1	2089.7918	4	6	0	0	1	0.1405	0.8944
32	1275	1	2091.3417	6	11	0	0	1	0.1404	0.7685
32	1276	1	2092.8916	4	6	0	0	1	0.1403	0.8668
32	1277	1	2094.4415	5	1	0	0	1	0.1402	0.9483
32	1278	1	2095.9915	8	10	0	0	1	0.1401	0.8061
32	1279	1	2097.5414	6	11	0	0	1	0.1400	0.6649
32	1280	1	2099.0913	8	10	0	0	1	0.1398	0.6830
32	1281	1	2100.6412	9	5	0	0	1	0.1397	0.7158
32	1282	1	2102.1911	11	2	0	0	1	0.1396	0.7829
32	1283	1	2103.7411	10	7	0	0	1	0.1395	0.7681
32	1284	1	2105.2910	12	8	0	0	1	0.1394	0.6592
32	1285	1	2106.8409	13	9	0	0	1	0.1393	0.7894
32	1286	1	2108.3908	11	2	0	0	1	0.1392	0.7425
32	1287	1	2109.9408	13	9	90	0	1	0.1391	1.1124
32	1288	1	2111.6407	12	8	90	0	1	0.1390	0.9337
32	1289	1	2113.1906	11	2	0	0	1	0.1389	0.6957
32	1290	1	2114.7405	13	9	0	0	1	0.1388	0.8087
32	1291	1	2116.2904	10	7	0	0	1	0.1387	0.7801
32	1292	1	2117.8403	13	9	0	0	1	0.1385	0.6854
32	1293	1	2119.3903	11	2	0	0	1	0.1384	0.6401
32	1294	1	2120.9402	13	9	0	0	1	0.1383	0.6889
32	1295	1	2122.4901	14	15	90	0	1	0.1382	0.8843
32	1296	1	2124.0400	13	9	0	0	1	0.1381	0.6780
32	1297	1	2125.5899	14	15	0	0	1	0.1380	0.7120
32	1298	1	2127.1399	1	13	0	0	1	0.1379	0.7781
32	1299	1	2128.6898	15	12	0	0	1	0.1378	0.8280
32	1300	1	2130.2397	14	15	90	0	1	0.1377	0.8144
32	1301	1	2131.7896	13	9	0	0	1	0.1376	0.6246
32	1302	1	2133.3395	14	15	0	0	1	0.1375	0.7701
32	1303	1	2134.8895	1	13	0	0	1	0.1374	0.7567
32	1304	1	2136.4394	15	12	0	0	1	0.1373	0.7590
32	1305	1	2137.9893	14	15	90	0	1	0.1372	0.9532
32	1306	1	2139.5392	15	12	0	0	1	0.1371	0.7619
32	1307	1	2141.0891	14	15	0	0	1	0.1370	0.9569
32	1308	1	2142.6390	1	13	0	0	1	0.1369	0.8469
32	1309	1	2144.1890	14	15	0	0	1	0.1367	0.9131
32	1310	1	2145.7389	2	14	0	0	1	0.1366	0.7556
32	1311	1	2147.2888	1	13	90	0	1	0.1365	1.1092
32	1312	1	2148.9887	15	12	0	0	1	0.1364	0.8334
32	1313	1	2150.5386	14	15	90	0	1	0.1363	0.8345
32	1314	1	2152.0886	2	14	0	0	1	0.1362	0.9326
32	1315	1	2153.6385	1	13	90	1	1	0.1369	1.0639
32	1316	1	2155.1884	2	14	0	0	1	0.1368	0.8087
32	1317	1	2156.7383	1	13	0	0	1	0.1367	0.8279
32	1318	1	2158.2882	2	14	0	0	1	0.1366	0.7818
32	1319	1	2159.8381	3	4	0	0	1	0.1365	0.7509
32	1320	1	2161.3881	1	13	90	0	1	0.1364	1.0090
32	1321	1	2162.9380	2	14	0	0	1	0.1363	0.7241
32	1322	1	2164.4879	15	12	0	0	1	0.1362	0.8372
32	1323	1	2166.0378	3	4	0	0	1	0.1361	0.6793
32	1324	1	2167.5878	4	6	0	0	1	0.1360	0.8429
32	1325	1	2169.1377	7	3	0	0	1	0.1358	0.7324
32	1326	1	2170.6876	6	11	0	0	1	0.1357	0.7982
32	1327	1	2172.2375	7	3	0	0	1	0.1356	0.7209
32	1328	1	2173.7874	4	6	90	0	1	0.1355	0.7381
32	1329	1	2175.3374	6	11	90	0	1	0.1354	0.9328
32	1330	1	2176.8873	5	1	0	0	1	0.1353	0.9030
32	1331	1	2178.4372	4	6	0	0	1	0.1352	1.0171
32	1332	1	2180.0038	3	4	0	0	1	0.1351	0.8254
32	1333	1	2181.5537	4	6	0	0	1	0.1350	0.9083
32	1334	1	2183.1036	7	3	0	0	1	0.1349	0.7663
32	1335	1	2184.6535	4	6	0	0	1	0.1348	0.6876
32	1336	1	2186.2035	3	4	0	0	1	0.1347	0.6906
32	1337	1	2187.7534	15	12	90	1	1	0.1354	0.7248
32	1338	1	2189.3033	3	4	0	0	1	0.1353	0.8708
32	1339	1	2190.8532	1	13	90	0	1	0.1352	0.9207
32	1340	1	2192.4031	14	15	0	0	1	0.1351	0.8099
32	1341	1	2193.9531	2	14	0	0	1	0.1350	0.9413
32	1342	1	2195.5030	1	13	0	0	1	0.1349	0.7821
32	1343	1	2197.0529	14	15	0	0	1	0.1348	0.8180
32	1344	1	2198.6028	2	14	0	0	1	0.1347	0.8675
32	1345	1	2200.1527	14	15	0	0	1	0.1346	0.7896
32	1346	1	2201.7027	15	12	90	0	1	0.1345	1.0313
32	1347	1	2203.3193	2	14	0	0	1	0.1344	0.9658
32	1348	1	2204.8691	15	12	0	0	1	0.1343	0.9214
32	1349	1	2206.4191	14	15	0	0	1	0.1342	0.8267
32	1350	1	2207.9690	15	12	0	0	1	0.1341	0.7011
32	1351	1	2209.5189	1	13	90	0	1	0.1340	1.1674
32	1352	1	2211.2188	14	15	0	0	1	0.1339	0.9229
32	1353	1	2212.7688	1	13	0	0	1	0.1338	0.7005
32	1354	1	2214.3187	15	12	0	0	1	0.1337	0.8636
32	1355	1	2215.8686	14	15	90	0	1	0.1336	0.9136
32	1356	1	2217.4185	13	9	0	0	1	0.1335	0.7881
32	1357	1	2218.9684	12	8	0	0	1	0.1334	0.7087
32	1358	1	2220.5184	9	5	90	0	1	0.1333	0.8401
32	1359	1	2222.0683	12	8	90	0	1	0.1332	0.8090
32	1360	1	2223.6182	10	7	0	0	1	0.1331	0.9561
32	1361	1	2225.1681	11	2	90	0	1	0.1330	0.8781
32	1362	1	2226.7180	9	5	0	0	1	0.1329	0.7519
32	1363	1	2228.2680	8	10	90	1	1	0.1335	0.7701
32	1364	1	2229.8179	9	5	90	0	1	0.1334	0.8046
32	1365	1	2231.3678	11	2	90	0	1	0.1333	0.8063
32	1366	1	2232.9177	10	7	0	0	1	0.1332	0.8405
32	1367	1	2234.4676	12	8	0	0	1	0.1331	0.7790
32	1368	1	2236.0176	10	7	0	0	1	0.1330	0.8448
32	1369	1	2237.5675	9	5	90	0	1	0.1329	0.8305
32	1370	1	2239.1174	10	7	0	0	1	0.1328	0.8486
32	1371	1	2240.6673	13	9	90	0	1	0.1327	0.8030
32	1372	1	2242.2172	10	7	90	0	1	0.1327	0.9490
32	1373	1	2243.7671	13	9	0	0	1	0.1326	0.8230
32	1374	1	2245.3171	12	8	0	0	1	0.1325	0.7611
32	1375	1	2246.8670	11	2	0	0	1	0.1324	0.7469
32	1376	1	2248.4169	12	8	0	0	1	0.1323	0.6203
32	1377	1	2249.9668	13	9	0	0	1	0.1322	0.7504
32	1378	1	2251.5168	12	8	0	0	1	0.1321	0.5933
32	1379	1	2253.0667	9	5	0	0	1	0.1320	0.7865
32	1380	1	2254.6166	12	8	0	0	1	0.1319	0.5820
32	1381	1	2256.1665	9	5	0	0	1	0.1318	0.7601
32	1382	1	2257.7164	8	10	0	0	1	0.1317	0.8422
32	1383	1	2259.2663	9	5	0	0	1	0.1316	0.7962
32	1384	1	2260.8163	12	8	90	0	1	0.1315	0.8617
32	1385	1	2262.3662	11	2	0	0	1	0.1314	0.6722
32	1386	1	2263.9161	13	9	90	0	1	0.1313	0.7534
32	1387	1	2265.4660	10	7	0	0	1	0.1312	0.6924
32	1388	1	2267.0160	12	8	0	0	1	0.1311	0.6612
32	1389	1	2268.5659	10	7	90	0	1	0.1310	0.7923
32	1390	1	2270.1158	13	9	0	0	1	0.1309	0.9063
32	1391	1	2271.6657	12	8	0	0	1	0.1308	0.7807
32	1392	1	2273.2156	11	2	90	0	1	0.1307	0.8294
32	1393	1	2274.7656	13	9	0	0	1	0.1307	0.7365
32	1394	1	2276.3155	12	8	0	0	1	0.1306	0.6747
32	1395	1	2277.8654	11	2	90	0	1	0.1305	0.7563
32	1396	1	2279.4153	13	9	90	0	1	0.1304	0.7750
32	1397	1	2280.9652	10	7	0	0	1	0.1303	0.7119
32	1398	1	2282.5152	13	9	0	0	1	0.1302	0.8591
32	1399	1	2284.0651	10	7	0	0	1	0.1301	1.1492
32	1400	1	2285.7983	11	2	90	0	1	0.1300	0.7596
32	1	2	1.0166	8	10	0	-1	0	NaN	-1.0000
32	2	2	2.5499	9	5	0	-1	0	NaN	-1.0000
32	3	2	4.0831	11	2	0	-1	0	NaN	-1.0000
32	4	2	5.6164	12	8	0	-1	0	NaN	-1.0000
32	5	2	7.1496	9	5	0	-1	0	NaN	-1.0000
32	6	2	8.6829	11	2	0	-1	0	NaN	-1.0000
32	7	2	10.2161	12	8	0	-1	1	0.0000	0.7633
32	8	2	11.7494	10	7	0	-1	0	0.0000	-1.0000
32	9	2	13.2826	12	8	0	-1	1	0.0000	0.9450
32	10	2	14.8159	13	9	0	-1	0	0.0000	-1.0000
32	11	2	16.3491	10	7	0	-1	0	0.0000	-1.0000
32	12	2	17.8824	12	8	0	-1	0	0.0000	-1.0000
32	13	2	19.4157	11	2	0	-1	1	0.0000	0.7798
32	14	2	20.9489	9	5	0	-1	0	0.0000	-1.0000
32	15	2	22.4822	12	8	0	-1	1	0.0000	1.0092
32	16	2	24.0154	11	2	0	-1	0	0.0000	-1.0000
32	17	2	25.5487	10	7	0	-1	0	0.0000	-1.0000
32	18	2	27.0819	9	5	0	-1	1	0.0000	0.6658
32	19	2	28.6152	8	10	0	-1	0	0.0000	-1.0000
32	20	2	30.1484	7	3	0	-1	1	0.0000	0.6385
32	21	2	31.6817	6	11	0	-1	0	0.0000	-1.0000
32	22	2	33.2150	5	1	0	-1	0	0.0000	-1.0000
32	23	2	34.7482	4	6	0	-1	1	0.0000	0.8072
32	24	2	36.2815	3	4	0	-1	0	0.0000	-1.0000
32	25	2	37.8147	2	14	0	-1	1	0.0000	0.0168
32	26	2	39.3480	1	13	0	-1	0	0.0000	-1.0000
32	27	2	40.8812	15	12	0	-1	1	0.0000	0.6901
32	28	2	42.4145	14	15	0	-1	0	0.0000	-1.0000
32	29	2	43.9477	13	9	0	-1	0	0.0000	-1.0000
32	30	2	45.4810	12	8	0	-1	1	0.0000	0.6661
32	31	2	47.0142	9	5	0	-1	0	0.0000	-1.0000
32	32	2	48.5475	10	7	0	-1	0	0.0000	-1.0000
32	33	2	50.0807	13	9	0	-1	1	0.0000	0.8824
32	34	2	51.6140	14	15	0	-1	0	0.0000	-1.0000
32	35	2	53.1473	2	14	0	-1	1	0.0000	0.8723
32	36	2	54.6805	15	12	0	-1	1	0.0000	0.8273
32	37	2	56.2138	3	4	0	-1	0	0.0000	-1.0000
32	38	2	57.7470	4	6	0	-1	1	0.0714	0.6406
32	39	2	59.2803	6	11	0	-1	0	0.0714	-1.0000
32	40	2	60.8135	5	1	0	-1	0	0.0714	-1.0000
32	41	2	62.3468	8	10	0	-1	1	0.0667	0.9208
32	42	2	63.8800	9	5	0	-1	1	0.1250	0.7952
32	43	2	65.4133	12	8	0	-1	0	0.1250	-1.0000
32	44	2	66.9465	9	5	0	-1	0	0.1250	-1.0000
32	45	2	68.4798	10	7	0	-1	1	0.1176	0.8676
32	46	2	70.0131	11	2	0	-1	0	0.1176	-1.0000
32	47	2	71.5463	12	8	0	-1	0	0.1176	-1.0000
32	48	2	73.0796	13	9	0	-1	0	0.1176	-1.0000
32	49	2	74.6128	14	15	0	-1	1	0.1667	1.2306
32	50	2	76.1461	15	12	0	-1	0	0.1667	-1.0000
32	51	2	77.6793	1	13	0	-1	0	0.1667	-1.0000
32	52	2	79.2126	2	14	0	-1	1	0.1579	0.6788
32	53	2	80.7458	3	4	0	-1	0	0.1579	-1.0000
32	54	2	82.2791	4	6	0	-1	0	0.1579	-1.0000
32	55	2	83.8123	5	1	0	-1	1	0.1500	0.7194
32	56	2	85.3456	6	11	0	-1	0	0.1500	-1.0000
32	57	2	86.8789	7	3	0	-1	0	0.1500	-1.0000
32	58	2	88.4121	8	10	0	-1	1	0.1429	0.7274
32	59	2	89.9454	9	5	0	-1	0	0.1429	-1.0000
32	60	2	91.4786	10	7	0	-1	1	0.1364	0.7173
32	61	2	93.0119	11	2	0	-1	0	0.1364	-1.0000
32	62	2	94.5451	10	7	0	-1	0	0.1364	-1.0000
32	63	2	96.0784	11	2	0	-1	1	0.1304	0.6292
32	64	2	97.6116	10	7	0	-1	0	0.1304	-1.0000
32	65	2	99.1449	9	5	0	-1	0	0.1304	-1.0000
32	66	2	100.6782	8	10	0	-1	1	0.1667	0.6211
32	67	2	102.2114	6	11	0	-1	0	0.1667	-1.0000
32	68	2	103.7447	4	6	0	-1	0	0.1667	-1.0000
32	69	2	105.2779	6	11	0	-1	0	0.1667	-1.0000
32	70	2	106.8112	4	6	0	-1	0	0.1667	-1.0000
32	71	2	108.3444	6	11	0	-1	0	0.1667	-1.0000
32	72	2	109.8777	5	1	0	-1	1	0.1600	0.7178
32	73	2	111.4109	7	3	0	-1	0	0.1600	-1.0000
32	74	2	112.9442	6	11	0	-1	0	0.1600	-1.0000
32	75	2	114.4774	5	1	0	-1	0	0.1600	-1.0000
32	76	2	116.0107	6	11	0	-1	0	0.1600	-1.0000
32	77	2	117.5440	7	3	0	-1	1	0.1538	0.7950
32	78	2	119.0772	8	10	0	-1	0	0.1538	-1.0000
32	79	2	120.6105	9	5	0	-1	1	0.1852	1.1534
32	80	2	122.1437	10	7	0	-1	0	0.1852	-1.0000
32	81	2	123.6770	11	2	0	-1	1	0.1786	0.7584
32	82	2	125.2102	12	8	0	-1	0	0.1786	-1.0000
32	83	2	126.7435	13	9	0	-1	0	0.1786	-1.0000
32	84	2	128.2767	14	15	0	-1	0	0.1786	-1.0000
32	85	2	129.8100	15	12	0	-1	1	0.1724	0.5933
32	86	2	131.3432	1	13	0	-1	0	0.1724	-1.0000
32	87	2	132.8765	2	14	0	-1	1	0.1667	1.2709
32	88	2	134.4097	3	4	0	-1	0	0.1667	-1.0000
32	89	2	135.9430	4	6	0	-1	0	0.1667	-1.0000
32	90	2	137.4762	5	1	0	-1	0	0.1667	-1.0000
32	91	2	139.0095	8	10	0	-1	1	0.1613	0.3375
32	92	2	140.5428	5	1	0	-1	0	0.1613	-1.0000
32	93	2	142.0760	6	11	0	-1	0	0.1613	-1.0000
32	94	2	143.6093	5	1	0	-1	0	0.1613	-1.0000
32	95	2	145.1425	6	11	0	-1	0	0.1613	-1.0000
32	96	2	146.6758	8	10	0	-1	1	0.1563	0.6078
32	97	2	148.2090	9	5	0	-1	0	0.1563	-1.0000
32	98	2	149.7423	10	7	0	-1	1	0.1515	0.9492
32	99	2	151.2755	9	5	0	-1	0	0.1515	-1.0000
32	100	2	152.8088	10	7	0	-1	1	0.1471	0.9390
32	101	2	154.3420	11	2	0	-1	0	0.1471	-1.0000
32	102	2	155.8753	9	5	0	-1	0	0.1471	-1.0000
32	103	2	157.4086	10	7	0	-1	1	0.1429	0.6268
32	104	2	158.9418	11	2	0	-1	0	0.1429	-1.0000
32	105	2	160.4751	13	9	0	-1	0	0.1429	-1.0000
32	106	2	162.0083	14	15	0	-1	1	0.1667	0.3949
32	107	2	163.5416	15	12	0	-1	1	0.1622	0.7018
32	108	2	165.0748	1	13	0	-1	1	0.1579	0.7842
32	109	2	166.6081	2	14	0	-1	0	0.1579	-1.0000
32	110	2	168.1413	3	4	0	-1	0	0.1579	-1.0000
32	111	2	169.6746	4	6	0	-1	0	0.1579	-1.0000
32	112	2	171.2078	5	1	0	-1	0	0.1579	-1.0000
32	113	2	172.7411	6	11	0	-1	0	0.1579	-1.0000
32	114	2	174.2743	7	3	0	-1	1	0.1538	0.2729
32	115	2	175.8076	8	10	0	-1	0	0.1538	-1.0000
32	116	2	177.3409	9	5	0	-1	0	0.1538	-1.0000
32	117	2	178.8741	10	7	0	-1	0	0.1538	-1.0000
32	118	2	180.4074	11	2	0	-1	0	0.1538	-1.0000
32	119	2	181.9406	12	8	0	-1	1	0.1500	0.2549
32	120	2	183.4739	13	9	0	-1	0	0.1500	-1.0000
32	121	2	185.0071	12	8	0	-1	0	0.1500	-1.0000
32	122	2	186.5404	9	5	0	-1	1	0.1463	0.7582
32	123	2	188.0736	8	10	0	-1	0	0.1463	-1.0000
32	124	2	189.6069	7	3	0	-1	1	0.1429	0.7483
32	125	2	191.1402	5	1	0	-1	0	0.1429	-1.0000
32	126	2	192.6734	8	10	0	-1	1	0.1395	0.8180
32	127	2	194.2067	9	5	0	-1	0	0.1395	-1.0000
32	128	2	195.7399	8	10	0	-1	0	0.1395	-1.0000
32	129	2	197.2732	6	11	0	-1	0	0.1395	-1.0000
32	130	2	198.8064	7	3	0	-1	1	0.1364	0.7014
32	131	2	200.3397	5	1	0	-1	0	0.1364	-1.0000
32	132	2	201.8729	7	3	0	-1	1	0.1333	0.9938
32	133	2	203.4062	6	11	0	-1	0	0.1333	-1.0000
32	134	2	204.9394	5	1	0	-1	0	0.1333	-1.0000
32	135	2	206.4727	6	11	0	-1	0	0.1333	-1.0000
32	136	2	208.0059	7	3	0	-1	0	0.1333	-1.0000
32	137	2	209.5392	8	10	0	-1	0	0.1333	-1.0000
32	138	2	211.0724	9	5	0	-1	1	0.1522	0.9469
32	139	2	212.6057	10	7	0	-1	1	0.1489	1.3818
32	140	2	214.1390	11	2	0	-1	0	0.1489	-1.0000
32	141	2	215.6722	12	8	0	-1	0	0.1489	-1.0000
32	142	2	217.2055	13	9	0	-1	1	0.1458	0.9255
32	143	2	218.7387	14	15	0	-1	0	0.1458	-1.0000
32	144	2	220.2720	15	12	0	-1	0	0.1458	-1.0000
32	145	2	221.8052	1	13	0	-1	1	0.1429	0.7734
32	146	2	223.3385	2	14	0	-1	1	0.1400	1.0004
32	147	2	224.8717	3	4	0	-1	1	0.1373	1.0837
32	148	2	226.4050	4	6	0	-1	0	0.1373	-1.0000
32	149	2	227.9383	5	1	0	-1	0	0.1373	-1.0000
32	150	2	229.4715	6	11	0	-1	1	0.1346	0.8040
32	151	2	231.0048	5	1	0	-1	0	0.1346	-1.0000
32	152	2	232.5380	4	6	0	-1	0	0.1346	-1.0000
32	153	2	234.0713	6	11	0	-1	1	0.1321	0.6521
32	154	2	235.6045	7	3	0	-1	0	0.1321	-1.0000
32	155	2	237.1378	4	6	0	-1	0	0.1321	-1.0000
32	156	2	238.6710	3	4	0	-1	0	0.1321	-1.0000
32	157	2	240.2043	2	14	0	-1	1	0.1296	0.4232
32	158	2	241.7375	14	15	0	-1	0	0.1296	-1.0000
32	159	2	243.2708	2	14	0	-1	0	0.1296	-1.0000
32	160	2	244.8040	3	4	0	-1	1	0.1273	1.2791
32	161	2	246.3373	1	13	0	-1	1	0.1250	1.0577
32	162	2	247.8705	15	12	0	-1	1	0.1228	0.8689
32	163	2	249.4038	3	4	0	-1	0	0.1228	-1.0000
32	164	2	250.9371	15	12	0	-1	0	0.1228	-1.0000
32	165	2	252.4703	14	15	0	-1	1	0.1207	0.5572
32	166	2	254.0036	15	12	0	-1	0	0.1207	-1.0000
32	167	2	255.5368	1	13	0	-1	1	0.1186	0.8503
32	168	2	257.0701	2	14	0	-1	0	0.1186	-1.0000
32	169	2	258.6033	3	4	0	-1	1	0.1167	1.3836
32	170	2	260.1366	4	6	0	-1	0	0.1167	-1.0000
32	171	2	261.6698	5	1	0	-1	0	0.1167	-1.0000
32	172	2	263.2031	6	11	0	-1	0	0.1167	-1.0000
32	173	2	264.7363	7	3	0	-1	1	0.1148	0.7873
32	174	2	266.2696	8	10	0	-1	1	0.1129	0.8695
32	175	2	267.8029	9	5	0	-1	1	0.1270	0.9838
32	176	2	269.3361	10	7	0	-1	0	0.1270	-1.0000
32	177	2	270.8694	11	2	0	-1	0	0.1270	-1.0000
32	178	2	272.4026	12	8	0	-1	0	0.1270	-1.0000
32	179	2	273.9359	13	9	0	-1	0	0.1270	-1.0000
32	180	2	275.4691	14	15	0	-1	0	0.1270	-1.0000
32	181	2	277.0024	13	9	0	-1	0	0.1270	-1.0000
32	182	2	278.5356	14	15	0	-1	0	0.1270	-1.0000
32	183	2	280.0689	2	14	0	-1	1	0.1250	0.8784
32	184	2	281.6021	3	4	0	-1	1	0.1231	1.0253
32	185	2	283.1354	2	14	0	-1	1	0.1212	0.7400
32	186	2	284.6687	1	13	0	-1	0	0.1212	-1.0000
32	187	2	286.2019	14	15	0	-1	1	0.1194	0.8097
32	188	2	287.7352	15	12	0	-1	0	0.1194	-1.0000
32	189	2	289.2684	1	13	0	-1	1	0.1176	0.8470
32	190	2	290.8017	3	4	0	-1	0	0.1176	-1.0000
32	191	2	292.3349	4	6	0	-1	0	0.1176	-1.0000
32	192	2	293.8682	5	1	0	-1	0	0.1176	-1.0000
32	193	2	295.4014	4	6	0	-1	0	0.1176	-1.0000
32	194	2	296.9347	5	1	0	-1	0	0.1176	-1.0000
32	195	2	298.4679	8	10	0	-1	1	0.1159	0.6718
32	196	2	300.0012	7	3	0	-1	1	0.1143	0.8345
32	197	2	301.5344	6	11	0	-1	1	0.1127	0.8044
32	198	2	303.0677	5	1	0	-1	0	0.1127	-1.0000
32	199	2	304.6009	4	6	0	-1	0	0.1127	-1.0000
32	200	2	306.1342	3	4	0	-1	0	0.1127	-1.0000
32	201	2	307.6675	2	14	0	-1	1	0.1111	0.8959
32	202	2	309.2007	1	13	0	-1	0	0.1111	-1.0000
32	203	2	310.7340	15	12	0	-1	1	0.1096	1.0293
32	204	2	312.2672	14	15	0	-1	0	0.1096	-1.0000
32	205	2	313.8005	13	9	0	-1	0	0.1096	-1.0000
32	206	2	315.3337	12	8	0	-1	0	0.1096	-1.0000
32	207	2	316.8670	11	2	0	-1	1	0.1081	0.9126
32	208	2	318.4002	10	7	0	-1	0	0.1081	-1.0000
32	209	2	319.9335	9	5	0	-1	0	0.1081	-1.0000
32	210	2	321.4667	8	10	0	-1	0	0.1081	-1.0000
32	211	2	323.0000	9	5	0	-1	0	0.1081	-1.0000
32	212	2	324.5333	10	7	0	-1	1	0.1067	0.8942
32	213	2	326.0665	12	8	0	-1	0	0.1067	-1.0000
32	214	2	327.5998	10	7	0	-1	0	0.1067	-1.0000
32	215	2	329.1330	11	2	0	-1	0	0.1067	-1.0000
32	216	2	330.6663	12	8	0	-1	0	0.1067	-1.0000
32	217	2	332.1995	11	2	0	-1	0	0.1067	-1.0000
32	218	2	333.7328	10	7	0	-1	0	0.1067	-1.0000
32	219	2	335.2660	13	9	0	-1	0	0.1067	-1.0000
32	220	2	336.7993	12	8	0	-1	0	0.1067	-1.0000
32	221	2	338.3325	10	7	0	-1	0	0.1067	-1.0000
32	222	2	339.8658	13	9	0	-1	0	0.1067	-1.0000
32	223	2	341.3990	14	15	0	-1	0	0.1067	-1.0000
32	224	2	342.9323	1	13	0	-1	1	0.1053	0.6388
32	225	2	344.4656	15	12	0	-1	0	0.1053	-1.0000
32	226	2	345.9988	1	13	0	-1	0	0.1053	-1.0000
32	227	2	347.5321	2	14	0	-1	0	0.1053	-1.0000
32	228	2	349.0653	3	4	0	-1	1	0.1039	0.8261
32	229	2	350.5986	4	6	0	-1	0	0.1039	-1.0000
32	230	2	352.1318	5	1	0	-1	0	0.1039	-1.0000
32	231	2	353.6651	6	11	0	-1	1	0.1026	1.0903
32	232	2	355.1983	7	3	0	-1	0	0.1026	-1.0000
32	233	2	356.7316	8	10	0	-1	1	0.1013	1.0479
32	234	2	358.2648	9	5	0	-1	0	0.1013	-1.0000
32	235	2	359.7981	10	7	0	-1	0	0.1013	-1.0000
32	236	2	361.3314	11	2	0	-1	0	0.1013	-1.0000
32	237	2	362.8646	12	8	0	-1	0	0.1013	-1.0000
32	238	2	364.3979	13	9	0	-1	0	0.1013	-1.0000
32	239	2	365.9311	14	15	0	-1	0	0.1013	-1.0000
32	240	2	367.4644	15	12	0	-1	0	0.1013	-1.0000
32	241	2	368.9976	2	14	0	-1	1	0.1000	0.8614
32	242	2	370.5309	1	13	0	-1	0	0.1000	-1.0000
32	243	2	372.0641	15	12	0	-1	0	0.1000	-1.0000
32	244	2	373.5974	14	15	0	-1	0	0.1000	-1.0000
32	245	2	375.1306	2	14	0	-1	1	0.0988	0.7129
32	246	2	376.6639	1	13	0	-1	0	0.0988	-1.0000
32	247	2	378.1971	2	14	0	-1	0	0.0988	-1.0000
32	248	2	379.7304	14	15	0	-1	1	0.0976	1.0728
32	249	2	381.2636	13	9	0	-1	0	0.0976	-1.0000
32	250	2	382.7969	10	7	0	-1	1	0.0964	0.8066
32	251	2	384.3302	9	5	0	-1	0	0.0964	-1.0000
32	252	2	385.8634	10	7	0	-1	0	0.0964	-1.0000
32	253	2	387.3967	13	9	0	-1	0	0.0964	-1.0000
32	254	2	388.9299	14	15	0	-1	0	0.0964	-1.0000
32	255	2	390.4632	2	14	0	-1	1	0.0952	0.5322
32	256	2	391.9964	3	4	0	-1	1	0.0941	0.8226
32	257	2	393.5297	4	6	0	-1	0	0.0941	-1.0000
32	258	2	395.0629	5	1	0	-1	0	0.0941	-1.0000
32	259	2	396.5962	6	11	0	-1	1	0.0930	0.8314
32	260	2	398.1294	7	3	0	-1	0	0.0930	-1.0000
32	261	2	399.6627	8	10	0	-1	1	0.0920	0.7255
32	262	2	401.1959	9	5	0	-1	0	0.0920	-1.0000
32	263	2	402.7292	10	7	0	-1	0	0.0920	-1.0000
32	264	2	404.2625	11	2	0	-1	0	0.0920	-1.0000
32	265	2	405.7957	12	8	0	-1	0	0.0920	-1.0000
32	266	2	407.3290	13	9	0	-1	0	0.0920	-1.0000
32	267	2	408.8622	14	15	0	-1	0	0.0920	-1.0000
32	268	2	410.3955	15	12	0	-1	1	0.0909	0.8560
32	269	2	411.9287	1	13	0	-1	0	0.0909	-1.0000
32	270	2	413.4620	2	14	0	-1	0	0.0909	-1.0000
32	271	2	414.9952	3	4	0	-1	1	0.0899	0.7684
32	272	2	416.5285	1	13	0	-1	1	0.0889	0.8344
32	273	2	418.0617	3	4	0	-1	0	0.0889	-1.0000
32	274	2	419.5950	15	12	0	-1	0	0.0889	-1.0000
32	275	2	421.1283	2	14	0	-1	1	0.0879	0.8433
32	276	2	422.6615	1	13	0	-1	0	0.0879	-1.0000
32	277	2	424.1948	15	12	0	-1	1	0.0870	0.9609
32	278	2	425.7280	3	4	0	-1	1	0.0860	0.8676
32	279	2	427.2613	1	13	0	-1	0	0.0860	-1.0000
32	280	2	428.7945	14	15	0	-1	0	0.0860	-1.0000
32	281	2	430.3278	1	13	0	-1	0	0.0860	-1.0000
32	282	2	431.8610	15	12	0	-1	0	0.0860	-1.0000
32	283	2	433.3943	3	4	0	-1	1	0.0851	0.7850
32	284	2	434.9275	1	13	0	-1	1	0.0842	0.8681
32	285	2	436.4608	15	12	0	-1	0	0.0842	-1.0000
32	286	2	437.9940	14	15	0	-1	1	0.0833	1.0335
32	287	2	439.5273	13	9	0	-1	0	0.0833	-1.0000
32	288	2	441.0606	12	8	0	-1	0	0.0833	-1.0000
32	289	2	442.5938	11	2	0	-1	0	0.0833	-1.0000
32	290	2	444.1271	10	7	0	-1	0	0.0833	-1.0000
32	291	2	445.6603	9	5	0	-1	0	0.0833	-1.0000
32	292	2	447.1936	8	10	0	-1	1	0.0928	0.7779
32	293	2	448.7268	7	3	0	-1	0	0.0928	-1.0000
32	294	2	450.2601	6	11	0	-1	0	0.0928	-1.0000
32	295	2	451.7933	5	1	0	-1	0	0.0928	-1.0000
32	296	2	453.3266	4	6	0	-1	1	0.0918	0.9804
32	297	2	454.8598	3	4	0	-1	0	0.0918	-1.0000
32	298	2	456.3931	2	14	0	-1	1	0.0909	0.8744
32	299	2	457.9263	1	13	0	-1	0	0.0909	-1.0000
32	300	2	459.4596	15	12	0	-1	0	0.0909	-1.0000
32	301	2	460.9929	2	14	0	-1	0	0.0909	-1.0000
32	302	2	462.5261	14	15	0	-1	1	0.0900	0.6453
32	303	2	464.0594	2	14	0	-1	1	0.0891	0.8083
32	304	2	465.5926	3	4	0	-1	1	0.0882	1.0024
32	305	2	467.1259	1	13	0	-1	1	0.0874	0.9096
32	306	2	468.6591	2	14	0	-1	1	0.0865	0.9924
32	307	2	470.1924	1	13	0	-1	1	0.0857	0.0170
32	308	2	471.7256	15	12	0	-1	0	0.0857	-1.0000
32	309	2	473.2589	14	15	0	-1	0	0.0857	-1.0000
32	310	2	474.7921	15	12	0	-1	0	0.0857	-1.0000
32	311	2	476.3254	2	14	0	-1	0	0.0857	-1.0000
32	312	2	477.8586	15	12	0	-1	0	0.0857	-1.0000
32	313	2	479.3919	14	15	0	-1	1	0.0849	0.7227
32	314	2	480.9252	1	13	0	-1	1	0.0841	0.8061
32	315	2	482.4584	2	14	0	-1	0	0.0841	-1.0000
32	316	2	483.9917	3	4	0	-1	1	0.0833	0.7795
32	317	2	485.5249	4	6	0	-1	0	0.0833	-1.0000
32	318	2	487.0582	5	1	0	-1	0	0.0833	-1.0000
32	319	2	488.5914	6	11	0	-1	1	0.0826	0.8358
32	320	2	490.1247	7	3	0	-1	0	0.0826	-1.0000
32	321	2	491.6579	8	10	0	-1	0	0.0826	-1.0000
32	322	2	493.1912	9	5	0	-1	0	0.0826	-1.0000
32	323	2	494.7244	10	7	0	-1	1	0.0818	1.0067
32	324	2	496.2577	11	2	0	-1	0	0.0818	-1.0000
32	325	2	497.7910	12	8	0	-1	0	0.0818	-1.0000
32	326	2	499.3242	13	9	0	-1	0	0.0818	-1.0000
32	327	2	500.8575	14	15	0	-1	0	0.0818	-1.0000
32	328	2	502.3907	15	12	0	-1	1	0.0811	0.6369
32	329	2	503.9240	1	13	0	-1	0	0.0811	-1.0000
32	330	2	505.4572	2	14	0	-1	0	0.0811	-1.0000
32	331	2	506.9905	1	13	0	-1	0	0.0811	-1.0000
32	332	2	508.5237	14	15	0	-1	1	0.0804	0.8716
32	333	2	510.0570	15	12	0	-1	1	0.0796	1.0031
32	334	2	511.5902	2	14	0	-1	0	0.0796	-1.0000
32	335	2	513.1235	1	13	0	-1	0	0.0796	-1.0000
32	336	2	514.6567	2	14	0	-1	0	0.0796	-1.0000
32	337	2	516.1900	3	4	0	-1	1	0.0789	0.7894
32	338	2	517.7232	4	6	0	-1	0	0.0789	-1.0000
32	339	2	519.2565	5	1	0	-1	0	0.0789	-1.0000
32	340	2	520.7898	8	10	0	-1	1	0.0783	0.8774
32	341	2	522.3230	5	1	0	-1	0	0.0783	-1.0000
32	342	2	523.8563	7	3	0	-1	1	0.0776	1.0910
32	343	2	525.3895	8	10	0	-1	0	0.0776	-1.0000
32	344	2	526.9228	7	3	0	-1	0	0.0776	-1.0000
32	345	2	528.4560	4	6	0	-1	1	0.0769	0.8915
32	346	2	529.9893	5	1	0	-1	0	0.0769	-1.0000
32	347	2	531.5225	6	11	0	-1	1	0.0763	0.9286
32	348	2	533.0558	7	3	0	-1	0	0.0763	-1.0000
32	349	2	534.5890	8	10	0	-1	0	0.0763	-1.0000
32	350	2	536.1223	9	5	0	-1	1	0.0840	0.9209
32	351	2	537.6556	10	7	0	-1	0	0.0840	-1.0000
32	352	2	539.1888	11	2	0	-1	0	0.0840	-1.0000
32	353	2	540.7221	12	8	0	-1	0	0.0840	-1.0000
32	354	2	542.2553	13	9	0	-1	0	0.0840	-1.0000
32	355	2	543.7886	14	15	0	-1	0	0.0840	-1.0000
32	356	2	545.3218	15	12	0	-1	1	0.0833	0.8894
32	357	2	546.8551	1	13	0	-1	0	0.0833	-1.0000
32	358	2	548.3883	2	14	0	-1	0	0.0833	-1.0000
32	359	2	549.9216	3	4	0	-1	1	0.0826	0.7214
32	360	2	551.4548	4	6	0	-1	0	0.0826	-1.0000
32	361	2	552.9881	5	1	0	-1	0	0.0826	-1.0000
32	362	2	554.5214	4	6	0	-1	0	0.0826	-1.0000
32	363	2	556.0546	3	4	0	-1	0	0.0826	-1.0000
32	364	2	557.5878	1	13	0	-1	1	0.0820	0.6553
32	365	2	559.1211	3	4	0	-1	1	0.0813	1.1385
32	366	2	560.6544	1	13	0	-1	0	0.0813	-1.0000
32	367	2	562.1876	14	15	0	-1	1	0.0806	0.9678
32	368	2	563.7209	1	13	0	-1	1	0.0800	0.8101
32	369	2	565.2541	2	14	0	-1	0	0.0800	-1.0000
32	370	2	566.7874	1	13	0	-1	0	0.0800	-1.0000
32	371	2	568.3206	3	4	0	-1	1	0.0794	0.6908
32	372	2	569.8539	2	14	0	-1	1	0.0787	0.8213
32	373	2	571.3871	3	4	0	-1	1	0.0781	0.8725
32	374	2	572.9204	4	6	0	-1	0	0.0781	-1.0000
32	375	2	574.4536	7	3	0	-1	1	0.0775	1.0540
32	376	2	575.9869	8	10	0	-1	0	0.0775	-1.0000
32	377	2	577.5202	9	5	0	-1	0	0.0775	-1.0000
32	378	2	579.0534	10	7	0	-1	1	0.0769	0.9976
32	379	2	580.5867	11	2	0	-1	0	0.0769	-1.0000
32	380	2	582.1199	12	8	0	-1	0	0.0769	-1.0000
32	381	2	583.6532	13	9	0	-1	0	0.0769	-1.0000
32	382	2	585.1864	14	15	0	-1	0	0.0769	-1.0000
32	383	2	586.7197	15	12	0	-1	1	0.0763	0.8518
32	384	2	588.2529	1	13	0	-1	0	0.0763	-1.0000
32	385	2	589.7862	2	14	0	-1	0	0.0763	-1.0000
32	386	2	591.3194	3	4	0	-1	1	0.0758	0.7638
32	387	2	592.8527	4	6	0	-1	0	0.0758	-1.0000
32	388	2	594.3859	5	1	0	-1	0	0.0758	-1.0000
32	389	2	595.9192	6	11	0	-1	1	0.0752	0.7562
32	390	2	597.4525	7	3	0	-1	0	0.0752	-1.0000
32	391	2	598.9857	5	1	0	-1	0	0.0752	-1.0000
32	392	2	600.5190	7	3	0	-1	0	0.0752	-1.0000
32	393	2	602.0522	6	11	0	-1	0	0.0752	-1.0000
32	394	2	603.5855	4	6	0	-1	1	0.0746	0.9139
32	395	2	605.1187	6	11	0	-1	1	0.0741	0.9487
32	396	2	606.6520	4	6	0	-1	1	0.0735	0.9835
32	397	2	608.1852	3	4	0	-1	0	0.0735	-1.0000
32	398	2	609.7185	2	14	0	-1	1	0.0730	0.8450
32	399	2	611.2518	14	15	0	-1	1	0.0725	1.0395
32	400	2	612.7850	15	12	0	-1	1	0.0719	0.8342
32	401	2	614.3183	3	4	0	-1	1	0.0714	0.8208
32	402	2	615.8515	1	13	0	-1	1	0.0709	1.3999
32	403	2	617.3848	14	15	0	-1	0	0.0709	-1.0000
32	404	2	618.9180	13	9	0	-1	1	0.0775	0.1412
32	405	2	620.4513	11	2	0	-1	0	0.0775	-1.0000
32	406	2	621.9845	12	8	0	-1	0	0.0775	-1.0000
32	407	2	623.5178	13	9	0	-1	0	0.0775	-1.0000
32	408	2	625.0510	14	15	0	-1	0	0.0775	-1.0000
32	409	2	626.5843	15	12	0	-1	1	0.0769	0.6991
32	410	2	628.1175	1	13	0	-1	0	0.0769	-1.0000
32	411	2	629.6508	2	14	0	-1	0	0.0769	-1.0000
32	412	2	631.1840	3	4	0	-1	1	0.0764	0.8835
32	413	2	632.7173	4	6	0	-1	0	0.0764	-1.0000
32	414	2	634.2506	5	1	0	-1	0	0.0764	-1.0000
32	415	2	635.7838	6	11	0	-1	1	0.0759	0.7316
32	416	2	637.3171	7	3	0	-1	0	0.0759	-1.0000
32	417	2	638.8503	8	10	0	-1	0	0.0759	-1.0000
32	418	2	640.3836	9	5	0	-1	0	0.0759	-1.0000
32	419	2	641.9168	10	7	0	-1	0	0.0759	-1.0000
32	420	2	643.4501	11	2	0	-1	0	0.0759	-1.0000
32	421	2	644.9833	13	9	0	-1	0	0.0759	-1.0000
32	422	2	646.5166	11	2	0	-1	0	0.0759	-1.0000
32	423	2	648.0498	12	8	0	-1	0	0.0759	-1.0000
32	424	2	649.5831	13	9	0	-1	0	0.0759	-1.0000
32	425	2	651.1163	11	2	0	-1	0	0.0759	-1.0000
32	426	2	652.6496	13	9	0	-1	0	0.0759	-1.0000
32	427	2	654.1829	14	15	0	-1	0	0.0759	-1.0000
32	428	2	655.7161	15	12	0	-1	1	0.0753	0.6395
32	429	2	657.2494	14	15	0	-1	1	0.0748	1.1220
32	430	2	658.7826	15	12	0	-1	1	0.0743	0.6450
32	431	2	660.3159	2	14	0	-1	0	0.0743	-1.0000
32	432	2	661.8491	14	15	0	-1	1	0.0738	1.0503
32	433	2	663.3824	15	12	0	-1	1	0.0733	0.9732
32	434	2	664.9156	2	14	0	-1	0	0.0733	-1.0000
32	435	2	666.4489	15	12	0	-1	0	0.0733	-1.0000
32	436	2	667.9821	14	15	0	-1	1	0.0728	0.8372
32	437	2	669.5154	13	9	0	-1	1	0.0789	0.9037
32	438	2	671.0486	12	8	0	-1	0	0.0789	-1.0000
32	439	2	672.5819	11	2	0	-1	0	0.0789	-1.0000
32	440	2	674.1152	10	7	0	-1	0	0.0789	-1.0000
32	441	2	675.6484	9	5	0	-1	0	0.0789	-1.0000
32	442	2	677.1816	8	10	0	-1	0	0.0789	-1.0000
32	443	2	678.7149	7	3	0	-1	0	0.0789	-1.0000
32	444	2	680.2482	6	11	0	-1	0	0.0789	-1.0000
32	445	2	681.7814	5	1	0	-1	1	0.0784	0.8623
32	446	2	683.3147	4	6	0	-1	0	0.0784	-1.0000
32	447	2	684.8479	3	4	0	-1	0	0.0784	-1.0000
32	448	2	686.3812	2	14	0	-1	1	0.0779	0.9824
32	449	2	687.9144	1	13	0	-1	0	0.0779	-1.0000
32	450	2	689.4477	15	12	0	-1	1	0.0774	0.9713
32	451	2	690.9810	2	14	0	-1	1	0.0769	1.1504
32	452	2	692.5142	14	15	0	-1	1	0.0764	1.1531
32	453	2	694.0475	13	9	0	-1	1	0.0823	0.5958
32	454	2	695.5807	14	15	0	-1	0	0.0823	-1.0000
32	455	2	697.1140	2	14	0	-1	1	0.0818	0.6494
32	456	2	698.6472	15	12	0	-1	0	0.0818	-1.0000
32	457	2	700.1805	14	15	0	-1	1	0.0813	0.7826
32	458	2	701.7137	13	9	0	-1	0	0.0813	-1.0000
32	459	2	703.2470	11	2	0	-1	0	0.0813	-1.0000
32	460	2	704.7802	13	9	0	-1	0	0.0813	-1.0000
32	461	2	706.3135	10	7	0	-1	0	0.0813	-1.0000
32	462	2	707.8467	9	5	0	-1	0	0.0813	-1.0000
32	463	2	709.3800	10	7	0	-1	0	0.0813	-1.0000
32	464	2	710.9132	12	8	0	-1	0	0.0813	-1.0000
32	465	2	712.4465	10	7	0	-1	0	0.0813	-1.0000
32	466	2	713.9798	11	2	0	-1	0	0.0813	-1.0000
32	467	2	715.5130	12	8	0	-1	0	0.0813	-1.0000
32	468	2	717.0463	13	9	0	-1	0	0.0813	-1.0000
32	469	2	718.5795	14	15	0	-1	1	0.0870	0.9281
32	470	2	720.1128	15	12	0	-1	0	0.0870	-1.0000
32	471	2	721.6460	1	13	0	-1	0	0.0870	-1.0000
32	472	2	723.1793	2	14	0	-1	0	0.0870	-1.0000
32	473	2	724.7125	3	4	0	-1	1	0.0864	0.8748
32	474	2	726.2458	4	6	0	-1	0	0.0864	-1.0000
32	475	2	727.7790	5	1	0	-1	0	0.0864	-1.0000
32	476	2	729.3123	6	11	0	-1	1	0.0859	0.9311
32	477	2	730.8455	7	3	0	-1	0	0.0859	-1.0000
32	478	2	732.3788	8	10	0	-1	0	0.0859	-1.0000
32	479	2	733.9121	9	5	0	-1	0	0.0859	-1.0000
32	480	2	735.4453	10	7	0	-1	1	0.0854	0.6542
32	481	2	736.9786	9	5	0	-1	1	0.0848	1.2006
32	482	2	738.5118	12	8	0	-1	0	0.0848	-1.0000
32	483	2	740.0451	13	9	0	-1	0	0.0848	-1.0000
32	484	2	741.5783	10	7	0	-1	0	0.0848	-1.0000
32	485	2	743.1116	13	9	0	-1	0	0.0848	-1.0000
32	486	2	744.6448	10	7	0	-1	0	0.0848	-1.0000
32	487	2	746.1781	9	5	0	-1	0	0.0848	-1.0000
32	488	2	747.7113	11	2	0	-1	0	0.0848	-1.0000
32	489	2	749.2446	12	8	0	-1	0	0.0848	-1.0000
32	490	2	750.7779	9	5	0	-1	0	0.0848	-1.0000
32	491	2	752.3111	12	8	0	-1	0	0.0848	-1.0000
32	492	2	753.8444	11	2	0	-1	0	0.0848	-1.0000
32	493	2	755.3776	9	5	0	-1	0	0.0848	-1.0000
32	494	2	756.9109	12	8	0	-1	0	0.0848	-1.0000
32	495	2	758.4441	10	7	0	-1	0	0.0848	-1.0000
32	496	2	759.9774	11	2	0	-1	0	0.0848	-1.0000
32	497	2	761.5106	12	8	0	-1	0	0.0848	-1.0000
32	498	2	763.0439	13	9	0	-1	0	0.0848	-1.0000
32	499	2	764.5771	14	15	0	-1	1	0.0904	0.8822
32	500	2	766.1104	15	12	0	-1	0	0.0904	-1.0000
32	501	2	767.6436	1	13	0	-1	0	0.0904	-1.0000
32	502	2	769.1769	2	14	0	-1	0	0.0904	-1.0000
32	503	2	770.7102	3	4	0	-1	1	0.0898	0.9091
32	504	2	772.2434	4	6	0	-1	0	0.0898	-1.0000
32	505	2	773.7767	5	1	0	-1	0	0.0898	-1.0000
32	506	2	775.3099	6	11	0	-1	1	0.0893	0.8849
32	507	2	776.8432	7	3	0	-1	0	0.0893	-1.0000
32	508	2	778.3764	8	10	0	-1	0	0.0893	-1.0000
32	509	2	779.9097	9	5	0	-1	1	0.0947	0.9257
32	510	2	781.4429	10	7	0	-1	1	0.0941	0.6566
32	511	2	782.9762	12	8	0	-1	0	0.0941	-1.0000
32	512	2	784.5094	13	9	0	-1	0	0.0941	-1.0000
32	513	2	786.0427	11	2	0	-1	0	0.0941	-1.0000
32	514	2	787.5759	10	7	0	-1	0	0.0941	-1.0000
32	515	2	789.1092	12	8	0	-1	0	0.0941	-1.0000
32	516	2	790.6425	13	9	0	-1	0	0.0941	-1.0000
32	517	2	792.1757	14	15	0	-1	0	0.0941	-1.0000
32	518	2	793.7090	13	9	0	-1	0	0.0941	-1.0000
32	519	2	795.2422	14	15	0	-1	0	0.0941	-1.0000
32	520	2	796.7755	2	14	0	-1	1	0.0936	0.7964
32	521	2	798.3087	15	12	0	-1	0	0.0936	-1.0000
32	522	2	799.8420	1	13	0	-1	0	0.0936	-1.0000
32	523	2	801.3752	2	14	0	-1	0	0.0936	-1.0000
32	524	2	802.9085	15	12	0	-1	0	0.0936	-1.0000
32	525	2	804.4417	1	13	0	-1	0	0.0936	-1.0000
32	526	2	805.9750	2	14	0	-1	0	0.0936	-1.0000
32	527	2	807.5082	3	4	0	-1	1	0.0930	0.8314
32	528	2	809.0415	4	6	0	-1	0	0.0930	-1.0000
32	529	2	810.5748	5	1	0	-1	0	0.0930	-1.0000
32	530	2	812.1080	6	11	0	-1	1	0.0925	0.7752
32	531	2	813.6413	7	3	0	-1	0	0.0925	-1.0000
32	532	2	815.1745	8	10	0	-1	0	0.0925	-1.0000
32	533	2	816.7078	9	5	0	-1	1	0.0977	0.8958
32	534	2	818.2410	10	7	0	-1	0	0.0977	-1.0000
32	535	2	819.7743	11	2	0	-1	0	0.0977	-1.0000
32	536	2	821.3075	12	8	0	-1	0	0.0977	-1.0000
32	537	2	822.8408	13	9	0	-1	0	0.0977	-1.0000
32	538	2	824.3740	14	15	0	-1	0	0.0977	-1.0000
32	539	2	825.9073	15	12	0	-1	1	0.0971	0.7686
32	540	2	827.4406	1	13	0	-1	0	0.0971	-1.0000
32	541	2	828.9738	15	12	0	-1	0	0.0971	-1.0000
32	542	2	830.5070	2	14	0	-1	0	0.0971	-1.0000
32	543	2	832.0403	15	12	0	-1	0	0.0971	-1.0000
32	544	2	833.5736	1	13	0	-1	0	0.0971	-1.0000
32	545	2	835.1068	14	15	0	-1	1	0.0966	0.9608
32	546	2	836.6401	2	14	0	-1	1	0.0960	0.6595
32	547	2	838.1733	1	13	0	-1	0	0.0960	-1.0000
32	548	2	839.7066	15	12	0	-1	0	0.0960	-1.0000
32	549	2	841.2398	2	14	0	-1	0	0.0960	-1.0000
32	550	2	842.7731	15	12	0	-1	0	0.0960	-1.0000
32	551	2	844.3063	3	4	0	-1	1	0.0955	0.7372
32	552	2	845.8396	1	13	0	-1	1	0.0950	0.9640
32	553	2	847.3728	3	4	0	-1	1	0.0944	0.7747
32	554	2	848.9061	15	12	0	-1	1	0.0939	0.9858
32	555	2	850.4394	1	13	0	-1	1	0.0934	1.1324
32	556	2	851.9726	15	12	0	-1	0	0.0934	-1.0000
32	557	2	853.5059	14	15	0	-1	1	0.0929	0.9776
32	558	2	855.0391	13	9	0	-1	1	0.0978	0.4686
32	559	2	856.5724	12	8	0	-1	0	0.0978	-1.0000
32	560	2	858.1056	11	2	0	-1	0	0.0978	-1.0000
32	561	2	859.6389	10	7	0	-1	0	0.0978	-1.0000
32	562	2	861.1721	9	5	0	-1	0	0.0978	-1.0000
32	563	2	862.7054	8	10	0	-1	1	0.1027	0.9138
32	564	2	864.2386	7	3	0	-1	0	0.1027	-1.0000
32	565	2	865.7719	6	11	0	-1	0	0.1027	-1.0000
32	566	2	867.3052	5	1	0	-1	0	0.1027	-1.0000
32	567	2	868.8384	4	6	0	-1	0	0.1027	-1.0000
32	568	2	870.3717	3	4	0	-1	0	0.1027	-1.0000
32	569	2	871.9049	2	14	0	-1	1	0.1022	0.7867
32	570	2	873.4382	1	13	0	-1	0	0.1022	-1.0000
32	571	2	874.9714	15	12	0	-1	0	0.1022	-1.0000
32	572	2	876.5047	3	4	0	-1	1	0.1016	0.9389
32	573	2	878.0379	4	6	0	-1	0	0.1016	-1.0000
32	574	2	879.5712	5	1	0	-1	0	0.1016	-1.0000
32	575	2	881.1044	7	3	0	-1	1	0.1011	0.8993
32	576	2	882.6377	4	6	0	-1	1	0.1005	0.9816
32	577	2	884.1710	3	4	0	-1	0	0.1005	-1.0000
32	578	2	885.7042	1	13	0	-1	1	0.1000	0.8274
32	579	2	887.2375	3	4	0	-1	1	0.0995	0.9103
32	580	2	888.7707	1	13	0	-1	1	0.0990	0.9127
32	581	2	890.3040	3	4	0	-1	1	0.0984	0.7238
32	582	2	891.8372	4	6	0	-1	0	0.0984	-1.0000
32	583	2	893.3704	7	3	0	-1	1	0.0979	0.9689
32	584	2	894.9037	6	11	0	-1	0	0.0979	-1.0000
32	585	2	896.4370	7	3	0	-1	0	0.0979	-1.0000
32	586	2	897.9702	6	11	0	-1	0	0.0979	-1.0000
32	587	2	899.5035	5	1	0	-1	0	0.0979	-1.0000
32	588	2	901.0367	4	6	0	-1	1	0.0974	1.1747
32	589	2	902.5700	3	4	0	-1	0	0.0974	-1.0000
32	590	2	904.1032	2	14	0	-1	1	0.0969	0.8283
32	591	2	905.6365	1	13	0	-1	0	0.0969	-1.0000
32	592	2	907.1698	15	12	0	-1	0	0.0969	-1.0000
32	593	2	908.7030	14	15	0	-1	1	0.0964	0.9006
32	594	2	910.2363	13	9	0	-1	0	0.0964	-1.0000
32	595	2	911.7695	12	8	0	-1	0	0.0964	-1.0000
32	596	2	913.3028	11	2	0	-1	0	0.0964	-1.0000
32	597	2	914.8360	10	7	0	-1	0	0.0964	-1.0000
32	598	2	916.3693	9	5	0	-1	0	0.0964	-1.0000
32	599	2	917.9025	8	10	0	-1	1	0.1010	0.9010
32	600	2	919.4358	7	3	0	-1	0	0.1010	-1.0000
Actual parsing ratio
0.1010
Possible node parses
92.0000
 Node parses selected
0.2174
Possible other parses
508.0000
Other parses selected
0.3504
Chance parsing ratio
0.1533
