*********************************************
* Date/Time: 15-Nov-2019 13:59:15
* Seed: 216497
* Subject Number: 033
8	14	5	11	12	4	1	7	15	2	13	9	6	10	3	
*********************************************

Shape exposure time (seconds)
69.9510
subject	trial	phase	onset	node	shape	rotate	acc	resp	total	rt
33	1	1	1.0167	5	12	0	0	1	0.0000	1.1413
33	2	1	2.5833	7	1	0	-1	0	0.0000	-1.0000
33	3	1	4.6665	8	7	0	1	1	0.3333	1.3141
33	4	1	6.2164	5	12	0	1	1	0.5000	0.8056
33	5	1	7.7664	4	11	0	0	1	0.4000	0.3272
33	6	1	9.3163	7	1	90	0	1	0.3333	0.3298
33	7	1	10.8662	4	11	0	0	1	0.2857	0.3959
33	8	1	12.4161	5	12	0	0	1	0.2500	0.5085
33	9	1	13.9660	4	11	0	1	1	0.3333	0.5760
33	10	1	15.5160	3	5	90	0	1	0.3000	0.2741
33	11	1	17.0659	15	3	0	0	1	0.2727	0.2277
33	12	1	18.6158	3	5	0	1	1	0.3333	0.3099
33	13	1	20.1657	2	14	0	1	1	0.3846	0.3270
33	14	1	21.7156	14	10	0	0	1	0.3571	0.2338
33	15	1	23.2656	15	3	0	0	1	0.3333	0.2831
33	16	1	24.8155	3	5	0	0	1	0.3125	0.1891
33	17	1	26.3654	4	11	0	1	1	0.3529	0.5113
33	18	1	27.9153	6	4	90	0	1	0.3333	0.4024
33	19	1	29.4652	5	12	0	1	1	0.3684	0.2288
33	20	1	31.0152	4	11	0	1	1	0.4000	0.2775
33	21	1	32.5651	7	1	0	1	1	0.4286	0.3276
33	22	1	34.1150	5	12	0	0	1	0.4091	0.2350
33	23	1	35.6649	4	11	0	1	1	0.4348	0.6837
33	24	1	37.2148	6	4	0	1	1	0.4583	0.3338
33	25	1	38.7648	7	1	0	1	1	0.4800	0.6408
33	26	1	40.3147	5	12	0	0	1	0.4615	1.0740
33	27	1	41.9146	8	7	0	1	1	0.4815	0.8821
33	28	1	43.4645	7	1	0	1	1	0.5000	0.8209
33	29	1	45.0144	4	11	0	1	1	0.5172	0.5982
33	30	1	46.5644	7	1	0	1	1	0.5333	0.5694
33	31	1	48.1143	8	7	0	0	1	0.5161	1.0040
33	32	1	49.6642	5	12	0	1	1	0.5313	0.4925
33	33	1	51.2141	8	7	0	1	1	0.5455	0.3677
33	34	1	52.7640	7	1	0	1	1	0.5588	0.2246
33	35	1	54.3140	5	12	90	0	1	0.5429	0.2280
33	36	1	55.8639	7	1	0	1	1	0.5556	0.3568
33	37	1	57.4138	8	7	0	1	1	0.5676	0.3760
33	38	1	58.9637	7	1	0	1	1	0.5789	0.3944
33	39	1	60.5136	6	4	0	0	1	0.5641	0.9230
33	40	1	62.0636	7	1	90	0	1	0.5500	0.8465
33	41	1	63.6135	5	12	0	1	1	0.5610	0.5445
33	42	1	65.1634	7	1	0	1	1	0.5714	0.2583
33	43	1	66.7133	5	12	0	1	1	0.5814	0.2923
33	44	1	68.2632	4	11	0	1	1	0.5909	0.2624
33	45	1	69.8132	6	4	90	0	1	0.5778	0.2810
33	46	1	71.3631	7	1	90	1	1	0.5870	0.2976
33	47	1	72.9130	5	12	0	0	1	0.5745	0.3171
33	48	1	74.4629	8	7	0	1	1	0.5833	0.6072
33	49	1	76.0128	7	1	90	0	1	0.5714	0.2887
33	50	1	77.5628	6	4	0	1	1	0.5800	0.2739
33	51	1	79.1127	5	12	0	1	1	0.5882	0.3732
33	52	1	80.6626	6	4	0	1	1	0.5962	0.5674
33	53	1	82.2125	8	7	0	-1	0	0.5849	-1.0000
33	54	1	84.2624	6	4	0	1	1	0.5926	0.8543
33	55	1	85.8123	4	11	0	1	1	0.6000	0.4252
33	56	1	87.3622	6	4	0	-1	0	0.5893	-1.0000
33	57	1	89.3621	5	12	0	1	1	0.5965	0.1239
33	58	1	90.9121	8	7	0	1	1	0.6034	0.0776
33	59	1	92.4620	6	4	0	1	1	0.6102	0.0801
33	60	1	94.0119	5	12	90	0	1	0.6000	0.4337
33	61	1	95.5618	8	7	0	1	1	0.6066	0.2919
33	62	1	97.1118	9	15	90	0	1	0.5968	0.5340
33	63	1	98.6617	8	7	0	1	1	0.6032	0.9202
33	64	1	100.2116	9	15	0	1	1	0.6094	0.8266
33	65	1	101.7615	8	7	0	0	1	0.6000	0.9726
33	66	1	103.3114	5	12	0	1	1	0.6061	0.8142
33	67	1	104.8613	7	1	90	0	1	0.5970	0.5754
33	68	1	106.4113	8	7	0	1	1	0.6029	0.9309
33	69	1	107.9612	5	12	0	1	1	0.6087	0.9174
33	70	1	109.5111	4	11	0	1	1	0.6143	0.6305
33	71	1	111.0610	7	1	0	1	1	0.6197	0.7118
33	72	1	112.6110	8	7	0	1	1	0.6250	0.8587
33	73	1	114.1609	7	1	0	0	1	0.6164	0.9568
33	74	1	115.7108	6	4	0	1	1	0.6216	0.5592
33	75	1	117.2607	7	1	0	1	1	0.6267	0.8330
33	76	1	118.8106	4	11	0	0	1	0.6184	0.9319
33	77	1	120.3606	6	4	0	1	1	0.6234	0.4055
33	78	1	121.9105	4	11	0	0	1	0.6154	0.8072
33	79	1	123.4604	6	4	90	0	1	0.6076	0.2496
33	80	1	125.0103	5	12	0	1	1	0.6125	0.9075
33	81	1	126.5602	6	4	0	1	1	0.6173	0.5574
33	82	1	128.1101	5	12	90	1	1	0.6220	0.7665
33	83	1	129.6601	7	1	0	1	1	0.6265	0.5615
33	84	1	131.2100	8	7	0	1	1	0.6310	0.8996
33	85	1	132.7599	5	12	0	1	1	0.6353	0.7416
33	86	1	134.3098	8	7	0	1	1	0.6395	0.8560
33	87	1	135.8598	7	1	0	1	1	0.6437	0.9066
33	88	1	137.4097	4	11	0	0	1	0.6364	1.0838
33	89	1	139.0762	6	4	0	1	1	0.6404	0.3764
33	90	1	140.6262	4	11	90	0	1	0.6333	0.3474
33	91	1	142.1761	6	4	0	1	1	0.6374	0.4766
33	92	1	143.7260	7	1	0	1	1	0.6413	0.7356
33	93	1	145.2759	4	11	0	0	1	0.6344	0.8821
33	94	1	146.8259	3	5	90	0	1	0.6277	0.2588
33	95	1	148.3758	4	11	0	-1	0	0.6211	-1.0000
33	96	1	150.3923	7	1	0	1	1	0.6250	0.9492
33	97	1	151.9423	4	11	0	1	1	0.6289	1.4158
33	98	1	153.4922	5	12	0	1	1	0.6327	0.9694
33	99	1	155.0421	4	11	0	1	1	0.6364	0.6825
33	100	1	156.5920	5	12	90	0	1	0.6300	0.4778
33	101	1	158.1419	7	1	0	1	1	0.6337	0.6402
33	102	1	159.6919	6	4	0	1	1	0.6373	0.6088
33	103	1	161.2418	4	11	0	1	1	0.6408	1.1238
33	104	1	162.7917	3	5	0	1	1	0.6442	1.3021
33	105	1	164.3416	15	3	0	1	1	0.6476	0.9831
33	106	1	165.8915	3	5	0	1	1	0.6509	0.9691
33	107	1	167.4415	1	8	0	1	1	0.6542	0.6033
33	108	1	168.9914	15	3	0	1	1	0.6574	0.4622
33	109	1	170.5413	14	10	0	1	1	0.6606	0.8167
33	110	1	172.0912	1	8	0	1	1	0.6636	0.6260
33	111	1	173.6411	2	14	0	1	1	0.6667	0.7730
33	112	1	175.1911	14	10	0	1	1	0.6696	0.7896
33	113	1	176.7410	13	6	0	1	1	0.6726	0.4395
33	114	1	178.2909	14	10	0	1	1	0.6754	0.8592
33	115	1	179.8408	1	8	0	1	1	0.6783	0.8770
33	116	1	181.3907	3	5	0	1	1	0.6810	0.6874
33	117	1	182.9407	2	14	0	1	1	0.6838	0.4173
33	118	1	184.4906	1	8	90	0	1	0.6780	0.4507
33	119	1	186.0405	3	5	90	0	1	0.6723	0.4857
33	120	1	187.5904	4	11	0	1	1	0.6750	1.0783
33	121	1	189.1403	3	5	0	1	1	0.6777	0.9220
33	122	1	190.6903	4	11	0	1	1	0.6803	0.9872
33	123	1	192.2402	7	1	90	0	1	0.6748	0.8773
33	124	1	193.7901	4	11	0	1	1	0.6774	1.2629
33	125	1	195.3400	6	4	0	1	1	0.6800	0.7534
33	126	1	196.8899	5	12	0	0	1	0.6746	0.9797
33	127	1	198.4399	6	4	0	0	1	0.6693	1.0463
33	128	1	200.0064	5	12	0	1	1	0.6719	1.1902
33	129	1	201.5563	7	1	0	1	1	0.6744	1.1292
33	130	1	203.1063	6	4	0	1	1	0.6769	0.7955
33	131	1	204.6562	8	7	0	1	1	0.6794	1.3572
33	132	1	206.2061	6	4	90	0	1	0.6742	0.9280
33	133	1	207.7894	7	1	0	-1	0	0.6692	-1.0000
33	134	1	209.8226	6	4	0	1	1	0.6716	1.4550
33	135	1	211.3892	5	12	0	1	1	0.6741	0.9763
33	136	1	212.9391	7	1	90	1	1	0.6765	1.0576
33	137	1	214.4890	5	12	0	1	1	0.6788	1.2516
33	138	1	216.0390	8	7	90	1	1	0.6812	0.8387
33	139	1	217.5889	5	12	0	1	1	0.6835	0.8238
33	140	1	219.1388	6	4	90	0	1	0.6786	0.6980
33	141	1	220.6887	4	11	0	1	1	0.6809	0.8439
33	142	1	222.2386	7	1	90	0	1	0.6761	1.1836
33	143	1	223.9552	8	7	0	-1	0	0.6713	-1.0000
33	144	1	225.9884	9	15	0	1	1	0.6736	1.3217
33	145	1	227.5384	11	13	90	0	1	0.6690	0.5875
33	146	1	229.0883	10	2	0	1	1	0.6712	1.0364
33	147	1	230.6382	9	15	0	1	1	0.6735	0.7185
33	148	1	232.1881	10	2	0	1	1	0.6757	0.7845
33	149	1	233.7380	9	15	0	1	1	0.6779	0.8185
33	150	1	235.2880	10	2	0	0	1	0.6733	0.7901
33	151	1	236.8379	9	15	0	1	1	0.6755	1.2388
33	152	1	238.3878	12	9	90	0	1	0.6711	0.7449
33	153	1	239.9377	11	13	0	1	1	0.6732	1.2438
33	154	1	241.4876	10	2	0	1	1	0.6753	0.7819
33	155	1	243.0376	13	6	0	1	1	0.6774	0.5752
33	156	1	244.5875	11	13	0	1	1	0.6795	0.5940
33	157	1	246.1374	12	9	0	0	1	0.6752	1.3642
33	158	1	248.0206	10	2	90	0	1	0.6709	0.8724
33	159	1	249.5705	9	15	0	1	1	0.6730	0.7301
33	160	1	251.1205	12	9	0	1	1	0.6750	1.3251
33	161	1	252.6704	10	2	0	-1	0	0.6708	-1.0000
33	162	1	254.6870	13	6	90	0	1	0.6667	1.3108
33	163	1	256.5702	10	2	0	1	1	0.6687	0.9959
33	164	1	258.1201	9	15	0	1	1	0.6707	0.7740
33	165	1	259.6700	11	13	0	1	1	0.6727	1.1602
33	166	1	261.2200	13	6	0	1	1	0.6747	0.7778
33	167	1	262.7699	14	10	0	1	1	0.6766	0.7308
33	168	1	264.3198	2	14	0	1	1	0.6786	0.8466
33	169	1	265.8697	1	8	0	1	1	0.6805	0.9910
33	170	1	267.4196	14	10	0	1	1	0.6824	1.3130
33	171	1	268.9696	2	14	0	1	1	0.6842	0.7885
33	172	1	270.5195	3	5	0	1	1	0.6860	0.7586
33	173	1	272.0694	15	3	0	0	1	0.6821	1.4473
33	174	1	274.0193	14	10	90	0	1	0.6782	0.8574
33	175	1	275.5692	13	6	0	1	1	0.6800	1.0849
33	176	1	277.1191	11	13	0	-1	0	0.6761	-1.0000
33	177	1	279.2190	13	6	0	1	1	0.6780	0.9536
33	178	1	280.7689	12	9	90	0	1	0.6742	1.0520
33	179	1	282.3855	9	15	0	1	1	0.6760	0.5885
33	180	1	283.9354	12	9	90	1	1	0.6778	0.7667
33	181	1	285.4854	10	2	90	0	1	0.6740	1.0733
33	182	1	287.1186	13	6	0	1	1	0.6758	0.7836
33	183	1	288.6685	14	10	0	1	1	0.6776	0.6881
33	184	1	290.2185	1	8	0	1	1	0.6793	1.0596
33	185	1	291.7684	15	3	0	1	1	0.6811	1.3003
33	186	1	293.3183	2	14	90	-1	0	0.6774	-1.0000
33	187	1	295.3682	14	10	0	1	1	0.6791	0.9338
33	188	1	296.9181	15	3	0	1	1	0.6809	0.6786
33	189	1	298.4680	3	5	90	1	1	0.6825	1.1127
33	190	1	300.0179	1	8	0	0	1	0.6789	0.8279
33	191	1	301.5679	15	3	90	1	1	0.6806	1.3096
33	192	1	303.1178	2	14	0	1	1	0.6823	0.8156
33	193	1	304.6677	3	5	0	1	1	0.6839	0.8650
33	194	1	306.2176	2	14	0	1	1	0.6856	0.6284
33	195	1	307.7676	1	8	0	1	1	0.6872	0.7266
33	196	1	309.3175	14	10	0	1	1	0.6888	0.6803
33	197	1	310.8674	13	6	0	1	1	0.6904	0.9068
33	198	1	312.4173	12	9	90	1	1	0.6919	1.1474
33	199	1	313.9672	9	15	0	-1	0	0.6884	-1.0000
33	200	1	315.9838	11	13	0	-1	0	0.6850	-1.0000
33	201	1	318.0337	13	6	0	-1	0	0.6816	-1.0000
33	202	1	320.0836	14	10	0	-1	0	0.6782	-1.0000
33	203	1	322.1168	15	3	90	1	1	0.6798	0.9519
33	204	1	323.6667	2	14	90	1	1	0.6814	0.5550
33	205	1	325.2166	14	10	90	1	1	0.6829	0.3328
33	206	1	326.7666	2	14	0	0	1	0.6796	0.1741
33	207	1	328.3165	14	10	0	0	1	0.6763	0.4322
33	208	1	329.8664	15	3	0	1	1	0.6779	0.5303
33	209	1	331.4163	14	10	0	1	1	0.6794	0.3416
33	210	1	332.9662	1	8	0	1	1	0.6810	0.2793
33	211	1	334.5162	3	5	90	0	1	0.6777	0.5700
33	212	1	336.0661	1	8	0	1	1	0.6792	1.2761
33	213	1	337.6160	14	10	0	1	1	0.6808	0.7487
33	214	1	339.1659	1	8	0	1	1	0.6822	0.8319
33	215	1	340.7158	2	14	0	1	1	0.6837	0.6102
33	216	1	342.2658	3	5	0	1	1	0.6852	0.5963
33	217	1	343.8157	1	8	0	1	1	0.6866	0.8063
33	218	1	345.3656	3	5	0	1	1	0.6881	0.9520
33	219	1	346.9155	4	11	0	1	1	0.6895	1.1464
33	220	1	348.4654	3	5	90	1	1	0.6909	0.7633
33	221	1	350.0154	2	14	0	1	1	0.6923	0.6863
33	222	1	351.5653	14	10	90	0	1	0.6892	0.8474
33	223	1	353.1152	15	3	0	1	1	0.6906	1.0428
33	224	1	354.6651	2	14	0	1	1	0.6920	0.6285
33	225	1	356.2151	3	5	0	1	1	0.6933	0.6777
33	226	1	357.7650	15	3	0	1	1	0.6947	0.6331
33	227	1	359.3149	14	10	0	0	1	0.6916	0.9708
33	228	1	360.8648	15	3	0	1	1	0.6930	0.6534
33	229	1	362.4147	1	8	0	1	1	0.6943	0.6393
33	230	1	363.9646	14	10	90	0	1	0.6913	0.9935
33	231	1	365.5146	2	14	0	1	1	0.6926	0.5941
33	232	1	367.0645	1	8	0	1	1	0.6940	0.9334
33	233	1	368.6144	14	10	0	0	1	0.6910	0.9503
33	234	1	370.1643	15	3	0	1	1	0.6923	0.7136
33	235	1	371.7142	1	8	0	1	1	0.6936	0.6681
33	236	1	373.2642	14	10	0	0	1	0.6907	1.0694
33	237	1	374.8974	1	8	0	1	1	0.6920	0.6043
33	238	1	376.4473	15	3	90	-1	0	0.6891	-1.0000
33	239	1	378.4972	2	14	0	1	1	0.6904	0.5722
33	240	1	380.0471	1	8	0	1	1	0.6917	1.2456
33	241	1	381.5971	3	5	0	1	1	0.6929	0.7200
33	242	1	383.1470	2	14	0	1	1	0.6942	0.5457
33	243	1	384.6969	1	8	0	1	1	0.6955	0.5648
33	244	1	386.2468	15	3	0	1	1	0.6967	0.9666
33	245	1	387.7967	14	10	0	0	1	0.6939	0.9840
33	246	1	389.3467	15	3	0	1	1	0.6951	0.4420
33	247	1	390.8966	14	10	0	1	1	0.6964	0.7001
33	248	1	392.4465	15	3	0	1	1	0.6976	0.6543
33	249	1	393.9964	1	8	0	1	1	0.6988	0.6882
33	250	1	395.5463	14	10	0	1	1	0.7000	0.5313
33	251	1	397.0963	13	6	0	1	1	0.7012	0.9644
33	252	1	398.6462	10	2	90	0	1	0.6984	0.8238
33	253	1	400.1961	13	6	0	1	1	0.6996	0.6496
33	254	1	401.7460	10	2	0	0	1	0.6969	0.7957
33	255	1	403.2959	11	13	0	1	1	0.6980	0.7658
33	256	1	404.8459	10	2	0	1	1	0.6992	0.6881
33	257	1	406.3958	12	9	0	1	1	0.7004	1.3780
33	258	1	407.9624	11	13	0	1	1	0.7016	1.2994
33	259	1	409.5123	10	2	90	0	1	0.6988	0.9644
33	260	1	411.0622	9	15	0	1	1	0.7000	0.8717
33	261	1	412.6121	12	9	0	1	1	0.7011	0.7446
33	262	1	414.1621	13	6	90	0	1	0.6985	0.9398
33	263	1	415.7120	12	9	0	1	1	0.6996	0.7660
33	264	1	417.2619	9	15	0	1	1	0.7008	1.1037
33	265	1	418.8118	8	7	0	0	1	0.6981	0.9945
33	266	1	420.3617	5	12	0	1	1	0.6992	0.8202
33	267	1	421.9117	4	11	90	-1	0	0.6966	-1.0000
33	268	1	423.9116	5	12	0	1	1	0.6978	0.2306
33	269	1	425.4615	8	7	0	1	1	0.6989	1.4472
33	270	1	427.0614	5	12	0	1	1	0.7000	1.1283
33	271	1	428.6113	6	4	0	1	1	0.7011	0.9389
33	272	1	430.1612	4	11	0	1	1	0.7022	0.9084
33	273	1	431.7111	6	4	90	0	1	0.6996	0.6867
33	274	1	433.2611	8	7	0	0	1	0.6971	1.0237
33	275	1	434.8110	6	4	0	1	1	0.6982	0.6266
33	276	1	436.3609	8	7	90	0	1	0.6957	0.6934
33	277	1	437.9108	7	1	0	1	1	0.6968	0.5993
33	278	1	439.4607	8	7	0	0	1	0.6942	0.9055
33	279	1	441.0107	6	4	0	1	1	0.6953	0.6514
33	280	1	442.5606	7	1	0	1	1	0.6964	0.6531
33	281	1	444.1105	6	4	90	0	1	0.6940	0.5752
33	282	1	445.6604	4	11	0	1	1	0.6950	0.5291
33	283	1	447.2103	6	4	0	1	1	0.6961	0.8032
33	284	1	448.7603	8	7	0	1	1	0.6972	1.2535
33	285	1	450.3102	5	12	0	1	1	0.6982	0.8879
33	286	1	451.8601	8	7	0	0	1	0.6958	1.1939
33	287	1	453.5600	6	4	0	1	1	0.6969	0.9502
33	288	1	455.1099	4	11	0	1	1	0.6979	0.9828
33	289	1	456.6599	3	5	0	1	1	0.6990	0.7142
33	290	1	458.2098	2	14	90	0	1	0.6966	1.1634
33	291	1	459.9764	14	10	0	1	1	0.6976	0.8371
33	292	1	461.5263	13	6	90	-1	0	0.6952	-1.0000
33	293	1	463.5762	12	9	0	1	1	0.6962	0.9335
33	294	1	465.1261	9	15	90	0	1	0.6939	1.1751
33	295	1	466.8427	10	2	0	1	1	0.6949	1.1861
33	296	1	468.3925	11	13	0	1	1	0.6959	1.0448
33	297	1	469.9425	12	9	90	1	1	0.6970	0.9035
33	298	1	471.4924	9	15	0	1	1	0.6980	0.7778
33	299	1	473.0423	8	7	0	1	1	0.6990	1.2272
33	300	1	474.5922	7	1	0	1	1	0.7000	0.8285
33	301	1	476.1422	5	12	90	0	1	0.6977	0.8785
33	302	1	477.6921	4	11	0	1	1	0.6987	0.7536
33	303	1	479.2420	7	1	0	1	1	0.6997	0.7239
33	304	1	480.7919	8	7	0	0	1	0.6974	0.9488
33	305	1	482.3419	9	15	0	1	1	0.6984	0.3909
33	306	1	483.8918	10	2	0	1	1	0.6993	0.8889
33	307	1	485.4417	11	13	0	1	1	0.7003	0.9564
33	308	1	486.9916	10	2	90	0	1	0.6981	0.7815
33	309	1	488.5415	9	15	90	0	1	0.6958	1.0562
33	310	1	490.1581	11	13	0	1	1	0.6968	0.7516
33	311	1	491.7080	9	15	0	1	1	0.6977	0.7366
33	312	1	493.2580	11	13	0	1	1	0.6987	0.6428
33	313	1	494.8079	10	2	0	1	1	0.6997	0.7423
33	314	1	496.3578	12	9	0	1	1	0.7006	0.7749
33	315	1	497.9077	9	15	0	1	1	0.7016	0.6658
33	316	1	499.4577	12	9	0	1	1	0.7025	0.6032
33	317	1	501.0076	9	15	0	0	1	0.7003	1.1824
33	318	1	502.6908	10	2	0	1	1	0.7013	0.6179
33	319	1	504.2407	11	13	0	1	1	0.7022	0.5252
33	320	1	505.7906	10	2	0	1	1	0.7031	0.6710
33	321	1	507.3406	11	13	90	0	1	0.7009	0.6082
33	322	1	508.8905	9	15	90	0	1	0.6988	0.7233
33	323	1	510.4404	12	9	0	1	1	0.6997	1.4773
33	324	1	512.1070	10	2	0	1	1	0.7006	1.3468
33	325	1	513.6569	12	9	0	1	1	0.7015	0.7090
33	326	1	515.2068	9	15	90	0	1	0.6994	0.7740
33	327	1	516.7567	10	2	0	1	1	0.7003	0.6654
33	328	1	518.3067	9	15	0	1	1	0.7012	0.7468
33	329	1	519.8566	11	13	0	1	1	0.7021	0.9578
33	330	1	521.4065	9	15	0	1	1	0.7030	1.0398
33	331	1	522.9564	11	13	0	1	1	0.7039	0.6086
33	332	1	524.5063	9	15	90	0	1	0.7018	0.8024
33	333	1	526.0563	12	9	0	1	1	0.7027	0.8845
33	334	1	527.6062	11	13	0	1	1	0.7036	0.7906
33	335	1	529.1561	10	2	90	0	1	0.7015	0.6336
33	336	1	530.7060	9	15	0	1	1	0.7024	0.7947
33	337	1	532.2559	12	9	0	1	1	0.7033	0.6858
33	338	1	533.8059	13	6	0	1	1	0.7041	0.6236
33	339	1	535.3558	12	9	90	1	1	0.7050	0.8020
33	340	1	536.9057	9	15	0	-1	0	0.7029	-1.0000
33	341	1	538.9889	11	13	0	1	1	0.7038	1.1371
33	342	1	540.5389	12	9	0	1	1	0.7047	0.6432
33	343	1	542.0888	11	13	90	0	1	0.7026	1.3959
33	344	1	544.0220	13	6	0	1	1	0.7035	0.6801
33	345	1	545.5719	10	2	0	1	1	0.7043	1.0017
33	346	1	547.1218	9	15	0	1	1	0.7052	1.2917
33	347	1	548.6718	10	2	0	1	1	0.7061	0.7179
33	348	1	550.2217	11	13	0	1	1	0.7069	0.9444
33	349	1	551.7716	12	9	0	1	1	0.7077	0.7851
33	350	1	553.3215	13	6	90	1	1	0.7086	1.0447
33	351	1	554.8714	11	13	0	1	1	0.7094	0.7902
33	352	1	556.4214	10	2	0	1	1	0.7102	0.8234
33	353	1	557.9713	11	13	0	1	1	0.7110	1.2259
33	354	1	559.5212	9	15	0	1	1	0.7119	1.3569
33	355	1	561.0711	10	2	0	1	1	0.7127	0.7176
33	356	1	562.6210	12	9	0	1	1	0.7135	0.6411
33	357	1	564.1710	11	13	0	1	1	0.7143	0.7058
33	358	1	565.7209	10	2	0	1	1	0.7151	0.8687
33	359	1	567.2708	11	13	90	0	1	0.7131	0.6470
33	360	1	568.8207	13	6	90	0	1	0.7111	0.5854
33	361	1	570.3706	11	13	0	1	1	0.7119	0.8261
33	362	1	571.9206	10	2	0	1	1	0.7127	0.7176
33	363	1	573.4705	11	13	0	1	1	0.7135	1.1356
33	364	1	575.0204	9	15	0	-1	0	0.7115	-1.0000
33	365	1	577.0703	11	13	0	1	1	0.7123	0.9278
33	366	1	578.6202	13	6	0	1	1	0.7131	0.9457
33	367	1	580.1701	12	9	0	1	1	0.7139	0.6746
33	368	1	581.7201	9	15	0	1	1	0.7147	0.8222
33	369	1	583.2700	8	7	90	0	1	0.7127	1.2082
33	370	1	584.9865	5	12	0	1	1	0.7135	0.9622
33	371	1	586.5365	6	4	0	1	1	0.7143	0.9173
33	372	1	588.0864	5	12	0	1	1	0.7151	0.8064
33	373	1	589.6363	4	11	0	1	1	0.7158	0.7934
33	374	1	591.1862	7	1	0	1	1	0.7166	0.5865
33	375	1	592.7361	4	11	0	1	1	0.7173	0.6046
33	376	1	594.2861	7	1	90	0	1	0.7154	0.6553
33	377	1	595.8360	4	11	0	1	1	0.7162	0.6096
33	378	1	597.3859	5	12	0	1	1	0.7169	0.5963
33	379	1	598.9358	8	7	90	0	1	0.7150	1.2698
33	380	1	600.7691	6	4	0	1	1	0.7158	0.6212
33	381	1	602.3190	8	7	0	1	1	0.7165	1.3579
33	382	1	603.8689	5	12	0	1	1	0.7173	0.6730
33	383	1	605.4188	6	4	0	1	1	0.7180	0.6428
33	384	1	606.9687	5	12	0	1	1	0.7188	0.5656
33	385	1	608.5187	7	1	90	0	1	0.7169	0.3750
33	386	1	610.0686	5	12	0	1	1	0.7176	0.4892
33	387	1	611.6185	7	1	90	0	1	0.7158	0.5383
33	388	1	613.1684	5	12	0	1	1	0.7165	0.4292
33	389	1	614.7183	8	7	90	1	1	0.7172	1.0878
33	390	1	616.2682	5	12	0	1	1	0.7179	0.8012
33	391	1	617.8182	7	1	0	1	1	0.7187	0.8518
33	392	1	619.3681	8	7	0	0	1	0.7168	0.9823
33	393	1	620.9347	6	4	0	1	1	0.7176	0.6140
33	394	1	622.4846	5	12	0	1	1	0.7183	0.6812
33	395	1	624.0345	6	4	0	1	1	0.7190	0.8749
33	396	1	625.5845	5	12	90	0	1	0.7172	1.0203
33	397	1	627.1510	8	7	0	1	1	0.7179	0.9106
33	398	1	628.7010	9	15	0	1	1	0.7186	1.1198
33	399	1	630.2509	8	7	90	1	1	0.7193	1.3632
33	400	1	631.8008	5	12	0	1	1	0.7200	0.9640
33	401	1	633.3507	7	1	0	1	1	0.7207	1.1276
33	402	1	634.9006	8	7	90	1	1	0.7214	1.2890
33	403	1	636.4505	6	4	90	0	1	0.7196	1.3542
33	404	1	638.4004	8	7	90	1	1	0.7203	1.0533
33	405	1	639.9504	7	1	0	0	1	0.7185	1.3912
33	406	1	641.9169	8	7	0	0	1	0.7167	1.0718
33	407	1	643.5002	5	12	0	1	1	0.7174	0.8022
33	408	1	645.0501	8	7	0	1	1	0.7181	0.9636
33	409	1	646.6000	6	4	90	0	1	0.7164	1.4460
33	410	1	648.6166	5	12	0	1	1	0.7171	0.7082
33	411	1	650.1665	4	11	90	0	1	0.7153	0.9186
33	412	1	651.7164	5	12	0	1	1	0.7160	0.5857
33	413	1	653.2664	6	4	0	1	1	0.7167	0.7313
33	414	1	654.8163	8	7	0	1	1	0.7174	0.9409
33	415	1	656.3662	9	15	0	1	1	0.7181	1.0075
33	416	1	657.9161	10	2	0	1	1	0.7188	0.6887
33	417	1	659.4660	13	6	0	1	1	0.7194	0.6756
33	418	1	661.0159	14	10	0	1	1	0.7201	0.9016
33	419	1	662.5659	1	8	0	1	1	0.7208	0.8228
33	420	1	664.1158	14	10	90	0	1	0.7190	0.7770
33	421	1	665.6657	2	14	90	0	1	0.7173	0.7310
33	422	1	667.2156	14	10	0	1	1	0.7180	0.7181
33	423	1	668.7655	15	3	0	1	1	0.7187	0.7047
33	424	1	670.3155	1	8	0	1	1	0.7193	0.6739
33	425	1	671.8654	3	5	90	0	1	0.7176	0.6769
33	426	1	673.4153	1	8	90	1	1	0.7183	0.9669
33	427	1	674.9652	3	5	0	1	1	0.7190	0.9996
33	428	1	676.5151	4	11	0	0	1	0.7173	1.4496
33	429	1	678.5150	6	4	0	1	1	0.7179	0.7626
33	430	1	680.0650	5	12	0	1	1	0.7186	0.7331
33	431	1	681.6149	6	4	0	1	1	0.7193	0.6063
33	432	1	683.1648	5	12	0	1	1	0.7199	0.9454
33	433	1	684.7147	7	1	0	1	1	0.7206	0.9628
33	434	1	686.2646	8	7	0	1	1	0.7212	0.8537
33	435	1	687.8146	7	1	0	1	1	0.7218	0.6957
33	436	1	689.3645	8	7	90	0	1	0.7202	0.6336
33	437	1	690.9144	9	15	0	1	1	0.7208	0.9234
33	438	1	692.4643	8	7	90	1	1	0.7215	0.6535
33	439	1	694.0142	5	12	0	1	1	0.7221	0.6065
33	440	1	695.5642	7	1	0	1	1	0.7227	0.8170
33	441	1	697.1141	8	7	0	-1	0	0.7211	-1.0000
33	442	1	699.1973	6	4	0	1	1	0.7217	0.0169
33	443	1	700.7472	5	12	0	1	1	0.7223	0.7375
33	444	1	702.2971	7	1	90	0	1	0.7207	0.9009
33	445	1	703.8471	8	7	0	1	1	0.7213	1.0788
33	446	1	705.3970	7	1	0	1	1	0.7220	1.0647
33	447	1	706.9469	8	7	0	1	1	0.7226	0.6179
33	448	1	708.4968	9	15	90	0	1	0.7210	0.9565
33	449	1	710.0467	8	7	0	1	1	0.7216	0.8471
33	450	1	711.5967	7	1	0	1	1	0.7222	1.1374
33	451	1	713.1466	4	11	0	1	1	0.7228	0.8357
33	452	1	714.6965	3	5	0	1	1	0.7235	0.7242
33	453	1	716.2464	4	11	0	1	1	0.7241	0.7743
33	454	1	717.7963	6	4	0	1	1	0.7247	0.6017
33	455	1	719.3463	8	7	90	1	1	0.7253	0.7155
33	456	1	720.8962	7	1	0	1	1	0.7259	0.5255
33	457	1	722.4461	4	11	0	1	1	0.7265	0.8146
33	458	1	723.9960	5	12	90	0	1	0.7249	0.6260
33	459	1	725.5459	4	11	0	-1	0	0.7233	-1.0000
33	460	1	727.6292	7	1	90	0	1	0.7217	1.3123
33	461	1	729.5124	5	12	0	1	1	0.7223	0.8044
33	462	1	731.0623	6	4	0	1	1	0.7229	0.5993
33	463	1	732.6122	8	7	0	1	1	0.7235	0.9696
33	464	1	734.1622	6	4	0	1	1	0.7241	0.6200
33	465	1	735.7121	5	12	0	1	1	0.7247	0.6687
33	466	1	737.2620	4	11	0	1	1	0.7253	0.6877
33	467	1	738.8119	7	1	0	1	1	0.7259	0.9128
33	468	1	740.3618	5	12	0	1	1	0.7265	0.5800
33	469	1	741.9118	7	1	0	1	1	0.7271	0.7420
33	470	1	743.4617	5	12	0	1	1	0.7277	0.6151
33	471	1	745.0116	8	7	0	1	1	0.7282	0.7303
33	472	1	746.5615	7	1	0	1	1	0.7288	1.1632
33	473	1	748.1114	6	4	0	1	1	0.7294	0.7343
33	474	1	749.6614	5	12	0	1	1	0.7300	0.5287
33	475	1	751.2113	6	4	0	1	1	0.7305	0.6104
33	476	1	752.7612	8	7	0	1	1	0.7311	0.6924
33	477	1	754.3111	7	1	0	1	1	0.7317	0.9665
33	478	1	755.8610	8	7	0	1	1	0.7322	0.6975
33	479	1	757.4110	7	1	0	1	1	0.7328	0.6818
33	480	1	758.9609	4	11	0	1	1	0.7333	0.4279
33	481	1	760.5108	3	5	0	1	1	0.7339	0.6551
33	482	1	762.0607	4	11	0	1	1	0.7344	0.4970
33	483	1	763.6106	3	5	0	1	1	0.7350	0.5311
33	484	1	765.1605	1	8	0	1	1	0.7355	0.8042
33	485	1	766.7105	15	3	0	1	1	0.7361	0.9998
33	486	1	768.2604	2	14	90	0	1	0.7346	0.8084
33	487	1	769.8103	3	5	0	1	1	0.7351	0.6202
33	488	1	771.3602	1	8	0	1	1	0.7357	0.8455
33	489	1	772.9102	15	3	0	1	1	0.7362	0.6241
33	490	1	774.4601	3	5	0	1	1	0.7367	0.5127
33	491	1	776.0100	4	11	0	1	1	0.7373	0.9308
33	492	1	777.5599	7	1	90	0	1	0.7358	0.7102
33	493	1	779.1098	5	12	0	1	1	0.7363	0.4724
33	494	1	780.6598	4	11	0	1	1	0.7368	0.6660
33	495	1	782.2097	7	1	0	1	1	0.7374	0.6524
33	496	1	783.7596	4	11	0	1	1	0.7379	0.7351
33	497	1	785.3095	7	1	0	1	1	0.7384	0.6393
33	498	1	786.8594	5	12	0	1	1	0.7390	0.5774
33	499	1	788.4093	6	4	0	1	1	0.7395	0.5794
33	500	1	789.9593	8	7	0	1	1	0.7400	0.7429
33	501	1	791.5092	7	1	0	1	1	0.7405	0.6651
33	502	1	793.0591	8	7	0	1	1	0.7410	0.7312
33	503	1	794.6090	5	12	0	1	1	0.7416	0.6048
33	504	1	796.1589	4	11	0	1	1	0.7421	0.6699
33	505	1	797.7089	7	1	0	1	1	0.7426	0.6089
33	506	1	799.2588	8	7	0	1	1	0.7431	0.7380
33	507	1	800.8087	7	1	0	1	1	0.7436	0.5320
33	508	1	802.3586	5	12	0	1	1	0.7441	0.5663
33	509	1	803.9086	6	4	0	1	1	0.7446	0.5860
33	510	1	805.4585	7	1	90	0	1	0.7431	0.7639
33	511	1	807.0084	8	7	0	1	1	0.7436	0.6857
33	512	1	808.5583	7	1	0	1	1	0.7441	1.1185
33	513	1	810.1082	6	4	0	1	1	0.7446	0.6886
33	514	1	811.6581	5	12	0	1	1	0.7451	0.5946
33	515	1	813.2081	7	1	0	1	1	0.7456	0.6460
33	516	1	814.7580	8	7	0	1	1	0.7461	0.5997
33	517	1	816.3079	6	4	0	1	1	0.7466	0.5858
33	518	1	817.8578	5	12	0	1	1	0.7471	0.6029
33	519	1	819.4077	4	11	90	0	1	0.7457	1.3580
33	520	1	821.2743	6	4	90	0	1	0.7442	0.7079
33	521	1	822.8242	7	1	0	1	1	0.7447	0.8047
33	522	1	824.3742	4	11	0	1	1	0.7452	0.7756
33	523	1	825.9241	6	4	90	0	1	0.7438	0.4575
33	524	1	827.4740	8	7	0	1	1	0.7443	0.6518
33	525	1	829.0239	7	1	0	1	1	0.7448	0.6703
33	526	1	830.5738	6	4	0	0	1	0.7433	0.9286
33	527	1	832.1237	5	12	0	1	1	0.7438	0.6732
33	528	1	833.6737	6	4	0	1	1	0.7443	0.8040
33	529	1	835.2236	7	1	0	1	1	0.7448	0.6303
33	530	1	836.7735	8	7	0	1	1	0.7453	0.6802
33	531	1	838.3234	5	12	0	1	1	0.7458	0.4904
33	532	1	839.8734	7	1	0	1	1	0.7462	0.4286
33	533	1	841.4233	5	12	0	1	1	0.7467	0.3511
33	534	1	842.9732	8	7	0	1	1	0.7472	1.3602
33	535	1	844.5231	9	15	0	1	1	0.7477	1.2350
33	536	1	846.0730	8	7	0	1	1	0.7481	0.6932
33	537	1	847.6229	7	1	90	1	1	0.7486	0.9978
33	538	1	849.1729	6	4	0	1	1	0.7491	0.7770
33	539	1	850.7228	5	12	90	1	1	0.7495	0.9229
33	540	1	852.2727	8	7	0	1	1	0.7500	0.7650
33	541	1	853.8226	6	4	0	1	1	0.7505	0.5917
33	542	1	855.3726	7	1	0	1	1	0.7509	0.6893
33	543	1	856.9225	5	12	90	1	1	0.7514	0.8038
33	544	1	858.4724	6	4	0	1	1	0.7518	0.7733
33	545	1	860.0223	8	7	0	1	1	0.7523	0.7917
33	546	1	861.6556	9	15	0	1	1	0.7527	0.6943
33	547	1	863.2055	11	13	0	0	1	0.7514	0.9994
33	548	1	864.7554	13	6	90	0	1	0.7500	0.8109
33	549	1	866.3053	12	9	90	1	1	0.7505	1.0370
33	550	1	867.8552	11	13	0	1	1	0.7509	0.9575
33	551	1	869.4052	13	6	0	1	1	0.7514	0.8811
33	552	1	870.9551	12	9	0	1	1	0.7518	0.9627
33	553	1	872.5050	11	13	0	1	1	0.7523	0.8038
33	554	1	874.0549	12	9	0	1	1	0.7527	0.7268
33	555	1	875.6048	13	6	0	1	1	0.7532	1.0169
33	556	1	877.1548	14	10	0	1	1	0.7536	0.9230
33	557	1	878.7047	2	14	0	0	1	0.7522	0.9091
33	558	1	880.2546	1	8	90	1	1	0.7527	0.9904
33	559	1	881.8045	15	3	0	1	1	0.7531	0.6563
33	560	1	883.3544	14	10	0	1	1	0.7536	0.7558
33	561	1	884.9043	2	14	0	1	1	0.7540	1.1084
33	562	1	886.4543	1	8	0	1	1	0.7544	0.9505
33	563	1	888.0042	14	10	90	0	1	0.7531	0.7299
33	564	1	889.5541	2	14	0	1	1	0.7535	0.7627
33	565	1	891.1040	15	3	0	1	1	0.7540	0.5902
33	566	1	892.6540	14	10	0	1	1	0.7544	0.9123
33	567	1	894.2039	2	14	90	1	1	0.7549	0.9780
33	568	1	895.7538	1	8	0	1	1	0.7553	0.8364
33	569	1	897.3037	14	10	0	1	1	0.7557	0.6460
33	570	1	898.8536	15	3	0	1	1	0.7561	0.6631
33	571	1	900.4036	3	5	0	1	1	0.7566	0.5382
33	572	1	901.9535	4	11	90	0	1	0.7552	0.5401
33	573	1	903.5034	7	1	0	1	1	0.7557	0.9270
33	574	1	905.0533	4	11	90	0	1	0.7544	0.8007
33	575	1	906.6032	6	4	0	1	1	0.7548	0.6105
33	576	1	908.1531	7	1	0	1	1	0.7552	0.7876
33	577	1	909.7031	5	12	0	1	1	0.7556	0.6618
33	578	1	911.2530	4	11	0	0	1	0.7543	1.2718
33	579	1	913.0362	6	4	0	1	1	0.7547	1.2019
33	580	1	914.5861	4	11	0	1	1	0.7552	0.9319
33	581	1	916.1361	5	12	0	1	1	0.7556	0.6776
33	582	1	917.6860	4	11	0	1	1	0.7560	0.5668
33	583	1	919.2359	3	5	0	1	1	0.7564	0.6169
33	584	1	920.7858	1	8	0	1	1	0.7568	0.6830
33	585	1	922.3357	14	10	90	0	1	0.7556	0.6546
33	586	1	923.8857	1	8	0	1	1	0.7560	0.6405
33	587	1	925.4356	15	3	0	1	1	0.7564	0.6412
33	588	1	926.9855	2	14	0	1	1	0.7568	0.5954
33	589	1	928.5354	3	5	0	1	1	0.7572	0.6305
33	590	1	930.0853	15	3	0	1	1	0.7576	0.5369
33	591	1	931.6353	2	14	0	1	1	0.7580	0.5544
33	592	1	933.1852	15	3	0	1	1	0.7584	1.1956
33	593	1	934.7351	2	14	90	0	1	0.7572	1.1667
33	594	1	936.4517	3	5	0	1	1	0.7576	0.5866
33	595	1	938.0016	2	14	0	1	1	0.7580	0.8923
33	596	1	939.5515	3	5	0	1	1	0.7584	0.5583
33	597	1	941.1014	4	11	0	1	1	0.7588	0.9768
33	598	1	942.6514	5	12	0	1	1	0.7592	0.6895
33	599	1	944.2013	8	7	0	1	1	0.7596	0.9009
33	600	1	945.7512	6	4	0	1	1	0.7600	0.7590
33	601	1	1032.5800	7	1	0	-1	0	0.7587	-1.0000
33	602	1	1034.5966	6	4	0	1	1	0.7591	0.0894
33	603	1	1036.1465	5	12	0	1	1	0.7595	0.7144
33	604	1	1037.6964	6	4	0	1	1	0.7599	1.4535
33	605	1	1039.2963	4	11	0	1	1	0.7603	0.9418
33	606	1	1040.8463	5	12	90	1	1	0.7607	0.7676
33	607	1	1042.3962	8	7	0	1	1	0.7611	0.7366
33	608	1	1043.9461	6	4	0	1	1	0.7615	0.6283
33	609	1	1045.4960	4	11	90	0	1	0.7603	0.7088
33	610	1	1047.0459	7	1	0	1	1	0.7607	0.4389
33	611	1	1048.5959	6	4	0	1	1	0.7610	0.5690
33	612	1	1050.1458	8	7	90	1	1	0.7614	1.0361
33	613	1	1051.6957	6	4	90	0	1	0.7602	0.6220
33	614	1	1053.2456	4	11	0	1	1	0.7606	0.6232
33	615	1	1054.7955	5	12	0	1	1	0.7610	0.6584
33	616	1	1056.3455	6	4	0	1	1	0.7614	0.5800
33	617	1	1057.8954	5	12	90	0	1	0.7601	0.5814
33	618	1	1059.4453	4	11	0	1	1	0.7605	0.6797
33	619	1	1060.9952	5	12	0	1	1	0.7609	0.5859
33	620	1	1062.5451	4	11	0	0	1	0.7597	0.8126
33	621	1	1064.0951	7	1	90	0	1	0.7585	0.8937
33	622	1	1065.6450	5	12	0	1	1	0.7588	0.6409
33	623	1	1067.1949	4	11	0	1	1	0.7592	0.5788
33	624	1	1068.7448	3	5	0	1	1	0.7596	0.4212
33	625	1	1070.2947	15	3	0	1	1	0.7600	1.0315
33	626	1	1071.8447	14	10	0	0	1	0.7588	1.1283
33	627	1	1073.5446	1	8	0	1	1	0.7592	0.8052
33	628	1	1075.0945	15	3	0	1	1	0.7596	0.7276
33	629	1	1076.6444	2	14	90	1	1	0.7599	1.1134
33	630	1	1078.1943	15	3	90	1	1	0.7603	1.2265
33	631	1	1079.7442	1	8	0	1	1	0.7607	0.8766
33	632	1	1081.2942	15	3	0	1	1	0.7611	0.7836
33	633	1	1082.8441	3	5	90	1	1	0.7615	0.8969
33	634	1	1084.3940	1	8	0	1	1	0.7618	0.6748
33	635	1	1085.9439	3	5	0	1	1	0.7622	0.6299
33	636	1	1087.4939	2	14	0	1	1	0.7626	0.9669
33	637	1	1089.0438	15	3	90	1	1	0.7630	1.0170
33	638	1	1090.5937	3	5	0	1	1	0.7633	0.8591
33	639	1	1092.1436	1	8	0	1	1	0.7637	0.6702
33	640	1	1093.6935	15	3	0	1	1	0.7641	0.8314
33	641	1	1095.2434	1	8	0	1	1	0.7644	0.6261
33	642	1	1096.7934	14	10	0	1	1	0.7648	1.0126
33	643	1	1098.3433	2	14	0	1	1	0.7652	0.6628
33	644	1	1099.8932	3	5	90	1	1	0.7655	0.7439
33	645	1	1101.4431	1	8	0	1	1	0.7659	0.7459
33	646	1	1102.9930	2	14	0	1	1	0.7663	0.6198
33	647	1	1104.5430	15	3	0	1	1	0.7666	0.7658
33	648	1	1106.0929	1	8	0	1	1	0.7670	0.6729
33	649	1	1107.6428	2	14	90	1	1	0.7673	1.0113
33	650	1	1109.1927	14	10	90	0	1	0.7662	0.8051
33	651	1	1110.7427	2	14	90	0	1	0.7650	0.6462
33	652	1	1112.2926	14	10	0	1	1	0.7653	0.5683
33	653	1	1113.8425	15	3	0	1	1	0.7657	0.5863
33	654	1	1115.3924	3	5	0	1	1	0.7661	0.7651
33	655	1	1116.9423	4	11	0	1	1	0.7664	1.1040
33	656	1	1118.4922	7	1	0	0	1	0.7652	1.0255
33	657	1	1120.0755	4	11	0	1	1	0.7656	0.4348
33	658	1	1121.6254	7	1	0	1	1	0.7660	0.7081
33	659	1	1123.1753	5	12	0	1	1	0.7663	0.5655
33	660	1	1124.7253	6	4	0	1	1	0.7667	0.7602
33	661	1	1126.2752	7	1	0	1	1	0.7670	0.6990
33	662	1	1127.8251	6	4	90	1	1	0.7674	1.0209
33	663	1	1129.3750	4	11	0	1	1	0.7677	0.7353
33	664	1	1130.9249	5	12	0	1	1	0.7681	0.5610
33	665	1	1132.4749	6	4	90	0	1	0.7669	0.5793
33	666	1	1134.0248	4	11	0	1	1	0.7673	0.6775
33	667	1	1135.5747	7	1	0	1	1	0.7676	0.8556
33	668	1	1137.1246	6	4	0	1	1	0.7680	0.7450
33	669	1	1138.6745	8	7	90	0	1	0.7668	1.1783
33	670	1	1140.4078	9	15	0	1	1	0.7672	1.4140
33	671	1	1141.9577	10	2	0	1	1	0.7675	0.6165
33	672	1	1143.5076	13	6	0	1	1	0.7679	0.8092
33	673	1	1145.0575	14	10	0	1	1	0.7682	0.5562
33	674	1	1146.6075	13	6	90	0	1	0.7671	0.5254
33	675	1	1148.1574	12	9	0	1	1	0.7674	0.5755
33	676	1	1149.7073	9	15	0	0	1	0.7663	1.1055
33	677	1	1151.3739	10	2	0	1	1	0.7666	0.5762
33	678	1	1152.9238	12	9	0	1	1	0.7670	0.6106
33	679	1	1154.4737	9	15	0	1	1	0.7673	0.5167
33	680	1	1156.0236	10	2	0	1	1	0.7676	0.6132
33	681	1	1157.5736	9	15	0	1	1	0.7680	0.6646
33	682	1	1159.1235	10	2	90	0	1	0.7669	0.4428
33	683	1	1160.6734	13	6	0	1	1	0.7672	0.8608
33	684	1	1162.2233	10	2	90	0	1	0.7661	0.6225
33	685	1	1163.7732	12	9	0	1	1	0.7664	0.6730
33	686	1	1165.3232	9	15	0	1	1	0.7668	0.6429
33	687	1	1166.8731	8	7	0	-1	0	0.7656	-1.0000
33	688	1	1168.9063	9	15	0	1	1	0.7660	1.0119
33	689	1	1170.4562	10	2	90	1	1	0.7663	0.9806
33	690	1	1172.0061	12	9	90	1	1	0.7667	0.8547
33	691	1	1173.5561	10	2	90	1	1	0.7670	0.8103
33	692	1	1175.1060	13	6	0	1	1	0.7673	0.7162
33	693	1	1176.6559	12	9	0	1	1	0.7677	1.0530
33	694	1	1178.2058	10	2	90	1	1	0.7680	0.7201
33	695	1	1179.7557	13	6	90	0	1	0.7669	0.7704
33	696	1	1181.3057	11	13	90	1	1	0.7672	0.9962
33	697	1	1182.8556	13	6	0	1	1	0.7676	0.8533
33	698	1	1184.4055	14	10	0	1	1	0.7679	0.9354
33	699	1	1185.9554	13	6	0	1	1	0.7682	0.6188
33	700	1	1187.5053	12	9	0	1	1	0.7686	0.6038
33	701	1	1189.0553	13	6	0	1	1	0.7689	0.5907
33	702	1	1190.6052	14	10	0	1	1	0.7692	1.1050
33	703	1	1192.1551	15	3	90	0	1	0.7681	0.8508
33	704	1	1193.7050	2	14	0	1	1	0.7685	0.6438
33	705	1	1195.2549	3	5	0	1	1	0.7688	0.6303
33	706	1	1196.8048	15	3	0	1	1	0.7691	0.5367
33	707	1	1198.3548	1	8	0	1	1	0.7694	0.7470
33	708	1	1199.9047	15	3	90	1	1	0.7698	0.9244
33	709	1	1201.4546	14	10	90	1	1	0.7701	1.1997
33	710	1	1203.0045	15	3	90	1	1	0.7704	0.9123
33	711	1	1204.5545	14	10	90	1	1	0.7707	1.2518
33	712	1	1206.1044	13	6	0	1	1	0.7711	0.8365
33	713	1	1207.6543	14	10	0	1	1	0.7714	1.3507
33	714	1	1209.2042	15	3	0	1	1	0.7717	1.1287
33	715	1	1210.7542	3	5	0	1	1	0.7720	0.8112
33	716	1	1212.3041	1	8	0	1	1	0.7723	0.7177
33	717	1	1213.8540	15	3	0	1	1	0.7727	0.9759
33	718	1	1215.4039	3	5	0	1	1	0.7730	0.7700
33	719	1	1216.9538	2	14	0	1	1	0.7733	0.6276
33	720	1	1218.5037	3	5	0	1	1	0.7736	0.5664
33	721	1	1220.0537	1	8	0	1	1	0.7739	0.5992
33	722	1	1221.6036	14	10	0	1	1	0.7742	0.8414
33	723	1	1223.1535	15	3	0	1	1	0.7746	0.6682
33	724	1	1224.7034	14	10	90	1	1	0.7749	1.0377
33	725	1	1226.2533	1	8	0	1	1	0.7752	0.7689
33	726	1	1227.8033	15	3	90	1	1	0.7755	0.9616
33	727	1	1229.3532	3	5	0	1	1	0.7758	0.8206
33	728	1	1230.9031	15	3	0	1	1	0.7761	0.7590
33	729	1	1232.4530	14	10	0	1	1	0.7764	1.0172
33	730	1	1234.0029	1	8	0	1	1	0.7767	0.9870
33	731	1	1235.5529	14	10	90	1	1	0.7770	1.3720
33	732	1	1237.1028	13	6	90	1	1	0.7773	0.9271
33	733	1	1238.6527	14	10	0	1	1	0.7776	0.9135
33	734	1	1240.2026	2	14	0	1	1	0.7779	0.6273
33	735	1	1241.7525	15	3	0	1	1	0.7782	0.6614
33	736	1	1243.3025	1	8	0	1	1	0.7785	0.6154
33	737	1	1244.8523	2	14	0	1	1	0.7788	0.5539
33	738	1	1246.4023	1	8	0	1	1	0.7791	0.6200
33	739	1	1247.9522	2	14	0	1	1	0.7794	0.5741
33	740	1	1249.5021	14	10	0	1	1	0.7797	0.7987
33	741	1	1251.0521	1	8	0	1	1	0.7800	0.5622
33	742	1	1252.6020	2	14	0	1	1	0.7803	0.5321
33	743	1	1254.1519	15	3	0	1	1	0.7806	0.6139
33	744	1	1255.7018	3	5	0	1	1	0.7809	0.5844
33	745	1	1257.2517	15	3	0	1	1	0.7812	0.5691
33	746	1	1258.8017	2	14	90	1	1	0.7815	0.8444
33	747	1	1260.3516	1	8	0	1	1	0.7818	0.7507
33	748	1	1261.9015	14	10	90	1	1	0.7821	1.0888
33	749	1	1263.4514	2	14	90	0	1	0.7810	0.6584
33	750	1	1265.0013	14	10	0	1	1	0.7813	1.4760
33	751	1	1266.6513	13	6	0	1	1	0.7816	0.9306
33	752	1	1268.2012	10	2	90	1	1	0.7819	0.8853
33	753	1	1269.7511	12	9	0	1	1	0.7822	0.9671
33	754	1	1271.3010	13	6	0	1	1	0.7825	0.7759
33	755	1	1272.8509	11	13	0	1	1	0.7828	1.3393
33	756	1	1274.4009	12	9	0	1	1	0.7831	0.7320
33	757	1	1275.9508	13	6	0	1	1	0.7834	0.6542
33	758	1	1277.5007	10	2	90	1	1	0.7836	0.8649
33	759	1	1279.0506	11	13	0	1	1	0.7839	0.8822
33	760	1	1280.6005	12	9	0	1	1	0.7842	0.6292
33	761	1	1282.1505	9	15	0	0	1	0.7832	1.2384
33	762	1	1283.9004	12	9	90	0	1	0.7822	0.7695
33	763	1	1285.4503	10	2	0	1	1	0.7824	1.0439
33	764	1	1287.0002	11	13	0	1	1	0.7827	1.0766
33	765	1	1288.5501	10	2	90	1	1	0.7830	0.7757
33	766	1	1290.1000	13	6	0	1	1	0.7833	0.6339
33	767	1	1291.6500	11	13	0	1	1	0.7836	0.7309
33	768	1	1293.1999	12	9	0	1	1	0.7839	0.6864
33	769	1	1294.7498	10	2	0	1	1	0.7841	0.9127
33	770	1	1296.2997	11	13	0	1	1	0.7844	0.7377
33	771	1	1297.8497	13	6	0	1	1	0.7847	0.5952
33	772	1	1299.3996	12	9	0	1	1	0.7850	0.5664
33	773	1	1300.9495	10	2	0	1	1	0.7853	0.7594
33	774	1	1302.4994	9	15	0	1	1	0.7855	0.9389
33	775	1	1304.0493	11	13	0	1	1	0.7858	0.6684
33	776	1	1305.5992	13	6	0	1	1	0.7861	0.5897
33	777	1	1307.1492	14	10	0	1	1	0.7864	1.0077
33	778	1	1308.6991	2	14	90	1	1	0.7866	0.8990
33	779	1	1310.2490	15	3	0	1	1	0.7869	0.5807
33	780	1	1311.7989	2	14	0	1	1	0.7872	1.1420
33	781	1	1313.3488	15	3	0	1	1	0.7875	0.6962
33	782	1	1314.8988	14	10	0	1	1	0.7877	0.9231
33	783	1	1316.4487	2	14	0	1	1	0.7880	0.9251
33	784	1	1317.9986	15	3	0	1	1	0.7883	0.6543
33	785	1	1319.5485	2	14	0	1	1	0.7885	0.8178
33	786	1	1321.0984	15	3	90	1	1	0.7888	1.0599
33	787	1	1322.6484	3	5	0	1	1	0.7891	0.8217
33	788	1	1324.1983	2	14	0	1	1	0.7893	0.7921
33	789	1	1325.7482	1	8	0	1	1	0.7896	0.7937
33	790	1	1327.2981	15	3	0	1	1	0.7899	0.8267
33	791	1	1328.8480	1	8	0	1	1	0.7901	0.7330
33	792	1	1330.3979	15	3	0	1	1	0.7904	0.6229
33	793	1	1331.9479	14	10	0	1	1	0.7907	0.8497
33	794	1	1333.4978	1	8	0	1	1	0.7909	0.5800
33	795	1	1335.0477	14	10	0	1	1	0.7912	1.2052
33	796	1	1336.5976	2	14	0	1	1	0.7915	0.6165
33	797	1	1338.1476	3	5	0	1	1	0.7917	0.6344
33	798	1	1339.6975	4	11	0	1	1	0.7920	1.3085
33	799	1	1341.2474	7	1	0	1	1	0.7922	1.0695
33	800	1	1342.7973	6	4	0	1	1	0.7925	0.8489
33	801	1	1344.3472	4	11	0	1	1	0.7928	0.9936
33	802	1	1345.8972	5	12	0	1	1	0.7930	0.8037
33	803	1	1347.4471	6	4	0	1	1	0.7933	0.6472
33	804	1	1348.9970	8	7	0	1	1	0.7935	0.6479
33	805	1	1350.5469	9	15	0	1	1	0.7938	1.0029
33	806	1	1352.0968	10	2	0	1	1	0.7940	0.6522
33	807	1	1353.6468	11	13	0	1	1	0.7943	0.7181
33	808	1	1355.1967	9	15	0	1	1	0.7946	0.7370
33	809	1	1356.7466	8	7	0	1	1	0.7948	0.6433
33	810	1	1358.2965	9	15	90	1	1	0.7951	1.1884
33	811	1	1359.8464	10	2	0	1	1	0.7953	0.9184
33	812	1	1361.3964	11	13	0	1	1	0.7956	0.7140
33	813	1	1362.9463	13	6	90	1	1	0.7958	0.8266
33	814	1	1364.4962	14	10	0	1	1	0.7961	0.8286
33	815	1	1366.0461	2	14	0	1	1	0.7963	0.7357
33	816	1	1367.5960	1	8	0	1	1	0.7966	0.6094
33	817	1	1369.1460	3	5	0	1	1	0.7968	0.5957
33	818	1	1370.6959	4	11	0	1	1	0.7971	0.6620
33	819	1	1372.2458	6	4	90	1	1	0.7973	0.9031
33	820	1	1373.7957	4	11	0	1	1	0.7976	0.8893
33	821	1	1375.3456	3	5	0	1	1	0.7978	0.6523
33	822	1	1376.8955	2	14	0	1	1	0.7981	0.6213
33	823	1	1378.4455	3	5	90	1	1	0.7983	0.7674
33	824	1	1379.9954	2	14	0	1	1	0.7985	0.7548
33	825	1	1381.5453	15	3	0	1	1	0.7988	1.0131
33	826	1	1383.0952	14	10	90	1	1	0.7990	1.2705
33	827	1	1384.6452	2	14	0	1	1	0.7993	0.6486
33	828	1	1386.1951	15	3	0	1	1	0.7995	0.6512
33	829	1	1387.7450	2	14	90	1	1	0.7998	0.7653
33	830	1	1389.2949	15	3	0	1	1	0.8000	0.5901
33	831	1	1390.8448	1	8	0	1	1	0.8002	0.7680
33	832	1	1392.3947	15	3	90	0	1	0.7993	0.6429
33	833	1	1393.9447	3	5	0	1	1	0.7995	0.6603
33	834	1	1395.4946	4	11	0	1	1	0.7998	0.7743
33	835	1	1397.0445	5	12	0	1	1	0.8000	0.6497
33	836	1	1398.5944	8	7	0	1	1	0.8002	0.7639
33	837	1	1400.1444	9	15	0	1	1	0.8005	1.1335
33	838	1	1401.6943	11	13	0	1	1	0.8007	0.8946
33	839	1	1403.2442	12	9	0	1	1	0.8010	0.6738
33	840	1	1404.7941	11	13	0	1	1	0.8012	0.7242
33	841	1	1406.3440	13	6	0	1	1	0.8014	0.9168
33	842	1	1407.8940	14	10	90	1	1	0.8017	0.9829
33	843	1	1409.4439	13	6	0	1	1	0.8019	1.0170
33	844	1	1410.9938	10	2	90	1	1	0.8021	0.9722
33	845	1	1412.5437	12	9	0	1	1	0.8024	0.7656
33	846	1	1414.0936	11	13	0	1	1	0.8026	0.8161
33	847	1	1415.6436	13	6	0	1	1	0.8028	1.0423
33	848	1	1417.1935	14	10	0	1	1	0.8031	0.9164
33	849	1	1418.7434	2	14	0	1	1	0.8033	0.6469
33	850	1	1420.2933	3	5	0	1	1	0.8035	0.6485
33	851	1	1421.8432	4	11	0	1	1	0.8038	0.8587
33	852	1	1423.3931	3	5	0	1	1	0.8040	0.6199
33	853	1	1424.9431	2	14	90	1	1	0.8042	0.7666
33	854	1	1426.4930	3	5	0	1	1	0.8044	0.5612
33	855	1	1428.0429	1	8	0	1	1	0.8047	0.5949
33	856	1	1429.5928	14	10	0	1	1	0.8049	0.9332
33	857	1	1431.1428	1	8	0	1	1	0.8051	0.5833
33	858	1	1432.6927	14	10	0	1	1	0.8054	0.5371
33	859	1	1434.2426	1	8	0	1	1	0.8056	0.5558
33	860	1	1435.7925	2	14	90	1	1	0.8058	0.7016
33	861	1	1437.3424	1	8	90	1	1	0.8060	0.8785
33	862	1	1438.8923	15	3	0	1	1	0.8063	1.0093
33	863	1	1440.4423	2	14	0	1	1	0.8065	0.7398
33	864	1	1441.9922	1	8	0	1	1	0.8067	0.7734
33	865	1	1443.5421	2	14	0	1	1	0.8069	0.5997
33	866	1	1445.0920	3	5	0	1	1	0.8072	0.6021
33	867	1	1446.6419	15	3	0	1	1	0.8074	0.6204
33	868	1	1448.1919	3	5	0	1	1	0.8076	0.6065
33	869	1	1449.7418	2	14	0	1	1	0.8078	0.5756
33	870	1	1451.2917	15	3	0	1	1	0.8080	0.5946
33	871	1	1452.8416	1	8	90	0	1	0.8071	0.7233
33	872	1	1454.3916	15	3	0	1	1	0.8073	0.7265
33	873	1	1455.9415	2	14	0	1	1	0.8076	0.6794
33	874	1	1457.4914	14	10	0	0	1	0.8066	0.7935
33	875	1	1459.0413	1	8	0	1	1	0.8069	0.6356
33	876	1	1460.5912	3	5	0	1	1	0.8071	0.6072
33	877	1	1462.1411	15	3	0	1	1	0.8073	0.7531
33	878	1	1463.6911	2	14	0	1	1	0.8075	0.5310
33	879	1	1465.2410	14	10	0	1	1	0.8077	0.8529
33	880	1	1466.7909	2	14	0	1	1	0.8080	0.5349
33	881	1	1468.3408	1	8	0	1	1	0.8082	0.7280
33	882	1	1469.8907	15	3	0	1	1	0.8084	0.6668
33	883	1	1471.4407	1	8	90	1	1	0.8086	0.7012
33	884	1	1472.9906	15	3	90	0	1	0.8077	0.6396
33	885	1	1474.6405	2	14	0	1	1	0.8079	0.6055
33	886	1	1476.1904	3	5	0	1	1	0.8081	0.7994
33	887	1	1477.7403	4	11	90	-1	0	0.8072	-1.0000
33	888	1	1479.7736	6	4	0	1	1	0.8074	1.0714
33	889	1	1481.3235	7	1	0	1	1	0.8076	0.9628
33	890	1	1482.8734	5	12	90	1	1	0.8079	0.9805
33	891	1	1484.4233	6	4	0	1	1	0.8081	0.7430
33	892	1	1485.9732	5	12	0	1	1	0.8083	0.8891
33	893	1	1487.5232	8	7	0	1	1	0.8085	0.7786
33	894	1	1489.0731	7	1	0	1	1	0.8087	0.9558
33	895	1	1490.6230	4	11	0	1	1	0.8089	1.2788
33	896	1	1492.1729	3	5	0	1	1	0.8092	0.7053
33	897	1	1493.7228	15	3	90	1	1	0.8094	0.9471
33	898	1	1495.2728	14	10	0	1	1	0.8096	1.0451
33	899	1	1496.8227	13	6	0	1	1	0.8098	1.2222
33	900	1	1498.3726	14	10	0	1	1	0.8100	0.8735
33	901	1	1499.9225	1	8	0	1	1	0.8102	0.7797
33	902	1	1501.4724	2	14	90	1	1	0.8104	0.8459
33	903	1	1503.0224	15	3	0	1	1	0.8106	0.8797
33	904	1	1504.5723	1	8	0	1	1	0.8108	0.6576
33	905	1	1506.1222	14	10	0	1	1	0.8110	0.8347
33	906	1	1507.6721	13	6	0	1	1	0.8113	0.6288
33	907	1	1509.2220	14	10	0	1	1	0.8115	0.6160
33	908	1	1510.7720	13	6	0	1	1	0.8117	0.5383
33	909	1	1512.3219	11	13	90	-1	0	0.8108	-1.0000
33	910	1	1514.3218	10	2	90	0	1	0.8099	0.8432
33	911	1	1515.9050	11	13	0	1	1	0.8101	1.4367
33	912	1	1517.5216	10	2	0	0	1	0.8092	0.8283
33	913	1	1519.0715	12	9	0	1	1	0.8094	0.7829
33	914	1	1520.6215	11	13	90	1	1	0.8096	1.1835
33	915	1	1522.1714	9	15	0	1	1	0.8098	1.3135
33	916	1	1523.7213	10	2	0	0	1	0.8090	1.3652
33	917	1	1525.6712	11	13	0	1	1	0.8092	1.1903
33	918	1	1527.2211	12	9	0	1	1	0.8094	0.6647
33	919	1	1528.7710	9	15	0	1	1	0.8096	0.6668
33	920	1	1530.3209	8	7	0	1	1	0.8098	0.6840
33	921	1	1531.8709	6	4	0	1	1	0.8100	0.6221
33	922	1	1533.4208	7	1	0	1	1	0.8102	0.8011
33	923	1	1534.9707	6	4	90	1	1	0.8104	0.9782
33	924	1	1536.5206	4	11	0	1	1	0.8106	1.0137
33	925	1	1538.0706	5	12	0	1	1	0.8108	0.8544
33	926	1	1539.6205	4	11	0	1	1	0.8110	0.8895
33	927	1	1541.1704	6	4	0	1	1	0.8112	0.9879
33	928	1	1542.7203	8	7	0	1	1	0.8114	0.6698
33	929	1	1544.2702	9	15	90	1	1	0.8116	1.2801
33	930	1	1545.8202	10	2	0	0	1	0.8108	0.9940
33	931	1	1547.4034	12	9	0	1	1	0.8110	0.7069
33	932	1	1548.9533	11	13	0	1	1	0.8112	1.2839
33	933	1	1550.5032	13	6	0	1	1	0.8114	1.0616
33	934	1	1552.0532	14	10	0	1	1	0.8116	1.1438
33	935	1	1553.6031	15	3	0	1	1	0.8118	1.0023
33	936	1	1555.1530	3	5	0	1	1	0.8120	1.1170
33	937	1	1556.7029	15	3	0	1	1	0.8122	0.9264
33	938	1	1558.2528	14	10	0	1	1	0.8124	0.8161
33	939	1	1559.8028	15	3	0	1	1	0.8126	0.6421
33	940	1	1561.3527	2	14	0	1	1	0.8128	0.9017
33	941	1	1562.9026	15	3	90	1	1	0.8130	1.3823
33	942	1	1564.4525	14	10	0	1	1	0.8132	0.9856
33	943	1	1566.0024	1	8	90	1	1	0.8134	0.9393
33	944	1	1567.5524	14	10	0	1	1	0.8136	1.1015
33	945	1	1569.1023	2	14	0	1	1	0.8138	0.9596
33	946	1	1570.6522	14	10	0	1	1	0.8140	0.7059
33	947	1	1572.2021	15	3	0	1	1	0.8141	0.7397
33	948	1	1573.7520	3	5	0	1	1	0.8143	0.7738
33	949	1	1575.3020	4	11	0	1	1	0.8145	0.8549
33	950	1	1576.8519	6	4	0	1	1	0.8147	0.7459
33	951	1	1578.4018	8	7	0	1	1	0.8149	0.8437
33	952	1	1579.9517	5	12	90	0	1	0.8141	0.9583
33	953	1	1581.5016	7	1	0	1	1	0.8143	1.0075
33	954	1	1583.0516	4	11	0	1	1	0.8145	1.0414
33	955	1	1584.6015	3	5	0	1	1	0.8147	1.0594
33	956	1	1586.1514	2	14	0	1	1	0.8149	0.6949
33	957	1	1587.7013	1	8	0	1	1	0.8150	0.7916
33	958	1	1589.2512	15	3	0	1	1	0.8152	0.6666
33	959	1	1590.8012	2	14	0	1	1	0.8154	0.7491
33	960	1	1592.3511	1	8	0	1	1	0.8156	0.6550
33	961	1	1593.9010	15	3	0	1	1	0.8158	0.7694
33	962	1	1595.4509	3	5	0	1	1	0.8160	0.6909
33	963	1	1597.0008	15	3	0	1	1	0.8162	0.6934
33	964	1	1598.5507	3	5	0	1	1	0.8164	0.8222
33	965	1	1600.1007	4	11	90	1	1	0.8166	1.1452
33	966	1	1601.6506	3	5	0	1	1	0.8168	0.7318
33	967	1	1603.2005	15	3	0	1	1	0.8170	0.8775
33	968	1	1604.7504	14	10	0	1	1	0.8171	1.0718
33	969	1	1606.3004	13	6	0	1	1	0.8173	0.9621
33	970	1	1607.8503	14	10	90	1	1	0.8175	0.8826
33	971	1	1609.4002	1	8	90	1	1	0.8177	0.7417
33	972	1	1610.9501	15	3	0	1	1	0.8179	1.0638
33	973	1	1612.5000	3	5	90	1	1	0.8181	0.9369
33	974	1	1614.0500	2	14	0	0	1	0.8172	0.9724
33	975	1	1615.5999	3	5	0	1	1	0.8174	0.7342
33	976	1	1617.1498	4	11	0	1	1	0.8176	0.9920
33	977	1	1618.6997	6	4	90	-1	0	0.8168	-1.0000
33	978	1	1620.7663	5	12	0	1	1	0.8170	0.8146
33	979	1	1622.3162	4	11	0	1	1	0.8172	0.9935
33	980	1	1623.8661	7	1	0	1	1	0.8173	0.6437
33	981	1	1625.4160	8	7	90	1	1	0.8175	0.9181
33	982	1	1626.9659	5	12	0	1	1	0.8177	0.6630
33	983	1	1628.5159	8	7	90	1	1	0.8179	0.7147
33	984	1	1630.0658	9	15	0	1	1	0.8181	1.1161
33	985	1	1631.6157	10	2	90	1	1	0.8183	0.9399
33	986	1	1633.1656	9	15	0	1	1	0.8185	0.8807
33	987	1	1634.7155	12	9	0	1	1	0.8186	0.6102
33	988	1	1636.2655	11	13	0	-1	0	0.8178	-1.0000
33	989	1	1638.3154	13	6	0	1	1	0.8180	0.7710
33	990	1	1639.8653	12	9	0	1	1	0.8182	0.6765
33	991	1	1641.4152	13	6	0	1	1	0.8184	0.7257
33	992	1	1642.9651	10	2	0	1	1	0.8185	0.6968
33	993	1	1644.5150	12	9	0	1	1	0.8187	0.5867
33	994	1	1646.0650	9	15	90	0	1	0.8179	0.6215
33	995	1	1647.6149	11	13	0	1	1	0.8181	0.7194
33	996	1	1649.1648	12	9	90	1	1	0.8183	0.8013
33	997	1	1650.7147	10	2	0	1	1	0.8185	0.8197
33	998	1	1652.2646	11	13	0	1	1	0.8186	0.7100
33	999	1	1653.8145	13	6	0	1	1	0.8188	0.6790
33	1000	1	1655.3645	14	10	0	1	1	0.8190	1.0649
33	1001	1	1656.9144	13	6	0	1	1	0.8192	0.6201
33	1002	1	1658.4643	10	2	90	1	1	0.8194	0.9421
33	1003	1	1660.0142	9	15	0	1	1	0.8195	0.7043
33	1004	1	1661.5642	10	2	0	0	1	0.8187	0.6727
33	1005	1	1663.1141	11	13	0	1	1	0.8189	0.5799
33	1006	1	1664.6640	13	6	0	1	1	0.8191	0.7099
33	1007	1	1666.2139	14	10	90	1	1	0.8193	0.9830
33	1008	1	1667.7638	1	8	0	1	1	0.8194	1.2091
33	1009	1	1669.3137	3	5	0	1	1	0.8196	0.6992
33	1010	1	1670.8637	1	8	90	1	1	0.8198	0.7498
33	1011	1	1672.4136	14	10	0	1	1	0.8200	0.9913
33	1012	1	1673.9635	15	3	0	1	1	0.8202	0.9303
33	1013	1	1675.5134	3	5	0	1	1	0.8203	0.5806
33	1014	1	1677.0634	15	3	0	1	1	0.8205	0.6147
33	1015	1	1678.6133	1	8	0	1	1	0.8207	0.6966
33	1016	1	1680.1632	14	10	0	1	1	0.8209	1.0658
33	1017	1	1681.7131	1	8	0	1	1	0.8210	0.5888
33	1018	1	1683.2630	3	5	90	1	1	0.8212	0.7499
33	1019	1	1684.8129	4	11	0	1	1	0.8214	0.9921
33	1020	1	1686.3628	7	1	90	-1	0	0.8206	-1.0000
33	1021	1	1688.3961	4	11	0	1	1	0.8208	1.4568
33	1022	1	1689.9960	3	5	0	1	1	0.8209	0.8499
33	1023	1	1691.5459	4	11	0	0	1	0.8201	0.7710
33	1024	1	1693.0959	5	12	0	1	1	0.8203	0.8851
33	1025	1	1694.6458	6	4	90	1	1	0.8205	0.8551
33	1026	1	1696.1957	5	12	0	1	1	0.8207	0.7622
33	1027	1	1697.7456	4	11	0	1	1	0.8208	0.6850
33	1028	1	1699.2955	3	5	0	1	1	0.8210	0.7508
33	1029	1	1700.8455	1	8	0	1	1	0.8212	0.6565
33	1030	1	1702.3954	2	14	0	1	1	0.8214	0.9936
33	1031	1	1703.9453	3	5	0	1	1	0.8215	0.6440
33	1032	1	1705.4952	4	11	0	1	1	0.8217	0.7431
33	1033	1	1707.0451	6	4	0	1	1	0.8219	0.9373
33	1034	1	1708.5950	7	1	0	1	1	0.8221	0.8590
33	1035	1	1710.1450	8	7	0	1	1	0.8222	1.0691
33	1036	1	1711.6949	7	1	0	1	1	0.8224	0.9755
33	1037	1	1713.2448	4	11	0	1	1	0.8226	1.1859
33	1038	1	1714.7947	3	5	0	1	1	0.8227	0.6434
33	1039	1	1716.3446	2	14	0	1	1	0.8229	0.5496
33	1040	1	1717.8946	15	3	0	1	1	0.8231	0.6311
33	1041	1	1719.4445	2	14	0	1	1	0.8232	0.5856
33	1042	1	1720.9944	15	3	0	1	1	0.8234	0.5880
33	1043	1	1722.5443	2	14	0	1	1	0.8236	0.5896
33	1044	1	1724.0942	1	8	0	1	1	0.8238	0.7677
33	1045	1	1725.6442	2	14	0	1	1	0.8239	0.4967
33	1046	1	1727.1941	3	5	90	1	1	0.8241	0.7400
33	1047	1	1728.7440	15	3	0	1	1	0.8243	0.5969
33	1048	1	1730.2939	3	5	0	1	1	0.8244	0.6006
33	1049	1	1731.8438	1	8	0	1	1	0.8246	0.6666
33	1050	1	1733.3938	15	3	0	1	1	0.8248	0.6042
33	1051	1	1734.9437	1	8	0	1	1	0.8249	0.6703
33	1052	1	1736.4936	2	14	0	1	1	0.8251	0.8647
33	1053	1	1738.0435	15	3	0	1	1	0.8253	0.6748
33	1054	1	1739.5935	1	8	0	1	1	0.8254	0.7570
33	1055	1	1741.1434	15	3	0	1	1	0.8256	0.5983
33	1056	1	1742.6933	3	5	0	1	1	0.8258	0.7130
33	1057	1	1744.2432	2	14	90	1	1	0.8259	1.0027
33	1058	1	1745.7931	3	5	0	1	1	0.8261	0.6839
33	1059	1	1747.3431	4	11	0	1	1	0.8263	0.7188
33	1060	1	1748.8930	3	5	0	1	1	0.8264	0.6248
33	1061	1	1750.4429	4	11	90	1	1	0.8266	1.0431
33	1062	1	1751.9928	3	5	0	1	1	0.8267	0.6294
33	1063	1	1753.5427	15	3	0	1	1	0.8269	0.6951
33	1064	1	1755.0926	2	14	90	1	1	0.8271	0.8723
33	1065	1	1756.6426	14	10	0	1	1	0.8272	1.0518
33	1066	1	1758.1925	1	8	0	1	1	0.8274	0.7965
33	1067	1	1759.7424	2	14	90	1	1	0.8276	0.8480
33	1068	1	1761.2923	15	3	0	1	1	0.8277	0.6246
33	1069	1	1762.8422	2	14	90	0	1	0.8269	0.6755
33	1070	1	1764.3922	14	10	90	1	1	0.8271	1.0616
33	1071	1	1765.9421	15	3	0	1	1	0.8273	1.3518
33	1072	1	1767.4920	3	5	0	1	1	0.8274	0.7144
33	1073	1	1769.0419	15	3	90	1	1	0.8276	0.7960
33	1074	1	1770.5918	14	10	0	1	1	0.8277	1.0211
33	1075	1	1772.1418	13	6	0	1	1	0.8279	0.9912
33	1076	1	1773.6917	11	13	0	1	1	0.8281	0.8653
33	1077	1	1775.2416	12	9	0	1	1	0.8282	0.7409
33	1078	1	1776.7915	11	13	0	1	1	0.8284	0.6774
33	1079	1	1778.3414	12	9	90	1	1	0.8285	0.6955
33	1080	1	1779.8914	9	15	0	1	1	0.8287	1.0816
33	1081	1	1781.4413	11	13	0	1	1	0.8289	0.7477
33	1082	1	1782.9912	9	15	0	1	1	0.8290	0.8458
33	1083	1	1784.5411	8	7	0	1	1	0.8292	0.9291
33	1084	1	1786.0910	7	1	0	1	1	0.8293	0.8348
33	1085	1	1787.6410	6	4	0	1	1	0.8295	0.7080
33	1086	1	1789.1909	7	1	90	0	1	0.8287	0.7100
33	1087	1	1790.7408	5	12	0	1	1	0.8289	0.6809
33	1088	1	1792.2907	6	4	0	1	1	0.8290	0.5552
33	1089	1	1793.8406	7	1	0	1	1	0.8292	0.8932
33	1090	1	1795.3906	6	4	0	1	1	0.8294	0.8158
33	1091	1	1796.9405	4	11	0	1	1	0.8295	0.8325
33	1092	1	1798.4904	5	12	90	-1	0	0.8288	-1.0000
33	1093	1	1800.5903	6	4	0	1	1	0.8289	0.6556
33	1094	1	1802.1402	4	11	90	0	1	0.8282	1.0408
33	1095	1	1803.7568	3	5	0	1	1	0.8283	0.6899
33	1096	1	1805.3067	4	11	0	1	1	0.8285	0.8032
33	1097	1	1806.8566	6	4	0	1	1	0.8286	0.6451
33	1098	1	1808.4066	4	11	90	1	1	0.8288	0.9674
33	1099	1	1809.9565	5	12	0	1	1	0.8289	0.7140
33	1100	1	1811.5064	8	7	0	1	1	0.8291	0.6835
33	1101	1	1813.0563	7	1	0	1	1	0.8292	0.7014
33	1102	1	1814.6062	8	7	90	1	1	0.8294	1.1667
33	1103	1	1816.1561	6	4	0	1	1	0.8296	0.7057
33	1104	1	1817.7061	7	1	90	0	1	0.8288	0.9163
33	1105	1	1819.2560	8	7	90	1	1	0.8290	1.1262
33	1106	1	1820.8059	5	12	0	1	1	0.8291	0.8239
33	1107	1	1822.3558	8	7	0	1	1	0.8293	1.1131
33	1108	1	1823.9057	6	4	0	1	1	0.8294	0.6352
33	1109	1	1825.4557	5	12	0	1	1	0.8296	0.6693
33	1110	1	1827.0056	7	1	90	0	1	0.8288	0.6247
33	1111	1	1828.5555	4	11	90	1	1	0.8290	1.4105
33	1112	1	1830.1221	7	1	0	1	1	0.8291	1.2190
33	1113	1	1831.6720	4	11	0	-1	0	0.8284	-1.0000
33	1114	1	1833.7386	6	4	0	1	1	0.8285	1.0273
33	1115	1	1835.2885	8	7	90	1	1	0.8287	0.8060
33	1116	1	1836.8384	5	12	0	1	1	0.8289	0.6792
33	1117	1	1838.3883	7	1	0	1	1	0.8290	0.8886
33	1118	1	1839.9382	4	11	0	1	1	0.8292	0.8760
33	1119	1	1841.4882	6	4	0	1	1	0.8293	0.7658
33	1120	1	1843.0381	7	1	0	1	1	0.8295	0.6082
33	1121	1	1844.5880	5	12	0	1	1	0.8296	0.9779
33	1122	1	1846.1379	8	7	0	1	1	0.8298	1.0600
33	1123	1	1847.6879	6	4	0	1	1	0.8299	0.6619
33	1124	1	1849.2378	4	11	90	1	1	0.8301	0.9192
33	1125	1	1850.7877	5	12	0	0	1	0.8293	0.9710
33	1126	1	1852.3376	4	11	0	1	1	0.8295	1.3882
33	1127	1	1853.8875	7	1	0	-1	0	0.8287	-1.0000
33	1128	1	1855.9374	4	11	0	1	1	0.8289	0.0290
33	1129	1	1857.5207	6	4	90	1	1	0.8291	0.9092
33	1130	1	1859.0706	5	12	0	1	1	0.8292	0.7515
33	1131	1	1860.6205	4	11	0	1	1	0.8294	0.7845
33	1132	1	1862.1704	5	12	0	1	1	0.8295	1.4587
33	1133	1	1863.7703	4	11	0	1	1	0.8297	0.5474
33	1134	1	1865.3203	3	5	0	1	1	0.8298	0.7422
33	1135	1	1866.8702	15	3	90	1	1	0.8300	1.0959
33	1136	1	1868.4201	1	8	0	1	1	0.8301	1.0503
33	1137	1	1869.9700	15	3	0	1	1	0.8303	0.7002
33	1138	1	1871.5199	14	10	90	1	1	0.8304	1.1342
33	1139	1	1873.0699	13	6	0	1	1	0.8306	1.0080
33	1140	1	1874.6198	11	13	0	1	1	0.8307	1.3144
33	1141	1	1876.1697	9	15	0	1	1	0.8309	1.0282
33	1142	1	1877.7196	8	7	0	1	1	0.8310	0.8549
33	1143	1	1879.2696	9	15	0	1	1	0.8311	0.8248
33	1144	1	1880.8195	11	13	0	1	1	0.8313	0.7147
33	1145	1	1882.3694	12	9	0	1	1	0.8314	0.5724
33	1146	1	1883.9193	9	15	0	1	1	0.8316	0.6710
33	1147	1	1885.4692	8	7	90	1	1	0.8317	0.9129
33	1148	1	1887.0192	9	15	0	1	1	0.8319	0.7868
33	1149	1	1888.5691	12	9	0	1	1	0.8320	0.6928
33	1150	1	1890.1190	9	15	0	1	1	0.8322	0.6949
33	1151	1	1891.6689	10	2	0	1	1	0.8323	1.1295
33	1152	1	1893.2188	13	6	0	1	1	0.8325	0.6676
33	1153	1	1894.7687	14	10	90	1	1	0.8326	0.9097
33	1154	1	1896.3187	13	6	0	1	1	0.8328	0.9438
33	1155	1	1897.8686	14	10	0	1	1	0.8329	1.0884
33	1156	1	1899.4185	2	14	0	1	1	0.8330	0.8034
33	1157	1	1900.9684	15	3	0	1	1	0.8332	0.8371
33	1158	1	1902.5183	2	14	0	1	1	0.8333	0.6481
33	1159	1	1904.0683	15	3	0	1	1	0.8335	0.6821
33	1160	1	1905.6182	14	10	0	1	1	0.8336	1.2918
33	1161	1	1907.1681	1	8	90	1	1	0.8338	0.8942
33	1162	1	1908.7180	15	3	0	1	1	0.8339	0.7680
33	1163	1	1910.2679	3	5	0	1	1	0.8340	0.6570
33	1164	1	1911.8179	1	8	0	1	1	0.8342	0.6285
33	1165	1	1913.3678	15	3	0	1	1	0.8343	1.0300
33	1166	1	1914.9177	14	10	90	1	1	0.8345	0.9833
33	1167	1	1916.4676	13	6	90	1	1	0.8346	0.8573
33	1168	1	1918.0175	12	9	0	1	1	0.8348	0.7156
33	1169	1	1919.5675	13	6	0	1	1	0.8349	0.6867
33	1170	1	1921.1174	11	13	0	1	1	0.8350	0.7691
33	1171	1	1922.6673	12	9	90	1	1	0.8352	0.7070
33	1172	1	1924.2172	9	15	0	1	1	0.8353	0.7891
33	1173	1	1925.7671	11	13	0	1	1	0.8355	0.6793
33	1174	1	1927.3171	9	15	0	1	1	0.8356	0.6479
33	1175	1	1928.8670	8	7	0	1	1	0.8357	0.9220
33	1176	1	1930.4169	9	15	0	1	1	0.8359	0.5895
33	1177	1	1931.9668	11	13	0	1	1	0.8360	0.7037
33	1178	1	1933.5167	12	9	0	1	1	0.8362	0.7042
33	1179	1	1935.0667	13	6	0	1	1	0.8363	0.6915
33	1180	1	1936.6166	11	13	0	1	1	0.8364	0.5814
33	1181	1	1938.1665	9	15	90	1	1	0.8366	1.1598
33	1182	1	1939.7164	11	13	0	1	1	0.8367	0.6818
33	1183	1	1941.2663	12	9	0	1	1	0.8369	0.5238
33	1184	1	1942.8163	11	13	0	1	1	0.8370	0.6215
33	1185	1	1944.3662	9	15	90	1	1	0.8371	1.0715
33	1186	1	1945.9161	11	13	0	1	1	0.8373	0.6258
33	1187	1	1947.4660	10	2	0	1	1	0.8374	0.7400
33	1188	1	1949.0159	11	13	90	1	1	0.8375	1.1410
33	1189	1	1950.5659	12	9	0	1	1	0.8377	0.6645
33	1190	1	1952.1158	9	15	90	1	1	0.8378	1.0014
33	1191	1	1953.6657	11	13	0	1	1	0.8380	0.7168
33	1192	1	1955.2156	13	6	0	1	1	0.8381	0.7188
33	1193	1	1956.7655	12	9	90	1	1	0.8382	0.8004
33	1194	1	1958.3155	9	15	0	1	1	0.8384	0.8989
33	1195	1	1959.8654	12	9	0	1	1	0.8385	0.7876
33	1196	1	1961.4153	10	2	0	1	1	0.8386	0.8072
33	1197	1	1962.9652	9	15	0	1	1	0.8388	0.8877
33	1198	1	1964.5151	12	9	90	1	1	0.8389	0.7619
33	1199	1	1966.0651	13	6	0	1	1	0.8390	0.6679
33	1200	1	1967.6150	14	10	0	1	1	0.8392	0.8791
33	1201	1	1969.1649	1	8	0	1	1	0.8393	0.7215
33	1202	1	1970.7148	2	14	0	1	1	0.8394	0.6262
33	1203	1	1972.2647	15	3	0	1	1	0.8396	0.6137
33	1204	1	1973.8146	3	5	90	1	1	0.8397	1.3031
33	1205	1	1975.3646	1	8	0	1	1	0.8398	0.8413
33	1206	1	1976.9145	2	14	0	1	1	0.8400	0.6999
33	1207	1	1978.4644	1	8	0	1	1	0.8401	0.6218
33	1208	1	1980.0143	2	14	0	1	1	0.8402	0.5747
33	1209	1	1981.5643	14	10	0	1	1	0.8404	0.8498
33	1210	1	1983.1142	2	14	0	1	1	0.8405	0.5483
33	1211	1	1984.6641	14	10	0	1	1	0.8406	0.6129
33	1212	1	1986.2140	15	3	0	1	1	0.8408	0.5520
33	1213	1	1987.7639	14	10	0	1	1	0.8409	0.5531
33	1214	1	1989.3139	15	3	0	1	1	0.8410	0.5569
33	1215	1	1990.8638	2	14	0	1	1	0.8412	0.5586
33	1216	1	1992.4137	14	10	0	1	1	0.8413	0.5603
33	1217	1	1993.9636	1	8	0	1	1	0.8414	0.6102
33	1218	1	1995.5135	3	5	0	1	1	0.8415	0.6925
33	1219	1	1997.0635	15	3	90	0	1	0.8409	0.7096
33	1220	1	1998.6134	3	5	0	1	1	0.8410	0.7286
33	1221	1	2000.1633	15	3	0	1	1	0.8411	0.8097
33	1222	1	2001.7132	14	10	0	1	1	0.8412	0.7789
33	1223	1	2003.2631	2	14	0	1	1	0.8414	0.5739
33	1224	1	2004.8130	14	10	0	1	1	0.8415	0.4480
33	1225	1	2006.3630	15	3	0	1	1	0.8416	0.6750
33	1226	1	2007.9129	3	5	0	1	1	0.8418	0.9175
33	1227	1	2009.4628	15	3	0	1	1	0.8419	0.7263
33	1228	1	2011.0127	2	14	0	1	1	0.8420	0.6331
33	1229	1	2012.5627	3	5	90	1	1	0.8421	0.8277
33	1230	1	2014.1126	1	8	0	1	1	0.8423	0.6524
33	1231	1	2015.6625	2	14	0	1	1	0.8424	0.6714
33	1232	1	2017.2124	1	8	0	1	1	0.8425	0.6572
33	1233	1	2018.7623	15	3	0	1	1	0.8427	0.6280
33	1234	1	2020.3123	2	14	0	1	1	0.8428	0.4687
33	1235	1	2021.8622	3	5	0	1	1	0.8429	0.6478
33	1236	1	2023.4121	1	8	0	1	1	0.8430	0.7299
33	1237	1	2024.9620	14	10	0	1	1	0.8432	0.7004
33	1238	1	2026.5119	1	8	0	1	1	0.8433	0.6381
33	1239	1	2028.0618	15	3	90	1	1	0.8434	0.7526
33	1240	1	2029.6118	2	14	0	1	1	0.8435	0.7547
33	1241	1	2031.1617	1	8	0	1	1	0.8437	0.5808
33	1242	1	2032.7116	2	14	0	1	1	0.8438	0.5828
33	1243	1	2034.2615	3	5	0	1	1	0.8439	0.6965
33	1244	1	2035.8114	2	14	0	1	1	0.8441	0.5065
33	1245	1	2037.3614	14	10	0	1	1	0.8442	0.7326
33	1246	1	2038.9113	1	8	0	1	1	0.8443	0.6066
33	1247	1	2040.4612	2	14	90	1	1	0.8444	0.7197
33	1248	1	2042.0111	15	3	0	1	1	0.8446	0.5620
33	1249	1	2043.5610	1	8	90	1	1	0.8447	0.7400
33	1250	1	2045.1110	14	10	0	1	1	0.8448	0.7429
33	1251	1	2046.6609	13	6	0	1	1	0.8449	0.9690
33	1252	1	2048.2108	11	13	0	1	1	0.8450	0.7797
33	1253	1	2049.7607	13	6	0	1	1	0.8452	0.7818
33	1254	1	2051.3106	14	10	0	1	1	0.8453	0.7343
33	1255	1	2052.8605	13	6	0	1	1	0.8454	0.7365
33	1256	1	2054.4105	10	2	0	1	1	0.8455	0.8666
33	1257	1	2055.9604	11	13	0	1	1	0.8457	0.6297
33	1258	1	2057.5103	13	6	0	1	1	0.8458	0.6147
33	1259	1	2059.0602	12	9	90	1	1	0.8459	0.7616
33	1260	1	2060.6102	9	15	90	0	1	0.8452	1.1160
33	1261	1	2062.2434	8	7	90	1	1	0.8454	0.9071
33	1262	1	2063.7933	7	1	0	0	1	0.8447	1.1325
33	1263	1	2065.4932	6	4	0	1	1	0.8448	0.7446
33	1264	1	2067.0432	7	1	90	0	1	0.8441	0.9228
33	1265	1	2068.5931	5	12	90	0	1	0.8435	0.7335
33	1266	1	2070.1430	8	7	90	1	1	0.8436	0.7831
33	1267	1	2071.6929	9	15	90	1	1	0.8437	1.0561
33	1268	1	2073.2428	8	7	0	0	1	0.8431	0.7874
33	1269	1	2074.7928	9	15	90	1	1	0.8432	1.2853
33	1270	1	2076.3427	12	9	0	1	1	0.8433	0.9673
33	1271	1	2077.8926	11	13	0	1	1	0.8434	0.8579
33	1272	1	2079.4425	12	9	0	1	1	0.8436	0.6678
33	1273	1	2080.9924	10	2	0	1	1	0.8437	0.7655
33	1274	1	2082.5423	11	13	0	1	1	0.8438	0.7520
33	1275	1	2084.0923	9	15	0	1	1	0.8439	1.0741
33	1276	1	2085.6422	12	9	0	1	1	0.8440	0.7068
33	1277	1	2087.1921	10	2	90	1	1	0.8442	0.8378
33	1278	1	2088.7420	11	13	0	1	1	0.8443	0.7590
33	1279	1	2090.2920	9	15	0	1	1	0.8444	0.9701
33	1280	1	2091.8419	11	13	0	1	1	0.8445	0.8125
33	1281	1	2093.3918	10	2	90	1	1	0.8447	0.8462
33	1282	1	2094.9417	9	15	90	1	1	0.8448	1.1841
33	1283	1	2096.4916	8	7	0	1	1	0.8449	1.2823
33	1284	1	2098.0416	5	12	0	1	1	0.8450	0.8370
33	1285	1	2099.5915	6	4	0	1	1	0.8451	0.6629
33	1286	1	2101.1414	7	1	90	1	1	0.8453	1.2565
33	1287	1	2102.6913	8	7	0	1	1	0.8454	1.0017
33	1288	1	2104.2412	9	15	0	1	1	0.8455	1.0532
33	1289	1	2105.7912	12	9	0	1	1	0.8456	0.8152
33	1290	1	2107.3411	11	13	0	1	1	0.8457	0.7201
33	1291	1	2108.8910	9	15	0	1	1	0.8459	1.0102
33	1292	1	2110.4409	11	13	90	1	1	0.8460	1.1561
33	1293	1	2111.9908	9	15	0	1	1	0.8461	1.1910
33	1294	1	2113.5408	12	9	0	1	1	0.8462	0.8732
33	1295	1	2115.0907	9	15	0	1	1	0.8463	0.7474
33	1296	1	2116.6406	8	7	0	1	1	0.8465	0.8125
33	1297	1	2118.1905	6	4	90	1	1	0.8466	0.9265
33	1298	1	2119.7404	7	1	0	1	1	0.8467	0.9453
33	1299	1	2121.2904	6	4	0	1	1	0.8468	0.7398
33	1300	1	2122.8403	7	1	0	1	1	0.8469	0.6938
33	1301	1	2124.3902	5	12	0	1	1	0.8470	0.7116
33	1302	1	2125.9401	8	7	0	1	1	0.8472	0.7937
33	1303	1	2127.4900	7	1	0	1	1	0.8473	0.7469
33	1304	1	2129.0399	5	12	0	1	1	0.8474	0.6546
33	1305	1	2130.5899	6	4	0	1	1	0.8475	0.6072
33	1306	1	2132.1398	4	11	0	1	1	0.8476	0.8652
33	1307	1	2133.6897	3	5	0	1	1	0.8477	0.6913
33	1308	1	2135.2396	4	11	0	1	1	0.8479	0.5655
33	1309	1	2136.7896	5	12	0	1	1	0.8480	0.8890
33	1310	1	2138.3395	8	7	0	1	1	0.8481	1.0185
33	1311	1	2139.8894	9	15	0	1	1	0.8482	1.0037
33	1312	1	2141.4393	8	7	0	1	1	0.8483	0.7511
33	1313	1	2142.9892	9	15	0	1	1	0.8484	1.1038
33	1314	1	2144.5391	11	13	0	1	1	0.8486	0.7869
33	1315	1	2146.0891	13	6	0	1	1	0.8487	0.8213
33	1316	1	2147.6390	12	9	90	1	1	0.8488	0.6788
33	1317	1	2149.1889	10	2	0	1	1	0.8489	1.1290
33	1318	1	2150.7388	11	13	0	1	1	0.8490	0.6355
33	1319	1	2152.2887	10	2	0	1	1	0.8491	0.6692
33	1320	1	2153.8387	9	15	90	1	1	0.8492	0.9743
33	1321	1	2155.3886	12	9	0	1	1	0.8494	0.6884
33	1322	1	2156.9385	13	6	0	1	1	0.8495	0.6265
33	1323	1	2158.4884	14	10	0	1	1	0.8496	0.8366
33	1324	1	2160.0383	2	14	0	1	1	0.8497	0.6637
33	1325	1	2161.5883	14	10	90	1	1	0.8498	0.8736
33	1326	1	2163.1382	15	3	0	1	1	0.8499	0.8436
33	1327	1	2164.6881	14	10	0	1	1	0.8500	0.8781
33	1328	1	2166.2380	15	3	0	1	1	0.8502	0.7520
33	1329	1	2167.7880	2	14	0	1	1	0.8503	0.5771
33	1330	1	2169.3379	3	5	0	1	1	0.8504	0.6762
33	1331	1	2170.8878	4	11	0	1	1	0.8505	0.8867
33	1332	1	2172.4377	6	4	0	1	1	0.8506	0.6647
33	1333	1	2173.9876	7	1	0	1	1	0.8507	0.6822
33	1334	1	2175.5375	4	11	0	1	1	0.8508	0.6195
33	1335	1	2177.0875	3	5	0	1	1	0.8509	0.6225
33	1336	1	2178.6374	4	11	0	1	1	0.8510	0.7212
33	1337	1	2180.1873	5	12	0	1	1	0.8512	0.7546
33	1338	1	2181.7372	4	11	0	1	1	0.8513	0.6607
33	1339	1	2183.2871	3	5	0	1	1	0.8514	0.6788
33	1340	1	2184.8371	4	11	0	1	1	0.8515	0.6320
33	1341	1	2186.3869	6	4	0	1	1	0.8516	0.5712
33	1342	1	2187.9369	8	7	0	1	1	0.8517	0.7655
33	1343	1	2189.4868	6	4	0	1	1	0.8518	0.5754
33	1344	1	2191.0367	5	12	0	1	1	0.8519	0.7523
33	1345	1	2192.5867	6	4	0	1	1	0.8520	0.6111
33	1346	1	2194.1366	4	11	0	1	1	0.8522	0.5652
33	1347	1	2195.6865	6	4	0	1	1	0.8523	0.7434
33	1348	1	2197.2364	8	7	0	1	1	0.8524	0.8566
33	1349	1	2198.7863	6	4	0	1	1	0.8525	0.5876
33	1350	1	2200.3363	4	11	0	1	1	0.8526	0.5575
33	1351	1	2201.8862	3	5	0	1	1	0.8527	0.8159
33	1352	1	2203.4361	1	8	0	1	1	0.8528	0.7049
33	1353	1	2204.9860	14	10	90	1	1	0.8529	1.1240
33	1354	1	2206.5359	1	8	90	1	1	0.8530	0.8225
33	1355	1	2208.0859	14	10	0	1	1	0.8531	0.9192
33	1356	1	2209.6358	1	8	0	1	1	0.8532	0.7133
33	1357	1	2211.1857	15	3	0	1	1	0.8534	0.8593
33	1358	1	2212.7356	2	14	90	1	1	0.8535	0.9748
33	1359	1	2214.2855	14	10	0	1	1	0.8536	0.8962
33	1360	1	2215.8355	13	6	90	1	1	0.8537	0.8990
33	1361	1	2217.3854	10	2	0	1	1	0.8538	1.0931
33	1362	1	2218.9353	12	9	0	1	1	0.8539	0.9347
33	1363	1	2220.4852	11	13	0	1	1	0.8540	0.7768
33	1364	1	2222.0351	12	9	0	1	1	0.8541	0.6669
33	1365	1	2223.5850	13	6	0	1	1	0.8542	0.7640
33	1366	1	2225.1350	11	13	0	1	1	0.8543	0.7830
33	1367	1	2226.6849	10	2	90	1	1	0.8544	0.9453
33	1368	1	2228.2348	12	9	0	1	1	0.8545	0.8838
33	1369	1	2229.7847	9	15	0	1	1	0.8546	1.0452
33	1370	1	2231.3347	8	7	0	1	1	0.8547	0.9513
33	1371	1	2232.8846	9	15	0	1	1	0.8549	0.7933
33	1372	1	2234.4345	10	2	0	1	1	0.8550	0.7795
33	1373	1	2235.9844	9	15	0	1	1	0.8551	0.8135
33	1374	1	2237.5343	10	2	0	1	1	0.8552	0.9438
33	1375	1	2239.0842	13	6	0	1	1	0.8553	0.7062
33	1376	1	2240.6342	14	10	0	1	1	0.8554	0.8192
33	1377	1	2242.1841	13	6	0	1	1	0.8555	0.5980
33	1378	1	2243.7340	10	2	0	1	1	0.8556	0.6804
33	1379	1	2245.2839	13	6	0	1	1	0.8557	0.6665
33	1380	1	2246.8339	11	13	90	1	1	0.8558	1.0992
33	1381	1	2248.3838	9	15	0	1	1	0.8559	1.1023
33	1382	1	2249.9337	11	13	0	1	1	0.8560	0.9123
33	1383	1	2251.4836	9	15	90	1	1	0.8561	0.8824
33	1384	1	2253.0335	8	7	0	0	1	0.8555	1.3649
33	1385	1	2254.9668	6	4	0	1	1	0.8556	0.7742
33	1386	1	2256.5167	4	11	0	1	1	0.8557	1.1124
33	1387	1	2258.0666	5	12	90	1	1	0.8558	0.9398
33	1388	1	2259.6165	4	11	0	1	1	0.8559	0.8456
33	1389	1	2261.1664	3	5	0	1	1	0.8560	0.6872
33	1390	1	2262.7164	1	8	90	1	1	0.8561	0.8017
33	1391	1	2264.2663	2	14	90	1	1	0.8562	0.9482
33	1392	1	2265.8162	15	3	0	1	1	0.8563	0.7408
33	1393	1	2267.3661	3	5	0	1	1	0.8564	0.7283
33	1394	1	2268.9160	2	14	0	1	1	0.8565	1.0819
33	1395	1	2270.4660	3	5	0	1	1	0.8566	0.6681
33	1396	1	2272.0159	15	3	0	1	1	0.8567	0.6386
33	1397	1	2273.5658	2	14	0	1	1	0.8568	0.6243
33	1398	1	2275.1157	14	10	0	1	1	0.8569	0.8494
33	1399	1	2276.6656	15	3	0	1	1	0.8570	0.6274
33	1400	1	2278.2156	1	8	0	1	1	0.8571	0.7095
33	1	2	1.0166	3	5	0	-1	0	NaN	-1.0000
33	2	2	2.5499	15	3	0	-1	0	NaN	-1.0000
33	3	2	4.0831	1	8	0	-1	0	NaN	-1.0000
33	4	2	5.6164	14	10	0	-1	1	0.0000	0.7784
33	5	2	7.1496	2	14	0	-1	1	0.0000	0.2859
33	6	2	8.6829	14	10	0	-1	1	0.0000	0.4012
33	7	2	10.2161	15	3	0	-1	1	0.0000	0.3720
33	8	2	11.7494	14	10	0	-1	1	0.0000	0.7253
33	9	2	13.2826	15	3	0	-1	1	0.0000	0.7607
33	10	2	14.8159	1	8	0	-1	1	0.0000	0.7793
33	11	2	16.3492	3	5	0	-1	1	0.0000	0.9586
33	12	2	17.8824	4	11	0	-1	1	0.1111	0.9607
33	13	2	19.4157	6	4	0	-1	1	0.1000	0.8359
33	14	2	20.9489	5	12	0	-1	1	0.0909	0.9506
33	15	2	22.4822	8	7	0	-1	1	0.0833	0.8890
33	16	2	24.0154	7	1	0	-1	1	0.0769	0.8765
33	17	2	25.5487	6	4	0	-1	1	0.0714	1.0233
33	18	2	27.0819	5	12	0	-1	1	0.0667	0.9776
33	19	2	28.6152	4	11	0	-1	1	0.0625	0.9168
33	20	2	30.1484	3	5	0	-1	1	0.1176	0.8869
33	21	2	31.6817	2	14	0	-1	1	0.1111	0.6984
33	22	2	33.2149	1	8	0	-1	1	0.1053	0.6206
33	23	2	34.7482	15	3	0	-1	1	0.1000	0.5286
33	24	2	36.2814	14	10	0	-1	1	0.0952	0.6261
33	25	2	37.8147	13	6	0	-1	1	0.1364	0.8370
33	26	2	39.3480	12	9	0	-1	1	0.1304	0.6156
33	27	2	40.8812	11	13	0	-1	1	0.1250	0.5229
33	28	2	42.4145	10	2	0	-1	1	0.1200	0.7492
33	29	2	43.9477	9	15	0	-1	1	0.1154	0.8151
33	30	2	45.4810	8	7	0	-1	1	0.1481	0.7866
33	31	2	47.0142	7	1	0	-1	1	0.1429	0.8696
33	32	2	48.5475	4	11	0	-1	1	0.1379	0.9844
33	33	2	50.0807	3	5	0	-1	1	0.1667	1.0512
33	34	2	51.6140	1	8	0	-1	1	0.1613	0.9895
33	35	2	53.1472	3	5	0	-1	1	0.1563	1.1202
33	36	2	54.6805	2	14	0	-1	1	0.1515	1.0594
33	37	2	56.2138	14	10	0	-1	1	0.1471	1.2057
33	38	2	57.7470	2	14	0	-1	1	0.1429	1.3363
33	39	2	59.2803	14	10	0	-1	0	0.1429	-1.0000
33	40	2	60.8135	1	8	0	-1	1	0.1389	0.2542
33	41	2	62.3468	3	5	0	-1	1	0.1351	0.6409
33	42	2	63.8800	2	14	0	-1	1	0.1316	0.7232
33	43	2	65.4133	1	8	0	-1	1	0.1282	0.9665
33	44	2	66.9465	3	5	0	-1	1	0.1250	1.1129
33	45	2	68.4798	15	3	0	-1	1	0.1220	1.0203
33	46	2	70.0131	1	8	0	-1	1	0.1190	0.9271
33	47	2	71.5463	2	14	0	-1	1	0.1163	0.9934
33	48	2	73.0796	3	5	0	-1	1	0.1136	1.0280
33	49	2	74.6128	4	11	0	-1	1	0.1333	0.9508
33	50	2	76.1461	5	12	0	-1	1	0.1304	0.8897
33	51	2	77.6793	6	4	0	-1	1	0.1277	1.0363
33	52	2	79.2126	7	1	0	-1	1	0.1250	1.0231
33	53	2	80.7458	8	7	0	-1	1	0.1224	1.2819
33	54	2	82.2791	9	15	0	-1	1	0.1400	1.2685
33	55	2	83.8123	10	2	0	-1	1	0.1373	1.1432
33	56	2	85.3456	11	13	0	-1	1	0.1346	1.0664
33	57	2	86.8788	12	9	0	-1	1	0.1321	0.9890
33	58	2	88.4121	13	6	0	-1	1	0.1296	0.9595
33	59	2	89.9454	14	10	0	-1	1	0.1455	0.8988
33	60	2	91.4786	15	3	0	-1	1	0.1429	0.9330
33	61	2	93.0119	2	14	0	-1	1	0.1404	0.9042
33	62	2	94.5451	3	5	0	-1	1	0.1379	0.8903
33	63	2	96.0784	4	11	0	-1	1	0.1525	0.8133
33	64	2	97.6116	6	4	0	-1	1	0.1500	0.7681
33	65	2	99.1449	5	12	0	-1	1	0.1475	0.8192
33	66	2	100.6781	7	1	0	-1	1	0.1452	0.9177
33	67	2	102.2114	6	4	0	-1	1	0.1429	1.0483
33	68	2	103.7446	5	12	0	-1	1	0.1406	1.1475
33	69	2	105.2779	4	11	0	-1	1	0.1385	1.1343
33	70	2	106.8111	7	1	0	-1	1	0.1364	1.4243
33	71	2	108.3444	5	12	0	-1	1	0.1343	0.0168
33	72	2	109.8777	6	4	0	-1	1	0.1324	0.2618
33	73	2	111.4109	4	11	0	-1	1	0.1304	1.0173
33	74	2	112.9442	7	1	0	-1	1	0.1286	1.0832
33	75	2	114.4774	8	7	0	-1	1	0.1268	1.0546
33	76	2	116.0107	7	1	0	-1	1	0.1250	0.8970
33	77	2	117.5439	6	4	0	-1	1	0.1233	0.8355
33	78	2	119.0772	5	12	0	-1	1	0.1216	0.6783
33	79	2	120.6104	4	11	0	-1	1	0.1200	1.0010
33	80	2	122.1437	3	5	0	-1	1	0.1316	1.0199
33	81	2	123.6769	2	14	0	-1	1	0.1299	1.0230
33	82	2	125.2102	1	8	0	-1	1	0.1282	0.9778
33	83	2	126.7435	15	3	0	-1	1	0.1266	0.9002
33	84	2	128.2767	14	10	0	-1	1	0.1250	0.9988
33	85	2	129.8100	13	6	0	-1	1	0.1358	1.0816
33	86	2	131.3432	12	9	0	-1	1	0.1341	0.9248
33	87	2	132.8765	11	13	0	-1	1	0.1325	1.0072
33	88	2	134.4097	10	2	0	-1	1	0.1310	0.9782
33	89	2	135.9430	9	15	0	-1	1	0.1294	0.9317
33	90	2	137.4762	8	7	0	-1	1	0.1395	0.9513
33	91	2	139.0095	9	15	0	-1	1	0.1494	0.8262
33	92	2	140.5428	8	7	0	-1	1	0.1591	0.8289
33	93	2	142.0760	7	1	0	-1	1	0.1573	1.0876
33	94	2	143.6093	8	7	0	-1	1	0.1556	0.8666
33	95	2	145.1425	5	12	0	-1	1	0.1538	0.7889
33	96	2	146.6758	4	11	0	-1	1	0.1522	0.8238
33	97	2	148.2090	5	12	0	-1	1	0.1505	1.0186
33	98	2	149.7423	8	7	0	-1	1	0.1489	1.0375
33	99	2	151.2755	9	15	0	-1	1	0.1579	0.8804
33	100	2	152.8088	12	9	0	-1	1	0.1563	1.0588
33	101	2	154.3420	9	15	0	-1	1	0.1546	1.0295
33	102	2	155.8753	11	13	0	-1	1	0.1531	1.1284
33	103	2	157.4085	13	6	0	-1	1	0.1515	1.1631
33	104	2	158.9418	14	10	0	-1	1	0.1600	1.1977
33	105	2	160.4751	1	8	0	-1	1	0.1584	1.0570
33	106	2	162.0083	2	14	0	-1	1	0.1569	0.8197
33	107	2	163.5416	3	5	0	-1	1	0.1553	0.5818
33	108	2	165.0748	4	11	0	-1	1	0.1635	0.8247
33	109	2	166.6081	5	12	0	-1	1	0.1619	1.0680
33	110	2	168.1413	6	4	0	-1	1	0.1604	1.0704
33	111	2	169.6746	7	1	0	-1	1	0.1589	1.4731
33	112	2	171.2078	8	7	0	-1	1	0.1574	0.0170
33	113	2	172.7411	9	15	0	-1	1	0.1651	0.8865
33	114	2	174.2743	10	2	0	-1	1	0.1636	0.8092
33	115	2	175.8076	11	13	0	-1	1	0.1622	0.7810
33	116	2	177.3408	12	9	0	-1	1	0.1607	0.6385
33	117	2	178.8741	13	6	0	-1	1	0.1593	0.6259
33	118	2	180.4073	14	10	0	-1	1	0.1667	0.5807
33	119	2	181.9406	15	3	0	-1	1	0.1652	0.5674
33	120	2	183.4739	1	8	0	-1	1	0.1638	0.6020
33	121	2	185.0071	14	10	0	-1	1	0.1624	0.7649
33	122	2	186.5404	15	3	0	-1	1	0.1610	0.7512
33	123	2	188.0736	1	8	0	-1	1	0.1597	0.9939
33	124	2	189.6069	2	14	0	-1	1	0.1583	1.0771
33	125	2	191.1401	1	8	0	-1	1	0.1570	1.0312
33	126	2	192.6734	14	10	0	-1	1	0.1557	0.9058
33	127	2	194.2066	1	8	0	-1	1	0.1545	0.6528
33	128	2	195.7399	14	10	0	-1	1	0.1532	0.5916
33	129	2	197.2731	1	8	0	-1	1	0.1520	0.8028
33	130	2	198.8064	2	14	0	-1	1	0.1508	0.9012
33	131	2	200.3397	1	8	0	-1	1	0.1496	0.7762
33	132	2	201.8729	14	10	0	-1	1	0.1484	0.6511
33	133	2	203.4062	2	14	0	-1	1	0.1473	0.7178
33	134	2	204.9394	14	10	0	-1	0	0.1473	-1.0000
33	135	2	206.4727	1	8	0	-1	1	0.1462	0.0989
33	136	2	208.0059	15	3	0	-1	1	0.1450	0.6937
33	137	2	209.5392	14	10	0	-1	1	0.1439	0.6805
33	138	2	211.0724	13	6	0	-1	1	0.1504	0.4104
33	139	2	212.6057	12	9	0	-1	1	0.1493	0.3500
33	140	2	214.1390	11	13	0	-1	1	0.1481	0.5765
33	141	2	215.6722	10	2	0	-1	1	0.1471	0.8835
33	142	2	217.2055	9	15	0	-1	1	0.1460	0.6301
33	143	2	218.7387	8	7	0	-1	1	0.1522	0.5047
33	144	2	220.2720	7	1	0	-1	1	0.1511	0.7480
33	145	2	221.8052	6	4	0	-1	1	0.1500	0.9745
33	146	2	223.3385	5	12	0	-1	1	0.1489	0.8977
33	147	2	224.8717	4	11	0	-1	1	0.1479	0.8359
33	148	2	226.4050	3	5	0	-1	1	0.1538	0.6631
33	149	2	227.9382	2	14	0	-1	1	0.1528	0.7618
33	150	2	229.4715	1	8	0	-1	1	0.1517	0.9086
33	151	2	231.0047	2	14	0	-1	1	0.1507	1.0705
33	152	2	232.5380	14	10	0	-1	1	0.1497	0.8980
33	153	2	234.0713	1	8	0	-1	1	0.1486	0.9163
33	154	2	235.6045	14	10	0	-1	1	0.1477	0.9356
33	155	2	237.1378	13	6	0	-1	1	0.1533	0.8899
33	156	2	238.6710	11	13	0	-1	1	0.1523	0.9728
33	157	2	240.2043	12	9	0	-1	1	0.1513	0.9273
33	158	2	241.7375	10	2	0	-1	1	0.1503	0.7225
33	159	2	243.2708	12	9	0	-1	1	0.1494	0.5008
33	160	2	244.8040	10	2	0	-1	1	0.1484	0.7120
33	161	2	246.3373	13	6	0	-1	1	0.1474	0.6667
33	162	2	247.8705	11	13	0	-1	1	0.1465	0.6210
33	163	2	249.4038	10	2	0	-1	1	0.1456	0.8002
33	164	2	250.9370	12	9	0	-1	1	0.1447	0.8345
33	165	2	252.4703	10	2	0	-1	1	0.1437	0.6932
33	166	2	254.0036	9	15	0	-1	1	0.1429	0.4239
33	167	2	255.5368	8	7	0	-1	1	0.1481	0.9708
33	168	2	257.0701	7	1	0	-1	1	0.1472	0.8453
33	169	2	258.6033	6	4	0	-1	1	0.1463	0.7682
33	170	2	260.1366	5	12	0	-1	1	0.1455	0.5315
33	171	2	261.6698	4	11	0	-1	1	0.1446	0.4862
33	172	2	263.2031	3	5	0	-1	1	0.1497	0.5051
33	173	2	264.7363	2	14	0	-1	1	0.1488	0.8278
33	174	2	266.2696	1	8	0	-1	1	0.1479	0.8612
33	175	2	267.8028	15	3	0	-1	1	0.1471	0.7691
33	176	2	269.3361	14	10	0	-1	1	0.1462	1.0106
33	177	2	270.8694	13	6	0	-1	1	0.1512	0.7425
33	178	2	272.4026	12	9	0	-1	1	0.1503	0.6010
33	179	2	273.9359	11	13	0	-1	1	0.1494	0.6524
33	180	2	275.4691	10	2	0	-1	1	0.1486	1.0705
33	181	2	277.0024	12	9	0	-1	1	0.1477	0.9775
33	182	2	278.5356	13	6	0	-1	1	0.1469	0.6279
33	183	2	280.0689	12	9	0	-1	1	0.1461	0.7107
33	184	2	281.6021	9	15	0	-1	0	0.1461	-1.0000
33	185	2	283.1354	10	2	0	-1	0	0.1461	-1.0000
33	186	2	284.6686	9	15	0	-1	1	0.1453	0.6713
33	187	2	286.2019	11	13	0	-1	1	0.1444	1.1378
33	188	2	287.7352	13	6	0	-1	1	0.1436	0.8849
33	189	2	289.2684	11	13	0	-1	1	0.1429	0.8391
33	190	2	290.8017	9	15	0	-1	1	0.1421	0.7780
33	191	2	292.3349	8	7	0	-1	1	0.1467	0.9893
33	192	2	293.8682	9	15	0	-1	1	0.1514	0.9279
33	193	2	295.4014	8	7	0	-1	1	0.1559	0.9785
33	194	2	296.9347	5	12	0	-1	1	0.1551	0.8047
33	195	2	298.4679	8	7	0	-1	1	0.1543	0.8872
33	196	2	300.0012	7	1	0	-1	1	0.1534	1.1478
33	197	2	301.5344	6	4	0	-1	1	0.1526	1.3731
33	198	2	303.0677	5	12	0	-1	1	0.1518	1.2644
33	199	2	304.6009	4	11	0	-1	1	0.1510	1.3472
33	200	2	306.1342	3	5	0	-1	1	0.1554	1.2055
33	201	2	307.6674	2	14	0	-1	1	0.1546	1.0967
33	202	2	309.2007	1	8	0	-1	1	0.1538	1.2752
33	203	2	310.7340	15	3	0	-1	1	0.1531	1.1982
33	204	2	312.2672	14	10	0	-1	0	0.1531	-1.0000
33	205	2	313.8005	13	6	0	-1	1	0.1574	1.4910
33	206	2	315.3337	12	9	0	-1	1	0.1566	0.0168
33	207	2	316.8670	11	13	0	-1	1	0.1558	0.6649
33	208	2	318.4002	10	2	0	-1	1	0.1550	0.5874
33	209	2	319.9335	9	15	0	-1	1	0.1542	0.6867
33	210	2	321.4667	8	7	0	-1	1	0.1584	0.9449
33	211	2	323.0000	7	1	0	-1	1	0.1576	1.0276
33	212	2	324.5332	6	4	0	-1	1	0.1569	0.9825
33	213	2	326.0665	8	7	0	-1	1	0.1561	0.9375
33	214	2	327.5998	7	1	0	-1	1	0.1553	0.9391
33	215	2	329.1330	8	7	0	-1	1	0.1546	0.8784
33	216	2	330.6663	7	1	0	-1	1	0.1538	0.7854
33	217	2	332.1995	5	12	0	-1	1	0.1531	0.7239
33	218	2	333.7328	8	7	0	-1	1	0.1524	0.5988
33	219	2	335.2660	6	4	0	-1	1	0.1517	0.6016
33	220	2	336.7993	4	11	0	-1	1	0.1509	0.6203
33	221	2	338.3325	6	4	0	-1	1	0.1502	0.7356
33	222	2	339.8658	5	12	0	-1	1	0.1495	0.8496
33	223	2	341.3990	6	4	0	-1	1	0.1488	0.9970
33	224	2	342.9323	7	1	0	-1	1	0.1481	1.1273
33	225	2	344.4656	4	11	0	-1	1	0.1475	1.1617
33	226	2	345.9988	3	5	0	-1	1	0.1514	1.1007
33	227	2	347.5321	2	14	0	-1	1	0.1507	0.8798
33	228	2	349.0653	1	8	0	-1	1	0.1500	1.1224
33	229	2	350.5986	15	3	0	-1	1	0.1493	0.8528
33	230	2	352.1318	14	10	0	-1	1	0.1486	0.8397
33	231	2	353.6651	13	6	0	-1	1	0.1525	0.7305
33	232	2	355.1983	12	9	0	-1	1	0.1518	0.6684
33	233	2	356.7316	11	13	0	-1	1	0.1511	0.4964
33	234	2	358.2648	10	2	0	-1	1	0.1504	0.7699
33	235	2	359.7981	9	15	0	-1	1	0.1498	0.9178
33	236	2	361.3313	8	7	0	-1	1	0.1535	1.1446
33	237	2	362.8646	7	1	0	-1	1	0.1528	1.0992
33	238	2	364.3978	6	4	0	-1	1	0.1522	0.9409
33	239	2	365.9311	5	12	0	-1	1	0.1515	0.9928
33	240	2	367.4644	4	11	0	-1	1	0.1509	0.8036
33	241	2	368.9976	3	5	0	-1	1	0.1545	0.4862
33	242	2	370.5309	4	11	0	-1	1	0.1581	0.8891
33	243	2	372.0641	5	12	0	-1	1	0.1574	1.2755
33	244	2	373.5974	8	7	0	-1	1	0.1568	1.0229
33	245	2	375.1306	9	15	0	-1	1	0.1603	1.3454
33	246	2	376.6639	8	7	0	-1	1	0.1639	1.3476
33	247	2	378.1971	5	12	0	-1	1	0.1632	1.1265
33	248	2	379.7304	4	11	0	-1	1	0.1625	0.8734
33	249	2	381.2636	7	1	0	-1	1	0.1618	1.1640
33	250	2	382.7969	6	4	0	-1	1	0.1612	0.9587
33	251	2	384.3302	5	12	0	-1	1	0.1605	0.8178
33	252	2	385.8634	8	7	0	-1	1	0.1598	0.8515
33	253	2	387.3967	7	1	0	-1	1	0.1592	0.9189
33	254	2	388.9299	6	4	0	-1	1	0.1585	0.9058
33	255	2	390.4632	8	7	0	-1	1	0.1579	0.9406
33	256	2	391.9964	9	15	0	-1	1	0.1613	0.9432
33	257	2	393.5297	10	2	0	-1	1	0.1606	0.8653
33	258	2	395.0629	11	13	0	-1	1	0.1600	0.9493
33	259	2	396.5962	12	9	0	-1	1	0.1594	0.8232
33	260	2	398.1294	13	6	0	-1	1	0.1587	0.8741
33	261	2	399.6627	14	10	0	-1	1	0.1621	0.8134
33	262	2	401.1959	15	3	0	-1	1	0.1614	0.6557
33	263	2	402.7292	1	8	0	-1	1	0.1608	0.7695
33	264	2	404.2625	2	14	0	-1	1	0.1602	0.9815
33	265	2	405.7957	3	5	0	-1	1	0.1595	0.9997
33	266	2	407.3289	4	11	0	-1	1	0.1628	0.9071
33	267	2	408.8622	5	12	0	-1	1	0.1622	0.8286
33	268	2	410.3955	6	4	0	-1	1	0.1615	0.7686
33	269	2	411.9287	7	1	0	-1	1	0.1609	0.9786
33	270	2	413.4620	8	7	0	-1	1	0.1603	0.8857
33	271	2	414.9952	7	1	0	-1	1	0.1597	0.8563
33	272	2	416.5285	6	4	0	-1	1	0.1591	1.0514
33	273	2	418.0617	4	11	0	-1	1	0.1585	1.2139
33	274	2	419.5950	6	4	0	-1	1	0.1579	1.2649
33	275	2	421.1283	8	7	0	-1	1	0.1573	1.2348
33	276	2	422.6615	6	4	0	-1	1	0.1567	1.2065
33	277	2	424.1948	7	1	0	-1	1	0.1561	1.1608
33	278	2	425.7280	6	4	0	-1	1	0.1556	1.0354
33	279	2	427.2613	7	1	0	-1	1	0.1550	1.0702
33	280	2	428.7945	4	11	0	-1	1	0.1544	1.0731
33	281	2	430.3278	6	4	0	-1	1	0.1538	1.1243
33	282	2	431.8610	4	11	0	-1	1	0.1533	1.0464
33	283	2	433.3943	7	1	0	-1	1	0.1527	1.0658
33	284	2	434.9275	4	11	0	-1	1	0.1522	1.0040
33	285	2	436.4608	6	4	0	-1	1	0.1516	1.0708
33	286	2	437.9941	7	1	0	-1	1	0.1511	1.1220
33	287	2	439.5273	8	7	0	-1	1	0.1505	1.1563
33	288	2	441.0605	9	15	0	-1	1	0.1536	1.0953
33	289	2	442.5938	10	2	0	-1	1	0.1530	1.0344
33	290	2	444.1271	11	13	0	-1	1	0.1525	1.1166
33	291	2	445.6603	12	9	0	-1	1	0.1519	1.1193
33	292	2	447.1936	13	6	0	-1	1	0.1514	1.1224
33	293	2	448.7268	14	10	0	-1	1	0.1544	1.2533
33	294	2	450.2601	15	3	0	-1	1	0.1538	1.2876
33	295	2	451.7933	1	8	0	-1	1	0.1533	1.3224
33	296	2	453.3266	2	14	0	-1	1	0.1528	1.4056
33	297	2	454.8598	3	5	0	-1	1	0.1522	0.0169
33	298	2	456.3931	4	11	0	-1	1	0.1552	0.0169
33	299	2	457.9263	5	12	0	-1	1	0.1546	0.1811
33	300	2	459.4596	6	4	0	-1	1	0.1541	0.7281
33	301	2	460.9929	5	12	0	-1	1	0.1536	0.9872
33	302	2	462.5261	4	11	0	-1	1	0.1531	0.9737
33	303	2	464.0594	3	5	0	-1	1	0.1559	0.9123
33	304	2	465.5926	4	11	0	-1	1	0.1588	0.8515
33	305	2	467.1259	6	4	0	-1	1	0.1582	0.9497
33	306	2	468.6591	7	1	0	-1	1	0.1577	1.1925
33	307	2	470.1923	6	4	0	-1	1	0.1572	1.2752
33	308	2	471.7256	8	7	0	-1	1	0.1567	1.1824
33	309	2	473.2589	6	4	0	-1	1	0.1561	0.9444
33	310	2	474.7921	5	12	0	-1	1	0.1556	0.7716
33	311	2	476.3254	8	7	0	-1	1	0.1551	0.6941
33	312	2	477.8587	5	12	0	-1	1	0.1546	0.6654
33	313	2	479.3919	4	11	0	-1	1	0.1541	0.4920
33	314	2	480.9252	5	12	0	-1	1	0.1536	0.5104
33	315	2	482.4584	4	11	0	-1	1	0.1531	0.8498
33	316	2	483.9917	5	12	0	-1	1	0.1526	0.9159
33	317	2	485.5249	6	4	0	-1	1	0.1521	0.9667
33	318	2	487.0582	7	1	0	-1	1	0.1516	0.8100
33	319	2	488.5914	8	7	0	-1	1	0.1511	0.6687
33	320	2	490.1247	9	15	0	-1	1	0.1538	0.6876
33	321	2	491.6579	10	2	0	-1	1	0.1534	0.9143
33	322	2	493.1912	11	13	0	-1	1	0.1529	0.7406
33	323	2	494.7244	12	9	0	-1	1	0.1524	0.6951
33	324	2	496.2577	13	6	0	-1	1	0.1519	0.7780
33	325	2	497.7910	14	10	0	-1	1	0.1546	0.6847
33	326	2	499.3242	15	3	0	-1	1	0.1541	0.5280
33	327	2	500.8575	1	8	0	-1	1	0.1536	1.0749
33	328	2	502.3907	2	14	0	-1	0	0.1536	-1.0000
33	329	2	503.9240	3	5	0	-1	1	0.1531	0.8721
33	330	2	505.4572	4	11	0	-1	0	0.1531	-1.0000
33	331	2	506.9905	5	12	0	-1	1	0.1526	0.0451
33	332	2	508.5237	4	11	0	-1	1	0.1522	0.3843
33	333	2	510.0570	6	4	0	-1	1	0.1517	0.1951
33	334	2	511.5902	8	7	0	-1	1	0.1512	0.2294
33	335	2	513.1235	6	4	0	-1	1	0.1508	0.2160
33	336	2	514.6567	5	12	0	-1	1	0.1503	0.1870
33	337	2	516.1900	4	11	0	-1	1	0.1498	0.2702
33	338	2	517.7233	6	4	0	-1	1	0.1494	0.2887
33	339	2	519.2565	4	11	0	-1	1	0.1489	0.2915
33	340	2	520.7898	6	4	0	-1	1	0.1485	0.2781
33	341	2	522.3230	7	1	0	-1	1	0.1480	0.2649
33	342	2	523.8563	4	11	0	-1	1	0.1476	0.3156
33	343	2	525.3895	3	5	0	-1	1	0.1502	0.2702
33	344	2	526.9228	2	14	0	-1	1	0.1497	0.3531
33	345	2	528.4560	15	3	0	-1	1	0.1493	0.5315
33	346	2	529.9893	14	10	0	-1	1	0.1488	0.6296
33	347	2	531.5225	13	6	0	-1	1	0.1513	0.5052
33	348	2	533.0558	12	9	0	-1	1	0.1509	0.8118
33	349	2	534.5891	11	13	0	-1	1	0.1504	1.1349
33	350	2	536.1223	10	2	0	-1	1	0.1500	1.2173
33	351	2	537.6556	9	15	0	-1	1	0.1496	1.1872
33	352	2	539.1888	8	7	0	-1	1	0.1520	1.1112
33	353	2	540.7221	7	1	0	-1	1	0.1516	1.0177
33	354	2	542.2553	6	4	0	-1	1	0.1512	1.0047
33	355	2	543.7886	5	12	0	-1	1	0.1507	1.1196
33	356	2	545.3218	4	11	0	-1	1	0.1503	1.2498
33	357	2	546.8551	3	5	0	-1	1	0.1527	1.2048
33	358	2	548.3883	2	14	0	-1	1	0.1523	0.9996
33	359	2	549.9216	1	8	0	-1	1	0.1519	0.9386
33	360	2	551.4549	15	3	0	-1	1	0.1514	0.8772
33	361	2	552.9881	14	10	0	-1	1	0.1510	0.8316
33	362	2	554.5214	13	6	0	-1	1	0.1534	0.7382
33	363	2	556.0546	14	10	0	-1	1	0.1558	0.4049
33	364	2	557.5879	1	8	0	-1	1	0.1554	0.7118
33	365	2	559.1211	2	14	0	-1	1	0.1549	0.7628
33	366	2	560.6544	15	3	0	-1	1	0.1545	0.6861
33	367	2	562.1876	1	8	0	-1	1	0.1541	0.8639
33	368	2	563.7209	14	10	0	-1	1	0.1536	0.8183
33	369	2	565.2541	1	8	0	-1	1	0.1532	0.7734
33	370	2	566.7874	3	5	0	-1	1	0.1528	1.0806
33	371	2	568.3206	1	8	0	-1	1	0.1524	1.1309
33	372	2	569.8539	15	3	0	-1	1	0.1519	1.1816
33	373	2	571.3871	14	10	0	-1	1	0.1515	1.0570
33	374	2	572.9204	13	6	0	-1	1	0.1538	0.9798
33	375	2	574.4537	12	9	0	-1	1	0.1534	1.0784
33	376	2	575.9869	13	6	0	-1	1	0.1530	0.9366
33	377	2	577.5202	14	10	0	-1	1	0.1553	1.1156
33	378	2	579.0534	15	3	0	-1	1	0.1549	0.0169
33	379	2	580.5867	1	8	0	-1	1	0.1545	0.2893
33	380	2	582.1199	2	14	0	-1	1	0.1541	0.4998
33	381	2	583.6532	3	5	0	-1	0	0.1541	-1.0000
33	382	2	585.1864	4	11	0	-1	1	0.1563	1.0497
33	383	2	586.7197	5	12	0	-1	1	0.1559	1.3719
33	384	2	588.2529	6	4	0	-1	1	0.1555	0.0168
33	385	2	589.7862	7	1	0	-1	1	0.1551	0.0654
33	386	2	591.3194	8	7	0	-1	1	0.1547	0.0170
33	387	2	592.8527	9	15	0	-1	1	0.1569	1.0308
33	388	2	594.3860	10	2	0	-1	1	0.1565	0.6981
33	389	2	595.9192	11	13	0	-1	1	0.1561	0.3484
33	390	2	597.4525	12	9	0	-1	1	0.1557	0.2871
33	391	2	598.9857	10	2	0	-1	1	0.1553	0.8505
33	392	2	600.5190	9	15	0	-1	0	0.1553	-1.0000
33	393	2	602.0522	8	7	0	-1	1	0.1575	0.1356
33	394	2	603.5855	7	1	0	-1	1	0.1571	1.1948
33	395	2	605.1187	5	12	0	-1	1	0.1567	1.0528
33	396	2	606.6520	8	7	0	-1	0	0.1567	-1.0000
33	397	2	608.1852	5	12	0	-1	1	0.1563	0.2582
33	398	2	609.7185	4	11	0	-1	1	0.1558	0.0169
33	399	2	611.2518	5	12	0	-1	1	0.1554	0.0169
33	400	2	612.7850	8	7	0	-1	1	0.1550	0.9391
33	401	2	614.3183	7	1	0	-1	1	0.1546	0.5893
33	402	2	615.8515	6	4	0	-1	1	0.1542	0.4641
33	403	2	617.3848	7	1	0	-1	1	0.1538	0.6426
33	404	2	618.9180	8	7	0	-1	1	0.1535	0.7575
33	405	2	620.4513	5	12	0	-1	1	0.1531	1.0642
33	406	2	621.9845	6	4	0	-1	1	0.1527	1.2436
33	407	2	623.5178	7	1	0	-1	1	0.1523	1.2620
33	408	2	625.0510	8	7	0	-1	1	0.1519	1.0565
33	409	2	626.5843	9	15	0	-1	1	0.1540	1.3635
33	410	2	628.1175	10	2	0	-1	1	0.1537	0.0169
33	411	2	629.6508	11	13	0	-1	1	0.1533	1.0814
33	412	2	631.1840	12	9	0	-1	1	0.1529	1.0195
33	413	2	632.7173	13	6	0	-1	1	0.1525	1.1183
33	414	2	634.2506	14	10	0	-1	1	0.1546	0.9292
33	415	2	635.7838	15	3	0	-1	1	0.1542	0.8517
33	416	2	637.3171	1	8	0	-1	1	0.1538	0.8065
33	417	2	638.8503	2	14	0	-1	1	0.1535	0.8255
33	418	2	640.3836	3	5	0	-1	1	0.1531	0.8922
33	419	2	641.9168	4	11	0	-1	1	0.1552	0.7982
33	420	2	643.4501	5	12	0	-1	1	0.1548	0.8498
33	421	2	644.9833	6	4	0	-1	1	0.1544	0.9007
33	422	2	646.5166	8	7	0	-1	1	0.1540	0.9355
33	423	2	648.0498	6	4	0	-1	1	0.1537	0.9220
33	424	2	649.5831	4	11	0	-1	1	0.1533	0.9088
33	425	2	651.1164	6	4	0	-1	1	0.1529	0.8474
33	426	2	652.6496	8	7	0	-1	1	0.1525	0.8022
33	427	2	654.1829	7	1	0	-1	1	0.1522	0.8359
33	428	2	655.7161	5	12	0	-1	1	0.1518	0.9838
33	429	2	657.2494	4	11	0	-1	1	0.1514	1.0663
33	430	2	658.7826	6	4	0	-1	1	0.1511	1.0846
33	431	2	660.3159	8	7	0	-1	1	0.1507	1.0717
33	432	2	661.8491	5	12	0	-1	1	0.1504	1.1224
33	433	2	663.3824	8	7	0	-1	1	0.1500	1.2691
33	434	2	664.9156	9	15	0	-1	1	0.1520	1.1441
33	435	2	666.4489	11	13	0	-1	1	0.1517	1.1466
33	436	2	667.9822	10	2	0	-1	1	0.1513	1.1015
33	437	2	669.5154	9	15	0	-1	1	0.1509	1.1047
33	438	2	671.0487	8	7	0	-1	1	0.1529	1.1390
33	439	2	672.5819	7	1	0	-1	1	0.1526	1.3662
33	440	2	674.1152	6	4	0	-1	1	0.1522	1.2406
33	441	2	675.6484	5	12	0	-1	1	0.1519	0.9233
33	442	2	677.1817	4	11	0	-1	1	0.1515	0.8620
33	443	2	678.7149	3	5	0	-1	1	0.1535	0.8007
33	444	2	680.2482	2	14	0	-1	1	0.1531	0.8353
33	445	2	681.7814	1	8	0	-1	1	0.1528	0.7426
33	446	2	683.3147	15	3	0	-1	1	0.1524	0.7611
33	447	2	684.8480	14	10	0	-1	1	0.1521	0.8123
33	448	2	686.3812	13	6	0	-1	1	0.1540	0.8625
33	449	2	687.9144	12	9	0	-1	1	0.1537	0.9298
33	450	2	689.4477	11	13	0	-1	1	0.1533	0.9799
33	451	2	690.9810	13	6	0	-1	1	0.1530	0.9512
33	452	2	692.5142	12	9	0	-1	1	0.1526	0.8420
33	453	2	694.0475	13	6	0	-1	1	0.1523	0.8762
33	454	2	695.5807	12	9	0	-1	1	0.1519	0.8951
33	455	2	697.1140	9	15	0	-1	1	0.1516	0.9615
33	456	2	698.6472	8	7	0	-1	1	0.1535	0.7885
33	457	2	700.1805	6	4	0	-1	1	0.1532	0.8383
33	458	2	701.7137	5	12	0	-1	1	0.1528	0.9376
33	459	2	703.2470	4	11	0	-1	1	0.1525	1.0051
33	460	2	704.7802	7	1	0	-1	1	0.1521	0.8954
33	461	2	706.3135	5	12	0	-1	1	0.1518	0.8187
33	462	2	707.8468	8	7	0	-1	1	0.1514	0.9010
33	463	2	709.3800	6	4	0	-1	1	0.1511	0.8878
33	464	2	710.9133	8	7	0	-1	1	0.1508	0.8427
33	465	2	712.4465	9	15	0	-1	1	0.1527	0.8931
33	466	2	713.9798	8	7	0	-1	1	0.1545	0.9763
33	467	2	715.5130	7	1	0	-1	1	0.1542	1.1547
33	468	2	717.0463	6	4	0	-1	1	0.1538	0.9805
33	469	2	718.5795	5	12	0	-1	1	0.1535	0.9687
33	470	2	720.1128	4	11	0	-1	1	0.1532	0.9069
33	471	2	721.6461	3	5	0	-1	1	0.1550	1.0701
33	472	2	723.1793	2	14	0	-1	1	0.1547	0.8804
33	473	2	724.7125	1	8	0	-1	1	0.1543	0.8183
33	474	2	726.2458	15	3	0	-1	1	0.1540	0.7425
33	475	2	727.7791	14	10	0	-1	1	0.1537	0.7451
33	476	2	729.3123	13	6	0	-1	1	0.1555	0.7792
33	477	2	730.8456	12	9	0	-1	1	0.1552	0.8140
33	478	2	732.3788	11	13	0	-1	1	0.1548	0.8649
33	479	2	733.9121	10	2	0	-1	1	0.1545	0.8675
33	480	2	735.4453	9	15	0	-1	1	0.1542	0.8224
33	481	2	736.9786	8	7	0	-1	1	0.1560	0.8736
33	482	2	738.5118	6	4	0	-1	1	0.1557	0.8442
33	483	2	740.0451	5	12	0	-1	1	0.1553	0.8784
33	484	2	741.5784	8	7	0	-1	1	0.1550	0.9294
33	485	2	743.1116	6	4	0	-1	1	0.1547	0.8845
33	486	2	744.6449	4	11	0	-1	1	0.1543	0.7428
33	487	2	746.1781	5	12	0	-1	1	0.1540	0.8573
33	488	2	747.7114	8	7	0	-1	1	0.1537	0.9887
33	489	2	749.2446	5	12	0	-1	1	0.1534	1.0394
33	490	2	750.7779	7	1	0	-1	1	0.1530	0.9618
33	491	2	752.3111	6	4	0	-1	1	0.1527	0.9325
33	492	2	753.8444	7	1	0	-1	1	0.1524	0.8079
33	493	2	755.3776	4	11	0	-1	1	0.1521	0.8259
33	494	2	756.9109	6	4	0	-1	1	0.1518	0.8607
33	495	2	758.4441	7	1	0	-1	1	0.1515	0.8313
33	496	2	759.9774	6	4	0	-1	1	0.1511	0.8182
33	497	2	761.5106	5	12	0	-1	1	0.1508	0.8535
33	498	2	763.0439	4	11	0	-1	1	0.1505	0.8079
33	499	2	764.5771	3	5	0	-1	1	0.1523	0.6982
33	500	2	766.1104	2	14	0	-1	1	0.1520	0.4613
33	501	2	767.6437	1	8	0	-1	1	0.1516	0.3203
33	502	2	769.1769	15	3	0	-1	1	0.1513	0.1945
33	503	2	770.7102	14	10	0	-1	1	0.1510	0.9820
33	504	2	772.2434	13	6	0	-1	1	0.1527	0.8723
33	505	2	773.7767	12	9	0	-1	1	0.1524	0.7789
33	506	2	775.3099	11	13	0	-1	1	0.1521	0.7662
33	507	2	776.8432	10	2	0	-1	1	0.1518	0.6404
33	508	2	778.3764	9	15	0	-1	1	0.1515	0.6753
33	509	2	779.9097	8	7	0	-1	1	0.1532	1.0460
33	510	2	781.4429	7	1	0	-1	1	0.1529	0.8733
33	511	2	782.9762	5	12	0	-1	1	0.1526	0.7314
33	512	2	784.5095	7	1	0	-1	1	0.1523	0.7346
33	513	2	786.0427	5	12	0	-1	1	0.1520	0.7209
33	514	2	787.5760	4	11	0	-1	1	0.1517	0.3721
33	515	2	789.1092	6	4	0	-1	1	0.1514	0.8065
33	516	2	790.6425	8	7	0	-1	1	0.1511	0.6496
33	517	2	792.1757	5	12	0	-1	1	0.1508	0.5243
33	518	2	793.7090	6	4	0	-1	1	0.1505	0.3668
33	519	2	795.2422	4	11	0	-1	1	0.1502	0.6732
33	520	2	796.7755	5	12	0	-1	1	0.1499	0.8193
33	521	2	798.3087	4	11	0	-1	1	0.1496	0.7110
33	522	2	799.8420	7	1	0	-1	1	0.1493	0.5696
33	523	2	801.3753	8	7	0	-1	1	0.1490	0.7810
33	524	2	802.9085	6	4	0	-1	1	0.1487	0.8632
33	525	2	804.4418	5	12	0	-1	1	0.1484	0.0169
33	526	2	805.9750	4	11	0	-1	1	0.1481	0.6292
33	527	2	807.5083	3	5	0	-1	1	0.1498	0.8401
33	528	2	809.0415	2	14	0	-1	1	0.1495	0.0169
33	529	2	810.5748	1	8	0	-1	1	0.1492	0.0169
33	530	2	812.1080	15	3	0	-1	1	0.1489	0.0168
33	531	2	813.6413	14	10	0	-1	1	0.1486	0.0169
33	532	2	815.1745	13	6	0	-1	1	0.1503	0.0169
33	533	2	816.7078	12	9	0	-1	1	0.1500	0.0169
33	534	2	818.2410	11	13	0	-1	1	0.1497	0.3629
33	535	2	819.7743	10	2	0	-1	1	0.1494	0.5579
33	536	2	821.3075	9	15	0	-1	1	0.1491	0.0169
33	537	2	822.8408	8	7	0	-1	1	0.1508	0.0169
33	538	2	824.3741	7	1	0	-1	1	0.1505	0.0169
33	539	2	825.9073	6	4	0	-1	1	0.1502	0.0169
33	540	2	827.4406	5	12	0	-1	1	0.1499	0.0168
33	541	2	828.9738	4	11	0	-1	1	0.1496	0.0168
33	542	2	830.5071	7	1	0	-1	1	0.1493	0.5126
33	543	2	832.0403	6	4	0	-1	1	0.1491	0.4034
33	544	2	833.5736	8	7	0	-1	1	0.1488	0.2457
33	545	2	835.1068	9	15	0	-1	1	0.1504	0.1206
33	546	2	836.6401	10	2	0	-1	1	0.1501	0.2836
33	547	2	838.1733	11	13	0	-1	1	0.1498	0.3824
33	548	2	839.7066	9	15	0	-1	1	0.1495	0.4495
33	549	2	841.2399	8	7	0	-1	1	0.1511	0.0169
33	550	2	842.7731	5	12	0	-1	1	0.1508	0.0168
33	551	2	844.3064	4	11	0	-1	1	0.1506	0.4255
33	552	2	845.8396	3	5	0	-1	1	0.1521	0.4601
33	553	2	847.3729	15	3	0	-1	1	0.1519	0.0168
33	554	2	848.9061	14	10	0	-1	1	0.1516	0.0169
33	555	2	850.4394	1	8	0	-1	1	0.1513	0.0169
33	556	2	851.9726	15	3	0	-1	1	0.1510	0.0168
33	557	2	853.5059	14	10	0	-1	1	0.1507	0.0169
33	558	2	855.0391	13	6	0	-1	1	0.1523	0.0169
33	559	2	856.5724	12	9	0	-1	1	0.1520	0.0169
33	560	2	858.1056	11	13	0	-1	1	0.1517	0.0169
33	561	2	859.6389	10	2	0	-1	1	0.1515	0.0168
33	562	2	861.1722	9	15	0	-1	1	0.1512	0.3433
33	563	2	862.7054	8	7	0	-1	1	0.1527	0.3625
33	564	2	864.2387	7	1	0	-1	1	0.1525	0.3655
33	565	2	865.7719	6	4	0	-1	1	0.1522	0.4316
33	566	2	867.3052	5	12	0	-1	1	0.1519	0.3229
33	567	2	868.8384	4	11	0	-1	1	0.1516	0.3733
33	568	2	870.3717	3	5	0	-1	1	0.1532	0.2645
33	569	2	871.9049	2	14	0	-1	1	0.1529	0.3950
33	570	2	873.4382	1	8	0	-1	1	0.1526	0.3016
33	571	2	874.9714	2	14	0	-1	1	0.1523	0.1924
33	572	2	876.5047	15	3	0	-1	1	0.1521	0.0667
33	573	2	878.0380	1	8	0	-1	1	0.1518	0.3737
33	574	2	879.5712	3	5	0	-1	1	0.1515	0.0169
33	575	2	881.1045	2	14	0	-1	1	0.1512	0.0169
33	576	2	882.6377	1	8	0	-1	1	0.1510	0.3660
33	577	2	884.1710	14	10	0	-1	1	0.1507	0.2092
33	578	2	885.7042	1	8	0	-1	1	0.1504	0.3073
33	579	2	887.2375	14	10	0	-1	1	0.1502	0.0169
33	580	2	888.7707	13	6	0	-1	1	0.1517	0.0169
33	581	2	890.3040	14	10	0	-1	1	0.1532	0.0168
33	582	2	891.8372	15	3	0	-1	1	0.1529	0.0169
33	583	2	893.3705	2	14	0	-1	1	0.1526	0.0168
33	584	2	894.9037	1	8	0	-1	1	0.1524	0.0169
33	585	2	896.4370	14	10	0	-1	1	0.1521	0.0168
33	586	2	897.9702	13	6	0	-1	1	0.1536	0.0169
33	587	2	899.5035	12	9	0	-1	1	0.1533	0.0168
33	588	2	901.0368	11	13	0	-1	1	0.1530	0.0169
33	589	2	902.5700	10	2	0	-1	1	0.1528	0.0168
33	590	2	904.1033	9	15	0	-1	1	0.1525	0.0168
33	591	2	905.6365	8	7	0	-1	1	0.1540	0.0169
33	592	2	907.1698	7	1	0	-1	1	0.1537	0.0169
33	593	2	908.7030	6	4	0	-1	1	0.1534	0.0168
33	594	2	910.2363	5	12	0	-1	1	0.1532	0.0169
33	595	2	911.7695	4	11	0	-1	1	0.1529	0.0168
33	596	2	913.3028	3	5	0	-1	1	0.1544	0.3254
33	597	2	914.8360	2	14	0	-1	1	0.1541	0.3436
33	598	2	916.3693	1	8	0	-1	1	0.1538	0.0169
33	599	2	917.9026	15	3	0	-1	1	0.1536	0.0169
33	600	2	919.4358	14	10	0	-1	1	0.1533	0.0169
Actual parsing ratio
0.1533
Possible node parses
91.0000
 Node parses selected
0.9890
Possible other parses
509.0000
Other parses selected
0.9764
Chance parsing ratio
0.1517
