*********************************************
* Date/Time: 08-Nov-2019 11:09:07
* Seed: 209741.9
* Subject Number: 030
9	15	11	10	13	3	8	12	2	1	5	14	6	4	7	
*********************************************

Shape exposure time (seconds)
92.8684
subject	trial	phase	onset	node	shape	rotate	acc	resp	total	rt
30	1	1	1.0166	15	7	90	0	1	0.0000	0.8340
30	2	1	2.5832	14	4	0	-1	0	0.0000	-1.0000
30	3	1	4.6164	1	9	0	-1	0	0.0000	-1.0000
30	4	1	6.6663	3	11	0	1	1	0.2500	0.1928
30	5	1	8.2162	4	10	0	1	1	0.4000	0.7705
30	6	1	9.7661	7	8	90	1	1	0.5000	0.8837
30	7	1	11.3161	6	3	0	1	1	0.5714	0.9988
30	8	1	12.8660	4	10	0	1	1	0.6250	0.6651
30	9	1	14.4159	3	11	0	1	1	0.6667	0.6992
30	10	1	15.9658	4	10	0	1	1	0.7000	0.7010
30	11	1	17.5158	5	13	0	1	1	0.7273	1.1192
30	12	1	19.0657	7	8	0	1	1	0.7500	0.8335
30	13	1	20.6156	8	12	0	1	1	0.7692	0.8352
30	14	1	22.1655	6	3	90	0	1	0.7143	1.4123
30	15	1	24.1321	8	12	0	0	1	0.6667	1.0298
30	16	1	25.7153	6	3	0	1	1	0.6875	0.8716
30	17	1	27.2653	4	10	0	1	1	0.7059	0.8098
30	18	1	28.8152	3	11	0	1	1	0.7222	1.0200
30	19	1	30.3651	15	7	90	0	1	0.6842	0.8137
30	20	1	31.9150	2	15	90	1	1	0.7000	1.3268
30	21	1	33.4649	3	11	0	1	1	0.7143	1.1208
30	22	1	35.0148	1	9	90	1	1	0.7273	0.9160
30	23	1	36.5648	14	4	0	0	1	0.6957	0.9339
30	24	1	38.1147	2	15	90	0	1	0.6667	0.9043
30	25	1	39.6646	14	4	90	1	1	0.6800	1.2264
30	26	1	41.2145	15	7	0	1	1	0.6923	0.7313
30	27	1	42.7644	3	11	0	1	1	0.7037	0.6853
30	28	1	44.3144	1	9	0	0	1	0.6786	0.8645
30	29	1	45.8643	14	4	0	1	1	0.6897	0.8175
30	30	1	47.4142	2	15	90	0	1	0.6667	0.7729
30	31	1	48.9641	15	7	0	1	1	0.6774	0.7109
30	32	1	50.5140	1	9	0	1	1	0.6875	0.8895
30	33	1	52.0640	15	7	0	1	1	0.6970	0.6349
30	34	1	53.6139	1	9	0	1	1	0.7059	0.7010
30	35	1	55.1638	3	11	90	0	1	0.6857	0.6232
30	36	1	56.7137	1	9	90	1	1	0.6944	0.8174
30	37	1	58.2637	3	11	0	1	1	0.7027	0.6115
30	38	1	59.8136	1	9	0	1	1	0.7105	0.7409
30	39	1	61.3635	15	7	0	1	1	0.7179	0.7757
30	40	1	62.9134	3	11	0	1	1	0.7250	0.7767
30	41	1	64.4633	15	7	0	1	1	0.7317	0.6198
30	42	1	66.0132	3	11	0	1	1	0.7381	0.6218
30	43	1	67.5632	4	10	0	1	1	0.7442	0.4637
30	44	1	69.1131	7	8	0	1	1	0.7500	0.6727
30	45	1	70.6630	6	3	0	1	1	0.7556	0.6107
30	46	1	72.2129	7	8	0	1	1	0.7609	0.6302
30	47	1	73.7628	5	13	90	1	1	0.7660	0.9839
30	48	1	75.3127	4	10	90	0	1	0.7500	0.9052
30	49	1	76.8627	7	8	0	1	1	0.7551	1.0359
30	50	1	78.4126	8	12	0	1	1	0.7600	0.8452
30	51	1	79.9625	6	3	0	1	1	0.7647	0.5594
30	52	1	81.5124	4	10	90	0	1	0.7500	0.7064
30	53	1	83.0623	6	3	0	1	1	0.7547	0.6438
30	54	1	84.6123	8	12	0	1	1	0.7593	0.7254
30	55	1	86.1622	6	3	0	1	1	0.7636	0.6807
30	56	1	87.7121	7	8	90	0	1	0.7500	1.1148
30	57	1	89.3453	6	3	0	1	1	0.7544	0.7616
30	58	1	90.8953	7	8	0	1	1	0.7586	0.7318
30	59	1	92.4452	8	12	0	1	1	0.7627	0.6697
30	60	1	93.9951	5	13	90	1	1	0.7667	0.8318
30	61	1	95.5450	8	12	90	0	1	0.7541	0.6580
30	62	1	97.0949	7	8	0	1	1	0.7581	1.1068
30	63	1	98.6449	8	12	90	0	1	0.7460	0.7579
30	64	1	100.1948	6	3	0	1	1	0.7500	0.6950
30	65	1	101.7447	8	12	0	1	1	0.7538	0.6501
30	66	1	103.2946	9	2	0	0	1	0.7424	0.8121
30	67	1	104.8446	11	5	0	0	1	0.7313	1.0705
30	68	1	106.4278	12	14	0	1	1	0.7353	0.7501
30	69	1	107.9777	9	2	0	0	1	0.7246	1.2330
30	70	1	109.7776	12	14	0	1	1	0.7286	0.6495
30	71	1	111.3275	9	2	0	1	1	0.7324	0.6038
30	72	1	112.8775	12	14	0	1	1	0.7361	0.8294
30	73	1	114.4274	10	1	0	1	1	0.7397	0.8000
30	74	1	115.9773	11	5	0	0	1	0.7297	1.0736
30	75	1	117.5772	12	14	0	1	1	0.7333	0.6897
30	76	1	119.1272	9	2	0	1	1	0.7368	0.7399
30	77	1	120.6770	12	14	0	1	1	0.7403	0.6942
30	78	1	122.2270	13	6	0	1	1	0.7436	1.0166
30	79	1	123.7769	10	1	0	1	1	0.7468	1.0345
30	80	1	125.3268	9	2	90	0	1	0.7375	0.7961
30	81	1	126.8767	12	14	90	1	1	0.7407	0.8931
30	82	1	128.4266	13	6	0	1	1	0.7439	0.7844
30	83	1	129.9766	10	1	0	1	1	0.7470	1.1545
30	84	1	131.5265	13	6	0	1	1	0.7500	0.6764
30	85	1	133.0764	14	4	0	0	1	0.7412	0.8225
30	86	1	134.6263	15	7	0	1	1	0.7442	0.6166
30	87	1	136.1763	1	9	0	0	1	0.7356	0.9550
30	88	1	137.7262	2	15	0	0	1	0.7273	1.1157
30	89	1	139.3928	15	7	0	1	1	0.7303	0.6825
30	90	1	140.9427	3	11	0	0	1	0.7222	1.1480
30	91	1	142.6426	2	15	0	0	1	0.7143	1.3682
30	92	1	144.6092	3	11	0	1	1	0.7174	1.1937
30	93	1	146.1591	4	10	90	0	1	0.7097	0.7319
30	94	1	147.7090	3	11	0	1	1	0.7128	1.2616
30	95	1	149.2589	2	15	0	0	1	0.7053	1.1203
30	96	1	150.9088	15	7	0	1	1	0.7083	0.5260
30	97	1	152.4588	14	4	0	1	1	0.7113	0.7362
30	98	1	154.0087	2	15	90	0	1	0.7041	0.6743
30	99	1	155.5586	15	7	0	1	1	0.7071	0.6765
30	100	1	157.1085	2	15	0	0	1	0.7000	0.7265
30	101	1	158.6584	1	9	0	1	1	0.7030	1.0809
30	102	1	160.2083	2	15	0	1	1	0.7059	0.9066
30	103	1	161.7583	1	9	0	1	1	0.7087	0.6686
30	104	1	163.3082	15	7	0	1	1	0.7115	0.6868
30	105	1	164.8581	14	4	0	1	1	0.7143	1.3128
30	106	1	166.4080	2	15	0	1	1	0.7170	0.8498
30	107	1	167.9580	1	9	90	1	1	0.7196	0.8208
30	108	1	169.5078	2	15	0	1	1	0.7222	1.2859
30	109	1	171.0578	3	11	0	-1	0	0.7156	-1.0000
30	110	1	173.1077	1	9	0	-1	0	0.7091	-1.0000
30	111	1	175.1409	3	11	0	-1	0	0.7027	-1.0000
30	112	1	177.1908	4	10	0	-1	0	0.6964	-1.0000
30	113	1	179.2240	3	11	0	1	1	0.6991	0.1314
30	114	1	180.7739	15	7	0	1	1	0.7018	0.3238
30	115	1	182.3239	2	15	0	1	1	0.7043	0.3110
30	116	1	183.8738	14	4	0	1	1	0.7069	0.6175
30	117	1	185.4237	13	6	0	1	1	0.7094	0.5552
30	118	1	186.9736	10	1	0	1	1	0.7119	0.3178
30	119	1	188.5236	11	5	0	1	1	0.7143	0.9435
30	120	1	190.0734	10	1	0	1	1	0.7167	0.6895
30	121	1	191.6234	13	6	90	0	1	0.7107	0.6266
30	122	1	193.1733	10	1	0	1	1	0.7131	1.2216
30	123	1	194.7232	11	5	90	0	1	0.7073	0.9350
30	124	1	196.2731	9	2	0	1	1	0.7097	0.8086
30	125	1	197.8231	8	12	0	1	1	0.7120	0.7158
30	126	1	199.3730	9	2	90	0	1	0.7063	0.6541
30	127	1	200.9229	12	14	0	1	1	0.7087	0.6720
30	128	1	202.4728	11	5	0	1	1	0.7109	0.8820
30	129	1	204.0227	9	2	0	0	1	0.7054	1.0273
30	130	1	205.6226	10	1	90	1	1	0.7077	1.0923
30	131	1	207.1726	9	2	0	1	1	0.7099	0.7252
30	132	1	208.7225	10	1	0	1	1	0.7121	0.6325
30	133	1	210.2724	11	5	0	1	1	0.7143	0.7307
30	134	1	211.8223	9	2	0	1	1	0.7164	0.5728
30	135	1	213.3722	8	12	0	1	1	0.7185	0.5430
30	136	1	214.9222	5	13	90	1	1	0.7206	0.9129
30	137	1	216.4721	6	3	0	1	1	0.7226	1.1536
30	138	1	218.0220	4	10	90	0	1	0.7174	0.7414
30	139	1	219.5719	3	11	0	1	1	0.7194	0.8070
30	140	1	221.1218	4	10	90	1	1	0.7214	0.8089
30	141	1	222.6718	6	3	0	1	1	0.7234	0.6043
30	142	1	224.2217	4	10	0	0	1	0.7183	0.6694
30	143	1	225.7716	7	8	90	1	1	0.7203	0.9446
30	144	1	227.3215	8	12	0	1	1	0.7222	0.7203
30	145	1	228.8714	7	8	0	0	1	0.7172	0.7075
30	146	1	230.4213	4	10	0	0	1	0.7123	1.2694
30	147	1	232.2879	6	3	0	1	1	0.7143	1.2910
30	148	1	233.8378	5	13	0	1	1	0.7162	1.0838
30	149	1	235.3878	6	3	0	1	1	0.7181	0.6864
30	150	1	236.9377	4	10	0	1	1	0.7200	0.8333
30	151	1	238.4876	5	13	90	0	1	0.7152	0.9623
30	152	1	240.0375	7	8	0	1	1	0.7171	0.8215
30	153	1	241.5874	6	3	0	1	1	0.7190	0.7113
30	154	1	243.1374	4	10	0	0	1	0.7143	0.9217
30	155	1	244.6873	7	8	0	1	1	0.7161	0.5865
30	156	1	246.2372	5	13	0	0	1	0.7115	1.4857
30	157	1	248.2538	8	12	0	1	1	0.7134	0.7011
30	158	1	249.8037	7	8	0	1	1	0.7152	0.6395
30	159	1	251.3536	5	13	0	1	1	0.7170	0.8013
30	160	1	252.9035	6	3	0	1	1	0.7188	0.5956
30	161	1	254.4535	4	10	0	1	1	0.7205	0.9496
30	162	1	256.0034	7	8	0	1	1	0.7222	0.7917
30	163	1	257.5533	8	12	0	1	1	0.7239	0.6658
30	164	1	259.1032	5	13	0	1	1	0.7256	0.7319
30	165	1	260.6531	8	12	0	1	1	0.7273	0.5897
30	166	1	262.2030	7	8	90	0	1	0.7229	0.2881
30	167	1	263.7530	4	10	0	1	1	0.7246	0.6419
30	168	1	265.3029	6	3	0	1	1	0.7262	0.5962
30	169	1	266.8528	7	8	0	1	1	0.7278	0.5502
30	170	1	268.4027	5	13	0	1	1	0.7294	0.6003
30	171	1	269.9526	4	10	0	1	1	0.7310	0.6499
30	172	1	271.5026	7	8	0	1	1	0.7326	0.6369
30	173	1	273.0525	4	10	0	1	1	0.7341	0.5906
30	174	1	274.6024	6	3	90	0	1	0.7299	0.3683
30	175	1	276.1523	5	13	0	1	1	0.7314	0.5786
30	176	1	277.7022	6	3	0	1	1	0.7330	0.7089
30	177	1	279.2522	8	12	0	1	1	0.7345	0.5985
30	178	1	280.8021	5	13	90	1	1	0.7360	0.7451
30	179	1	282.3520	7	8	0	1	1	0.7374	0.5539
30	180	1	283.9019	4	10	90	0	1	0.7333	0.5412
30	181	1	285.4518	6	3	0	1	1	0.7348	0.7510
30	182	1	287.0017	7	8	0	1	1	0.7363	0.6722
30	183	1	288.5517	6	3	0	1	1	0.7377	0.8351
30	184	1	290.1016	8	12	0	1	1	0.7391	0.7403
30	185	1	291.6515	6	3	90	1	1	0.7405	1.3342
30	186	1	293.2348	7	8	0	1	1	0.7419	0.7112
30	187	1	294.7847	8	12	0	1	1	0.7433	0.6013
30	188	1	296.3346	7	8	0	1	1	0.7447	0.5884
30	189	1	297.8845	4	10	0	0	1	0.7407	0.7823
30	190	1	299.4344	5	13	90	0	1	0.7368	0.6234
30	191	1	300.9844	6	3	90	1	1	0.7382	0.8976
30	192	1	302.5343	7	8	0	1	1	0.7396	0.6608
30	193	1	304.0842	6	3	90	1	1	0.7409	1.1096
30	194	1	305.6341	7	8	0	1	1	0.7423	0.8410
30	195	1	307.1840	6	3	0	1	1	0.7436	0.6670
30	196	1	308.7340	4	10	0	1	1	0.7449	0.8599
30	197	1	310.2839	7	8	90	1	1	0.7462	0.9258
30	198	1	311.8338	6	3	0	1	1	0.7475	0.5774
30	199	1	313.3837	5	13	0	1	1	0.7487	0.6422
30	200	1	314.9336	7	8	0	1	1	0.7500	0.6135
30	201	1	316.4836	4	10	0	1	1	0.7512	0.5184
30	202	1	318.0335	3	11	0	0	1	0.7475	0.9693
30	203	1	319.5834	2	15	0	1	1	0.7488	0.5545
30	204	1	321.1333	15	7	0	1	1	0.7500	0.8613
30	205	1	322.6832	1	9	0	1	1	0.7512	1.0394
30	206	1	324.2332	15	7	90	0	1	0.7476	0.7544
30	207	1	325.7831	3	11	0	1	1	0.7488	1.1076
30	208	1	327.3330	1	9	0	1	1	0.7500	0.8383
30	209	1	328.8829	2	15	90	1	1	0.7512	1.0000
30	210	1	330.4328	3	11	90	0	1	0.7476	0.7929
30	211	1	331.9828	2	15	0	1	1	0.7488	1.1471
30	212	1	333.5327	3	11	90	0	1	0.7453	1.0383
30	213	1	335.0993	15	7	0	1	1	0.7465	0.8003
30	214	1	336.6492	1	9	0	1	1	0.7477	0.6566
30	215	1	338.1991	3	11	0	1	1	0.7488	0.7238
30	216	1	339.7490	1	9	90	1	1	0.7500	0.8860
30	217	1	341.2989	15	7	0	1	1	0.7512	0.7599
30	218	1	342.8489	3	11	0	1	1	0.7523	0.6825
30	219	1	344.3988	2	15	0	1	1	0.7534	0.7951
30	220	1	345.9487	14	4	90	0	1	0.7500	0.7343
30	221	1	347.4986	15	7	90	0	1	0.7466	0.9751
30	222	1	349.0486	2	15	90	0	1	0.7432	1.1865
30	223	1	350.7984	14	4	0	1	1	0.7444	0.7634
30	224	1	352.3484	2	15	0	1	1	0.7455	0.7016
30	225	1	353.8983	14	4	0	1	1	0.7467	0.6235
30	226	1	355.4482	2	15	0	1	1	0.7478	0.6910
30	227	1	356.9981	1	9	90	1	1	0.7489	0.8049
30	228	1	358.5481	14	4	0	1	1	0.7500	0.6458
30	229	1	360.0979	13	6	90	1	1	0.7511	1.1612
30	230	1	361.6479	11	5	0	1	1	0.7522	0.7156
30	231	1	363.1978	13	6	0	1	1	0.7532	0.7487
30	232	1	364.7477	12	14	90	1	1	0.7543	0.9273
30	233	1	366.2976	11	5	0	1	1	0.7554	0.8002
30	234	1	367.8476	13	6	0	1	1	0.7564	1.1066
30	235	1	369.3975	12	14	0	1	1	0.7574	0.8205
30	236	1	370.9474	9	2	0	1	1	0.7585	0.7436
30	237	1	372.4973	10	1	0	1	1	0.7595	0.6978
30	238	1	374.0473	11	5	0	1	1	0.7605	0.6517
30	239	1	375.5972	9	2	0	1	1	0.7615	0.5886
30	240	1	377.1471	12	14	0	1	1	0.7625	0.6879
30	241	1	378.6970	11	5	0	1	1	0.7635	0.6729
30	242	1	380.2469	9	2	0	1	1	0.7645	0.6269
30	243	1	381.7968	11	5	0	1	1	0.7654	0.7570
30	244	1	383.3467	12	14	90	1	1	0.7664	1.0470
30	245	1	384.8967	10	1	0	1	1	0.7673	1.2583
30	246	1	386.5133	9	2	90	0	1	0.7642	0.9536
30	247	1	388.0632	12	14	0	1	1	0.7652	0.6525
30	248	1	389.6131	11	5	0	1	1	0.7661	0.7022
30	249	1	391.1630	9	2	0	1	1	0.7671	0.4793
30	250	1	392.7129	8	12	0	1	1	0.7680	0.6421
30	251	1	394.2629	7	8	0	1	1	0.7689	0.5641
30	252	1	395.8128	4	10	90	0	1	0.7659	0.4858
30	253	1	397.3627	7	8	0	1	1	0.7668	0.5843
30	254	1	398.9126	8	12	0	1	1	0.7677	0.6172
30	255	1	400.4625	9	2	90	0	1	0.7647	0.5405
30	256	1	402.0791	10	1	0	1	1	0.7656	0.7009
30	257	1	403.6290	9	2	0	1	1	0.7665	0.7008
30	258	1	405.1790	11	5	0	1	1	0.7674	0.5281
30	259	1	406.7289	9	2	0	1	1	0.7683	0.4502
30	260	1	408.2788	11	5	90	0	1	0.7654	0.3711
30	261	1	409.8287	12	14	0	1	1	0.7663	0.5821
30	262	1	411.3786	13	6	0	1	1	0.7672	0.3763
30	263	1	412.9286	11	5	0	1	1	0.7681	0.7947
30	264	1	414.4785	9	2	0	1	1	0.7689	0.8127
30	265	1	416.0284	11	5	0	1	1	0.7698	0.5573
30	266	1	417.5783	10	1	0	1	1	0.7707	0.3367
30	267	1	419.1282	11	5	0	1	1	0.7715	0.6269
30	268	1	420.6781	10	1	0	1	1	0.7724	0.4205
30	269	1	422.2281	12	14	0	1	1	0.7732	0.7578
30	270	1	423.7780	9	2	0	1	1	0.7741	0.6158
30	271	1	425.3279	8	12	0	1	1	0.7749	0.6831
30	272	1	426.8778	5	13	0	1	1	0.7757	0.7815
30	273	1	428.4277	4	10	0	1	1	0.7766	0.7195
30	274	1	429.9777	7	8	90	1	1	0.7774	0.8322
30	275	1	431.5276	8	12	0	1	1	0.7782	0.6596
30	276	1	433.0775	6	3	0	1	1	0.7790	0.9817
30	277	1	434.6274	8	12	0	1	1	0.7798	0.7433
30	278	1	436.1773	6	3	0	1	1	0.7806	0.6014
30	279	1	437.7273	7	8	0	1	1	0.7814	0.5399
30	280	1	439.2772	4	10	0	1	1	0.7821	0.5897
30	281	1	440.8271	6	3	0	1	1	0.7829	0.9269
30	282	1	442.3770	8	12	0	1	1	0.7837	0.6900
30	283	1	443.9270	7	8	0	1	1	0.7845	0.8990
30	284	1	445.4769	8	12	0	1	1	0.7852	0.7889
30	285	1	447.0268	5	13	0	1	1	0.7860	0.7602
30	286	1	448.5767	8	12	0	1	1	0.7867	0.6187
30	287	1	450.1266	6	3	0	1	1	0.7875	0.5727
30	288	1	451.6766	7	8	0	1	1	0.7882	0.7974
30	289	1	453.2265	8	12	0	1	1	0.7889	0.5755
30	290	1	454.7764	5	13	90	0	1	0.7862	0.8028
30	291	1	456.3263	7	8	0	1	1	0.7869	0.6595
30	292	1	457.8762	5	13	0	1	1	0.7877	0.7095
30	293	1	459.4261	7	8	0	1	1	0.7884	0.7776
30	294	1	460.9761	6	3	90	0	1	0.7857	0.6511
30	295	1	462.5260	7	8	0	1	1	0.7864	0.6534
30	296	1	464.0759	4	10	90	0	1	0.7838	0.6540
30	297	1	465.6258	5	13	90	1	1	0.7845	0.9282
30	298	1	467.1757	6	3	0	1	1	0.7852	0.8032
30	299	1	468.7257	7	8	0	1	1	0.7860	0.6922
30	300	1	470.2756	4	10	90	1	1	0.7867	0.9983
30	301	1	471.8255	6	3	0	1	1	0.7874	0.6014
30	302	1	473.3754	5	13	0	1	1	0.7881	0.9397
30	303	1	474.9253	7	8	90	1	1	0.7888	0.7327
30	304	1	476.4753	5	13	0	1	1	0.7895	0.5916
30	305	1	478.0252	6	3	0	1	1	0.7902	0.6580
30	306	1	479.5751	5	13	90	1	1	0.7908	0.6907
30	307	1	481.1250	8	12	0	1	1	0.7915	0.6622
30	308	1	482.6749	9	2	90	0	1	0.7890	0.6162
30	309	1	484.2248	8	12	0	1	1	0.7896	0.5702
30	310	1	485.7748	9	2	0	1	1	0.7903	0.6529
30	311	1	487.3247	12	14	0	1	1	0.7910	0.6693
30	312	1	488.8746	13	6	0	1	1	0.7917	0.7045
30	313	1	490.4245	10	1	0	1	1	0.7923	0.5613
30	314	1	491.9744	13	6	0	1	1	0.7930	0.6769
30	315	1	493.5244	10	1	0	1	1	0.7937	0.6782
30	316	1	495.0743	9	2	0	1	1	0.7943	0.5836
30	317	1	496.6242	11	5	0	1	1	0.7950	0.6656
30	318	1	498.1741	13	6	90	1	1	0.7956	0.8610
30	319	1	499.7240	12	14	0	1	1	0.7962	0.5911
30	320	1	501.2740	10	1	0	1	1	0.7969	0.6400
30	321	1	502.8239	12	14	90	0	1	0.7944	0.4670
30	322	1	504.3738	9	2	0	1	1	0.7950	0.3085
30	323	1	505.9237	12	14	0	1	1	0.7957	0.5981
30	324	1	507.4736	9	2	0	1	1	0.7963	0.5851
30	325	1	509.0236	10	1	0	1	1	0.7969	0.8273
30	326	1	510.5735	13	6	0	1	1	0.7975	0.8765
30	327	1	512.1234	14	4	0	1	1	0.7982	0.7034
30	328	1	513.6733	15	7	0	1	1	0.7988	0.8655
30	329	1	515.2232	2	15	0	1	1	0.7994	0.9641
30	330	1	516.7732	14	4	0	1	1	0.8000	0.7408
30	331	1	518.3231	13	6	0	1	1	0.8006	0.7441
30	332	1	519.8730	14	4	0	1	1	0.8012	0.6975
30	333	1	521.4229	1	9	0	1	1	0.8018	0.7324
30	334	1	522.9728	2	15	0	1	1	0.8024	0.9731
30	335	1	524.5228	1	9	0	1	1	0.8030	0.7831
30	336	1	526.0727	3	11	0	1	1	0.8036	0.9132
30	337	1	527.6226	1	9	0	1	1	0.8042	0.7884
30	338	1	529.1725	2	15	0	0	1	0.8018	0.8535
30	339	1	530.7224	15	7	0	1	1	0.8024	0.6011
30	340	1	532.2723	1	9	0	1	1	0.8029	0.5545
30	341	1	533.8223	14	4	0	1	1	0.8035	0.3646
30	342	1	535.3722	1	9	0	1	1	0.8041	0.6377
30	343	1	536.9221	15	7	0	1	1	0.8047	0.7997
30	344	1	538.4720	14	4	0	1	1	0.8052	0.7698
30	345	1	540.0220	13	6	90	0	1	0.8029	0.9012
30	346	1	541.7052	10	1	0	1	1	0.8035	0.4977
30	347	1	543.2551	12	14	0	1	1	0.8040	0.6268
30	348	1	544.8050	10	1	0	1	1	0.8046	0.6775
30	349	1	546.3550	12	14	0	1	1	0.8052	0.5683
30	350	1	547.9049	13	6	90	1	1	0.8057	0.7771
30	351	1	549.4548	11	5	90	1	1	0.8063	1.3407
30	352	1	551.0380	13	6	0	1	1	0.8068	0.8131
30	353	1	552.5880	14	4	0	1	1	0.8074	0.6711
30	354	1	554.1379	2	15	0	1	1	0.8079	0.8807
30	355	1	555.6878	15	7	0	1	1	0.8085	0.5311
30	356	1	557.2377	3	11	90	0	1	0.8062	0.7414
30	357	1	558.7877	1	9	0	1	1	0.8067	0.5993
30	358	1	560.3376	2	15	90	0	1	0.8045	0.6176
30	359	1	561.8875	1	9	90	1	1	0.8050	0.8111
30	360	1	563.4374	3	11	0	1	1	0.8056	0.7815
30	361	1	564.9873	2	15	90	1	1	0.8061	1.0066
30	362	1	566.5372	15	7	0	1	1	0.8066	0.7046
30	363	1	568.0872	14	4	90	1	1	0.8072	0.8680
30	364	1	569.6371	2	15	0	1	1	0.8077	0.7900
30	365	1	571.1870	14	4	0	1	1	0.8082	0.6319
30	366	1	572.7369	2	15	0	1	1	0.8087	0.5062
30	367	1	574.2868	1	9	0	1	1	0.8093	0.7164
30	368	1	575.8368	14	4	0	1	1	0.8098	0.5743
30	369	1	577.3867	13	6	0	1	1	0.8103	0.9763
30	370	1	578.9366	14	4	90	1	1	0.8108	0.7862
30	371	1	580.4865	15	7	90	0	1	0.8086	0.9804
30	372	1	582.0364	1	9	0	1	1	0.8091	0.8229
30	373	1	583.5864	14	4	90	1	1	0.8097	0.8243
30	374	1	585.1363	2	15	0	1	1	0.8102	0.8428
30	375	1	586.6862	15	7	0	1	1	0.8107	0.8929
30	376	1	588.2361	1	9	0	1	1	0.8112	0.6389
30	377	1	589.7860	3	11	0	1	1	0.8117	0.5447
30	378	1	591.3360	2	15	0	1	1	0.8122	0.4819
30	379	1	592.8859	15	7	90	0	1	0.8100	0.6766
30	380	1	594.4358	3	11	0	1	1	0.8105	0.5670
30	381	1	595.9857	15	7	90	1	1	0.8110	0.6494
30	382	1	597.5356	3	11	0	1	1	0.8115	0.6993
30	383	1	599.0856	2	15	0	1	1	0.8120	0.6695
30	384	1	600.6355	14	4	90	0	1	0.8099	0.4476
30	385	1	602.1854	2	15	90	0	1	0.8078	0.7379
30	386	1	603.7353	14	4	0	1	1	0.8083	0.7225
30	387	1	605.2852	15	7	0	0	1	0.8062	1.3327
30	388	1	607.1352	3	11	90	1	1	0.8067	1.4520
30	389	1	608.8350	2	15	0	1	1	0.8072	0.8709
30	390	1	610.3850	14	4	0	1	1	0.8077	0.6169
30	391	1	611.9349	1	9	0	1	1	0.8082	0.5723
30	392	1	613.4848	14	4	0	1	1	0.8087	0.5425
30	393	1	615.0347	2	15	90	0	1	0.8066	0.5760
30	394	1	616.5847	15	7	0	-1	0	0.8046	-1.0000
30	395	1	618.6512	1	9	0	1	1	0.8051	1.1679
30	396	1	620.2011	3	11	0	1	1	0.8056	0.7849
30	397	1	621.7510	4	10	0	1	1	0.8060	0.7720
30	398	1	623.3010	3	11	0	1	1	0.8065	0.6608
30	399	1	624.8509	2	15	90	1	1	0.8070	0.8562
30	400	1	626.4008	14	4	0	1	1	0.8075	0.5384
30	401	1	627.9507	1	9	0	1	1	0.8080	0.5552
30	402	1	629.5006	15	7	0	1	1	0.8085	0.3173
30	403	1	631.0506	3	11	0	1	1	0.8089	0.7034
30	404	1	632.6005	2	15	0	1	1	0.8094	0.7068
30	405	1	634.1504	3	11	90	0	1	0.8074	0.6610
30	406	1	635.7003	4	10	90	0	1	0.8054	0.7255
30	407	1	637.2502	6	3	0	1	1	0.8059	0.6635
30	408	1	638.8002	5	13	0	1	1	0.8064	0.6832
30	409	1	640.3501	7	8	0	1	1	0.8068	0.6209
30	410	1	641.9000	4	10	0	1	1	0.8073	0.7671
30	411	1	643.4499	7	8	0	1	1	0.8078	0.6571
30	412	1	644.9998	6	3	0	1	1	0.8083	0.6268
30	413	1	646.5498	7	8	0	1	1	0.8087	0.5492
30	414	1	648.0997	8	12	0	1	1	0.8092	0.7435
30	415	1	649.6496	5	13	0	1	1	0.8096	0.6487
30	416	1	651.1995	7	8	0	1	1	0.8101	0.6993
30	417	1	652.7494	6	3	0	1	1	0.8106	0.6686
30	418	1	654.2994	8	12	0	1	1	0.8110	0.5918
30	419	1	655.8493	7	8	0	1	1	0.8115	0.5131
30	420	1	657.3992	6	3	0	1	1	0.8119	0.4997
30	421	1	658.9491	7	8	0	1	1	0.8124	0.5179
30	422	1	660.4990	4	10	0	1	1	0.8128	0.5670
30	423	1	662.0490	6	3	0	1	1	0.8132	0.5700
30	424	1	663.5989	8	12	0	1	1	0.8137	0.5561
30	425	1	665.1488	6	3	0	1	1	0.8141	0.5103
30	426	1	666.6987	7	8	0	1	1	0.8146	0.3353
30	427	1	668.2486	5	13	0	1	1	0.8150	0.3063
30	428	1	669.7986	8	12	0	1	1	0.8154	0.5805
30	429	1	671.3485	7	8	0	1	1	0.8159	0.5334
30	430	1	672.8984	5	13	0	1	1	0.8163	0.3925
30	431	1	674.4483	6	3	0	1	1	0.8167	0.5066
30	432	1	675.9982	4	10	90	1	1	0.8171	1.0036
30	433	1	677.5482	3	11	0	1	1	0.8176	0.6870
30	434	1	679.0981	1	9	0	1	1	0.8180	0.6091
30	435	1	680.6480	15	7	0	1	1	0.8184	1.2996
30	436	1	682.1979	2	15	0	1	1	0.8188	0.6601
30	437	1	683.7478	1	9	0	1	1	0.8192	0.4553
30	438	1	685.2977	2	15	90	0	1	0.8174	0.3133
30	439	1	686.8477	14	4	90	1	1	0.8178	0.8274
30	440	1	688.3976	2	15	0	1	1	0.8182	0.7963
30	441	1	689.9475	3	11	90	1	1	0.8186	0.9904
30	442	1	691.4974	2	15	0	1	1	0.8190	0.8017
30	443	1	693.0474	1	9	0	1	1	0.8194	0.5306
30	444	1	694.5973	14	4	0	1	1	0.8198	0.7420
30	445	1	696.1472	1	9	0	1	1	0.8202	0.5519
30	446	1	697.6971	3	11	0	1	1	0.8206	0.6647
30	447	1	699.2470	4	10	0	1	1	0.8210	1.0669
30	448	1	700.7969	6	3	0	1	1	0.8214	0.6381
30	449	1	702.3469	7	8	90	1	1	0.8218	0.8309
30	450	1	703.8968	6	3	0	1	1	0.8222	0.5303
30	451	1	705.4467	5	13	90	1	1	0.8226	0.9483
30	452	1	706.9966	8	12	0	1	1	0.8230	0.6792
30	453	1	708.5466	5	13	90	0	1	0.8212	0.6008
30	454	1	710.0965	6	3	90	0	1	0.8194	0.5706
30	455	1	711.6464	5	13	0	1	1	0.8198	0.5404
30	456	1	713.1963	8	12	90	0	1	0.8180	0.6707
30	457	1	714.7462	6	3	90	0	1	0.8162	0.6409
30	458	1	716.2961	5	13	90	1	1	0.8166	0.7867
30	459	1	717.8460	4	10	0	1	1	0.8170	1.0929
30	460	1	719.3960	7	8	0	1	1	0.8174	0.7261
30	461	1	720.9459	8	12	0	1	1	0.8178	0.6167
30	462	1	722.4958	6	3	0	1	1	0.8182	0.6193
30	463	1	724.0458	5	13	0	1	1	0.8186	0.5252
30	464	1	725.5956	6	3	90	1	1	0.8190	0.9914
30	465	1	727.1456	7	8	0	1	1	0.8194	0.5458
30	466	1	728.6955	8	12	90	0	1	0.8176	0.4036
30	467	1	730.2454	7	8	90	1	1	0.8180	0.8045
30	468	1	731.7953	5	13	0	0	1	0.8162	0.6318
30	469	1	733.3452	8	12	0	1	1	0.8166	0.7938
30	470	1	734.8952	5	13	0	1	1	0.8170	0.7948
30	471	1	736.4451	4	10	0	1	1	0.8174	0.6378
30	472	1	737.9950	6	3	0	1	1	0.8178	0.5762
30	473	1	739.5449	8	12	0	1	1	0.8182	0.6262
30	474	1	741.0949	6	3	90	1	1	0.8186	0.7723
30	475	1	742.6448	4	10	0	0	1	0.8168	0.9183
30	476	1	744.1947	6	3	90	-1	0	0.8151	-1.0000
30	477	1	746.2613	4	10	0	1	1	0.8155	1.1413
30	478	1	747.8112	6	3	0	1	1	0.8159	0.8720
30	479	1	749.3611	5	13	0	1	1	0.8163	0.6658
30	480	1	750.9110	8	12	0	1	1	0.8167	0.5402
30	481	1	752.4610	6	3	0	1	1	0.8170	0.5905
30	482	1	754.0108	8	12	90	0	1	0.8154	0.5122
30	483	1	755.5608	6	3	90	0	1	0.8137	0.5302
30	484	1	757.1107	7	8	0	1	1	0.8140	0.6591
30	485	1	758.6606	4	10	90	1	1	0.8144	0.9013
30	486	1	760.2105	6	3	0	0	1	0.8128	1.0646
30	487	1	761.7938	7	8	0	1	1	0.8131	1.0172
30	488	1	763.3437	4	10	0	1	1	0.8135	0.7782
30	489	1	764.8936	7	8	0	1	1	0.8139	0.5569
30	490	1	766.4436	5	13	0	1	1	0.8143	0.6071
30	491	1	767.9935	6	3	0	1	1	0.8147	0.6736
30	492	1	769.5434	5	13	0	1	1	0.8150	0.6120
30	493	1	771.0933	6	3	90	0	1	0.8134	0.9167
30	494	1	772.6432	8	12	90	0	1	0.8117	0.6318
30	495	1	774.1931	5	13	0	1	1	0.8121	0.6007
30	496	1	775.7430	7	8	0	1	1	0.8125	0.5400
30	497	1	777.2930	5	13	0	1	1	0.8129	0.5103
30	498	1	778.8429	4	10	0	1	1	0.8133	0.7361
30	499	1	780.3928	3	11	0	1	1	0.8136	0.7702
30	500	1	781.9427	15	7	90	0	1	0.8120	0.9325
30	501	1	783.4926	2	15	90	0	1	0.8104	0.7263
30	502	1	785.0426	14	4	0	1	1	0.8108	0.6806
30	503	1	786.5925	2	15	0	0	1	0.8091	0.8574
30	504	1	788.1424	3	11	0	1	1	0.8095	0.7316
30	505	1	789.6923	4	10	0	1	1	0.8099	0.6706
30	506	1	791.2423	3	11	0	1	1	0.8103	0.6248
30	507	1	792.7922	1	9	0	1	1	0.8107	0.6429
30	508	1	794.3421	14	4	90	1	1	0.8110	0.7416
30	509	1	795.8920	13	6	0	1	1	0.8114	0.6471
30	510	1	797.4419	14	4	0	1	1	0.8118	0.6340
30	511	1	798.9918	13	6	90	0	1	0.8102	0.8113
30	512	1	800.5418	12	14	0	1	1	0.8105	0.6202
30	513	1	802.0917	11	5	0	1	1	0.8109	0.6872
30	514	1	803.6416	13	6	0	1	1	0.8113	0.5934
30	515	1	805.1915	10	1	0	1	1	0.8117	0.5796
30	516	1	806.7414	11	5	0	1	1	0.8120	0.4845
30	517	1	808.2914	10	1	0	1	1	0.8124	0.5998
30	518	1	809.8413	13	6	0	1	1	0.8127	0.6018
30	519	1	811.3912	11	5	0	1	1	0.8131	0.4587
30	520	1	812.9411	10	1	0	1	1	0.8135	0.6377
30	521	1	814.4910	9	2	0	1	1	0.8138	0.6241
30	522	1	816.0410	8	12	90	0	1	0.8123	0.7699
30	523	1	817.5909	7	8	0	1	1	0.8126	0.8990
30	524	1	819.1408	4	10	90	1	1	0.8130	1.1264
30	525	1	820.6907	6	3	0	0	1	0.8114	0.8392
30	526	1	822.2407	8	12	90	1	1	0.8118	0.8574
30	527	1	823.7906	6	3	90	0	1	0.8102	0.8124
30	528	1	825.3405	4	10	0	0	1	0.8087	1.4708
30	529	1	827.3571	6	3	0	1	1	0.8091	0.9571
30	530	1	828.9070	5	13	0	1	1	0.8094	0.5749
30	531	1	830.4569	8	12	0	1	1	0.8098	0.6417
30	532	1	832.0068	5	13	0	1	1	0.8102	0.6603
30	533	1	833.5567	7	8	0	1	1	0.8105	0.6132
30	534	1	835.1066	8	12	0	1	1	0.8109	0.6485
30	535	1	836.6566	9	2	0	1	1	0.8112	0.6508
30	536	1	838.2065	10	1	90	1	1	0.8116	0.8288
30	537	1	839.7564	9	2	0	1	1	0.8119	0.6375
30	538	1	841.3063	8	12	0	1	1	0.8123	0.7527
30	539	1	842.8563	7	8	0	1	1	0.8126	0.8025
30	540	1	844.4062	4	10	90	1	1	0.8130	0.9964
30	541	1	845.9561	3	11	90	1	1	0.8133	0.9503
30	542	1	847.5060	15	7	0	0	1	0.8118	0.9212
30	543	1	849.0559	1	9	0	1	1	0.8122	0.6198
30	544	1	850.6058	15	7	0	1	1	0.8125	0.9092
30	545	1	852.1558	3	11	0	1	1	0.8128	0.8475
30	546	1	853.7057	2	15	0	1	1	0.8132	0.7374
30	547	1	855.2556	15	7	0	1	1	0.8135	0.6755
30	548	1	856.8055	1	9	0	1	1	0.8139	0.6298
30	549	1	858.3554	3	11	0	1	1	0.8142	0.6161
30	550	1	859.9054	4	10	0	1	1	0.8145	0.5216
30	551	1	861.4553	3	11	90	0	1	0.8131	0.7152
30	552	1	863.0052	15	7	0	1	1	0.8134	0.8449
30	553	1	864.5551	3	11	90	0	1	0.8119	0.7188
30	554	1	866.1050	15	7	0	1	1	0.8123	0.6748
30	555	1	867.6549	1	9	90	0	1	0.8108	0.5642
30	556	1	869.2049	2	15	90	1	1	0.8112	0.8543
30	557	1	870.7548	15	7	0	1	1	0.8115	0.8564
30	558	1	872.3047	2	15	90	1	1	0.8118	0.7144
30	559	1	873.8546	15	7	0	1	1	0.8122	0.7324
30	560	1	875.4046	14	4	0	1	1	0.8125	0.6868
30	561	1	876.9545	2	15	0	1	1	0.8128	0.6715
30	562	1	878.5044	1	9	0	1	1	0.8132	0.7055
30	563	1	880.0543	2	15	0	1	1	0.8135	0.7237
30	564	1	881.6042	3	11	0	1	1	0.8138	0.9510
30	565	1	883.1541	4	10	90	1	1	0.8142	1.3357
30	566	1	884.7041	3	11	0	1	1	0.8145	0.7309
30	567	1	886.2540	2	15	0	1	1	0.8148	0.7010
30	568	1	887.8039	14	4	0	1	1	0.8151	0.7351
30	569	1	889.3538	15	7	90	1	1	0.8155	0.9933
30	570	1	890.9038	2	15	0	1	1	0.8158	0.8513
30	571	1	892.4537	3	11	90	0	1	0.8144	0.9653
30	572	1	894.0036	4	10	0	1	1	0.8147	1.1755
30	573	1	895.5535	6	3	0	1	1	0.8150	0.6980
30	574	1	897.1034	5	13	90	0	1	0.8136	0.7475
30	575	1	898.6534	6	3	0	1	1	0.8139	0.7182
30	576	1	900.2033	7	8	0	1	1	0.8142	0.8642
30	577	1	901.7532	5	13	0	1	1	0.8146	0.9301
30	578	1	903.3031	7	8	0	1	1	0.8149	1.1242
30	579	1	904.8530	5	13	0	1	1	0.8152	0.8542
30	580	1	906.4029	4	10	0	1	1	0.8155	1.1591
30	581	1	907.9529	3	11	90	1	1	0.8158	1.1302
30	582	1	909.5028	15	7	0	0	1	0.8144	1.0672
30	583	1	911.1361	3	11	0	1	1	0.8148	0.8922
30	584	1	912.6859	2	15	90	1	1	0.8151	0.9881
30	585	1	914.2359	14	4	0	1	1	0.8154	0.7191
30	586	1	915.7858	2	15	0	0	1	0.8140	1.0266
30	587	1	917.3690	3	11	0	1	1	0.8143	0.8809
30	588	1	918.9189	2	15	90	0	1	0.8129	1.0281
30	589	1	920.5189	15	7	0	1	1	0.8132	0.9964
30	590	1	922.0688	14	4	0	1	1	0.8136	0.9027
30	591	1	923.6187	1	9	0	1	1	0.8139	0.9367
30	592	1	925.1686	3	11	0	1	1	0.8142	0.6499
30	593	1	926.7186	4	10	0	1	1	0.8145	0.5887
30	594	1	928.2685	3	11	0	1	1	0.8148	0.6708
30	595	1	929.8184	1	9	0	1	1	0.8151	0.8969
30	596	1	931.3683	15	7	0	1	1	0.8154	0.6901
30	597	1	932.9182	2	15	0	1	1	0.8157	1.2690
30	598	1	934.4848	14	4	90	0	1	0.8144	0.3901
30	599	1	936.0347	13	6	90	1	1	0.8147	1.1273
30	600	1	937.5847	12	14	0	1	1	0.8150	0.6822
30	601	1	1022.5302	11	5	0	-1	0	0.8136	-1.0000
30	602	1	1024.6301	10	1	0	1	1	0.8140	0.0226
30	603	1	1026.1801	13	6	0	1	1	0.8143	0.6312
30	604	1	1027.7300	10	1	0	1	1	0.8146	0.5373
30	605	1	1029.2799	9	2	0	1	1	0.8149	0.6350
30	606	1	1030.8298	12	14	0	1	1	0.8152	0.5893
30	607	1	1032.3797	11	5	0	1	1	0.8155	0.4635
30	608	1	1033.9296	10	1	90	0	1	0.8141	0.4963
30	609	1	1035.4796	11	5	0	1	1	0.8144	0.6275
30	610	1	1037.0295	9	2	0	1	1	0.8148	0.5165
30	611	1	1038.5794	8	12	0	1	1	0.8151	0.6000
30	612	1	1040.1293	5	13	0	1	1	0.8154	0.5538
30	613	1	1041.6792	7	8	0	1	1	0.8157	0.5878
30	614	1	1043.2292	5	13	0	1	1	0.8160	0.6528
30	615	1	1044.7791	4	10	0	1	1	0.8163	0.8961
30	616	1	1046.3290	3	11	0	1	1	0.8166	0.6420
30	617	1	1047.8789	4	10	0	1	1	0.8169	0.4829
30	618	1	1049.4288	5	13	90	1	1	0.8172	0.8540
30	619	1	1050.9788	6	3	0	1	1	0.8174	0.6964
30	620	1	1052.5287	7	8	0	1	1	0.8177	0.6029
30	621	1	1054.0786	6	3	0	1	1	0.8180	0.5247
30	622	1	1055.6286	5	13	0	1	1	0.8183	0.6868
30	623	1	1057.1785	4	10	0	1	1	0.8186	0.7846
30	624	1	1058.7283	3	11	0	1	1	0.8189	0.6897
30	625	1	1060.2783	15	7	0	1	1	0.8192	0.9967
30	626	1	1061.8282	1	9	0	1	1	0.8195	0.7589
30	627	1	1063.3781	15	7	0	1	1	0.8198	0.6812
30	628	1	1064.9280	2	15	0	1	1	0.8201	0.6831
30	629	1	1066.4780	3	11	0	1	1	0.8203	0.6534
30	630	1	1068.0279	15	7	0	1	1	0.8206	0.5913
30	631	1	1069.5778	1	9	90	1	1	0.8209	0.7695
30	632	1	1071.1277	3	11	0	1	1	0.8212	0.5951
30	633	1	1072.6776	1	9	0	1	1	0.8215	0.6442
30	634	1	1074.2276	15	7	90	0	1	0.8202	0.5512
30	635	1	1075.7775	14	4	0	1	1	0.8205	0.7926
30	636	1	1077.3274	13	6	90	0	1	0.8192	0.7157
30	637	1	1078.8773	12	14	90	1	1	0.8195	0.7486
30	638	1	1080.4272	13	6	0	1	1	0.8197	0.8325
30	639	1	1081.9772	12	14	0	1	1	0.8200	0.9459
30	640	1	1083.5271	10	1	0	1	1	0.8203	0.8029
30	641	1	1085.0770	9	2	0	1	1	0.8206	0.7411
30	642	1	1086.6269	12	14	0	1	1	0.8209	0.6322
30	643	1	1088.1768	13	6	0	1	1	0.8212	0.6333
30	644	1	1089.7268	12	14	90	1	1	0.8214	0.7005
30	645	1	1091.2767	9	2	0	1	1	0.8217	0.7349
30	646	1	1092.8266	8	12	0	1	1	0.8220	0.7204
30	647	1	1094.3765	9	2	90	1	1	0.8223	0.8656
30	648	1	1095.9265	11	5	0	1	1	0.8225	0.7734
30	649	1	1097.4763	10	1	0	1	1	0.8228	0.7416
30	650	1	1099.0263	13	6	0	1	1	0.8231	0.7127
30	651	1	1100.5762	14	4	0	0	1	0.8218	0.8421
30	652	1	1102.1261	1	9	90	1	1	0.8221	0.7335
30	653	1	1103.6760	15	7	90	1	1	0.8224	0.9111
30	654	1	1105.2259	14	4	90	0	1	0.8211	1.0080
30	655	1	1106.7759	1	9	0	1	1	0.8214	0.8194
30	656	1	1108.3258	3	11	0	1	1	0.8216	0.7084
30	657	1	1109.8757	1	9	0	1	1	0.8219	0.7273
30	658	1	1111.4256	14	4	0	1	1	0.8222	0.6963
30	659	1	1112.9755	2	15	0	1	1	0.8225	0.7638
30	660	1	1114.5255	3	11	0	1	1	0.8227	0.6685
30	661	1	1116.0754	1	9	0	1	1	0.8230	0.6066
30	662	1	1117.6253	15	7	0	1	1	0.8233	1.0567
30	663	1	1119.1752	1	9	0	1	1	0.8235	0.8679
30	664	1	1120.7251	2	15	90	1	1	0.8238	0.8378
30	665	1	1122.2751	1	9	0	1	1	0.8241	0.7600
30	666	1	1123.8250	14	4	0	1	1	0.8243	0.7455
30	667	1	1125.3749	15	7	0	1	1	0.8246	0.8604
30	668	1	1126.9248	3	11	0	1	1	0.8249	0.8945
30	669	1	1128.4747	15	7	90	1	1	0.8251	1.1365
30	670	1	1130.0247	14	4	0	1	1	0.8254	0.9302
30	671	1	1131.5746	15	7	0	1	1	0.8256	0.9485
30	672	1	1133.1245	3	11	0	1	1	0.8259	0.7744
30	673	1	1134.6744	4	10	0	1	1	0.8262	0.9687
30	674	1	1136.2243	6	3	0	1	1	0.8264	0.8268
30	675	1	1137.7743	8	12	0	1	1	0.8267	0.7973
30	676	1	1139.3242	7	8	0	1	1	0.8269	0.7350
30	677	1	1140.8741	6	3	0	1	1	0.8272	0.7199
30	678	1	1142.4240	4	10	0	1	1	0.8274	0.7863
30	679	1	1143.9739	5	13	0	1	1	0.8277	0.7248
30	680	1	1145.5239	7	8	0	1	1	0.8279	0.7273
30	681	1	1147.0738	5	13	0	1	1	0.8282	0.6971
30	682	1	1148.6237	7	8	0	1	1	0.8284	0.6343
30	683	1	1150.1736	6	3	0	1	1	0.8287	0.6063
30	684	1	1151.7235	8	12	0	1	1	0.8289	0.6716
30	685	1	1153.2734	6	3	0	1	1	0.8292	0.7217
30	686	1	1154.8234	5	13	0	1	1	0.8294	0.6918
30	687	1	1156.3733	8	12	90	1	1	0.8297	0.9487
30	688	1	1157.9232	7	8	0	1	1	0.8299	0.7427
30	689	1	1159.4731	4	10	0	1	1	0.8302	0.7301
30	690	1	1161.0231	6	3	0	1	1	0.8304	0.6362
30	691	1	1162.5730	7	8	0	1	1	0.8307	0.5900
30	692	1	1164.1229	5	13	0	1	1	0.8309	0.6391
30	693	1	1165.6728	6	3	0	1	1	0.8312	0.5303
30	694	1	1167.2227	5	13	0	1	1	0.8314	0.6447
30	695	1	1168.7726	6	3	0	1	1	0.8317	0.6136
30	696	1	1170.3226	8	12	0	1	1	0.8319	0.6165
30	697	1	1171.8725	5	13	90	1	1	0.8321	0.7627
30	698	1	1173.4224	4	10	0	1	1	0.8324	0.6367
30	699	1	1174.9723	5	13	90	1	1	0.8326	0.8468
30	700	1	1176.5223	7	8	0	1	1	0.8329	0.6881
30	701	1	1178.0722	5	13	0	1	1	0.8331	0.6442
30	702	1	1179.6221	6	3	0	1	1	0.8333	0.6439
30	703	1	1181.1720	4	10	90	1	1	0.8336	0.9198
30	704	1	1182.7219	6	3	0	1	1	0.8338	0.8253
30	705	1	1184.2718	7	8	0	1	1	0.8340	0.6833
30	706	1	1185.8218	8	12	90	1	1	0.8343	0.8453
30	707	1	1187.3717	7	8	0	1	1	0.8345	0.6223
30	708	1	1188.9216	4	10	90	0	1	0.8333	0.4018
30	709	1	1190.4715	6	3	0	1	1	0.8336	0.7237
30	710	1	1192.0214	8	12	0	1	1	0.8338	0.9176
30	711	1	1193.5714	9	2	90	1	1	0.8340	0.8718
30	712	1	1195.1213	10	1	0	1	1	0.8343	0.6978
30	713	1	1196.6712	9	2	0	1	1	0.8345	1.2109
30	714	1	1198.2211	11	5	0	1	1	0.8347	0.8778
30	715	1	1199.7710	10	1	0	1	1	0.8350	0.6241
30	716	1	1201.3210	9	2	0	1	1	0.8352	0.6582
30	717	1	1202.8709	8	12	0	1	1	0.8354	0.4991
30	718	1	1204.4208	9	2	0	1	1	0.8357	0.7743
30	719	1	1205.9707	12	14	90	1	1	0.8359	0.8243
30	720	1	1207.5206	11	5	90	1	1	0.8361	0.9064
30	721	1	1209.0706	12	14	0	1	1	0.8363	0.7325
30	722	1	1210.6205	9	2	90	1	1	0.8366	0.8295
30	723	1	1212.1704	11	5	0	1	1	0.8368	1.0236
30	724	1	1213.7203	13	6	0	1	1	0.8370	0.8188
30	725	1	1215.2702	10	1	0	1	1	0.8372	0.7248
30	726	1	1216.8202	9	2	0	1	1	0.8375	1.3497
30	727	1	1218.3701	11	5	0	1	1	0.8377	0.9692
30	728	1	1219.9200	9	2	0	1	1	0.8379	0.7153
30	729	1	1221.4699	8	12	0	1	1	0.8381	0.7654
30	730	1	1223.0198	6	3	0	1	1	0.8384	0.8154
30	731	1	1224.5698	4	10	0	1	1	0.8386	0.7215
30	732	1	1226.1197	5	13	0	1	1	0.8388	0.7395
30	733	1	1227.6696	4	10	0	1	1	0.8390	0.7096
30	734	1	1229.2195	7	8	0	1	1	0.8392	0.6945
30	735	1	1230.7694	6	3	0	1	1	0.8395	0.7136
30	736	1	1232.3194	7	8	0	1	1	0.8397	0.5712
30	737	1	1233.8693	8	12	0	1	1	0.8399	0.7186
30	738	1	1235.4192	9	2	90	1	1	0.8401	1.1667
30	739	1	1236.9691	8	12	0	1	1	0.8403	0.8019
30	740	1	1238.5190	5	13	0	1	1	0.8405	0.6429
30	741	1	1240.0689	4	10	0	1	1	0.8408	0.9985
30	742	1	1241.6189	7	8	0	1	1	0.8410	0.6641
30	743	1	1243.1688	8	12	90	0	1	0.8398	0.6017
30	744	1	1244.7187	5	13	0	1	1	0.8401	0.6524
30	745	1	1246.2686	7	8	0	1	1	0.8403	0.5114
30	746	1	1247.8185	4	10	0	1	1	0.8405	0.6725
30	747	1	1249.3685	6	3	0	1	1	0.8407	0.5466
30	748	1	1250.9184	8	12	0	1	1	0.8409	0.5636
30	749	1	1252.4683	9	2	90	1	1	0.8411	0.9034
30	750	1	1254.0182	12	14	0	1	1	0.8413	0.5531
30	751	1	1255.5682	9	2	0	1	1	0.8415	0.4578
30	752	1	1257.1181	10	1	90	1	1	0.8418	0.7798
30	753	1	1258.6680	9	2	90	1	1	0.8420	0.7981
30	754	1	1260.2179	12	14	0	1	1	0.8422	0.6092
30	755	1	1261.7678	11	5	0	1	1	0.8424	0.6903
30	756	1	1263.3178	10	1	0	1	1	0.8426	0.5484
30	757	1	1264.8677	11	5	90	1	1	0.8428	1.3198
30	758	1	1266.4176	10	1	0	1	1	0.8430	0.7126
30	759	1	1267.9675	12	14	0	1	1	0.8432	0.5076
30	760	1	1269.5174	9	2	0	1	1	0.8434	0.6219
30	761	1	1271.0673	12	14	0	1	1	0.8436	0.5277
30	762	1	1272.6173	11	5	0	1	1	0.8438	0.5460
30	763	1	1274.1672	10	1	90	1	1	0.8440	0.7721
30	764	1	1275.7171	12	14	0	1	1	0.8442	0.5343
30	765	1	1277.2671	10	1	0	1	1	0.8444	0.5362
30	766	1	1278.8169	13	6	0	1	1	0.8446	0.6170
30	767	1	1280.3669	14	4	90	1	1	0.8449	0.9082
30	768	1	1281.9168	13	6	90	1	1	0.8451	0.9092
30	769	1	1283.4667	12	14	0	1	1	0.8453	0.7043
30	770	1	1285.0166	10	1	0	1	1	0.8455	0.5783
30	771	1	1286.5666	13	6	0	1	1	0.8457	0.5005
30	772	1	1288.1165	14	4	0	1	1	0.8459	0.6001
30	773	1	1289.6664	1	9	0	1	1	0.8461	0.6170
30	774	1	1291.2163	3	11	0	1	1	0.8463	0.6977
30	775	1	1292.7662	4	10	0	1	1	0.8465	0.6051
30	776	1	1294.3162	6	3	0	1	1	0.8466	0.5583
30	777	1	1295.8661	7	8	0	1	1	0.8468	0.5611
30	778	1	1297.4160	5	13	90	1	1	0.8470	0.9152
30	779	1	1298.9659	4	10	0	1	1	0.8472	0.6440
30	780	1	1300.5158	7	8	0	1	1	0.8474	0.5666
30	781	1	1302.0657	5	13	0	1	1	0.8476	0.6003
30	782	1	1303.6157	4	10	90	1	1	0.8478	0.8585
30	783	1	1305.1656	3	11	0	1	1	0.8480	0.8768
30	784	1	1306.7155	4	10	0	1	1	0.8482	0.8626
30	785	1	1308.2654	3	11	0	1	1	0.8484	0.6406
30	786	1	1309.8154	1	9	90	1	1	0.8486	0.7878
30	787	1	1311.3653	14	4	0	1	1	0.8488	0.6767
30	788	1	1312.9152	13	6	90	1	1	0.8490	0.9838
30	789	1	1314.4651	11	5	90	1	1	0.8492	0.9700
30	790	1	1316.0150	10	1	0	1	1	0.8494	0.7000
30	791	1	1317.5649	13	6	90	1	1	0.8496	1.1511
30	792	1	1319.1149	14	4	0	1	1	0.8497	0.7200
30	793	1	1320.6648	13	6	0	1	1	0.8499	0.6264
30	794	1	1322.2147	11	5	90	1	1	0.8501	0.8046
30	795	1	1323.7646	12	14	0	1	1	0.8503	0.5668
30	796	1	1325.3146	10	1	90	1	1	0.8505	0.7595
30	797	1	1326.8645	13	6	90	1	1	0.8507	0.9386
30	798	1	1328.4144	11	5	90	1	1	0.8509	0.8611
30	799	1	1329.9643	12	14	0	1	1	0.8511	0.6866
30	800	1	1331.5142	9	2	0	1	1	0.8512	0.6731
30	801	1	1333.0641	10	1	0	1	1	0.8514	0.5951
30	802	1	1334.6141	9	2	0	1	1	0.8516	0.5491
30	803	1	1336.1640	8	12	90	0	1	0.8506	0.9186
30	804	1	1337.7139	6	3	0	1	1	0.8507	0.7132
30	805	1	1339.2638	5	13	90	1	1	0.8509	1.0357
30	806	1	1340.8137	8	12	0	1	1	0.8511	1.4376
30	807	1	1342.4970	6	3	0	1	1	0.8513	0.6024
30	808	1	1344.0469	7	8	0	1	1	0.8515	0.6672
30	809	1	1345.5968	6	3	0	1	1	0.8517	0.6213
30	810	1	1347.1467	8	12	0	1	1	0.8519	0.8173
30	811	1	1348.6967	5	13	0	1	1	0.8520	0.8662
30	812	1	1350.2466	7	8	0	1	1	0.8522	0.6764
30	813	1	1351.7965	6	3	0	1	1	0.8524	0.6946
30	814	1	1353.3464	8	12	0	1	1	0.8526	0.7595
30	815	1	1354.8963	7	8	0	1	1	0.8528	0.7137
30	816	1	1356.4463	6	3	0	1	1	0.8529	0.5877
30	817	1	1357.9962	5	13	0	1	1	0.8531	0.9111
30	818	1	1359.5461	7	8	0	1	1	0.8533	0.6890
30	819	1	1361.0960	8	12	0	1	1	0.8535	0.6915
30	820	1	1362.6459	5	13	0	1	1	0.8537	0.5974
30	821	1	1364.1959	7	8	0	1	1	0.8538	0.6941
30	822	1	1365.7458	5	13	90	1	1	0.8540	0.6803
30	823	1	1367.2957	4	10	90	1	1	0.8542	1.2915
30	824	1	1368.8456	3	11	0	1	1	0.8544	0.7015
30	825	1	1370.3955	2	15	0	1	1	0.8545	1.0558
30	826	1	1371.9455	15	7	90	1	1	0.8547	0.9936
30	827	1	1373.4954	2	15	0	1	1	0.8549	1.0760
30	828	1	1375.0453	14	4	0	1	1	0.8551	0.7738
30	829	1	1376.5952	2	15	90	1	1	0.8552	0.8400
30	830	1	1378.1451	1	9	0	1	1	0.8554	0.6498
30	831	1	1379.6951	14	4	90	1	1	0.8556	0.7315
30	832	1	1381.2450	1	9	90	1	1	0.8558	0.7981
30	833	1	1382.7949	2	15	0	1	1	0.8559	0.6726
30	834	1	1384.3448	14	4	0	1	1	0.8561	0.6263
30	835	1	1385.8947	15	7	0	0	1	0.8551	0.9794
30	836	1	1387.4446	1	9	90	1	1	0.8553	0.7744
30	837	1	1388.9946	2	15	0	1	1	0.8554	0.7446
30	838	1	1390.5445	15	7	0	1	1	0.8556	0.7616
30	839	1	1392.0944	3	11	0	1	1	0.8558	0.7326
30	840	1	1393.6443	1	9	0	1	1	0.8560	0.5739
30	841	1	1395.1943	3	11	90	0	1	0.8549	0.7368
30	842	1	1396.7442	2	15	0	1	1	0.8551	0.7060
30	843	1	1398.2941	3	11	0	1	1	0.8553	0.7576
30	844	1	1399.8440	4	10	0	1	1	0.8555	0.9194
30	845	1	1401.3939	5	13	90	1	1	0.8556	0.8891
30	846	1	1402.9439	6	3	90	0	1	0.8546	0.7141
30	847	1	1404.4938	7	8	0	1	1	0.8548	0.6047
30	848	1	1406.0437	6	3	0	1	1	0.8550	0.6223
30	849	1	1407.5936	7	8	0	1	1	0.8551	0.5771
30	850	1	1409.1435	6	3	90	0	1	0.8541	0.7235
30	851	1	1410.6934	4	10	0	1	1	0.8543	1.1406
30	852	1	1412.2434	6	3	0	1	1	0.8545	0.8404
30	853	1	1413.7933	7	8	0	1	1	0.8546	0.6020
30	854	1	1415.3432	8	12	0	1	1	0.8548	0.6510
30	855	1	1416.8931	9	2	0	1	1	0.8550	0.4464
30	856	1	1418.4431	10	1	0	1	1	0.8551	0.3201
30	857	1	1419.9930	9	2	0	1	1	0.8553	0.3691
30	858	1	1421.5429	10	1	90	1	1	0.8555	0.8524
30	859	1	1423.0928	13	6	0	1	1	0.8556	1.0131
30	860	1	1424.6427	10	1	0	1	1	0.8558	0.7923
30	861	1	1426.1927	12	14	0	1	1	0.8560	0.7786
30	862	1	1427.7426	9	2	0	1	1	0.8561	0.5890
30	863	1	1429.2925	12	14	0	1	1	0.8563	0.6066
30	864	1	1430.8424	13	6	0	1	1	0.8565	0.7676
30	865	1	1432.3923	12	14	0	1	1	0.8566	0.5631
30	866	1	1433.9423	10	1	0	1	1	0.8568	0.8056
30	867	1	1435.4922	9	2	0	1	1	0.8570	0.6311
30	868	1	1437.0421	10	1	0	1	1	0.8571	0.8558
30	869	1	1438.5920	11	5	0	1	1	0.8573	0.8431
30	870	1	1440.1419	12	14	0	1	1	0.8575	0.6521
30	871	1	1441.6918	9	2	0	1	1	0.8576	0.6235
30	872	1	1443.2418	12	14	0	1	1	0.8578	0.5454
30	873	1	1444.7917	13	6	0	1	1	0.8580	0.8199
30	874	1	1446.3416	11	5	0	1	1	0.8581	0.7096
30	875	1	1447.8915	13	6	0	1	1	0.8583	0.5519
30	876	1	1449.4414	12	14	0	1	1	0.8584	0.5056
30	877	1	1450.9914	11	5	0	1	1	0.8586	0.6676
30	878	1	1452.5413	12	14	0	1	1	0.8588	0.4448
30	879	1	1454.0912	11	5	0	1	1	0.8589	0.3830
30	880	1	1455.6411	12	14	0	1	1	0.8591	0.7211
30	881	1	1457.1910	9	2	0	1	1	0.8593	0.6441
30	882	1	1458.7409	12	14	90	0	1	0.8583	0.6771
30	883	1	1460.2909	9	2	0	1	1	0.8584	0.5990
30	884	1	1461.8408	10	1	0	1	1	0.8586	0.7780
30	885	1	1463.3907	12	14	0	1	1	0.8588	1.1641
30	886	1	1464.9406	9	2	0	1	1	0.8589	0.6386
30	887	1	1466.4905	12	14	0	1	1	0.8591	0.5926
30	888	1	1468.0405	10	1	90	1	1	0.8592	1.2185
30	889	1	1469.5904	13	6	0	1	1	0.8594	0.6596
30	890	1	1471.1403	11	5	90	1	1	0.8596	0.8386
30	891	1	1472.6902	13	6	0	1	1	0.8597	1.1118
30	892	1	1474.2402	12	14	0	1	1	0.8599	0.7150
30	893	1	1475.7901	9	2	0	1	1	0.8600	0.6520
30	894	1	1477.3400	8	12	0	1	1	0.8602	0.8950
30	895	1	1478.8899	7	8	0	1	1	0.8603	0.7533
30	896	1	1480.4398	5	13	0	1	1	0.8605	0.8022
30	897	1	1481.9897	7	8	0	1	1	0.8606	1.0773
30	898	1	1483.5397	8	12	0	1	1	0.8608	0.9351
30	899	1	1485.0896	9	2	0	1	1	0.8610	0.6165
30	900	1	1486.6395	10	1	0	1	1	0.8611	0.7651
30	901	1	1488.1894	12	14	0	1	1	0.8613	0.3977
30	902	1	1489.7393	13	6	0	1	1	0.8614	0.5920
30	903	1	1491.2893	12	14	90	1	1	0.8616	0.7219
30	904	1	1492.8392	10	1	0	1	1	0.8617	0.5628
30	905	1	1494.3891	11	5	0	1	1	0.8619	0.6300
30	906	1	1495.9390	9	2	0	1	1	0.8620	0.4882
30	907	1	1497.4889	11	5	0	1	1	0.8622	0.5052
30	908	1	1499.0389	10	1	0	1	1	0.8623	0.4125
30	909	1	1500.5888	11	5	0	1	1	0.8625	0.5422
30	910	1	1502.1387	12	14	0	1	1	0.8626	0.5285
30	911	1	1503.6886	10	1	90	1	1	0.8628	0.7546
30	912	1	1505.2385	13	6	90	1	1	0.8629	0.8835
30	913	1	1506.7885	10	1	0	1	1	0.8631	0.5833
30	914	1	1508.3384	11	5	0	1	1	0.8632	0.3931
30	915	1	1509.8883	9	2	0	1	1	0.8634	0.5868
30	916	1	1511.4382	11	5	0	1	1	0.8635	0.8929
30	917	1	1512.9882	9	2	0	1	1	0.8637	0.6066
30	918	1	1514.5381	12	14	0	1	1	0.8638	0.5452
30	919	1	1516.0880	9	2	0	1	1	0.8640	0.5639
30	920	1	1517.6379	11	5	90	1	1	0.8641	0.8374
30	921	1	1519.1878	9	2	0	1	1	0.8643	0.6472
30	922	1	1520.7377	11	5	90	1	1	0.8644	0.8255
30	923	1	1522.2877	9	2	0	1	1	0.8646	0.8264
30	924	1	1523.8376	11	5	0	1	1	0.8647	0.7485
30	925	1	1525.3875	13	6	0	1	1	0.8649	0.9439
30	926	1	1526.9375	11	5	0	1	1	0.8650	0.9623
30	927	1	1528.4873	12	14	90	1	1	0.8652	0.7719
30	928	1	1530.0373	9	2	0	1	1	0.8653	0.5328
30	929	1	1531.5872	8	12	0	1	1	0.8654	0.6481
30	930	1	1533.1371	5	13	0	1	1	0.8656	0.6180
30	931	1	1534.6870	6	3	90	1	1	0.8657	1.0846
30	932	1	1536.2369	5	13	0	1	1	0.8659	0.6550
30	933	1	1537.7869	6	3	0	1	1	0.8660	0.6565
30	934	1	1539.3368	5	13	0	1	1	0.8662	0.6585
30	935	1	1540.8867	7	8	0	1	1	0.8663	0.6767
30	936	1	1542.4366	4	10	0	1	1	0.8665	0.9825
30	937	1	1543.9866	3	11	0	1	1	0.8666	0.5842
30	938	1	1545.5365	1	9	0	1	1	0.8667	0.6028
30	939	1	1547.0864	14	4	0	1	1	0.8669	0.6049
30	940	1	1548.6363	13	6	90	0	1	0.8660	0.6387
30	941	1	1550.1862	11	5	0	1	1	0.8661	0.6245
30	942	1	1551.7362	12	14	0	1	1	0.8662	0.5950
30	943	1	1553.2861	10	1	0	1	1	0.8664	0.5655
30	944	1	1554.8360	12	14	0	1	1	0.8665	0.4711
30	945	1	1556.3859	9	2	90	0	1	0.8656	0.4565
30	946	1	1557.9358	12	14	90	1	1	0.8658	0.7474
30	947	1	1559.4857	13	6	0	1	1	0.8659	0.6695
30	948	1	1561.0357	10	1	0	1	1	0.8660	0.5743
30	949	1	1562.5856	13	6	90	1	1	0.8662	0.7057
30	950	1	1564.1355	11	5	0	1	1	0.8663	0.5478
30	951	1	1565.6854	9	2	0	1	1	0.8665	0.4048
30	952	1	1567.2353	11	5	0	1	1	0.8666	0.5520
30	953	1	1568.7852	12	14	0	1	1	0.8667	0.4408
30	954	1	1570.3352	9	2	0	1	1	0.8669	0.4918
30	955	1	1571.8851	11	5	0	1	1	0.8670	0.7664
30	956	1	1573.4350	12	14	90	1	1	0.8672	1.0404
30	957	1	1574.9849	11	5	90	-1	0	0.8662	-1.0000
30	958	1	1577.0682	12	14	0	1	1	0.8664	1.1978
30	959	1	1578.6181	11	5	0	1	1	0.8665	0.8179
30	960	1	1580.1680	9	2	0	1	1	0.8667	0.6753
30	961	1	1581.7179	12	14	0	1	1	0.8668	0.5170
30	962	1	1583.2678	10	1	90	1	1	0.8669	0.6956
30	963	1	1584.8177	11	5	0	1	1	0.8671	0.5855
30	964	1	1586.3677	10	1	0	1	1	0.8672	0.4760
30	965	1	1587.9176	11	5	0	1	1	0.8674	0.6044
30	966	1	1589.4675	13	6	0	1	1	0.8675	0.6245
30	967	1	1591.0174	10	1	90	1	1	0.8676	0.7699
30	968	1	1592.5673	12	14	0	1	1	0.8678	0.4506
30	969	1	1594.1173	10	1	0	1	1	0.8679	0.5980
30	970	1	1595.6672	12	14	90	1	1	0.8680	0.8870
30	971	1	1597.2171	13	6	0	1	1	0.8682	0.5050
30	972	1	1598.7670	11	5	90	1	1	0.8683	0.8764
30	973	1	1600.3170	9	2	0	1	1	0.8684	0.5589
30	974	1	1601.8669	10	1	0	1	1	0.8686	0.4963
30	975	1	1603.4168	9	2	0	1	1	0.8687	0.5294
30	976	1	1604.9667	12	14	0	1	1	0.8689	0.4043
30	977	1	1606.5166	11	5	0	1	1	0.8690	0.5503
30	978	1	1608.0665	12	14	90	1	1	0.8691	0.5677
30	979	1	1609.6165	13	6	0	1	1	0.8693	0.4909
30	980	1	1611.1664	11	5	0	1	1	0.8694	0.5396
30	981	1	1612.7163	9	2	0	1	1	0.8695	0.5268
30	982	1	1614.2662	12	14	0	1	1	0.8697	0.5758
30	983	1	1615.8161	9	2	90	0	1	0.8688	0.5955
30	984	1	1617.3661	11	5	0	1	1	0.8689	0.8360
30	985	1	1618.9160	9	2	0	1	1	0.8690	0.5821
30	986	1	1620.4659	11	5	0	1	1	0.8692	0.7124
30	987	1	1622.0158	12	14	0	1	1	0.8693	0.5702
30	988	1	1623.5657	13	6	0	0	1	0.8684	0.8936
30	989	1	1625.1157	11	5	0	1	1	0.8686	0.8463
30	990	1	1626.6656	10	1	0	1	1	0.8687	0.8015
30	991	1	1628.2155	13	6	0	1	1	0.8688	0.8675
30	992	1	1629.7654	11	5	0	1	1	0.8690	0.6777
30	993	1	1631.3154	12	14	0	1	1	0.8691	0.5680
30	994	1	1632.8653	11	5	0	1	1	0.8692	0.6021
30	995	1	1634.4152	10	1	0	1	1	0.8693	0.5563
30	996	1	1635.9651	9	2	0	1	1	0.8695	0.6223
30	997	1	1637.5150	12	14	0	1	1	0.8696	0.5284
30	998	1	1639.0650	13	6	0	1	1	0.8697	0.7866
30	999	1	1640.6148	10	1	0	1	1	0.8699	0.5485
30	1000	1	1642.1648	11	5	0	1	1	0.8700	0.5813
30	1001	1	1643.7147	12	14	0	1	1	0.8701	0.5844
30	1002	1	1645.2646	11	5	0	1	1	0.8703	0.7790
30	1003	1	1646.8145	13	6	0	1	1	0.8704	0.5883
30	1004	1	1648.3645	11	5	90	0	1	0.8695	0.5268
30	1005	1	1649.9144	10	1	0	1	1	0.8697	0.4639
30	1006	1	1651.4643	13	6	0	1	1	0.8698	0.5148
30	1007	1	1653.0142	11	5	0	1	1	0.8699	0.5318
30	1008	1	1654.5641	12	14	90	1	1	0.8700	0.6139
30	1009	1	1656.1141	10	1	0	1	1	0.8702	0.5213
30	1010	1	1657.6640	12	14	0	1	1	0.8703	0.4272
30	1011	1	1659.2139	10	1	0	1	1	0.8704	0.6211
30	1012	1	1660.7638	13	6	0	1	1	0.8706	0.7512
30	1013	1	1662.3137	10	1	0	1	1	0.8707	0.6742
30	1014	1	1663.8637	11	5	90	0	1	0.8698	0.5797
30	1015	1	1665.4136	13	6	90	0	1	0.8690	0.5814
30	1016	1	1666.9635	14	4	0	1	1	0.8691	0.6626
30	1017	1	1668.5134	13	6	0	1	1	0.8692	0.5537
30	1018	1	1670.0633	12	14	0	1	1	0.8694	0.5238
30	1019	1	1671.6133	9	2	90	0	1	0.8685	0.4930
30	1020	1	1673.1632	8	12	0	1	1	0.8686	0.5430
30	1021	1	1674.7131	6	3	0	1	1	0.8688	0.7058
30	1022	1	1676.2630	5	13	90	1	1	0.8689	0.8031
30	1023	1	1677.8129	6	3	0	1	1	0.8690	0.6458
30	1024	1	1679.3629	5	13	90	0	1	0.8682	0.4725
30	1025	1	1680.9128	4	10	0	1	1	0.8683	0.6344
30	1026	1	1682.4627	7	8	0	1	1	0.8684	0.6844
30	1027	1	1684.0126	5	13	90	1	1	0.8685	0.8783
30	1028	1	1685.5625	6	3	90	0	1	0.8677	0.8477
30	1029	1	1687.1124	7	8	0	1	1	0.8678	0.5950
30	1030	1	1688.6624	6	3	0	1	1	0.8680	0.5805
30	1031	1	1690.2123	4	10	0	1	1	0.8681	1.0148
30	1032	1	1691.7622	3	11	90	1	1	0.8682	1.0493
30	1033	1	1693.3121	1	9	0	1	1	0.8683	0.7620
30	1034	1	1694.8620	14	4	0	1	1	0.8685	0.6841
30	1035	1	1696.4120	13	6	90	0	1	0.8676	0.9433
30	1036	1	1697.9619	12	14	0	1	1	0.8678	0.8972
30	1037	1	1699.5118	9	2	0	1	1	0.8679	0.8823
30	1038	1	1701.0617	10	1	90	1	1	0.8680	0.7256
30	1039	1	1702.6116	13	6	90	0	1	0.8672	0.9191
30	1040	1	1704.1616	10	1	0	-1	0	0.8663	-1.0000
30	1041	1	1706.1781	11	5	90	-1	0	0.8655	-1.0000
30	1042	1	1708.2113	13	6	0	1	1	0.8656	0.8547
30	1043	1	1709.7613	12	14	0	1	1	0.8658	0.6497
30	1044	1	1711.3112	13	6	0	1	1	0.8659	0.4757
30	1045	1	1712.8611	14	4	90	1	1	0.8660	1.0379
30	1046	1	1714.4110	13	6	0	1	1	0.8662	0.7683
30	1047	1	1715.9609	12	14	0	1	1	0.8663	1.2184
30	1048	1	1717.5109	9	2	0	1	1	0.8664	0.7405
30	1049	1	1719.0608	10	1	0	1	1	0.8665	0.4708
30	1050	1	1720.6107	13	6	0	1	1	0.8667	0.8409
30	1051	1	1722.1606	14	4	0	0	1	0.8658	0.7624
30	1052	1	1723.7106	1	9	0	1	1	0.8660	0.6526
30	1053	1	1725.2605	2	15	0	1	1	0.8661	0.6713
30	1054	1	1726.8104	14	4	0	1	1	0.8662	0.6878
30	1055	1	1728.3603	13	6	0	1	1	0.8664	0.6590
30	1056	1	1729.9102	11	5	0	1	1	0.8665	0.7897
30	1057	1	1731.4601	10	1	0	1	1	0.8666	0.8378
30	1058	1	1733.0101	12	14	0	1	1	0.8667	0.8400
30	1059	1	1734.5600	13	6	0	-1	0	0.8659	-1.0000
30	1060	1	1736.6432	10	1	0	-1	0	0.8651	-1.0000
30	1061	1	1738.6764	9	2	0	1	1	0.8652	0.8055
30	1062	1	1740.2264	12	14	0	1	1	0.8653	0.5526
30	1063	1	1741.7762	10	1	90	1	1	0.8655	0.6658
30	1064	1	1743.3262	13	6	90	-1	0	0.8647	-1.0000
30	1065	1	1745.3761	14	4	90	1	1	0.8648	0.9872
30	1066	1	1746.9260	13	6	0	1	1	0.8649	0.8771
30	1067	1	1748.4759	12	14	0	1	1	0.8650	0.5745
30	1068	1	1750.0259	13	6	0	1	1	0.8652	0.6093
30	1069	1	1751.5758	14	4	0	1	1	0.8653	0.6595
30	1070	1	1753.1257	13	6	0	1	1	0.8654	0.6284
30	1071	1	1754.6756	10	1	0	1	1	0.8655	0.6315
30	1072	1	1756.2255	12	14	0	1	1	0.8657	0.5687
30	1073	1	1757.7755	9	2	0	1	1	0.8658	0.5877
30	1074	1	1759.3254	8	12	0	1	1	0.8659	0.6385
30	1075	1	1760.8753	9	2	0	1	1	0.8660	0.4787
30	1076	1	1762.4252	10	1	90	0	1	0.8652	0.3221
30	1077	1	1763.9751	9	2	90	0	1	0.8644	0.6441
30	1078	1	1765.5251	10	1	0	1	1	0.8646	0.6145
30	1079	1	1767.0750	13	6	90	0	1	0.8638	0.6966
30	1080	1	1768.6249	10	1	0	1	1	0.8639	0.4906
30	1081	1	1770.1748	11	5	0	1	1	0.8640	0.5233
30	1082	1	1771.7247	12	14	0	1	1	0.8641	0.5734
30	1083	1	1773.2746	13	6	90	0	1	0.8633	0.6726
30	1084	1	1774.8246	12	14	0	1	1	0.8635	0.5150
30	1085	1	1776.3745	11	5	0	1	1	0.8636	0.6773
30	1086	1	1777.9244	13	6	0	1	1	0.8637	0.9336
30	1087	1	1779.4743	11	5	0	1	1	0.8638	0.7610
30	1088	1	1781.0242	9	2	90	1	1	0.8640	0.9068
30	1089	1	1782.5742	11	5	90	1	1	0.8641	0.7657
30	1090	1	1784.1241	10	1	90	1	1	0.8642	0.7020
30	1091	1	1785.6740	9	2	0	1	1	0.8643	1.0560
30	1092	1	1787.2239	12	14	0	1	1	0.8645	0.6753
30	1093	1	1788.7738	9	2	0	0	1	0.8637	0.8535
30	1094	1	1790.3238	8	12	90	1	1	0.8638	1.1424
30	1095	1	1791.8737	5	13	90	1	1	0.8639	0.8578
30	1096	1	1793.4236	7	8	0	1	1	0.8641	0.7144
30	1097	1	1794.9735	6	3	0	1	1	0.8642	0.7655
30	1098	1	1796.5235	4	10	90	0	1	0.8634	0.9273
30	1099	1	1798.0733	7	8	0	1	1	0.8635	0.5789
30	1100	1	1799.6233	4	10	0	1	1	0.8636	0.8029
30	1101	1	1801.1732	6	3	0	1	1	0.8638	0.7409
30	1102	1	1802.7231	8	12	0	1	1	0.8639	0.7591
30	1103	1	1804.2730	5	13	0	1	1	0.8640	0.7932
30	1104	1	1805.8230	4	10	0	1	1	0.8641	0.8751
30	1105	1	1807.3729	6	3	0	1	1	0.8643	0.6051
30	1106	1	1808.9228	7	8	0	1	1	0.8644	0.8006
30	1107	1	1810.4727	6	3	0	1	1	0.8645	0.6574
30	1108	1	1812.0226	8	12	90	0	1	0.8637	0.9009
30	1109	1	1813.5725	9	2	0	1	1	0.8638	0.7746
30	1110	1	1815.1225	8	12	0	1	1	0.8640	1.2887
30	1111	1	1816.6724	6	3	0	1	1	0.8641	0.9698
30	1112	1	1818.2223	4	10	0	0	1	0.8633	1.3891
30	1113	1	1820.1556	3	11	90	-1	0	0.8625	-1.0000
30	1114	1	1822.1888	4	10	90	1	1	0.8627	1.4863
30	1115	1	1823.8887	5	13	90	1	1	0.8628	0.9229
30	1116	1	1825.4386	8	12	0	1	1	0.8629	0.7482
30	1117	1	1826.9885	9	2	0	1	1	0.8630	0.9757
30	1118	1	1828.5384	11	5	0	1	1	0.8631	0.9600
30	1119	1	1830.0884	13	6	90	1	1	0.8633	1.0111
30	1120	1	1831.6383	11	5	90	1	1	0.8634	0.9159
30	1121	1	1833.1882	12	14	0	1	1	0.8635	0.7431
30	1122	1	1834.7381	9	2	0	1	1	0.8636	0.8251
30	1123	1	1836.2880	8	12	0	1	1	0.8638	0.6348
30	1124	1	1837.8380	7	8	0	1	1	0.8639	0.5561
30	1125	1	1839.3879	6	3	0	1	1	0.8640	0.7677
30	1126	1	1840.9378	7	8	0	1	1	0.8641	0.4816
30	1127	1	1842.4877	4	10	0	1	1	0.8642	0.6904
30	1128	1	1844.0376	7	8	0	1	1	0.8644	0.5176
30	1129	1	1845.5876	6	3	0	1	1	0.8645	0.7432
30	1130	1	1847.1375	4	10	90	0	1	0.8637	0.6499
30	1131	1	1848.6874	5	13	90	1	1	0.8638	1.0520
30	1132	1	1850.2374	6	3	0	1	1	0.8640	0.7179
30	1133	1	1851.7872	5	13	0	1	1	0.8641	0.5761
30	1134	1	1853.3372	7	8	0	1	1	0.8642	0.6259
30	1135	1	1854.8871	5	13	0	1	1	0.8643	0.6751
30	1136	1	1856.4370	6	3	90	0	1	0.8636	0.9650
30	1137	1	1857.9869	5	13	90	1	1	0.8637	0.8564
30	1138	1	1859.5368	8	12	0	-1	0	0.8629	-1.0000
30	1139	1	1861.5701	9	2	0	1	1	0.8630	1.1611
30	1140	1	1863.1200	8	12	0	1	1	0.8632	0.9717
30	1141	1	1864.6699	7	8	0	1	1	0.8633	0.5884
30	1142	1	1866.2198	4	10	0	1	1	0.8634	1.3423
30	1143	1	1867.7697	3	11	90	-1	0	0.8626	-1.0000
30	1144	1	1869.8363	4	10	0	1	1	0.8628	0.7032
30	1145	1	1871.3862	7	8	0	1	1	0.8629	0.7531
30	1146	1	1872.9361	6	3	0	1	1	0.8630	0.6911
30	1147	1	1874.4861	5	13	0	1	1	0.8631	0.8361
30	1148	1	1876.0360	6	3	0	1	1	0.8632	0.5674
30	1149	1	1877.5859	4	10	0	1	1	0.8634	0.4561
30	1150	1	1879.1358	5	13	90	1	1	0.8635	0.9075
30	1151	1	1880.6857	6	3	0	1	1	0.8636	0.5884
30	1152	1	1882.2356	8	12	0	1	1	0.8637	0.5118
30	1153	1	1883.7856	5	13	0	1	1	0.8638	0.6407
30	1154	1	1885.3355	8	12	0	1	1	0.8640	0.6585
30	1155	1	1886.8854	7	8	0	1	1	0.8641	0.4859
30	1156	1	1888.4354	4	10	90	0	1	0.8633	1.2069
30	1157	1	1890.1853	5	13	0	1	1	0.8634	1.2340
30	1158	1	1891.7352	8	12	0	1	1	0.8636	0.7080
30	1159	1	1893.2851	5	13	0	1	1	0.8637	0.5666
30	1160	1	1894.8350	6	3	0	1	1	0.8638	0.5352
30	1161	1	1896.3850	7	8	0	1	1	0.8639	0.7302
30	1162	1	1897.9348	8	12	0	1	1	0.8640	0.5243
30	1163	1	1899.4848	9	2	90	0	1	0.8633	0.5905
30	1164	1	1901.0347	10	1	0	1	1	0.8634	0.6246
30	1165	1	1902.5846	13	6	90	0	1	0.8627	1.2347
30	1166	1	1904.4012	11	5	0	1	1	0.8628	1.4334
30	1167	1	1906.0678	9	2	0	-1	0	0.8620	-1.0000
30	1168	1	1908.1010	8	12	0	1	1	0.8622	1.3331
30	1169	1	1909.6509	5	13	0	1	1	0.8623	0.8234
30	1170	1	1911.2008	7	8	0	1	1	0.8624	0.6013
30	1171	1	1912.7507	5	13	0	1	1	0.8625	0.5885
30	1172	1	1914.3007	8	12	0	1	1	0.8626	0.6706
30	1173	1	1915.8506	5	13	0	1	1	0.8627	0.6716
30	1174	1	1917.4005	6	3	0	1	1	0.8629	0.6428
30	1175	1	1918.9504	5	13	0	1	1	0.8630	0.7410
30	1176	1	1920.5004	7	8	0	1	1	0.8631	0.5027
30	1177	1	1922.0503	8	12	0	1	1	0.8632	0.6490
30	1178	1	1923.6002	9	2	0	1	1	0.8633	0.5860
30	1179	1	1925.1501	11	5	0	1	1	0.8634	0.6692
30	1180	1	1926.7000	9	2	0	1	1	0.8636	0.5431
30	1181	1	1928.2499	8	12	90	1	1	0.8637	1.0084
30	1182	1	1929.7999	6	3	0	1	1	0.8638	0.6593
30	1183	1	1931.3498	8	12	0	1	1	0.8639	0.6923
30	1184	1	1932.8997	9	2	0	1	1	0.8640	0.6318
30	1185	1	1934.4496	12	14	0	1	1	0.8641	0.6965
30	1186	1	1935.9995	13	6	0	1	1	0.8642	0.9561
30	1187	1	1937.5495	14	4	90	1	1	0.8644	0.7979
30	1188	1	1939.0994	1	9	0	1	1	0.8645	0.5908
30	1189	1	1940.6493	14	4	0	1	1	0.8646	0.6248
30	1190	1	1942.1992	2	15	90	0	1	0.8639	0.5789
30	1191	1	1943.7491	3	11	0	1	1	0.8640	0.7261
30	1192	1	1945.2991	15	7	90	1	1	0.8641	1.0640
30	1193	1	1946.8490	1	9	90	0	1	0.8634	0.6491
30	1194	1	1948.3989	15	7	0	1	1	0.8635	1.1484
30	1195	1	1949.9488	3	11	0	1	1	0.8636	1.0067
30	1196	1	1951.4988	1	9	0	1	1	0.8637	0.6084
30	1197	1	1953.0487	2	15	0	1	1	0.8638	0.5631
30	1198	1	1954.5986	14	4	0	1	1	0.8639	1.0446
30	1199	1	1956.1485	1	9	0	1	1	0.8641	0.7268
30	1200	1	1957.6984	15	7	0	0	1	0.8633	0.9537
30	1201	1	1959.2484	1	9	0	1	1	0.8634	0.6986
30	1202	1	1960.7983	3	11	0	1	1	0.8636	0.7491
30	1203	1	1962.3482	15	7	0	1	1	0.8637	0.8311
30	1204	1	1963.8981	2	15	90	0	1	0.8630	0.5920
30	1205	1	1965.4480	3	11	90	1	1	0.8631	0.9314
30	1206	1	1966.9979	1	9	90	1	1	0.8632	0.8855
30	1207	1	1968.5478	15	7	0	1	1	0.8633	0.7753
30	1208	1	1970.0978	14	4	0	1	1	0.8634	0.7614
30	1209	1	1971.6477	15	7	90	1	1	0.8635	1.1465
30	1210	1	1973.1976	14	4	0	1	1	0.8636	0.8125
30	1211	1	1974.7476	13	6	0	1	1	0.8637	0.7997
30	1212	1	1976.2974	12	14	90	-1	0	0.8630	-1.0000
30	1213	1	1978.3140	9	2	0	1	1	0.8631	0.6881
30	1214	1	1979.8639	10	1	0	1	1	0.8633	0.8196
30	1215	1	1981.4139	12	14	0	1	1	0.8634	0.6614
30	1216	1	1982.9638	11	5	0	1	1	0.8635	0.6472
30	1217	1	1984.5137	9	2	0	1	1	0.8636	0.7937
30	1218	1	1986.0636	12	14	0	1	1	0.8637	0.5225
30	1219	1	1987.6135	9	2	90	1	1	0.8638	0.9096
30	1220	1	1989.1635	10	1	0	1	1	0.8639	0.7828
30	1221	1	1990.7134	11	5	90	1	1	0.8640	1.2181
30	1222	1	1992.2633	12	14	90	0	1	0.8633	0.6441
30	1223	1	1993.8132	10	1	0	1	1	0.8635	0.7260
30	1224	1	1995.3631	12	14	0	1	1	0.8636	0.6160
30	1225	1	1996.9131	13	6	0	1	1	0.8637	0.6650
30	1226	1	1998.4630	10	1	90	1	1	0.8638	0.9402
30	1227	1	2000.0129	9	2	0	1	1	0.8639	0.6532
30	1228	1	2001.5628	12	14	90	1	1	0.8640	1.0873
30	1229	1	2003.1127	13	6	0	1	1	0.8641	0.7387
30	1230	1	2004.6626	10	1	0	1	1	0.8642	0.7395
30	1231	1	2006.2126	12	14	0	1	1	0.8643	0.6948
30	1232	1	2007.7625	11	5	0	1	1	0.8644	0.8568
30	1233	1	2009.3124	13	6	90	1	1	0.8646	1.2268
30	1234	1	2010.8623	11	5	0	1	1	0.8647	1.1971
30	1235	1	2012.4123	10	1	0	1	1	0.8648	0.6229
30	1236	1	2013.9622	12	14	0	1	1	0.8649	0.6253
30	1237	1	2015.5121	10	1	0	1	1	0.8650	0.6113
30	1238	1	2017.0620	13	6	0	1	1	0.8651	0.5813
30	1239	1	2018.6119	14	4	0	1	1	0.8652	0.6795
30	1240	1	2020.1619	1	9	90	1	1	0.8653	1.0163
30	1241	1	2021.7118	14	4	90	1	1	0.8654	0.7315
30	1242	1	2023.2617	1	9	0	0	1	0.8647	0.6536
30	1243	1	2024.8116	14	4	0	1	1	0.8648	0.7345
30	1244	1	2026.3615	1	9	0	1	1	0.8650	0.5607
30	1245	1	2027.9114	14	4	0	1	1	0.8651	0.6747
30	1246	1	2029.4614	15	7	0	1	1	0.8652	0.8217
30	1247	1	2031.0113	1	9	0	1	1	0.8653	0.5358
30	1248	1	2032.5612	2	15	0	1	1	0.8654	0.5529
30	1249	1	2034.1111	1	9	0	1	1	0.8655	0.3151
30	1250	1	2035.6611	14	4	0	1	1	0.8656	0.5261
30	1251	1	2037.2110	15	7	90	1	1	0.8657	0.8808
30	1252	1	2038.7609	14	4	90	1	1	0.8658	0.8339
30	1253	1	2040.3108	15	7	0	1	1	0.8659	1.0284
30	1254	1	2041.8607	2	15	0	1	1	0.8660	0.5816
30	1255	1	2043.4106	14	4	0	1	1	0.8661	0.6008
30	1256	1	2044.9606	13	6	0	1	1	0.8662	0.7136
30	1257	1	2046.5105	12	14	0	1	1	0.8663	0.6208
30	1258	1	2048.0604	13	6	0	1	1	0.8665	1.0070
30	1259	1	2049.6103	12	14	0	1	1	0.8666	0.6895
30	1260	1	2051.1602	9	2	0	1	1	0.8667	0.6111
30	1261	1	2052.7102	12	14	0	1	1	0.8668	0.5640
30	1262	1	2054.2601	10	1	0	1	1	0.8669	0.6794
30	1263	1	2055.8100	13	6	90	0	1	0.8662	1.4016
30	1264	1	2057.7432	12	14	0	1	1	0.8663	0.6683
30	1265	1	2059.2931	10	1	0	1	1	0.8664	0.6689
30	1266	1	2060.8431	12	14	90	1	1	0.8665	0.7844
30	1267	1	2062.3930	10	1	0	1	1	0.8666	0.8023
30	1268	1	2063.9429	13	6	0	1	1	0.8667	1.1403
30	1269	1	2065.4928	11	5	0	1	1	0.8668	0.9186
30	1270	1	2067.0427	13	6	90	0	1	0.8661	0.8725
30	1271	1	2068.5927	12	14	0	1	1	0.8662	0.7296
30	1272	1	2070.1426	9	2	90	-1	0	0.8656	-1.0000
30	1273	1	2072.2092	11	5	0	1	1	0.8657	0.9225
30	1274	1	2073.7591	12	14	0	1	1	0.8658	0.8762
30	1275	1	2075.3090	11	5	0	1	1	0.8659	0.7192
30	1276	1	2076.8589	12	14	0	1	1	0.8660	0.6073
30	1277	1	2078.4088	9	2	0	1	1	0.8661	0.5783
30	1278	1	2079.9587	11	5	0	1	1	0.8662	0.6284
30	1279	1	2081.5087	9	2	90	1	1	0.8663	0.7574
30	1280	1	2083.0586	8	12	0	1	1	0.8664	0.8568
30	1281	1	2084.6085	6	3	0	1	1	0.8665	0.8108
30	1282	1	2086.1584	5	13	0	1	1	0.8666	0.6524
30	1283	1	2087.7083	7	8	0	1	1	0.8667	0.5910
30	1284	1	2089.2583	5	13	0	1	1	0.8668	0.6239
30	1285	1	2090.8082	4	10	0	1	1	0.8669	0.7230
30	1286	1	2092.3581	6	3	0	1	1	0.8670	0.6134
30	1287	1	2093.9080	5	13	0	1	1	0.8671	0.5668
30	1288	1	2095.4579	7	8	0	1	1	0.8672	0.5533
30	1289	1	2097.0079	4	10	90	0	1	0.8666	0.4601
30	1290	1	2098.5578	6	3	0	1	1	0.8667	0.5405
30	1291	1	2100.1077	5	13	90	0	1	0.8660	0.6229
30	1292	1	2101.6576	8	12	0	1	1	0.8661	0.7212
30	1293	1	2103.2075	6	3	90	1	1	0.8662	0.5946
30	1294	1	2104.7574	8	12	90	1	1	0.8663	0.9486
30	1295	1	2106.3074	5	13	0	1	1	0.8664	0.8718
30	1296	1	2107.8573	4	10	0	1	1	0.8665	1.1623
30	1297	1	2109.4072	5	13	0	1	1	0.8666	0.6362
30	1298	1	2110.9571	7	8	0	0	1	0.8659	0.7021
30	1299	1	2112.5071	4	10	0	1	1	0.8661	0.8483
30	1300	1	2114.0570	3	11	90	0	1	0.8654	0.4502
30	1301	1	2115.6069	4	10	0	1	1	0.8655	0.7883
30	1302	1	2117.1568	5	13	0	1	1	0.8656	0.6467
30	1303	1	2118.7067	6	3	0	-1	0	0.8649	-1.0000
30	1304	1	2120.7900	5	13	90	1	1	0.8650	1.1563
30	1305	1	2122.3399	7	8	0	1	1	0.8651	0.6469
30	1306	1	2123.8898	6	3	0	1	1	0.8652	0.6657
30	1307	1	2125.4397	8	12	90	1	1	0.8653	0.7789
30	1308	1	2126.9897	6	3	0	1	1	0.8654	0.6204
30	1309	1	2128.5396	8	12	0	1	1	0.8655	0.8158
30	1310	1	2130.0895	5	13	0	1	1	0.8656	0.8007
30	1311	1	2131.6394	6	3	0	1	1	0.8658	0.7721
30	1312	1	2133.1893	8	12	0	1	1	0.8659	0.8061
30	1313	1	2134.7392	9	2	0	1	1	0.8660	0.7590
30	1314	1	2136.2891	8	12	0	1	1	0.8661	0.6503
30	1315	1	2137.8391	9	2	0	1	1	0.8662	0.7325
30	1316	1	2139.3889	11	5	0	1	1	0.8663	0.7013
30	1317	1	2140.9389	12	14	0	1	1	0.8664	0.6241
30	1318	1	2142.4888	9	2	0	1	1	0.8665	0.6573
30	1319	1	2144.0388	8	12	0	1	1	0.8666	0.8513
30	1320	1	2145.5887	5	13	0	1	1	0.8667	0.9175
30	1321	1	2147.1386	8	12	0	1	1	0.8668	1.0969
30	1322	1	2148.6885	9	2	0	1	1	0.8669	0.6190
30	1323	1	2150.2384	12	14	0	1	1	0.8670	0.6049
30	1324	1	2151.7884	10	1	90	1	1	0.8671	1.2630
30	1325	1	2153.3383	12	14	90	1	1	0.8672	0.8799
30	1326	1	2154.8882	13	6	0	1	1	0.8673	0.7877
30	1327	1	2156.4381	14	4	0	1	1	0.8674	0.6922
30	1328	1	2157.9880	1	9	90	1	1	0.8675	0.6792
30	1329	1	2159.5379	3	11	0	1	1	0.8676	0.8723
30	1330	1	2161.0879	2	15	0	1	1	0.8677	0.8914
30	1331	1	2162.6378	3	11	90	1	1	0.8678	0.8775
30	1332	1	2164.1877	15	7	0	1	1	0.8679	1.0556
30	1333	1	2165.7376	1	9	0	1	1	0.8680	0.7539
30	1334	1	2167.2875	15	7	0	1	1	0.8681	0.6758
30	1335	1	2168.8375	2	15	0	1	1	0.8682	0.7254
30	1336	1	2170.3874	15	7	0	1	1	0.8683	1.0308
30	1337	1	2171.9373	2	15	0	1	1	0.8684	0.7309
30	1338	1	2173.4872	15	7	0	1	1	0.8685	0.8749
30	1339	1	2175.0371	14	4	0	1	1	0.8686	0.6704
30	1340	1	2176.5871	1	9	0	1	1	0.8687	0.5444
30	1341	1	2178.1370	15	7	0	1	1	0.8688	0.6253
30	1342	1	2179.6869	3	11	90	0	1	0.8681	0.7724
30	1343	1	2181.2368	1	9	90	0	1	0.8675	0.5977
30	1344	1	2182.7867	3	11	0	1	1	0.8676	0.9687
30	1345	1	2184.3367	4	10	90	1	1	0.8677	0.9855
30	1346	1	2185.8866	6	3	90	0	1	0.8670	0.6688
30	1347	1	2187.4365	4	10	0	1	1	0.8671	1.3912
30	1348	1	2189.0698	7	8	0	1	1	0.8672	0.6858
30	1349	1	2190.6197	8	12	0	1	1	0.8673	0.6557
30	1350	1	2192.1697	6	3	90	0	1	0.8667	0.5135
30	1351	1	2193.7195	4	10	0	1	1	0.8668	0.7868
30	1352	1	2195.2694	7	8	0	1	1	0.8669	0.6286
30	1353	1	2196.8194	5	13	0	1	1	0.8670	0.6788
30	1354	1	2198.3693	7	8	0	1	1	0.8671	0.5060
30	1355	1	2199.9192	8	12	0	1	1	0.8672	0.6042
30	1356	1	2201.4691	9	2	0	1	1	0.8673	0.6234
30	1357	1	2203.0190	11	5	0	1	1	0.8674	0.6082
30	1358	1	2204.5690	13	6	0	1	1	0.8675	0.6733
30	1359	1	2206.1189	12	14	90	1	1	0.8675	0.8845
30	1360	1	2207.6688	13	6	0	1	1	0.8676	0.6934
30	1361	1	2209.2187	10	1	0	1	1	0.8677	0.7454
30	1362	1	2210.7686	13	6	0	1	1	0.8678	0.5719
30	1363	1	2212.3185	14	4	0	1	1	0.8679	0.5396
30	1364	1	2213.8685	13	6	0	1	1	0.8680	0.8306
30	1365	1	2215.4184	12	14	0	1	1	0.8681	0.7369
30	1366	1	2216.9683	11	5	0	1	1	0.8682	0.8499
30	1367	1	2218.5183	12	14	0	1	1	0.8683	0.5969
30	1368	1	2220.0681	9	2	0	1	1	0.8684	0.5825
30	1369	1	2221.6181	12	14	90	0	1	0.8678	0.6653
30	1370	1	2223.1680	11	5	0	1	1	0.8679	0.6512
30	1371	1	2224.7179	13	6	0	1	1	0.8680	0.5888
30	1372	1	2226.2678	14	4	0	1	1	0.8681	0.7037
30	1373	1	2227.8177	13	6	0	1	1	0.8682	0.7535
30	1374	1	2229.3677	12	14	0	1	1	0.8683	0.5797
30	1375	1	2230.9176	11	5	0	1	1	0.8684	0.6298
30	1376	1	2232.4675	12	14	0	1	1	0.8685	0.9678
30	1377	1	2234.0174	13	6	90	0	1	0.8678	0.6169
30	1378	1	2235.5673	10	1	0	1	1	0.8679	0.6996
30	1379	1	2237.1173	13	6	0	1	1	0.8680	0.7649
30	1380	1	2238.6672	10	1	0	1	1	0.8681	0.5762
30	1381	1	2240.2171	11	5	0	1	1	0.8682	0.6583
30	1382	1	2241.7671	9	2	0	1	1	0.8683	0.8363
30	1383	1	2243.3169	12	14	90	1	1	0.8684	0.8703
30	1384	1	2244.8669	9	2	0	1	1	0.8685	0.6166
30	1385	1	2246.4168	10	1	0	1	1	0.8686	0.9706
30	1386	1	2247.9667	11	5	0	1	1	0.8687	0.7327
30	1387	1	2249.5166	9	2	0	1	1	0.8688	0.9107
30	1388	1	2251.0665	8	12	0	1	1	0.8689	0.8651
30	1389	1	2252.6165	9	2	0	1	1	0.8690	0.5629
30	1390	1	2254.1664	8	12	0	1	1	0.8691	0.7250
30	1391	1	2255.7163	5	13	90	1	1	0.8692	0.8071
30	1392	1	2257.2662	7	8	0	1	1	0.8693	0.9371
30	1393	1	2258.8161	4	10	0	1	1	0.8693	0.7472
30	1394	1	2260.3661	3	11	0	1	1	0.8694	0.7331
30	1395	1	2261.9160	15	7	0	1	1	0.8695	0.8635
30	1396	1	2263.4659	2	15	0	1	1	0.8696	0.9935
30	1397	1	2265.0158	15	7	0	1	1	0.8697	1.3956
30	1398	1	2266.5657	14	4	0	1	1	0.8698	0.7258
30	1399	1	2268.1157	15	7	90	0	1	0.8692	0.6946
30	1400	1	2269.6656	1	9	0	1	1	0.8693	0.6326
30	1	2	1.0166	11	5	0	-1	0	NaN	-1.0000
30	2	2	2.5499	10	1	0	-1	1	0.0000	0.2782
30	3	2	4.0831	9	2	0	-1	0	0.0000	-1.0000
30	4	2	5.6164	12	14	0	-1	0	0.0000	-1.0000
30	5	2	7.1496	11	5	0	-1	0	0.0000	-1.0000
30	6	2	8.6829	13	6	0	-1	0	0.0000	-1.0000
30	7	2	10.2161	12	14	0	-1	0	0.0000	-1.0000
30	8	2	11.7494	10	1	0	-1	1	0.0000	1.4625
30	9	2	13.2826	11	5	0	-1	1	0.0000	0.0170
30	10	2	14.8159	10	1	0	-1	0	0.0000	-1.0000
30	11	2	16.3492	11	5	0	-1	1	0.0000	0.8786
30	12	2	17.8824	13	6	0	-1	0	0.0000	-1.0000
30	13	2	19.4157	14	4	0	-1	0	0.0000	-1.0000
30	14	2	20.9489	13	6	0	-1	1	0.2000	1.3831
30	15	2	22.4822	11	5	0	-1	0	0.2000	-1.0000
30	16	2	24.0154	12	14	0	-1	0	0.2000	-1.0000
30	17	2	25.5487	13	6	0	-1	0	0.2000	-1.0000
30	18	2	27.0819	14	4	0	-1	1	0.3333	1.3621
30	19	2	28.6152	15	7	0	-1	1	0.2857	0.0169
30	20	2	30.1484	1	9	0	-1	1	0.2500	0.4234
30	21	2	31.6817	2	15	0	-1	1	0.2222	0.5863
30	22	2	33.2150	3	11	0	-1	1	0.2000	0.6369
30	23	2	34.7482	4	10	0	-1	0	0.2000	-1.0000
30	24	2	36.2815	5	13	0	-1	0	0.2000	-1.0000
30	25	2	37.8147	6	3	0	-1	0	0.2000	-1.0000
30	26	2	39.3480	7	8	0	-1	1	0.1818	0.9028
30	27	2	40.8812	8	12	0	-1	1	0.1667	0.9696
30	28	2	42.4145	9	2	0	-1	0	0.1667	-1.0000
30	29	2	43.9477	10	1	0	-1	0	0.1667	-1.0000
30	30	2	45.4810	11	5	0	-1	0	0.1667	-1.0000
30	31	2	47.0142	9	2	0	-1	0	0.1667	-1.0000
30	32	2	48.5475	10	1	0	-1	0	0.1667	-1.0000
30	33	2	50.0807	13	6	0	-1	0	0.1667	-1.0000
30	34	2	51.6140	14	4	0	-1	0	0.1667	-1.0000
30	35	2	53.1472	13	6	0	-1	1	0.2308	0.8807
30	36	2	54.6805	11	5	0	-1	0	0.2308	-1.0000
30	37	2	56.2138	10	1	0	-1	0	0.2308	-1.0000
30	38	2	57.7470	9	2	0	-1	0	0.2308	-1.0000
30	39	2	59.2803	11	5	0	-1	0	0.2308	-1.0000
30	40	2	60.8135	9	2	0	-1	0	0.2308	-1.0000
30	41	2	62.3468	11	5	0	-1	1	0.2143	0.7695
30	42	2	63.8800	10	1	0	-1	0	0.2143	-1.0000
30	43	2	65.4133	13	6	0	-1	0	0.2143	-1.0000
30	44	2	66.9465	11	5	0	-1	0	0.2143	-1.0000
30	45	2	68.4798	10	1	0	-1	0	0.2143	-1.0000
30	46	2	70.0131	11	5	0	-1	1	0.2000	0.2709
30	47	2	71.5463	12	14	0	-1	0	0.2000	-1.0000
30	48	2	73.0796	13	6	0	-1	0	0.2000	-1.0000
30	49	2	74.6128	14	4	0	-1	0	0.2000	-1.0000
30	50	2	76.1461	15	7	0	-1	0	0.2000	-1.0000
30	51	2	77.6793	1	9	0	-1	1	0.1875	1.1967
30	52	2	79.2126	2	15	0	-1	0	0.1875	-1.0000
30	53	2	80.7458	3	11	0	-1	0	0.1875	-1.0000
30	54	2	82.2791	4	10	0	-1	0	0.1875	-1.0000
30	55	2	83.8124	5	13	0	-1	0	0.1875	-1.0000
30	56	2	85.3456	6	3	0	-1	1	0.1765	0.9867
30	57	2	86.8789	7	8	0	-1	0	0.1765	-1.0000
30	58	2	88.4121	8	12	0	-1	0	0.1765	-1.0000
30	59	2	89.9453	9	2	0	-1	0	0.1765	-1.0000
30	60	2	91.4786	10	1	0	-1	0	0.1765	-1.0000
30	61	2	93.0119	13	6	0	-1	0	0.1765	-1.0000
30	62	2	94.5451	11	5	0	-1	1	0.1667	1.0826
30	63	2	96.0784	10	1	0	-1	0	0.1667	-1.0000
30	64	2	97.6116	9	2	0	-1	0	0.1667	-1.0000
30	65	2	99.1449	12	14	0	-1	0	0.1667	-1.0000
30	66	2	100.6781	11	5	0	-1	0	0.1667	-1.0000
30	67	2	102.2114	12	14	0	-1	1	0.1579	0.3124
30	68	2	103.7446	11	5	0	-1	0	0.1579	-1.0000
30	69	2	105.2779	12	14	0	-1	1	0.1500	0.9901
30	70	2	106.8111	9	2	0	-1	0	0.1500	-1.0000
30	71	2	108.3444	8	12	0	-1	0	0.1500	-1.0000
30	72	2	109.8777	6	3	0	-1	0	0.1500	-1.0000
30	73	2	111.4109	7	8	0	-1	0	0.1500	-1.0000
30	74	2	112.9442	8	12	0	-1	1	0.1429	0.2669
30	75	2	114.4774	6	3	0	-1	0	0.1429	-1.0000
30	76	2	116.0107	7	8	0	-1	0	0.1429	-1.0000
30	77	2	117.5439	8	12	0	-1	0	0.1429	-1.0000
30	78	2	119.0772	9	2	0	-1	0	0.1429	-1.0000
30	79	2	120.6104	10	1	0	-1	0	0.1429	-1.0000
30	80	2	122.1437	11	5	0	-1	1	0.1364	0.4282
30	81	2	123.6769	12	14	0	-1	0	0.1364	-1.0000
30	82	2	125.2102	13	6	0	-1	0	0.1364	-1.0000
30	83	2	126.7435	14	4	0	-1	0	0.1364	-1.0000
30	84	2	128.2767	15	7	0	-1	0	0.1364	-1.0000
30	85	2	129.8100	1	9	0	-1	1	0.1304	0.2821
30	86	2	131.3432	2	15	0	-1	0	0.1304	-1.0000
30	87	2	132.8765	3	11	0	-1	0	0.1304	-1.0000
30	88	2	134.4097	4	10	0	-1	0	0.1304	-1.0000
30	89	2	135.9430	5	13	0	-1	1	0.1250	0.9811
30	90	2	137.4762	6	3	0	-1	0	0.1250	-1.0000
30	91	2	139.0095	8	12	0	-1	0	0.1250	-1.0000
30	92	2	140.5427	6	3	0	-1	0	0.1250	-1.0000
30	93	2	142.0760	8	12	0	-1	1	0.1200	1.0878
30	94	2	143.6092	5	13	0	-1	0	0.1200	-1.0000
30	95	2	145.1425	6	3	0	-1	0	0.1200	-1.0000
30	96	2	146.6758	4	10	0	-1	0	0.1200	-1.0000
30	97	2	148.2090	7	8	0	-1	0	0.1200	-1.0000
30	98	2	149.7423	4	10	0	-1	0	0.1200	-1.0000
30	99	2	151.2755	5	13	0	-1	1	0.1154	0.6553
30	100	2	152.8088	7	8	0	-1	0	0.1154	-1.0000
30	101	2	154.3420	4	10	0	-1	0	0.1154	-1.0000
30	102	2	155.8753	5	13	0	-1	0	0.1154	-1.0000
30	103	2	157.4085	7	8	0	-1	0	0.1154	-1.0000
30	104	2	158.9418	8	12	0	-1	1	0.1111	1.2794
30	105	2	160.4750	6	3	0	-1	0	0.1111	-1.0000
30	106	2	162.0083	7	8	0	-1	0	0.1111	-1.0000
30	107	2	163.5415	8	12	0	-1	0	0.1111	-1.0000
30	108	2	165.0748	9	2	0	-1	0	0.1111	-1.0000
30	109	2	166.6081	10	1	0	-1	0	0.1111	-1.0000
30	110	2	168.1413	11	5	0	-1	0	0.1111	-1.0000
30	111	2	169.6746	12	14	0	-1	0	0.1111	-1.0000
30	112	2	171.2078	13	6	0	-1	0	0.1111	-1.0000
30	113	2	172.7411	14	4	0	-1	0	0.1111	-1.0000
30	114	2	174.2743	15	7	0	-1	1	0.1071	1.0990
30	115	2	175.8076	1	9	0	-1	0	0.1071	-1.0000
30	116	2	177.3409	2	15	0	-1	0	0.1071	-1.0000
30	117	2	178.8741	3	11	0	-1	0	0.1071	-1.0000
30	118	2	180.4073	4	10	0	-1	0	0.1071	-1.0000
30	119	2	181.9406	5	13	0	-1	0	0.1071	-1.0000
30	120	2	183.4739	6	3	0	-1	1	0.1034	0.7781
30	121	2	185.0071	8	12	0	-1	0	0.1034	-1.0000
30	122	2	186.5404	7	8	0	-1	0	0.1034	-1.0000
30	123	2	188.0736	8	12	0	-1	1	0.1000	0.8333
30	124	2	189.6069	6	3	0	-1	0	0.1000	-1.0000
30	125	2	191.1401	7	8	0	-1	0	0.1000	-1.0000
30	126	2	192.6734	4	10	0	-1	0	0.1000	-1.0000
30	127	2	194.2066	6	3	0	-1	1	0.0968	0.2373
30	128	2	195.7399	8	12	0	-1	0	0.0968	-1.0000
30	129	2	197.2731	5	13	0	-1	0	0.0968	-1.0000
30	130	2	198.8064	7	8	0	-1	1	0.0938	1.3976
30	131	2	200.3397	5	13	0	-1	1	0.0909	0.0169
30	132	2	201.8729	7	8	0	-1	0	0.0909	-1.0000
30	133	2	203.4062	8	12	0	-1	0	0.0909	-1.0000
30	134	2	204.9394	5	13	0	-1	1	0.0882	0.5928
30	135	2	206.4727	8	12	0	-1	0	0.0882	-1.0000
30	136	2	208.0059	9	2	0	-1	0	0.0882	-1.0000
30	137	2	209.5392	10	1	0	-1	0	0.0882	-1.0000
30	138	2	211.0724	11	5	0	-1	1	0.0857	0.6992
30	139	2	212.6057	12	14	0	-1	1	0.0833	1.1012
30	140	2	214.1390	13	6	0	-1	0	0.0833	-1.0000
30	141	2	215.6722	14	4	0	-1	0	0.0833	-1.0000
30	142	2	217.2055	15	7	0	-1	0	0.0833	-1.0000
30	143	2	218.7387	1	9	0	-1	0	0.0833	-1.0000
30	144	2	220.2720	2	15	0	-1	0	0.0833	-1.0000
30	145	2	221.8052	3	11	0	-1	1	0.0811	0.9580
30	146	2	223.3385	4	10	0	-1	0	0.0811	-1.0000
30	147	2	224.8717	5	13	0	-1	0	0.0811	-1.0000
30	148	2	226.4050	6	3	0	-1	0	0.0811	-1.0000
30	149	2	227.9382	7	8	0	-1	0	0.0811	-1.0000
30	150	2	229.4715	8	12	0	-1	1	0.0789	0.9244
30	151	2	231.0047	6	3	0	-1	0	0.0789	-1.0000
30	152	2	232.5380	8	12	0	-1	0	0.0789	-1.0000
30	153	2	234.0712	9	2	0	-1	0	0.0789	-1.0000
30	154	2	235.6045	11	5	0	-1	0	0.0789	-1.0000
30	155	2	237.1377	10	1	0	-1	1	0.0769	0.4420
30	156	2	238.6710	9	2	0	-1	0	0.0769	-1.0000
30	157	2	240.2043	8	12	0	-1	0	0.0769	-1.0000
30	158	2	241.7375	5	13	0	-1	0	0.0769	-1.0000
30	159	2	243.2708	4	10	0	-1	0	0.0769	-1.0000
30	160	2	244.8040	3	11	0	-1	1	0.1000	0.1359
30	161	2	246.3373	2	15	0	-1	0	0.1000	-1.0000
30	162	2	247.8705	14	4	0	-1	0	0.1000	-1.0000
30	163	2	249.4038	15	7	0	-1	1	0.0976	0.6882
30	164	2	250.9371	2	15	0	-1	1	0.0952	0.0170
30	165	2	252.4703	14	4	0	-1	0	0.0952	-1.0000
30	166	2	254.0035	13	6	0	-1	1	0.1163	1.3051
30	167	2	255.5368	12	14	0	-1	1	0.1136	0.0167
30	168	2	257.0701	11	5	0	-1	0	0.1136	-1.0000
30	169	2	258.6033	10	1	0	-1	0	0.1136	-1.0000
30	170	2	260.1366	9	2	0	-1	1	0.1111	0.0170
30	171	2	261.6698	8	12	0	-1	0	0.1111	-1.0000
30	172	2	263.2031	7	8	0	-1	1	0.1087	1.0807
30	173	2	264.7363	6	3	0	-1	1	0.1064	0.0169
30	174	2	266.2696	5	13	0	-1	0	0.1064	-1.0000
30	175	2	267.8028	4	10	0	-1	1	0.1042	0.3532
30	176	2	269.3361	3	11	0	-1	1	0.1224	0.8359
30	177	2	270.8693	2	15	0	-1	0	0.1224	-1.0000
30	178	2	272.4026	1	9	0	-1	1	0.1200	1.3372
30	179	2	273.9358	15	7	0	-1	1	0.1176	0.0169
30	180	2	275.4691	14	4	0	-1	0	0.1176	-1.0000
30	181	2	277.0023	13	6	0	-1	0	0.1176	-1.0000
30	182	2	278.5356	10	1	0	-1	0	0.1176	-1.0000
30	183	2	280.0689	11	5	0	-1	0	0.1176	-1.0000
30	184	2	281.6021	9	2	0	-1	0	0.1176	-1.0000
30	185	2	283.1354	11	5	0	-1	1	0.1154	1.0205
30	186	2	284.6686	13	6	0	-1	0	0.1154	-1.0000
30	187	2	286.2019	11	5	0	-1	1	0.1132	1.0906
30	188	2	287.7351	12	14	0	-1	1	0.1111	0.0168
30	189	2	289.2684	11	5	0	-1	0	0.1111	-1.0000
30	190	2	290.8016	10	1	0	-1	0	0.1111	-1.0000
30	191	2	292.3349	12	14	0	-1	1	0.1091	0.6369
30	192	2	293.8681	9	2	0	-1	0	0.1091	-1.0000
30	193	2	295.4014	10	1	0	-1	1	0.1071	0.8985
30	194	2	296.9347	9	2	0	-1	0	0.1071	-1.0000
30	195	2	298.4679	8	12	0	-1	0	0.1071	-1.0000
30	196	2	300.0012	7	8	0	-1	0	0.1071	-1.0000
30	197	2	301.5344	6	3	0	-1	0	0.1071	-1.0000
30	198	2	303.0677	5	13	0	-1	0	0.1071	-1.0000
30	199	2	304.6009	4	10	0	-1	1	0.1053	0.5155
30	200	2	306.1342	3	11	0	-1	0	0.1053	-1.0000
30	201	2	307.6674	2	15	0	-1	1	0.1034	0.7605
30	202	2	309.2007	1	9	0	-1	0	0.1034	-1.0000
30	203	2	310.7339	15	7	0	-1	1	0.1017	0.6386
30	204	2	312.2672	14	4	0	-1	0	0.1017	-1.0000
30	205	2	313.8004	13	6	0	-1	0	0.1017	-1.0000
30	206	2	315.3337	12	14	0	-1	1	0.1000	1.3982
30	207	2	316.8669	11	5	0	-1	1	0.0984	0.0167
30	208	2	318.4002	10	1	0	-1	0	0.0984	-1.0000
30	209	2	319.9335	9	2	0	-1	0	0.0984	-1.0000
30	210	2	321.4667	8	12	0	-1	0	0.0984	-1.0000
30	211	2	323.0000	5	13	0	-1	0	0.0984	-1.0000
30	212	2	324.5332	7	8	0	-1	0	0.0984	-1.0000
30	213	2	326.0665	5	13	0	-1	1	0.0968	0.7134
30	214	2	327.5997	6	3	0	-1	0	0.0968	-1.0000
30	215	2	329.1330	8	12	0	-1	0	0.0968	-1.0000
30	216	2	330.6662	6	3	0	-1	1	0.0952	0.7377
30	217	2	332.1995	7	8	0	-1	0	0.0952	-1.0000
30	218	2	333.7328	4	10	0	-1	0	0.0952	-1.0000
30	219	2	335.2660	5	13	0	-1	0	0.0952	-1.0000
30	220	2	336.7993	6	3	0	-1	0	0.0952	-1.0000
30	221	2	338.3325	8	12	0	-1	0	0.0952	-1.0000
30	222	2	339.8658	6	3	0	-1	0	0.0952	-1.0000
30	223	2	341.3990	4	10	0	-1	0	0.0952	-1.0000
30	224	2	342.9323	3	11	0	-1	0	0.0952	-1.0000
30	225	2	344.4655	15	7	0	-1	1	0.0938	0.2833
30	226	2	345.9988	14	4	0	-1	1	0.0923	0.3012
30	227	2	347.5320	13	6	0	-1	0	0.0923	-1.0000
30	228	2	349.0653	12	14	0	-1	0	0.0923	-1.0000
30	229	2	350.5985	11	5	0	-1	1	0.0909	1.0130
30	230	2	352.1318	10	1	0	-1	0	0.0909	-1.0000
30	231	2	353.6650	9	2	0	-1	0	0.0909	-1.0000
30	232	2	355.1983	8	12	0	-1	0	0.0909	-1.0000
30	233	2	356.7316	7	8	0	-1	0	0.0909	-1.0000
30	234	2	358.2648	6	3	0	-1	0	0.0909	-1.0000
30	235	2	359.7981	5	13	0	-1	0	0.0909	-1.0000
30	236	2	361.3313	4	10	0	-1	1	0.0896	0.5372
30	237	2	362.8646	3	11	0	-1	0	0.0896	-1.0000
30	238	2	364.3978	2	15	0	-1	0	0.0896	-1.0000
30	239	2	365.9311	1	9	0	-1	1	0.0882	0.8327
30	240	2	367.4643	15	7	0	-1	0	0.0882	-1.0000
30	241	2	368.9976	2	15	0	-1	0	0.0882	-1.0000
30	242	2	370.5308	15	7	0	-1	1	0.0870	1.3687
30	243	2	372.0641	14	4	0	-1	0	0.0870	-1.0000
30	244	2	373.5974	13	6	0	-1	0	0.0870	-1.0000
30	245	2	375.1306	10	1	0	-1	1	0.0857	0.1456
30	246	2	376.6639	13	6	0	-1	0	0.0857	-1.0000
30	247	2	378.1971	10	1	0	-1	0	0.0857	-1.0000
30	248	2	379.7303	13	6	0	-1	0	0.0857	-1.0000
30	249	2	381.2636	11	5	0	-1	1	0.0845	0.2042
30	250	2	382.7969	13	6	0	-1	0	0.0845	-1.0000
30	251	2	384.3301	12	14	0	-1	1	0.0833	0.7700
30	252	2	385.8634	9	2	0	-1	1	0.0822	0.4675
30	253	2	387.3966	10	1	0	-1	0	0.0822	-1.0000
30	254	2	388.9299	9	2	0	-1	1	0.0811	0.5382
30	255	2	390.4631	8	12	0	-1	0	0.0811	-1.0000
30	256	2	391.9964	9	2	0	-1	0	0.0811	-1.0000
30	257	2	393.5297	10	1	0	-1	0	0.0811	-1.0000
30	258	2	395.0629	11	5	0	-1	1	0.0800	0.7091
30	259	2	396.5961	12	14	0	-1	0	0.0800	-1.0000
30	260	2	398.1294	13	6	0	-1	0	0.0800	-1.0000
30	261	2	399.6626	14	4	0	-1	0	0.0800	-1.0000
30	262	2	401.1959	15	7	0	-1	0	0.0800	-1.0000
30	263	2	402.7292	1	9	0	-1	0	0.0800	-1.0000
30	264	2	404.2624	2	15	0	-1	1	0.0789	0.9015
30	265	2	405.7957	3	11	0	-1	0	0.0789	-1.0000
30	266	2	407.3289	4	10	0	-1	0	0.0789	-1.0000
30	267	2	408.8622	5	13	0	-1	1	0.0779	0.4301
30	268	2	410.3954	6	3	0	-1	0	0.0779	-1.0000
30	269	2	411.9287	7	8	0	-1	0	0.0779	-1.0000
30	270	2	413.4619	8	12	0	-1	0	0.0779	-1.0000
30	271	2	414.9952	5	13	0	-1	1	0.0769	0.5209
30	272	2	416.5284	6	3	0	-1	0	0.0769	-1.0000
30	273	2	418.0617	8	12	0	-1	0	0.0769	-1.0000
30	274	2	419.5950	7	8	0	-1	1	0.0759	1.4251
30	275	2	421.1282	4	10	0	-1	1	0.0750	0.0170
30	276	2	422.6615	5	13	0	-1	0	0.0750	-1.0000
30	277	2	424.1947	4	10	0	-1	1	0.0741	0.0572
30	278	2	425.7280	6	3	0	-1	1	0.0732	0.7161
30	279	2	427.2612	8	12	0	-1	1	0.0723	0.3186
30	280	2	428.7945	6	3	0	-1	0	0.0723	-1.0000
30	281	2	430.3277	8	12	0	-1	1	0.0714	1.2051
30	282	2	431.8610	9	2	0	-1	0	0.0714	-1.0000
30	283	2	433.3943	11	5	0	-1	0	0.0714	-1.0000
30	284	2	434.9275	10	1	0	-1	1	0.0706	1.0691
30	285	2	436.4608	13	6	0	-1	0	0.0706	-1.0000
30	286	2	437.9940	14	4	0	-1	0	0.0706	-1.0000
30	287	2	439.5273	15	7	0	-1	1	0.0698	0.0169
30	288	2	441.0605	1	9	0	-1	0	0.0698	-1.0000
30	289	2	442.5938	2	15	0	-1	1	0.0690	0.2509
30	290	2	444.1270	3	11	0	-1	1	0.0682	0.8932
30	291	2	445.6603	4	10	0	-1	0	0.0682	-1.0000
30	292	2	447.1935	5	13	0	-1	1	0.0674	1.2823
30	293	2	448.7268	6	3	0	-1	1	0.0667	0.9974
30	294	2	450.2600	7	8	0	-1	1	0.0659	0.9508
30	295	2	451.7933	8	12	0	-1	0	0.0659	-1.0000
30	296	2	453.3266	9	2	0	-1	1	0.0761	1.3575
30	297	2	454.8598	10	1	0	-1	0	0.0761	-1.0000
30	298	2	456.3931	11	5	0	-1	0	0.0761	-1.0000
30	299	2	457.9263	12	14	0	-1	1	0.0753	1.1905
30	300	2	459.4596	13	6	0	-1	1	0.0745	1.2726
30	301	2	460.9928	11	5	0	-1	1	0.0737	0.3952
30	302	2	462.5261	9	2	0	-1	0	0.0737	-1.0000
30	303	2	464.0593	11	5	0	-1	0	0.0737	-1.0000
30	304	2	465.5926	12	14	0	-1	0	0.0737	-1.0000
30	305	2	467.1258	9	2	0	-1	1	0.0729	0.6303
30	306	2	468.6591	8	12	0	-1	0	0.0729	-1.0000
30	307	2	470.1924	9	2	0	-1	0	0.0729	-1.0000
30	308	2	471.7256	12	14	0	-1	1	0.0722	0.5909
30	309	2	473.2588	11	5	0	-1	0	0.0722	-1.0000
30	310	2	474.7921	13	6	0	-1	1	0.0714	0.3717
30	311	2	476.3254	14	4	0	-1	1	0.0808	0.4064
30	312	2	477.8586	1	9	0	-1	0	0.0808	-1.0000
30	313	2	479.3919	3	11	0	-1	1	0.0800	1.3239
30	314	2	480.9251	4	10	0	-1	0	0.0800	-1.0000
30	315	2	482.4584	6	3	0	-1	0	0.0800	-1.0000
30	316	2	483.9916	5	13	0	-1	1	0.0792	0.2445
30	317	2	485.5249	4	10	0	-1	0	0.0792	-1.0000
30	318	2	487.0582	3	11	0	-1	1	0.0882	0.8097
30	319	2	488.5914	2	15	0	-1	1	0.0874	1.1173
30	320	2	490.1246	1	9	0	-1	0	0.0874	-1.0000
30	321	2	491.6579	15	7	0	-1	1	0.0865	1.2343
30	322	2	493.1911	14	4	0	-1	0	0.0865	-1.0000
30	323	2	494.7244	13	6	0	-1	1	0.0952	0.4876
30	324	2	496.2577	12	14	0	-1	0	0.0952	-1.0000
30	325	2	497.7909	11	5	0	-1	0	0.0952	-1.0000
30	326	2	499.3242	10	1	0	-1	0	0.0952	-1.0000
30	327	2	500.8574	9	2	0	-1	1	0.0943	0.3062
30	328	2	502.3907	8	12	0	-1	1	0.1028	1.0294
30	329	2	503.9239	7	8	0	-1	0	0.1028	-1.0000
30	330	2	505.4572	6	3	0	-1	1	0.1019	0.7147
30	331	2	506.9904	5	13	0	-1	0	0.1019	-1.0000
30	332	2	508.5237	8	12	0	-1	0	0.1019	-1.0000
30	333	2	510.0569	6	3	0	-1	1	0.1009	0.2420
30	334	2	511.5902	8	12	0	-1	0	0.1009	-1.0000
30	335	2	513.1234	5	13	0	-1	1	0.1000	0.6966
30	336	2	514.6567	7	8	0	-1	0	0.1000	-1.0000
30	337	2	516.1900	8	12	0	-1	1	0.0991	0.8135
30	338	2	517.7232	9	2	0	-1	0	0.0991	-1.0000
30	339	2	519.2565	8	12	0	-1	1	0.1071	0.2594
30	340	2	520.7897	7	8	0	-1	0	0.1071	-1.0000
30	341	2	522.3230	6	3	0	-1	1	0.1062	1.1127
30	342	2	523.8562	7	8	0	-1	0	0.1062	-1.0000
30	343	2	525.3895	8	12	0	-1	0	0.1062	-1.0000
30	344	2	526.9227	5	13	0	-1	1	0.1053	0.2574
30	345	2	528.4560	8	12	0	-1	1	0.1043	0.9478
30	346	2	529.9892	7	8	0	-1	1	0.1034	1.0630
30	347	2	531.5225	6	3	0	-1	1	0.1026	1.4174
30	348	2	533.0557	5	13	0	-1	1	0.1017	0.0168
30	349	2	534.5890	4	10	0	-1	1	0.1008	0.4139
30	350	2	536.1223	3	11	0	-1	1	0.1083	0.9775
30	351	2	537.6555	2	15	0	-1	0	0.1083	-1.0000
30	352	2	539.1888	1	9	0	-1	1	0.1074	0.3914
30	353	2	540.7220	15	7	0	-1	0	0.1074	-1.0000
30	354	2	542.2553	14	4	0	-1	0	0.1074	-1.0000
30	355	2	543.7885	13	6	0	-1	0	0.1074	-1.0000
30	356	2	545.3218	12	14	0	-1	1	0.1066	1.0106
30	357	2	546.8550	11	5	0	-1	0	0.1066	-1.0000
30	358	2	548.3883	10	1	0	-1	1	0.1057	0.8398
30	359	2	549.9216	9	2	0	-1	0	0.1057	-1.0000
30	360	2	551.4548	8	12	0	-1	0	0.1057	-1.0000
30	361	2	552.9881	6	3	0	-1	0	0.1057	-1.0000
30	362	2	554.5213	8	12	0	-1	0	0.1057	-1.0000
30	363	2	556.0546	9	2	0	-1	1	0.1129	0.9174
30	364	2	557.5878	8	12	0	-1	0	0.1129	-1.0000
30	365	2	559.1211	6	3	0	-1	0	0.1129	-1.0000
30	366	2	560.6543	7	8	0	-1	1	0.1120	0.7656
30	367	2	562.1876	6	3	0	-1	0	0.1120	-1.0000
30	368	2	563.7208	8	12	0	-1	0	0.1120	-1.0000
30	369	2	565.2541	9	2	0	-1	1	0.1190	0.8376
30	370	2	566.7873	8	12	0	-1	0	0.1190	-1.0000
30	371	2	568.3206	6	3	0	-1	0	0.1190	-1.0000
30	372	2	569.8538	5	13	0	-1	1	0.1181	0.5899
30	373	2	571.3871	7	8	0	-1	0	0.1181	-1.0000
30	374	2	572.9204	8	12	0	-1	0	0.1181	-1.0000
30	375	2	574.4536	6	3	0	-1	1	0.1172	1.1265
30	376	2	575.9869	5	13	0	-1	0	0.1172	-1.0000
30	377	2	577.5201	4	10	0	-1	0	0.1172	-1.0000
30	378	2	579.0534	3	11	0	-1	1	0.1240	0.1908
30	379	2	580.5866	2	15	0	-1	0	0.1240	-1.0000
30	380	2	582.1199	1	9	0	-1	0	0.1240	-1.0000
30	381	2	583.6531	15	7	0	-1	1	0.1231	1.1747
30	382	2	585.1864	14	4	0	-1	0	0.1231	-1.0000
30	383	2	586.7196	13	6	0	-1	0	0.1231	-1.0000
30	384	2	588.2529	12	14	0	-1	0	0.1231	-1.0000
30	385	2	589.7861	11	5	0	-1	1	0.1221	0.6899
30	386	2	591.3194	10	1	0	-1	0	0.1221	-1.0000
30	387	2	592.8527	9	2	0	-1	0	0.1221	-1.0000
30	388	2	594.3859	8	12	0	-1	1	0.1288	1.2420
30	389	2	595.9192	7	8	0	-1	0	0.1288	-1.0000
30	390	2	597.4524	6	3	0	-1	1	0.1278	0.5906
30	391	2	598.9857	8	12	0	-1	0	0.1278	-1.0000
30	392	2	600.5189	9	2	0	-1	0	0.1278	-1.0000
30	393	2	602.0522	12	14	0	-1	1	0.1269	1.0319
30	394	2	603.5854	11	5	0	-1	0	0.1269	-1.0000
30	395	2	605.1187	12	14	0	-1	1	0.1259	0.3975
30	396	2	606.6519	9	2	0	-1	0	0.1259	-1.0000
30	397	2	608.1852	12	14	0	-1	1	0.1250	0.6746
30	398	2	609.7185	10	1	0	-1	1	0.1241	1.3496
30	399	2	611.2517	9	2	0	-1	0	0.1241	-1.0000
30	400	2	612.7850	12	14	0	-1	0	0.1241	-1.0000
30	401	2	614.3182	11	5	0	-1	0	0.1241	-1.0000
30	402	2	615.8515	12	14	0	-1	1	0.1232	1.0076
30	403	2	617.3847	9	2	0	-1	0	0.1232	-1.0000
30	404	2	618.9180	12	14	0	-1	1	0.1223	0.8382
30	405	2	620.4512	9	2	0	-1	1	0.1214	1.2568
30	406	2	621.9845	10	1	0	-1	1	0.1206	1.2747
30	407	2	623.5177	11	5	0	-1	1	0.1197	1.1342
30	408	2	625.0510	12	14	0	-1	1	0.1189	1.1209
30	409	2	626.5842	13	6	0	-1	0	0.1189	-1.0000
30	410	2	628.1175	14	4	0	-1	0	0.1189	-1.0000
30	411	2	629.6507	15	7	0	-1	0	0.1189	-1.0000
30	412	2	631.1840	1	9	0	-1	0	0.1189	-1.0000
30	413	2	632.7173	2	15	0	-1	0	0.1189	-1.0000
30	414	2	634.2505	3	11	0	-1	1	0.1181	0.3696
30	415	2	635.7838	4	10	0	-1	1	0.1241	1.2047
30	416	2	637.3170	5	13	0	-1	1	0.1233	1.1271
30	417	2	638.8503	6	3	0	-1	0	0.1233	-1.0000
30	418	2	640.3835	7	8	0	-1	0	0.1233	-1.0000
30	419	2	641.9168	8	12	0	-1	0	0.1233	-1.0000
30	420	2	643.4500	9	2	0	-1	1	0.1293	0.7538
30	421	2	644.9833	11	5	0	-1	0	0.1293	-1.0000
30	422	2	646.5165	13	6	0	-1	0	0.1293	-1.0000
30	423	2	648.0498	10	1	0	-1	0	0.1293	-1.0000
30	424	2	649.5831	12	14	0	-1	0	0.1293	-1.0000
30	425	2	651.1163	10	1	0	-1	1	0.1284	0.0169
30	426	2	652.6496	13	6	0	-1	0	0.1284	-1.0000
30	427	2	654.1828	12	14	0	-1	0	0.1284	-1.0000
30	428	2	655.7161	9	2	0	-1	1	0.1275	0.5842
30	429	2	657.2493	11	5	0	-1	0	0.1275	-1.0000
30	430	2	658.7826	13	6	0	-1	0	0.1275	-1.0000
30	431	2	660.3158	10	1	0	-1	1	0.1267	0.1123
30	432	2	661.8491	12	14	0	-1	0	0.1267	-1.0000
30	433	2	663.3823	10	1	0	-1	0	0.1267	-1.0000
30	434	2	664.9156	9	2	0	-1	0	0.1267	-1.0000
30	435	2	666.4488	11	5	0	-1	1	0.1258	0.0589
30	436	2	667.9821	12	14	0	-1	0	0.1258	-1.0000
30	437	2	669.5153	13	6	0	-1	0	0.1258	-1.0000
30	438	2	671.0486	14	4	0	-1	0	0.1258	-1.0000
30	439	2	672.5819	15	7	0	-1	1	0.1250	1.4783
30	440	2	674.1151	1	9	0	-1	1	0.1242	0.0169
30	441	2	675.6484	2	15	0	-1	0	0.1242	-1.0000
30	442	2	677.1816	3	11	0	-1	0	0.1242	-1.0000
30	443	2	678.7149	4	10	0	-1	1	0.1299	0.9938
30	444	2	680.2481	5	13	0	-1	0	0.1299	-1.0000
30	445	2	681.7814	6	3	0	-1	0	0.1299	-1.0000
30	446	2	683.3146	7	8	0	-1	0	0.1299	-1.0000
30	447	2	684.8479	8	12	0	-1	0	0.1299	-1.0000
30	448	2	686.3811	9	2	0	-1	1	0.1355	0.1748
30	449	2	687.9144	10	1	0	-1	0	0.1355	-1.0000
30	450	2	689.4477	11	5	0	-1	0	0.1355	-1.0000
30	451	2	690.9809	12	14	0	-1	1	0.1346	0.7431
30	452	2	692.5142	9	2	0	-1	1	0.1338	1.4340
30	453	2	694.0474	10	1	0	-1	1	0.1329	0.0168
30	454	2	695.5807	12	14	0	-1	0	0.1329	-1.0000
30	455	2	697.1139	11	5	0	-1	1	0.1321	1.0904
30	456	2	698.6472	12	14	0	-1	0	0.1321	-1.0000
30	457	2	700.1804	10	1	0	-1	0	0.1321	-1.0000
30	458	2	701.7137	12	14	0	-1	0	0.1321	-1.0000
30	459	2	703.2469	9	2	0	-1	0	0.1321	-1.0000
30	460	2	704.7802	10	1	0	-1	1	0.1313	0.6083
30	461	2	706.3134	12	14	0	-1	0	0.1313	-1.0000
30	462	2	707.8467	11	5	0	-1	0	0.1313	-1.0000
30	463	2	709.3800	13	6	0	-1	1	0.1304	1.0320
30	464	2	710.9132	10	1	0	-1	0	0.1304	-1.0000
30	465	2	712.4465	11	5	0	-1	0	0.1304	-1.0000
30	466	2	713.9797	10	1	0	-1	0	0.1304	-1.0000
30	467	2	715.5130	9	2	0	-1	1	0.1296	0.9951
30	468	2	717.0462	8	12	0	-1	0	0.1296	-1.0000
30	469	2	718.5795	7	8	0	-1	1	0.1288	0.6486
30	470	2	720.1127	6	3	0	-1	0	0.1288	-1.0000
30	471	2	721.6460	5	13	0	-1	0	0.1288	-1.0000
30	472	2	723.1792	4	10	0	-1	0	0.1288	-1.0000
30	473	2	724.7125	3	11	0	-1	1	0.1341	1.4916
30	474	2	726.2457	2	15	0	-1	1	0.1333	0.0168
30	475	2	727.7790	1	9	0	-1	0	0.1333	-1.0000
30	476	2	729.3123	15	7	0	-1	0	0.1333	-1.0000
30	477	2	730.8455	14	4	0	-1	0	0.1333	-1.0000
30	478	2	732.3788	13	6	0	-1	0	0.1333	-1.0000
30	479	2	733.9120	12	14	0	-1	0	0.1333	-1.0000
30	480	2	735.4453	11	5	0	-1	0	0.1333	-1.0000
30	481	2	736.9785	10	1	0	-1	1	0.1325	0.8572
30	482	2	738.5118	13	6	0	-1	0	0.1325	-1.0000
30	483	2	740.0450	11	5	0	-1	0	0.1325	-1.0000
30	484	2	741.5783	12	14	0	-1	0	0.1325	-1.0000
30	485	2	743.1115	10	1	0	-1	0	0.1325	-1.0000
30	486	2	744.6448	13	6	0	-1	0	0.1325	-1.0000
30	487	2	746.1780	10	1	0	-1	0	0.1325	-1.0000
30	488	2	747.7113	11	5	0	-1	0	0.1325	-1.0000
30	489	2	749.2446	10	1	0	-1	1	0.1317	0.4315
30	490	2	750.7778	11	5	0	-1	0	0.1317	-1.0000
30	491	2	752.3111	13	6	0	-1	0	0.1317	-1.0000
30	492	2	753.8443	12	14	0	-1	0	0.1317	-1.0000
30	493	2	755.3776	10	1	0	-1	0	0.1317	-1.0000
30	494	2	756.9108	11	5	0	-1	0	0.1317	-1.0000
30	495	2	758.4441	10	1	0	-1	0	0.1317	-1.0000
30	496	2	759.9773	11	5	0	-1	1	0.1310	0.8508
30	497	2	761.5106	12	14	0	-1	0	0.1310	-1.0000
30	498	2	763.0438	13	6	0	-1	0	0.1310	-1.0000
30	499	2	764.5771	14	4	0	-1	0	0.1310	-1.0000
30	500	2	766.1103	15	7	0	-1	0	0.1310	-1.0000
30	501	2	767.6436	1	9	0	-1	1	0.1302	0.8325
30	502	2	769.1769	2	15	0	-1	0	0.1302	-1.0000
30	503	2	770.7101	3	11	0	-1	0	0.1302	-1.0000
30	504	2	772.2434	4	10	0	-1	0	0.1302	-1.0000
30	505	2	773.7766	5	13	0	-1	1	0.1294	0.6195
30	506	2	775.3099	6	3	0	-1	0	0.1294	-1.0000
30	507	2	776.8431	7	8	0	-1	0	0.1294	-1.0000
30	508	2	778.3764	8	12	0	-1	0	0.1294	-1.0000
30	509	2	779.9096	9	2	0	-1	0	0.1294	-1.0000
30	510	2	781.4429	10	1	0	-1	0	0.1294	-1.0000
30	511	2	782.9761	9	2	0	-1	0	0.1294	-1.0000
30	512	2	784.5094	10	1	0	-1	0	0.1294	-1.0000
30	513	2	786.0427	11	5	0	-1	1	0.1287	1.2163
30	514	2	787.5759	10	1	0	-1	0	0.1287	-1.0000
30	515	2	789.1092	13	6	0	-1	0	0.1287	-1.0000
30	516	2	790.6424	11	5	0	-1	1	0.1279	0.3134
30	517	2	792.1757	12	14	0	-1	0	0.1279	-1.0000
30	518	2	793.7089	9	2	0	-1	0	0.1279	-1.0000
30	519	2	795.2422	12	14	0	-1	0	0.1279	-1.0000
30	520	2	796.7754	10	1	0	-1	1	0.1272	0.4841
30	521	2	798.3087	9	2	0	-1	0	0.1272	-1.0000
30	522	2	799.8419	11	5	0	-1	0	0.1272	-1.0000
30	523	2	801.3752	9	2	0	-1	0	0.1272	-1.0000
30	524	2	802.9084	11	5	0	-1	0	0.1272	-1.0000
30	525	2	804.4417	13	6	0	-1	0	0.1272	-1.0000
30	526	2	805.9749	12	14	0	-1	1	0.1264	0.2936
30	527	2	807.5082	11	5	0	-1	0	0.1264	-1.0000
30	528	2	809.0415	10	1	0	-1	0	0.1264	-1.0000
30	529	2	810.5747	9	2	0	-1	0	0.1264	-1.0000
30	530	2	812.1080	8	12	0	-1	0	0.1264	-1.0000
30	531	2	813.6412	7	8	0	-1	0	0.1264	-1.0000
30	532	2	815.1745	6	3	0	-1	0	0.1264	-1.0000
30	533	2	816.7077	5	13	0	-1	1	0.0162	-1.0000
30	534	2	818.2410	4	10	0	-1	1	0.0162	0.7312
30	535	2	819.7742	3	11	0	-1	0	0.0162	-1.0000
30	536	2	821.3075	2	15	0	-1	0	0.0162	-1.0000
30	537	2	822.8407	1	9	0	-1	0	0.0162	-1.0000
30	538	2	824.3740	15	7	0	-1	1	0.0162	1.2062
30	539	2	825.9072	14	4	0	-1	1	0.0162	0.5208
30	540	2	827.4405	13	6	0	-1	0	0.0162	-1.0000
30	541	2	828.9738	11	5	0	-1	0	0.0162	-1.0000
30	542	2	830.5070	13	6	0	-1	0	0.0162	-1.0000
30	543	2	832.0403	12	14	0	-1	1	0.0162	1.4111
30	544	2	833.5735	9	2	0	-1	0	0.0162	-1.0000
30	545	2	835.1068	11	5	0	-1	0	0.0162	-1.0000
30	546	2	836.6400	9	2	0	-1	1	0.0162	0.5241
30	547	2	838.1733	12	14	0	-1	0	0.0162	-1.0000
30	548	2	839.7065	10	1	0	-1	0	0.0162	-1.0000
30	549	2	841.2398	12	14	0	-1	0	0.0162	-1.0000
30	550	2	842.7730	11	5	0	-1	0	0.0162	-1.0000
30	551	2	844.3063	10	1	0	-1	0	0.0162	-1.0000
30	552	2	845.8395	13	6	0	-1	1	0.0161	0.0925
30	553	2	847.3728	12	14	0	-1	0	0.0161	-1.0000
30	554	2	848.9061	10	1	0	-1	0	0.0161	-1.0000
30	555	2	850.4393	11	5	0	-1	1	0.0161	1.0768
30	556	2	851.9726	10	1	0	-1	0	0.0161	-1.0000
30	557	2	853.5058	9	2	0	-1	0	0.0161	-1.0000
30	558	2	855.0391	8	12	0	-1	0	0.0161	-1.0000
30	559	2	856.5723	7	8	0	-1	1	0.0161	0.8317
30	560	2	858.1056	6	3	0	-1	1	0.0161	0.6094
30	561	2	859.6388	5	13	0	-1	0	0.0161	-1.0000
30	562	2	861.1721	4	10	0	-1	0	0.0161	-1.0000
30	563	2	862.7053	3	11	0	-1	1	0.0168	0.6989
30	564	2	864.2386	2	15	0	-1	1	0.0168	1.2615
30	565	2	865.7719	1	9	0	-1	0	0.0168	-1.0000
30	566	2	867.3051	15	7	0	-1	0	0.0168	-1.0000
30	567	2	868.8384	14	4	0	-1	0	0.0168	-1.0000
30	568	2	870.3716	13	6	0	-1	0	0.0168	-1.0000
30	569	2	871.9049	12	14	0	-1	0	0.0168	-1.0000
30	570	2	873.4381	11	5	0	-1	0	0.0168	-1.0000
30	571	2	874.9714	9	2	0	-1	0	0.0168	-1.0000
30	572	2	876.5046	11	5	0	-1	0	0.0168	-1.0000
30	573	2	878.0379	9	2	0	-1	0	0.0168	-1.0000
30	574	2	879.5711	11	5	0	-1	1	0.0168	0.8885
30	575	2	881.1044	10	1	0	-1	0	0.0168	-1.0000
30	576	2	882.6376	9	2	0	-1	0	0.0168	-1.0000
30	577	2	884.1709	11	5	0	-1	0	0.0168	-1.0000
30	578	2	885.7041	9	2	0	-1	0	0.0168	-1.0000
30	579	2	887.2374	12	14	0	-1	1	0.0168	1.4780
30	580	2	888.7707	13	6	0	-1	1	0.0168	0.0168
30	581	2	890.3039	11	5	0	-1	1	0.0168	1.0363
30	582	2	891.8372	9	2	0	-1	0	0.0168	-1.0000
30	583	2	893.3704	8	12	0	-1	1	0.0175	0.1776
30	584	2	894.9037	5	13	0	-1	1	0.0175	1.0923
30	585	2	896.4369	7	8	0	-1	0	0.0175	-1.0000
30	586	2	897.9702	8	12	0	-1	0	0.0175	-1.0000
30	587	2	899.5034	9	2	0	-1	0	0.0175	-1.0000
30	588	2	901.0367	10	1	0	-1	0	0.0175	-1.0000
30	589	2	902.5700	11	5	0	-1	0	0.0175	-1.0000
30	590	2	904.1032	12	14	0	-1	0	0.0175	-1.0000
30	591	2	905.6365	13	6	0	-1	0	0.0175	-1.0000
30	592	2	907.1697	14	4	0	-1	1	0.0182	0.6024
30	593	2	908.7030	15	7	0	-1	1	0.0182	0.1091
30	594	2	910.2362	1	9	0	-1	0	0.0182	-1.0000
30	595	2	911.7695	2	15	0	-1	0	0.0182	-1.0000
30	596	2	913.3027	3	11	0	-1	0	0.0182	-1.0000
30	597	2	914.8360	4	10	0	-1	1	0.0189	0.8403
30	598	2	916.3692	5	13	0	-1	0	0.0189	-1.0000
30	599	2	917.9025	6	3	0	-1	0	0.0189	-1.0000
30	600	2	919.4357	7	8	0	-1	0	0.0189	-1.0000
Actual parsing ratio
0.0189
Possible node parses
86.0000
 Node parses selected
0.3023
Possible other parses
514.0000
Other parses selected
2.6284
Chance parsing ratio
0.1433
