*********************************************
* Date/Time: 01-Nov-2019 09:07:41
* Seed: 208103.5
* Subject Number: 022
10	13	2	15	11	8	7	5	12	1	4	9	3	14	6	
*********************************************

Shape exposure time (seconds)
74.4332
subject	trial	phase	onset	node	shape	rotate	acc	resp	total	rt
22	1	1	1.0169	4	15	0	-1	0	0.0000	-1.0000
22	2	1	2.7501	5	11	0	0	1	0.0000	0.3023
22	3	1	4.3001	7	7	0	0	1	0.0000	1.3127
22	4	1	6.1833	8	5	0	1	1	0.2500	1.2534
22	5	1	7.7332	7	7	0	1	1	0.4000	1.1911
22	6	1	9.2831	6	8	0	1	1	0.5000	1.1931
22	7	1	10.8331	7	7	0	-1	0	0.4286	-1.0000
22	8	1	12.8496	8	5	0	-1	0	0.3750	-1.0000
22	9	1	14.8995	7	7	0	1	1	0.4444	0.0169
22	10	1	16.4494	5	11	0	0	1	0.4000	1.2115
22	11	1	18.2493	6	8	0	-1	0	0.3636	-1.0000
22	12	1	20.2826	7	7	0	-1	0	0.3333	-1.0000
22	13	1	22.3325	5	11	0	-1	0	0.3077	-1.0000
22	14	1	24.3657	6	8	0	1	1	0.3571	1.4874
22	15	1	25.9989	8	5	0	1	1	0.4000	0.9894
22	16	1	27.5489	7	7	0	1	1	0.4375	0.1117
22	17	1	29.0988	8	5	90	-1	0	0.4118	-1.0000
22	18	1	31.1487	5	11	0	-1	0	0.3889	-1.0000
22	19	1	33.1985	6	8	0	1	1	0.4211	1.2760
22	20	1	34.7485	4	15	90	-1	0	0.4000	-1.0000
22	21	1	36.8150	6	8	0	1	1	0.4286	0.9555
22	22	1	38.3649	5	11	0	0	1	0.4091	1.1995
22	23	1	40.0815	6	8	0	1	1	0.4348	0.9689
22	24	1	41.6315	7	7	0	1	1	0.4583	0.8449
22	25	1	43.1814	6	8	0	1	1	0.4800	0.6876
22	26	1	44.7313	8	5	0	1	1	0.5000	0.7993
22	27	1	46.2812	6	8	0	-1	0	0.4815	-1.0000
22	28	1	48.3311	8	5	0	0	1	0.4643	0.8335
22	29	1	49.8810	7	7	0	-1	0	0.4483	-1.0000
22	30	1	51.9476	6	8	0	1	1	0.4667	0.8469
22	31	1	53.4975	5	11	0	-1	0	0.4516	-1.0000
22	32	1	55.5807	8	5	0	1	1	0.4688	0.9434
22	33	1	57.1307	5	11	0	1	1	0.4848	1.3457
22	34	1	58.6806	8	5	0	1	1	0.5000	0.9779
22	35	1	60.2305	5	11	90	0	1	0.4857	1.2532
22	36	1	61.9971	8	5	0	0	1	0.4722	0.0955
22	37	1	63.5470	6	8	90	1	1	0.4865	1.3299
22	38	1	65.0969	7	7	0	1	1	0.5000	1.1714
22	39	1	66.6468	4	15	90	0	1	0.4872	1.3653
22	40	1	68.5967	6	8	0	1	1	0.5000	0.7605
22	41	1	70.1466	5	11	0	1	1	0.5122	1.3692
22	42	1	71.6966	4	15	90	0	1	0.5000	1.4822
22	43	1	73.6964	5	11	0	1	1	0.5116	1.2581
22	44	1	75.2463	6	8	90	1	1	0.5227	0.9422
22	45	1	76.7963	5	11	90	0	1	0.5111	1.1840
22	46	1	78.5295	4	15	0	-1	0	0.5000	-1.0000
22	47	1	80.5628	6	8	0	-1	0	0.4894	-1.0000
22	48	1	82.6626	8	5	0	1	1	0.5000	0.9175
22	49	1	84.2126	6	8	0	1	1	0.5102	0.7920
22	50	1	85.7625	8	5	0	1	1	0.5200	0.6818
22	51	1	87.3124	6	8	90	1	1	0.5294	0.8283
22	52	1	88.8623	4	15	0	1	1	0.5385	1.2138
22	53	1	90.4122	6	8	0	1	1	0.5472	0.7199
22	54	1	91.9622	7	7	0	1	1	0.5556	1.1053
22	55	1	93.5121	6	8	0	1	1	0.5636	0.6756
22	56	1	95.0620	7	7	0	1	1	0.5714	0.7903
22	57	1	96.6119	8	5	0	1	1	0.5789	0.7607
22	58	1	98.1618	5	11	0	1	1	0.5862	0.9701
22	59	1	99.7118	4	15	90	0	1	0.5763	1.0519
22	60	1	101.2950	6	8	0	1	1	0.5833	0.7657
22	61	1	102.8449	5	11	0	1	1	0.5902	1.3575
22	62	1	104.3949	4	15	0	0	1	0.5806	1.2655
22	63	1	106.2114	5	11	90	-1	0	0.5714	-1.0000
22	64	1	108.2446	8	5	0	1	1	0.5781	0.7098
22	65	1	109.7946	9	12	90	-1	0	0.5692	-1.0000
22	66	1	111.9611	11	4	0	1	1	0.5758	1.0413
22	67	1	113.5110	13	3	0	1	1	0.5821	0.9337
22	68	1	115.0609	12	9	0	0	1	0.5735	1.2714
22	69	1	116.8942	11	4	0	1	1	0.5797	1.0541
22	70	1	118.4441	9	12	0	1	1	0.5857	1.2962
22	71	1	119.9940	8	5	90	1	1	0.5915	0.9941
22	72	1	121.5439	6	8	90	1	1	0.5972	0.9644
22	73	1	123.0939	4	15	0	1	1	0.6027	1.1585
22	74	1	124.6438	3	2	0	1	1	0.6081	1.4307
22	75	1	126.2104	1	10	0	1	1	0.6133	0.8103
22	76	1	127.7603	3	2	0	0	1	0.6053	1.3557
22	77	1	129.7102	1	10	0	1	1	0.6104	1.1501
22	78	1	131.2601	14	14	90	1	1	0.6154	1.3452
22	79	1	132.8100	1	10	90	1	1	0.6203	1.3783
22	80	1	134.3599	15	6	90	1	1	0.6250	1.3164
22	81	1	135.9099	14	14	90	1	1	0.6296	1.0287
22	82	1	137.4598	13	3	0	1	1	0.6341	0.9986
22	83	1	139.0097	12	9	0	1	1	0.6386	1.1307
22	84	1	140.5596	11	4	90	1	1	0.6429	1.2268
22	85	1	142.1095	9	12	0	0	1	0.6353	1.2609
22	86	1	143.9261	11	4	0	1	1	0.6395	0.8384
22	87	1	145.4760	9	12	0	1	1	0.6437	1.1444
22	88	1	147.0259	8	5	0	1	1	0.6477	0.6826
22	89	1	148.5759	7	7	0	1	1	0.6517	0.8926
22	90	1	150.1258	5	11	90	0	1	0.6444	0.8949
22	91	1	151.6757	4	15	0	1	1	0.6484	1.3925
22	92	1	153.2256	7	7	0	1	1	0.6522	1.3464
22	93	1	154.7755	4	15	90	1	1	0.6559	1.2057
22	94	1	156.3255	7	7	0	1	1	0.6596	0.8553
22	95	1	157.8754	6	8	0	1	1	0.6632	0.7610
22	96	1	159.4253	4	15	0	0	1	0.6563	0.8753
22	97	1	160.9752	6	8	0	1	1	0.6598	0.6688
22	98	1	162.5251	5	11	0	1	1	0.6633	0.7973
22	99	1	164.0751	6	8	0	1	1	0.6667	0.7058
22	100	1	165.6250	5	11	0	1	1	0.6700	0.7237
22	101	1	167.1749	4	15	90	1	1	0.6733	0.8847
22	102	1	168.7248	5	11	0	1	1	0.6765	0.7417
22	103	1	170.2747	4	15	0	1	1	0.6796	1.0192
22	104	1	171.8247	6	8	90	1	1	0.6827	0.9378
22	105	1	173.3746	4	15	0	1	1	0.6857	0.6997
22	106	1	174.9245	7	7	0	1	1	0.6887	0.8485
22	107	1	176.4744	8	5	0	1	1	0.6916	0.9779
22	108	1	178.0243	5	11	0	1	1	0.6944	0.9621
22	109	1	179.5742	7	7	0	1	1	0.6972	0.6778
22	110	1	181.1242	8	5	90	1	1	0.7000	1.3845
22	111	1	182.6741	5	11	0	1	1	0.7027	0.9057
22	112	1	184.2240	7	7	0	1	1	0.7054	1.3402
22	113	1	185.7739	8	5	0	1	1	0.7080	0.7345
22	114	1	187.3238	7	7	0	1	1	0.7105	0.9106
22	115	1	188.8738	6	8	0	1	1	0.7130	0.6906
22	116	1	190.4237	4	15	0	1	1	0.7155	1.2207
22	117	1	191.9736	7	7	90	1	1	0.7179	1.0141
22	118	1	193.5235	6	8	0	1	1	0.7203	1.0309
22	119	1	195.0734	4	15	0	1	1	0.7227	0.9689
22	120	1	196.6234	5	11	0	1	1	0.7250	0.7970
22	121	1	198.1733	8	5	0	1	1	0.7273	0.7030
22	122	1	199.7231	9	12	0	0	1	0.7213	0.9609
22	123	1	201.2731	12	9	0	1	1	0.7236	1.2515
22	124	1	202.8230	9	12	0	1	1	0.7258	1.1714
22	125	1	204.3729	12	9	0	1	1	0.7280	0.9357
22	126	1	205.9229	9	12	90	0	1	0.7222	1.4016
22	127	1	207.9227	11	4	90	1	1	0.7244	1.0156
22	128	1	209.4727	9	12	0	1	1	0.7266	1.0658
22	129	1	211.0226	12	9	0	1	1	0.7287	0.7496
22	130	1	212.5725	9	12	0	1	1	0.7308	0.7682
22	131	1	214.1224	8	5	90	1	1	0.7328	0.9937
22	132	1	215.6723	5	11	0	1	1	0.7348	0.7399
22	133	1	217.2223	6	8	0	1	1	0.7368	0.7094
22	134	1	218.7722	7	7	0	1	1	0.7388	0.7105
22	135	1	220.3221	8	5	0	1	1	0.7407	0.6659
22	136	1	221.8720	7	7	0	1	1	0.7426	0.6184
22	137	1	223.4219	6	8	90	1	1	0.7445	0.8284
22	138	1	224.9718	8	5	90	1	1	0.7464	0.8165
22	139	1	226.5218	5	11	0	1	1	0.7482	0.6895
22	140	1	228.0717	7	7	0	1	1	0.7500	0.6765
22	141	1	229.6216	6	8	90	1	1	0.7518	0.7745
22	142	1	231.1715	7	7	0	1	1	0.7535	0.6639
22	143	1	232.7215	8	5	0	1	1	0.7552	0.6351
22	144	1	234.2714	5	11	0	1	1	0.7569	0.6696
22	145	1	235.8213	7	7	0	1	1	0.7586	0.6211
22	146	1	237.3712	4	15	0	1	1	0.7603	0.8334
22	147	1	238.9211	6	8	0	1	1	0.7619	0.7550
22	148	1	240.4710	8	5	90	1	1	0.7635	0.7394
22	149	1	242.0210	6	8	0	1	1	0.7651	0.6796
22	150	1	243.5709	5	11	0	1	1	0.7667	0.7933
22	151	1	245.1208	8	5	0	1	1	0.7682	0.6999
22	152	1	246.6707	6	8	0	1	1	0.7697	0.7017
22	153	1	248.2206	8	5	0	1	1	0.7712	0.6560
22	154	1	249.7706	6	8	0	1	1	0.7727	0.7535
22	155	1	251.3205	8	5	0	1	1	0.7742	0.6739
22	156	1	252.8704	5	11	90	0	1	0.7692	0.7421
22	157	1	254.4203	4	15	0	1	1	0.7707	0.9041
22	158	1	255.9702	3	2	0	1	1	0.7722	0.8401
22	159	1	257.5202	15	6	90	1	1	0.7736	0.8604
22	160	1	259.0701	1	10	0	1	1	0.7750	0.8623
22	161	1	260.6200	14	14	0	0	1	0.7702	1.0884
22	162	1	262.2532	1	10	90	0	1	0.7654	0.8311
22	163	1	263.8032	2	13	0	1	1	0.7669	1.4392
22	164	1	265.3697	1	10	0	1	1	0.7683	0.8016
22	165	1	266.9197	15	6	0	1	1	0.7697	0.8677
22	166	1	268.4696	2	13	90	0	1	0.7651	1.0131
22	167	1	270.0528	14	14	0	1	1	0.7665	1.0615
22	168	1	271.6028	15	6	0	0	1	0.7619	1.1615
22	169	1	273.3027	3	2	0	1	1	0.7633	0.7094
22	170	1	274.8526	4	15	0	1	1	0.7647	0.9178
22	171	1	276.4025	7	7	90	0	1	0.7602	0.7918
22	172	1	277.9524	6	8	90	1	1	0.7616	1.0019
22	173	1	279.5023	4	15	90	1	1	0.7630	1.0221
22	174	1	281.0523	7	7	0	1	1	0.7644	0.9929
22	175	1	282.6022	8	5	0	1	1	0.7657	0.6741
22	176	1	284.1521	6	8	0	1	1	0.7670	0.6439
22	177	1	285.7020	7	7	0	1	1	0.7684	0.8219
22	178	1	287.2519	4	15	0	1	1	0.7697	0.8234
22	179	1	288.8018	6	8	0	1	1	0.7709	0.6664
22	180	1	290.3518	4	15	0	1	1	0.7722	0.6527
22	181	1	291.9017	5	11	0	1	1	0.7735	0.7823
22	182	1	293.4516	4	15	0	1	1	0.7747	0.9445
22	183	1	295.0015	3	2	0	1	1	0.7760	0.8009
22	184	1	296.5514	2	13	0	0	1	0.7717	0.8211
22	185	1	298.1014	15	6	0	0	1	0.7676	0.8389
22	186	1	299.6513	2	13	0	1	1	0.7688	0.8892
22	187	1	301.2012	15	6	0	1	1	0.7701	0.9873
22	188	1	302.7511	14	14	0	1	1	0.7713	0.7493
22	189	1	304.3010	13	3	0	1	1	0.7725	0.6533
22	190	1	305.8509	12	9	0	1	1	0.7737	0.7992
22	191	1	307.4009	9	12	0	1	1	0.7749	0.8036
22	192	1	308.9508	10	1	0	0	1	0.7708	1.1094
22	193	1	310.6340	12	9	0	1	1	0.7720	0.6263
22	194	1	312.1839	10	1	0	1	1	0.7732	0.5944
22	195	1	313.7339	13	3	0	1	1	0.7744	0.6765
22	196	1	315.2838	14	14	0	1	1	0.7755	0.7285
22	197	1	316.8337	15	6	90	0	1	0.7716	0.6344
22	198	1	318.3836	3	2	0	1	1	0.7727	0.6367
22	199	1	319.9335	15	6	0	1	1	0.7739	0.7508
22	200	1	321.4835	2	13	90	0	1	0.7700	0.8490
22	201	1	323.0334	14	14	90	0	1	0.7662	0.7066
22	202	1	324.5833	13	3	90	0	1	0.7624	0.8366
22	203	1	326.1332	10	1	90	1	1	0.7635	1.2389
22	204	1	327.6831	12	9	0	1	1	0.7647	0.7608
22	205	1	329.2331	13	3	0	1	1	0.7659	0.7293
22	206	1	330.7830	14	14	0	1	1	0.7670	0.7819
22	207	1	332.3329	15	6	0	1	1	0.7681	0.8294
22	208	1	333.8828	14	14	0	1	1	0.7692	0.9600
22	209	1	335.4327	2	13	0	1	1	0.7703	0.8034
22	210	1	336.9826	1	10	0	1	1	0.7714	0.7417
22	211	1	338.5326	14	14	0	1	1	0.7725	1.1738
22	212	1	340.0825	2	13	90	0	1	0.7689	0.7460
22	213	1	341.6324	14	14	0	1	1	0.7700	0.7139
22	214	1	343.1823	2	13	0	0	1	0.7664	0.7660
22	215	1	344.7322	1	10	0	1	1	0.7674	0.7668
22	216	1	346.2822	3	2	0	1	1	0.7685	0.5922
22	217	1	347.8321	4	15	0	1	1	0.7696	0.8995
22	218	1	349.3820	3	2	0	1	1	0.7706	0.5821
22	219	1	350.9319	4	15	0	1	1	0.7717	0.7119
22	220	1	352.4818	6	8	0	1	1	0.7727	0.7125
22	221	1	354.0318	8	5	90	0	1	0.7692	0.6686
22	222	1	355.5817	6	8	90	1	1	0.7703	1.0706
22	223	1	357.1316	7	7	0	1	1	0.7713	0.8967
22	224	1	358.6815	4	15	0	1	1	0.7723	0.7869
22	225	1	360.2314	5	11	0	1	1	0.7733	0.8681
22	226	1	361.7813	6	8	0	1	1	0.7743	0.7749
22	227	1	363.3313	7	7	90	0	1	0.7709	0.8710
22	228	1	364.8812	6	8	90	1	1	0.7719	0.9552
22	229	1	366.4311	4	15	90	1	1	0.7729	1.0192
22	230	1	367.9810	7	7	0	1	1	0.7739	0.8474
22	231	1	369.5309	6	8	0	1	1	0.7749	0.7676
22	232	1	371.0809	5	11	90	0	1	0.7716	0.7375
22	233	1	372.6308	7	7	0	1	1	0.7725	1.0618
22	234	1	374.1807	5	11	0	1	1	0.7735	0.9676
22	235	1	375.7306	6	8	0	1	1	0.7745	0.7132
22	236	1	377.2806	5	11	0	1	1	0.7754	0.6178
22	237	1	378.8305	6	8	0	1	1	0.7764	0.6218
22	238	1	380.3804	8	5	0	1	1	0.7773	0.8635
22	239	1	381.9303	6	8	90	1	1	0.7782	0.8341
22	240	1	383.4802	4	15	90	1	1	0.7792	0.9158
22	241	1	385.0301	3	2	0	1	1	0.7801	0.7740
22	242	1	386.5801	4	15	0	1	1	0.7810	0.7433
22	243	1	388.1300	6	8	90	1	1	0.7819	1.0820
22	244	1	389.6799	7	7	0	1	1	0.7828	0.7326
22	245	1	391.2298	4	15	0	1	1	0.7837	0.8766
22	246	1	392.7797	3	2	0	1	1	0.7846	0.6719
22	247	1	394.3297	4	15	0	1	1	0.7854	0.6406
22	248	1	395.8796	7	7	0	1	1	0.7863	0.7091
22	249	1	397.4295	5	11	0	1	1	0.7871	0.7592
22	250	1	398.9794	8	5	90	1	1	0.7880	0.8069
22	251	1	400.5293	6	8	0	1	1	0.7888	0.7149
22	252	1	402.0792	5	11	0	1	1	0.7897	0.7810
22	253	1	403.6292	8	5	90	1	1	0.7905	0.7334
22	254	1	405.1791	7	7	90	0	1	0.7874	0.6733
22	255	1	406.7290	6	8	0	1	1	0.7882	1.2191
22	256	1	408.2789	4	15	0	1	1	0.7891	0.7239
22	257	1	409.8289	3	2	0	1	1	0.7899	0.5814
22	258	1	411.3788	4	15	0	1	1	0.7907	0.5356
22	259	1	412.9287	5	11	0	1	1	0.7915	0.6656
22	260	1	414.4786	4	15	0	1	1	0.7923	0.5577
22	261	1	416.0285	6	8	0	1	1	0.7931	0.5917
22	262	1	417.5785	5	11	0	1	1	0.7939	0.5919
22	263	1	419.1283	8	5	90	1	1	0.7947	0.8019
22	264	1	420.6783	9	12	0	1	1	0.7955	1.1259
22	265	1	422.2282	12	9	0	1	1	0.7962	0.7126
22	266	1	423.7781	11	4	0	1	1	0.7970	0.7625
22	267	1	425.3280	13	3	0	1	1	0.7978	0.6523
22	268	1	426.8779	11	4	0	1	1	0.7985	0.5902
22	269	1	428.4279	9	12	0	1	1	0.7993	0.7684
22	270	1	429.9778	10	1	0	1	1	0.8000	0.8341
22	271	1	431.5277	13	3	0	1	1	0.8007	0.6291
22	272	1	433.0776	11	4	0	1	1	0.8015	0.8228
22	273	1	434.6275	9	12	0	1	1	0.8022	0.7445
22	274	1	436.1775	8	5	0	1	1	0.8029	0.7310
22	275	1	437.7274	5	11	0	1	1	0.8036	0.7006
22	276	1	439.2773	4	15	0	1	1	0.8043	0.8788
22	277	1	440.8272	7	7	0	1	1	0.8051	0.8791
22	278	1	442.3771	6	8	0	1	1	0.8058	0.6590
22	279	1	443.9270	8	5	0	1	1	0.8065	0.6130
22	280	1	445.4770	5	11	0	1	1	0.8071	0.7110
22	281	1	447.0269	4	15	90	1	1	0.8078	1.3208
22	282	1	448.5768	3	2	0	1	1	0.8085	0.7610
22	283	1	450.1267	2	13	0	1	1	0.8092	1.0195
22	284	1	451.6766	15	6	0	0	1	0.8063	0.8954
22	285	1	453.2266	14	14	0	1	1	0.8070	0.8497
22	286	1	454.7765	15	6	0	1	1	0.8077	1.2654
22	287	1	456.3264	3	2	0	1	1	0.8084	0.8220
22	288	1	457.8763	4	15	0	1	1	0.8090	0.6780
22	289	1	459.4262	6	8	0	1	1	0.8097	0.7280
22	290	1	460.9761	4	15	90	1	1	0.8103	0.8274
22	291	1	462.5261	7	7	90	0	1	0.8076	0.7987
22	292	1	464.0760	6	8	90	1	1	0.8082	0.8943
22	293	1	465.6259	8	5	0	1	1	0.8089	0.7218
22	294	1	467.1758	6	8	0	1	1	0.8095	0.6441
22	295	1	468.7257	5	11	0	1	1	0.8102	0.5826
22	296	1	470.2757	4	15	0	1	1	0.8108	0.7923
22	297	1	471.8256	7	7	0	1	1	0.8114	0.7463
22	298	1	473.3755	8	5	0	1	1	0.8121	0.5574
22	299	1	474.9254	7	7	0	1	1	0.8127	0.5268
22	300	1	476.4753	5	11	0	1	1	0.8133	0.5287
22	301	1	478.0253	4	15	0	1	1	0.8140	0.8510
22	302	1	479.5752	3	2	0	1	1	0.8146	0.5951
22	303	1	481.1251	15	6	90	-1	0	0.8119	-1.0000
22	304	1	483.1917	3	2	90	0	1	0.8092	0.5647
22	305	1	484.7416	15	6	0	0	1	0.8066	0.8539
22	306	1	486.2914	14	14	0	1	1	0.8072	0.7289
22	307	1	487.8414	2	13	90	0	1	0.8046	0.6968
22	308	1	489.3913	3	2	0	1	1	0.8052	0.5070
22	309	1	490.9412	1	10	0	0	1	0.8026	0.6063
22	310	1	492.4912	14	14	0	1	1	0.8032	0.7518
22	311	1	494.0411	13	3	90	-1	0	0.8006	-1.0000
22	312	1	496.1076	10	1	0	1	1	0.8013	0.8484
22	313	1	497.6576	13	3	0	1	1	0.8019	0.7064
22	314	1	499.2075	11	4	0	1	1	0.8025	0.8685
22	315	1	500.7574	10	1	90	1	1	0.8032	1.1909
22	316	1	502.3073	13	3	0	1	1	0.8038	0.6966
22	317	1	503.8572	12	9	90	1	1	0.8044	0.9866
22	318	1	505.4072	9	12	0	1	1	0.8050	0.9732
22	319	1	506.9571	11	4	0	1	1	0.8056	0.6709
22	320	1	508.5070	9	12	90	0	1	0.8031	0.7673
22	321	1	510.0569	11	4	0	1	1	0.8037	0.6101
22	322	1	511.6068	12	9	0	1	1	0.8043	0.7092
22	323	1	513.1568	9	12	0	1	1	0.8050	0.7415
22	324	1	514.7067	10	1	0	1	1	0.8056	0.6495
22	325	1	516.2566	11	4	0	1	1	0.8062	0.5876
22	326	1	517.8065	13	3	0	1	1	0.8067	0.5577
22	327	1	519.3564	14	14	0	1	1	0.8073	0.5738
22	328	1	520.9063	15	6	0	0	1	0.8049	0.8018
22	329	1	522.4563	1	10	0	1	1	0.8055	0.5460
22	330	1	524.0062	15	6	0	1	1	0.8061	0.7732
22	331	1	525.5561	2	13	0	1	1	0.8066	0.7922
22	332	1	527.1060	15	6	0	1	1	0.8072	0.5218
22	333	1	528.6559	2	13	90	0	1	0.8048	0.5404
22	334	1	530.2059	14	14	0	1	1	0.8054	0.6524
22	335	1	531.7558	15	6	0	1	1	0.8060	0.7853
22	336	1	533.3057	3	2	90	0	1	0.8036	0.5774
22	337	1	534.8556	1	10	0	1	1	0.8042	0.6586
22	338	1	536.4055	2	13	0	1	1	0.8047	1.0767
22	339	1	537.9555	15	6	0	1	1	0.8053	0.8068
22	340	1	539.5054	1	10	0	1	1	0.8059	0.7468
22	341	1	541.0553	3	2	0	1	1	0.8065	0.6829
22	342	1	542.6052	1	10	0	1	1	0.8070	0.6229
22	343	1	544.1551	2	13	0	1	1	0.8076	0.7681
22	344	1	545.7050	1	10	0	1	1	0.8081	0.6432
22	345	1	547.2550	15	6	0	1	1	0.8087	0.8353
22	346	1	548.8049	2	13	0	1	1	0.8092	0.5836
22	347	1	550.3548	14	14	0	1	1	0.8098	0.6334
22	348	1	551.9047	2	13	0	1	1	0.8103	0.4913
22	349	1	553.4546	14	14	90	0	1	0.8080	0.4436
22	350	1	555.0046	2	13	0	1	1	0.8086	0.5578
22	351	1	556.5545	3	2	90	1	1	0.8091	0.8976
22	352	1	558.1044	4	15	0	1	1	0.8097	1.4258
22	353	1	559.6876	7	7	0	0	1	0.8074	1.4268
22	354	1	561.6876	4	15	0	1	1	0.8079	0.7084
22	355	1	563.2375	7	7	0	1	1	0.8085	0.8227
22	356	1	564.7874	4	15	0	1	1	0.8090	0.6948
22	357	1	566.3373	6	8	0	1	1	0.8095	1.4170
22	358	1	567.8872	4	15	0	1	1	0.8101	0.6840
22	359	1	569.4371	5	11	0	1	1	0.8106	0.8451
22	360	1	570.9870	8	5	0	1	1	0.8111	0.6409
22	361	1	572.5370	6	8	0	1	1	0.8116	0.6111
22	362	1	574.0869	8	5	0	1	1	0.8122	0.6772
22	363	1	575.6368	5	11	0	1	1	0.8127	0.7111
22	364	1	577.1867	8	5	0	1	1	0.8132	0.6177
22	365	1	578.7366	7	7	0	1	1	0.8137	0.6830
22	366	1	580.2866	8	5	0	1	1	0.8142	0.5096
22	367	1	581.8365	5	11	0	1	1	0.8147	0.6377
22	368	1	583.3864	6	8	90	1	1	0.8152	0.8159
22	369	1	584.9363	4	15	0	1	1	0.8157	0.6579
22	370	1	586.4862	6	8	0	1	1	0.8162	0.6600
22	371	1	588.0362	5	11	0	1	1	0.8167	0.6476
22	372	1	589.5861	4	15	0	1	1	0.8172	0.5681
22	373	1	591.1360	5	11	0	1	1	0.8177	0.5401
22	374	1	592.6859	4	15	0	1	1	0.8182	0.6716
22	375	1	594.2358	5	11	0	1	1	0.8187	0.4480
22	376	1	595.7858	4	15	0	1	1	0.8191	0.3380
22	377	1	597.3357	6	8	0	0	1	0.8170	0.5806
22	378	1	598.8856	5	11	0	1	1	0.8175	0.6468
22	379	1	600.4355	8	5	0	1	1	0.8179	0.5524
22	380	1	601.9854	5	11	0	1	1	0.8184	0.2988
22	381	1	603.5353	8	5	0	1	1	0.8189	0.3487
22	382	1	605.0853	5	11	90	0	1	0.8168	0.3022
22	383	1	606.6352	4	15	90	1	1	0.8172	0.8811
22	384	1	608.1851	6	8	0	1	1	0.8177	0.6109
22	385	1	609.7350	7	7	0	1	1	0.8182	1.1392
22	386	1	611.2850	4	15	0	1	1	0.8187	0.6308
22	387	1	612.8349	6	8	0	1	1	0.8191	0.4737
22	388	1	614.3848	4	15	0	1	1	0.8196	0.6514
22	389	1	615.9347	7	7	90	0	1	0.8175	0.9574
22	390	1	617.4846	8	5	0	1	1	0.8179	0.7036
22	391	1	619.0345	5	11	0	1	1	0.8184	0.6095
22	392	1	620.5844	6	8	90	1	1	0.8189	0.9315
22	393	1	622.1344	7	7	0	1	1	0.8193	0.6459
22	394	1	623.6843	4	15	0	1	1	0.8198	0.6477
22	395	1	625.2342	3	2	0	1	1	0.8203	0.8263
22	396	1	626.7841	4	15	90	0	1	0.8182	0.6195
22	397	1	628.3340	3	2	0	1	1	0.8186	0.6066
22	398	1	629.8840	1	10	90	1	1	0.8191	1.0879
22	399	1	631.4339	15	6	0	0	1	0.8170	0.9622
22	400	1	632.9838	1	10	0	1	1	0.8175	0.6122
22	401	1	634.5337	3	2	0	1	1	0.8180	0.8041
22	402	1	636.0837	4	15	0	1	1	0.8184	0.6966
22	403	1	637.6335	3	2	90	0	1	0.8164	0.7766
22	404	1	639.1835	15	6	90	1	1	0.8168	1.0686
22	405	1	640.7334	14	14	0	0	1	0.8148	0.9103
22	406	1	642.2833	15	6	90	0	1	0.8128	0.9607
22	407	1	643.8332	14	14	0	1	1	0.8133	0.8809
22	408	1	645.3831	1	10	0	1	1	0.8137	0.5810
22	409	1	646.9331	3	2	0	1	1	0.8142	0.5189
22	410	1	648.4830	2	13	0	1	1	0.8146	0.8890
22	411	1	650.0329	3	2	0	1	1	0.8151	0.5872
22	412	1	651.5828	2	13	0	1	1	0.8155	0.6526
22	413	1	653.1327	1	10	0	1	1	0.8160	0.4151
22	414	1	654.6827	3	2	90	0	1	0.8140	0.4332
22	415	1	656.2326	1	10	0	1	1	0.8145	0.5629
22	416	1	657.7825	3	2	90	1	1	0.8149	0.5814
22	417	1	659.3324	2	13	0	0	1	0.8129	0.2151
22	418	1	660.8823	15	6	0	1	1	0.8134	0.9378
22	419	1	662.4323	14	14	90	1	1	0.8138	1.2116
22	420	1	663.9822	1	10	0	1	1	0.8143	0.6220
22	421	1	665.5321	2	13	0	1	1	0.8147	1.1822
22	422	1	667.0820	15	6	0	1	1	0.8152	1.0882
22	423	1	668.6319	14	14	0	1	1	0.8156	0.7560
22	424	1	670.1819	13	3	0	1	1	0.8160	0.6462
22	425	1	671.7318	11	4	90	0	1	0.8141	0.8224
22	426	1	673.2817	12	9	0	1	1	0.8146	0.9204
22	427	1	674.8316	11	4	0	1	1	0.8150	0.6841
22	428	1	676.3815	13	3	0	1	1	0.8154	0.6865
22	429	1	677.9314	14	14	0	1	1	0.8159	0.7983
22	430	1	679.4814	1	10	90	1	1	0.8163	1.0105
22	431	1	681.0313	14	14	90	1	1	0.8167	0.9811
22	432	1	682.5812	2	13	0	1	1	0.8171	0.6946
22	433	1	684.1311	14	14	0	1	1	0.8176	0.4889
22	434	1	685.6810	15	6	0	1	1	0.8180	0.6829
22	435	1	687.2310	2	13	90	0	1	0.8161	0.4609
22	436	1	688.7809	14	14	0	1	1	0.8165	0.8153
22	437	1	690.3308	13	3	0	1	1	0.8169	0.6413
22	438	1	691.8807	14	14	0	1	1	0.8174	0.6114
22	439	1	693.4306	15	6	0	1	1	0.8178	0.4675
22	440	1	694.9805	1	10	0	1	1	0.8182	0.5202
22	441	1	696.5305	14	14	90	0	1	0.8163	0.3456
22	442	1	698.0804	2	13	0	1	1	0.8167	0.6497
22	443	1	699.6303	15	6	0	1	1	0.8172	0.5579
22	444	1	701.1802	1	10	90	1	1	0.8176	0.8316
22	445	1	702.7301	2	13	90	0	1	0.8157	0.6080
22	446	1	704.2801	1	10	0	1	1	0.8161	0.5941
22	447	1	705.8300	14	14	0	1	1	0.8166	0.6441
22	448	1	707.3799	13	3	0	1	1	0.8170	0.4724
22	449	1	708.9298	11	4	0	1	1	0.8174	0.4580
22	450	1	710.4797	12	9	0	1	1	0.8178	0.5241
22	451	1	712.0297	9	12	0	1	1	0.8182	0.9565
22	452	1	713.5796	12	9	0	1	1	0.8186	0.8305
22	453	1	715.1295	13	3	0	1	1	0.8190	0.6426
22	454	1	716.6794	12	9	0	1	1	0.8194	0.5627
22	455	1	718.2293	11	4	0	1	1	0.8198	0.5659
22	456	1	719.7792	12	9	90	0	1	0.8180	0.6006
22	457	1	721.3292	9	12	0	1	1	0.8184	0.8108
22	458	1	722.8791	11	4	90	0	1	0.8166	0.7166
22	459	1	724.4290	9	12	90	1	1	0.8170	1.0068
22	460	1	725.9789	8	5	0	1	1	0.8174	0.8632
22	461	1	727.5288	5	11	0	1	1	0.8178	0.7390
22	462	1	729.0788	7	7	0	1	1	0.8182	0.7882
22	463	1	730.6287	4	15	0	1	1	0.8186	0.8394
22	464	1	732.1786	3	2	0	1	1	0.8190	0.6646
22	465	1	733.7285	15	6	0	1	1	0.8194	0.7639
22	466	1	735.2784	1	10	0	1	1	0.8197	0.7656
22	467	1	736.8283	14	14	0	1	1	0.8201	0.7818
22	468	1	738.3783	2	13	0	1	1	0.8205	0.6258
22	469	1	739.9282	15	6	0	1	1	0.8209	0.6921
22	470	1	741.4781	3	2	0	1	1	0.8213	0.6920
22	471	1	743.0280	15	6	0	1	1	0.8217	0.5820
22	472	1	744.5780	14	14	0	1	1	0.8220	0.7442
22	473	1	746.1279	13	3	0	1	1	0.8224	0.6046
22	474	1	747.6778	14	14	90	0	1	0.8207	0.5743
22	475	1	749.2277	1	10	0	1	1	0.8211	0.5904
22	476	1	750.7776	3	2	0	1	1	0.8214	0.6244
22	477	1	752.3276	15	6	90	1	1	0.8218	1.4266
22	478	1	753.8775	14	14	90	0	1	0.8201	0.7747
22	479	1	755.4274	15	6	0	1	1	0.8205	0.7922
22	480	1	756.9773	2	13	0	1	1	0.8208	0.7789
22	481	1	758.5272	1	10	0	1	1	0.8212	0.5730
22	482	1	760.0771	2	13	0	1	1	0.8216	0.6545
22	483	1	761.6271	1	10	90	1	1	0.8219	1.0404
22	484	1	763.1770	2	13	0	1	1	0.8223	0.5632
22	485	1	764.7269	1	10	0	1	1	0.8227	0.4512
22	486	1	766.2768	3	2	0	1	1	0.8230	0.5033
22	487	1	767.8267	15	6	0	1	1	0.8234	0.6653
22	488	1	769.3766	3	2	90	1	1	0.8238	1.1775
22	489	1	770.9266	1	10	0	1	1	0.8241	0.6215
22	490	1	772.4765	2	13	0	1	1	0.8245	0.6556
22	491	1	774.0264	1	10	0	1	1	0.8248	0.5774
22	492	1	775.5763	14	14	0	1	1	0.8252	0.7218
22	493	1	777.1263	15	6	0	1	1	0.8256	0.6438
22	494	1	778.6761	1	10	90	0	1	0.8239	0.6640
22	495	1	780.2261	2	13	0	1	1	0.8242	1.3215
22	496	1	781.7760	3	2	0	1	1	0.8246	0.7156
22	497	1	783.3259	15	6	0	0	1	0.8229	0.7498
22	498	1	784.8758	3	2	0	1	1	0.8233	0.6246
22	499	1	786.4257	4	15	0	1	1	0.8236	0.7383
22	500	1	787.9757	6	8	0	1	1	0.8240	0.6264
22	501	1	789.5256	7	7	0	1	1	0.8244	0.5665
22	502	1	791.0755	4	15	0	1	1	0.8247	0.6164
22	503	1	792.6254	5	11	0	1	1	0.8250	0.7300
22	504	1	794.1753	4	15	0	1	1	0.8254	0.5707
22	505	1	795.7253	5	11	0	1	1	0.8257	0.6707
22	506	1	797.2752	8	5	0	1	1	0.8261	0.6086
22	507	1	798.8251	9	12	90	1	1	0.8264	0.8510
22	508	1	800.3750	12	9	0	1	1	0.8268	0.7079
22	509	1	801.9249	9	12	0	1	1	0.8271	0.6148
22	510	1	803.4749	11	4	0	1	1	0.8275	0.9208
22	511	1	805.0248	10	1	0	1	1	0.8278	0.9235
22	512	1	806.5747	13	3	0	1	1	0.8281	0.6197
22	513	1	808.1246	10	1	0	1	1	0.8285	0.4934
22	514	1	809.6745	9	12	0	1	1	0.8288	0.5928
22	515	1	811.2245	12	9	90	0	1	0.8272	0.5456
22	516	1	812.7744	13	3	0	1	1	0.8275	0.5971
22	517	1	814.3243	14	14	0	1	1	0.8279	0.8558
22	518	1	815.8742	1	10	0	1	1	0.8282	0.6020
22	519	1	817.4241	15	6	0	1	1	0.8285	0.7318
22	520	1	818.9741	1	10	0	1	1	0.8288	0.5900
22	521	1	820.5240	3	2	0	1	1	0.8292	0.5280
22	522	1	822.0739	4	15	0	1	1	0.8295	0.6420
22	523	1	823.6238	5	11	0	1	1	0.8298	0.7562
22	524	1	825.1737	7	7	0	1	1	0.8302	0.6782
22	525	1	826.7236	6	8	0	1	1	0.8305	0.6328
22	526	1	828.2736	5	11	0	1	1	0.8308	0.7141
22	527	1	829.8235	4	15	90	0	1	0.8292	0.6684
22	528	1	831.3734	6	8	0	1	1	0.8295	0.5265
22	529	1	832.9233	7	7	0	1	1	0.8299	0.7844
22	530	1	834.4732	5	11	0	1	1	0.8302	0.6427
22	531	1	836.0232	7	7	90	0	1	0.8286	0.6288
22	532	1	837.5731	8	5	90	1	1	0.8289	0.9009
22	533	1	839.1230	5	11	0	1	1	0.8293	0.6631
22	534	1	840.6729	8	5	0	1	1	0.8296	1.0350
22	535	1	842.2228	9	12	90	1	1	0.8299	0.9729
22	536	1	843.7728	11	4	0	1	1	0.8302	0.8962
22	537	1	845.3227	10	1	0	1	1	0.8305	0.6734
22	538	1	846.8726	11	4	0	1	1	0.8309	0.6748
22	539	1	848.4225	10	1	0	1	1	0.8312	0.5494
22	540	1	849.9724	9	12	90	0	1	0.8296	0.5515
22	541	1	851.5223	8	5	90	1	1	0.8299	0.7937
22	542	1	853.0723	9	12	90	1	1	0.8303	0.8596
22	543	1	854.6222	8	5	0	1	1	0.8306	0.7019
22	544	1	856.1721	5	11	90	0	1	0.8290	0.7200
22	545	1	857.7220	7	7	0	1	1	0.8294	0.8321
22	546	1	859.2719	4	15	0	1	1	0.8297	0.6112
22	547	1	860.8219	5	11	0	1	1	0.8300	0.6122
22	548	1	862.3718	7	7	0	1	1	0.8303	0.5823
22	549	1	863.9217	5	11	0	1	1	0.8306	0.6499
22	550	1	865.4716	7	7	0	1	1	0.8309	0.6520
22	551	1	867.0215	8	5	90	1	1	0.8312	0.7647
22	552	1	868.5714	7	7	0	1	1	0.8315	0.6242
22	553	1	870.1214	4	15	0	1	1	0.8318	0.4345
22	554	1	871.6713	7	7	0	1	1	0.8321	0.5324
22	555	1	873.2212	8	5	0	1	1	0.8324	0.6288
22	556	1	874.7711	9	12	0	1	1	0.8327	0.6949
22	557	1	876.3210	11	4	90	0	1	0.8312	0.6511
22	558	1	877.8710	13	3	90	1	1	0.8315	0.8448
22	559	1	879.4209	14	14	0	1	1	0.8318	0.8131
22	560	1	880.9708	15	6	90	1	1	0.8321	1.1047
22	561	1	882.5207	3	2	0	1	1	0.8324	0.7550
22	562	1	884.0706	15	6	0	1	1	0.8327	0.5314
22	563	1	885.6205	1	10	0	1	1	0.8330	0.6791
22	564	1	887.1705	3	2	0	1	1	0.8333	0.6015
22	565	1	888.7204	2	13	90	1	1	0.8336	0.8755
22	566	1	890.2703	14	14	0	1	1	0.8339	0.6378
22	567	1	891.8202	13	3	0	1	1	0.8342	0.7196
22	568	1	893.3701	11	4	0	1	1	0.8345	0.4335
22	569	1	894.9201	9	12	0	1	1	0.8348	0.8358
22	570	1	896.4700	12	9	0	1	1	0.8351	0.1001
22	571	1	898.0199	10	1	0	1	1	0.8354	0.7602
22	572	1	899.5698	9	12	0	1	1	0.8357	0.6482
22	573	1	901.1197	8	5	0	1	1	0.8360	0.5549
22	574	1	902.6697	9	12	90	0	1	0.8345	0.4140
22	575	1	904.2196	10	1	0	1	1	0.8348	0.5764
22	576	1	905.7695	9	12	0	1	1	0.8351	0.4983
22	577	1	907.3194	10	1	90	1	1	0.8354	0.7563
22	578	1	908.8694	13	3	0	1	1	0.8356	0.5646
22	579	1	910.4193	14	14	0	1	1	0.8359	0.6165
22	580	1	911.9692	2	13	90	0	1	0.8345	0.9209
22	581	1	913.5191	3	2	0	1	1	0.8348	0.6189
22	582	1	915.0690	4	15	0	1	1	0.8351	0.6549
22	583	1	916.6189	5	11	0	1	1	0.8353	0.5290
22	584	1	918.1688	6	8	90	0	1	0.8339	0.6269
22	585	1	919.7188	4	15	0	1	1	0.8342	0.6927
22	586	1	921.2687	5	11	0	1	1	0.8345	0.6133
22	587	1	922.8186	8	5	0	1	1	0.8348	0.7126
22	588	1	924.3685	5	11	0	1	1	0.8350	0.5714
22	589	1	925.9184	7	7	0	1	1	0.8353	0.6204
22	590	1	927.4684	5	11	90	0	1	0.8339	0.6555
22	591	1	929.0183	8	5	0	1	1	0.8342	0.5455
22	592	1	930.5682	7	7	0	1	1	0.8345	0.6438
22	593	1	932.1181	5	11	0	1	1	0.8347	0.5511
22	594	1	933.6680	8	5	0	1	1	0.8350	0.5997
22	595	1	935.2180	6	8	90	1	1	0.8353	0.6175
22	596	1	936.7679	7	7	0	1	1	0.8356	0.7142
22	597	1	938.3178	8	5	0	1	1	0.8358	0.5568
22	598	1	939.8677	5	11	0	1	1	0.8361	1.1023
22	599	1	941.4176	8	5	90	1	1	0.8364	0.7544
22	600	1	942.9675	7	7	0	1	1	0.8367	0.6124
22	601	1	1033.2961	4	15	90	-1	0	0.8353	-1.0000
22	602	1	1035.3627	6	8	90	1	1	0.8355	0.0168
22	603	1	1036.9126	4	15	0	1	1	0.8358	0.6653
22	604	1	1038.4625	7	7	0	1	1	0.8361	0.6373
22	605	1	1040.0124	8	5	90	1	1	0.8364	0.8152
22	606	1	1041.5624	9	12	90	1	1	0.8366	0.8476
22	607	1	1043.1123	12	9	0	1	1	0.8369	0.6753
22	608	1	1044.6622	10	1	0	1	1	0.8372	0.5979
22	609	1	1046.2121	12	9	0	1	1	0.8374	0.5847
22	610	1	1047.7620	13	3	0	1	1	0.8377	0.5999
22	611	1	1049.3119	14	14	90	1	1	0.8380	0.9860
22	612	1	1050.8619	2	13	0	1	1	0.8382	0.6682
22	613	1	1052.4118	1	10	0	1	1	0.8385	0.5741
22	614	1	1053.9617	2	13	90	0	1	0.8371	0.8163
22	615	1	1055.5116	14	14	0	1	1	0.8374	0.7224
22	616	1	1057.0615	15	6	0	0	1	0.8360	0.7724
22	617	1	1058.6115	14	14	0	1	1	0.8363	0.5682
22	618	1	1060.1614	13	3	0	1	1	0.8366	1.0486
22	619	1	1061.7113	12	9	90	-1	0	0.8352	-1.0000
22	620	1	1063.7945	13	3	90	1	1	0.8355	0.9514
22	621	1	1065.3444	14	14	0	1	1	0.8357	0.6517
22	622	1	1066.8944	1	10	0	1	1	0.8360	0.6534
22	623	1	1068.4443	2	13	90	0	1	0.8347	0.8800
22	624	1	1069.9942	3	2	0	1	1	0.8349	0.6419
22	625	1	1071.5441	2	13	0	0	1	0.8336	0.6738
22	626	1	1073.0940	15	6	90	1	1	0.8339	1.2054
22	627	1	1074.6440	14	14	0	1	1	0.8341	0.6486
22	628	1	1076.1939	15	6	0	0	1	0.8328	0.7121
22	629	1	1077.7438	2	13	0	1	1	0.8331	0.6839
22	630	1	1079.2937	1	10	0	1	1	0.8333	0.5900
22	631	1	1080.8436	15	6	0	1	1	0.8336	0.7037
22	632	1	1082.3935	2	13	0	1	1	0.8339	0.6421
22	633	1	1083.9435	3	2	0	1	1	0.8341	0.6435
22	634	1	1085.4934	2	13	90	0	1	0.8328	0.5189
22	635	1	1087.0433	1	10	0	1	1	0.8331	0.6326
22	636	1	1088.5932	14	14	90	0	1	0.8318	0.6329
22	637	1	1090.1431	13	3	0	1	1	0.8320	0.6527
22	638	1	1091.6931	12	9	0	1	1	0.8323	0.7351
22	639	1	1093.2430	10	1	0	1	1	0.8326	0.6726
22	640	1	1094.7929	9	12	0	1	1	0.8328	0.7069
22	641	1	1096.3428	11	4	90	0	1	0.8315	1.0611
22	642	1	1097.9761	12	9	90	0	1	0.8302	0.8511
22	643	1	1099.5260	13	3	0	1	1	0.8305	0.5813
22	644	1	1101.0759	14	14	0	1	1	0.8307	0.6319
22	645	1	1102.6258	15	6	90	1	1	0.8310	1.0659
22	646	1	1104.1757	1	10	0	1	1	0.8313	0.6663
22	647	1	1105.7257	2	13	0	1	1	0.8315	0.6043
22	648	1	1107.2756	15	6	0	1	1	0.8318	0.8482
22	649	1	1108.8255	2	13	0	1	1	0.8320	0.7380
22	650	1	1110.3754	14	14	0	1	1	0.8323	0.7545
22	651	1	1111.9253	2	13	90	1	1	0.8326	1.0303
22	652	1	1113.4752	15	6	0	1	1	0.8328	0.8881
22	653	1	1115.0252	2	13	0	1	1	0.8331	1.1927
22	654	1	1116.5751	14	14	0	1	1	0.8333	0.6685
22	655	1	1118.1250	13	3	0	1	1	0.8336	0.6386
22	656	1	1119.6749	11	4	0	1	1	0.8338	0.8011
22	657	1	1121.2249	12	9	0	1	1	0.8341	0.7373
22	658	1	1122.7748	13	3	90	1	1	0.8343	0.9009
22	659	1	1124.3247	10	1	0	1	1	0.8346	0.6471
22	660	1	1125.8746	13	3	0	1	1	0.8348	0.4890
22	661	1	1127.4245	10	1	0	1	1	0.8351	0.6014
22	662	1	1128.9744	11	4	0	1	1	0.8353	0.4775
22	663	1	1130.5244	10	1	0	1	1	0.8356	0.5912
22	664	1	1132.0743	13	3	0	1	1	0.8358	0.6257
22	665	1	1133.6242	12	9	0	1	1	0.8361	0.6417
22	666	1	1135.1741	13	3	0	1	1	0.8363	0.5178
22	667	1	1136.7240	14	14	0	1	1	0.8366	0.7419
22	668	1	1138.2740	15	6	0	1	1	0.8368	0.8580
22	669	1	1139.8239	1	10	90	1	1	0.8371	0.9880
22	670	1	1141.3738	2	13	0	1	1	0.8373	0.7016
22	671	1	1142.9237	15	6	90	1	1	0.8376	1.0081
22	672	1	1144.4736	14	14	0	1	1	0.8378	0.6102
22	673	1	1146.0236	15	6	0	1	1	0.8380	0.6604
22	674	1	1147.5735	2	13	0	1	1	0.8383	0.5507
22	675	1	1149.1234	14	14	0	1	1	0.8385	0.6964
22	676	1	1150.6733	1	10	0	1	1	0.8388	0.6656
22	677	1	1152.2232	2	13	0	1	1	0.8390	0.6048
22	678	1	1153.7731	1	10	90	0	1	0.8378	0.6066
22	679	1	1155.3231	2	13	0	1	1	0.8380	0.8485
22	680	1	1156.8730	14	14	0	1	1	0.8382	0.6581
22	681	1	1158.4229	15	6	0	1	1	0.8385	0.7882
22	682	1	1159.9728	3	2	0	1	1	0.8387	0.6790
22	683	1	1161.5227	15	6	0	1	1	0.8389	0.7291
22	684	1	1163.0726	3	2	0	1	1	0.8392	0.7613
22	685	1	1164.6226	4	15	0	1	1	0.8394	0.6994
22	686	1	1166.1725	6	8	0	1	1	0.8397	0.5894
22	687	1	1167.7224	4	15	90	1	1	0.8399	0.8657
22	688	1	1169.2724	5	11	0	1	1	0.8401	1.0431
22	689	1	1170.8223	4	15	0	1	1	0.8403	0.6604
22	690	1	1172.3722	7	7	0	1	1	0.8406	0.5682
22	691	1	1173.9221	5	11	90	0	1	0.8394	0.6822
22	692	1	1175.4720	8	5	0	1	1	0.8396	0.5883
22	693	1	1177.0219	5	11	0	1	1	0.8398	0.7340
22	694	1	1178.5718	4	15	90	0	1	0.8386	0.8320
22	695	1	1180.1218	6	8	0	1	1	0.8388	0.5607
22	696	1	1181.6717	8	5	0	1	1	0.8391	0.6282
22	697	1	1183.2216	9	12	0	1	1	0.8393	1.1901
22	698	1	1184.7715	8	5	0	1	1	0.8395	0.9835
22	699	1	1186.3214	7	7	0	1	1	0.8398	0.6183
22	700	1	1187.8714	5	11	0	1	1	0.8400	0.6674
22	701	1	1189.4213	8	5	0	1	1	0.8402	0.6225
22	702	1	1190.9712	9	12	0	1	1	0.8405	0.7833
22	703	1	1192.5211	11	4	0	1	1	0.8407	0.8019
22	704	1	1194.0710	9	12	90	1	1	0.8409	0.7888
22	705	1	1195.6210	8	5	0	1	1	0.8411	0.5189
22	706	1	1197.1709	7	7	0	1	1	0.8414	0.5841
22	707	1	1198.7208	4	15	0	1	1	0.8416	0.5868
22	708	1	1200.2707	3	2	0	1	1	0.8418	0.6192
22	709	1	1201.8206	15	6	0	1	1	0.8420	0.8482
22	710	1	1203.3705	1	10	0	1	1	0.8423	0.6251
22	711	1	1204.9205	2	13	0	1	1	0.8425	0.5150
22	712	1	1206.4704	15	6	0	1	1	0.8427	0.8995
22	713	1	1208.0203	14	14	0	1	1	0.8429	0.6795
22	714	1	1209.5702	2	13	0	1	1	0.8431	0.6655
22	715	1	1211.1202	1	10	0	1	1	0.8434	0.6838
22	716	1	1212.6701	3	2	0	1	1	0.8436	0.6862
22	717	1	1214.2200	2	13	0	1	1	0.8438	0.5436
22	718	1	1215.7699	15	6	0	1	1	0.8440	0.8354
22	719	1	1217.3198	2	13	0	1	1	0.8442	0.6443
22	720	1	1218.8697	1	10	90	0	1	0.8431	0.6301
22	721	1	1220.4197	3	2	0	1	1	0.8433	0.6642
22	722	1	1221.9696	1	10	90	1	1	0.8435	1.2424
22	723	1	1223.5195	3	2	0	1	1	0.8437	0.7144
22	724	1	1225.0694	1	10	0	1	1	0.8439	0.8925
22	725	1	1226.6193	15	6	90	1	1	0.8441	1.0410
22	726	1	1228.1692	14	14	0	1	1	0.8444	0.7063
22	727	1	1229.7192	2	13	90	1	1	0.8446	1.2682
22	728	1	1231.2691	14	14	0	1	1	0.8448	0.8549
22	729	1	1232.8190	2	13	0	1	1	0.8450	0.8246
22	730	1	1234.3689	1	10	0	1	1	0.8452	0.9381
22	731	1	1235.9189	15	6	0	1	1	0.8454	0.8767
22	732	1	1237.4688	1	10	0	1	1	0.8456	0.6211
22	733	1	1239.0187	3	2	90	0	1	0.8445	0.5931
22	734	1	1240.5686	2	13	0	1	1	0.8447	0.7553
22	735	1	1242.1185	1	10	0	1	1	0.8449	0.8515
22	736	1	1243.6684	14	14	0	1	1	0.8451	0.7271
22	737	1	1245.2183	2	13	90	0	1	0.8440	0.6635
22	738	1	1246.7683	3	2	90	0	1	0.8428	0.7474
22	739	1	1248.3182	2	13	90	1	1	0.8430	1.1159
22	740	1	1249.8681	14	14	90	1	1	0.8432	0.8466
22	741	1	1251.4180	15	6	0	1	1	0.8435	1.0097
22	742	1	1252.9680	1	10	0	1	1	0.8437	0.7717
22	743	1	1254.5179	15	6	90	1	1	0.8439	0.8537
22	744	1	1256.0678	1	10	0	1	1	0.8441	0.6960
22	745	1	1257.6177	3	2	0	-1	0	0.8430	-1.0000
22	746	1	1259.7509	2	13	0	1	1	0.8432	0.9800
22	747	1	1261.3008	14	14	0	1	1	0.8434	0.7749
22	748	1	1262.8508	1	10	0	1	1	0.8436	0.5991
22	749	1	1264.4007	2	13	0	-1	0	0.8425	-1.0000
22	750	1	1266.4839	15	6	0	1	1	0.8427	0.8240
22	751	1	1268.0338	1	10	90	1	1	0.8429	0.8742
22	752	1	1269.5837	14	14	0	1	1	0.8431	0.7309
22	753	1	1271.1337	13	3	0	1	1	0.8433	0.6522
22	754	1	1272.6836	10	1	0	1	1	0.8435	0.6081
22	755	1	1274.2335	9	12	0	1	1	0.8437	0.8023
22	756	1	1275.7834	8	5	0	1	1	0.8439	0.6763
22	757	1	1277.3334	6	8	90	1	1	0.8441	1.0464
22	758	1	1278.8833	4	15	90	1	1	0.8443	1.0946
22	759	1	1280.4332	5	11	0	1	1	0.8445	0.8909
22	760	1	1281.9831	7	7	0	1	1	0.8447	0.7804
22	761	1	1283.5330	5	11	90	0	1	0.8436	0.6384
22	762	1	1285.0829	6	8	0	1	1	0.8438	0.6887
22	763	1	1286.6328	8	5	0	1	1	0.8440	0.5788
22	764	1	1288.1828	6	8	0	1	1	0.8442	0.6127
22	765	1	1289.7327	7	7	0	1	1	0.8444	0.6464
22	766	1	1291.2826	5	11	0	1	1	0.8446	0.7295
22	767	1	1292.8325	7	7	0	1	1	0.8449	0.6333
22	768	1	1294.3824	6	8	0	1	1	0.8451	0.5893
22	769	1	1295.9324	4	15	0	1	1	0.8453	0.9254
22	770	1	1297.4823	5	11	90	0	1	0.8442	0.7532
22	771	1	1299.0322	8	5	0	1	1	0.8444	0.6115
22	772	1	1300.5821	9	12	0	1	1	0.8446	0.7877
22	773	1	1302.1320	10	1	0	1	1	0.8448	0.6795
22	774	1	1303.6820	9	12	0	1	1	0.8450	0.8558
22	775	1	1305.2319	10	1	0	1	1	0.8452	0.2350
22	776	1	1306.7818	12	9	0	1	1	0.8454	0.0170
22	777	1	1308.3317	9	12	0	1	1	0.8456	0.6239
22	778	1	1309.8816	10	1	0	1	1	0.8458	0.5618
22	779	1	1311.4316	13	3	90	1	1	0.8460	0.7563
22	780	1	1312.9815	14	14	0	1	1	0.8462	0.6787
22	781	1	1314.5314	15	6	0	1	1	0.8464	0.6486
22	782	1	1316.0813	1	10	0	1	1	0.8465	0.5704
22	783	1	1317.6312	2	13	0	1	1	0.8467	0.6522
22	784	1	1319.1811	14	14	90	1	1	0.8469	0.8447
22	785	1	1320.7311	13	3	0	1	1	0.8471	0.5429
22	786	1	1322.2810	10	1	0	1	1	0.8473	0.6408
22	787	1	1323.8309	13	3	0	1	1	0.8475	0.6269
22	788	1	1325.3808	11	4	0	1	1	0.8477	0.6636
22	789	1	1326.9307	13	3	0	1	1	0.8479	0.4409
22	790	1	1328.4806	10	1	0	1	1	0.8481	0.6509
22	791	1	1330.0306	13	3	0	1	1	0.8483	0.6848
22	792	1	1331.5805	11	4	0	1	1	0.8485	1.2773
22	793	1	1333.1304	12	9	0	1	1	0.8487	0.6728
22	794	1	1334.6803	13	3	0	1	1	0.8489	0.5635
22	795	1	1336.2302	12	9	0	1	1	0.8491	0.6287
22	796	1	1337.7802	9	12	90	0	1	0.8480	0.7119
22	797	1	1339.3301	11	4	0	1	1	0.8482	0.6316
22	798	1	1340.8800	13	3	0	1	1	0.8484	0.6839
22	799	1	1342.4299	10	1	0	1	1	0.8486	0.5738
22	800	1	1343.9799	11	4	0	1	1	0.8488	0.6881
22	801	1	1345.5298	10	1	90	-1	0	0.8477	-1.0000
22	802	1	1347.5297	11	4	0	1	1	0.8479	0.6256
22	803	1	1349.0796	10	1	0	1	1	0.8481	0.7082
22	804	1	1350.6295	13	3	0	1	1	0.8483	0.5504
22	805	1	1352.1794	14	14	90	1	1	0.8484	0.7762
22	806	1	1353.7293	1	10	0	1	1	0.8486	0.5703
22	807	1	1355.2792	14	14	0	1	1	0.8488	0.6521
22	808	1	1356.8292	2	13	0	1	1	0.8490	0.6686
22	809	1	1358.3791	14	14	0	1	1	0.8492	0.8947
22	810	1	1359.9290	2	13	90	0	1	0.8481	0.7070
22	811	1	1361.4789	15	6	0	1	1	0.8483	0.8349
22	812	1	1363.0288	14	14	0	1	1	0.8485	0.7741
22	813	1	1364.5788	13	3	90	0	1	0.8475	0.9210
22	814	1	1366.1287	14	14	0	1	1	0.8477	0.5231
22	815	1	1367.6786	13	3	0	1	1	0.8479	0.6847
22	816	1	1369.2286	14	14	0	1	1	0.8480	0.5752
22	817	1	1370.7784	2	13	0	1	1	0.8482	0.6713
22	818	1	1372.3284	14	14	0	1	1	0.8484	0.6117
22	819	1	1373.8783	13	3	90	1	1	0.8486	0.8376
22	820	1	1375.4282	14	14	0	1	1	0.8488	0.7426
22	821	1	1376.9781	2	13	90	1	1	0.8490	0.9994
22	822	1	1378.5280	15	6	0	1	1	0.8491	0.7472
22	823	1	1380.0779	14	14	0	1	1	0.8493	0.6057
22	824	1	1381.6279	13	3	0	1	1	0.8495	0.6078
22	825	1	1383.1778	12	9	0	1	1	0.8497	0.6425
22	826	1	1384.7277	9	12	0	1	1	0.8499	0.7398
22	827	1	1386.2776	12	9	0	1	1	0.8501	0.5817
22	828	1	1387.8275	11	4	0	1	1	0.8502	0.4232
22	829	1	1389.3775	9	12	0	1	1	0.8504	0.5544
22	830	1	1390.9940	10	1	0	1	1	0.8506	0.7613
22	831	1	1392.5440	11	4	0	1	1	0.8508	0.6036
22	832	1	1394.0939	10	1	0	1	1	0.8510	0.3496
22	833	1	1395.6438	12	9	90	0	1	0.8499	0.1919
22	834	1	1397.1937	13	3	90	0	1	0.8489	0.0356
22	835	1	1398.7436	10	1	0	1	1	0.8491	0.7403
22	836	1	1400.2936	9	12	0	1	1	0.8493	0.5962
22	837	1	1401.8435	12	9	0	1	1	0.8495	0.5822
22	838	1	1403.3934	13	3	90	1	1	0.8496	1.0503
22	839	1	1404.9433	14	14	0	1	1	0.8498	0.5704
22	840	1	1406.4932	2	13	0	1	1	0.8500	0.8637
22	841	1	1408.0431	15	6	90	1	1	0.8502	1.0247
22	842	1	1409.5931	1	10	0	1	1	0.8504	0.6908
22	843	1	1411.1430	14	14	0	1	1	0.8505	0.4370
22	844	1	1412.6929	2	13	0	1	1	0.8507	0.7904
22	845	1	1414.2428	15	6	90	1	1	0.8509	1.1269
22	846	1	1415.7928	2	13	0	1	1	0.8511	0.7629
22	847	1	1417.3427	1	10	90	1	1	0.8512	1.0691
22	848	1	1418.8926	14	14	0	1	1	0.8514	0.8451
22	849	1	1420.4425	2	13	0	1	1	0.8516	0.6730
22	850	1	1421.9924	3	2	0	1	1	0.8518	0.5473
22	851	1	1423.5424	1	10	90	1	1	0.8519	0.7243
22	852	1	1425.0923	15	6	0	1	1	0.8521	0.6454
22	853	1	1426.6422	14	14	90	0	1	0.8511	0.6636
22	854	1	1428.1921	15	6	90	1	1	0.8513	1.1616
22	855	1	1429.7420	3	2	90	1	1	0.8515	0.8616
22	856	1	1431.2919	15	6	90	1	1	0.8516	0.6890
22	857	1	1432.8419	3	2	0	1	1	0.8518	0.7056
22	858	1	1434.3918	15	6	0	0	1	0.8508	0.8022
22	859	1	1435.9417	1	10	0	1	1	0.8510	0.6620
22	860	1	1437.4916	3	2	0	1	1	0.8512	0.7126
22	861	1	1439.0415	4	15	0	1	1	0.8513	0.8099
22	862	1	1440.5914	7	7	0	1	1	0.8515	1.1802
22	863	1	1442.1414	6	8	0	1	1	0.8517	0.7171
22	864	1	1443.6913	8	5	0	1	1	0.8519	0.6864
22	865	1	1445.2412	7	7	90	0	1	0.8509	0.7709
22	866	1	1447.0578	4	15	0	1	1	0.8510	0.9379
22	867	1	1448.6077	6	8	0	1	1	0.8512	0.6848
22	868	1	1450.1576	7	7	0	1	1	0.8514	0.7335
22	869	1	1451.7075	5	11	0	1	1	0.8516	0.7342
22	870	1	1453.2575	7	7	90	0	1	0.8506	1.0582
22	871	1	1454.8240	5	11	0	1	1	0.8507	1.1074
22	872	1	1456.3740	4	15	0	1	1	0.8509	0.6777
22	873	1	1457.9239	6	8	0	1	1	0.8511	1.0637
22	874	1	1459.4738	4	15	90	1	1	0.8513	0.8899
22	875	1	1461.0237	5	11	0	1	1	0.8514	0.7797
22	876	1	1462.5736	7	7	90	0	1	0.8505	0.6868
22	877	1	1464.1235	5	11	0	1	1	0.8506	1.0879
22	878	1	1465.6735	8	5	0	1	1	0.8508	0.7064
22	879	1	1467.2234	9	12	0	-1	0	0.8498	-1.0000
22	880	1	1470.2399	11	4	0	1	1	0.8500	0.9058
22	881	1	1471.7898	9	12	90	1	1	0.8502	0.8919
22	882	1	1473.3397	10	1	0	1	1	0.8503	0.5757
22	883	1	1474.8897	12	9	0	1	1	0.8505	0.6579
22	884	1	1476.4396	13	3	0	1	1	0.8507	0.5955
22	885	1	1477.9895	14	14	0	1	1	0.8508	0.9022
22	886	1	1479.5394	2	13	0	1	1	0.8510	0.6322
22	887	1	1481.0893	1	10	0	1	1	0.8512	0.5704
22	888	1	1482.6392	2	13	0	1	1	0.8514	0.6203
22	889	1	1484.1892	14	14	0	1	1	0.8515	0.6222
22	890	1	1485.7391	15	6	0	1	1	0.8517	0.6407
22	891	1	1487.2890	1	10	0	1	1	0.8519	0.6745
22	892	1	1488.8389	2	13	0	1	1	0.8520	0.6748
22	893	1	1490.3888	15	6	0	1	1	0.8522	0.6128
22	894	1	1491.9388	14	14	0	1	1	0.8523	0.7128
22	895	1	1493.4887	13	3	0	1	1	0.8525	0.6670
22	896	1	1495.0386	10	1	0	1	1	0.8527	0.0614
22	897	1	1497.2218	12	9	0	1	1	0.8528	0.9495
22	898	1	1498.7717	10	1	90	0	1	0.8519	0.9659
22	899	1	1500.3383	13	3	0	1	1	0.8521	0.5697
22	900	1	1501.8882	12	9	0	1	1	0.8522	0.5554
22	901	1	1503.4382	11	4	0	1	1	0.8524	0.6217
22	902	1	1504.9881	9	12	0	1	1	0.8525	0.6397
22	903	1	1506.5380	11	4	90	0	1	0.8516	0.5935
22	904	1	1508.0879	13	3	0	1	1	0.8518	0.6420
22	905	1	1509.6378	10	1	0	1	1	0.8519	0.7099
22	906	1	1511.1877	9	12	0	1	1	0.8521	0.7900
22	907	1	1512.7377	11	4	0	1	1	0.8523	0.6023
22	908	1	1514.2876	10	1	90	1	1	0.8524	1.0199
22	909	1	1515.8375	13	3	0	1	1	0.8526	0.5580
22	910	1	1517.3874	14	14	0	1	1	0.8527	0.5601
22	911	1	1518.9373	13	3	0	1	1	0.8529	0.0168
22	912	1	1520.4873	10	1	0	1	1	0.8531	0.6285
22	913	1	1522.0372	13	3	0	1	1	0.8532	0.5183
22	914	1	1523.5871	11	4	0	1	1	0.8534	0.7906
22	915	1	1528.2202	10	1	0	1	1	0.8536	0.7834
22	916	1	1529.7701	12	9	0	1	1	0.8537	0.8017
22	917	1	1531.3200	13	3	0	1	1	0.8539	0.5636
22	918	1	1532.8699	12	9	0	1	1	0.8540	0.0857
22	919	1	1534.4199	9	12	0	1	1	0.8542	0.1518
22	920	1	1535.9698	12	9	0	1	1	0.8543	0.8078
22	921	1	1537.5197	9	12	0	1	1	0.8545	0.6680
22	922	1	1539.0696	11	4	0	1	1	0.8547	0.6376
22	923	1	1540.6195	13	3	0	1	1	0.8548	0.6082
22	924	1	1542.1695	11	4	0	1	1	0.8550	0.5621
22	925	1	1543.7194	10	1	0	1	1	0.8551	0.6583
22	926	1	1545.2693	13	3	0	1	1	0.8553	0.6284
22	927	1	1546.8192	14	14	0	1	1	0.8554	0.8225
22	928	1	1548.3691	2	13	0	-1	0	0.8545	-1.0000
22	929	1	1550.3857	3	2	0	1	1	0.8547	0.1541
22	930	1	1551.9356	4	15	0	1	1	0.8548	0.8120
22	931	1	1553.4855	6	8	0	1	1	0.8550	0.6538
22	932	1	1555.0354	8	5	0	1	1	0.8552	0.5743
22	933	1	1556.5854	7	7	0	-1	0	0.8542	-1.0000
22	934	1	1558.6519	6	8	0	1	1	0.8544	1.2308
22	935	1	1560.2018	8	5	0	1	1	0.8545	0.5309
22	936	1	1561.7518	7	7	0	1	1	0.8547	0.4040
22	937	1	1563.3017	8	5	0	1	1	0.8549	0.5499
22	938	1	1564.8516	7	7	0	1	1	0.8550	0.6959
22	939	1	1566.4015	8	5	0	1	1	0.8552	0.5681
22	940	1	1567.9514	7	7	0	1	1	0.8553	1.3882
22	941	1	1569.5013	4	15	0	1	1	0.8555	0.5737
22	942	1	1571.0513	3	2	0	1	1	0.8556	0.5438
22	943	1	1572.6012	15	6	90	0	1	0.8547	0.4645
22	944	1	1574.1511	14	14	90	0	1	0.8538	0.6916
22	945	1	1575.7010	13	3	0	1	1	0.8540	0.7087
22	946	1	1577.2510	11	4	0	1	1	0.8541	0.7288
22	947	1	1578.8009	12	9	0	1	1	0.8543	0.7786
22	948	1	1580.3508	11	4	90	-1	0	0.8534	-1.0000
22	949	1	1582.4340	12	9	0	1	1	0.8535	0.7758
22	950	1	1583.9839	9	12	0	1	1	0.8537	0.9558
22	951	1	1585.5338	8	5	0	1	1	0.8538	0.7638
22	952	1	1587.0838	5	11	0	1	1	0.8540	0.7517
22	953	1	1588.6337	4	15	0	1	1	0.8541	0.6900
22	954	1	1590.1836	7	7	0	1	1	0.8543	0.6606
22	955	1	1591.7335	6	8	0	1	1	0.8545	0.7577
22	956	1	1593.2834	8	5	0	1	1	0.8546	0.6953
22	957	1	1594.8333	7	7	0	1	1	0.8548	0.6818
22	958	1	1596.3833	8	5	0	1	1	0.8549	0.5401
22	959	1	1597.9332	6	8	0	1	1	0.8551	0.8618
22	960	1	1599.4831	8	5	0	1	1	0.8552	0.7185
22	961	1	1601.0330	5	11	90	1	1	0.8554	0.8347
22	962	1	1602.5829	7	7	0	1	1	0.8555	0.6765
22	963	1	1604.1329	6	8	0	1	1	0.8557	0.5007
22	964	1	1605.6828	5	11	0	1	1	0.8558	0.6646
22	965	1	1607.2327	4	15	0	1	1	0.8560	0.6490
22	966	1	1608.7826	6	8	90	1	1	0.8561	0.7172
22	967	1	1610.3325	4	15	0	1	1	0.8563	0.6873
22	968	1	1611.8825	7	7	0	1	1	0.8564	0.5131
22	969	1	1613.4324	4	15	90	1	1	0.8566	0.9149
22	970	1	1614.9823	5	11	0	1	1	0.8567	0.9333
22	971	1	1616.5322	4	15	0	1	1	0.8568	0.9354
22	972	1	1618.0821	6	8	0	-1	0	0.8560	-1.0000
22	973	1	1620.1320	4	15	0	1	1	0.8561	1.3033
22	974	1	1621.6819	7	7	0	1	1	0.8563	0.7452
22	975	1	1623.2319	6	8	0	1	1	0.8564	0.5218
22	976	1	1624.7818	4	15	0	1	1	0.8566	0.6065
22	977	1	1626.3317	6	8	0	1	1	0.8567	0.6059
22	978	1	1627.8816	4	15	90	0	1	0.8558	0.7697
22	979	1	1629.4315	5	11	90	0	1	0.8550	0.4998
22	980	1	1630.9815	6	8	90	1	1	0.8551	0.7098
22	981	1	1632.5314	8	5	0	1	1	0.8552	0.7761
22	982	1	1634.0813	5	11	90	1	1	0.8554	0.9861
22	983	1	1635.6312	8	5	0	1	1	0.8555	0.7159
22	984	1	1637.1812	7	7	0	1	1	0.8557	0.8784
22	985	1	1638.7311	8	5	90	-1	0	0.8548	-1.0000
22	986	1	1640.7643	7	7	0	1	1	0.8550	1.4067
22	987	1	1642.3142	4	15	0	1	1	0.8551	0.5274
22	988	1	1643.8641	3	2	0	1	1	0.8553	0.8513
22	989	1	1645.4140	15	6	90	1	1	0.8554	0.8688
22	990	1	1646.9640	2	13	0	1	1	0.8556	0.8536
22	991	1	1648.5139	3	2	90	1	1	0.8557	1.0337
22	992	1	1650.0638	2	13	0	1	1	0.8558	0.7959
22	993	1	1651.6137	15	6	0	-1	0	0.8550	-1.0000
22	994	1	1653.6636	3	2	0	1	1	0.8551	0.9712
22	995	1	1655.2135	15	6	0	0	1	0.8543	0.9098
22	996	1	1656.7634	3	2	0	1	1	0.8544	0.5602
22	997	1	1658.3134	1	10	0	1	1	0.8546	0.7223
22	998	1	1659.8633	2	13	0	1	1	0.8547	0.7063
22	999	1	1661.4132	3	2	0	1	1	0.8549	0.6464
22	1000	1	1662.9631	2	13	0	-1	1	0.8540	-1.0000
22	1001	1	1664.9964	3	2	0	1	1	0.8541	1.4452
22	1002	1	1666.6129	2	13	90	1	1	0.8543	1.1103
22	1003	1	1668.1629	14	14	0	1	1	0.8544	0.7908
22	1004	1	1669.7128	13	3	0	1	1	0.8546	0.5848
22	1005	1	1671.2627	11	4	0	1	1	0.8547	0.6030
22	1006	1	1672.8126	9	12	0	1	1	0.8549	0.8945
22	1007	1	1674.3625	8	5	0	1	1	0.8550	1.1692
22	1008	1	1675.9124	5	11	0	1	1	0.8552	1.0252
22	1009	1	1677.4624	7	7	0	1	1	0.8553	0.8050
22	1010	1	1679.0123	5	11	0	1	1	0.8554	0.6793
22	1011	1	1680.5622	6	8	90	1	1	0.8556	0.8874
22	1012	1	1682.1121	5	11	0	1	1	0.8557	0.5394
22	1013	1	1683.6620	6	8	0	1	1	0.8559	0.4935
22	1014	1	1685.2119	4	15	0	1	1	0.8560	0.6712
22	1015	1	1686.7619	6	8	0	1	1	0.8562	0.5770
22	1016	1	1688.3118	8	5	0	1	1	0.8563	0.3866
22	1017	1	1689.8617	7	7	0	-1	0	0.8555	-1.0000
22	1018	1	1691.9283	8	5	0	1	1	0.8556	1.2671
22	1019	1	1693.4781	9	12	0	1	1	0.8557	0.7416
22	1020	1	1695.0281	12	9	0	1	1	0.8559	0.7754
22	1021	1	1696.5780	9	12	0	-1	0	0.8550	-1.0000
22	1022	1	1698.6279	11	4	0	1	1	0.8552	1.2397
22	1023	1	1700.1778	13	3	0	1	1	0.8553	0.6337
22	1024	1	1701.7278	10	1	90	0	1	0.8545	0.8276
22	1025	1	1703.2777	11	4	90	0	1	0.8537	0.4927
22	1026	1	1704.8276	13	3	0	1	1	0.8538	0.6702
22	1027	1	1706.3775	12	9	0	1	1	0.8539	0.6579
22	1028	1	1707.9274	11	4	0	-1	0	0.8531	-1.0000
22	1029	1	1709.9440	13	3	0	1	1	0.8533	0.8833
22	1030	1	1711.4939	12	9	0	1	1	0.8534	0.6125
22	1031	1	1713.0438	10	1	0	1	1	0.8535	0.5818
22	1032	1	1714.5937	12	9	0	1	1	0.8537	0.5377
22	1033	1	1716.1437	13	3	0	1	1	0.8538	0.5081
22	1034	1	1717.6936	10	1	90	0	1	0.8530	1.0699
22	1035	1	1719.3435	12	9	0	1	1	0.8531	0.6040
22	1036	1	1720.8934	11	4	0	1	1	0.8533	0.6682
22	1037	1	1722.4433	12	9	0	1	1	0.8534	0.5766
22	1038	1	1723.9933	11	4	90	0	1	0.8526	1.0104
22	1039	1	1725.5765	10	1	90	0	1	0.8518	0.9147
22	1040	1	1727.1264	11	4	0	1	1	0.8519	0.6752
22	1041	1	1728.6763	10	1	0	1	1	0.8521	0.9348
22	1042	1	1730.2263	12	9	0	1	1	0.8522	1.2252
22	1043	1	1731.7762	9	12	0	1	1	0.8523	0.7152
22	1044	1	1733.3261	12	9	0	1	1	0.8525	0.4934
22	1045	1	1734.8760	13	3	0	1	1	0.8526	0.6073
22	1046	1	1736.4259	12	9	0	1	1	0.8528	0.6251
22	1047	1	1737.9759	13	3	0	-1	0	0.8520	-1.0000
22	1048	1	1740.0424	14	14	0	1	1	0.8521	1.4391
22	1049	1	1741.6090	1	10	0	1	1	0.8522	1.0904
22	1050	1	1743.1589	14	14	0	1	1	0.8524	0.6275
22	1051	1	1744.7088	15	6	0	1	1	0.8525	0.9488
22	1052	1	1746.2588	2	13	90	1	1	0.8527	1.0167
22	1053	1	1747.8087	1	10	0	1	1	0.8528	0.5390
22	1054	1	1749.3586	3	2	90	1	1	0.8529	0.8753
22	1055	1	1750.9085	4	15	0	1	1	0.8531	0.6211
22	1056	1	1752.4584	6	8	0	1	1	0.8532	0.5928
22	1057	1	1754.0083	5	11	0	1	1	0.8534	0.9150
22	1058	1	1755.5583	7	7	90	0	1	0.8526	0.6273
22	1059	1	1757.1082	4	15	0	1	1	0.8527	0.9512
22	1060	1	1758.6581	6	8	0	1	1	0.8528	0.8094
22	1061	1	1760.2080	4	15	0	1	1	0.8530	0.7474
22	1062	1	1761.7580	6	8	0	1	1	0.8531	0.6536
22	1063	1	1763.3079	8	5	90	1	1	0.8532	0.7838
22	1064	1	1764.8578	9	12	0	1	1	0.8534	0.8479
22	1065	1	1766.4077	8	5	0	1	1	0.8535	0.6597
22	1066	1	1767.9576	5	11	0	1	1	0.8537	0.8039
22	1067	1	1769.5075	7	7	0	1	1	0.8538	0.8078
22	1068	1	1771.0574	6	8	0	-1	0	0.8530	-1.0000
22	1069	1	1773.1074	4	15	0	1	1	0.8531	1.0142
22	1070	1	1774.6573	3	2	0	1	1	0.8533	0.5683
22	1071	1	1776.2072	2	13	0	1	1	0.8534	1.0368
22	1072	1	1777.7571	1	10	0	1	1	0.8535	0.7186
22	1073	1	1779.3070	14	14	0	1	1	0.8537	0.8487
22	1074	1	1780.8569	13	3	90	-1	0	0.8529	-1.0000
22	1075	1	1782.8568	11	4	0	-1	0	0.8521	-1.0000
22	1076	1	1784.9067	12	9	0	1	1	0.8522	0.9908
22	1077	1	1786.4567	13	3	0	1	1	0.8524	0.6099
22	1078	1	1788.0066	11	4	0	1	1	0.8525	0.6110
22	1079	1	1789.5565	13	3	0	1	1	0.8526	0.6311
22	1080	1	1791.1064	14	14	0	1	1	0.8528	0.5368
22	1081	1	1792.6563	2	13	0	1	1	0.8529	0.6507
22	1082	1	1794.2062	15	6	0	1	1	0.8530	0.7652
22	1083	1	1795.7561	1	10	0	1	1	0.8532	0.7675
22	1084	1	1797.3061	3	2	0	1	1	0.8533	0.6892
22	1085	1	1798.8560	4	15	0	-1	0	0.8525	-1.0000
22	1086	1	1800.8892	6	8	0	1	1	0.8527	1.2497
22	1087	1	1802.4392	8	5	0	1	1	0.8528	0.7385
22	1088	1	1803.9891	7	7	0	-1	0	0.8520	-1.0000
22	1089	1	1806.0889	8	5	0	-1	0	0.8512	-1.0000
22	1090	1	1808.1222	6	8	0	1	1	0.8514	1.3452
22	1091	1	1809.6721	7	7	90	0	1	0.8506	0.8191
22	1092	1	1811.2220	5	11	0	1	1	0.8507	0.5979
22	1093	1	1812.7719	8	5	90	1	1	0.8509	0.9515
22	1094	1	1814.3219	7	7	0	1	1	0.8510	0.8258
22	1095	1	1815.8718	6	8	90	1	1	0.8511	0.9701
22	1096	1	1817.4217	5	11	0	1	1	0.8513	0.7016
22	1097	1	1818.9716	8	5	0	1	1	0.8514	0.6236
22	1098	1	1820.5215	7	7	90	-1	0	0.8506	-1.0000
22	1099	1	1822.6214	4	15	90	1	1	0.8508	1.0201
22	1100	1	1824.1713	3	2	0	1	1	0.8509	0.9602
22	1101	1	1825.7213	1	10	0	1	1	0.8510	0.9122
22	1102	1	1827.2712	2	13	0	1	1	0.8512	0.8524
22	1103	1	1828.8211	15	6	0	1	1	0.8513	0.9324
22	1104	1	1832.1042	3	2	90	0	1	0.8505	0.2275
22	1105	1	1833.6542	1	10	0	0	1	0.8498	0.2136
22	1106	1	1835.2041	15	6	90	1	1	0.8499	1.3015
22	1107	1	1836.7540	3	2	0	1	1	0.8500	0.7774
22	1108	1	1838.3039	4	15	0	1	1	0.8502	0.6016
22	1109	1	1839.8539	7	7	0	1	1	0.8503	0.7797
22	1110	1	1841.4038	4	15	90	1	1	0.8505	0.8158
22	1111	1	1842.9537	7	7	0	0	1	0.8497	0.6741
22	1112	1	1844.5036	4	15	90	1	1	0.8498	0.7879
22	1113	1	1846.0535	3	2	0	1	1	0.8500	0.5960
22	1114	1	1847.6034	4	15	0	1	1	0.8501	0.8381
22	1115	1	1849.1534	7	7	0	1	1	0.8502	0.6005
22	1116	1	1850.7033	4	15	0	1	1	0.8504	0.6999
22	1117	1	1852.2532	6	8	0	1	1	0.8505	0.5581
22	1118	1	1853.8031	7	7	0	1	1	0.8506	0.4482
22	1119	1	1855.3530	8	5	90	0	1	0.8499	0.6905
22	1120	1	1856.9029	6	8	0	1	1	0.8500	0.9168
22	1121	1	1858.4529	4	15	0	1	1	0.8501	0.7105
22	1122	1	1860.0028	6	8	0	1	1	0.8503	0.9204
22	1123	1	1861.5527	4	15	0	1	1	0.8504	0.8268
22	1124	1	1863.1026	3	2	0	-1	0	0.8496	-1.0000
22	1125	1	1865.1525	4	15	0	1	1	0.8498	0.8101
22	1126	1	1866.7024	3	2	0	1	1	0.8499	0.5901
22	1127	1	1868.2524	4	15	0	1	1	0.8500	0.6387
22	1128	1	1869.8023	3	2	90	0	1	0.8493	0.8027
22	1129	1	1871.3522	1	10	0	1	1	0.8494	0.5952
22	1130	1	1872.9021	2	13	0	1	1	0.8496	1.0785
22	1131	1	1874.4520	1	10	0	1	1	0.8497	0.7416
22	1132	1	1876.0019	2	13	90	1	1	0.8498	1.2093
22	1133	1	1877.5519	3	2	0	1	1	0.8500	1.1766
22	1134	1	1879.1018	1	10	0	1	1	0.8501	0.7796
22	1135	1	1890.4179	3	2	0	1	1	0.8502	0.8408
22	1136	1	1891.9678	2	13	0	1	1	0.8504	0.7777
22	1137	1	1893.5177	15	6	90	1	1	0.8505	1.0536
22	1138	1	1895.0676	14	14	90	-1	0	0.8497	-1.0000
22	1139	1	1897.1009	13	3	0	1	1	0.8499	0.6207
22	1140	1	1898.6508	12	9	0	1	1	0.8500	0.6387
22	1141	1	1900.2007	11	4	90	1	1	0.8501	0.8349
22	1142	1	1901.7506	9	12	0	1	1	0.8503	0.6109
22	1143	1	1903.3005	10	1	0	1	1	0.8504	0.6472
22	1144	1	1904.8504	12	9	90	0	1	0.8497	0.7612
22	1145	1	1906.4004	13	3	0	1	1	0.8498	0.6670
22	1146	1	1907.9503	10	1	0	1	1	0.8499	0.7822
22	1147	1	1909.5002	9	12	90	0	1	0.8492	0.6052
22	1148	1	1911.0501	11	4	0	1	1	0.8493	0.6413
22	1149	1	1912.6000	12	9	0	1	1	0.8494	0.7876
22	1150	1	1914.1499	9	12	0	1	1	0.8496	0.8681
22	1151	1	1915.6999	11	4	0	-1	0	0.8488	-1.0000
22	1152	1	1917.7164	9	12	0	-1	0	0.8481	-1.0000
22	1153	1	1919.7663	10	1	0	1	1	0.8482	0.6768
22	1154	1	1921.3162	12	9	0	1	1	0.8484	0.6152
22	1155	1	1922.8662	9	12	90	0	1	0.8476	0.5373
22	1156	1	1924.4161	8	5	90	1	1	0.8478	0.8256
22	1157	1	1925.9660	5	11	90	0	1	0.8470	0.9894
22	1158	1	1927.5159	4	15	0	1	1	0.8472	0.6715
22	1159	1	1929.0658	3	2	0	-1	0	0.8464	-1.0000
22	1160	1	1931.0991	4	15	90	0	1	0.8457	0.1121
22	1161	1	1932.6490	5	11	90	1	1	0.8458	0.0506
22	1162	1	1934.1989	6	8	90	1	1	0.8460	0.7566
22	1163	1	1935.7488	5	11	0	1	1	0.8461	0.8380
22	1164	1	1937.2987	7	7	0	1	1	0.8462	0.8565
22	1165	1	1938.8487	5	11	0	1	1	0.8464	0.7147
22	1166	1	1940.3986	7	7	0	1	1	0.8465	0.6192
22	1167	1	1941.9485	4	15	90	0	1	0.8458	0.6850
22	1168	1	1943.4984	3	2	90	1	1	0.8459	1.1671
22	1169	1	1945.0484	1	10	0	1	1	0.8460	0.8832
22	1170	1	1946.5982	15	6	0	1	1	0.8462	0.9635
22	1171	1	1948.1482	1	10	0	1	1	0.8463	0.6453
22	1172	1	1949.6981	14	14	90	1	1	0.8464	0.9061
22	1173	1	1951.2481	13	3	0	1	1	0.8465	0.6996
22	1174	1	1952.7979	14	14	90	-1	0	0.8458	-1.0000
22	1175	1	1954.8812	1	10	0	1	1	0.8460	0.6643
22	1176	1	1956.4311	3	2	0	1	1	0.8461	0.6203
22	1177	1	1957.9810	15	6	0	1	1	0.8462	0.8618
22	1178	1	1959.5309	3	2	0	-1	0	0.8455	-1.0000
22	1179	1	1961.5641	2	13	90	-1	0	0.8448	-1.0000
22	1180	1	1963.6140	3	2	0	1	1	0.8449	0.8293
22	1181	1	1965.1639	15	6	0	1	1	0.8450	0.7996
22	1182	1	1966.7139	2	13	0	1	1	0.8452	1.0261
22	1183	1	1968.2638	3	2	0	1	1	0.8453	0.6897
22	1184	1	1969.8137	1	10	0	1	1	0.8454	0.6438
22	1185	1	1971.3636	15	6	0	1	1	0.8456	0.6316
22	1186	1	1972.9135	14	14	0	1	1	0.8457	0.6501
22	1187	1	1974.4635	15	6	0	1	1	0.8458	0.6517
22	1188	1	1976.0134	14	14	0	1	1	0.8460	0.7016
22	1189	1	1977.5633	2	13	0	1	1	0.8461	0.8321
22	1190	1	1979.1132	14	14	0	1	1	0.8462	0.6082
22	1191	1	1980.6631	13	3	0	1	1	0.8463	0.7721
22	1192	1	1982.2131	10	1	0	-1	0	0.8456	-1.0000
22	1193	1	1985.9129	13	3	0	1	1	0.8458	1.2330
22	1194	1	1987.4628	12	9	0	1	1	0.8459	0.6427
22	1195	1	1989.0127	11	4	90	0	1	0.8452	0.6288
22	1196	1	1990.5626	10	1	0	1	1	0.8453	0.6967
22	1197	1	1992.1125	11	4	90	0	1	0.8446	1.1634
22	1198	1	1993.8124	13	3	0	1	1	0.8447	1.3809
22	1199	1	1995.3624	12	9	0	1	1	0.8449	0.8248
22	1200	1	1996.9123	11	4	0	1	1	0.8450	0.7772
22	1201	1	1998.4622	10	1	0	-1	0	0.8443	-1.0000
22	1202	1	2000.4788	12	9	0	1	1	0.8444	0.9563
22	1203	1	2002.0287	9	12	0	1	1	0.8446	0.7661
22	1204	1	2003.5786	12	9	0	1	1	0.8447	0.6409
22	1205	1	2005.1285	10	1	0	1	1	0.8448	1.0249
22	1206	1	2006.6784	13	3	0	-1	0	0.8441	-1.0000
22	1207	1	2008.7450	11	4	0	1	1	0.8442	0.0964
22	1208	1	2010.2949	9	12	0	1	1	0.8444	0.6282
22	1209	1	2011.8448	12	9	0	1	1	0.8445	0.6145
22	1210	1	2013.3948	11	4	0	1	1	0.8446	0.6804
22	1211	1	2014.9447	12	9	0	1	1	0.8448	0.5367
22	1212	1	2016.4946	11	4	0	1	1	0.8449	0.5248
22	1213	1	2018.0445	12	9	90	0	1	0.8442	0.7669
22	1214	1	2019.5944	9	12	0	1	1	0.8443	0.6253
22	1215	1	2021.1443	8	5	90	1	1	0.8444	0.9631
22	1216	1	2022.6943	9	12	0	1	1	0.8446	0.7572
22	1217	1	2024.2442	8	5	0	-1	0	0.8439	-1.0000
22	1218	1	2026.2941	7	7	90	0	1	0.8432	0.6931
22	1219	1	2027.8440	5	11	0	1	1	0.8433	0.7116
22	1220	1	2029.3939	6	8	0	1	1	0.8434	0.6333
22	1221	1	2030.9438	8	5	0	-1	0	0.8428	-1.0000
22	1222	1	2032.9937	5	11	90	-1	0	0.8421	-1.0000
22	1223	1	2035.0270	6	8	90	0	1	0.8414	0.9361
22	1224	1	2036.5769	4	15	90	1	1	0.8415	0.8885
22	1225	1	2038.1268	7	7	0	1	1	0.8416	1.1649
22	1226	1	2039.6767	5	11	90	1	1	0.8418	0.8927
22	1227	1	2041.2266	7	7	0	1	1	0.8419	1.1668
22	1228	1	2042.7766	4	15	0	1	1	0.8420	0.7848
22	1229	1	2044.3265	5	11	0	1	1	0.8421	0.6447
22	1230	1	2047.2763	6	8	0	1	1	0.8423	0.9270
22	1231	1	2048.8262	7	7	0	1	1	0.8424	0.7692
22	1232	1	2050.3762	8	5	0	1	1	0.8425	0.8672
22	1233	1	2051.9261	6	8	90	0	1	0.8418	0.4212
22	1234	1	2053.9426	5	11	0	1	1	0.8420	0.7732
22	1235	1	2055.4926	8	5	0	1	1	0.8421	0.6943
22	1236	1	2057.0425	7	7	0	1	1	0.8422	0.9849
22	1237	1	2058.5924	8	5	0	1	1	0.8424	0.8920
22	1238	1	2070.6918	9	12	0	1	1	0.8425	0.7435
22	1239	1	2072.2417	8	5	0	1	1	0.8426	0.6180
22	1240	1	2077.4914	5	11	0	1	1	0.8427	0.7580
22	1241	1	2079.0413	8	5	0	1	1	0.8429	0.6020
22	1242	1	2088.6574	9	12	0	1	1	0.8430	0.8560
22	1243	1	2090.2074	11	4	0	1	1	0.8431	0.6660
22	1244	1	2091.7573	10	1	0	1	1	0.8432	0.6541
22	1245	1	2093.3072	11	4	0	1	1	0.8434	0.6881
22	1246	1	2094.8571	12	9	0	1	1	0.8435	0.6741
22	1247	1	2096.4071	13	3	0	1	1	0.8436	0.6928
22	1248	1	2097.9570	12	9	0	1	1	0.8438	0.7745
22	1249	1	2099.5069	11	4	0	-1	0	0.8431	-1.0000
22	1250	1	2101.5401	9	12	0	1	1	0.8432	0.9492
22	1251	1	2103.0901	10	1	90	1	1	0.8433	0.8902
22	1252	1	2104.6400	11	4	0	1	1	0.8435	0.5552
22	1253	1	2106.1899	10	1	0	1	1	0.8436	0.6855
22	1254	1	2107.7398	12	9	0	1	1	0.8437	0.6402
22	1255	1	2109.2897	13	3	0	-1	0	0.8430	-1.0000
22	1256	1	2111.3729	14	14	0	-1	0	0.8424	-1.0000
22	1257	1	2113.4228	15	6	90	1	1	0.8425	1.1785
22	1258	1	2114.9728	2	13	0	1	1	0.8426	0.9911
22	1259	1	2116.5227	1	10	0	1	1	0.8427	0.7047
22	1260	1	2118.0726	14	14	0	1	1	0.8429	0.6266
22	1261	1	2119.6225	2	13	0	1	1	0.8430	0.6127
22	1262	1	2121.1724	14	14	90	1	1	0.8431	0.8077
22	1263	1	2122.7224	13	3	0	1	1	0.8432	1.0477
22	1264	1	2124.2723	11	4	0	1	1	0.8434	0.7147
22	1265	1	2125.8222	12	9	0	1	1	0.8435	0.6533
22	1266	1	2127.3721	11	4	90	1	1	0.8436	0.9261
22	1267	1	2128.9220	13	3	0	1	1	0.8437	0.8334
22	1268	1	2130.4719	14	14	0	1	1	0.8438	0.8845
22	1269	1	2134.0218	1	10	0	-1	0	0.8432	-1.0000
22	1270	1	2137.2049	14	14	0	1	1	0.8433	0.5665
22	1271	1	2138.7548	13	3	0	1	1	0.8434	0.5688
22	1272	1	2140.3048	14	14	0	1	1	0.8436	0.6184
22	1273	1	2141.8547	13	3	0	1	1	0.8437	0.5546
22	1274	1	2143.4046	12	9	0	1	1	0.8438	0.6225
22	1275	1	2144.9545	11	4	90	0	1	0.8431	0.7190
22	1276	1	2146.5044	9	12	0	1	1	0.8433	0.7060
22	1277	1	2148.0544	8	5	0	1	1	0.8434	0.5811
22	1278	1	2149.6042	6	8	0	1	1	0.8435	0.5987
22	1279	1	2151.1542	8	5	0	0	1	0.8428	1.3052
22	1280	1	2154.6873	5	11	90	1	1	0.8430	0.9556
22	1281	1	2156.2373	4	15	0	1	1	0.8431	0.6857
22	1282	1	2157.7872	6	8	0	1	1	0.8432	0.5901
22	1283	1	2159.3371	8	5	0	1	1	0.8433	0.6563
22	1284	1	2160.8870	7	7	0	1	1	0.8435	0.7863
22	1285	1	2162.4369	5	11	0	1	1	0.8436	0.5981
22	1286	1	2163.9869	8	5	0	1	1	0.8437	0.5985
22	1287	1	2165.5368	7	7	0	1	1	0.8438	0.6184
22	1288	1	2167.0867	5	11	0	1	1	0.8439	0.6524
22	1289	1	2168.6366	6	8	0	1	1	0.8441	0.7487
22	1290	1	2170.1865	5	11	0	-1	0	0.8434	-1.0000
22	1291	1	2172.2198	8	5	90	1	1	0.8435	0.9116
22	1292	1	2173.7697	5	11	90	1	1	0.8437	0.7696
22	1293	1	2175.3196	7	7	90	0	1	0.8430	0.5956
22	1294	1	2176.8695	5	11	90	1	1	0.8431	1.0616
22	1295	1	2178.4195	4	15	0	1	1	0.8432	0.6779
22	1296	1	2179.9694	6	8	0	1	1	0.8434	0.6349
22	1297	1	2181.5193	8	5	0	1	1	0.8435	0.7639
22	1298	1	2183.0692	6	8	0	1	1	0.8436	0.8139
22	1299	1	2184.6191	5	11	0	-1	0	0.8430	-1.0000
22	1300	1	2186.7023	4	15	0	-1	0	0.8423	-1.0000
22	1301	1	2188.7522	6	8	0	1	1	0.8424	0.5691
22	1302	1	2190.3021	8	5	0	1	1	0.8425	0.5398
22	1303	1	2191.8521	9	12	0	-1	0	0.8419	-1.0000
22	1304	1	2193.8520	11	4	90	-1	0	0.8413	-1.0000
22	1305	1	2195.9019	9	12	0	1	1	0.8414	0.6532
22	1306	1	2197.4518	8	5	0	1	1	0.8415	0.7836
22	1307	1	2199.0017	7	7	90	0	1	0.8409	0.9131
22	1308	1	2200.5516	4	15	0	1	1	0.8410	0.7234
22	1309	1	2202.1015	7	7	0	0	1	0.8403	0.6928
22	1310	1	2203.6514	4	15	90	1	1	0.8405	0.9198
22	1311	1	2205.2014	6	8	90	1	1	0.8406	0.7919
22	1312	1	2206.7513	5	11	0	1	1	0.8407	0.7164
22	1313	1	2208.3012	8	5	0	1	1	0.8408	0.7019
22	1314	1	2209.8511	6	8	0	-1	0	0.8402	-1.0000
22	1315	1	2211.8677	5	11	90	-1	0	0.8395	-1.0000
22	1316	1	2213.9176	7	7	90	-1	0	0.8389	-1.0000
22	1317	1	2215.9675	5	11	0	1	1	0.8390	1.1458
22	1318	1	2217.5174	7	7	90	0	1	0.8384	0.8619
22	1319	1	2219.0673	5	11	0	1	1	0.8385	0.6080
22	1320	1	2220.6172	4	15	0	1	1	0.8386	0.6401
22	1321	1	2222.1671	7	7	0	1	1	0.8388	0.9310
22	1322	1	2223.7171	5	11	90	1	1	0.8389	0.9662
22	1323	1	2225.2670	7	7	90	1	1	0.8390	1.1743
22	1324	1	2226.8169	8	5	0	1	1	0.8391	0.7764
22	1325	1	2228.3668	6	8	90	1	1	0.8392	0.9064
22	1326	1	2229.9167	4	15	0	1	1	0.8394	0.7026
22	1327	1	2231.4667	7	7	0	1	1	0.8395	0.8001
22	1328	1	2233.0166	6	8	90	1	1	0.8396	0.7687
22	1329	1	2234.5665	7	7	0	1	1	0.8397	0.7574
22	1330	1	2236.1164	5	11	0	1	1	0.8398	0.7586
22	1331	1	2237.6663	7	7	0	1	1	0.8400	0.8734
22	1332	1	2239.2163	5	11	0	1	1	0.8401	0.7308
22	1333	1	2240.7662	4	15	0	1	1	0.8402	0.6052
22	1334	1	2242.3161	6	8	0	1	1	0.8403	0.5910
22	1335	1	2246.0992	5	11	0	1	1	0.8404	0.9998
22	1336	1	2247.6491	6	8	0	1	1	0.8406	0.8419
22	1337	1	2249.1991	4	15	90	1	1	0.8407	0.9863
22	1338	1	2250.7490	6	8	90	-1	0	0.8401	-1.0000
22	1339	1	2252.8322	8	5	0	1	1	0.8402	1.2910
22	1340	1	2254.3821	9	12	0	1	1	0.8403	0.7014
22	1341	1	2255.9320	8	5	0	1	1	0.8404	0.5750
22	1342	1	2257.4820	7	7	0	1	1	0.8405	0.5934
22	1343	1	2259.0319	6	8	90	1	1	0.8407	0.7374
22	1344	1	2260.5818	7	7	0	1	1	0.8408	0.7577
22	1345	1	2262.1317	6	8	0	1	1	0.8409	0.6310
22	1346	1	2263.6817	7	7	0	1	1	0.8410	0.3133
22	1347	1	2265.2315	6	8	0	1	1	0.8411	0.0417
22	1348	1	2266.7815	4	15	0	1	1	0.8412	0.7497
22	1349	1	2268.3314	5	11	0	1	1	0.8414	0.6539
22	1350	1	2269.8813	6	8	0	1	1	0.8415	0.5620
22	1351	1	2271.4312	5	11	0	1	1	0.8416	0.3082
22	1352	1	2276.2310	7	7	0	1	1	0.8417	0.7063
22	1353	1	2277.7809	4	15	0	1	1	0.8418	0.5985
22	1354	1	2279.3308	5	11	90	0	1	0.8412	0.6144
22	1355	1	2280.8807	4	15	0	1	1	0.8413	0.7464
22	1356	1	2282.4307	7	7	90	-1	0	0.8407	-1.0000
22	1357	1	2285.7305	4	15	0	-1	0	0.8401	-1.0000
22	1358	1	2288.7803	6	8	0	1	1	0.8402	0.6065
22	1359	1	2290.3302	8	5	0	1	1	0.8403	0.6408
22	1360	1	2291.8802	7	7	0	1	1	0.8404	0.6108
22	1361	1	2293.4301	5	11	0	1	1	0.8406	0.7407
22	1362	1	2294.9800	7	7	0	1	1	0.8407	1.4792
22	1363	1	2296.5466	5	11	90	1	1	0.8408	0.8550
22	1364	1	2298.0965	6	8	0	1	1	0.8409	0.6986
22	1365	1	2299.6464	8	5	0	1	1	0.8410	0.6046
22	1366	1	2301.1964	7	7	0	1	1	0.8411	0.6874
22	1367	1	2302.7463	6	8	0	1	1	0.8413	0.6079
22	1368	1	2304.2962	7	7	0	1	1	0.8414	0.6907
22	1369	1	2305.8461	6	8	0	1	1	0.8415	0.6134
22	1370	1	2307.3960	7	7	0	1	1	0.8416	0.6933
22	1371	1	2308.9459	8	5	90	1	1	0.8417	0.7612
22	1372	1	2310.4958	6	8	0	1	1	0.8418	0.6014
22	1373	1	2312.0458	5	11	0	1	1	0.8420	0.6539
22	1374	1	2313.5957	4	15	0	1	1	0.8421	0.7996
22	1375	1	2315.1456	3	2	0	-1	0	0.8415	-1.0000
22	1376	1	2317.1955	15	6	0	1	1	0.8416	1.0558
22	1377	1	2318.7454	14	14	0	1	1	0.8417	0.8018
22	1378	1	2320.2953	15	6	0	1	1	0.8418	0.6920
22	1379	1	2321.8453	1	10	0	1	1	0.8419	0.4360
22	1380	1	2326.3617	2	13	0	1	1	0.8420	1.0556
22	1381	1	2327.9116	3	2	90	1	1	0.8421	1.0756
22	1382	1	2329.4615	4	15	0	1	1	0.8423	0.5829
22	1383	1	2331.0114	5	11	0	1	1	0.8424	0.7597
22	1384	1	2332.5613	6	8	0	-1	0	0.8418	-1.0000
22	1385	1	2334.5612	4	15	0	1	1	0.8419	0.8880
22	1386	1	2336.1112	6	8	90	1	1	0.8420	0.8756
22	1387	1	2337.6611	4	15	0	1	1	0.8421	0.6061
22	1388	1	2339.2110	5	11	0	1	1	0.8422	0.6083
22	1389	1	2340.7609	6	8	90	1	1	0.8423	0.6739
22	1390	1	2342.3108	5	11	0	1	1	0.8424	0.6763
22	1391	1	2343.8608	4	15	0	1	1	0.8426	0.7098
22	1392	1	2345.4107	5	11	90	1	1	0.8427	0.8564
22	1393	1	2346.9606	4	15	90	0	1	0.8421	0.5687
22	1394	1	2348.5105	3	2	0	1	1	0.8422	1.0668
22	1395	1	2350.0604	15	6	90	1	1	0.8423	1.1827
22	1396	1	2351.6104	1	10	0	1	1	0.8424	0.9939
22	1397	1	2353.1603	2	13	0	1	1	0.8425	0.8487
22	1398	1	2354.7102	1	10	90	1	1	0.8426	0.7550
22	1399	1	2357.2767	15	6	0	1	1	0.8427	0.9747
22	1400	1	2358.8266	3	2	0	1	1	0.8429	0.9125
22	1	2	1.0166	13	3	0	-1	1	0.0000	-1.0000
22	2	2	2.5499	12	9	0	-1	1	0.0000	-1.0000
22	3	2	4.0831	9	12	0	-1	1	0.0000	-1.0000
22	4	2	5.6164	12	9	0	-1	1	0.0000	-1.0000
22	5	2	7.1496	10	1	0	-1	1	0.0000	-1.0000
22	6	2	8.6829	13	3	0	-1	1	0.0000	-1.0000
22	7	2	10.2162	12	9	0	-1	1	0.0000	-1.0000
22	8	2	11.7494	11	4	0	-1	1	0.0000	-1.0000
22	9	2	13.2827	12	9	0	-1	1	0.0000	-1.0000
22	10	2	14.8159	11	4	0	-1	1	0.0000	-1.0000
22	11	2	16.3492	10	1	0	-1	1	0.0000	-1.0000
22	12	2	17.8824	13	3	0	-1	1	0.0000	-1.0000
22	13	2	19.4157	11	4	0	-1	1	0.0000	-1.0000
22	14	2	20.9489	10	1	0	-1	1	0.0000	-1.0000
22	15	2	22.4822	13	3	0	-1	1	0.0000	-1.0000
22	16	2	24.0154	14	14	0	-1	1	0.0529	-1.0000
22	17	2	25.5487	15	6	0	-1	0	0.0529	-1.0000
22	18	2	27.0819	1	10	0	-1	0	0.0529	-1.0000
22	19	2	28.6152	2	13	0	-1	0	0.0529	-1.0000
22	20	2	30.1484	3	2	0	-1	0	0.0529	-1.0000
22	21	2	31.6817	4	15	0	-1	0	0.0529	-1.0000
22	22	2	33.2150	5	11	0	-1	0	0.0529	-1.0000
22	23	2	34.7482	6	8	0	-1	0	0.0529	-1.0000
22	24	2	36.2815	7	7	0	-1	0	0.0529	-1.0000
22	25	2	37.8147	8	5	0	-1	0	0.0529	-1.0000
22	26	2	39.3480	9	12	0	-1	0	0.0529	-1.0000
22	27	2	40.8812	10	1	0	-1	0	0.0529	-1.0000
22	28	2	42.4145	11	4	0	-1	0	0.0529	-1.0000
22	29	2	43.9477	12	9	0	-1	0	0.0529	-1.0000
22	30	2	45.4810	13	3	0	-1	0	0.0529	-1.0000
22	31	2	47.0142	12	9	0	-1	0	0.0529	-1.0000
22	32	2	48.5475	10	1	0	-1	0	0.0529	-1.0000
22	33	2	50.0807	11	4	0	-1	0	0.0529	-1.0000
22	34	2	51.6140	12	9	0	-1	0	0.0529	-1.0000
22	35	2	53.1472	13	3	0	-1	1	0.0529	0.7611
22	36	2	54.6805	10	1	0	-1	0	0.0529	-1.0000
22	37	2	56.2138	12	9	0	-1	0	0.0529	-1.0000
22	38	2	57.7470	9	12	0	-1	0	0.0529	-1.0000
22	39	2	59.2803	12	9	0	-1	0	0.0529	-1.0000
22	40	2	60.8135	11	4	0	-1	0	0.0529	-1.0000
22	41	2	62.3468	10	1	0	-1	0	0.0529	-1.0000
22	42	2	63.8800	13	3	0	-1	1	0.0529	1.1967
22	43	2	65.4133	12	9	0	-1	0	0.0529	-1.0000
22	44	2	66.9465	13	3	0	-1	0	0.0529	-1.0000
22	45	2	68.4798	14	14	0	-1	0	0.0529	-1.0000
22	46	2	70.0130	13	3	0	-1	0	0.0529	-1.0000
22	47	2	71.5463	12	9	0	-1	0	0.0529	-1.0000
22	48	2	73.0795	11	4	0	-1	0	0.0529	-1.0000
22	49	2	74.6128	10	1	0	-1	0	0.0529	-1.0000
22	50	2	76.1460	9	12	0	-1	0	0.0529	-1.0000
22	51	2	77.6793	8	5	0	-1	1	0.0530	1.4771
22	52	2	79.2125	7	7	0	-1	1	0.0530	0.0171
22	53	2	80.7458	6	8	0	-1	0	0.0530	-1.0000
22	54	2	82.2791	5	11	0	-1	0	0.0530	-1.0000
22	55	2	83.8123	4	15	0	-1	0	0.0530	-1.0000
22	56	2	85.3456	3	2	0	-1	0	0.0530	-1.0000
22	57	2	86.8788	2	13	0	-1	0	0.0530	-1.0000
22	58	2	88.4121	1	10	0	-1	0	0.0530	-1.0000
22	59	2	89.9454	15	6	0	-1	0	0.0530	-1.0000
22	60	2	91.4786	14	14	0	-1	0	0.0530	-1.0000
22	61	2	93.0118	2	13	0	-1	1	0.0530	0.8804
22	62	2	94.5451	14	14	0	-1	0	0.0530	-1.0000
22	63	2	96.0784	15	6	0	-1	0	0.0530	-1.0000
22	64	2	97.6116	2	13	0	-1	0	0.0530	-1.0000
22	65	2	99.1448	15	6	0	-1	0	0.0530	-1.0000
22	66	2	100.6781	1	10	0	-1	0	0.0530	-1.0000
22	67	2	102.2114	15	6	0	-1	0	0.0530	-1.0000
22	68	2	103.7446	3	2	0	-1	0	0.0530	-1.0000
22	69	2	105.2779	4	15	0	-1	0	0.0530	-1.0000
22	70	2	106.8111	6	8	0	-1	0	0.0530	-1.0000
22	71	2	108.3444	4	15	0	-1	0	0.0530	-1.0000
22	72	2	109.8776	5	11	0	-1	0	0.0530	-1.0000
22	73	2	111.4109	7	7	0	-1	0	0.0530	-1.0000
22	74	2	112.9441	4	15	0	-1	0	0.0530	-1.0000
22	75	2	114.4774	7	7	0	-1	0	0.0530	-1.0000
22	76	2	116.0106	6	8	0	-1	1	0.0530	1.2259
22	77	2	117.5439	5	11	0	-1	0	0.0530	-1.0000
22	78	2	119.0771	4	15	0	-1	0	0.0530	-1.0000
22	79	2	120.6104	3	2	0	-1	1	0.0531	1.0581
22	80	2	122.1436	2	13	0	-1	0	0.0531	-1.0000
22	81	2	123.6769	1	10	0	-1	0	0.0531	-1.0000
22	82	2	125.2101	15	6	0	-1	0	0.0531	-1.0000
22	83	2	126.7434	14	14	0	-1	0	0.0531	-1.0000
22	84	2	128.2767	13	3	0	-1	1	0.0532	0.8958
22	85	2	129.8099	12	9	0	-1	0	0.0532	-1.0000
22	86	2	131.3432	11	4	0	-1	0	0.0532	-1.0000
22	87	2	132.8764	10	1	0	-1	0	0.0532	-1.0000
22	88	2	134.4096	9	12	0	-1	0	0.0532	-1.0000
22	89	2	135.9429	8	5	0	-1	0	0.0532	-1.0000
22	90	2	137.4762	7	7	0	-1	0	0.0532	-1.0000
22	91	2	139.0094	4	15	0	-1	0	0.0532	-1.0000
22	92	2	140.5427	7	7	0	-1	0	0.0532	-1.0000
22	93	2	142.0759	6	8	0	-1	1	0.0532	1.0325
22	94	2	143.6092	5	11	0	-1	0	0.0532	-1.0000
22	95	2	145.1425	8	5	0	-1	0	0.0532	-1.0000
22	96	2	146.6757	6	8	0	-1	0	0.0532	-1.0000
22	97	2	148.2089	8	5	0	-1	0	0.0532	-1.0000
22	98	2	149.7422	5	11	0	-1	0	0.0532	-1.0000
22	99	2	151.2755	6	8	0	-1	0	0.0532	-1.0000
22	100	2	152.8087	4	15	0	-1	1	0.0532	0.1560
22	101	2	154.3420	7	7	0	-1	0	0.0532	-1.0000
22	102	2	155.8752	4	15	0	-1	0	0.0532	-1.0000
22	103	2	157.4085	3	2	0	-1	0	0.0532	-1.0000
22	104	2	158.9417	2	13	0	-1	0	0.0532	-1.0000
22	105	2	160.4750	1	10	0	-1	0	0.0532	-1.0000
22	106	2	162.0082	15	6	0	-1	0	0.0532	-1.0000
22	107	2	163.5415	14	14	0	-1	0	0.0532	-1.0000
22	108	2	165.0747	13	3	0	-1	0	0.0532	-1.0000
22	109	2	166.6080	12	9	0	-1	0	0.0532	-1.0000
22	110	2	168.1412	11	4	0	-1	0	0.0532	-1.0000
22	111	2	169.6745	10	1	0	-1	1	0.0532	0.9538
22	112	2	171.2078	9	12	0	-1	0	0.0532	-1.0000
22	113	2	172.7410	8	5	0	-1	0	0.0532	-1.0000
22	114	2	174.2742	7	7	0	-1	0	0.0532	-1.0000
22	115	2	175.8075	6	8	0	-1	1	0.0532	0.8207
22	116	2	177.3408	5	11	0	-1	0	0.0532	-1.0000
22	117	2	178.8740	4	15	0	-1	0	0.0532	-1.0000
22	118	2	180.4073	3	2	0	-1	0	0.0532	-1.0000
22	119	2	181.9405	2	13	0	-1	0	0.0532	-1.0000
22	120	2	183.4738	1	10	0	-1	0	0.0532	-1.0000
22	121	2	185.0070	15	6	0	-1	0	0.0532	-1.0000
22	122	2	186.5403	3	2	0	-1	0	0.0532	-1.0000
22	123	2	188.0735	4	15	0	-1	0	0.0532	-1.0000
22	124	2	189.6068	7	7	0	-1	0	0.0532	-1.0000
22	125	2	191.1400	5	11	0	-1	0	0.0532	-1.0000
22	126	2	192.6733	6	8	0	-1	0	0.0532	-1.0000
22	127	2	194.2065	7	7	0	-1	1	0.0532	0.1659
22	128	2	195.7398	8	5	0	-1	0	0.0532	-1.0000
22	129	2	197.2731	7	7	0	-1	0	0.0532	-1.0000
22	130	2	198.8063	4	15	0	-1	0	0.0532	-1.0000
22	131	2	200.3396	7	7	0	-1	0	0.0532	-1.0000
22	132	2	201.8728	6	8	0	-1	1	0.0532	1.2357
22	133	2	203.4061	8	5	0	-1	1	0.0532	0.7582
22	134	2	204.9393	5	11	0	-1	0	0.0532	-1.0000
22	135	2	206.4726	6	8	0	-1	0	0.0532	-1.0000
22	136	2	208.0058	5	11	0	-1	0	0.0532	-1.0000
22	137	2	209.5391	4	15	0	-1	0	0.0532	-1.0000
22	138	2	211.0723	3	2	0	-1	0	0.0532	-1.0000
22	139	2	212.6056	2	13	0	-1	0	0.0532	-1.0000
22	140	2	214.1388	1	10	0	-1	0	0.0532	-1.0000
22	141	2	215.6721	15	6	0	-1	1	0.0532	0.7960
22	142	2	217.2053	14	14	0	-1	0	0.0532	-1.0000
22	143	2	218.7386	13	3	0	-1	0	0.0532	-1.0000
22	144	2	220.2718	12	9	0	-1	1	0.0532	0.2108
22	145	2	221.8051	11	4	0	-1	0	0.0532	-1.0000
22	146	2	223.3384	10	1	0	-1	0	0.0532	-1.0000
22	147	2	224.8716	9	12	0	-1	0	0.0532	-1.0000
22	148	2	226.4049	8	5	0	-1	0	0.0532	-1.0000
22	149	2	227.9381	7	7	0	-1	0	0.0532	-1.0000
22	150	2	229.4714	6	8	0	-1	0	0.0532	-1.0000
22	151	2	231.0046	5	11	0	-1	0	0.0532	-1.0000
22	152	2	232.5379	6	8	0	-1	0	0.0532	-1.0000
22	153	2	234.0711	4	15	0	-1	0	0.0532	-1.0000
22	154	2	235.6044	5	11	0	-1	0	0.0532	-1.0000
22	155	2	237.1376	7	7	0	-1	0	0.0532	-1.0000
22	156	2	238.6709	6	8	0	-1	1	0.0532	0.8532
22	157	2	240.2041	4	15	0	-1	0	0.0532	-1.0000
22	158	2	241.7374	6	8	0	-1	0	0.0532	-1.0000
22	159	2	243.2706	8	5	0	-1	0	0.0532	-1.0000
22	160	2	244.8039	5	11	0	-1	0	0.0532	-1.0000
22	161	2	246.3372	6	8	0	-1	1	0.0532	0.7554
22	162	2	247.8704	4	15	0	-1	0	0.0532	-1.0000
22	163	2	249.4036	5	11	0	-1	0	0.0532	-1.0000
22	164	2	250.9369	8	5	0	-1	0	0.0532	-1.0000
22	165	2	252.4702	7	7	0	-1	0	0.0532	-1.0000
22	166	2	254.0034	8	5	0	-1	0	0.0532	-1.0000
22	167	2	255.5367	9	12	0	-1	0	0.0532	-1.0000
22	168	2	257.0699	10	1	0	-1	0	0.0532	-1.0000
22	169	2	258.6032	11	4	0	-1	0	0.0532	-1.0000
22	170	2	260.1364	12	9	0	-1	0	0.0532	-1.0000
22	171	2	261.6697	13	3	0	-1	0	0.0532	-1.0000
22	172	2	263.2029	14	14	0	-1	0	0.0532	-1.0000
22	173	2	264.7362	15	6	0	-1	1	0.0532	0.4681
22	174	2	266.2695	1	10	0	-1	0	0.0532	-1.0000
22	175	2	267.8027	2	13	0	-1	0	0.0532	-1.0000
22	176	2	269.3359	3	2	0	-1	0	0.0532	-1.0000
22	177	2	270.8692	4	15	0	-1	0	0.0532	-1.0000
22	178	2	272.4025	5	11	0	-1	0	0.0532	-1.0000
22	179	2	273.9357	6	8	0	-1	0	0.0532	-1.0000
22	180	2	275.4690	7	7	0	-1	0	0.0532	-1.0000
22	181	2	277.0022	5	11	0	-1	1	0.0531	0.8102
22	182	2	278.5355	4	15	0	-1	0	0.0531	-1.0000
22	183	2	280.0687	5	11	0	-1	0	0.0531	-1.0000
22	184	2	281.6020	7	7	0	-1	0	0.0531	-1.0000
22	185	2	283.1352	8	5	0	-1	0	0.0531	-1.0000
22	186	2	284.6685	7	7	0	-1	0	0.0531	-1.0000
22	187	2	286.2017	5	11	0	-1	0	0.0531	-1.0000
22	188	2	287.7350	6	8	0	-1	1	0.0531	0.7971
22	189	2	289.2682	8	5	0	-1	0	0.0531	-1.0000
22	190	2	290.8015	5	11	0	-1	0	0.0531	-1.0000
22	191	2	292.3347	8	5	0	-1	0	0.0531	-1.0000
22	192	2	293.8680	9	12	0	-1	0	0.0531	-1.0000
22	193	2	295.4012	11	4	0	-1	0	0.0531	-1.0000
22	194	2	296.9345	13	3	0	-1	0	0.0531	-1.0000
22	195	2	298.4678	12	9	0	-1	0	0.0531	-1.0000
22	196	2	300.0010	11	4	0	-1	0	0.0531	-1.0000
22	197	2	301.5343	10	1	0	-1	1	0.0531	0.8544
22	198	2	303.0675	9	12	0	-1	0	0.0531	-1.0000
22	199	2	304.6008	8	5	0	-1	0	0.0531	-1.0000
22	200	2	306.1340	7	7	0	-1	0	0.0531	-1.0000
22	201	2	307.6673	6	8	0	-1	1	0.0531	1.3770
22	202	2	309.2005	5	11	0	-1	0	0.0531	-1.0000
22	203	2	310.7338	4	15	0	-1	0	0.0531	-1.0000
22	204	2	312.2670	3	2	0	-1	0	0.0531	-1.0000
22	205	2	313.8003	2	13	0	-1	0	0.0531	-1.0000
22	206	2	315.3335	1	10	0	-1	0	0.0531	-1.0000
22	207	2	316.8668	15	6	0	-1	0	0.0531	-1.0000
22	208	2	318.4000	14	14	0	-1	0	0.0531	-1.0000
22	209	2	319.9333	13	3	0	-1	0	0.0531	-1.0000
22	210	2	321.4665	12	9	0	-1	1	0.0531	1.0498
22	211	2	322.9998	13	3	0	-1	0	0.0531	-1.0000
22	212	2	324.5331	11	4	0	-1	0	0.0531	-1.0000
22	213	2	326.0663	12	9	0	-1	0	0.0531	-1.0000
22	214	2	327.5996	11	4	0	-1	0	0.0531	-1.0000
22	215	2	329.1328	13	3	0	-1	0	0.0531	-1.0000
22	216	2	330.6661	11	4	0	-1	0	0.0531	-1.0000
22	217	2	332.1993	13	3	0	-1	0	0.0531	-1.0000
22	218	2	333.7326	11	4	0	-1	0	0.0531	-1.0000
22	219	2	335.2658	13	3	0	-1	0	0.0531	-1.0000
22	220	2	336.7991	14	14	0	-1	0	0.0531	-1.0000
22	221	2	338.3323	13	3	0	-1	1	0.0532	0.8077
22	222	2	339.8656	12	9	0	-1	0	0.0532	-1.0000
22	223	2	341.3988	13	3	0	-1	0	0.0532	-1.0000
22	224	2	342.9321	10	1	0	-1	0	0.0532	-1.0000
22	225	2	344.4653	12	9	0	-1	0	0.0532	-1.0000
22	226	2	345.9986	13	3	0	-1	0	0.0532	-1.0000
22	227	2	347.5318	14	14	0	-1	0	0.0532	-1.0000
22	228	2	349.0651	15	6	0	-1	0	0.0532	-1.0000
22	229	2	350.5984	1	10	0	-1	0	0.0532	-1.0000
22	230	2	352.1316	2	13	0	-1	0	0.0532	-1.0000
22	231	2	353.6649	3	2	0	-1	0	0.0532	-1.0000
22	232	2	355.1981	4	15	0	-1	0	0.0532	-1.0000
22	233	2	356.7314	5	11	0	-1	0	0.0532	-1.0000
22	234	2	358.2646	6	8	0	-1	1	0.0532	0.7000
22	235	2	359.7979	7	7	0	-1	0	0.0532	-1.0000
22	236	2	361.3311	8	5	0	-1	0	0.0532	-1.0000
22	237	2	362.8644	9	12	0	-1	0	0.0532	-1.0000
22	238	2	364.3976	10	1	0	-1	0	0.0532	-1.0000
22	239	2	365.9309	11	4	0	-1	0	0.0532	-1.0000
22	240	2	367.4641	12	9	0	-1	0	0.0532	-1.0000
22	241	2	368.9974	13	3	0	-1	0	0.0532	-1.0000
22	242	2	370.5306	11	4	0	-1	1	0.0532	0.0181
22	243	2	372.0639	12	9	0	-1	0	0.0532	-1.0000
22	244	2	373.5972	10	1	0	-1	0	0.0532	-1.0000
22	245	2	375.1304	11	4	0	-1	0	0.0532	-1.0000
22	246	2	376.6636	9	12	0	-1	0	0.0532	-1.0000
22	247	2	378.1969	10	1	0	-1	0	0.0532	-1.0000
22	248	2	379.7302	12	9	0	-1	1	0.0532	0.5948
22	249	2	381.2634	13	3	0	-1	0	0.0532	-1.0000
22	250	2	382.7967	14	14	0	-1	0	0.0532	-1.0000
22	251	2	384.3299	2	13	0	-1	0	0.0532	-1.0000
22	252	2	385.8632	15	6	0	-1	0	0.0532	-1.0000
22	253	2	387.3964	2	13	0	-1	0	0.0532	-1.0000
22	254	2	388.9297	14	14	0	-1	0	0.0532	-1.0000
22	255	2	390.4629	1	10	0	-1	0	0.0532	-1.0000
22	256	2	391.9962	15	6	0	-1	0	0.0532	-1.0000
22	257	2	393.5294	14	14	0	-1	0	0.0532	-1.0000
22	258	2	395.0627	13	3	0	-1	1	0.0629	0.7327
22	259	2	396.5959	12	9	0	-1	0	0.0629	-1.0000
22	260	2	398.1292	11	4	0	-1	0	0.0629	-1.0000
22	261	2	399.6625	10	1	0	-1	0	0.0629	-1.0000
22	262	2	401.1957	9	12	0	-1	0	0.0629	-1.0000
22	263	2	402.7290	8	5	0	-1	0	0.0629	-1.0000
22	264	2	404.2622	7	7	0	-1	0	0.0629	-1.0000
22	265	2	405.7954	6	8	0	-1	1	0.0629	0.8155
22	266	2	407.3287	5	11	0	-1	0	0.0629	-1.0000
22	267	2	408.8620	4	15	0	-1	0	0.0629	-1.0000
22	268	2	410.3952	3	2	0	-1	0	0.0629	-1.0000
22	269	2	411.9285	2	13	0	-1	0	0.0629	-1.0000
22	270	2	413.4617	1	10	0	-1	0	0.0629	-1.0000
22	271	2	414.9950	3	2	0	-1	0	0.0629	-1.0000
22	272	2	416.5282	15	6	0	-1	0	0.0629	-1.0000
22	273	2	418.0615	1	10	0	-1	0	0.0629	-1.0000
22	274	2	419.5947	15	6	0	-1	0	0.0629	-1.0000
22	275	2	421.1280	14	14	0	-1	0	0.0629	-1.0000
22	276	2	422.6613	13	3	0	-1	0	0.0629	-1.0000
22	277	2	424.1945	10	1	0	-1	1	0.0629	0.1771
22	278	2	425.7278	12	9	0	-1	0	0.0629	-1.0000
22	279	2	427.2610	11	4	0	-1	0	0.0629	-1.0000
22	280	2	428.7942	9	12	0	-1	0	0.0629	-1.0000
22	281	2	430.3275	8	5	0	-1	0	0.0629	-1.0000
22	282	2	431.8608	9	12	0	-1	0	0.0629	-1.0000
22	283	2	433.3940	8	5	0	-1	0	0.0629	-1.0000
22	284	2	434.9273	7	7	0	-1	0	0.0629	-1.0000
22	285	2	436.4605	5	11	0	-1	0	0.0629	-1.0000
22	286	2	437.9938	4	15	0	-1	0	0.0629	-1.0000
22	287	2	439.5270	3	2	0	-1	0	0.0629	-1.0000
22	288	2	441.0603	2	13	0	-1	1	0.0629	0.8002
22	289	2	442.5935	1	10	0	-1	0	0.0629	-1.0000
22	290	2	444.1268	15	6	0	-1	0	0.0629	-1.0000
22	291	2	445.6600	14	14	0	-1	0	0.0629	-1.0000
22	292	2	447.1933	13	3	0	-1	1	0.0630	0.8748
22	293	2	448.7265	12	9	0	-1	0	0.0630	-1.0000
22	294	2	450.2598	11	4	0	-1	0	0.0630	-1.0000
22	295	2	451.7931	10	1	0	-1	0	0.0630	-1.0000
22	296	2	453.3263	9	12	0	-1	0	0.0630	-1.0000
22	297	2	454.8595	8	5	0	-1	0	0.0630	-1.0000
22	298	2	456.3928	7	7	0	-1	0	0.0630	-1.0000
22	299	2	457.9260	6	8	0	-1	1	0.0630	0.7644
22	300	2	459.4593	5	11	0	-1	0	0.0630	-1.0000
22	301	2	460.9925	6	8	0	-1	0	0.0630	-1.0000
22	302	2	462.5258	8	5	0	-1	0	0.0630	-1.0000
22	303	2	464.0591	5	11	0	-1	0	0.0630	-1.0000
22	304	2	465.5923	8	5	0	-1	0	0.0630	-1.0000
22	305	2	467.1256	6	8	0	-1	0	0.0630	-1.0000
22	306	2	468.6588	4	15	0	-1	0	0.0630	-1.0000
22	307	2	470.1921	7	7	0	-1	0	0.0630	-1.0000
22	308	2	471.7253	8	5	0	-1	0	0.0630	-1.0000
22	309	2	473.2586	7	7	0	-1	0	0.0630	-1.0000
22	310	2	474.7918	5	11	0	-1	0	0.0630	-1.0000
22	311	2	476.3251	4	15	0	-1	0	0.0630	-1.0000
22	312	2	477.8583	5	11	0	-1	0	0.0630	-1.0000
22	313	2	479.3916	4	15	0	-1	0	0.0630	-1.0000
22	314	2	480.9248	3	2	0	-1	0	0.0630	-1.0000
22	315	2	482.4581	1	10	0	-1	0	0.0630	-1.0000
22	316	2	483.9914	2	13	0	-1	0	0.0630	-1.0000
22	317	2	485.5246	3	2	0	-1	0	0.0630	-1.0000
22	318	2	487.0579	4	15	0	-1	0	0.0630	-1.0000
22	319	2	488.5911	5	11	0	-1	0	0.0630	-1.0000
22	320	2	490.1244	6	8	0	-1	0	0.0630	-1.0000
22	321	2	491.6576	7	7	0	-1	0	0.0630	-1.0000
22	322	2	493.1909	8	5	0	-1	0	0.0630	-1.0000
22	323	2	494.7241	9	12	0	-1	0	0.0630	-1.0000
22	324	2	496.2574	10	1	0	-1	0	0.0630	-1.0000
22	325	2	497.7906	11	4	0	-1	0	0.0630	-1.0000
22	326	2	499.3239	12	9	0	-1	0	0.0630	-1.0000
22	327	2	500.8571	13	3	0	-1	0	0.0630	-1.0000
22	328	2	502.3904	14	14	0	-1	0	0.0630	-1.0000
22	329	2	503.9236	15	6	0	-1	0	0.0630	-1.0000
22	330	2	505.4569	1	10	0	-1	0	0.0630	-1.0000
22	331	2	506.9902	14	14	0	-1	0	0.0630	-1.0000
22	332	2	508.5234	13	3	0	-1	1	0.0632	0.9848
22	333	2	510.0566	12	9	0	-1	0	0.0632	-1.0000
22	334	2	511.5899	10	1	0	-1	0	0.0632	-1.0000
22	335	2	513.1232	9	12	0	-1	0	0.0632	-1.0000
22	336	2	514.6564	10	1	0	-1	0	0.0632	-1.0000
22	337	2	516.1897	9	12	0	-1	0	0.0632	-1.0000
22	338	2	517.7229	11	4	0	-1	0	0.0632	-1.0000
22	339	2	519.2562	12	9	0	-1	0	0.0632	-1.0000
22	340	2	520.7894	11	4	0	-1	0	0.0632	-1.0000
22	341	2	522.3227	9	12	0	-1	0	0.0632	-1.0000
22	342	2	523.8559	10	1	0	-1	0	0.0632	-1.0000
22	343	2	525.3892	12	9	0	-1	0	0.0632	-1.0000
22	344	2	526.9224	11	4	0	-1	0	0.0632	-1.0000
22	345	2	528.4557	10	1	0	-1	0	0.0632	-1.0000
22	346	2	529.9889	9	12	0	-1	0	0.0632	-1.0000
22	347	2	531.5222	8	5	0	-1	0	0.0632	-1.0000
22	348	2	533.0555	7	7	0	-1	0	0.0632	-1.0000
22	349	2	534.5887	6	8	0	-1	1	0.0631	0.5994
22	350	2	536.1220	5	11	0	-1	0	0.0631	-1.0000
22	351	2	537.6552	4	15	0	-1	0	0.0631	-1.0000
22	352	2	539.1885	3	2	0	-1	0	0.0631	-1.0000
22	353	2	540.7217	2	13	0	-1	1	0.0631	1.3148
22	354	2	542.2550	1	10	0	-1	1	0.0631	0.0169
22	355	2	543.7882	15	6	0	-1	1	0.0631	0.0170
22	356	2	545.3215	14	14	0	-1	1	0.0631	0.0169
22	357	2	546.8547	13	3	0	-1	1	0.0632	0.7818
22	358	2	548.3880	12	9	0	-1	1	0.0632	0.8159
22	359	2	549.9212	11	4	0	-1	1	0.0632	1.3468
22	360	2	551.4545	10	1	0	-1	1	0.0632	0.0170
22	361	2	552.9877	13	3	0	-1	0	0.0632	-1.0000
22	362	2	554.5210	11	4	0	-1	0	0.0632	-1.0000
22	363	2	556.0542	9	12	0	-1	0	0.0632	-1.0000
22	364	2	557.5875	12	9	0	-1	1	0.0632	0.9930
22	365	2	559.1208	11	4	0	-1	0	0.0632	-1.0000
22	366	2	560.6540	9	12	0	-1	0	0.0632	-1.0000
22	367	2	562.1873	8	5	0	-1	1	0.0633	1.1447
22	368	2	563.7205	5	11	0	-1	0	0.0633	-1.0000
22	369	2	565.2538	8	5	0	-1	1	0.0633	0.8146
22	370	2	566.7870	7	7	0	-1	1	0.0633	0.0175
22	371	2	568.3202	8	5	0	-1	0	0.0633	-1.0000
22	372	2	569.8535	5	11	0	-1	0	0.0633	-1.0000
22	373	2	571.3868	4	15	0	-1	0	0.0633	-1.0000
22	374	2	572.9200	5	11	0	-1	0	0.0633	-1.0000
22	375	2	574.4533	8	5	0	-1	0	0.0633	-1.0000
22	376	2	575.9865	9	12	0	-1	0	0.0633	-1.0000
22	377	2	577.5198	10	1	0	-1	0	0.0633	-1.0000
22	378	2	579.0530	11	4	0	-1	0	0.0633	-1.0000
22	379	2	580.5863	12	9	0	-1	0	0.0633	-1.0000
22	380	2	582.1195	13	3	0	-1	1	0.0633	0.5244
22	381	2	583.6528	14	14	0	-1	0	0.0633	-1.0000
22	382	2	585.1860	15	6	0	-1	0	0.0633	-1.0000
22	383	2	586.7193	1	10	0	-1	0	0.0633	-1.0000
22	384	2	588.2526	2	13	0	-1	0	0.0633	-1.0000
22	385	2	589.7858	3	2	0	-1	0	0.0633	-1.0000
22	386	2	591.3191	4	15	0	-1	0	0.0633	-1.0000
22	387	2	592.8523	5	11	0	-1	0	0.0633	-1.0000
22	388	2	594.3856	6	8	0	-1	1	0.0633	0.5789
22	389	2	595.9188	7	7	0	-1	0	0.0633	-1.0000
22	390	2	597.4521	8	5	0	-1	0	0.0633	-1.0000
22	391	2	598.9853	9	12	0	-1	0	0.0633	-1.0000
22	392	2	600.5186	8	5	0	-1	0	0.0633	-1.0000
22	393	2	602.0518	9	12	0	-1	0	0.0633	-1.0000
22	394	2	603.5851	12	9	0	-1	0	0.0633	-1.0000
22	395	2	605.1183	13	3	0	-1	0	0.0633	-1.0000
22	396	2	606.6516	12	9	0	-1	1	0.0633	0.6487
22	397	2	608.1848	10	1	0	-1	0	0.0633	-1.0000
22	398	2	609.7181	9	12	0	-1	1	0.0633	0.8300
22	399	2	611.2514	12	9	0	-1	1	0.0633	0.0171
22	400	2	612.7846	11	4	0	-1	1	0.0633	0.0170
22	401	2	614.3178	9	12	0	-1	1	0.0633	0.0170
22	402	2	615.8511	11	4	0	-1	1	0.0632	0.0170
22	403	2	617.3844	12	9	0	-1	1	0.0632	0.0169
22	404	2	618.9176	11	4	0	-1	1	0.0632	0.0177
22	405	2	620.4509	12	9	0	-1	1	0.0632	0.0170
22	406	2	621.9841	11	4	0	-1	1	0.0632	0.0169
22	407	2	623.5174	10	1	0	-1	0	0.0632	-1.0000
22	408	2	625.0506	9	12	0	-1	0	0.0632	-1.0000
22	409	2	626.5839	8	5	0	-1	0	0.0632	-1.0000
22	410	2	628.1171	7	7	0	-1	0	0.0632	-1.0000
22	411	2	629.6504	6	8	0	-1	1	0.0632	0.7539
22	412	2	631.1837	5	11	0	-1	0	0.0632	-1.0000
22	413	2	632.7169	4	15	0	-1	0	0.0632	-1.0000
22	414	2	634.2502	3	2	0	-1	1	0.0633	0.3764
22	415	2	635.7834	2	13	0	-1	0	0.0633	-1.0000
22	416	2	637.3166	1	10	0	-1	0	0.0633	-1.0000
22	417	2	638.8499	15	6	0	-1	0	0.0633	-1.0000
22	418	2	640.3832	14	14	0	-1	1	0.0633	0.4528
22	419	2	641.9164	13	3	0	-1	0	0.0633	-1.0000
22	420	2	643.4497	12	9	0	-1	0	0.0633	-1.0000
22	421	2	644.9829	13	3	0	-1	0	0.0633	-1.0000
22	422	2	646.5162	12	9	0	-1	1	0.0633	0.4000
22	423	2	648.0494	11	4	0	-1	1	0.0633	0.0169
22	424	2	649.5827	13	3	0	-1	1	0.0633	0.0168
22	425	2	651.1159	12	9	0	-1	1	0.0633	0.0168
22	426	2	652.6492	10	1	0	-1	1	0.0633	0.0172
22	427	2	654.1824	13	3	0	-1	1	0.0633	0.0169
22	428	2	655.7157	11	4	0	-1	1	0.0633	0.0324
22	429	2	657.2489	10	1	0	-1	0	0.0633	-1.0000
22	430	2	658.7822	9	12	0	-1	0	0.0633	-1.0000
22	431	2	660.3154	10	1	0	-1	0	0.0633	-1.0000
22	432	2	661.8487	13	3	0	-1	1	0.0633	0.7791
22	433	2	663.3819	14	14	0	-1	0	0.0633	-1.0000
22	434	2	664.9152	15	6	0	-1	0	0.0633	-1.0000
22	435	2	666.4485	1	10	0	-1	0	0.0633	-1.0000
22	436	2	667.9817	15	6	0	-1	0	0.0633	-1.0000
22	437	2	669.5150	14	14	0	-1	0	0.0633	-1.0000
22	438	2	671.0482	13	3	0	-1	0	0.0633	-1.0000
22	439	2	672.5815	12	9	0	-1	0	0.0633	-1.0000
22	440	2	674.1147	11	4	0	-1	0	0.0633	-1.0000
22	441	2	675.6480	10	1	0	-1	0	0.0633	-1.0000
22	442	2	677.1812	9	12	0	-1	0	0.0633	-1.0000
22	443	2	678.7145	8	5	0	-1	0	0.0633	-1.0000
22	444	2	680.2477	7	7	0	-1	0	0.0633	-1.0000
22	445	2	681.7810	6	8	0	-1	0	0.0633	-1.0000
22	446	2	683.3142	5	11	0	-1	0	0.0633	-1.0000
22	447	2	684.8475	4	15	0	-1	0	0.0633	-1.0000
22	448	2	686.3807	3	2	0	-1	0	0.0633	-1.0000
22	449	2	687.9140	2	13	0	-1	0	0.0633	-1.0000
22	450	2	689.4472	1	10	0	-1	0	0.0633	-1.0000
22	451	2	690.9805	2	13	0	-1	0	0.0633	-1.0000
22	452	2	692.5138	1	10	0	-1	1	0.0632	0.4341
22	453	2	694.0470	3	2	0	-1	1	0.0632	0.0168
22	454	2	695.5803	1	10	0	-1	0	0.0632	-1.0000
22	455	2	697.1135	15	6	0	-1	0	0.0632	-1.0000
22	456	2	698.6468	14	14	0	-1	0	0.0632	-1.0000
22	457	2	700.1800	2	13	0	-1	0	0.0632	-1.0000
22	458	2	701.7133	15	6	0	-1	0	0.0632	-1.0000
22	459	2	703.2465	1	10	0	-1	0	0.0632	-1.0000
22	460	2	704.7798	3	2	0	-1	0	0.0632	-1.0000
22	461	2	706.3130	15	6	0	-1	0	0.0632	-1.0000
22	462	2	707.8463	14	14	0	-1	0	0.0632	-1.0000
22	463	2	709.3795	1	10	0	-1	0	0.0632	-1.0000
22	464	2	710.9128	3	2	0	-1	0	0.0632	-1.0000
22	465	2	712.4460	2	13	0	-1	1	0.0632	0.0693
22	466	2	713.9793	3	2	0	-1	1	0.0632	0.0169
22	467	2	715.5126	4	15	0	-1	1	0.0633	0.0168
22	468	2	717.0458	5	11	0	-1	1	0.0633	0.5753
22	469	2	718.5790	6	8	0	-1	1	0.0633	0.0169
22	470	2	720.1123	7	7	0	-1	1	0.0633	0.0171
22	471	2	721.6456	8	5	0	-1	1	0.0633	0.0170
22	472	2	723.1788	9	12	0	-1	1	0.0634	0.0168
22	473	2	724.7121	10	1	0	-1	1	0.0634	0.0169
22	474	2	726.2453	11	4	0	-1	0	0.0634	-1.0000
22	475	2	727.7786	12	9	0	-1	0	0.0634	-1.0000
22	476	2	729.3118	13	3	0	-1	1	0.0634	0.7551
22	477	2	730.8451	14	14	0	-1	0	0.0634	-1.0000
22	478	2	732.3783	15	6	0	-1	0	0.0634	-1.0000
22	479	2	733.9116	1	10	0	-1	0	0.0634	-1.0000
22	480	2	735.4448	2	13	0	-1	0	0.0634	-1.0000
22	481	2	736.9781	1	10	0	-1	0	0.0634	-1.0000
22	482	2	738.5113	3	2	0	-1	0	0.0634	-1.0000
22	483	2	740.0446	15	6	0	-1	0	0.0634	-1.0000
22	484	2	741.5778	3	2	0	-1	0	0.0634	-1.0000
22	485	2	743.1111	2	13	0	-1	0	0.0634	-1.0000
22	486	2	744.6444	3	2	0	-1	0	0.0634	-1.0000
22	487	2	746.1776	15	6	0	-1	0	0.0634	-1.0000
22	488	2	747.7109	1	10	0	-1	0	0.0634	-1.0000
22	489	2	749.2441	14	14	0	-1	0	0.0634	-1.0000
22	490	2	750.7774	2	13	0	-1	0	0.0634	-1.0000
22	491	2	752.3106	3	2	0	-1	0	0.0634	-1.0000
22	492	2	753.8439	1	10	0	-1	0	0.0634	-1.0000
22	493	2	755.3771	2	13	0	-1	0	0.0634	-1.0000
22	494	2	756.9104	15	6	0	-1	0	0.0634	-1.0000
22	495	2	758.4436	3	2	0	-1	0	0.0634	-1.0000
22	496	2	759.9769	4	15	0	-1	0	0.0634	-1.0000
22	497	2	761.5101	5	11	0	-1	0	0.0634	-1.0000
22	498	2	763.0434	6	8	0	-1	1	0.0634	1.1527
22	499	2	764.5766	7	7	0	-1	0	0.0634	-1.0000
22	500	2	766.1099	8	5	0	-1	0	0.0634	-1.0000
22	501	2	767.6432	9	12	0	-1	0	0.0634	-1.0000
22	502	2	769.1764	10	1	0	-1	0	0.0634	-1.0000
22	503	2	770.7097	11	4	0	-1	0	0.0634	-1.0000
22	504	2	772.2429	12	9	0	-1	0	0.0634	-1.0000
22	505	2	773.7762	13	3	0	-1	1	0.0634	1.1220
22	506	2	775.3094	14	14	0	-1	0	0.0634	-1.0000
22	507	2	776.8427	15	6	0	-1	0	0.0634	-1.0000
22	508	2	778.3759	1	10	0	-1	0	0.0634	-1.0000
22	509	2	779.9092	2	13	0	-1	0	0.0634	-1.0000
22	510	2	781.4424	3	2	0	-1	0	0.0634	-1.0000
22	511	2	782.9757	1	10	0	-1	0	0.0634	-1.0000
22	512	2	784.5090	2	13	0	-1	0	0.0634	-1.0000
22	513	2	786.0422	15	6	0	-1	0	0.0634	-1.0000
22	514	2	787.5755	3	2	0	-1	0	0.0634	-1.0000
22	515	2	789.1087	15	6	0	-1	0	0.0634	-1.0000
22	516	2	790.6419	2	13	0	-1	0	0.0634	-1.0000
22	517	2	792.1752	3	2	0	-1	0	0.0634	-1.0000
22	518	2	793.7085	15	6	0	-1	0	0.0634	-1.0000
22	519	2	795.2417	3	2	0	-1	0	0.0634	-1.0000
22	520	2	796.7750	4	15	0	-1	0	0.0634	-1.0000
22	521	2	798.3082	3	2	0	-1	0	0.0634	-1.0000
22	522	2	799.8415	2	13	0	-1	0	0.0634	-1.0000
22	523	2	801.3747	1	10	0	-1	0	0.0634	-1.0000
22	524	2	802.9080	3	2	0	-1	0	0.0634	-1.0000
22	525	2	804.4412	4	15	0	-1	0	0.0634	-1.0000
22	526	2	805.9745	5	11	0	-1	0	0.0634	-1.0000
22	527	2	807.5077	6	8	0	-1	1	0.0634	0.7204
22	528	2	809.0410	7	7	0	-1	0	0.0634	-1.0000
22	529	2	810.5742	8	5	0	-1	0	0.0634	-1.0000
22	530	2	812.1075	9	12	0	-1	0	0.0634	-1.0000
22	531	2	813.6407	10	1	0	-1	0	0.0634	-1.0000
22	532	2	815.1740	11	4	0	-1	0	0.0634	-1.0000
22	533	2	816.7072	12	9	0	-1	0	0.0634	-1.0000
22	534	2	818.2405	13	3	0	-1	1	0.0634	0.6924
22	535	2	819.7737	14	14	0	-1	0	0.0634	-1.0000
22	536	2	821.3070	15	6	0	-1	0	0.0634	-1.0000
22	537	2	822.8403	1	10	0	-1	0	0.0634	-1.0000
22	538	2	824.3735	2	13	0	-1	0	0.0634	-1.0000
22	539	2	825.9068	3	2	0	-1	0	0.0634	-1.0000
22	540	2	827.4400	4	15	0	-1	1	0.0635	1.4449
22	541	2	828.9733	5	11	0	-1	1	0.0635	0.0170
22	542	2	830.5065	4	15	0	-1	0	0.0635	-1.0000
22	543	2	832.0398	3	2	0	-1	0	0.0635	-1.0000
22	544	2	833.5730	15	6	0	-1	0	0.0635	-1.0000
22	545	2	835.1063	1	10	0	-1	0	0.0635	-1.0000
22	546	2	836.6395	2	13	0	-1	0	0.0635	-1.0000
22	547	2	838.1728	3	2	0	-1	0	0.0635	-1.0000
22	548	2	839.7061	2	13	0	-1	0	0.0635	-1.0000
22	549	2	841.2393	3	2	0	-1	0	0.0635	-1.0000
22	550	2	842.7725	15	6	0	-1	0	0.0635	-1.0000
22	551	2	844.3058	1	10	0	-1	0	0.0635	-1.0000
22	552	2	845.8390	15	6	0	-1	0	0.0635	-1.0000
22	553	2	847.3723	14	14	0	-1	0	0.0635	-1.0000
22	554	2	848.9056	1	10	0	-1	0	0.0635	-1.0000
22	555	2	850.4388	2	13	0	-1	0	0.0635	-1.0000
22	556	2	851.9721	3	2	0	-1	0	0.0635	-1.0000
22	557	2	853.5053	4	15	0	-1	0	0.0635	-1.0000
22	558	2	855.0386	5	11	0	-1	0	0.0635	-1.0000
22	559	2	856.5718	6	8	0	-1	1	0.0635	0.9851
22	560	2	858.1051	7	7	0	-1	0	0.0635	-1.0000
22	561	2	859.6383	8	5	0	-1	0	0.0635	-1.0000
22	562	2	861.1716	9	12	0	-1	0	0.0635	-1.0000
22	563	2	862.7048	10	1	0	-1	0	0.0635	-1.0000
22	564	2	864.2381	11	4	0	-1	0	0.0635	-1.0000
22	565	2	865.7714	12	9	0	-1	0	0.0635	-1.0000
22	566	2	867.3046	13	3	0	-1	1	0.0635	0.6674
22	567	2	868.8378	14	14	0	-1	0	0.0635	-1.0000
22	568	2	870.3711	15	6	0	-1	0	0.0635	-1.0000
22	569	2	871.9044	1	10	0	-1	0	0.0635	-1.0000
22	570	2	873.4376	2	13	0	-1	0	0.0635	-1.0000
22	571	2	874.9709	1	10	0	-1	0	0.0635	-1.0000
22	572	2	876.5041	14	14	0	-1	0	0.0635	-1.0000
22	573	2	878.0374	1	10	0	-1	0	0.0635	-1.0000
22	574	2	879.5706	15	6	0	-1	0	0.0635	-1.0000
22	575	2	881.1039	1	10	0	-1	0	0.0635	-1.0000
22	576	2	882.6371	3	2	0	-1	0	0.0635	-1.0000
22	577	2	884.1704	4	15	0	-1	0	0.0635	-1.0000
22	578	2	885.7036	3	2	0	-1	0	0.0635	-1.0000
22	579	2	887.2369	1	10	0	-1	0	0.0635	-1.0000
22	580	2	888.7701	2	13	0	-1	0	0.0635	-1.0000
22	581	2	890.3033	3	2	0	-1	0	0.0635	-1.0000
22	582	2	891.8366	1	10	0	-1	0	0.0635	-1.0000
22	583	2	893.3699	2	13	0	-1	0	0.0635	-1.0000
22	584	2	894.9031	14	14	0	-1	1	0.0635	0.9248
22	585	2	896.4364	1	10	0	-1	0	0.0635	-1.0000
22	586	2	897.9697	15	6	0	-1	0	0.0635	-1.0000
22	587	2	899.5029	14	14	0	-1	0	0.0635	-1.0000
22	588	2	901.0362	13	3	0	-1	0	0.0635	-1.0000
22	589	2	902.5694	12	9	0	-1	0	0.0635	-1.0000
22	590	2	904.1027	11	4	0	-1	0	0.0635	-1.0000
22	591	2	905.6359	10	1	0	-1	0	0.0635	-1.0000
22	592	2	907.1692	9	12	0	-1	0	0.0635	-1.0000
22	593	2	908.7024	8	5	0	-1	0	0.0635	-1.0000
22	594	2	910.2357	7	7	0	-1	0	0.0635	-1.0000
22	595	2	911.7689	6	8	0	-1	0	0.0635	-1.0000
22	596	2	913.3022	5	11	0	-1	0	0.0635	-1.0000
22	597	2	914.8354	4	15	0	-1	0	0.0635	-1.0000
22	598	2	916.3687	3	2	0	-1	0	0.0635	-1.0000
22	599	2	917.9019	2	13	0	-1	0	0.0635	-1.0000
22	600	2	919.4352	1	10	0	-1	0	0.0635	-1.0000
Actual parsing ratio
0.0635
Possible node parses
85.0000
 Node parses selected
5.7882
Possible other parses
515.0000
Other parses selected
14.0971
Chance parsing ratio
0.1417
