*********************************************
* Date/Time: 30-Oct-2019 11:06:49
* Seed: 210853.4
* Subject Number: 021
5	7	14	13	6	8	4	15	9	3	12	1	10	2	11	
*********************************************

Shape exposure time (seconds)
131.0543
subject	trial	phase	onset	node	shape	rotate	acc	resp	total	rt
21	1	1	1.0166	13	10	90	-1	0	0.0000	-1.0000
21	2	1	2.7332	11	12	0	0	1	0.0000	0.0169
21	3	1	4.2831	13	10	0	-1	0	0.0000	-1.0000
21	4	1	6.3663	12	1	0	0	1	0.0000	0.0371
21	5	1	7.9496	9	9	0	0	1	0.0000	1.3178
21	6	1	9.8161	11	12	0	1	1	0.1667	0.0898
21	7	1	11.3661	9	9	0	1	1	0.2857	1.3079
21	8	1	12.9160	11	12	0	-1	0	0.2500	-1.0000
21	9	1	14.9992	10	3	0	1	1	0.3333	1.4680
21	10	1	16.5991	12	1	0	0	1	0.3000	1.0848
21	11	1	18.2657	13	10	0	-1	0	0.2727	-1.0000
21	12	1	20.2989	12	1	0	-1	0	0.2500	-1.0000
21	13	1	22.3321	13	10	90	-1	0	0.2308	-1.0000
21	14	1	24.3820	12	1	0	1	1	0.2857	1.2053
21	15	1	25.9320	9	9	0	0	1	0.2667	1.4798
21	16	1	27.9319	12	1	90	-1	0	0.2500	-1.0000
21	17	1	29.9484	11	12	0	-1	0	0.2353	-1.0000
21	18	1	31.9983	10	3	0	1	1	0.2778	0.0170
21	19	1	33.5482	12	1	0	0	1	0.2632	1.2859
21	20	1	35.3481	10	3	0	-1	0	0.2500	-1.0000
21	21	1	37.4813	11	12	0	-1	0	0.2381	-1.0000
21	22	1	39.6479	13	10	0	-1	0	0.2273	-1.0000
21	23	1	41.6478	10	3	0	1	1	0.2609	0.7701
21	24	1	43.1977	13	10	0	1	1	0.2917	0.9654
21	25	1	44.7476	11	12	90	0	1	0.2800	1.2555
21	26	1	46.5975	9	9	0	-1	0	0.2692	-1.0000
21	27	1	48.6307	12	1	0	0	1	0.2593	0.2352
21	28	1	50.1807	10	3	90	0	1	0.2500	1.1495
21	29	1	51.8806	9	9	0	0	1	0.2414	0.9861
21	30	1	53.4305	10	3	0	-1	0	0.2333	-1.0000
21	31	1	55.4971	12	1	90	0	1	0.2258	1.4660
21	32	1	57.5469	10	3	90	1	1	0.2500	1.4630
21	33	1	59.1802	12	1	0	-1	0	0.2424	-1.0000
21	34	1	61.2634	10	3	0	1	1	0.2647	1.1560
21	35	1	62.8133	13	10	0	0	1	0.2571	1.3806
21	36	1	64.7132	14	2	0	1	1	0.2778	1.3218
21	37	1	66.2632	1	5	0	0	1	0.2703	1.3722
21	38	1	68.1464	15	11	0	-1	0	0.2632	-1.0000
21	39	1	70.1796	1	5	0	-1	0	0.2564	-1.0000
21	40	1	72.2128	2	7	0	-1	0	0.2500	-1.0000
21	41	1	74.2628	3	14	90	0	1	0.2439	1.3886
21	42	1	76.2293	15	11	0	-1	0	0.2381	-1.0000
21	43	1	78.2459	14	2	90	0	1	0.2326	0.8133
21	44	1	79.7958	1	5	0	-1	0	0.2273	-1.0000
21	45	1	81.8790	15	11	0	0	1	0.2222	1.4669
21	46	1	83.9289	14	2	0	1	1	0.2391	0.4583
21	47	1	85.4788	13	10	0	-1	0	0.2340	-1.0000
21	48	1	87.5454	14	2	0	1	1	0.2500	1.1285
21	49	1	89.0953	2	7	0	0	1	0.2449	1.3079
21	50	1	90.9952	3	14	0	0	1	0.2400	1.4707
21	51	1	93.0284	2	7	90	-1	0	0.2353	-1.0000
21	52	1	95.0616	14	2	0	-1	0	0.2308	-1.0000
21	53	1	97.1115	1	5	0	0	1	0.2264	1.0036
21	54	1	98.6948	15	11	0	-1	0	0.2222	-1.0000
21	55	1	100.7280	1	5	0	1	1	0.2364	1.2112
21	56	1	102.2779	15	11	0	1	1	0.2500	1.3400
21	57	1	103.8278	2	7	0	1	1	0.2632	1.0712
21	58	1	105.3778	3	14	90	1	1	0.2759	1.0401
21	59	1	106.9277	4	13	0	0	1	0.2712	0.8355
21	60	1	108.4776	7	4	0	0	1	0.2667	1.3817
21	61	1	110.3941	6	8	0	1	1	0.2787	1.1928
21	62	1	111.9441	5	6	0	1	1	0.2903	0.9556
21	63	1	113.4940	7	4	0	1	1	0.3016	0.7174
21	64	1	115.0439	8	15	90	0	1	0.2969	1.3918
21	65	1	116.9938	7	4	0	-1	0	0.2923	-1.0000
21	66	1	119.0270	6	8	0	0	1	0.2879	0.1108
21	67	1	120.5769	8	15	0	-1	0	0.2836	-1.0000
21	68	1	122.6435	6	8	90	-1	0	0.2794	-1.0000
21	69	1	124.6934	7	4	0	1	1	0.2899	1.1978
21	70	1	126.2433	6	8	0	0	1	0.2857	1.0550
21	71	1	127.8599	4	13	0	1	1	0.2958	1.3259
21	72	1	129.4098	6	8	0	0	1	0.2917	1.2334
21	73	1	131.2097	5	6	0	1	1	0.3014	1.3855
21	74	1	132.7596	6	8	0	1	1	0.3108	0.5874
21	75	1	134.3096	7	4	90	0	1	0.3067	1.2136
21	76	1	136.0428	8	15	0	0	1	0.3026	1.2401
21	77	1	137.8094	5	6	0	-1	0	0.2987	-1.0000
21	78	1	139.8259	8	15	0	1	1	0.3077	0.6719
21	79	1	141.3759	7	4	0	0	1	0.3038	1.3634
21	80	1	143.2758	8	15	0	1	1	0.3125	0.9188
21	81	1	144.8257	5	6	0	1	1	0.3210	0.7458
21	82	1	146.3756	4	13	90	1	1	0.3293	0.9875
21	83	1	147.9255	3	14	0	1	1	0.3373	0.9260
21	84	1	149.4754	4	13	0	1	1	0.3452	1.2158
21	85	1	151.0253	5	6	0	1	1	0.3529	1.2018
21	86	1	152.5753	4	13	0	0	1	0.3488	0.9318
21	87	1	154.1252	7	4	0	-1	0	0.3448	-1.0000
21	88	1	156.1751	4	13	0	-1	0	0.3409	-1.0000
21	89	1	158.2250	5	6	0	1	1	0.3483	1.1689
21	90	1	159.7749	8	15	0	-1	0	0.3444	-1.0000
21	91	1	161.8414	5	6	0	1	1	0.3516	1.3777
21	92	1	163.3914	7	4	0	1	1	0.3587	1.4599
21	93	1	164.9746	8	15	0	1	1	0.3656	1.1246
21	94	1	166.5245	9	9	0	1	1	0.3723	1.1103
21	95	1	168.0744	12	1	0	0	1	0.3684	1.2569
21	96	1	169.8410	13	10	0	-1	0	0.3646	-1.0000
21	97	1	172.0242	11	12	0	1	1	0.3711	1.4830
21	98	1	173.6241	9	9	0	1	1	0.3776	0.8748
21	99	1	175.1741	10	3	0	0	1	0.3737	0.7973
21	100	1	176.7240	13	10	0	-1	0	0.3700	-1.0000
21	101	1	178.7739	14	2	0	1	1	0.3762	1.0839
21	102	1	180.3238	15	11	0	0	1	0.3725	0.8794
21	103	1	181.8737	3	14	0	1	1	0.3786	0.8001
21	104	1	183.4236	2	7	0	1	1	0.3846	1.1863
21	105	1	184.9735	3	14	90	1	1	0.3905	1.4443
21	106	1	186.6068	1	5	0	1	1	0.3962	1.2364
21	107	1	188.1567	2	7	0	1	1	0.4019	1.1423
21	108	1	189.7066	3	14	0	1	1	0.4074	1.0964
21	109	1	191.2566	4	13	0	0	1	0.4037	0.6973
21	110	1	192.8065	7	4	0	1	1	0.4091	0.9553
21	111	1	194.3564	4	13	0	-1	0	0.4054	-1.0000
21	112	1	196.3896	7	4	0	1	1	0.4107	0.7815
21	113	1	197.9395	5	6	90	0	1	0.4071	0.7197
21	114	1	199.4894	8	15	0	0	1	0.4035	1.4260
21	115	1	201.4227	6	8	0	-1	0	0.4000	-1.0000
21	116	1	203.4559	7	4	0	1	1	0.4052	0.0197
21	117	1	205.0058	6	8	0	1	1	0.4103	0.7411
21	118	1	206.5557	4	13	0	0	1	0.4068	0.5195
21	119	1	208.1057	5	6	0	1	1	0.4118	0.5041
21	120	1	209.6556	4	13	0	1	1	0.4167	0.5878
21	121	1	211.2055	3	14	0	0	1	0.4132	0.3662
21	122	1	212.7554	4	13	0	-1	0	0.4098	-1.0000
21	123	1	214.7886	5	6	0	-1	0	0.4065	-1.0000
21	124	1	216.8219	6	8	0	1	1	0.4113	0.6207
21	125	1	218.3718	4	13	90	-1	0	0.4080	-1.0000
21	126	1	220.4550	3	14	0	0	1	0.4048	1.0028
21	127	1	222.0382	15	11	0	-1	0	0.4016	-1.0000
21	128	1	224.0715	2	7	0	0	1	0.3984	0.8423
21	129	1	225.6214	3	14	0	1	1	0.4031	1.1335
21	130	1	227.1713	2	7	0	1	1	0.4077	0.5283
21	131	1	228.7212	1	5	90	1	1	0.4122	1.1050
21	132	1	230.2711	15	11	0	0	1	0.4091	0.9318
21	133	1	231.8211	1	5	90	0	1	0.4060	1.1407
21	134	1	233.5543	15	11	0	-1	0	0.4030	-1.0000
21	135	1	235.5875	2	7	90	1	1	0.4074	0.6700
21	136	1	237.1374	3	14	0	1	1	0.4118	0.8963
21	137	1	238.6874	2	7	0	1	1	0.4161	0.9156
21	138	1	240.2373	3	14	0	1	1	0.4203	0.8205
21	139	1	241.7872	2	7	0	1	1	0.4245	0.8553
21	140	1	243.3371	1	5	0	0	1	0.4214	0.6501
21	141	1	244.8870	3	14	90	0	1	0.4184	0.6681
21	142	1	246.4369	1	5	0	1	1	0.4225	0.8128
21	143	1	247.9869	2	7	90	-1	0	0.4196	-1.0000
21	144	1	250.0701	1	5	0	1	1	0.4236	0.9090
21	145	1	251.6200	15	11	90	0	1	0.4207	0.8457
21	146	1	253.1699	2	7	90	-1	0	0.4178	-1.0000
21	147	1	255.1865	1	5	90	1	1	0.4218	1.3765
21	148	1	256.7364	15	11	0	1	1	0.4257	1.2986
21	149	1	258.2863	3	14	0	1	1	0.4295	1.0607
21	150	1	259.8362	2	7	0	1	1	0.4333	0.8390
21	151	1	261.3862	3	14	90	0	1	0.4305	0.9846
21	152	1	262.9361	4	13	0	1	1	0.4342	1.4989
21	153	1	264.5860	7	4	90	1	1	0.4379	1.0010
21	154	1	266.1359	6	8	0	1	1	0.4416	1.1154
21	155	1	267.6858	4	13	0	0	1	0.4387	1.0519
21	156	1	269.3191	6	8	0	1	1	0.4423	1.3876
21	157	1	270.8690	8	15	0	1	1	0.4459	1.1979
21	158	1	272.4189	9	9	0	1	1	0.4494	0.9268
21	159	1	273.9688	12	1	0	0	1	0.4465	1.2969
21	160	1	275.8187	13	10	90	-1	0	0.4437	-1.0000
21	161	1	277.9020	11	12	0	1	1	0.4472	1.2047
21	162	1	279.4519	12	1	0	1	1	0.4506	0.9818
21	163	1	281.0018	10	3	90	0	1	0.4479	1.3050
21	164	1	282.8850	9	9	0	1	1	0.4512	1.0540
21	165	1	284.4349	12	1	0	0	1	0.4485	1.2000
21	166	1	286.2182	10	3	0	0	1	0.4458	1.0330
21	167	1	287.8014	9	9	0	1	1	0.4491	0.6803
21	168	1	289.3514	8	15	90	1	1	0.4524	1.1317
21	169	1	290.9013	7	4	0	1	1	0.4556	0.9576
21	170	1	292.4512	5	6	0	0	1	0.4529	1.0865
21	171	1	294.1178	6	8	0	1	1	0.4561	1.4840
21	172	1	295.7510	7	4	0	1	1	0.4593	0.7477
21	173	1	297.3009	4	13	90	0	1	0.4566	1.0379
21	174	1	298.8508	6	8	0	1	1	0.4598	0.9921
21	175	1	300.4008	8	15	0	1	1	0.4629	1.0423
21	176	1	301.9507	5	6	0	1	1	0.4659	1.2844
21	177	1	303.5006	7	4	0	1	1	0.4689	0.8864
21	178	1	305.0505	5	6	0	1	1	0.4719	0.9525
21	179	1	306.6004	7	4	0	1	1	0.4749	0.6825
21	180	1	308.1504	6	8	0	1	1	0.4778	0.9409
21	181	1	309.7003	8	15	0	1	1	0.4807	0.7985
21	182	1	311.2502	9	9	0	1	1	0.4835	0.9128
21	183	1	312.8001	8	15	0	1	1	0.4863	0.7710
21	184	1	314.3500	7	4	0	1	1	0.4891	0.8676
21	185	1	315.8999	8	15	0	1	1	0.4919	0.7114
21	186	1	317.4499	6	8	0	1	1	0.4946	0.7457
21	187	1	318.9998	4	13	0	1	1	0.4973	1.1625
21	188	1	320.5497	3	14	0	1	1	0.5000	1.1016
21	189	1	322.0996	15	11	0	1	1	0.5026	1.0381
21	190	1	323.6495	14	2	0	-1	0	0.5000	-1.0000
21	191	1	325.6828	1	5	90	0	1	0.4974	1.4560
21	192	1	327.6493	2	7	0	0	1	0.4948	0.8976
21	193	1	329.1992	3	14	0	1	1	0.4974	0.7878
21	194	1	330.7492	15	11	90	1	1	0.5000	0.8045
21	195	1	332.2991	14	2	0	0	1	0.4974	1.1599
21	196	1	333.9656	13	10	0	-1	0	0.4949	-1.0000
21	197	1	335.9989	12	1	0	1	1	0.4975	0.1640
21	198	1	337.5488	11	12	0	1	1	0.5000	0.7417
21	199	1	339.0987	13	10	90	0	1	0.4975	0.8229
21	200	1	340.6486	11	12	0	1	1	0.5000	0.8426
21	201	1	342.1985	13	10	0	0	1	0.4975	1.0364
21	202	1	343.8151	14	2	0	1	1	0.5000	1.4679
21	203	1	345.4483	2	7	0	0	1	0.4975	1.2573
21	204	1	347.2483	3	14	0	1	1	0.5000	0.9947
21	205	1	348.7982	2	7	0	1	1	0.5024	0.8529
21	206	1	350.3481	1	5	0	1	1	0.5049	0.7589
21	207	1	351.8981	15	11	0	1	1	0.5072	0.6969
21	208	1	353.4480	3	14	90	0	1	0.5048	1.0349
21	209	1	355.0479	2	7	0	-1	0	0.5024	-1.0000
21	210	1	357.0811	3	14	0	0	1	0.5000	1.1619
21	211	1	358.7644	1	5	0	1	1	0.5024	1.4625
21	212	1	360.3643	3	14	90	-1	0	0.5000	-1.0000
21	213	1	362.4641	2	7	0	-1	0	0.4977	-1.0000
21	214	1	364.5140	1	5	0	1	1	0.5000	1.1838
21	215	1	366.0640	3	14	90	1	1	0.5023	0.9137
21	216	1	367.6139	15	11	0	1	1	0.5046	0.9331
21	217	1	369.1638	1	5	0	1	1	0.5069	0.6458
21	218	1	370.7137	14	2	0	1	1	0.5092	0.9531
21	219	1	372.2636	2	7	0	1	1	0.5114	0.8751
21	220	1	373.8135	3	14	0	1	1	0.5136	0.7489
21	221	1	375.3634	15	11	0	1	1	0.5158	0.9435
21	222	1	376.9134	1	5	0	1	1	0.5180	0.8337
21	223	1	378.4633	14	2	90	0	1	0.5157	0.9944
21	224	1	380.0299	1	5	0	1	1	0.5179	0.8370
21	225	1	381.5798	3	14	0	1	1	0.5200	0.7258
21	226	1	383.1297	2	7	90	0	1	0.5177	1.2881
21	227	1	384.9462	15	11	0	1	1	0.5198	1.1358
21	228	1	386.4962	1	5	0	1	1	0.5219	0.7066
21	229	1	388.0461	15	11	0	0	1	0.5197	0.9012
21	230	1	389.5960	14	2	90	-1	0	0.5174	-1.0000
21	231	1	391.6293	15	11	0	1	1	0.5195	1.4455
21	232	1	393.2292	1	5	0	1	1	0.5216	0.7565
21	233	1	394.7791	15	11	0	1	1	0.5236	1.2719
21	234	1	396.3290	2	7	0	1	1	0.5256	1.0499
21	235	1	397.8789	14	2	90	0	1	0.5234	0.8438
21	236	1	399.4289	13	10	90	0	1	0.5212	0.9425
21	237	1	400.9788	12	1	0	-1	0	0.5190	-1.0000
21	238	1	403.0453	11	12	0	-1	0	0.5168	-1.0000
21	239	1	405.0952	10	3	0	1	1	0.5188	1.2277
21	240	1	406.6451	9	9	0	1	1	0.5208	0.9407
21	241	1	408.1950	8	15	0	1	1	0.5228	0.7826
21	242	1	409.7450	7	4	0	1	1	0.5248	0.8180
21	243	1	411.2949	6	8	0	0	1	0.5226	0.9318
21	244	1	412.8448	7	4	0	1	1	0.5246	0.7088
21	245	1	414.3947	8	15	0	1	1	0.5265	0.6641
21	246	1	415.9446	7	4	90	1	1	0.5285	0.8570
21	247	1	417.4945	5	6	0	1	1	0.5304	1.2273
21	248	1	419.0445	7	4	0	1	1	0.5323	0.7183
21	249	1	420.5944	4	13	0	1	1	0.5341	0.9445
21	250	1	422.1443	3	14	0	1	1	0.5360	0.7226
21	251	1	423.6942	4	13	90	1	1	0.5378	1.0286
21	252	1	425.2441	6	8	0	1	1	0.5397	0.7420
21	253	1	426.7941	4	13	0	1	1	0.5415	1.0960
21	254	1	428.3440	3	14	90	0	1	0.5394	1.0658
21	255	1	429.9939	2	7	0	1	1	0.5412	1.2090
21	256	1	431.5438	1	5	90	1	1	0.5430	0.9871
21	257	1	433.0937	3	14	90	0	1	0.5409	0.7010
21	258	1	434.6437	15	11	0	1	1	0.5426	0.7831
21	259	1	436.1936	1	5	0	1	1	0.5444	0.6254
21	260	1	437.7435	2	7	0	1	1	0.5462	0.8513
21	261	1	439.2934	1	5	0	1	1	0.5479	1.0128
21	262	1	440.8433	2	7	90	0	1	0.5458	1.4948
21	263	1	442.9099	14	2	90	0	1	0.5437	0.9157
21	264	1	444.4598	1	5	0	1	1	0.5455	0.9345
21	265	1	446.0097	15	11	0	1	1	0.5472	0.8718
21	266	1	447.5596	2	7	0	0	1	0.5451	0.8433
21	267	1	449.1096	14	2	0	1	1	0.5468	0.6680
21	268	1	450.6595	15	11	0	0	1	0.5448	0.9591
21	269	1	452.2094	2	7	90	1	1	0.5465	1.4416
21	270	1	453.8093	3	14	90	0	1	0.5444	0.8336
21	271	1	455.3592	2	7	0	1	1	0.5461	0.7703
21	272	1	456.9091	15	11	0	1	1	0.5478	1.1257
21	273	1	458.4590	3	14	0	-1	0	0.5458	-1.0000
21	274	1	460.5423	15	11	0	1	1	0.5474	1.2529
21	275	1	462.0922	2	7	0	1	1	0.5491	1.2854
21	276	1	463.6421	14	2	0	1	1	0.5507	0.9683
21	277	1	465.1920	2	7	0	1	1	0.5523	0.9068
21	278	1	466.7419	15	11	0	1	1	0.5540	0.8293
21	279	1	468.2919	3	14	90	1	1	0.5556	1.2631
21	280	1	469.8418	1	5	0	1	1	0.5571	0.5758
21	281	1	471.3917	15	11	0	1	1	0.5587	0.8340
21	282	1	472.9416	3	14	0	1	1	0.5603	1.1412
21	283	1	474.4915	2	7	0	1	1	0.5618	0.8232
21	284	1	476.0415	15	11	0	1	1	0.5634	0.7613
21	285	1	477.5914	1	5	0	1	1	0.5649	0.6662
21	286	1	479.1413	15	11	0	1	1	0.5664	0.6215
21	287	1	480.6912	14	2	0	1	1	0.5679	1.2156
21	288	1	482.2411	2	7	0	1	1	0.5694	0.9456
21	289	1	483.7910	3	14	0	0	1	0.5675	0.9637
21	290	1	485.3410	2	7	0	-1	0	0.5655	-1.0000
21	291	1	487.3909	14	2	90	1	1	0.5670	1.2347
21	292	1	488.9408	2	7	0	1	1	0.5685	0.9502
21	293	1	490.4907	3	14	0	1	1	0.5700	1.3202
21	294	1	492.0406	2	7	0	1	1	0.5714	1.2261
21	295	1	493.5905	1	5	0	1	1	0.5729	0.8442
21	296	1	495.1404	3	14	90	1	1	0.5743	0.8293
21	297	1	496.6903	4	13	90	0	1	0.5724	0.9450
21	298	1	498.2403	7	4	90	1	1	0.5738	0.9942
21	299	1	499.7902	4	13	0	1	1	0.5753	1.0753
21	300	1	501.3401	7	4	0	1	1	0.5767	0.8534
21	301	1	502.8900	6	8	90	1	1	0.5781	1.2235
21	302	1	504.4399	8	15	0	1	1	0.5795	0.8588
21	303	1	505.9899	6	8	0	0	1	0.5776	1.0848
21	304	1	507.6565	4	13	90	0	1	0.5757	1.1145
21	305	1	509.3230	5	6	0	-1	0	0.5738	-1.0000
21	306	1	511.3562	8	15	0	1	1	0.5752	0.7264
21	307	1	512.9062	5	6	0	0	1	0.5733	1.0167
21	308	1	514.4561	4	13	0	-1	0	0.5714	-1.0000
21	309	1	516.5560	6	8	90	0	1	0.5696	1.2387
21	310	1	518.3226	7	4	0	1	1	0.5710	0.7361
21	311	1	519.8724	6	8	0	0	1	0.5691	1.3143
21	312	1	521.7724	4	13	0	1	1	0.5705	1.3658
21	313	1	523.3223	3	14	0	1	1	0.5719	1.0806
21	314	1	524.8722	1	5	0	1	1	0.5732	0.7145
21	315	1	526.4221	2	7	0	1	1	0.5746	0.8288
21	316	1	527.9720	14	2	0	1	1	0.5759	0.9590
21	317	1	529.5219	13	10	0	1	1	0.5773	0.9756
21	318	1	531.0719	12	1	90	0	1	0.5755	1.0110
21	319	1	532.6385	10	3	90	0	1	0.5737	1.2196
21	320	1	534.4050	12	1	0	1	1	0.5750	0.7177
21	321	1	535.9549	10	3	0	1	1	0.5763	0.7678
21	322	1	537.5049	9	9	0	1	1	0.5776	0.6903
21	323	1	539.0548	11	12	0	0	1	0.5759	1.0267
21	324	1	540.6214	9	9	0	1	1	0.5772	0.6933
21	325	1	542.1713	12	1	0	1	1	0.5785	0.7262
21	326	1	543.7212	9	9	90	1	1	0.5798	1.0015
21	327	1	545.2711	8	15	0	1	1	0.5810	0.8598
21	328	1	546.8210	9	9	90	1	1	0.5823	0.7507
21	329	1	548.3709	12	1	0	1	1	0.5836	0.9914
21	330	1	549.9209	13	10	0	1	1	0.5848	1.1216
21	331	1	551.4708	14	2	90	0	1	0.5831	1.0587
21	332	1	553.0707	2	7	0	1	1	0.5843	1.0281
21	333	1	554.6206	15	11	0	1	1	0.5856	0.8542
21	334	1	556.1705	3	14	0	1	1	0.5868	1.2241
21	335	1	557.7204	4	13	0	1	1	0.5881	0.9064
21	336	1	559.2704	5	6	0	0	1	0.5863	1.0841
21	337	1	560.8703	6	8	0	0	1	0.5846	1.2445
21	338	1	562.6369	8	15	0	1	1	0.5858	0.6297
21	339	1	564.1868	5	6	0	1	1	0.5870	1.2067
21	340	1	565.7367	8	15	90	1	1	0.5882	1.0180
21	341	1	567.2866	7	4	90	1	1	0.5894	0.9722
21	342	1	568.8366	8	15	0	1	1	0.5906	0.7341
21	343	1	570.3864	9	9	0	1	1	0.5918	0.7364
21	344	1	571.9364	8	15	0	1	1	0.5930	0.7383
21	345	1	573.4863	5	6	0	0	1	0.5913	0.8365
21	346	1	575.0362	4	13	0	1	1	0.5925	0.6613
21	347	1	576.5861	5	6	0	1	1	0.5937	0.9206
21	348	1	578.1361	8	15	0	1	1	0.5948	1.0986
21	349	1	579.6860	6	8	90	1	1	0.5960	0.9408
21	350	1	581.2359	7	4	0	1	1	0.5971	1.2789
21	351	1	582.7858	5	6	0	1	1	0.5983	1.1529
21	352	1	584.3357	8	15	0	1	1	0.5994	0.8979
21	353	1	585.8856	7	4	90	1	1	0.6006	0.8371
21	354	1	587.4355	8	15	0	1	1	0.6017	0.6630
21	355	1	588.9855	6	8	0	1	1	0.6028	0.8412
21	356	1	590.5354	8	15	0	1	1	0.6039	0.7635
21	357	1	592.0853	7	4	0	1	1	0.6050	0.8290
21	358	1	593.6352	5	6	0	1	1	0.6061	0.8156
21	359	1	595.1851	4	13	0	1	1	0.6072	0.8483
21	360	1	596.7351	6	8	0	0	1	0.6056	0.8836
21	361	1	598.2850	4	13	0	1	1	0.6066	0.9485
21	362	1	599.8349	3	14	0	0	1	0.6050	0.9997
21	363	1	601.3848	15	11	0	-1	0	0.6033	-1.0000
21	364	1	603.4847	14	2	0	1	1	0.6044	1.2700
21	365	1	605.0346	15	11	0	1	1	0.6055	0.7282
21	366	1	606.5845	14	2	0	1	1	0.6066	0.9209
21	367	1	608.1345	15	11	0	1	1	0.6076	1.1165
21	368	1	609.6844	1	5	0	1	1	0.6087	0.6704
21	369	1	611.2343	14	2	0	1	1	0.6098	1.1204
21	370	1	612.7842	13	10	0	1	1	0.6108	0.9772
21	371	1	614.3341	11	12	0	0	1	0.6092	0.7883
21	372	1	615.8840	12	1	0	0	1	0.6075	0.8231
21	373	1	617.4340	11	12	0	1	1	0.6086	0.8409
21	374	1	618.9839	13	10	0	1	1	0.6096	0.8906
21	375	1	620.5338	12	1	0	1	1	0.6107	0.7803
21	376	1	622.0837	11	12	0	0	1	0.6090	1.3109
21	377	1	623.9336	9	9	90	1	1	0.6101	0.9652
21	378	1	625.4835	11	12	0	1	1	0.6111	0.8542
21	379	1	627.0334	9	9	0	1	1	0.6121	0.8893
21	380	1	628.5834	8	15	0	1	1	0.6132	0.6980
21	381	1	630.1333	5	6	0	1	1	0.6142	0.8934
21	382	1	631.6832	6	8	0	1	1	0.6152	0.8942
21	383	1	633.2331	7	4	0	1	1	0.6162	0.7843
21	384	1	634.7830	6	8	0	1	1	0.6172	0.7392
21	385	1	636.3329	7	4	0	1	1	0.6182	0.6124
21	386	1	637.8829	6	8	0	1	1	0.6192	0.5199
21	387	1	639.4328	7	4	0	1	1	0.6202	0.5059
21	388	1	640.9827	5	6	90	1	1	0.6211	0.8587
21	389	1	642.5326	6	8	0	1	1	0.6221	0.8447
21	390	1	644.0826	8	15	0	1	1	0.6231	0.6401
21	391	1	645.6325	6	8	0	1	1	0.6240	0.6901
21	392	1	647.1824	4	13	0	1	1	0.6250	0.7887
21	393	1	648.7323	3	14	0	1	1	0.6260	0.9666
21	394	1	650.2822	2	7	0	1	1	0.6269	0.8563
21	395	1	651.8321	1	5	0	1	1	0.6278	0.6493
21	396	1	653.3820	15	11	0	1	1	0.6288	0.7491
21	397	1	654.9320	14	2	90	0	1	0.6272	0.7654
21	398	1	656.4819	13	10	90	0	1	0.6256	0.9289
21	399	1	658.0318	10	3	0	1	1	0.6266	1.1378
21	400	1	659.5817	12	1	0	1	1	0.6275	0.8048
21	401	1	661.1316	11	12	0	0	1	0.6259	1.3177
21	402	1	663.0315	12	1	90	0	1	0.6244	0.7312
21	403	1	664.5815	10	3	0	1	1	0.6253	1.0053
21	404	1	666.1314	9	9	0	1	1	0.6262	0.6554
21	405	1	667.6813	11	12	90	0	1	0.6247	1.0257
21	406	1	669.2645	12	1	90	0	1	0.6232	0.5620
21	407	1	670.8144	13	10	90	0	1	0.6216	0.7069
21	408	1	672.3644	14	2	0	1	1	0.6225	0.7890
21	409	1	673.9143	13	10	0	1	1	0.6235	0.9525
21	410	1	675.4642	12	1	0	1	1	0.6244	0.8267
21	411	1	677.0141	10	3	90	1	1	0.6253	1.3724
21	412	1	678.5640	12	1	0	1	1	0.6262	0.8933
21	413	1	680.1140	11	12	0	1	1	0.6271	0.9448
21	414	1	681.6639	9	9	0	1	1	0.6280	0.6426
21	415	1	683.2138	8	15	0	1	1	0.6289	0.6447
21	416	1	684.7637	7	4	90	1	1	0.6298	0.7749
21	417	1	686.3136	6	8	0	1	1	0.6307	0.7924
21	418	1	687.8635	7	4	0	1	1	0.6316	0.6988
21	419	1	689.4135	4	13	0	1	1	0.6325	0.7819
21	420	1	690.9634	6	8	0	1	1	0.6333	0.7994
21	421	1	692.5133	5	6	0	1	1	0.6342	0.8321
21	422	1	694.0632	4	13	90	1	1	0.6351	0.9152
21	423	1	695.6131	7	4	0	1	1	0.6359	0.8055
21	424	1	697.1631	4	13	0	1	1	0.6368	0.6312
21	425	1	698.7130	5	6	0	1	1	0.6376	0.7137
21	426	1	700.2629	7	4	0	1	1	0.6385	0.6664
21	427	1	701.8128	8	15	0	1	1	0.6393	0.7179
21	428	1	703.3627	6	8	0	1	1	0.6402	0.7186
21	429	1	704.9127	8	15	0	1	1	0.6410	0.6260
21	430	1	706.4626	9	9	0	1	1	0.6419	0.6428
21	431	1	708.0125	10	3	0	1	1	0.6427	0.9648
21	432	1	709.5624	11	12	0	1	1	0.6435	1.0324
21	433	1	711.1123	12	1	0	1	1	0.6443	0.7612
21	434	1	712.6622	10	3	90	0	1	0.6429	0.9393
21	435	1	714.2122	11	12	0	0	1	0.6414	0.9905
21	436	1	715.7954	13	10	0	1	1	0.6422	0.7339
21	437	1	717.3453	10	3	0	1	1	0.6430	1.1856
21	438	1	718.8952	11	12	90	0	1	0.6416	1.4433
21	439	1	720.8951	10	3	0	1	1	0.6424	0.7382
21	440	1	722.4451	12	1	0	1	1	0.6432	1.2042
21	441	1	723.9950	13	10	0	1	1	0.6440	1.1918
21	442	1	725.5449	10	3	0	1	1	0.6448	0.7444
21	443	1	727.0948	11	12	0	-1	0	0.6433	-1.0000
21	444	1	729.1447	12	1	0	1	1	0.6441	0.6985
21	445	1	730.6946	11	12	90	0	1	0.6427	0.9387
21	446	1	732.2445	9	9	0	1	1	0.6435	0.6048
21	447	1	733.7945	10	3	0	1	1	0.6443	0.6068
21	448	1	735.3444	13	10	0	1	1	0.6451	0.8666
21	449	1	736.8943	11	12	0	1	1	0.6459	0.6765
21	450	1	738.4442	13	10	90	1	1	0.6467	0.8543
21	451	1	739.9941	11	12	0	1	1	0.6475	0.8565
21	452	1	741.5441	10	3	90	1	1	0.6482	0.9545
21	453	1	743.0940	12	1	0	1	1	0.6490	0.8125
21	454	1	744.6439	10	3	0	1	1	0.6498	0.8787
21	455	1	746.1938	12	1	0	1	1	0.6505	0.8807
21	456	1	747.7437	9	9	90	1	1	0.6513	0.8030
21	457	1	749.2936	8	15	0	1	1	0.6521	0.8850
21	458	1	750.8435	5	6	0	1	1	0.6528	0.9347
21	459	1	752.3935	4	13	0	1	1	0.6536	0.7758
21	460	1	753.9434	7	4	0	1	1	0.6543	0.7141
21	461	1	755.4933	6	8	0	1	1	0.6551	0.6213
21	462	1	757.0432	5	6	0	1	1	0.6558	0.5433
21	463	1	758.5931	6	8	0	1	1	0.6566	0.5774
21	464	1	760.1430	4	13	0	1	1	0.6573	0.6436
21	465	1	761.6930	3	14	0	1	1	0.6581	0.7883
21	466	1	763.2429	1	5	0	1	1	0.6588	0.7437
21	467	1	764.7928	14	2	0	1	1	0.6595	0.6981
21	468	1	766.3427	13	10	0	1	1	0.6603	0.7480
21	469	1	767.8926	10	3	90	1	1	0.6610	1.0686
21	470	1	769.4426	12	1	0	1	1	0.6617	0.7681
21	471	1	770.9925	11	12	90	0	1	0.6603	1.0088
21	472	1	772.5424	12	1	90	1	1	0.6610	1.1405
21	473	1	774.0923	13	10	0	1	1	0.6617	0.7742
21	474	1	775.6422	14	2	0	1	1	0.6624	0.7590
21	475	1	777.1922	15	11	0	1	1	0.6632	0.7627
21	476	1	778.7421	1	5	0	1	1	0.6639	0.6352
21	477	1	780.2920	2	7	0	1	1	0.6646	0.8933
21	478	1	781.8419	3	14	0	1	1	0.6653	0.7367
21	479	1	783.3918	1	5	0	1	1	0.6660	0.6268
21	480	1	784.9417	3	14	0	1	1	0.6667	0.6448
21	481	1	786.4917	15	11	0	1	1	0.6674	0.7908
21	482	1	788.0416	14	2	0	1	1	0.6680	0.8251
21	483	1	789.5915	13	10	0	1	1	0.6687	0.9218
21	484	1	791.1414	11	12	0	1	1	0.6694	1.0038
21	485	1	792.6913	10	3	90	1	1	0.6701	0.9100
21	486	1	794.2412	11	12	0	1	1	0.6708	1.2173
21	487	1	795.7912	9	9	0	1	1	0.6715	0.9312
21	488	1	797.3411	8	15	0	1	1	0.6721	0.7254
21	489	1	798.8910	5	6	0	1	1	0.6728	0.7441
21	490	1	800.4409	7	4	0	1	1	0.6735	0.6803
21	491	1	801.9908	8	15	0	1	1	0.6741	0.6515
21	492	1	803.5407	6	8	0	1	1	0.6748	0.6205
21	493	1	805.0907	5	6	0	1	1	0.6755	0.6558
21	494	1	806.6406	7	4	0	1	1	0.6761	0.6265
21	495	1	808.1905	4	13	0	1	1	0.6768	0.7240
21	496	1	809.7404	5	6	0	1	1	0.6774	0.8382
21	497	1	811.2903	4	13	0	1	1	0.6781	0.7282
21	498	1	812.8403	6	8	0	1	1	0.6787	0.5690
21	499	1	814.3902	8	15	0	1	1	0.6794	0.5883
21	500	1	815.9401	9	9	0	1	1	0.6800	0.6691
21	501	1	817.4900	8	15	90	1	1	0.6806	0.8490
21	502	1	819.0399	6	8	0	1	1	0.6813	0.9786
21	503	1	820.5898	5	6	0	1	1	0.6819	0.7407
21	504	1	822.1398	8	15	0	1	1	0.6825	0.5814
21	505	1	823.6897	5	6	0	1	1	0.6832	0.6167
21	506	1	825.2396	4	13	0	1	1	0.6838	0.6987
21	507	1	826.7895	5	6	0	1	1	0.6844	0.6051
21	508	1	828.3394	6	8	0	1	1	0.6850	0.6235
21	509	1	829.8894	5	6	0	1	1	0.6857	0.6881
21	510	1	831.4393	4	13	0	1	1	0.6863	0.8352
21	511	1	832.9892	3	14	0	1	1	0.6869	0.8216
21	512	1	834.5391	4	13	0	1	1	0.6875	0.7421
21	513	1	836.0890	5	6	90	1	1	0.6881	0.9216
21	514	1	837.6389	4	13	90	1	1	0.6887	1.0023
21	515	1	839.1889	5	6	0	1	1	0.6893	0.7974
21	516	1	840.7388	8	15	0	1	1	0.6899	0.7515
21	517	1	842.2887	6	8	90	1	1	0.6905	0.8020
21	518	1	843.8386	4	13	0	1	1	0.6911	0.8039
21	519	1	845.3885	5	6	0	1	1	0.6917	0.6623
21	520	1	846.9385	8	15	0	1	1	0.6923	0.5523
21	521	1	848.4884	9	9	0	1	1	0.6929	0.6329
21	522	1	850.0383	11	12	0	1	1	0.6935	0.7469
21	523	1	851.5882	9	9	0	1	1	0.6941	0.6050
21	524	1	853.1381	8	15	0	1	1	0.6947	0.5591
21	525	1	854.6880	6	8	0	1	1	0.6952	0.5611
21	526	1	856.2380	4	13	0	1	1	0.6958	0.6604
21	527	1	857.7879	5	6	0	1	1	0.6964	0.6467
21	528	1	859.3378	4	13	0	1	1	0.6970	0.5852
21	529	1	860.8877	5	6	90	0	1	0.6957	0.9379
21	530	1	862.4376	8	15	90	1	1	0.6962	0.8288
21	531	1	863.9875	9	9	0	1	1	0.6968	0.6389
21	532	1	865.5375	12	1	90	0	1	0.6955	1.2651
21	533	1	867.3707	11	12	0	1	1	0.6961	0.7599
21	534	1	868.9206	12	1	90	1	1	0.6966	0.9857
21	535	1	870.4705	13	10	90	0	1	0.6953	0.7960
21	536	1	872.0204	10	3	0	1	1	0.6959	0.9271
21	537	1	873.5704	12	1	0	1	1	0.6965	0.8308
21	538	1	875.1203	9	9	0	1	1	0.6970	0.6421
21	539	1	876.6702	10	3	0	1	1	0.6976	0.5319
21	540	1	878.2201	9	9	0	1	1	0.6981	0.4851
21	541	1	879.7700	8	15	0	1	1	0.6987	0.5671
21	542	1	881.3200	5	6	0	1	1	0.6993	0.5225
21	543	1	882.8699	8	15	0	1	1	0.6998	0.5084
21	544	1	884.4198	9	9	0	1	1	0.7004	0.5430
21	545	1	885.9697	11	12	0	1	1	0.7009	0.7035
21	546	1	887.5196	9	9	0	1	1	0.7015	0.5466
21	547	1	889.0695	12	1	0	1	1	0.7020	0.4849
21	548	1	890.6195	9	9	0	1	1	0.7026	0.5497
21	549	1	892.1694	8	15	0	1	1	0.7031	0.6331
21	550	1	893.7193	9	9	90	1	1	0.7036	0.7779
21	551	1	895.2692	12	1	0	1	1	0.7042	0.8768
21	552	1	896.8191	9	9	0	1	1	0.7047	0.5914
21	553	1	898.3691	11	12	90	0	1	0.7034	0.9774
21	554	1	899.9190	9	9	0	1	1	0.7040	0.9797
21	555	1	901.4689	8	15	0	1	1	0.7045	0.5335
21	556	1	903.0188	6	8	0	1	1	0.7050	0.7103
21	557	1	904.5687	7	4	90	1	1	0.7056	0.8088
21	558	1	906.1186	6	8	0	1	1	0.7061	0.7798
21	559	1	907.6686	4	13	90	1	1	0.7066	0.8778
21	560	1	909.2185	7	4	0	1	1	0.7071	0.7839
21	561	1	910.7684	6	8	90	1	1	0.7077	0.8328
21	562	1	912.3183	5	6	0	1	1	0.7082	0.8360
21	563	1	913.8682	6	8	0	1	1	0.7087	0.8689
21	564	1	915.4181	5	6	90	1	1	0.7092	0.7270
21	565	1	916.9681	4	13	0	0	1	0.7080	0.7304
21	566	1	918.5180	5	6	90	1	1	0.7085	0.8112
21	567	1	920.0679	6	8	0	1	1	0.7090	0.6705
21	568	1	921.6178	8	15	0	1	1	0.7095	0.7206
21	569	1	923.1677	7	4	0	1	1	0.7100	0.7552
21	570	1	924.7177	4	13	0	1	1	0.7105	0.6761
21	571	1	926.2676	7	4	0	1	1	0.7110	0.5823
21	572	1	927.8175	8	15	0	1	1	0.7115	0.5849
21	573	1	929.3674	5	6	0	1	1	0.7120	0.8918
21	574	1	930.9173	4	13	0	1	1	0.7125	0.8610
21	575	1	932.4672	7	4	0	1	1	0.7130	0.6071
21	576	1	934.0172	6	8	0	1	1	0.7135	0.8670
21	577	1	935.5671	4	13	0	1	1	0.7140	0.6753
21	578	1	937.1170	5	6	0	1	1	0.7145	0.6761
21	579	1	938.6669	6	8	90	1	1	0.7150	0.7274
21	580	1	940.2168	4	13	0	1	1	0.7155	0.7613
21	581	1	941.7667	3	14	0	1	1	0.7160	0.7784
21	582	1	943.3167	4	13	0	1	1	0.7165	0.6545
21	583	1	944.8666	6	8	90	0	1	0.7153	0.8945
21	584	1	946.4165	4	13	0	1	1	0.7158	0.6099
21	585	1	947.9664	5	6	0	1	1	0.7162	0.6918
21	586	1	949.5163	4	13	90	1	1	0.7167	0.9818
21	587	1	951.0663	6	8	0	1	1	0.7172	0.7760
21	588	1	952.6162	4	13	0	1	1	0.7177	0.6815
21	589	1	954.1661	6	8	0	1	1	0.7182	0.6684
21	590	1	955.7160	5	6	90	1	1	0.7186	0.7022
21	591	1	957.2659	4	13	0	1	1	0.7191	0.5925
21	592	1	958.8158	3	14	0	1	1	0.7196	0.6413
21	593	1	960.3658	4	13	0	1	1	0.7201	0.7406
21	594	1	961.9157	7	4	90	1	1	0.7205	0.6786
21	595	1	963.4656	8	15	90	1	1	0.7210	0.7452
21	596	1	965.0155	6	8	0	1	1	0.7215	0.8909
21	597	1	966.5654	4	13	0	1	1	0.7219	0.7956
21	598	1	968.1153	7	4	90	1	1	0.7224	0.7499
21	599	1	969.6653	5	6	0	1	1	0.7229	0.7529
21	600	1	971.2152	7	4	90	1	1	0.7233	0.7543
21	601	1	1049.7942	8	15	0	-1	0	0.7221	-1.0000
21	602	1	1051.8109	9	9	0	1	1	0.7226	1.2308
21	603	1	1053.3608	8	15	0	1	1	0.7231	0.9299
21	604	1	1054.9107	7	4	0	1	1	0.7235	0.6743
21	605	1	1056.4607	4	13	0	1	1	0.7240	1.0776
21	606	1	1058.0106	7	4	90	1	1	0.7244	0.7758
21	607	1	1059.5605	6	8	0	1	1	0.7249	0.7458
21	608	1	1061.1104	8	15	0	1	1	0.7253	0.6041
21	609	1	1062.6603	7	4	0	1	1	0.7258	0.6381
21	610	1	1064.2102	4	13	90	1	1	0.7262	0.9120
21	611	1	1065.7601	7	4	90	1	1	0.7267	0.8181
21	612	1	1067.3101	8	15	0	1	1	0.7271	0.5641
21	613	1	1068.8600	7	4	90	1	1	0.7276	0.7570
21	614	1	1070.4099	8	15	0	1	1	0.7280	0.5845
21	615	1	1071.9598	7	4	90	1	1	0.7285	0.6012
21	616	1	1073.5097	5	6	90	1	1	0.7289	0.8592
21	617	1	1075.0597	4	13	0	1	1	0.7293	0.8133
21	618	1	1076.6096	5	6	0	1	1	0.7298	0.8327
21	619	1	1078.1595	7	4	0	1	1	0.7302	1.3303
21	620	1	1079.7094	4	13	90	1	1	0.7306	0.9316
21	621	1	1081.2593	6	8	90	1	1	0.7311	0.9194
21	622	1	1082.8093	8	15	0	1	1	0.7315	0.5692
21	623	1	1084.3592	7	4	90	1	1	0.7319	0.5378
21	624	1	1085.9091	4	13	0	1	1	0.7324	0.6369
21	625	1	1087.4590	5	6	0	1	1	0.7328	0.7517
21	626	1	1089.0089	6	8	0	1	1	0.7332	0.7520
21	627	1	1090.5588	7	4	0	1	1	0.7337	0.6102
21	628	1	1092.1088	4	13	0	1	1	0.7341	0.6456
21	629	1	1093.6587	6	8	0	1	1	0.7345	0.8077
21	630	1	1095.2086	8	15	0	1	1	0.7349	0.6176
21	631	1	1096.7585	6	8	0	1	1	0.7353	0.8127
21	632	1	1098.3084	8	15	90	1	1	0.7358	0.7340
21	633	1	1099.8583	9	9	0	1	1	0.7362	0.7986
21	634	1	1101.4083	12	1	0	1	1	0.7366	0.8807
21	635	1	1102.9582	11	12	90	0	1	0.7354	0.8681
21	636	1	1104.5081	12	1	0	1	1	0.7358	0.7901
21	637	1	1106.0580	13	10	90	1	1	0.7363	0.9203
21	638	1	1107.6079	12	1	0	1	1	0.7367	0.7943
21	639	1	1109.1578	11	12	90	1	1	0.7371	0.8124
21	640	1	1110.7078	12	1	90	1	1	0.7375	1.0706
21	641	1	1112.2577	13	10	0	1	1	0.7379	1.0244
21	642	1	1113.8076	11	12	0	1	1	0.7383	0.9147
21	643	1	1115.3575	13	10	0	0	1	0.7372	0.8208
21	644	1	1116.9074	10	3	0	1	1	0.7376	0.8391
21	645	1	1118.4574	12	1	0	1	1	0.7380	0.8089
21	646	1	1120.0073	13	10	0	1	1	0.7384	1.1622
21	647	1	1121.5572	11	12	0	1	1	0.7388	0.9878
21	648	1	1123.1071	12	1	90	1	1	0.7392	0.9750
21	649	1	1124.6570	10	3	0	1	1	0.7396	0.8332
21	650	1	1126.2069	12	1	0	1	1	0.7400	0.8354
21	651	1	1127.7568	9	9	0	1	1	0.7404	0.7576
21	652	1	1129.3068	8	15	0	1	1	0.7408	0.6624
21	653	1	1130.8567	6	8	0	1	1	0.7412	0.6339
21	654	1	1132.4066	7	4	0	1	1	0.7416	0.5715
21	655	1	1133.9565	5	6	0	1	1	0.7420	0.7017
21	656	1	1135.5064	4	13	0	1	1	0.7424	0.6718
21	657	1	1137.0564	7	4	0	1	1	0.7428	0.6098
21	658	1	1138.6063	8	15	0	1	1	0.7432	0.5484
21	659	1	1140.1562	7	4	0	1	1	0.7436	0.6619
21	660	1	1141.7061	8	15	0	1	1	0.7439	0.7428
21	661	1	1143.2560	6	8	0	1	1	0.7443	0.6821
21	662	1	1144.8060	4	13	0	1	1	0.7447	0.6203
21	663	1	1146.3559	3	14	0	1	1	0.7451	0.7017
21	664	1	1147.9058	4	13	0	1	1	0.7455	0.8474
21	665	1	1149.4557	3	14	0	1	1	0.7459	0.6892
21	666	1	1151.0056	2	7	0	1	1	0.7462	0.8527
21	667	1	1152.5556	1	5	0	1	1	0.7466	0.7908
21	668	1	1154.1055	14	2	0	1	1	0.7470	0.8407
21	669	1	1155.6554	1	5	0	1	1	0.7474	0.6509
21	670	1	1157.2053	2	7	0	1	1	0.7478	0.6529
21	671	1	1158.7552	14	2	0	1	1	0.7481	0.7657
21	672	1	1160.3051	13	10	0	1	1	0.7485	0.9132
21	673	1	1161.8550	10	3	0	1	1	0.7489	0.7538
21	674	1	1163.4050	11	12	0	1	1	0.7493	0.8213
21	675	1	1164.9549	9	9	0	1	1	0.7496	0.6472
21	676	1	1166.5048	8	15	0	1	1	0.7500	0.5857
21	677	1	1168.0547	7	4	0	1	1	0.7504	0.6195
21	678	1	1169.6047	6	8	0	1	1	0.7507	0.6523
21	679	1	1171.1546	7	4	0	1	1	0.7511	0.5753
21	680	1	1172.7045	4	13	0	1	1	0.7515	0.6259
21	681	1	1174.2544	6	8	0	1	1	0.7518	0.5945
21	682	1	1175.8043	7	4	0	1	1	0.7522	0.5660
21	683	1	1177.3542	5	6	0	1	1	0.7526	0.8240
21	684	1	1178.9041	7	4	0	1	1	0.7529	0.5863
21	685	1	1180.4541	6	8	90	1	1	0.7533	0.7480
21	686	1	1182.0040	8	15	0	1	1	0.7536	0.6222
21	687	1	1183.5539	6	8	0	1	1	0.7540	0.7030
21	688	1	1185.1038	8	15	0	1	1	0.7544	0.5773
21	689	1	1186.6537	5	6	0	1	1	0.7547	0.6754
21	690	1	1188.2037	4	13	90	1	1	0.7551	0.7745
21	691	1	1189.7536	7	4	90	1	1	0.7554	0.7125
21	692	1	1191.3035	5	6	0	1	1	0.7558	0.5231
21	693	1	1192.8534	4	13	0	1	1	0.7561	0.6208
21	694	1	1194.4033	3	14	0	1	1	0.7565	0.6386
21	695	1	1195.9532	2	7	0	1	1	0.7568	0.7689
21	696	1	1197.5032	14	2	0	1	1	0.7572	0.6587
21	697	1	1199.0531	13	10	0	1	1	0.7575	0.8520
21	698	1	1200.6030	14	2	0	1	1	0.7579	0.7433
21	699	1	1202.1529	13	10	0	1	1	0.7582	0.7929
21	700	1	1203.7028	11	12	0	1	1	0.7586	0.6512
21	701	1	1205.2528	9	9	90	1	1	0.7589	0.7977
21	702	1	1206.8027	8	15	0	1	1	0.7593	0.6222
21	703	1	1208.3526	9	9	0	1	1	0.7596	0.6563
21	704	1	1209.9025	10	3	0	1	1	0.7599	0.8038
21	705	1	1211.4524	9	9	0	1	1	0.7603	0.5979
21	706	1	1213.0023	10	3	0	1	1	0.7606	0.9185
21	707	1	1214.5523	11	12	0	1	1	0.7610	0.9686
21	708	1	1216.1022	13	10	90	1	1	0.7613	0.7633
21	709	1	1217.6521	14	2	0	1	1	0.7616	0.7180
21	710	1	1219.2020	1	5	90	1	1	0.7620	0.7683
21	711	1	1220.7519	15	11	0	1	1	0.7623	1.1066
21	712	1	1222.3019	1	5	0	1	1	0.7626	0.9322
21	713	1	1223.8518	3	14	90	1	1	0.7630	0.7584
21	714	1	1225.4017	2	7	0	1	1	0.7633	0.9204
21	715	1	1226.9516	15	11	0	1	1	0.7636	0.6987
21	716	1	1228.5015	1	5	90	1	1	0.7640	0.6363
21	717	1	1230.0514	2	7	0	1	1	0.7643	0.7822
21	718	1	1231.6014	15	11	90	1	1	0.7646	0.8795
21	719	1	1233.1513	14	2	0	1	1	0.7650	0.7388
21	720	1	1234.7012	2	7	0	1	1	0.7653	0.7893
21	721	1	1236.2511	3	14	0	1	1	0.7656	0.9029
21	722	1	1237.8010	4	13	0	1	1	0.7659	0.7292
21	723	1	1239.3510	6	8	90	1	1	0.7663	0.6351
21	724	1	1240.9009	5	6	90	1	1	0.7666	0.7479
21	725	1	1242.4508	6	8	90	1	1	0.7669	0.6873
21	726	1	1244.0007	8	15	0	1	1	0.7672	0.6575
21	727	1	1245.5506	6	8	0	1	1	0.7675	0.9154
21	728	1	1247.1006	7	4	0	1	1	0.7679	0.7575
21	729	1	1248.6505	8	15	0	1	1	0.7682	0.5837
21	730	1	1250.2004	6	8	0	1	1	0.7685	0.6804
21	731	1	1251.7503	4	13	90	1	1	0.7688	0.7158
21	732	1	1253.3002	5	6	0	0	1	0.7678	0.6379
21	733	1	1254.8501	8	15	0	1	1	0.7681	0.5279
21	734	1	1256.4000	5	6	0	1	1	0.7684	0.7688
21	735	1	1257.9500	8	15	0	1	1	0.7687	0.5160
21	736	1	1259.4999	6	8	0	1	1	0.7690	0.5330
21	737	1	1261.0498	4	13	0	1	1	0.7693	0.5363
21	738	1	1262.5997	3	14	0	1	1	0.7696	0.6183
21	739	1	1264.1496	15	11	0	1	1	0.7700	0.6683
21	740	1	1265.6996	3	14	90	1	1	0.7703	0.8774
21	741	1	1267.2495	1	5	0	1	1	0.7706	0.7046
21	742	1	1268.7994	2	7	90	0	1	0.7695	0.9774
21	743	1	1270.3493	3	14	0	1	1	0.7699	0.8995
21	744	1	1271.8992	1	5	0	1	1	0.7702	0.6463
21	745	1	1273.4491	3	14	0	1	1	0.7705	0.6971
21	746	1	1274.9991	2	7	0	1	1	0.7708	0.7310
21	747	1	1276.5490	3	14	0	1	1	0.7711	0.8131
21	748	1	1278.0989	15	11	0	1	1	0.7714	0.8314
21	749	1	1279.6488	2	7	0	1	1	0.7717	0.7532
21	750	1	1281.1987	15	11	90	1	1	0.7720	1.0107
21	751	1	1282.7487	3	14	0	1	1	0.7723	0.7561
21	752	1	1284.2986	2	7	0	1	1	0.7726	0.8544
21	753	1	1285.8485	15	11	0	1	1	0.7729	0.8890
21	754	1	1287.3984	3	14	0	1	1	0.7732	0.8277
21	755	1	1288.9483	2	7	0	1	1	0.7735	0.7018
21	756	1	1290.4982	14	2	0	1	1	0.7738	0.7198
21	757	1	1292.0482	13	10	90	1	1	0.7741	0.9606
21	758	1	1293.5981	10	3	0	1	1	0.7744	0.5481
21	759	1	1295.1480	11	12	90	1	1	0.7747	0.8368
21	760	1	1296.6979	9	9	0	1	1	0.7750	0.6803
21	761	1	1298.2478	10	3	0	1	1	0.7753	0.6664
21	762	1	1299.7977	12	1	90	1	1	0.7756	1.0671
21	763	1	1301.3477	13	10	0	1	1	0.7759	0.8946
21	764	1	1302.8976	11	12	0	1	1	0.7762	0.7032
21	765	1	1304.4475	12	1	90	1	1	0.7765	0.8495
21	766	1	1305.9974	11	12	90	1	1	0.7768	0.9169
21	767	1	1307.5473	10	3	0	1	1	0.7771	0.5974
21	768	1	1309.0972	13	10	90	0	1	0.7760	0.6009
21	769	1	1310.6472	12	1	0	1	1	0.7763	0.7456
21	770	1	1312.1971	11	12	0	1	1	0.7766	0.6037
21	771	1	1313.7470	13	10	0	1	1	0.7769	0.9738
21	772	1	1315.2969	14	2	0	1	1	0.7772	0.8318
21	773	1	1316.8468	13	10	0	1	1	0.7775	0.8979
21	774	1	1318.3968	14	2	0	1	1	0.7778	0.7400
21	775	1	1319.9467	13	10	0	1	1	0.7781	0.9193
21	776	1	1321.4966	11	12	0	1	1	0.7784	0.7613
21	777	1	1323.0465	12	1	0	1	1	0.7786	0.6515
21	778	1	1324.5964	9	9	90	1	1	0.7789	0.6216
21	779	1	1326.1463	11	12	90	0	1	0.7779	0.6718
21	780	1	1327.6963	9	9	0	1	1	0.7782	0.6418
21	781	1	1329.2462	8	15	0	1	1	0.7785	0.5638
21	782	1	1330.7961	9	9	0	1	1	0.7788	0.5664
21	783	1	1332.3460	10	3	0	1	1	0.7791	0.6315
21	784	1	1333.8959	13	10	90	1	1	0.7793	0.7781
21	785	1	1335.4459	12	1	90	0	1	0.7783	1.1962
21	786	1	1337.1624	9	9	0	1	1	0.7786	0.5357
21	787	1	1338.7123	11	12	0	1	1	0.7789	0.7764
21	788	1	1340.2623	12	1	0	1	1	0.7792	0.6837
21	789	1	1341.8122	11	12	0	1	1	0.7795	0.8457
21	790	1	1343.3621	10	3	90	1	1	0.7797	0.8968
21	791	1	1344.9120	9	9	0	1	1	0.7800	0.6727
21	792	1	1346.4619	10	3	0	1	1	0.7803	0.6752
21	793	1	1348.0118	13	10	90	1	1	0.7806	0.7422
21	794	1	1349.5618	14	2	90	1	1	0.7809	0.8882
21	795	1	1351.1117	2	7	0	1	1	0.7811	0.8093
21	796	1	1352.6616	14	2	0	1	1	0.7814	0.7804
21	797	1	1354.2115	2	7	0	1	1	0.7817	0.7824
21	798	1	1355.7614	15	11	0	1	1	0.7820	0.8806
21	799	1	1357.3114	3	14	0	1	1	0.7822	0.8494
21	800	1	1358.8613	15	11	90	1	1	0.7825	0.7408
21	801	1	1360.4112	2	7	0	1	1	0.7828	0.5989
21	802	1	1361.9611	3	14	0	1	1	0.7830	0.8409
21	803	1	1363.5110	2	7	0	1	1	0.7833	0.7470
21	804	1	1365.0609	15	11	90	1	1	0.7836	1.4529
21	805	1	1366.6442	1	5	0	1	1	0.7839	0.8776
21	806	1	1368.1941	14	2	0	1	1	0.7841	0.8946
21	807	1	1369.7440	15	11	0	1	1	0.7844	0.8181
21	808	1	1371.2940	1	5	90	1	1	0.7847	0.7081
21	809	1	1372.8439	3	14	0	1	1	0.7849	0.6139
21	810	1	1374.3938	4	13	0	1	1	0.7852	0.8393
21	811	1	1375.9437	6	8	0	1	1	0.7855	0.7451
21	812	1	1377.4936	7	4	0	1	1	0.7857	0.6364
21	813	1	1379.0436	6	8	0	1	1	0.7860	0.7812
21	814	1	1380.5935	5	6	0	1	1	0.7862	0.7992
21	815	1	1382.1434	7	4	90	1	1	0.7865	0.7705
21	816	1	1383.6933	5	6	0	1	1	0.7868	0.8847
21	817	1	1385.2432	4	13	90	1	1	0.7870	0.7271
21	818	1	1386.7931	5	6	0	1	1	0.7873	0.7929
21	819	1	1388.3431	6	8	0	1	1	0.7875	0.7457
21	820	1	1389.8930	8	15	0	1	1	0.7878	0.6371
21	821	1	1391.4429	5	6	0	1	1	0.7881	0.5898
21	822	1	1392.9928	6	8	0	1	1	0.7883	0.6731
21	823	1	1394.5427	5	6	0	1	1	0.7886	0.6114
21	824	1	1396.0927	4	13	0	1	1	0.7888	0.6611
21	825	1	1397.6426	6	8	0	1	1	0.7891	0.5512
21	826	1	1399.1925	5	6	90	1	1	0.7893	0.7935
21	827	1	1400.7424	4	13	90	1	1	0.7896	0.7463
21	828	1	1402.2923	7	4	0	1	1	0.7899	0.5564
21	829	1	1403.8422	8	15	0	1	1	0.7901	0.5917
21	830	1	1405.3921	9	9	90	1	1	0.7904	0.6739
21	831	1	1406.9421	12	1	0	1	1	0.7906	0.7075
21	832	1	1408.4920	11	12	0	1	1	0.7909	0.6287
21	833	1	1410.0419	9	9	0	1	1	0.7911	0.6628
21	834	1	1411.5918	10	3	0	1	1	0.7914	0.6648
21	835	1	1413.1417	11	12	0	1	1	0.7916	0.6509
21	836	1	1414.6917	12	1	0	1	1	0.7919	0.6385
21	837	1	1416.2416	11	12	90	1	1	0.7921	0.9291
21	838	1	1417.7915	10	3	0	1	1	0.7924	0.6425
21	839	1	1419.3414	13	10	0	1	1	0.7926	0.6925
21	840	1	1420.8913	11	12	0	1	1	0.7929	0.6625
21	841	1	1422.4412	13	10	0	1	1	0.7931	0.5996
21	842	1	1423.9911	12	1	0	1	1	0.7933	0.6655
21	843	1	1425.5411	9	9	0	1	1	0.7936	0.5876
21	844	1	1427.0910	12	1	0	1	1	0.7938	0.6545
21	845	1	1428.6409	9	9	0	1	1	0.7941	0.5770
21	846	1	1430.1908	8	15	0	1	1	0.7943	0.5630
21	847	1	1431.7407	7	4	0	1	1	0.7946	0.5959
21	848	1	1433.2907	4	13	0	1	1	0.7948	0.6468
21	849	1	1434.8406	6	8	90	1	1	0.7951	0.6015
21	850	1	1436.3905	4	13	90	0	1	0.7941	0.6998
21	851	1	1437.9404	3	14	0	1	1	0.7944	0.6362
21	852	1	1439.4903	1	5	0	1	1	0.7946	0.6715
21	853	1	1441.0403	2	7	0	1	1	0.7948	0.6884
21	854	1	1442.5902	3	14	0	1	1	0.7951	0.6278
21	855	1	1444.1401	2	7	0	1	1	0.7953	0.8382
21	856	1	1445.6900	3	14	0	1	1	0.7956	0.6802
21	857	1	1447.2399	4	13	0	1	1	0.7958	0.8421
21	858	1	1448.7898	7	4	0	1	1	0.7960	0.7321
21	859	1	1450.3398	4	13	0	1	1	0.7963	0.6546
21	860	1	1451.8897	5	6	0	1	1	0.7965	0.7205
21	861	1	1453.4396	8	15	90	1	1	0.7967	0.7225
21	862	1	1454.9895	6	8	0	1	1	0.7970	0.8684
21	863	1	1456.5394	5	6	0	1	1	0.7972	0.8692
21	864	1	1458.0894	4	13	0	1	1	0.7975	0.6953
21	865	1	1459.6393	5	6	0	1	1	0.7977	0.6028
21	866	1	1461.1892	4	13	90	1	1	0.7979	0.7487
21	867	1	1462.7391	3	14	0	1	1	0.7982	0.6060
21	868	1	1464.2890	2	7	0	1	1	0.7984	0.8487
21	869	1	1465.8389	3	14	0	1	1	0.7986	0.7550
21	870	1	1467.3889	2	7	0	1	1	0.7989	0.5970
21	871	1	1468.9388	3	14	90	1	1	0.7991	0.9031
21	872	1	1470.4887	4	13	0	1	1	0.7993	0.6972
21	873	1	1472.0386	7	4	0	1	1	0.7995	0.5715
21	874	1	1473.5885	6	8	0	1	1	0.7998	0.7334
21	875	1	1475.1384	8	15	0	1	1	0.8000	0.6711
21	876	1	1476.6884	7	4	0	1	1	0.8002	0.6883
21	877	1	1478.2383	5	6	0	1	1	0.8005	0.6917
21	878	1	1479.7882	6	8	0	1	1	0.8007	0.7884
21	879	1	1481.3381	8	15	90	1	1	0.8009	0.7585
21	880	1	1482.8880	7	4	0	1	1	0.8011	0.6182
21	881	1	1484.4379	4	13	0	1	1	0.8014	0.6841
21	882	1	1485.9879	6	8	0	1	1	0.8016	0.7822
21	883	1	1487.5378	5	6	0	1	1	0.8018	0.7207
21	884	1	1489.0877	4	13	0	1	1	0.8020	0.9621
21	885	1	1490.6376	6	8	90	1	1	0.8023	0.8190
21	886	1	1492.1875	7	4	0	1	1	0.8025	0.5982
21	887	1	1493.7375	6	8	0	1	1	0.8027	0.6472
21	888	1	1495.2874	5	6	0	1	1	0.8029	0.6983
21	889	1	1496.8373	7	4	0	1	1	0.8031	0.6366
21	890	1	1498.3872	6	8	0	1	1	0.8034	0.6546
21	891	1	1499.9371	8	15	0	1	1	0.8036	0.6235
21	892	1	1501.4870	5	6	0	1	1	0.8038	0.6110
21	893	1	1503.0370	8	15	0	1	1	0.8040	0.5170
21	894	1	1504.5869	6	8	0	1	1	0.8043	0.5991
21	895	1	1506.1368	5	6	0	1	1	0.8045	0.5358
21	896	1	1507.6867	6	8	0	1	1	0.8047	0.6351
21	897	1	1509.2366	8	15	0	1	1	0.8049	0.5737
21	898	1	1510.7866	7	4	0	1	1	0.8051	0.4954
21	899	1	1512.3365	5	6	0	1	1	0.8053	0.5438
21	900	1	1513.8864	7	4	0	1	1	0.8056	0.5302
21	901	1	1515.4363	6	8	0	1	1	0.8058	0.6123
21	902	1	1516.9862	8	15	90	1	1	0.8060	0.6784
21	903	1	1518.5362	6	8	0	1	1	0.8062	0.5378
21	904	1	1520.0861	4	13	0	1	1	0.8064	0.6676
21	905	1	1521.6360	3	14	0	1	1	0.8066	0.7178
21	906	1	1523.1859	4	13	0	1	1	0.8068	0.5267
21	907	1	1524.7358	6	8	0	1	1	0.8071	0.6738
21	908	1	1526.2857	4	13	0	1	1	0.8073	0.6748
21	909	1	1527.8357	3	14	0	1	1	0.8075	0.7423
21	910	1	1529.3856	4	13	90	1	1	0.8077	0.8405
21	911	1	1530.9355	3	14	0	1	1	0.8079	0.7611
21	912	1	1532.4854	4	13	0	1	1	0.8081	0.6999
21	913	1	1534.0353	6	8	0	1	1	0.8083	0.6532
21	914	1	1535.5852	5	6	0	1	1	0.8085	0.7525
21	915	1	1537.1351	4	13	0	1	1	0.8087	0.5454
21	916	1	1538.6851	5	6	0	1	1	0.8090	0.5315
21	917	1	1540.2350	7	4	0	1	1	0.8092	0.5507
21	918	1	1541.7849	6	8	0	1	1	0.8094	0.5357
21	919	1	1543.3348	4	13	0	1	1	0.8096	0.6028
21	920	1	1544.8847	5	6	0	1	1	0.8098	0.6693
21	921	1	1546.4347	8	15	0	1	1	0.8100	0.6059
21	922	1	1547.9846	6	8	0	1	1	0.8102	0.4812
21	923	1	1549.5345	7	4	0	1	1	0.8104	0.4660
21	924	1	1551.0844	8	15	90	1	1	0.8106	0.7401
21	925	1	1552.6343	9	9	90	1	1	0.8108	0.7422
21	926	1	1554.1842	10	3	0	1	1	0.8110	0.6655
21	927	1	1555.7342	9	9	0	1	1	0.8112	0.6195
21	928	1	1557.2841	8	15	90	1	1	0.8114	0.7804
21	929	1	1558.8340	6	8	0	1	1	0.8116	0.6400
21	930	1	1560.3839	7	4	0	1	1	0.8118	0.6423
21	931	1	1561.9338	4	13	0	1	1	0.8120	0.8036
21	932	1	1563.4838	5	6	0	1	1	0.8122	0.7420
21	933	1	1565.0337	6	8	0	1	1	0.8124	0.6166
21	934	1	1566.5836	8	15	0	1	1	0.8126	0.6020
21	935	1	1568.1335	9	9	0	1	1	0.8128	0.5250
21	936	1	1569.6834	11	12	0	1	1	0.8130	0.7505
21	937	1	1571.2333	10	3	0	1	1	0.8132	0.6232
21	938	1	1572.7833	11	12	0	1	1	0.8134	0.5933
21	939	1	1574.3332	10	3	90	1	1	0.8136	0.6926
21	940	1	1575.8831	13	10	0	1	1	0.8138	0.7107
21	941	1	1577.4330	12	1	0	1	1	0.8140	1.0008
21	942	1	1578.9829	10	3	0	1	1	0.8142	0.6027
21	943	1	1580.5328	13	10	0	0	1	0.8134	0.6210
21	944	1	1582.0828	10	3	90	1	1	0.8136	0.8781
21	945	1	1583.6327	12	1	0	1	1	0.8138	0.6412
21	946	1	1585.1826	10	3	0	1	1	0.8140	0.6590
21	947	1	1586.7325	9	9	0	1	1	0.8141	0.5976
21	948	1	1588.2824	10	3	0	1	1	0.8143	0.5675
21	949	1	1589.8324	9	9	0	1	1	0.8145	0.5533
21	950	1	1591.3823	10	3	90	1	1	0.8147	0.9236
21	951	1	1592.9322	12	1	0	1	1	0.8149	0.6210
21	952	1	1594.4821	13	10	0	1	1	0.8151	0.8637
21	953	1	1596.0320	14	2	90	1	1	0.8153	0.8485
21	954	1	1597.5819	13	10	0	1	1	0.8155	0.9466
21	955	1	1599.1319	12	1	0	1	1	0.8157	0.7886
21	956	1	1600.6818	9	9	90	1	1	0.8159	0.8547
21	957	1	1602.2317	11	12	0	1	1	0.8161	0.7461
21	958	1	1603.7816	10	3	0	1	1	0.8163	0.6841
21	959	1	1605.3315	13	10	0	0	1	0.8154	0.7504
21	960	1	1606.8815	10	3	0	1	1	0.8156	0.6245
21	961	1	1608.4314	12	1	0	1	1	0.8158	0.5629
21	962	1	1609.9813	13	10	0	1	1	0.8160	0.6444
21	963	1	1611.5312	12	1	0	1	1	0.8162	0.6144
21	964	1	1613.0811	11	12	0	1	1	0.8164	0.6489
21	965	1	1614.6311	9	9	0	1	1	0.8166	0.6347
21	966	1	1616.1810	12	1	0	1	1	0.8168	0.5556
21	967	1	1617.7309	11	12	90	-1	0	0.8159	-1.0000
21	968	1	1619.7808	9	9	0	0	1	0.8151	0.0172
21	969	1	1621.3307	11	12	0	1	1	0.8153	0.9112
21	970	1	1622.8806	10	3	0	1	1	0.8155	0.5599
21	971	1	1624.4305	9	9	0	1	1	0.8157	0.5780
21	972	1	1625.9804	10	3	0	1	1	0.8158	0.5336
21	973	1	1627.5304	11	12	0	1	1	0.8160	0.4558
21	974	1	1629.0803	9	9	0	1	1	0.8162	0.4734
21	975	1	1630.6302	12	1	90	1	1	0.8164	0.7303
21	976	1	1632.1801	13	10	0	1	1	0.8166	0.7164
21	977	1	1633.7300	14	2	90	1	1	0.8168	0.9916
21	978	1	1635.2799	15	11	0	1	1	0.8170	0.7061
21	979	1	1636.8299	2	7	0	1	1	0.8172	0.6917
21	980	1	1638.3798	1	5	0	1	1	0.8173	0.5504
21	981	1	1639.9297	14	2	0	1	1	0.8175	0.5988
21	982	1	1641.4796	2	7	0	1	1	0.8177	0.5529
21	983	1	1643.0295	14	2	0	1	1	0.8179	0.8122
21	984	1	1644.5794	1	5	0	1	1	0.8181	0.5735
21	985	1	1646.1294	2	7	0	1	1	0.8183	0.7351
21	986	1	1647.6793	15	11	0	1	1	0.8185	0.7532
21	987	1	1649.2292	2	7	0	1	1	0.8186	0.6766
21	988	1	1650.7791	1	5	0	1	1	0.8188	0.5666
21	989	1	1652.3290	14	2	90	0	1	0.8180	0.5846
21	990	1	1653.8790	1	5	0	1	1	0.8182	0.5389
21	991	1	1655.4289	2	7	90	1	1	0.8184	0.8916
21	992	1	1656.9788	14	2	90	1	1	0.8185	0.9429
21	993	1	1658.5287	15	11	0	1	1	0.8187	1.0892
21	994	1	1660.0786	2	7	0	1	1	0.8189	0.8031
21	995	1	1661.6286	14	2	0	1	1	0.8191	0.7573
21	996	1	1663.1785	13	10	0	1	1	0.8193	0.8559
21	997	1	1664.7284	11	12	0	1	1	0.8195	0.6334
21	998	1	1666.2783	12	1	0	1	1	0.8196	0.6194
21	999	1	1667.8282	10	3	0	1	1	0.8198	0.5736
21	1000	1	1669.3781	12	1	0	1	1	0.8200	0.7823
21	1001	1	1670.9281	11	12	0	1	1	0.8202	0.6578
21	1002	1	1672.4780	13	10	0	1	1	0.8204	0.7225
21	1003	1	1674.0279	11	12	0	1	1	0.8205	0.6298
21	1004	1	1675.5778	13	10	0	1	1	0.8207	0.6637
21	1005	1	1677.1277	11	12	0	1	1	0.8209	0.5057
21	1006	1	1678.6776	10	3	90	1	1	0.8211	0.7799
21	1007	1	1680.2276	12	1	0	1	1	0.8213	0.5569
21	1008	1	1681.7775	9	9	0	1	1	0.8214	0.5912
21	1009	1	1683.3274	8	15	0	1	1	0.8216	0.6250
21	1010	1	1684.8773	9	9	90	1	1	0.8218	0.6763
21	1011	1	1686.4272	11	12	0	1	1	0.8220	0.6614
21	1012	1	1687.9772	9	9	90	1	1	0.8221	0.6330
21	1013	1	1689.5271	10	3	0	1	1	0.8223	0.5545
21	1014	1	1691.0770	13	10	90	1	1	0.8225	0.7487
21	1015	1	1692.6269	14	2	90	1	1	0.8227	0.8148
21	1016	1	1694.1768	1	5	0	1	1	0.8228	0.6888
21	1017	1	1695.7267	3	14	0	1	1	0.8230	0.7390
21	1018	1	1697.2767	1	5	0	1	1	0.8232	0.4848
21	1019	1	1698.8266	3	14	0	1	1	0.8234	0.6633
21	1020	1	1700.3765	4	13	0	1	1	0.8235	0.6656
21	1021	1	1701.9264	7	4	90	1	1	0.8237	0.6820
21	1022	1	1703.4763	8	15	0	1	1	0.8239	0.5416
21	1023	1	1705.0262	7	4	90	1	1	0.8240	0.6062
21	1024	1	1706.5762	5	6	0	1	1	0.8242	0.9282
21	1025	1	1708.1261	7	4	0	1	1	0.8244	0.6275
21	1026	1	1709.6760	4	13	0	1	1	0.8246	0.5498
21	1027	1	1711.2259	6	8	0	1	1	0.8247	0.8719
21	1028	1	1712.7758	8	15	0	1	1	0.8249	0.5686
21	1029	1	1714.3257	9	9	0	1	1	0.8251	0.5387
21	1030	1	1715.8757	12	1	0	1	1	0.8252	0.6378
21	1031	1	1717.4256	9	9	90	1	1	0.8254	0.6548
21	1032	1	1718.9755	11	12	0	1	1	0.8256	0.5609
21	1033	1	1720.5254	13	10	90	1	1	0.8258	0.6763
21	1034	1	1722.0753	11	12	0	1	1	0.8259	0.6462
21	1035	1	1723.6253	10	3	90	1	1	0.8261	0.7283
21	1036	1	1725.1752	12	1	0	1	1	0.8263	0.5852
21	1037	1	1726.7251	11	12	0	1	1	0.8264	0.6673
21	1038	1	1728.2750	12	1	90	1	1	0.8266	0.6548
21	1039	1	1729.8249	13	10	90	0	1	0.8258	0.7195
21	1040	1	1731.3748	11	12	0	1	1	0.8260	0.5470
21	1041	1	1732.9248	13	10	0	0	1	0.8252	0.6276
21	1042	1	1734.4747	11	12	0	1	1	0.8253	0.7270
21	1043	1	1736.0246	10	3	0	1	1	0.8255	0.5198
21	1044	1	1737.5745	13	10	90	1	1	0.8257	0.7310
21	1045	1	1739.1244	12	1	90	1	1	0.8258	0.7334
21	1046	1	1740.6744	11	12	0	1	1	0.8260	0.6713
21	1047	1	1742.2243	9	9	0	1	1	0.8262	0.6254
21	1048	1	1743.7742	12	1	0	1	1	0.8263	0.8035
21	1049	1	1745.3241	9	9	0	1	1	0.8265	0.5643
21	1050	1	1746.8740	8	15	0	1	1	0.8267	0.5824
21	1051	1	1748.4239	9	9	0	1	1	0.8268	0.6004
21	1052	1	1749.9739	8	15	0	1	1	0.8270	0.5399
21	1053	1	1751.5238	7	4	0	1	1	0.8272	0.6541
21	1054	1	1753.0737	6	8	0	1	1	0.8273	0.5440
21	1055	1	1754.6236	7	4	0	1	1	0.8275	0.5128
21	1056	1	1756.1735	4	13	0	1	1	0.8277	0.6123
21	1057	1	1757.7234	6	8	90	1	1	0.8278	0.7107
21	1058	1	1759.2734	7	4	0	1	1	0.8280	0.5683
21	1059	1	1760.8233	5	6	0	1	1	0.8281	0.5691
21	1060	1	1762.3732	7	4	0	1	1	0.8283	0.5872
21	1061	1	1763.9231	6	8	0	1	1	0.8285	0.5587
21	1062	1	1765.4730	5	6	90	1	1	0.8286	0.7033
21	1063	1	1767.0230	6	8	0	1	1	0.8288	0.7374
21	1064	1	1768.5729	4	13	0	1	1	0.8289	0.5970
21	1065	1	1770.1228	5	6	0	1	1	0.8291	0.6948
21	1066	1	1771.6727	6	8	0	1	1	0.8293	0.5845
21	1067	1	1773.2226	7	4	90	0	1	0.8285	0.7777
21	1068	1	1774.7726	4	13	0	1	1	0.8287	0.6838
21	1069	1	1776.3225	7	4	0	1	1	0.8288	0.5099
21	1070	1	1777.8724	6	8	0	1	1	0.8290	0.5133
21	1071	1	1779.4223	8	15	0	1	1	0.8291	0.6261
21	1072	1	1780.9722	5	6	90	1	1	0.8293	0.6293
21	1073	1	1782.5221	4	13	0	1	1	0.8295	0.6942
21	1074	1	1784.0720	5	6	0	1	1	0.8296	0.6496
21	1075	1	1785.6220	6	8	0	1	1	0.8298	0.6197
21	1076	1	1787.1719	4	13	0	1	1	0.8299	0.5899
21	1077	1	1788.7218	3	14	90	1	1	0.8301	0.8489
21	1078	1	1790.2717	1	5	90	1	1	0.8302	0.8179
21	1079	1	1791.8216	2	7	0	1	1	0.8304	0.9307
21	1080	1	1793.3716	14	2	0	1	1	0.8306	0.7259
21	1081	1	1794.9215	1	5	90	1	1	0.8307	0.7440
21	1082	1	1796.4714	3	14	0	1	1	0.8309	0.8103
21	1083	1	1798.0213	2	7	0	1	1	0.8310	0.6831
21	1084	1	1799.5712	3	14	0	1	1	0.8312	0.7511
21	1085	1	1801.1211	2	7	0	1	1	0.8313	0.4807
21	1086	1	1802.6711	15	11	0	1	1	0.8315	0.6898
21	1087	1	1804.2210	14	2	0	1	1	0.8316	0.8366
21	1088	1	1805.7709	13	10	90	1	1	0.8318	0.8214
21	1089	1	1807.3208	14	2	90	1	1	0.8320	0.9195
21	1090	1	1808.8707	1	5	90	1	1	0.8321	0.7136
21	1091	1	1810.4206	3	14	90	1	1	0.8323	0.7167
21	1092	1	1811.9706	2	7	0	1	1	0.8324	0.7030
21	1093	1	1813.5205	1	5	0	1	1	0.8326	0.7358
21	1094	1	1815.0704	3	14	0	1	1	0.8327	0.6259
21	1095	1	1816.6203	1	5	0	1	1	0.8329	0.6930
21	1096	1	1818.1702	2	7	0	1	1	0.8330	0.5500
21	1097	1	1819.7202	1	5	0	1	1	0.8332	0.5534
21	1098	1	1821.2701	14	2	0	1	1	0.8333	0.6502
21	1099	1	1822.8200	2	7	0	1	1	0.8335	0.6683
21	1100	1	1824.3699	1	5	0	1	1	0.8336	0.6716
21	1101	1	1825.9198	15	11	0	1	1	0.8338	0.8016
21	1102	1	1827.4698	2	7	0	1	1	0.8339	0.6917
21	1103	1	1829.0197	14	2	0	1	1	0.8341	0.6940
21	1104	1	1830.5696	2	7	90	1	1	0.8342	0.8079
21	1105	1	1832.1195	15	11	0	1	1	0.8344	0.7942
21	1106	1	1833.6694	2	7	0	1	1	0.8345	0.7629
21	1107	1	1835.2193	15	11	0	1	1	0.8347	0.7342
21	1108	1	1836.7693	2	7	0	1	1	0.8348	0.7206
21	1109	1	1838.3192	14	2	90	1	1	0.8350	0.8185
21	1110	1	1839.8691	15	11	90	1	1	0.8351	0.8364
21	1111	1	1841.4190	3	14	0	1	1	0.8353	0.7256
21	1112	1	1842.9689	1	5	0	1	1	0.8354	0.6314
21	1113	1	1844.5189	3	14	0	1	1	0.8356	0.6987
21	1114	1	1846.0688	15	11	0	1	1	0.8357	0.5889
21	1115	1	1847.6187	2	7	0	1	1	0.8359	0.7989
21	1116	1	1849.1686	15	11	0	1	1	0.8360	0.6728
21	1117	1	1850.7185	14	2	0	1	1	0.8362	0.8658
21	1118	1	1852.2684	15	11	0	1	1	0.8363	0.7399
21	1119	1	1853.8184	14	2	90	1	1	0.8365	0.6475
21	1120	1	1855.3683	15	11	90	1	1	0.8366	0.8880
21	1121	1	1856.9182	3	14	90	1	1	0.8368	0.8114
21	1122	1	1858.4681	4	13	0	1	1	0.8369	0.8442
21	1123	1	1860.0180	3	14	0	1	1	0.8370	0.7035
21	1124	1	1861.5680	4	13	0	1	1	0.8372	0.5443
21	1125	1	1863.1178	3	14	90	1	1	0.8373	0.8036
21	1126	1	1864.6678	4	13	90	1	1	0.8375	0.7424
21	1127	1	1866.2177	6	8	0	1	1	0.8376	0.8721
21	1128	1	1867.7676	5	6	90	1	1	0.8378	0.7447
21	1129	1	1869.3175	8	15	0	1	1	0.8379	0.6508
21	1130	1	1870.8675	6	8	0	1	1	0.8381	0.6050
21	1131	1	1872.4174	8	15	0	1	1	0.8382	0.6721
21	1132	1	1873.9673	7	4	0	1	1	0.8383	0.6101
21	1133	1	1875.5172	4	13	0	1	1	0.8385	0.7550
21	1134	1	1877.0671	6	8	0	1	1	0.8386	0.6945
21	1135	1	1878.6170	8	15	90	1	1	0.8388	0.7592
21	1136	1	1880.1670	7	4	0	1	1	0.8389	0.6186
21	1137	1	1881.7169	6	8	0	1	1	0.8391	0.7954
21	1138	1	1883.2668	8	15	0	1	1	0.8392	0.5735
21	1139	1	1884.8167	9	9	90	1	1	0.8393	0.6555
21	1140	1	1886.3666	11	12	0	1	1	0.8395	0.7229
21	1141	1	1887.9166	10	3	0	1	1	0.8396	0.6450
21	1142	1	1889.4664	11	12	0	1	1	0.8398	0.7588
21	1143	1	1891.0164	10	3	0	1	1	0.8399	0.6179
21	1144	1	1892.5663	9	9	0	1	1	0.8400	0.6513
21	1145	1	1894.1162	11	12	90	1	1	0.8402	0.8600
21	1146	1	1895.6661	13	10	90	1	1	0.8403	0.8312
21	1147	1	1897.2160	12	1	0	1	1	0.8405	0.7202
21	1148	1	1898.7660	11	12	0	1	1	0.8406	0.6913
21	1149	1	1900.3159	12	1	90	1	1	0.8407	0.7564
21	1150	1	1901.8658	13	10	0	1	1	0.8409	0.7266
21	1151	1	1903.4157	14	2	0	1	1	0.8410	0.9525
21	1152	1	1904.9656	13	10	0	1	1	0.8411	0.9560
21	1153	1	1906.5156	11	12	0	1	1	0.8413	0.9100
21	1154	1	1908.0655	12	1	0	1	1	0.8414	0.7360
21	1155	1	1909.6154	11	12	90	1	1	0.8416	0.6905
21	1156	1	1911.1653	12	1	90	1	1	0.8417	0.7397
21	1157	1	1912.7152	11	12	0	1	1	0.8418	0.5983
21	1158	1	1914.2651	9	9	0	1	1	0.8420	0.5683
21	1159	1	1915.8151	10	3	0	1	1	0.8421	0.5532
21	1160	1	1917.3650	12	1	0	1	1	0.8422	0.5567
21	1161	1	1918.9149	11	12	0	1	1	0.8424	0.5893
21	1162	1	1920.4648	10	3	0	1	1	0.8425	0.6394
21	1163	1	1922.0147	12	1	0	1	1	0.8426	0.6267
21	1164	1	1923.5646	13	10	0	1	1	0.8428	0.7249
21	1165	1	1925.1146	11	12	0	1	1	0.8429	0.6308
21	1166	1	1926.6645	12	1	0	1	1	0.8431	0.5052
21	1167	1	1928.2144	10	3	0	1	1	0.8432	0.5873
21	1168	1	1929.7643	13	10	0	0	1	0.8425	0.6199
21	1169	1	1931.3142	12	1	0	1	1	0.8426	0.5100
21	1170	1	1932.8642	13	10	0	1	1	0.8427	0.7212
21	1171	1	1934.4141	10	3	0	1	1	0.8429	0.5629
21	1172	1	1935.9640	13	10	0	1	1	0.8430	0.7095
21	1173	1	1937.5139	10	3	0	1	1	0.8431	0.5516
21	1174	1	1939.0638	12	1	0	1	1	0.8433	0.6659
21	1175	1	1940.6137	11	12	0	1	1	0.8434	0.5393
21	1176	1	1942.1637	9	9	0	1	1	0.8435	0.6058
21	1177	1	1943.7136	10	3	0	1	1	0.8437	0.5279
21	1178	1	1945.2635	11	12	90	1	1	0.8438	0.8974
21	1179	1	1946.8134	9	9	0	1	1	0.8439	0.5962
21	1180	1	1948.3633	11	12	0	1	1	0.8441	0.6303
21	1181	1	1949.9133	10	3	0	1	1	0.8442	0.4723
21	1182	1	1951.4632	12	1	0	1	1	0.8443	0.4581
21	1183	1	1953.0131	13	10	90	1	1	0.8445	0.6516
21	1184	1	1954.5630	12	1	0	1	1	0.8446	0.5742
21	1185	1	1956.1129	9	9	0	1	1	0.8447	0.5593
21	1186	1	1957.6628	8	15	0	1	1	0.8449	0.5295
21	1187	1	1959.2127	7	4	90	1	1	0.8450	0.7408
21	1188	1	1960.7627	4	13	0	1	1	0.8451	0.7913
21	1189	1	1962.3126	3	14	0	1	1	0.8452	0.9200
21	1190	1	1963.8625	2	7	0	1	1	0.8454	0.7137
21	1191	1	1965.4124	14	2	0	1	1	0.8455	0.7489
21	1192	1	1966.9623	15	11	0	1	1	0.8456	0.6871
21	1193	1	1968.5123	1	5	0	1	1	0.8458	0.6250
21	1194	1	1970.0622	2	7	0	1	1	0.8459	0.6433
21	1195	1	1971.6121	3	14	0	1	1	0.8460	0.6607
21	1196	1	1973.1620	1	5	0	1	1	0.8462	0.6476
21	1197	1	1974.7119	15	11	0	1	1	0.8463	0.6821
21	1198	1	1976.2618	2	7	0	1	1	0.8464	0.6037
21	1199	1	1977.8118	14	2	0	1	1	0.8465	0.8457
21	1200	1	1979.3617	1	5	0	1	1	0.8467	0.7505
21	1201	1	1980.9116	14	2	0	1	1	0.8468	0.6886
21	1202	1	1982.4615	2	7	0	1	1	0.8469	0.7082
21	1203	1	1984.0114	1	5	0	1	1	0.8470	0.6141
21	1204	1	1985.5614	14	2	90	0	1	0.8463	0.5040
21	1205	1	1987.1113	15	11	90	1	1	0.8465	0.7942
21	1206	1	1988.6612	3	14	90	1	1	0.8466	0.8600
21	1207	1	1990.2111	4	13	90	1	1	0.8467	0.8134
21	1208	1	1991.7610	5	6	0	1	1	0.8469	0.8631
21	1209	1	1993.3110	6	8	0	1	1	0.8470	0.7386
21	1210	1	1994.8609	7	4	0	1	1	0.8471	0.5808
21	1211	1	1996.4108	6	8	0	1	1	0.8472	0.4865
21	1212	1	1997.9607	4	13	0	1	1	0.8474	0.5526
21	1213	1	1999.5106	5	6	0	1	1	0.8475	0.6670
21	1214	1	2001.0605	8	15	90	1	1	0.8476	0.9728
21	1215	1	2002.6105	5	6	90	1	1	0.8477	0.7831
21	1216	1	2004.1604	8	15	90	1	1	0.8479	0.5931
21	1217	1	2005.7103	5	6	0	0	1	0.8472	0.5780
21	1218	1	2007.2602	6	8	0	1	1	0.8473	1.0133
21	1219	1	2008.8101	7	4	0	1	1	0.8474	0.6155
21	1220	1	2010.3600	4	13	0	1	1	0.8475	0.7614
21	1221	1	2011.9099	6	8	0	1	1	0.8477	0.5716
21	1222	1	2013.4599	5	6	0	1	1	0.8478	0.7167
21	1223	1	2015.0098	7	4	90	1	1	0.8479	0.6877
21	1224	1	2016.5597	8	15	0	1	1	0.8480	0.7217
21	1225	1	2018.1096	9	9	0	1	1	0.8482	0.5639
21	1226	1	2019.6596	8	15	0	1	1	0.8483	0.5500
21	1227	1	2021.2095	9	9	90	1	1	0.8484	0.6320
21	1228	1	2022.7594	12	1	0	1	1	0.8485	0.6821
21	1229	1	2024.3093	9	9	0	1	1	0.8487	0.5241
21	1230	1	2025.8592	10	3	0	1	1	0.8488	0.4941
21	1231	1	2027.4091	11	12	0	1	1	0.8489	0.6084
21	1232	1	2028.9590	13	10	0	1	1	0.8490	0.5622
21	1233	1	2030.5090	11	12	0	1	1	0.8491	0.5471
21	1234	1	2032.0589	9	9	0	1	1	0.8493	0.6452
21	1235	1	2033.6088	12	1	0	1	1	0.8494	0.5527
21	1236	1	2035.1587	11	12	0	1	1	0.8495	0.5062
21	1237	1	2036.7086	9	9	0	1	1	0.8496	0.5725
21	1238	1	2038.2586	8	15	0	1	1	0.8498	0.4948
21	1239	1	2039.8085	6	8	0	1	1	0.8499	0.5436
21	1240	1	2041.3584	5	6	0	1	1	0.8500	0.6268
21	1241	1	2042.9083	8	15	0	1	1	0.8501	0.5163
21	1242	1	2044.4582	7	4	0	1	1	0.8502	0.6299
21	1243	1	2046.0082	8	15	0	1	1	0.8504	0.5199
21	1244	1	2047.5581	6	8	0	1	1	0.8505	0.5220
21	1245	1	2049.1080	8	15	0	1	1	0.8506	0.4936
21	1246	1	2050.6579	5	6	90	1	1	0.8507	0.5742
21	1247	1	2052.2078	4	13	0	1	1	0.8508	0.5296
21	1248	1	2053.7577	5	6	0	1	1	0.8510	0.7397
21	1249	1	2055.3076	8	15	90	0	1	0.8503	0.5337
21	1250	1	2056.8576	6	8	0	1	1	0.8504	0.5185
21	1251	1	2058.4075	7	4	0	1	1	0.8505	0.5378
21	1252	1	2059.9574	5	6	0	1	1	0.8506	0.5227
21	1253	1	2061.5073	8	15	0	1	1	0.8508	0.4786
21	1254	1	2063.0572	9	9	0	1	1	0.8509	0.5123
21	1255	1	2064.6072	8	15	90	1	1	0.8510	0.7223
21	1256	1	2066.1571	7	4	90	1	1	0.8511	0.7561
21	1257	1	2067.7070	8	15	0	1	1	0.8512	0.5811
21	1258	1	2069.2569	9	9	0	1	1	0.8514	0.5362
21	1259	1	2070.8068	12	1	0	1	1	0.8515	0.6492
21	1260	1	2072.3567	13	10	90	1	1	0.8516	0.7006
21	1261	1	2073.9067	11	12	90	1	1	0.8517	1.1352
21	1262	1	2075.4566	9	9	0	1	1	0.8518	0.7207
21	1263	1	2077.0065	10	3	0	1	1	0.8519	0.5628
21	1264	1	2078.5564	9	9	90	1	1	0.8521	0.6287
21	1265	1	2080.1063	10	3	0	1	1	0.8522	0.5347
21	1266	1	2081.6562	12	1	0	1	1	0.8523	0.5857
21	1267	1	2083.2062	11	12	90	1	1	0.8524	0.9699
21	1268	1	2084.7561	9	9	0	1	1	0.8525	0.6052
21	1269	1	2086.3060	11	12	90	1	1	0.8526	0.9101
21	1270	1	2087.8559	12	1	0	1	1	0.8528	0.5936
21	1271	1	2089.4058	9	9	90	1	1	0.8529	0.7236
21	1272	1	2090.9558	10	3	0	1	1	0.8530	0.5803
21	1273	1	2092.5057	12	1	0	1	1	0.8531	0.5824
21	1274	1	2094.0556	9	9	0	1	1	0.8532	0.6340
21	1275	1	2095.6055	10	3	0	1	1	0.8533	0.4759
21	1276	1	2097.1554	9	9	90	1	1	0.8534	0.6211
21	1277	1	2098.7053	8	15	90	1	1	0.8536	0.7987
21	1278	1	2100.2553	6	8	0	1	1	0.8537	0.7208
21	1279	1	2101.8052	7	4	0	1	1	0.8538	0.6909
21	1280	1	2103.3551	8	15	0	1	1	0.8539	0.5170
21	1281	1	2104.9050	5	6	0	1	1	0.8540	0.7916
21	1282	1	2106.4549	7	4	0	1	1	0.8541	0.5691
21	1283	1	2108.0048	8	15	0	1	1	0.8542	0.5236
21	1284	1	2109.5547	5	6	90	1	1	0.8544	0.6543
21	1285	1	2111.1047	4	13	0	1	1	0.8545	0.5914
21	1286	1	2112.6546	7	4	90	1	1	0.8546	0.6267
21	1287	1	2114.2045	6	8	0	1	1	0.8547	0.5652
21	1288	1	2115.7544	4	13	0	1	1	0.8548	0.5822
21	1289	1	2117.3043	3	14	0	1	1	0.8549	0.7277
21	1290	1	2118.8542	1	5	0	1	1	0.8550	0.5709
21	1291	1	2120.4042	14	2	0	1	1	0.8552	0.7159
21	1292	1	2121.9541	1	5	0	1	1	0.8553	0.5756
21	1293	1	2123.5040	15	11	90	1	1	0.8554	0.8493
21	1294	1	2125.0539	3	14	0	1	1	0.8555	0.7394
21	1295	1	2126.6038	4	13	0	1	1	0.8556	0.5975
21	1296	1	2128.1538	3	14	0	1	1	0.8557	0.6480
21	1297	1	2129.7037	2	7	0	1	1	0.8558	0.8256
21	1298	1	2131.2536	1	5	0	1	1	0.8559	0.5878
21	1299	1	2132.8035	3	14	0	1	1	0.8560	0.5725
21	1300	1	2134.3534	4	13	0	1	1	0.8562	0.5438
21	1301	1	2135.9034	5	6	90	1	1	0.8563	0.6418
21	1302	1	2137.4533	7	4	90	1	1	0.8564	0.6600
21	1303	1	2139.0032	8	15	90	1	1	0.8565	0.6780
21	1304	1	2140.5531	7	4	0	1	1	0.8566	0.5842
21	1305	1	2142.1030	5	6	90	1	1	0.8567	0.6662
21	1306	1	2143.6529	4	13	90	1	1	0.8568	0.6044
21	1307	1	2145.2029	6	8	0	1	1	0.8569	0.7344
21	1308	1	2146.7528	7	4	0	1	1	0.8570	0.5604
21	1309	1	2148.3027	5	6	0	1	1	0.8571	0.5933
21	1310	1	2149.8526	7	4	0	1	1	0.8573	0.4363
21	1311	1	2151.4025	6	8	0	1	1	0.8574	0.5335
21	1312	1	2152.9524	7	4	0	1	1	0.8575	0.4396
21	1313	1	2154.5023	8	15	0	1	1	0.8576	0.5230
21	1314	1	2156.0523	7	4	0	1	1	0.8577	0.6690
21	1315	1	2157.6022	5	6	0	1	1	0.8578	0.6550
21	1316	1	2159.1521	8	15	0	1	1	0.8579	0.4817
21	1317	1	2160.7020	9	9	0	1	1	0.8580	0.5152
21	1318	1	2162.2519	10	3	0	1	1	0.8581	0.6934
21	1319	1	2163.8019	12	1	0	1	1	0.8582	0.5034
21	1320	1	2165.3518	9	9	0	1	1	0.8583	0.5536
21	1321	1	2166.9017	8	15	0	1	1	0.8584	0.7943
21	1322	1	2168.4516	7	4	0	1	1	0.8585	0.5886
21	1323	1	2170.0015	4	13	90	1	1	0.8587	0.8481
21	1324	1	2171.5514	7	4	90	1	1	0.8588	0.6897
21	1325	1	2173.1014	4	13	0	1	1	0.8589	0.6444
21	1326	1	2174.6513	6	8	0	1	1	0.8590	0.5499
21	1327	1	2176.2012	5	6	90	1	1	0.8591	0.6322
21	1328	1	2177.7511	6	8	0	1	1	0.8592	0.5849
21	1329	1	2179.3010	4	13	0	1	1	0.8593	0.5085
21	1330	1	2180.8509	5	6	0	0	1	0.8586	0.7026
21	1331	1	2182.4009	7	4	0	1	1	0.8588	0.5283
21	1332	1	2183.9508	8	15	0	1	1	0.8589	0.4662
21	1333	1	2185.5007	6	8	90	1	1	0.8590	0.6933
21	1334	1	2187.0506	7	4	0	1	1	0.8591	0.5667
21	1335	1	2188.6005	6	8	0	1	1	0.8592	0.7114
21	1336	1	2190.1505	5	6	0	1	1	0.8593	0.6989
21	1337	1	2191.7004	6	8	0	1	1	0.8594	0.4937
21	1338	1	2193.2503	7	4	90	1	1	0.8595	0.9576
21	1339	1	2194.8002	8	15	0	1	1	0.8596	0.5610
21	1340	1	2196.3501	7	4	0	1	1	0.8597	0.5309
21	1341	1	2197.9000	6	8	0	1	1	0.8598	0.5799
21	1342	1	2199.4500	7	4	0	1	1	0.8599	0.5032
21	1343	1	2200.9999	5	6	0	1	1	0.8600	0.4895
21	1344	1	2202.5498	7	4	0	1	1	0.8601	0.6515
21	1345	1	2204.0997	8	15	0	1	1	0.8602	0.6204
21	1346	1	2205.6496	9	9	90	1	1	0.8603	0.7024
21	1347	1	2207.1996	12	1	90	1	1	0.8604	0.6577
21	1348	1	2208.7495	13	10	0	1	1	0.8605	0.6745
21	1349	1	2210.2994	10	3	0	1	1	0.8606	0.5173
21	1350	1	2211.8493	11	12	0	1	1	0.8607	0.6003
21	1351	1	2213.3992	12	1	90	1	1	0.8608	0.7141
21	1352	1	2214.9491	9	9	0	1	1	0.8609	0.6211
21	1353	1	2216.4991	8	15	90	1	1	0.8610	0.7502
21	1354	1	2218.0490	6	8	90	1	1	0.8612	0.6722
21	1355	1	2219.5989	8	15	0	1	1	0.8613	0.6571
21	1356	1	2221.1488	7	4	0	1	1	0.8614	0.6431
21	1357	1	2222.6987	5	6	90	1	1	0.8615	0.7581
21	1358	1	2224.2487	4	13	0	1	1	0.8616	0.6326
21	1359	1	2225.7986	6	8	0	1	1	0.8617	0.6814
21	1360	1	2227.3485	7	4	0	1	1	0.8618	0.5555
21	1361	1	2228.8984	5	6	0	1	1	0.8619	0.6716
21	1362	1	2230.4483	4	13	90	1	1	0.8620	0.6248
21	1363	1	2231.9982	7	4	0	1	1	0.8621	0.5154
21	1364	1	2233.5481	6	8	0	1	1	0.8622	0.6613
21	1365	1	2235.0981	8	15	0	1	1	0.8623	0.5669
21	1366	1	2236.6479	6	8	0	1	1	0.8624	0.5533
21	1367	1	2238.1979	5	6	0	1	1	0.8625	0.6353
21	1368	1	2239.7478	4	13	0	1	1	0.8626	0.5573
21	1369	1	2241.2977	3	14	0	1	1	0.8627	0.5273
21	1370	1	2242.8477	15	11	0	1	1	0.8628	0.7216
21	1371	1	2244.3976	3	14	0	1	1	0.8629	0.5944
21	1372	1	2245.9475	2	7	90	1	1	0.8630	0.9020
21	1373	1	2247.4974	14	2	0	1	1	0.8631	0.8391
21	1374	1	2249.0473	2	7	0	1	1	0.8632	0.6820
21	1375	1	2250.5972	15	11	0	1	1	0.8633	0.7166
21	1376	1	2252.1472	3	14	0	1	1	0.8634	0.5727
21	1377	1	2253.6971	2	7	0	0	1	0.8627	0.8000
21	1378	1	2255.2470	1	5	0	1	1	0.8628	0.6577
21	1379	1	2256.7969	14	2	0	1	1	0.8629	0.8526
21	1380	1	2258.3468	2	7	0	1	1	0.8630	0.6460
21	1381	1	2259.8967	14	2	90	0	1	0.8624	0.5511
21	1382	1	2261.4467	15	11	0	1	1	0.8625	0.7470
21	1383	1	2262.9966	2	7	0	1	1	0.8626	0.7012
21	1384	1	2264.5465	14	2	0	1	1	0.8627	0.8788
21	1385	1	2266.0964	15	11	90	1	1	0.8628	0.8329
21	1386	1	2267.6464	1	5	90	1	1	0.8629	0.7546
21	1387	1	2269.1963	3	14	0	1	1	0.8630	0.6130
21	1388	1	2270.7462	2	7	90	1	1	0.8631	0.8857
21	1389	1	2272.2961	1	5	90	1	1	0.8632	0.7440
21	1390	1	2273.8460	3	14	0	1	1	0.8633	1.0198
21	1391	1	2275.3959	1	5	0	1	1	0.8634	0.8934
21	1392	1	2276.9458	2	7	0	1	1	0.8635	0.6877
21	1393	1	2278.4958	15	11	90	1	1	0.8636	0.8321
21	1394	1	2280.0457	2	7	0	1	1	0.8637	0.8354
21	1395	1	2281.5956	14	2	0	1	1	0.8638	0.6923
21	1396	1	2283.1455	15	11	0	1	1	0.8639	0.6957
21	1397	1	2284.6954	3	14	0	1	1	0.8640	0.6645
21	1398	1	2286.2453	15	11	0	1	1	0.8641	0.7466
21	1399	1	2287.7953	2	7	0	1	1	0.8642	0.8126
21	1400	1	2289.3452	3	14	0	1	1	0.8643	0.6560
21	1	2	1.0166	9	9	0	-1	0	NaN	-1.0000
21	2	2	2.5499	8	15	0	-1	0	NaN	-1.0000
21	3	2	4.0831	9	9	0	-1	0	NaN	-1.0000
21	4	2	5.6164	11	12	0	-1	0	NaN	-1.0000
21	5	2	7.1496	13	10	0	-1	0	NaN	-1.0000
21	6	2	8.6829	10	3	0	-1	0	NaN	-1.0000
21	7	2	10.2161	11	12	0	-1	1	0.0000	1.0578
21	8	2	11.7494	10	3	0	-1	0	0.0000	-1.0000
21	9	2	13.2826	12	1	0	-1	0	0.0000	-1.0000
21	10	2	14.8159	10	3	0	-1	0	0.0000	-1.0000
21	11	2	16.3491	12	1	0	-1	0	0.0000	-1.0000
21	12	2	17.8824	11	12	0	-1	0	0.0000	-1.0000
21	13	2	19.4156	10	3	0	-1	1	0.0000	1.1065
21	14	2	20.9489	9	9	0	-1	0	0.0000	-1.0000
21	15	2	22.4821	11	12	0	-1	0	0.0000	-1.0000
21	16	2	24.0154	12	1	0	-1	0	0.0000	-1.0000
21	17	2	25.5486	13	10	0	-1	0	0.0000	-1.0000
21	18	2	27.0819	14	2	0	-1	1	0.3333	0.8323
21	19	2	28.6151	15	11	0	-1	0	0.3333	-1.0000
21	20	2	30.1484	1	5	0	-1	0	0.3333	-1.0000
21	21	2	31.6817	2	7	0	-1	0	0.3333	-1.0000
21	22	2	33.2149	3	14	0	-1	0	0.3333	-1.0000
21	23	2	34.7482	4	13	0	-1	1	0.5000	0.7499
21	24	2	36.2814	5	6	0	-1	0	0.5000	-1.0000
21	25	2	37.8147	6	8	0	-1	0	0.5000	-1.0000
21	26	2	39.3479	7	4	0	-1	0	0.5000	-1.0000
21	27	2	40.8812	8	15	0	-1	0	0.5000	-1.0000
21	28	2	42.4144	9	9	0	-1	0	0.5000	-1.0000
21	29	2	43.9477	10	3	0	-1	1	0.4000	0.5424
21	30	2	45.4809	11	12	0	-1	0	0.4000	-1.0000
21	31	2	47.0142	13	10	0	-1	0	0.4000	-1.0000
21	32	2	48.5474	12	1	0	-1	0	0.4000	-1.0000
21	33	2	50.0807	10	3	0	-1	0	0.4000	-1.0000
21	34	2	51.6139	12	1	0	-1	0	0.4000	-1.0000
21	35	2	53.1472	9	9	0	-1	1	0.3333	0.7668
21	36	2	54.6804	12	1	0	-1	0	0.3333	-1.0000
21	37	2	56.2137	10	3	0	-1	0	0.3333	-1.0000
21	38	2	57.7469	13	10	0	-1	0	0.3333	-1.0000
21	39	2	59.2802	11	12	0	-1	0	0.3333	-1.0000
21	40	2	60.8134	10	3	0	-1	0	0.3333	-1.0000
21	41	2	62.3467	13	10	0	-1	0	0.3333	-1.0000
21	42	2	63.8800	14	2	0	-1	1	0.4286	0.8982
21	43	2	65.4132	1	5	0	-1	0	0.4286	-1.0000
21	44	2	66.9465	2	7	0	-1	0	0.4286	-1.0000
21	45	2	68.4797	3	14	0	-1	0	0.4286	-1.0000
21	46	2	70.0130	4	13	0	-1	1	0.5000	0.7652
21	47	2	71.5462	5	6	0	-1	0	0.5000	-1.0000
21	48	2	73.0795	6	8	0	-1	0	0.5000	-1.0000
21	49	2	74.6127	7	4	0	-1	0	0.5000	-1.0000
21	50	2	76.1460	8	15	0	-1	0	0.5000	-1.0000
21	51	2	77.6792	9	9	0	-1	0	0.5000	-1.0000
21	52	2	79.2125	10	3	0	-1	1	0.4444	0.5735
21	53	2	80.7457	11	12	0	-1	0	0.4444	-1.0000
21	54	2	82.2790	12	1	0	-1	0	0.4444	-1.0000
21	55	2	83.8122	13	10	0	-1	0	0.4444	-1.0000
21	56	2	85.3455	14	2	0	-1	0	0.4444	-1.0000
21	57	2	86.8787	15	11	0	-1	1	0.4000	0.0755
21	58	2	88.4120	1	5	0	-1	0	0.4000	-1.0000
21	59	2	89.9453	2	7	0	-1	0	0.4000	-1.0000
21	60	2	91.4785	3	14	0	-1	0	0.4000	-1.0000
21	61	2	93.0117	4	13	0	-1	1	0.4545	1.2544
21	62	2	94.5450	5	6	0	-1	0	0.4545	-1.0000
21	63	2	96.0782	8	15	0	-1	0	0.4545	-1.0000
21	64	2	97.6115	7	4	0	-1	0	0.4545	-1.0000
21	65	2	99.1448	8	15	0	-1	0	0.4545	-1.0000
21	66	2	100.6780	7	4	0	-1	0	0.4545	-1.0000
21	67	2	102.2113	4	13	0	-1	0	0.4545	-1.0000
21	68	2	103.7445	7	4	0	-1	0	0.4545	-1.0000
21	69	2	105.2778	5	6	0	-1	1	0.4167	0.8603
21	70	2	106.8110	6	8	0	-1	0	0.4167	-1.0000
21	71	2	108.3443	8	15	0	-1	0	0.4167	-1.0000
21	72	2	109.8775	5	6	0	-1	0	0.4167	-1.0000
21	73	2	111.4108	4	13	0	-1	0	0.4167	-1.0000
21	74	2	112.9440	5	6	0	-1	0	0.4167	-1.0000
21	75	2	114.4773	7	4	0	-1	0	0.4167	-1.0000
21	76	2	116.0105	8	15	0	-1	1	0.3846	0.9432
21	77	2	117.5438	9	9	0	-1	0	0.3846	-1.0000
21	78	2	119.0770	10	3	0	-1	0	0.3846	-1.0000
21	79	2	120.6103	11	12	0	-1	0	0.3846	-1.0000
21	80	2	122.1435	12	1	0	-1	0	0.3846	-1.0000
21	81	2	123.6768	13	10	0	-1	0	0.3846	-1.0000
21	82	2	125.2100	14	2	0	-1	1	0.4286	0.8480
21	83	2	126.7433	15	11	0	-1	0	0.4286	-1.0000
21	84	2	128.2765	1	5	0	-1	0	0.4286	-1.0000
21	85	2	129.8098	2	7	0	-1	0	0.4286	-1.0000
21	86	2	131.3431	3	14	0	-1	0	0.4286	-1.0000
21	87	2	132.8763	4	13	0	-1	1	0.4667	1.4058
21	88	2	134.4096	5	6	0	-1	1	0.4375	0.0168
21	89	2	135.9428	6	8	0	-1	0	0.4375	-1.0000
21	90	2	137.4761	7	4	0	-1	0	0.4375	-1.0000
21	91	2	139.0093	4	13	0	-1	0	0.4375	-1.0000
21	92	2	140.5425	5	6	0	-1	0	0.4375	-1.0000
21	93	2	142.0758	8	15	0	-1	0	0.4375	-1.0000
21	94	2	143.6091	6	8	0	-1	0	0.4375	-1.0000
21	95	2	145.1423	7	4	0	-1	0	0.4375	-1.0000
21	96	2	146.6756	8	15	0	-1	1	0.4118	0.8704
21	97	2	148.2088	6	8	0	-1	0	0.4118	-1.0000
21	98	2	149.7421	7	4	0	-1	0	0.4118	-1.0000
21	99	2	151.2753	4	13	0	-1	0	0.4118	-1.0000
21	100	2	152.8086	7	4	0	-1	0	0.4118	-1.0000
21	101	2	154.3418	5	6	0	-1	0	0.4118	-1.0000
21	102	2	155.8751	8	15	0	-1	0	0.4118	-1.0000
21	103	2	157.4084	9	9	0	-1	1	0.4444	0.3776
21	104	2	158.9416	10	3	0	-1	0	0.4444	-1.0000
21	105	2	160.4749	11	12	0	-1	0	0.4444	-1.0000
21	106	2	162.0081	12	1	0	-1	0	0.4444	-1.0000
21	107	2	163.5414	13	10	0	-1	0	0.4444	-1.0000
21	108	2	165.0746	14	2	0	-1	0	0.4444	-1.0000
21	109	2	166.6078	15	11	0	-1	0	0.4444	-1.0000
21	110	2	168.1411	1	5	0	-1	0	0.4444	-1.0000
21	111	2	169.6744	2	7	0	-1	1	0.4211	0.9113
21	112	2	171.2076	3	14	0	-1	0	0.4211	-1.0000
21	113	2	172.7409	4	13	0	-1	0	0.4211	-1.0000
21	114	2	174.2741	5	6	0	-1	0	0.4211	-1.0000
21	115	2	175.8074	6	8	0	-1	0	0.4211	-1.0000
21	116	2	177.3406	7	4	0	-1	0	0.4211	-1.0000
21	117	2	178.8739	8	15	0	-1	0	0.4211	-1.0000
21	118	2	180.4071	9	9	0	-1	1	0.4500	1.0422
21	119	2	181.9404	10	3	0	-1	0	0.4500	-1.0000
21	120	2	183.4736	11	12	0	-1	0	0.4500	-1.0000
21	121	2	185.0069	10	3	0	-1	0	0.4500	-1.0000
21	122	2	186.5401	12	1	0	-1	0	0.4500	-1.0000
21	123	2	188.0734	9	9	0	-1	1	0.4286	1.1043
21	124	2	189.6066	10	3	0	-1	0	0.4286	-1.0000
21	125	2	191.1399	13	10	0	-1	0	0.4286	-1.0000
21	126	2	192.6731	12	1	0	-1	0	0.4286	-1.0000
21	127	2	194.2064	10	3	0	-1	0	0.4286	-1.0000
21	128	2	195.7396	12	1	0	-1	0	0.4286	-1.0000
21	129	2	197.2729	10	3	0	-1	0	0.4286	-1.0000
21	130	2	198.8062	13	10	0	-1	0	0.4286	-1.0000
21	131	2	200.3394	10	3	0	-1	1	0.4091	0.8706
21	132	2	201.8727	13	10	0	-1	0	0.4091	-1.0000
21	133	2	203.4059	11	12	0	-1	0	0.4091	-1.0000
21	134	2	204.9392	12	1	0	-1	0	0.4091	-1.0000
21	135	2	206.4724	9	9	0	-1	1	0.3913	0.9454
21	136	2	208.0057	8	15	0	-1	0	0.3913	-1.0000
21	137	2	209.5389	7	4	0	-1	0	0.3913	-1.0000
21	138	2	211.0722	6	8	0	-1	0	0.3913	-1.0000
21	139	2	212.6054	5	6	0	-1	0	0.3913	-1.0000
21	140	2	214.1386	4	13	0	-1	0	0.3913	-1.0000
21	141	2	215.6719	3	14	0	-1	1	0.4167	0.8656
21	142	2	217.2052	2	7	0	-1	0	0.4167	-1.0000
21	143	2	218.7384	1	5	0	-1	0	0.4167	-1.0000
21	144	2	220.2717	15	11	0	-1	0	0.4167	-1.0000
21	145	2	221.8049	14	2	0	-1	0	0.4167	-1.0000
21	146	2	223.3382	13	10	0	-1	1	0.4400	0.8957
21	147	2	224.8714	12	1	0	-1	0	0.4400	-1.0000
21	148	2	226.4047	11	12	0	-1	0	0.4400	-1.0000
21	149	2	227.9379	10	3	0	-1	0	0.4400	-1.0000
21	150	2	229.4712	9	9	0	-1	0	0.4400	-1.0000
21	151	2	231.0045	12	1	0	-1	0	0.4400	-1.0000
21	152	2	232.5377	11	12	0	-1	1	0.4231	0.7044
21	153	2	234.0709	9	9	0	-1	0	0.4231	-1.0000
21	154	2	235.6042	8	15	0	-1	0	0.4231	-1.0000
21	155	2	237.1375	6	8	0	-1	0	0.4231	-1.0000
21	156	2	238.6707	5	6	0	-1	0	0.4231	-1.0000
21	157	2	240.2040	8	15	0	-1	0	0.4231	-1.0000
21	158	2	241.7372	9	9	0	-1	1	0.4444	0.7527
21	159	2	243.2705	10	3	0	-1	0	0.4444	-1.0000
21	160	2	244.8037	13	10	0	-1	0	0.4444	-1.0000
21	161	2	246.3370	12	1	0	-1	0	0.4444	-1.0000
21	162	2	247.8702	11	12	0	-1	0	0.4444	-1.0000
21	163	2	249.4035	13	10	0	-1	1	0.4286	0.9105
21	164	2	250.9367	11	12	0	-1	0	0.4286	-1.0000
21	165	2	252.4700	9	9	0	-1	0	0.4286	-1.0000
21	166	2	254.0032	8	15	0	-1	1	0.4483	0.6947
21	167	2	255.5365	7	4	0	-1	0	0.4483	-1.0000
21	168	2	257.0697	6	8	0	-1	0	0.4483	-1.0000
21	169	2	258.6030	5	6	0	-1	0	0.4483	-1.0000
21	170	2	260.1363	4	13	0	-1	0	0.4483	-1.0000
21	171	2	261.6695	3	14	0	-1	1	0.4667	0.7404
21	172	2	263.2027	2	7	0	-1	0	0.4667	-1.0000
21	173	2	264.7360	1	5	0	-1	0	0.4667	-1.0000
21	174	2	266.2692	15	11	0	-1	0	0.4667	-1.0000
21	175	2	267.8025	14	2	0	-1	0	0.4667	-1.0000
21	176	2	269.3358	13	10	0	-1	1	0.4839	0.7699
21	177	2	270.8690	12	1	0	-1	0	0.4839	-1.0000
21	178	2	272.4022	11	12	0	-1	0	0.4839	-1.0000
21	179	2	273.9355	10	3	0	-1	0	0.4839	-1.0000
21	180	2	275.4688	9	9	0	-1	0	0.4839	-1.0000
21	181	2	277.0020	11	12	0	-1	0	0.4839	-1.0000
21	182	2	278.5353	13	10	0	-1	0	0.4839	-1.0000
21	183	2	280.0685	12	1	0	-1	0	0.4839	-1.0000
21	184	2	281.6018	10	3	0	-1	1	0.4688	0.6159
21	185	2	283.1350	9	9	0	-1	0	0.4688	-1.0000
21	186	2	284.6683	12	1	0	-1	0	0.4688	-1.0000
21	187	2	286.2015	11	12	0	-1	0	0.4688	-1.0000
21	188	2	287.7348	12	1	0	-1	0	0.4688	-1.0000
21	189	2	289.2680	11	12	0	-1	0	0.4688	-1.0000
21	190	2	290.8013	9	9	0	-1	0	0.4688	-1.0000
21	191	2	292.3345	8	15	0	-1	1	0.4848	0.3792
21	192	2	293.8678	5	6	0	-1	0	0.4848	-1.0000
21	193	2	295.4010	6	8	0	-1	0	0.4848	-1.0000
21	194	2	296.9343	4	13	0	-1	0	0.4848	-1.0000
21	195	2	298.4675	7	4	0	-1	0	0.4848	-1.0000
21	196	2	300.0008	6	8	0	-1	0	0.4848	-1.0000
21	197	2	301.5340	5	6	0	-1	0	0.4848	-1.0000
21	198	2	303.0673	4	13	0	-1	0	0.4848	-1.0000
21	199	2	304.6005	3	14	0	-1	1	0.5000	0.6731
21	200	2	306.1338	2	7	0	-1	0	0.5000	-1.0000
21	201	2	307.6670	1	5	0	-1	0	0.5000	-1.0000
21	202	2	309.2003	15	11	0	-1	0	0.5000	-1.0000
21	203	2	310.7336	14	2	0	-1	0	0.5000	-1.0000
21	204	2	312.2668	13	10	0	-1	1	0.5143	0.7031
21	205	2	313.8001	12	1	0	-1	0	0.5143	-1.0000
21	206	2	315.3333	11	12	0	-1	0	0.5143	-1.0000
21	207	2	316.8666	10	3	0	-1	0	0.5143	-1.0000
21	208	2	318.3998	9	9	0	-1	0	0.5143	-1.0000
21	209	2	319.9331	8	15	0	-1	0	0.5143	-1.0000
21	210	2	321.4663	7	4	0	-1	1	0.5000	1.1994
21	211	2	322.9996	4	13	0	-1	0	0.5000	-1.0000
21	212	2	324.5328	6	8	0	-1	0	0.5000	-1.0000
21	213	2	326.0661	7	4	0	-1	0	0.5000	-1.0000
21	214	2	327.5993	8	15	0	-1	0	0.5000	-1.0000
21	215	2	329.1326	6	8	0	-1	0	0.5000	-1.0000
21	216	2	330.6658	7	4	0	-1	0	0.5000	-1.0000
21	217	2	332.1991	5	6	0	-1	0	0.5000	-1.0000
21	218	2	333.7323	6	8	0	-1	0	0.5000	-1.0000
21	219	2	335.2656	4	13	0	-1	0	0.5000	-1.0000
21	220	2	336.7988	7	4	0	-1	0	0.5000	-1.0000
21	221	2	338.3321	4	13	0	-1	0	0.5000	-1.0000
21	222	2	339.8653	5	6	0	-1	0	0.5000	-1.0000
21	223	2	341.3986	6	8	0	-1	0	0.5000	-1.0000
21	224	2	342.9318	7	4	0	-1	0	0.5000	-1.0000
21	225	2	344.4651	4	13	0	-1	0	0.5000	-1.0000
21	226	2	345.9983	3	14	0	-1	1	0.5135	0.6515
21	227	2	347.5316	2	7	0	-1	0	0.5135	-1.0000
21	228	2	349.0648	1	5	0	-1	0	0.5135	-1.0000
21	229	2	350.5981	15	11	0	-1	0	0.5135	-1.0000
21	230	2	352.1314	14	2	0	-1	0	0.5135	-1.0000
21	231	2	353.6646	13	10	0	-1	1	0.5263	0.7291
21	232	2	355.1979	12	1	0	-1	0	0.5263	-1.0000
21	233	2	356.7311	11	12	0	-1	0	0.5263	-1.0000
21	234	2	358.2644	10	3	0	-1	0	0.5263	-1.0000
21	235	2	359.7976	9	9	0	-1	0	0.5263	-1.0000
21	236	2	361.3309	8	15	0	-1	1	0.5385	1.2713
21	237	2	362.8641	7	4	0	-1	0	0.5385	-1.0000
21	238	2	364.3974	6	8	0	-1	0	0.5385	-1.0000
21	239	2	365.9306	5	6	0	-1	0	0.5385	-1.0000
21	240	2	367.4639	4	13	0	-1	0	0.5385	-1.0000
21	241	2	368.9971	3	14	0	-1	1	0.5500	1.1894
21	242	2	370.5304	1	5	0	-1	0	0.5500	-1.0000
21	243	2	372.0636	15	11	0	-1	0	0.5500	-1.0000
21	244	2	373.5969	14	2	0	-1	0	0.5500	-1.0000
21	245	2	375.1302	15	11	0	-1	0	0.5500	-1.0000
21	246	2	376.6634	1	5	0	-1	0	0.5500	-1.0000
21	247	2	378.1966	15	11	0	-1	0	0.5500	-1.0000
21	248	2	379.7299	1	5	0	-1	0	0.5500	-1.0000
21	249	2	381.2632	15	11	0	-1	0	0.5500	-1.0000
21	250	2	382.7964	14	2	0	-1	0	0.5500	-1.0000
21	251	2	384.3297	15	11	0	-1	0	0.5500	-1.0000
21	252	2	385.8629	2	7	0	-1	0	0.5500	-1.0000
21	253	2	387.3962	3	14	0	-1	0	0.5500	-1.0000
21	254	2	388.9294	2	7	0	-1	0	0.5500	-1.0000
21	255	2	390.4627	3	14	0	-1	0	0.5500	-1.0000
21	256	2	391.9959	2	7	0	-1	0	0.5500	-1.0000
21	257	2	393.5292	1	5	0	-1	0	0.5500	-1.0000
21	258	2	395.0624	15	11	0	-1	0	0.5500	-1.0000
21	259	2	396.5957	14	2	0	-1	0	0.5500	-1.0000
21	260	2	398.1289	13	10	0	-1	1	0.5610	0.8089
21	261	2	399.6622	12	1	0	-1	0	0.5610	-1.0000
21	262	2	401.1954	11	12	0	-1	0	0.5610	-1.0000
21	263	2	402.7287	10	3	0	-1	0	0.5610	-1.0000
21	264	2	404.2619	9	9	0	-1	0	0.5610	-1.0000
21	265	2	405.7952	8	15	0	-1	1	0.5714	0.7905
21	266	2	407.3284	7	4	0	-1	0	0.5714	-1.0000
21	267	2	408.8617	6	8	0	-1	0	0.5714	-1.0000
21	268	2	410.3949	5	6	0	-1	0	0.5714	-1.0000
21	269	2	411.9282	4	13	0	-1	0	0.5714	-1.0000
21	270	2	413.4614	3	14	0	-1	1	0.5814	1.0123
21	271	2	414.9947	4	13	0	-1	0	0.5814	-1.0000
21	272	2	416.5280	3	14	0	-1	1	0.5909	0.8410
21	273	2	418.0612	15	11	0	-1	0	0.5909	-1.0000
21	274	2	419.5944	2	7	0	-1	0	0.5909	-1.0000
21	275	2	421.1277	15	11	0	-1	0	0.5909	-1.0000
21	276	2	422.6609	14	2	0	-1	0	0.5909	-1.0000
21	277	2	424.1942	1	5	0	-1	0	0.5909	-1.0000
21	278	2	425.7275	15	11	0	-1	0	0.5909	-1.0000
21	279	2	427.2607	2	7	0	-1	0	0.5909	-1.0000
21	280	2	428.7940	3	14	0	-1	0	0.5909	-1.0000
21	281	2	430.3272	15	11	0	-1	0	0.5909	-1.0000
21	282	2	431.8605	14	2	0	-1	0	0.5909	-1.0000
21	283	2	433.3937	2	7	0	-1	0	0.5909	-1.0000
21	284	2	434.9270	14	2	0	-1	0	0.5909	-1.0000
21	285	2	436.4602	15	11	0	-1	0	0.5909	-1.0000
21	286	2	437.9935	14	2	0	-1	0	0.5909	-1.0000
21	287	2	439.5267	13	10	0	-1	1	0.6000	0.9477
21	288	2	441.0600	12	1	0	-1	0	0.6000	-1.0000
21	289	2	442.5932	11	12	0	-1	0	0.6000	-1.0000
21	290	2	444.1265	10	3	0	-1	0	0.6000	-1.0000
21	291	2	445.6597	9	9	0	-1	0	0.6000	-1.0000
21	292	2	447.1930	8	15	0	-1	0	0.6000	-1.0000
21	293	2	448.7263	7	4	0	-1	0	0.6000	-1.0000
21	294	2	450.2595	6	8	0	-1	1	0.5870	0.9343
21	295	2	451.7927	5	6	0	-1	0	0.5870	-1.0000
21	296	2	453.3260	4	13	0	-1	0	0.5870	-1.0000
21	297	2	454.8593	3	14	0	-1	0	0.5870	-1.0000
21	298	2	456.3925	2	7	0	-1	1	0.5745	0.5612
21	299	2	457.9258	1	5	0	-1	0	0.5745	-1.0000
21	300	2	459.4590	15	11	0	-1	0	0.5745	-1.0000
21	301	2	460.9923	1	5	0	-1	0	0.5745	-1.0000
21	302	2	462.5255	14	2	0	-1	0	0.5745	-1.0000
21	303	2	464.0588	1	5	0	-1	0	0.5745	-1.0000
21	304	2	465.5920	15	11	0	-1	0	0.5745	-1.0000
21	305	2	467.1253	2	7	0	-1	0	0.5745	-1.0000
21	306	2	468.6585	1	5	0	-1	0	0.5745	-1.0000
21	307	2	470.1918	3	14	0	-1	0	0.5745	-1.0000
21	308	2	471.7250	1	5	0	-1	0	0.5745	-1.0000
21	309	2	473.2583	14	2	0	-1	0	0.5745	-1.0000
21	310	2	474.7915	15	11	0	-1	0	0.5745	-1.0000
21	311	2	476.3248	2	7	0	-1	0	0.5745	-1.0000
21	312	2	477.8580	3	14	0	-1	0	0.5745	-1.0000
21	313	2	479.3913	4	13	0	-1	1	0.5833	0.7625
21	314	2	480.9245	6	8	0	-1	0	0.5833	-1.0000
21	315	2	482.4578	7	4	0	-1	0	0.5833	-1.0000
21	316	2	483.9910	8	15	0	-1	0	0.5833	-1.0000
21	317	2	485.5243	9	9	0	-1	0	0.5833	-1.0000
21	318	2	487.0575	10	3	0	-1	1	0.5714	0.5363
21	319	2	488.5908	11	12	0	-1	0	0.5714	-1.0000
21	320	2	490.1241	12	1	0	-1	0	0.5714	-1.0000
21	321	2	491.6573	13	10	0	-1	0	0.5714	-1.0000
21	322	2	493.1906	14	2	0	-1	0	0.5714	-1.0000
21	323	2	494.7238	15	11	0	-1	0	0.5714	-1.0000
21	324	2	496.2571	1	5	0	-1	0	0.5714	-1.0000
21	325	2	497.7903	2	7	0	-1	0	0.5714	-1.0000
21	326	2	499.3235	3	14	0	-1	0	0.5714	-1.0000
21	327	2	500.8568	4	13	0	-1	1	0.5800	0.4808
21	328	2	502.3901	5	6	0	-1	0	0.5800	-1.0000
21	329	2	503.9233	6	8	0	-1	0	0.5800	-1.0000
21	330	2	505.4566	7	4	0	-1	0	0.5800	-1.0000
21	331	2	506.9898	5	6	0	-1	0	0.5800	-1.0000
21	332	2	508.5231	8	15	0	-1	0	0.5800	-1.0000
21	333	2	510.0563	7	4	0	-1	0	0.5800	-1.0000
21	334	2	511.5896	5	6	0	-1	0	0.5800	-1.0000
21	335	2	513.1228	4	13	0	-1	0	0.5800	-1.0000
21	336	2	514.6561	3	14	0	-1	1	0.5882	1.0335
21	337	2	516.1893	2	7	0	-1	0	0.5882	-1.0000
21	338	2	517.7226	14	2	0	-1	0	0.5882	-1.0000
21	339	2	519.2558	2	7	0	-1	0	0.5882	-1.0000
21	340	2	520.7891	1	5	0	-1	0	0.5882	-1.0000
21	341	2	522.3224	14	2	0	-1	0	0.5882	-1.0000
21	342	2	523.8556	15	11	0	-1	0	0.5882	-1.0000
21	343	2	525.3888	3	14	0	-1	0	0.5882	-1.0000
21	344	2	526.9221	15	11	0	-1	0	0.5882	-1.0000
21	345	2	528.4553	1	5	0	-1	0	0.5882	-1.0000
21	346	2	529.9886	15	11	0	-1	0	0.5882	-1.0000
21	347	2	531.5218	14	2	0	-1	0	0.5882	-1.0000
21	348	2	533.0551	13	10	0	-1	1	0.5962	0.7467
21	349	2	534.5883	12	1	0	-1	0	0.5962	-1.0000
21	350	2	536.1216	11	12	0	-1	0	0.5962	-1.0000
21	351	2	537.6548	10	3	0	-1	1	0.5849	0.8507
21	352	2	539.1881	9	9	0	-1	0	0.5849	-1.0000
21	353	2	540.7214	8	15	0	-1	0	0.5849	-1.0000
21	354	2	542.2546	7	4	0	-1	0	0.5849	-1.0000
21	355	2	543.7879	6	8	0	-1	0	0.5849	-1.0000
21	356	2	545.3211	5	6	0	-1	0	0.5849	-1.0000
21	357	2	546.8544	4	13	0	-1	0	0.5849	-1.0000
21	358	2	548.3876	3	14	0	-1	0	0.5849	-1.0000
21	359	2	549.9209	2	7	0	-1	1	0.5741	0.2488
21	360	2	551.4541	1	5	0	-1	0	0.5741	-1.0000
21	361	2	552.9874	14	2	0	-1	0	0.5741	-1.0000
21	362	2	554.5206	15	11	0	-1	0	0.5741	-1.0000
21	363	2	556.0539	1	5	0	-1	0	0.5741	-1.0000
21	364	2	557.5871	2	7	0	-1	0	0.5741	-1.0000
21	365	2	559.1204	14	2	0	-1	0	0.5741	-1.0000
21	366	2	560.6536	15	11	0	-1	0	0.5741	-1.0000
21	367	2	562.1869	14	2	0	-1	0	0.5741	-1.0000
21	368	2	563.7201	2	7	0	-1	0	0.5741	-1.0000
21	369	2	565.2534	3	14	0	-1	0	0.5741	-1.0000
21	370	2	566.7866	1	5	0	-1	0	0.5741	-1.0000
21	371	2	568.3199	2	7	0	-1	0	0.5741	-1.0000
21	372	2	569.8531	1	5	0	-1	0	0.5741	-1.0000
21	373	2	571.3864	15	11	0	-1	0	0.5741	-1.0000
21	374	2	572.9197	2	7	0	-1	0	0.5741	-1.0000
21	375	2	574.4529	1	5	0	-1	0	0.5741	-1.0000
21	376	2	575.9862	2	7	0	-1	0	0.5741	-1.0000
21	377	2	577.5194	3	14	0	-1	0	0.5741	-1.0000
21	378	2	579.0527	4	13	0	-1	1	0.5818	0.4930
21	379	2	580.5859	5	6	0	-1	0	0.5818	-1.0000
21	380	2	582.1192	6	8	0	-1	0	0.5818	-1.0000
21	381	2	583.6524	7	4	0	-1	0	0.5818	-1.0000
21	382	2	585.1857	8	15	0	-1	0	0.5818	-1.0000
21	383	2	586.7189	9	9	0	-1	0	0.5818	-1.0000
21	384	2	588.2522	10	3	0	-1	1	0.5714	0.3651
21	385	2	589.7854	11	12	0	-1	0	0.5714	-1.0000
21	386	2	591.3187	12	1	0	-1	0	0.5714	-1.0000
21	387	2	592.8519	13	10	0	-1	0	0.5714	-1.0000
21	388	2	594.3852	14	2	0	-1	0	0.5714	-1.0000
21	389	2	595.9184	15	11	0	-1	1	0.5614	1.0185
21	390	2	597.4517	1	5	0	-1	0	0.5614	-1.0000
21	391	2	598.9850	14	2	0	-1	0	0.5614	-1.0000
21	392	2	600.5182	15	11	0	-1	0	0.5614	-1.0000
21	393	2	602.0514	14	2	0	-1	0	0.5614	-1.0000
21	394	2	603.5847	13	10	0	-1	0	0.5614	-1.0000
21	395	2	605.1179	14	2	0	-1	0	0.5614	-1.0000
21	396	2	606.6512	15	11	0	-1	0	0.5614	-1.0000
21	397	2	608.1845	2	7	0	-1	0	0.5614	-1.0000
21	398	2	609.7177	15	11	0	-1	0	0.5614	-1.0000
21	399	2	611.2509	3	14	0	-1	0	0.5614	-1.0000
21	400	2	612.7842	1	5	0	-1	0	0.5614	-1.0000
21	401	2	614.3175	3	14	0	-1	0	0.5614	-1.0000
21	402	2	615.8507	15	11	0	-1	0	0.5614	-1.0000
21	403	2	617.3840	1	5	0	-1	0	0.5614	-1.0000
21	404	2	618.9172	2	7	0	-1	0	0.5614	-1.0000
21	405	2	620.4505	15	11	0	-1	0	0.5614	-1.0000
21	406	2	621.9837	14	2	0	-1	0	0.5614	-1.0000
21	407	2	623.5170	13	10	0	-1	0	0.5614	-1.0000
21	408	2	625.0502	12	1	0	-1	1	0.5517	0.6554
21	409	2	626.5835	11	12	0	-1	0	0.5517	-1.0000
21	410	2	628.1167	10	3	0	-1	0	0.5517	-1.0000
21	411	2	629.6500	9	9	0	-1	0	0.5517	-1.0000
21	412	2	631.1832	8	15	0	-1	1	0.5593	0.5865
21	413	2	632.7165	7	4	0	-1	0	0.5593	-1.0000
21	414	2	634.2497	6	8	0	-1	0	0.5593	-1.0000
21	415	2	635.7830	5	6	0	-1	0	0.5593	-1.0000
21	416	2	637.3162	4	13	0	-1	0	0.5593	-1.0000
21	417	2	638.8495	3	14	0	-1	0	0.5593	-1.0000
21	418	2	640.3827	2	7	0	-1	1	0.5500	0.5547
21	419	2	641.9160	1	5	0	-1	0	0.5500	-1.0000
21	420	2	643.4492	15	11	0	-1	0	0.5500	-1.0000
21	421	2	644.9825	14	2	0	-1	0	0.5500	-1.0000
21	422	2	646.5157	13	10	0	-1	0	0.5500	-1.0000
21	423	2	648.0490	11	12	0	-1	1	0.5410	0.3764
21	424	2	649.5822	12	1	0	-1	0	0.5410	-1.0000
21	425	2	651.1155	10	3	0	-1	0	0.5410	-1.0000
21	426	2	652.6488	12	1	0	-1	0	0.5410	-1.0000
21	427	2	654.1820	9	9	0	-1	0	0.5410	-1.0000
21	428	2	655.7153	12	1	0	-1	0	0.5410	-1.0000
21	429	2	657.2485	13	10	0	-1	0	0.5410	-1.0000
21	430	2	658.7818	14	2	0	-1	1	0.5484	0.5078
21	431	2	660.3150	15	11	0	-1	0	0.5484	-1.0000
21	432	2	661.8483	3	14	0	-1	0	0.5484	-1.0000
21	433	2	663.3815	4	13	0	-1	1	0.5556	1.0273
21	434	2	664.9148	3	14	0	-1	0	0.5556	-1.0000
21	435	2	666.4480	2	7	0	-1	1	0.5469	0.6165
21	436	2	667.9813	1	5	0	-1	0	0.5469	-1.0000
21	437	2	669.5145	15	11	0	-1	0	0.5469	-1.0000
21	438	2	671.0478	14	2	0	-1	0	0.5469	-1.0000
21	439	2	672.5810	13	10	0	-1	0	0.5469	-1.0000
21	440	2	674.1143	12	1	0	-1	1	0.5385	0.4234
21	441	2	675.6475	11	12	0	-1	0	0.5385	-1.0000
21	442	2	677.1808	10	3	0	-1	0	0.5385	-1.0000
21	443	2	678.7140	9	9	0	-1	0	0.5385	-1.0000
21	444	2	680.2473	8	15	0	-1	1	0.5455	0.4822
21	445	2	681.7806	7	4	0	-1	0	0.5455	-1.0000
21	446	2	683.3138	6	8	0	-1	0	0.5455	-1.0000
21	447	2	684.8470	5	6	0	-1	0	0.5455	-1.0000
21	448	2	686.3803	4	13	0	-1	0	0.5455	-1.0000
21	449	2	687.9136	3	14	0	-1	0	0.5455	-1.0000
21	450	2	689.4468	2	7	0	-1	1	0.5373	0.5305
21	451	2	690.9801	3	14	0	-1	0	0.5373	-1.0000
21	452	2	692.5133	4	13	0	-1	0	0.5373	-1.0000
21	453	2	694.0466	7	4	0	-1	0	0.5373	-1.0000
21	454	2	695.5798	5	6	0	-1	0	0.5373	-1.0000
21	455	2	697.1131	6	8	0	-1	0	0.5373	-1.0000
21	456	2	698.6463	7	4	0	-1	0	0.5373	-1.0000
21	457	2	700.1796	5	6	0	-1	0	0.5373	-1.0000
21	458	2	701.7128	4	13	0	-1	0	0.5373	-1.0000
21	459	2	703.2461	7	4	0	-1	1	0.5294	0.5714
21	460	2	704.7793	8	15	0	-1	0	0.5294	-1.0000
21	461	2	706.3126	7	4	0	-1	0	0.5294	-1.0000
21	462	2	707.8458	6	8	0	-1	0	0.5294	-1.0000
21	463	2	709.3791	7	4	0	-1	0	0.5294	-1.0000
21	464	2	710.9123	8	15	0	-1	0	0.5294	-1.0000
21	465	2	712.4456	9	9	0	-1	0	0.5294	-1.0000
21	466	2	713.9788	10	3	0	-1	0	0.5294	-1.0000
21	467	2	715.5121	11	12	0	-1	1	0.5217	0.7535
21	468	2	717.0453	12	1	0	-1	0	0.5217	-1.0000
21	469	2	718.5786	13	10	0	-1	0	0.5217	-1.0000
21	470	2	720.1118	14	2	0	-1	1	0.5286	0.5536
21	471	2	721.6451	15	11	0	-1	0	0.5286	-1.0000
21	472	2	723.1783	1	5	0	-1	0	0.5286	-1.0000
21	473	2	724.7116	2	7	0	-1	0	0.5286	-1.0000
21	474	2	726.2449	3	14	0	-1	0	0.5286	-1.0000
21	475	2	727.7781	4	13	0	-1	0	0.5286	-1.0000
21	476	2	729.3114	5	6	0	-1	0	0.5286	-1.0000
21	477	2	730.8446	6	8	0	-1	0	0.5286	-1.0000
21	478	2	732.3779	7	4	0	-1	1	0.5211	1.0401
21	479	2	733.9111	8	15	0	-1	0	0.5211	-1.0000
21	480	2	735.4444	9	9	0	-1	0	0.5211	-1.0000
21	481	2	736.9776	8	15	0	-1	0	0.5211	-1.0000
21	482	2	738.5109	7	4	0	-1	0	0.5211	-1.0000
21	483	2	740.0441	4	13	0	-1	0	0.5211	-1.0000
21	484	2	741.5774	5	6	0	-1	0	0.5211	-1.0000
21	485	2	743.1106	4	13	0	-1	0	0.5211	-1.0000
21	486	2	744.6439	7	4	0	-1	0	0.5211	-1.0000
21	487	2	746.1771	5	6	0	-1	0	0.5211	-1.0000
21	488	2	747.7104	7	4	0	-1	0	0.5211	-1.0000
21	489	2	749.2436	6	8	0	-1	0	0.5211	-1.0000
21	490	2	750.7769	7	4	0	-1	0	0.5211	-1.0000
21	491	2	752.3101	5	6	0	-1	0	0.5211	-1.0000
21	492	2	753.8434	6	8	0	-1	0	0.5211	-1.0000
21	493	2	755.3766	7	4	0	-1	0	0.5211	-1.0000
21	494	2	756.9099	6	8	0	-1	0	0.5211	-1.0000
21	495	2	758.4431	5	6	0	-1	0	0.5211	-1.0000
21	496	2	759.9764	6	8	0	-1	0	0.5211	-1.0000
21	497	2	761.5096	7	4	0	-1	0	0.5211	-1.0000
21	498	2	763.0429	8	15	0	-1	0	0.5211	-1.0000
21	499	2	764.5762	9	9	0	-1	0	0.5211	-1.0000
21	500	2	766.1094	10	3	0	-1	1	0.5139	0.4281
21	501	2	767.6427	11	12	0	-1	0	0.5139	-1.0000
21	502	2	769.1759	12	1	0	-1	0	0.5139	-1.0000
21	503	2	770.7092	13	10	0	-1	0	0.5139	-1.0000
21	504	2	772.2424	14	2	0	-1	1	0.5205	0.5193
21	505	2	773.7757	15	11	0	-1	0	0.5205	-1.0000
21	506	2	775.3089	1	5	0	-1	0	0.5205	-1.0000
21	507	2	776.8422	2	7	0	-1	0	0.5205	-1.0000
21	508	2	778.3754	3	14	0	-1	0	0.5205	-1.0000
21	509	2	779.9087	4	13	0	-1	0	0.5205	-1.0000
21	510	2	781.4419	5	6	0	-1	0	0.5205	-1.0000
21	511	2	782.9752	8	15	0	-1	0	0.5205	-1.0000
21	512	2	784.5084	5	6	0	-1	1	0.5135	0.6366
21	513	2	786.0417	7	4	0	-1	0	0.5135	-1.0000
21	514	2	787.5749	4	13	0	-1	0	0.5135	-1.0000
21	515	2	789.1082	6	8	0	-1	0	0.5135	-1.0000
21	516	2	790.6414	7	4	0	-1	0	0.5135	-1.0000
21	517	2	792.1747	4	13	0	-1	0	0.5135	-1.0000
21	518	2	793.7079	3	14	0	-1	0	0.5135	-1.0000
21	519	2	795.2412	2	7	0	-1	0	0.5135	-1.0000
21	520	2	796.7744	1	5	0	-1	1	0.5067	0.1628
21	521	2	798.3077	14	2	0	-1	0	0.5067	-1.0000
21	522	2	799.8410	1	5	0	-1	0	0.5067	-1.0000
21	523	2	801.3742	2	7	0	-1	0	0.5067	-1.0000
21	524	2	802.9075	3	14	0	-1	0	0.5067	-1.0000
21	525	2	804.4407	2	7	0	-1	0	0.5067	-1.0000
21	526	2	805.9740	1	5	0	-1	0	0.5067	-1.0000
21	527	2	807.5072	15	11	0	-1	0	0.5067	-1.0000
21	528	2	809.0405	14	2	0	-1	0	0.5067	-1.0000
21	529	2	810.5737	13	10	0	-1	1	0.5132	0.6346
21	530	2	812.1070	12	1	0	-1	0	0.5132	-1.0000
21	531	2	813.6402	11	12	0	-1	0	0.5132	-1.0000
21	532	2	815.1735	10	3	0	-1	0	0.5132	-1.0000
21	533	2	816.7067	9	9	0	-1	0	0.5132	-1.0000
21	534	2	818.2400	8	15	0	-1	1	0.5195	0.5533
21	535	2	819.7732	7	4	0	-1	0	0.5195	-1.0000
21	536	2	821.3065	6	8	0	-1	0	0.5195	-1.0000
21	537	2	822.8397	5	6	0	-1	0	0.5195	-1.0000
21	538	2	824.3730	4	13	0	-1	0	0.5195	-1.0000
21	539	2	825.9062	3	14	0	-1	0	0.5195	-1.0000
21	540	2	827.4395	2	7	0	-1	0	0.5195	-1.0000
21	541	2	828.9727	14	2	0	-1	1	0.5128	1.0846
21	542	2	830.5060	13	10	0	-1	0	0.5128	-1.0000
21	543	2	832.0393	11	12	0	-1	1	0.5063	1.4901
21	544	2	833.5725	10	3	0	-1	1	0.5000	0.0167
21	545	2	835.1057	13	10	0	-1	0	0.5000	-1.0000
21	546	2	836.6390	11	12	0	-1	0	0.5000	-1.0000
21	547	2	838.1723	10	3	0	-1	0	0.5000	-1.0000
21	548	2	839.7055	9	9	0	-1	0	0.5000	-1.0000
21	549	2	841.2387	11	12	0	-1	0	0.5000	-1.0000
21	550	2	842.7720	10	3	0	-1	0	0.5000	-1.0000
21	551	2	844.3053	9	9	0	-1	0	0.5000	-1.0000
21	552	2	845.8385	11	12	0	-1	0	0.5000	-1.0000
21	553	2	847.3718	13	10	0	-1	0	0.5000	-1.0000
21	554	2	848.9050	14	2	0	-1	1	0.5062	1.1843
21	555	2	850.4383	2	7	0	-1	0	0.5062	-1.0000
21	556	2	851.9715	3	14	0	-1	0	0.5062	-1.0000
21	557	2	853.5048	4	13	0	-1	1	0.5122	0.9199
21	558	2	855.0381	5	6	0	-1	0	0.5122	-1.0000
21	559	2	856.5713	6	8	0	-1	0	0.5122	-1.0000
21	560	2	858.1045	7	4	0	-1	0	0.5122	-1.0000
21	561	2	859.6378	8	15	0	-1	0	0.5122	-1.0000
21	562	2	861.1710	9	9	0	-1	0	0.5122	-1.0000
21	563	2	862.7043	10	3	0	-1	1	0.5060	0.5851
21	564	2	864.2375	11	12	0	-1	0	0.5060	-1.0000
21	565	2	865.7708	12	1	0	-1	0	0.5060	-1.0000
21	566	2	867.3040	13	10	0	-1	0	0.5060	-1.0000
21	567	2	868.8373	14	2	0	-1	0	0.5060	-1.0000
21	568	2	870.3706	15	11	0	-1	1	0.5000	1.1110
21	569	2	871.9038	1	5	0	-1	0	0.5000	-1.0000
21	570	2	873.4370	2	7	0	-1	0	0.5000	-1.0000
21	571	2	874.9703	15	11	0	-1	0	0.5000	-1.0000
21	572	2	876.5035	1	5	0	-1	0	0.5000	-1.0000
21	573	2	878.0368	15	11	0	-1	0	0.5000	-1.0000
21	574	2	879.5701	3	14	0	-1	0	0.5000	-1.0000
21	575	2	881.1033	15	11	0	-1	1	0.4941	0.6500
21	576	2	882.6366	1	5	0	-1	0	0.4941	-1.0000
21	577	2	884.1698	14	2	0	-1	0	0.4941	-1.0000
21	578	2	885.7031	13	10	0	-1	0	0.4941	-1.0000
21	579	2	887.2363	11	12	0	-1	1	0.4884	0.6611
21	580	2	888.7696	10	3	0	-1	0	0.4884	-1.0000
21	581	2	890.3028	12	1	0	-1	0	0.4884	-1.0000
21	582	2	891.8361	13	10	0	-1	0	0.4884	-1.0000
21	583	2	893.3693	14	2	0	-1	0	0.4884	-1.0000
21	584	2	894.9026	1	5	0	-1	1	0.4828	0.2594
21	585	2	896.4358	3	14	0	-1	0	0.4828	-1.0000
21	586	2	897.9691	2	7	0	-1	0	0.4828	-1.0000
21	587	2	899.5023	1	5	0	-1	0	0.4828	-1.0000
21	588	2	901.0356	15	11	0	-1	0	0.4828	-1.0000
21	589	2	902.5688	14	2	0	-1	0	0.4828	-1.0000
21	590	2	904.1021	13	10	0	-1	0	0.4828	-1.0000
21	591	2	905.6353	12	1	0	-1	0	0.4828	-1.0000
21	592	2	907.1686	11	12	0	-1	1	0.4773	1.0968
21	593	2	908.7019	10	3	0	-1	0	0.4773	-1.0000
21	594	2	910.2351	9	9	0	-1	0	0.4773	-1.0000
21	595	2	911.7683	8	15	0	-1	1	0.4831	0.5608
21	596	2	913.3016	7	4	0	-1	0	0.4831	-1.0000
21	597	2	914.8348	6	8	0	-1	0	0.4831	-1.0000
21	598	2	916.3681	5	6	0	-1	0	0.4831	-1.0000
21	599	2	917.9014	4	13	0	-1	0	0.4831	-1.0000
21	600	2	919.4346	3	14	0	-1	0	0.4831	-1.0000
Actual parsing ratio
0.4831
Possible node parses
87.0000
 Node parses selected
0.4943
Possible other parses
513.0000
Other parses selected
0.0897
Chance parsing ratio
0.1450
