*********************************************
* Date/Time: 13-Feb-2020 15:47:40
* Seed: 211063.9
* Subject Number: 049
3	6	11	12	9	15	13	10	14	1	5	8	4	2	7	
*********************************************

Shape exposure time (seconds)
81.9953
subject	trial	phase	onset	node	shape	rotate	acc	resp	total	rt
49	1	1	1.0167	15	7	0	-1	0	0.0000	-1.0000
49	2	1	2.8166	1	3	0	-1	0	0.0000	-1.0000
49	3	1	4.8332	14	2	0	-1	0	0.0000	-1.0000
49	4	1	6.8831	15	7	0	1	1	0.2500	0.4578
49	5	1	8.4330	3	11	0	-1	0	0.2000	-1.0000
49	6	1	10.4996	4	12	0	-1	0	0.1667	-1.0000
49	7	1	12.5495	6	15	0	-1	0	0.1429	-1.0000
49	8	1	14.5993	4	12	0	-1	0	0.1250	-1.0000
49	9	1	16.6326	3	11	0	-1	0	0.1111	-1.0000
49	10	1	18.6825	1	3	0	1	1	0.2000	0.0510
49	11	1	20.2324	2	6	0	-1	0	0.1818	-1.0000
49	12	1	22.2989	3	11	0	1	1	0.2500	1.0418
49	13	1	23.8488	15	7	0	-1	0	0.2308	-1.0000
49	14	1	25.9154	14	2	0	-1	0	0.2143	-1.0000
49	15	1	27.9653	1	3	90	1	1	0.2667	1.4547
49	16	1	29.5986	15	7	90	-1	0	0.2500	-1.0000
49	17	1	31.6818	3	11	0	-1	0	0.2353	-1.0000
49	18	1	33.7317	4	12	90	0	1	0.2222	0.0418
49	19	1	35.2816	3	11	0	-1	0	0.2105	-1.0000
49	20	1	37.3482	15	7	0	-1	0	0.2000	-1.0000
49	21	1	39.3814	3	11	90	-1	0	0.1905	-1.0000
49	22	1	41.4313	1	3	0	1	1	0.2273	1.4931
49	23	1	43.0645	15	7	0	-1	0	0.2174	-1.0000
49	24	1	45.1478	14	2	0	1	1	0.2500	0.2729
49	25	1	46.6977	1	3	0	1	1	0.2800	1.2033
49	26	1	48.2476	15	7	0	1	1	0.3077	1.4295
49	27	1	49.7975	2	6	0	-1	0	0.2963	-1.0000
49	28	1	51.8308	14	2	0	-1	0	0.2857	-1.0000
49	29	1	53.8806	1	3	90	-1	0	0.2759	-1.0000
49	30	1	55.9305	14	2	0	1	1	0.3000	1.0905
49	31	1	57.4805	13	4	0	1	1	0.3226	1.3168
49	32	1	59.0304	14	2	0	-1	0	0.3125	-1.0000
49	33	1	61.1303	15	7	90	-1	0	0.3030	-1.0000
49	34	1	63.1635	2	6	90	0	1	0.2941	1.1855
49	35	1	64.9467	1	3	0	-1	0	0.2857	-1.0000
49	36	1	66.9800	14	2	0	-1	0	0.2778	-1.0000
49	37	1	69.0132	13	4	0	1	1	0.2973	1.0158
49	38	1	70.5631	12	8	0	1	1	0.3158	1.4325
49	39	1	72.1297	10	1	0	-1	0	0.3077	-1.0000
49	40	1	74.2129	11	5	90	-1	0	0.3000	-1.0000
49	41	1	76.2628	10	1	0	1	1	0.3171	1.3968
49	42	1	77.8127	13	4	0	-1	0	0.3095	-1.0000
49	43	1	79.8793	12	8	0	-1	0	0.3023	-1.0000
49	44	1	81.9292	9	14	90	0	1	0.2955	0.0170
49	45	1	83.4791	10	1	90	1	1	0.3111	1.0445
49	46	1	85.0290	11	5	90	-1	0	0.3043	-1.0000
49	47	1	87.2289	10	1	0	-1	0	0.2979	-1.0000
49	48	1	89.2622	9	14	0	-1	0	0.2917	-1.0000
49	49	1	91.3121	12	8	0	1	1	0.3061	1.4850
49	50	1	92.9453	9	14	90	-1	0	0.3000	-1.0000
49	51	1	95.0285	10	1	90	-1	0	0.2941	-1.0000
49	52	1	97.0618	11	5	0	-1	0	0.2885	-1.0000
49	53	1	99.1116	13	4	0	1	1	0.3019	1.1572
49	54	1	100.6616	14	2	0	-1	0	0.2963	-1.0000
49	55	1	102.7281	15	7	0	-1	0	0.2909	-1.0000
49	56	1	104.7780	2	6	0	-1	0	0.2857	-1.0000
49	57	1	106.8112	14	2	0	-1	0	0.2807	-1.0000
49	58	1	108.8611	1	3	0	-1	0	0.2759	-1.0000
49	59	1	110.9110	2	6	90	-1	0	0.2712	-1.0000
49	60	1	112.9443	3	11	0	0	1	0.2667	0.0434
49	61	1	114.4942	4	12	0	-1	0	0.2623	-1.0000
49	62	1	116.5774	7	13	90	1	1	0.2742	1.3558
49	63	1	118.1273	4	12	90	-1	0	0.2698	-1.0000
49	64	1	120.2105	5	9	0	-1	0	0.2656	-1.0000
49	65	1	122.2438	4	12	0	-1	0	0.2615	-1.0000
49	66	1	124.2770	7	13	0	1	1	0.2727	1.4306
49	67	1	125.8436	5	9	90	-1	0	0.2687	-1.0000
49	68	1	127.8935	4	12	0	-1	0	0.2647	-1.0000
49	69	1	129.9434	5	9	0	1	1	0.2754	1.1095
49	70	1	131.4933	8	10	0	-1	0	0.2714	-1.0000
49	71	1	133.5599	5	9	0	1	1	0.2817	1.3158
49	72	1	135.1098	8	10	0	0	1	0.2778	1.4628
49	73	1	137.1097	9	14	0	-1	0	0.2740	-1.0000
49	74	1	139.1429	12	8	0	-1	0	0.2703	-1.0000
49	75	1	141.1761	9	14	90	-1	0	0.2667	-1.0000
49	76	1	143.2261	12	8	90	-1	0	0.2632	-1.0000
49	77	1	145.2759	13	4	0	1	1	0.2727	1.2318
49	78	1	146.8258	11	5	0	1	1	0.2821	1.3311
49	79	1	148.3758	10	1	0	0	1	0.2785	1.3011
49	80	1	150.2090	13	4	0	1	1	0.2875	1.3247
49	81	1	151.7589	11	5	0	1	1	0.2963	1.0381
49	82	1	153.3088	12	8	90	-1	0	0.2927	-1.0000
49	83	1	155.3921	11	5	0	-1	0	0.2892	-1.0000
49	84	1	157.4420	9	14	90	-1	0	0.2857	-1.0000
49	85	1	159.4919	11	5	0	1	1	0.2941	0.8891
49	86	1	161.0418	13	4	0	1	1	0.3023	0.8752
49	87	1	162.5917	10	1	0	-1	0	0.2989	-1.0000
49	88	1	164.6749	12	8	0	1	1	0.3068	1.4178
49	89	1	166.2415	11	5	0	1	1	0.3146	1.0515
49	90	1	167.7914	9	14	0	1	1	0.3222	1.2122
49	91	1	169.3414	11	5	0	1	1	0.3297	1.1665
49	92	1	170.8913	13	4	0	1	1	0.3370	1.1381
49	93	1	172.4412	10	1	0	-1	0	0.3333	-1.0000
49	94	1	174.5244	13	4	0	1	1	0.3404	0.9445
49	95	1	176.0744	10	1	0	0	1	0.3368	1.2348
49	96	1	177.8909	12	8	90	-1	0	0.3333	-1.0000
49	97	1	179.9075	13	4	0	1	1	0.3402	0.0581
49	98	1	181.4574	12	8	0	-1	0	0.3367	-1.0000
49	99	1	183.6239	10	1	90	-1	0	0.3333	-1.0000
49	100	1	185.6738	12	8	0	1	1	0.3400	1.1871
49	101	1	187.2238	9	14	0	1	1	0.3465	1.3010
49	102	1	188.7737	10	1	0	-1	0	0.3431	-1.0000
49	103	1	190.7736	13	4	0	1	1	0.3495	0.9991
49	104	1	192.3235	11	5	0	1	1	0.3558	0.7297
49	105	1	193.8734	10	1	0	1	1	0.3619	1.3396
49	106	1	195.4233	13	4	0	1	1	0.3679	0.9095
49	107	1	196.9733	10	1	90	1	1	0.3738	1.0236
49	108	1	198.5232	13	4	0	1	1	0.3796	0.7537
49	109	1	200.0731	11	5	0	1	1	0.3853	0.6906
49	110	1	201.6230	13	4	0	1	1	0.3909	0.9181
49	111	1	203.1729	12	8	0	1	1	0.3964	1.4642
49	112	1	204.8229	10	1	90	1	1	0.4018	1.1568
49	113	1	206.3728	13	4	0	1	1	0.4071	0.9843
49	114	1	207.9227	11	5	0	1	1	0.4123	0.8263
49	115	1	209.4726	10	1	0	0	1	0.4087	1.1003
49	116	1	211.1392	9	14	0	1	1	0.4138	0.8737
49	117	1	212.6891	11	5	0	1	1	0.4188	0.7799
49	118	1	214.2390	10	1	0	0	1	0.4153	0.9887
49	119	1	215.7890	9	14	90	0	1	0.4118	0.9925
49	120	1	217.3555	10	1	0	-1	0	0.4083	-1.0000
49	121	1	219.3888	12	8	0	-1	0	0.4050	-1.0000
49	122	1	221.4387	13	4	90	0	1	0.4016	0.6539
49	123	1	222.9886	11	5	0	1	1	0.4065	0.9765
49	124	1	224.5385	12	8	0	0	1	0.4032	1.4425
49	125	1	226.5551	13	4	0	1	1	0.4080	1.4259
49	126	1	228.1717	12	8	0	1	1	0.4127	1.4894
49	127	1	229.8382	9	14	0	0	1	0.4094	1.4867
49	128	1	231.8548	10	1	0	0	1	0.4063	1.3101
49	129	1	233.7047	9	14	0	1	1	0.4109	1.3165
49	130	1	235.2546	10	1	0	1	1	0.4154	1.4783
49	131	1	236.8712	9	14	0	1	1	0.4198	1.2057
49	132	1	238.4211	12	8	0	1	1	0.4242	1.1745
49	133	1	239.9710	13	4	0	1	1	0.4286	1.0978
49	134	1	241.5209	10	1	0	1	1	0.4328	1.1480
49	135	1	243.0709	13	4	0	1	1	0.4370	1.0048
49	136	1	244.6208	12	8	90	-1	0	0.4338	-1.0000
49	137	1	246.6874	11	5	0	1	1	0.4380	1.1179
49	138	1	248.2373	10	1	0	1	1	0.4420	1.2479
49	139	1	249.7872	12	8	90	1	1	0.4460	1.2005
49	140	1	251.3371	10	1	90	0	1	0.4429	1.4118
49	141	1	253.3037	11	5	0	1	1	0.4468	0.7094
49	142	1	254.8536	12	8	0	-1	0	0.4437	-1.0000
49	143	1	256.9035	11	5	0	1	1	0.4476	1.2377
49	144	1	258.4534	13	4	0	1	1	0.4514	0.6793
49	145	1	260.0033	14	2	0	1	1	0.4552	1.4016
49	146	1	261.5866	13	4	0	1	1	0.4589	1.4663
49	147	1	263.2198	11	5	0	1	1	0.4626	0.7454
49	148	1	264.7697	9	14	0	1	1	0.4662	1.4363
49	149	1	266.4030	10	1	90	1	1	0.4698	1.3700
49	150	1	267.9529	9	14	0	-1	0	0.4667	-1.0000
49	151	1	270.0695	12	8	0	-1	0	0.4636	-1.0000
49	152	1	272.1360	11	5	0	1	1	0.4671	0.8516
49	153	1	273.6860	9	14	0	1	1	0.4706	0.8710
49	154	1	275.2359	8	10	90	-1	0	0.4675	-1.0000
49	155	1	277.2525	7	13	0	1	1	0.4710	1.3192
49	156	1	278.8024	4	12	0	-1	0	0.4679	-1.0000
49	157	1	280.8689	3	11	0	-1	0	0.4650	-1.0000
49	158	1	282.9188	15	7	0	-1	0	0.4620	-1.0000
49	159	1	284.9687	3	11	0	1	1	0.4654	1.3952
49	160	1	286.5353	1	3	90	-1	0	0.4625	-1.0000
49	161	1	288.5852	15	7	0	-1	0	0.4596	-1.0000
49	162	1	290.6351	1	3	0	1	1	0.4630	0.9777
49	163	1	292.3683	15	7	0	-1	0	0.4601	-1.0000
49	164	1	294.4349	1	3	0	-1	0	0.4573	-1.0000
49	165	1	296.4848	15	7	90	0	1	0.4545	0.1511
49	166	1	298.0347	2	6	0	-1	0	0.4518	-1.0000
49	167	1	300.1013	14	2	0	1	1	0.4551	0.8077
49	168	1	301.6512	2	6	0	1	1	0.4583	1.3218
49	169	1	303.2011	1	3	0	1	1	0.4615	1.0359
49	170	1	304.7510	2	6	0	1	1	0.4647	1.1505
49	171	1	306.3010	1	3	90	1	1	0.4678	1.2481
49	172	1	307.8509	2	6	0	1	1	0.4709	1.2809
49	173	1	309.4008	15	7	0	1	1	0.4740	1.4109
49	174	1	310.9674	14	2	0	-1	0	0.4713	-1.0000
49	175	1	313.0173	2	6	0	1	1	0.4743	1.2024
49	176	1	314.5672	14	2	0	1	1	0.4773	1.1245
49	177	1	316.1171	2	6	0	0	1	0.4746	1.2079
49	178	1	317.8504	3	11	0	1	1	0.4775	1.2813
49	179	1	319.4003	2	6	0	1	1	0.4804	1.2526
49	180	1	320.9502	15	7	90	0	1	0.4778	1.1588
49	181	1	322.6834	1	3	0	1	1	0.4807	1.4242
49	182	1	324.2667	14	2	0	1	1	0.4835	0.9937
49	183	1	325.8166	1	3	0	0	1	0.4809	0.8511
49	184	1	327.3665	2	6	0	1	1	0.4837	1.0940
49	185	1	328.9164	1	3	90	0	1	0.4811	1.0953
49	186	1	330.5830	14	2	90	0	1	0.4785	1.2699
49	187	1	332.4329	2	6	0	-1	0	0.4759	-1.0000
49	188	1	334.4662	3	11	0	-1	0	0.4734	-1.0000
49	189	1	336.5160	4	12	0	1	1	0.4762	0.8246
49	190	1	338.0660	7	13	0	1	1	0.4789	1.4337
49	191	1	339.6659	5	9	0	1	1	0.4817	0.9070
49	192	1	341.2158	4	12	0	-1	0	0.4792	-1.0000
49	193	1	343.2990	6	15	0	1	1	0.4819	1.4819
49	194	1	344.9323	5	9	0	1	1	0.4845	1.0316
49	195	1	346.4822	4	12	0	1	1	0.4872	1.0815
49	196	1	348.0321	7	13	0	1	1	0.4898	1.0049
49	197	1	349.5820	5	9	0	1	1	0.4924	0.7497
49	198	1	351.1319	6	15	0	1	1	0.4949	1.2957
49	199	1	352.6819	8	10	0	0	1	0.4925	1.1551
49	200	1	354.3651	9	14	0	-1	0	0.4900	-1.0000
49	201	1	356.4317	10	1	0	-1	0	0.4876	-1.0000
49	202	1	358.5316	11	5	0	1	1	0.4901	0.7453
49	203	1	360.0815	12	8	0	1	1	0.4926	1.2436
49	204	1	361.6314	9	14	0	-1	0	0.4902	-1.0000
49	205	1	363.7313	8	10	0	-1	0	0.4878	-1.0000
49	206	1	365.7645	7	13	0	1	1	0.4903	1.3685
49	207	1	367.3144	8	10	0	1	1	0.4928	1.2895
49	208	1	368.8644	9	14	90	1	1	0.4952	1.1793
49	209	1	370.4143	12	8	0	1	1	0.4976	1.3748
49	210	1	371.9642	9	14	0	1	1	0.5000	1.1834
49	211	1	373.5141	12	8	90	-1	0	0.4976	-1.0000
49	212	1	375.5140	11	5	0	1	1	0.5000	0.6751
49	213	1	377.0639	12	8	0	1	1	0.5023	1.0292
49	214	1	378.6139	10	1	0	1	1	0.5047	1.1111
49	215	1	380.1638	12	8	0	1	1	0.5070	0.7453
49	216	1	381.7137	10	1	90	0	1	0.5046	1.4515
49	217	1	383.7136	13	4	90	1	1	0.5069	1.3073
49	218	1	385.2635	11	5	0	1	1	0.5092	1.4201
49	219	1	386.8301	12	8	0	1	1	0.5114	1.1497
49	220	1	388.3800	10	1	0	1	1	0.5136	1.2332
49	221	1	389.9299	13	4	0	1	1	0.5158	1.1712
49	222	1	391.4798	12	8	0	1	1	0.5180	0.9800
49	223	1	393.0298	11	5	0	1	1	0.5202	0.7271
49	224	1	394.5797	9	14	0	0	1	0.5179	0.8893
49	225	1	396.1296	12	8	0	1	1	0.5200	1.4838
49	226	1	397.7628	11	5	0	1	1	0.5221	0.7782
49	227	1	399.3128	13	4	0	1	1	0.5242	0.7000
49	228	1	400.8627	14	2	0	1	1	0.5263	1.1821
49	229	1	402.4126	15	7	0	-1	0	0.5240	-1.0000
49	230	1	404.4959	1	3	0	-1	0	0.5217	-1.0000
49	231	1	406.5458	14	2	0	-1	0	0.5195	-1.0000
49	232	1	408.5790	1	3	0	0	1	0.5172	1.2567
49	233	1	410.3622	14	2	0	-1	0	0.5150	-1.0000
49	234	1	412.3955	2	6	0	1	1	0.5171	0.9122
49	235	1	413.9454	3	11	0	1	1	0.5191	1.0918
49	236	1	415.4953	15	7	0	1	1	0.5212	1.3978
49	237	1	417.0452	1	3	0	1	1	0.5232	1.2238
49	238	1	418.5951	3	11	0	1	1	0.5252	1.0339
49	239	1	420.1451	2	6	0	1	1	0.5272	0.8919
49	240	1	421.6950	14	2	90	-1	0	0.5250	-1.0000
49	241	1	423.7282	13	4	0	1	1	0.5270	0.9089
49	242	1	425.2781	11	5	0	1	1	0.5289	0.6387
49	243	1	426.8281	9	14	0	1	1	0.5309	0.8331
49	244	1	428.3780	12	8	90	-1	0	0.5287	-1.0000
49	245	1	430.4112	10	1	90	-1	0	0.5265	-1.0000
49	246	1	432.4611	11	5	90	-1	0	0.5244	-1.0000
49	247	1	434.4943	13	4	90	1	1	0.5263	1.0231
49	248	1	436.0442	14	2	0	1	1	0.5282	1.1847
49	249	1	437.5941	2	6	0	1	1	0.5301	1.1717
49	250	1	439.1441	1	3	0	1	1	0.5320	1.0290
49	251	1	440.6940	3	11	0	1	1	0.5339	1.4790
49	252	1	442.2939	1	3	90	0	1	0.5317	0.8058
49	253	1	443.8438	14	2	90	0	1	0.5296	1.0490
49	254	1	445.4771	15	7	90	0	1	0.5276	1.3201
49	255	1	447.3270	14	2	0	-1	0	0.5255	-1.0000
49	256	1	449.3935	1	3	90	1	1	0.5273	1.2275
49	257	1	450.9435	2	6	0	1	1	0.5292	0.9897
49	258	1	452.4934	15	7	0	1	1	0.5310	1.3267
49	259	1	454.0433	2	6	0	1	1	0.5328	1.0094
49	260	1	455.5932	15	7	90	-1	0	0.5308	-1.0000
49	261	1	457.6265	14	2	90	1	1	0.5326	1.2013
49	262	1	459.1764	13	4	0	1	1	0.5344	1.4114
49	263	1	460.7263	10	1	90	-1	0	0.5323	-1.0000
49	264	1	462.7262	11	5	0	1	1	0.5341	0.7274
49	265	1	464.2761	10	1	0	1	1	0.5358	1.3516
49	266	1	465.8260	9	14	0	0	1	0.5338	1.2430
49	267	1	467.5759	8	10	0	-1	0	0.5318	-1.0000
49	268	1	469.6092	6	15	0	1	1	0.5336	1.1392
49	269	1	471.1591	7	13	0	-1	0	0.5316	-1.0000
49	270	1	473.2257	8	10	0	1	1	0.5333	0.9941
49	271	1	474.7756	9	14	0	1	1	0.5351	1.3490
49	272	1	476.3255	11	5	0	1	1	0.5368	0.7594
49	273	1	477.8754	12	8	0	1	1	0.5385	0.8584
49	274	1	479.4253	10	1	90	0	1	0.5365	1.4518
49	275	1	481.4086	13	4	0	1	1	0.5382	1.4848
49	276	1	483.0418	11	5	0	1	1	0.5399	0.8271
49	277	1	484.5917	10	1	0	1	1	0.5415	1.3252
49	278	1	486.1416	9	14	0	1	1	0.5432	0.9914
49	279	1	487.6916	11	5	0	1	1	0.5448	0.6882
49	280	1	489.2415	9	14	0	1	1	0.5464	0.8982
49	281	1	490.7914	12	8	0	1	1	0.5480	0.8683
49	282	1	492.3413	11	5	0	1	1	0.5496	0.6624
49	283	1	493.8912	13	4	0	1	1	0.5512	0.6338
49	284	1	495.4412	10	1	0	1	1	0.5528	1.1639
49	285	1	496.9911	13	4	0	1	1	0.5544	0.6846
49	286	1	498.5410	14	2	0	1	1	0.5559	0.8147
49	287	1	500.0909	2	6	0	1	1	0.5575	0.8180
49	288	1	501.6408	15	7	0	-1	0	0.5556	-1.0000
49	289	1	503.6907	1	3	0	0	1	0.5536	0.0170
49	290	1	505.2407	15	7	90	-1	0	0.5517	-1.0000
49	291	1	507.3239	14	2	90	0	1	0.5498	0.9279
49	292	1	508.8738	13	4	0	1	1	0.5514	0.9471
49	293	1	510.4237	14	2	0	1	1	0.5529	1.2214
49	294	1	511.9736	1	3	0	1	1	0.5544	0.9512
49	295	1	513.5235	14	2	90	1	1	0.5559	1.1762
49	296	1	515.0735	2	6	0	1	1	0.5574	1.0036
49	297	1	516.6234	14	2	0	-1	0	0.5556	-1.0000
49	298	1	518.6400	13	4	90	0	1	0.5537	0.7650
49	299	1	520.1899	14	2	0	1	1	0.5552	0.9739
49	300	1	521.7398	2	6	90	1	1	0.5567	1.4732
49	301	1	523.3564	15	7	0	-1	0	0.5548	-1.0000
49	302	1	525.4396	3	11	0	0	1	0.5530	1.3895
49	303	1	527.3895	1	3	0	1	1	0.5545	1.0862
49	304	1	528.9394	15	7	0	-1	0	0.5526	-1.0000
49	305	1	531.0060	2	6	0	1	1	0.5541	1.1343
49	306	1	532.5559	14	2	0	1	1	0.5556	1.1538
49	307	1	534.1059	2	6	90	0	1	0.5537	1.2670
49	308	1	535.9391	1	3	0	1	1	0.5552	0.9380
49	309	1	537.4890	2	6	0	1	1	0.5566	1.1799
49	310	1	539.0389	1	3	0	1	1	0.5581	0.8142
49	311	1	540.5888	15	7	0	1	1	0.5595	1.1201
49	312	1	542.1387	1	3	0	1	1	0.5609	0.7210
49	313	1	543.6887	15	7	0	1	1	0.5623	1.3161
49	314	1	545.2386	3	11	0	-1	0	0.5605	-1.0000
49	315	1	547.2552	2	6	0	1	1	0.5619	1.2379
49	316	1	548.8051	14	2	90	0	1	0.5601	1.1601
49	317	1	550.5217	13	4	0	1	1	0.5615	0.7700
49	318	1	552.0716	12	8	0	1	1	0.5629	0.9962
49	319	1	553.6215	11	5	90	1	1	0.5643	1.1596
49	320	1	555.1714	13	4	0	1	1	0.5656	0.7602
49	321	1	556.7213	12	8	90	1	1	0.5670	1.4039
49	322	1	558.2712	10	1	0	-1	0	0.5652	-1.0000
49	323	1	560.3545	12	8	0	1	1	0.5666	1.1944
49	324	1	561.9044	13	4	0	1	1	0.5679	1.0527
49	325	1	563.4543	11	5	0	1	1	0.5692	0.7174
49	326	1	565.0042	9	14	0	1	1	0.5706	0.8487
49	327	1	566.5542	8	10	0	1	1	0.5719	1.3780
49	328	1	568.1041	9	14	0	1	1	0.5732	0.9488
49	329	1	569.6540	12	8	0	1	1	0.5745	1.0311
49	330	1	571.2039	9	14	0	1	1	0.5758	0.8894
49	331	1	572.7539	10	1	0	0	1	0.5740	1.0193
49	332	1	574.3037	12	8	0	1	1	0.5753	1.2611
49	333	1	576.0537	10	1	0	-1	0	0.5736	-1.0000
49	334	1	578.0869	12	8	0	1	1	0.5749	1.3968
49	335	1	579.6368	10	1	0	-1	0	0.5731	-1.0000
49	336	1	581.7200	9	14	0	1	1	0.5744	0.9653
49	337	1	583.2700	12	8	0	1	1	0.5757	0.7592
49	338	1	584.8199	11	5	0	1	1	0.5769	0.6806
49	339	1	586.3698	9	14	0	1	1	0.5782	0.6353
49	340	1	587.9197	12	8	90	0	1	0.5765	1.0845
49	341	1	589.5363	11	5	0	1	1	0.5777	0.7794
49	342	1	591.0862	13	4	0	1	1	0.5789	0.7028
49	343	1	592.6361	12	8	0	1	1	0.5802	0.6410
49	344	1	594.1860	11	5	0	1	1	0.5814	0.7070
49	345	1	595.7360	12	8	0	1	1	0.5826	0.6130
49	346	1	597.2859	9	14	0	1	1	0.5838	0.6938
49	347	1	598.8358	10	1	90	1	1	0.5850	1.0172
49	348	1	600.3857	11	5	0	1	1	0.5862	0.7475
49	349	1	601.9356	9	14	0	1	1	0.5874	0.9573
49	350	1	603.4856	12	8	0	1	1	0.5886	1.0073
49	351	1	605.0355	11	5	0	1	1	0.5897	0.7682
49	352	1	606.5854	9	14	90	1	1	0.5909	1.0423
49	353	1	608.1353	12	8	0	1	1	0.5921	0.7584
49	354	1	609.6852	11	5	0	1	1	0.5932	0.6319
49	355	1	611.2352	9	14	0	1	1	0.5944	1.0339
49	356	1	612.7851	12	8	0	1	1	0.5955	0.6987
49	357	1	614.3350	13	4	90	1	1	0.5966	1.0222
49	358	1	615.8849	14	2	90	-1	0	0.5950	-1.0000
49	359	1	617.9348	13	4	0	1	1	0.5961	0.9730
49	360	1	619.4847	10	1	0	-1	0	0.5944	-1.0000
49	361	1	621.5513	9	14	0	1	1	0.5956	0.6845
49	362	1	623.1012	11	5	0	1	1	0.5967	0.5917
49	363	1	624.6511	12	8	0	1	1	0.5978	0.7220
49	364	1	626.2011	9	14	0	1	1	0.5989	0.9627
49	365	1	627.7510	8	10	0	1	1	0.6000	1.1261
49	366	1	629.3009	7	13	0	1	1	0.6011	1.4628
49	367	1	630.8842	4	12	0	1	1	0.6022	1.1436
49	368	1	632.4341	6	15	0	1	1	0.6033	1.3553
49	369	1	633.9840	8	10	90	0	1	0.6016	1.2613
49	370	1	635.7839	5	9	90	0	1	0.6000	0.9000
49	371	1	637.3338	6	15	0	-1	0	0.5984	-1.0000
49	372	1	639.3837	7	13	0	1	1	0.5995	0.7892
49	373	1	640.9336	4	12	0	-1	0	0.5979	-1.0000
49	374	1	643.0169	3	11	0	1	1	0.5989	0.8842
49	375	1	644.5668	2	6	90	1	1	0.6000	1.3501
49	376	1	646.1167	15	7	0	1	1	0.6011	1.2083
49	377	1	647.6666	2	6	90	0	1	0.5995	1.3385
49	378	1	649.5332	3	11	0	0	1	0.5979	1.4881
49	379	1	651.5664	15	7	0	1	1	0.5989	1.1832
49	380	1	653.1163	14	2	0	1	1	0.6000	1.4246
49	381	1	654.6829	13	4	0	1	1	0.6010	1.1208
49	382	1	656.2328	10	1	0	-1	0	0.5995	-1.0000
49	383	1	658.2494	12	8	0	1	1	0.6005	0.9943
49	384	1	659.7993	9	14	0	1	1	0.6016	0.7736
49	385	1	661.3493	8	10	90	1	1	0.6026	1.1745
49	386	1	662.8992	5	9	0	1	1	0.6036	1.1621
49	387	1	664.4491	8	10	90	-1	0	0.6021	-1.0000
49	388	1	666.5156	5	9	90	0	1	0.6005	0.9214
49	389	1	668.0656	4	12	0	-1	0	0.5990	-1.0000
49	390	1	670.1321	6	15	0	-1	0	0.5974	-1.0000
49	391	1	672.1820	5	9	0	1	1	0.5985	1.2538
49	392	1	673.7319	7	13	0	1	1	0.5995	1.4171
49	393	1	675.3152	4	12	90	0	1	0.5980	1.4179
49	394	1	677.2984	5	9	90	-1	0	0.5964	-1.0000
49	395	1	679.4316	6	15	0	1	1	0.5975	1.2521
49	396	1	680.9816	8	10	0	0	1	0.5960	1.4474
49	397	1	682.9648	5	9	90	0	1	0.5945	1.2389
49	398	1	684.7314	4	12	0	-1	0	0.5930	-1.0000
49	399	1	686.7646	5	9	0	1	1	0.5940	0.3045
49	400	1	688.3145	7	13	0	1	1	0.5950	0.9786
49	401	1	689.8644	8	10	0	1	1	0.5960	1.3793
49	402	1	691.4144	5	9	0	1	1	0.5970	1.0139
49	403	1	692.9643	6	15	0	1	1	0.5980	1.2086
49	404	1	694.5142	7	13	90	0	1	0.5965	1.2576
49	405	1	696.3474	5	9	0	1	1	0.5975	1.3923
49	406	1	697.8973	8	10	0	1	1	0.5985	1.4264
49	407	1	699.4806	5	9	90	-1	0	0.5971	-1.0000
49	408	1	701.5305	4	12	90	-1	0	0.5956	-1.0000
49	409	1	703.5637	7	13	0	1	1	0.5966	1.4574
49	410	1	705.1637	6	15	90	1	1	0.5976	1.4573
49	411	1	706.7969	5	9	0	1	1	0.5985	1.3749
49	412	1	708.3468	8	10	0	1	1	0.5995	1.1225
49	413	1	709.8967	5	9	90	0	1	0.5981	1.3470
49	414	1	711.7633	8	10	0	1	1	0.5990	1.3365
49	415	1	713.3132	5	9	0	1	1	0.6000	1.4839
49	416	1	714.9798	8	10	0	1	1	0.6010	1.3522
49	417	1	716.5297	5	9	0	1	1	0.6019	1.3073
49	418	1	718.0797	7	13	0	1	1	0.6029	1.4041
49	419	1	719.6462	8	10	0	1	1	0.6038	1.4548
49	420	1	721.2462	7	13	0	-1	0	0.6024	-1.0000
49	421	1	723.2627	8	10	0	1	1	0.6033	1.1665
49	422	1	724.8126	6	15	0	0	1	0.6019	1.4564
49	423	1	726.8125	7	13	0	1	1	0.6028	1.4087
49	424	1	728.3791	5	9	90	-1	0	0.6014	-1.0000
49	425	1	730.4123	4	12	0	-1	0	0.6000	-1.0000
49	426	1	732.4622	6	15	0	-1	0	0.5986	-1.0000
49	427	1	734.4955	8	10	0	1	1	0.5995	0.1416
49	428	1	736.0454	9	14	90	0	1	0.5981	0.7664
49	429	1	737.5953	8	10	0	-1	0	0.5967	-1.0000
49	430	1	739.6119	6	15	90	0	1	0.5953	1.4569
49	431	1	741.5784	4	12	0	-1	0	0.5940	-1.0000
49	432	1	743.5950	3	11	0	-1	0	0.5926	-1.0000
49	433	1	745.7115	15	7	0	1	1	0.5935	1.2456
49	434	1	747.2615	3	11	0	-1	0	0.5922	-1.0000
49	435	1	749.2614	15	7	90	-1	0	0.5908	-1.0000
49	436	1	751.3113	1	3	90	0	1	0.5894	0.8937
49	437	1	752.8612	2	6	0	1	1	0.5904	1.2316
49	438	1	754.4111	14	2	0	1	1	0.5913	1.2006
49	439	1	755.9610	2	6	0	-1	0	0.5900	-1.0000
49	440	1	757.9943	14	2	90	0	1	0.5886	1.3311
49	441	1	759.8775	13	4	0	1	1	0.5896	0.7915
49	442	1	761.4274	14	2	0	0	1	0.5882	1.3857
49	443	1	763.3940	15	7	0	1	1	0.5892	1.0512
49	444	1	764.9439	3	11	90	-1	0	0.5878	-1.0000
49	445	1	767.0105	4	12	0	-1	0	0.5865	-1.0000
49	446	1	769.0437	5	9	0	1	1	0.5874	1.0496
49	447	1	770.5936	4	12	0	1	1	0.5884	0.9556
49	448	1	772.1435	6	15	90	0	1	0.5871	1.2138
49	449	1	773.8934	5	9	90	0	1	0.5857	1.2876
49	450	1	775.7600	8	10	0	-1	0	0.5844	-1.0000
49	451	1	777.7766	9	14	0	1	1	0.5854	1.3404
49	452	1	779.3265	12	8	0	1	1	0.5863	1.1813
49	453	1	781.0764	11	5	0	-1	0	0.5850	-1.0000
49	454	1	783.1763	13	4	0	1	1	0.5859	0.6761
49	455	1	784.7262	12	8	0	1	1	0.5868	0.6635
49	456	1	786.2761	9	14	0	-1	0	0.5855	-1.0000
49	457	1	788.2760	8	10	0	-1	0	0.5842	-1.0000
49	458	1	790.3259	7	13	0	1	1	0.5852	0.0168
49	459	1	791.8758	8	10	90	1	1	0.5861	1.2411
49	460	1	793.4257	6	15	0	0	1	0.5848	1.2912
49	461	1	795.2590	8	10	0	1	1	0.5857	0.9941
49	462	1	796.8089	7	13	0	1	1	0.5866	1.0444
49	463	1	798.3588	4	12	0	1	1	0.5875	1.0784
49	464	1	799.9088	5	9	0	1	1	0.5884	1.2724
49	465	1	801.4587	6	15	0	1	1	0.5892	1.4021
49	466	1	803.0086	7	13	0	1	1	0.5901	1.2766
49	467	1	804.5585	6	15	0	1	1	0.5910	1.1984
49	468	1	806.1084	7	13	0	1	1	0.5919	0.8967
49	469	1	807.6583	4	12	0	1	1	0.5928	1.0426
49	470	1	809.2083	6	15	0	1	1	0.5936	0.9794
49	471	1	810.7582	4	12	0	1	1	0.5945	1.0296
49	472	1	812.3081	5	9	0	1	1	0.5953	1.3369
49	473	1	813.8580	8	10	0	1	1	0.5962	0.8749
49	474	1	815.4080	9	14	0	1	1	0.5970	0.8132
49	475	1	816.9579	11	5	0	1	1	0.5979	0.7512
49	476	1	818.5078	12	8	0	1	1	0.5987	0.7372
49	477	1	820.0577	13	4	0	1	1	0.5996	0.7553
49	478	1	821.6076	11	5	0	1	1	0.6004	0.6772
49	479	1	823.1575	10	1	0	1	1	0.6013	1.0622
49	480	1	824.7075	11	5	0	1	1	0.6021	0.6973
49	481	1	826.2574	12	8	0	1	1	0.6029	0.7481
49	482	1	827.8073	9	14	0	1	1	0.6037	0.7976
49	483	1	829.3572	11	5	0	1	1	0.6046	0.6555
49	484	1	830.9071	9	14	0	1	1	0.6054	0.6898
49	485	1	832.4571	8	10	0	0	1	0.6041	1.4107
49	486	1	834.4570	9	14	0	1	1	0.6049	0.7241
49	487	1	836.0069	10	1	0	1	1	0.6057	1.1099
49	488	1	837.5568	12	8	0	1	1	0.6066	0.7909
49	489	1	839.1067	10	1	0	1	1	0.6074	1.2101
49	490	1	840.6566	13	4	0	1	1	0.6082	0.6352
49	491	1	842.2066	10	1	0	1	1	0.6090	0.8144
49	492	1	843.7565	13	4	90	1	1	0.6098	1.1366
49	493	1	845.3064	10	1	0	1	1	0.6105	0.9628
49	494	1	846.8563	11	5	0	1	1	0.6113	0.5973
49	495	1	848.4062	13	4	0	1	1	0.6121	0.6789
49	496	1	849.9562	11	5	0	1	1	0.6129	0.6170
49	497	1	851.5061	10	1	0	1	1	0.6137	0.6670
49	498	1	853.0560	12	8	0	1	1	0.6145	0.6041
49	499	1	854.6059	13	4	0	1	1	0.6152	0.5899
49	500	1	856.1558	14	2	90	0	1	0.6140	1.1361
49	501	1	857.8558	13	4	0	1	1	0.6148	1.0373
49	502	1	859.4057	10	1	0	-1	0	0.6135	-1.0000
49	503	1	861.4722	11	5	0	1	1	0.6143	0.7329
49	504	1	863.0221	10	1	0	1	1	0.6151	0.5896
49	505	1	864.5721	12	8	0	1	1	0.6158	0.6889
49	506	1	866.1220	9	14	0	1	1	0.6166	0.6911
49	507	1	867.6719	8	10	0	1	1	0.6174	0.9639
49	508	1	869.2218	6	15	0	1	1	0.6181	0.8540
49	509	1	870.7717	8	10	0	1	1	0.6189	0.9680
49	510	1	872.3217	6	15	0	1	1	0.6196	1.0502
49	511	1	873.8716	8	10	0	1	1	0.6204	1.0855
49	512	1	875.4215	7	13	0	1	1	0.6211	0.9274
49	513	1	876.9714	8	10	0	1	1	0.6218	0.9777
49	514	1	878.5213	5	9	0	1	1	0.6226	0.9786
49	515	1	880.0713	7	13	0	1	1	0.6233	0.7099
49	516	1	881.6212	4	12	0	1	1	0.6240	0.9359
49	517	1	883.1711	3	11	0	1	1	0.6248	1.2899
49	518	1	884.7210	1	3	0	1	1	0.6255	1.1961
49	519	1	886.2709	15	7	90	0	1	0.6243	1.3577
49	520	1	888.1375	2	6	0	1	1	0.6250	1.1386
49	521	1	889.6874	1	3	0	1	1	0.6257	0.8698
49	522	1	891.2374	2	6	90	0	1	0.6245	0.8402
49	523	1	892.7873	1	3	0	1	1	0.6252	0.6165
49	524	1	894.3372	3	11	0	1	1	0.6260	1.2266
49	525	1	895.8871	4	12	90	0	1	0.6248	1.3103
49	526	1	897.7037	6	15	0	1	1	0.6255	1.2216
49	527	1	899.2536	5	9	0	1	1	0.6262	0.9995
49	528	1	900.8035	7	13	0	-1	0	0.6250	-1.0000
49	529	1	902.8868	6	15	0	1	1	0.6257	1.2065
49	530	1	904.4367	4	12	0	1	1	0.6264	1.1606
49	531	1	905.9866	5	9	0	1	1	0.6271	0.8423
49	532	1	907.5365	4	12	0	1	1	0.6278	0.8927
49	533	1	909.0864	6	15	0	1	1	0.6285	1.0865
49	534	1	910.6364	7	13	0	1	1	0.6292	1.3129
49	535	1	912.1863	5	9	0	1	1	0.6299	0.6415
49	536	1	913.7362	7	13	0	1	1	0.6306	0.8676
49	537	1	915.2861	6	15	0	1	1	0.6313	1.2697
49	538	1	916.8360	8	10	0	1	1	0.6320	0.7610
49	539	1	918.3860	6	15	0	1	1	0.6327	1.1311
49	540	1	919.9359	4	12	0	1	1	0.6333	0.9734
49	541	1	921.4858	5	9	0	1	1	0.6340	0.6876
49	542	1	923.0357	6	15	0	1	1	0.6347	0.9601
49	543	1	924.5857	7	13	0	-1	0	0.6335	-1.0000
49	544	1	926.6688	6	15	0	1	1	0.6342	1.2158
49	545	1	928.2188	7	13	0	1	1	0.6349	0.6100
49	546	1	929.7687	8	10	90	0	1	0.6337	0.7720
49	547	1	931.3186	6	15	0	1	1	0.6344	0.9823
49	548	1	932.8685	8	10	0	1	1	0.6350	1.2404
49	549	1	934.4185	9	14	90	1	1	0.6357	1.2253
49	550	1	935.9684	10	1	90	1	1	0.6364	1.4205
49	551	1	937.5350	11	5	90	1	1	0.6370	1.0688
49	552	1	939.0849	10	1	0	1	1	0.6377	1.0883
49	553	1	940.6348	12	8	0	1	1	0.6383	1.2810
49	554	1	942.1847	11	5	90	1	1	0.6390	1.1564
49	555	1	943.7346	10	1	90	1	1	0.6396	1.3826
49	556	1	945.2846	9	14	0	1	1	0.6403	0.9686
49	557	1	946.8345	11	5	0	1	1	0.6409	0.8261
49	558	1	948.3844	12	8	90	1	1	0.6416	1.1954
49	559	1	949.9343	11	5	90	0	1	0.6404	1.0695
49	560	1	951.5676	13	4	0	1	1	0.6411	1.2123
49	561	1	953.1175	12	8	0	1	1	0.6417	0.9583
49	562	1	954.6674	11	5	0	1	1	0.6423	1.1044
49	563	1	956.2173	10	1	0	1	1	0.6430	0.9956
49	564	1	957.7673	13	4	0	1	1	0.6436	0.8218
49	565	1	959.3172	12	8	0	1	1	0.6442	0.7611
49	566	1	960.8671	13	4	0	1	1	0.6449	0.6338
49	567	1	962.4170	11	5	0	1	1	0.6455	0.6028
49	568	1	963.9669	13	4	0	1	1	0.6461	0.5742
49	569	1	965.5169	10	1	0	1	1	0.6467	0.3682
49	570	1	967.0668	13	4	90	1	1	0.6474	0.7703
49	571	1	968.6167	10	1	90	1	1	0.6480	0.9326
49	572	1	970.1666	11	5	90	1	1	0.6486	0.9184
49	573	1	971.7165	9	14	90	1	1	0.6492	0.9846
49	574	1	973.2665	8	10	0	1	1	0.6498	0.9857
49	575	1	974.8164	5	9	0	1	1	0.6504	1.0208
49	576	1	976.3663	4	12	0	-1	0	0.6493	-1.0000
49	577	1	978.3995	5	9	0	1	1	0.6499	1.0362
49	578	1	979.9494	7	13	0	1	1	0.6505	0.8463
49	579	1	981.4994	4	12	0	1	1	0.6511	1.1697
49	580	1	983.0493	6	15	0	1	1	0.6517	1.2518
49	581	1	984.5992	4	12	0	1	1	0.6523	0.9183
49	582	1	986.1491	6	15	0	1	1	0.6529	0.9027
49	583	1	987.6990	4	12	0	1	1	0.6535	0.6661
49	584	1	989.2490	3	11	0	1	1	0.6541	0.9882
49	585	1	990.7989	1	3	0	1	1	0.6547	0.8452
49	586	1	992.3488	14	2	0	1	1	0.6553	1.0403
49	587	1	993.8987	15	7	90	0	1	0.6542	1.1864
49	588	1	995.5986	3	11	0	-1	0	0.6531	-1.0000
49	589	1	997.6319	1	3	90	1	1	0.6537	1.0211
49	590	1	999.1818	15	7	0	1	1	0.6542	1.1180
49	591	1	1000.7317	2	6	0	1	1	0.6548	1.1215
49	592	1	1002.2816	14	2	0	1	1	0.6554	1.2196
49	593	1	1003.8315	15	7	0	1	1	0.6560	1.3976
49	594	1	1005.3815	3	11	0	-1	0	0.6549	-1.0000
49	595	1	1007.4814	15	7	0	1	1	0.6555	0.9785
49	596	1	1009.0313	1	3	90	1	1	0.6560	1.2699
49	597	1	1010.5812	2	6	0	1	1	0.6566	0.9519
49	598	1	1012.1311	3	11	0	1	1	0.6572	1.2099
49	599	1	1013.6810	2	6	0	1	1	0.6578	0.7962
49	600	1	1015.2310	3	11	0	1	1	0.6583	1.0056
49	601	1	1095.1598	2	6	0	-1	0	0.6572	-1.0000
49	602	1	1097.1934	14	2	0	1	1	0.6578	0.9960
49	603	1	1098.7433	1	3	0	1	1	0.6584	1.0138
49	604	1	1100.2932	2	6	0	1	1	0.6589	0.8226
49	605	1	1101.8431	15	7	0	1	1	0.6595	1.0341
49	606	1	1103.3930	3	11	0	1	1	0.6601	1.1960
49	607	1	1104.9430	4	12	0	1	1	0.6606	0.7968
49	608	1	1106.4929	7	13	0	-1	0	0.6595	-1.0000
49	609	1	1108.5261	5	9	90	0	1	0.6585	0.7028
49	610	1	1110.0760	4	12	0	1	1	0.6590	0.7540
49	611	1	1111.6259	7	13	90	-1	0	0.6579	-1.0000
49	612	1	1113.6425	6	15	0	-1	0	0.6569	-1.0000
49	613	1	1115.6924	5	9	0	1	1	0.6574	0.9287
49	614	1	1117.2423	7	13	0	1	1	0.6580	0.8510
49	615	1	1118.7922	4	12	90	0	1	0.6569	0.7891
49	616	1	1120.3422	7	13	90	-1	1	0.6558	-1.0000
49	617	1	1122.3587	6	15	90	-1	1	0.6548	-1.0000
49	618	1	1124.4086	7	13	90	-1	1	0.6537	-1.0000
49	619	1	1126.4585	8	10	0	1	1	0.6543	1.4108
49	620	1	1128.0084	6	15	90	-1	1	0.6532	-1.0000
49	621	1	1130.0750	8	10	0	1	1	0.6538	1.0248
49	622	1	1131.6249	6	15	0	-1	0	0.6527	-1.0000
49	623	1	1133.7081	8	10	0	-1	0	0.6517	-1.0000
49	624	1	1135.7414	7	13	0	1	1	0.6522	1.1199
49	625	1	1137.2913	5	9	0	1	1	0.6528	1.1206
49	626	1	1138.8412	8	10	0	1	1	0.6534	1.3963
49	627	1	1140.3911	9	14	0	1	1	0.6539	1.0927
49	628	1	1141.9410	12	8	0	1	1	0.6545	0.9201
49	629	1	1143.4910	13	4	0	1	1	0.6550	0.6488
49	630	1	1145.0409	10	1	0	1	1	0.6556	0.8604
49	631	1	1146.5908	13	4	0	1	1	0.6561	0.6370
49	632	1	1148.1407	14	2	0	-1	0	0.6551	-1.0000
49	633	1	1150.2239	13	4	90	1	1	0.6556	1.4853
49	634	1	1151.8405	14	2	0	1	1	0.6562	1.2925
49	635	1	1153.3905	2	6	0	1	1	0.6567	0.9746
49	636	1	1154.9404	15	7	0	1	1	0.6572	0.8314
49	637	1	1156.4903	3	11	90	0	1	0.6562	1.2828
49	638	1	1158.3235	4	12	0	-1	0	0.6552	-1.0000
49	639	1	1160.3568	7	13	0	-1	0	0.6541	-1.0000
49	640	1	1162.4067	6	15	0	1	1	0.6547	1.0452
49	641	1	1163.9566	5	9	0	1	1	0.6552	0.9685
49	642	1	1165.5065	7	13	90	-1	0	0.6542	-1.0000
49	643	1	1167.6064	6	15	0	-1	0	0.6532	-1.0000
49	644	1	1169.7229	5	9	0	1	1	0.6537	0.9461
49	645	1	1171.2729	4	12	0	1	1	0.6543	0.7889
49	646	1	1172.8228	5	9	90	0	1	0.6533	1.0144
49	647	1	1174.3894	6	15	0	-1	0	0.6522	-1.0000
49	648	1	1176.4226	8	10	0	1	1	0.6528	0.2453
49	649	1	1177.9725	6	15	0	1	1	0.6533	1.0645
49	650	1	1179.5224	8	10	0	1	1	0.6538	0.8414
49	651	1	1181.0724	7	13	90	1	1	0.6544	0.9727
49	652	1	1182.6223	4	12	90	0	1	0.6534	0.7656
49	653	1	1184.1722	6	15	0	1	1	0.6539	1.0890
49	654	1	1185.7221	4	12	90	-1	0	0.6529	-1.0000
49	655	1	1187.7553	5	9	0	1	1	0.6534	1.2805
49	656	1	1189.3053	7	13	90	1	1	0.6540	1.0919
49	657	1	1190.8552	6	15	0	1	1	0.6545	1.0607
49	658	1	1192.4051	4	12	0	1	1	0.6550	0.9827
49	659	1	1193.9550	3	11	0	1	1	0.6555	1.0181
49	660	1	1195.5050	4	12	0	1	1	0.6561	1.0203
49	661	1	1197.0549	3	11	90	0	1	0.6551	1.2303
49	662	1	1198.8214	15	7	0	1	1	0.6556	1.0946
49	663	1	1200.3713	2	6	0	1	1	0.6561	1.1625
49	664	1	1201.9213	14	2	0	1	1	0.6566	1.4349
49	665	1	1203.5045	15	7	0	1	1	0.6571	0.8928
49	666	1	1205.0544	14	2	0	1	1	0.6577	0.9749
49	667	1	1206.6044	13	4	0	1	1	0.6582	0.6401
49	668	1	1208.1543	12	8	0	1	1	0.6587	0.7706
49	669	1	1209.7042	9	14	90	0	1	0.6577	0.7396
49	670	1	1211.2541	8	10	0	1	1	0.6582	1.0632
49	671	1	1212.8041	7	13	0	1	1	0.6587	1.3530
49	672	1	1214.3540	4	12	0	1	1	0.6592	0.8741
49	673	1	1215.9039	5	9	0	1	1	0.6597	0.7979
49	674	1	1217.4538	7	13	0	1	1	0.6602	0.7511
49	675	1	1219.0037	4	12	0	1	1	0.6607	0.7055
49	676	1	1220.5537	3	11	90	0	1	0.6598	1.0582
49	677	1	1222.1369	2	6	0	1	1	0.6603	1.1564
49	678	1	1223.6868	1	3	0	1	1	0.6608	0.7903
49	679	1	1225.2367	14	2	0	1	1	0.6613	1.4167
49	680	1	1226.7867	1	3	0	1	1	0.6618	0.7931
49	681	1	1228.3366	2	6	0	1	1	0.6623	0.7313
49	682	1	1229.8865	1	3	0	1	1	0.6628	0.6067
49	683	1	1231.4364	3	11	90	0	1	0.6618	1.1526
49	684	1	1233.0863	15	7	0	1	1	0.6623	0.8300
49	685	1	1234.6363	2	6	0	1	1	0.6628	0.7368
49	686	1	1236.1862	3	11	0	1	1	0.6633	0.8831
49	687	1	1237.7361	2	6	90	0	1	0.6623	0.6451
49	688	1	1239.2860	1	3	90	0	1	0.6613	0.6150
49	689	1	1240.8359	2	6	0	1	1	0.6618	0.9840
49	690	1	1242.3859	1	3	0	1	1	0.6623	1.1634
49	691	1	1243.9358	15	7	90	0	1	0.6614	1.3412
49	692	1	1245.8190	1	3	90	1	1	0.6618	1.0408
49	693	1	1247.3689	2	6	0	1	1	0.6623	1.0121
49	694	1	1248.9189	14	2	90	0	1	0.6614	1.1570
49	695	1	1250.6521	15	7	0	1	1	0.6619	1.2969
49	696	1	1252.2020	1	3	0	1	1	0.6624	0.7551
49	697	1	1253.7519	14	2	0	1	1	0.6628	1.4119
49	698	1	1255.3019	1	3	90	0	1	0.6619	1.4641
49	699	1	1257.3351	14	2	0	1	1	0.6624	0.9168
49	700	1	1258.8850	13	4	0	1	1	0.6629	1.0803
49	701	1	1260.4349	14	2	90	1	1	0.6633	1.0504
49	702	1	1261.9849	1	3	90	1	1	0.6638	1.1330
49	703	1	1263.5348	3	11	90	-1	0	0.6629	-1.0000
49	704	1	1265.5847	4	12	90	-1	0	0.6619	-1.0000
49	705	1	1267.6346	5	9	0	1	1	0.6624	0.9866
49	706	1	1269.1845	8	10	90	-1	0	0.6615	-1.0000
49	707	1	1271.2510	6	15	0	-1	0	0.6605	-1.0000
49	708	1	1273.3009	5	9	0	1	1	0.6610	0.7772
49	709	1	1274.8508	7	13	0	1	1	0.6615	1.4024
49	710	1	1276.4008	8	10	0	1	1	0.6620	1.4365
49	711	1	1277.9674	7	13	0	1	1	0.6624	1.4866
49	712	1	1279.6172	6	15	0	1	1	0.6629	1.0998
49	713	1	1281.1672	4	12	90	1	1	0.6634	1.4221
49	714	1	1282.7338	3	11	0	1	1	0.6639	1.2315
49	715	1	1284.2837	15	7	0	1	1	0.6643	1.0734
49	716	1	1285.8336	2	6	0	1	1	0.6648	0.8198
49	717	1	1287.3835	3	11	0	1	1	0.6653	1.3017
49	718	1	1288.9335	4	12	0	1	1	0.6657	1.1277
49	719	1	1290.4834	7	13	90	-1	0	0.6648	-1.0000
49	720	1	1292.5332	4	12	90	1	1	0.6653	1.2068
49	721	1	1294.0832	3	11	0	1	1	0.6657	1.2246
49	722	1	1295.6331	15	7	0	1	1	0.6662	1.0193
49	723	1	1297.1830	14	2	90	1	1	0.6667	1.2782
49	724	1	1298.7329	1	3	0	1	1	0.6671	1.4077
49	725	1	1300.2829	2	6	0	1	1	0.6676	0.8170
49	726	1	1301.8328	1	3	0	1	1	0.6680	1.0431
49	727	1	1303.3827	2	6	0	1	1	0.6685	0.8219
49	728	1	1304.9326	15	7	0	1	1	0.6690	0.8724
49	729	1	1306.4825	1	3	0	1	1	0.6694	0.7144
49	730	1	1308.0325	14	2	0	1	1	0.6699	1.1956
49	731	1	1309.5824	1	3	0	1	1	0.6703	0.8934
49	732	1	1311.1323	15	7	0	1	1	0.6708	0.8488
49	733	1	1312.6822	14	2	0	1	1	0.6712	0.8350
49	734	1	1314.2321	13	4	0	1	1	0.6717	0.6924
49	735	1	1315.7821	11	5	90	1	1	0.6721	0.8711
49	736	1	1317.3320	13	4	0	1	1	0.6726	1.2558
49	737	1	1318.8819	12	8	0	1	1	0.6730	0.9380
49	738	1	1320.4318	13	4	90	1	1	0.6734	0.8615
49	739	1	1321.9817	12	8	0	1	1	0.6739	1.0716
49	740	1	1323.5317	10	1	0	1	1	0.6743	0.9922
49	741	1	1325.0816	13	4	90	1	1	0.6748	1.4596
49	742	1	1326.6648	11	5	0	1	1	0.6752	0.8832
49	743	1	1328.2148	9	14	90	1	1	0.6756	1.0931
49	744	1	1329.7647	11	5	0	1	1	0.6761	0.8885
49	745	1	1331.3146	13	4	0	1	1	0.6765	0.7145
49	746	1	1332.8645	11	5	0	1	1	0.6769	0.7166
49	747	1	1334.4144	10	1	0	1	1	0.6774	0.8948
49	748	1	1335.9643	11	5	0	1	1	0.6778	0.6406
49	749	1	1337.5143	13	4	0	1	1	0.6782	0.6911
49	750	1	1339.0642	11	5	0	1	1	0.6787	0.8197
49	751	1	1340.6141	9	14	0	1	1	0.6791	0.9673
49	752	1	1342.1641	11	5	90	1	1	0.6795	1.0333
49	753	1	1343.7140	13	4	0	1	1	0.6799	0.7791
49	754	1	1345.2639	10	1	0	1	1	0.6804	0.8280
49	755	1	1346.8138	9	14	0	1	1	0.6808	0.7513
49	756	1	1348.3637	10	1	0	1	1	0.6812	0.7215
49	757	1	1349.9136	9	14	0	1	1	0.6816	0.6583
49	758	1	1351.4636	12	8	0	1	1	0.6821	0.7096
49	759	1	1353.0135	13	4	90	1	1	0.6825	0.9682
49	760	1	1354.5634	14	2	90	1	1	0.6829	1.0017
49	761	1	1356.1133	13	4	0	1	1	0.6833	0.8905
49	762	1	1357.6632	10	1	0	1	1	0.6837	0.9261
49	763	1	1359.2132	12	8	90	1	1	0.6841	0.9923
49	764	1	1360.7631	13	4	0	1	1	0.6846	0.8342
49	765	1	1362.3130	10	1	0	1	1	0.6850	1.0442
49	766	1	1363.8629	9	14	0	1	1	0.6854	0.8709
49	767	1	1365.4128	8	10	0	1	1	0.6858	0.9525
49	768	1	1366.9628	9	14	0	1	1	0.6862	0.9210
49	769	1	1368.5127	10	1	0	1	1	0.6866	0.9712
49	770	1	1370.0626	12	8	0	1	1	0.6870	0.9733
49	771	1	1371.6125	9	14	0	1	1	0.6874	0.8954
49	772	1	1373.1624	8	10	0	1	1	0.6878	1.1694
49	773	1	1374.7124	9	14	0	1	1	0.6882	0.8368
49	774	1	1376.2623	12	8	0	1	1	0.6886	0.8870
49	775	1	1377.8122	13	4	0	1	1	0.6890	0.9037
49	776	1	1379.3621	11	5	0	1	1	0.6894	0.7790
49	777	1	1380.9120	10	1	0	1	1	0.6898	0.7972
49	778	1	1382.4620	12	8	0	1	1	0.6902	0.9579
49	779	1	1384.0119	11	5	0	1	1	0.6906	0.8811
49	780	1	1385.5618	13	4	90	1	1	0.6910	0.8035
49	781	1	1387.1117	10	1	90	1	1	0.6914	1.0442
49	782	1	1388.6616	12	8	90	1	1	0.6918	1.0796
49	783	1	1390.2116	9	14	90	1	1	0.6922	1.0018
49	784	1	1391.7615	8	10	0	1	1	0.6926	1.0197
49	785	1	1393.3114	5	9	90	1	1	0.6930	1.2302
49	786	1	1394.8613	6	15	90	1	1	0.6934	1.4881
49	787	1	1396.4779	4	12	0	1	1	0.6938	1.0871
49	788	1	1398.0278	3	11	0	1	1	0.6942	1.0575
49	789	1	1399.5777	4	12	0	1	1	0.6946	0.9622
49	790	1	1401.1277	7	13	0	1	1	0.6949	1.1242
49	791	1	1402.6776	5	9	0	1	1	0.6953	1.1759
49	792	1	1404.2275	4	12	0	1	1	0.6957	0.7617
49	793	1	1405.7774	7	13	0	1	1	0.6961	0.8598
49	794	1	1407.3273	6	15	0	1	1	0.6965	0.9886
49	795	1	1408.8773	8	10	0	1	1	0.6969	1.4238
49	796	1	1410.4272	9	14	0	1	1	0.6972	1.2327
49	797	1	1411.9771	12	8	0	1	1	0.6976	0.9961
49	798	1	1413.5270	13	4	90	0	1	0.6967	0.7096
49	799	1	1415.0769	14	2	90	1	1	0.6971	1.4309
49	800	1	1416.6435	13	4	90	0	1	0.6963	0.6816
49	801	1	1418.1935	14	2	0	1	1	0.6966	1.0840
49	802	1	1419.7434	1	3	0	1	1	0.6970	1.3259
49	803	1	1421.2933	15	7	0	1	1	0.6974	1.1364
49	804	1	1422.8432	3	11	0	1	1	0.6978	0.9140
49	805	1	1424.3931	15	7	90	0	1	0.6969	1.4441
49	806	1	1426.3764	1	3	0	1	1	0.6973	0.6930
49	807	1	1427.9263	2	6	0	1	1	0.6976	1.0313
49	808	1	1429.4762	14	2	90	0	1	0.6968	1.1770
49	809	1	1431.2094	2	6	90	-1	0	0.6959	-1.0000
49	810	1	1433.2427	3	11	90	0	1	0.6951	1.3946
49	811	1	1435.1926	2	6	0	1	1	0.6954	0.9635
49	812	1	1436.7425	15	7	90	-1	0	0.6946	-1.0000
49	813	1	1438.8091	14	2	90	1	1	0.6950	1.3162
49	814	1	1440.3590	2	6	0	1	1	0.6953	1.1089
49	815	1	1441.9089	3	11	0	1	1	0.6957	1.3192
49	816	1	1443.4588	4	12	0	0	1	0.6949	1.4971
49	817	1	1445.5087	7	13	90	-1	0	0.6940	-1.0000
49	818	1	1447.5419	8	10	0	1	1	0.6944	1.1432
49	819	1	1449.0919	9	14	90	0	1	0.6935	1.4651
49	820	1	1451.0751	8	10	0	1	1	0.6939	0.7942
49	821	1	1452.6250	9	14	0	1	1	0.6943	0.9246
49	822	1	1454.1749	11	5	0	1	1	0.6946	0.6850
49	823	1	1455.7248	9	14	0	1	1	0.6950	0.7685
49	824	1	1457.2748	10	1	0	-1	0	0.6942	-1.0000
49	825	1	1459.3413	11	5	0	1	1	0.6945	0.7202
49	826	1	1460.8913	13	4	0	1	1	0.6949	0.7699
49	827	1	1462.4412	14	2	0	-1	0	0.6941	-1.0000
49	828	1	1464.5411	1	3	90	1	1	0.6944	1.0563
49	829	1	1466.0910	3	11	0	1	1	0.6948	1.2336
49	830	1	1467.6409	1	3	0	1	1	0.6952	0.8524
49	831	1	1469.1908	2	6	90	0	1	0.6943	0.8385
49	832	1	1470.7407	14	2	0	-1	0	0.6935	-1.0000
49	833	1	1472.8073	15	7	0	1	1	0.6939	1.2221
49	834	1	1474.3572	2	6	0	1	1	0.6942	0.9047
49	835	1	1475.9071	15	7	0	1	1	0.6946	1.0980
49	836	1	1477.4570	3	11	0	1	1	0.6950	0.9721
49	837	1	1479.0070	15	7	0	1	1	0.6953	1.2609
49	838	1	1480.5569	1	3	0	1	1	0.6957	0.8643
49	839	1	1482.1068	3	11	0	1	1	0.6961	0.6410
49	840	1	1483.6567	2	6	0	1	1	0.6964	0.7566
49	841	1	1485.2066	14	2	0	1	1	0.6968	0.7107
49	842	1	1486.7566	1	3	0	1	1	0.6971	0.6483
49	843	1	1488.3065	15	7	0	1	1	0.6975	0.7306
49	844	1	1489.8564	1	3	0	1	1	0.6979	0.6528
49	845	1	1491.4063	15	7	0	1	1	0.6982	0.7668
49	846	1	1492.9562	2	6	0	1	1	0.6986	0.9770
49	847	1	1494.5062	3	11	0	1	1	0.6989	0.7550
49	848	1	1496.0561	2	6	0	1	1	0.6993	0.8840
49	849	1	1497.6060	14	2	0	1	1	0.6996	0.9834
49	850	1	1499.1559	2	6	0	1	1	0.7000	1.0960
49	851	1	1500.7058	3	11	90	0	1	0.6992	1.1634
49	852	1	1502.4391	4	12	0	-1	0	0.6984	-1.0000
49	853	1	1504.4723	6	15	0	1	1	0.6987	1.2049
49	854	1	1506.0222	7	13	0	1	1	0.6991	0.8867
49	855	1	1507.7721	5	9	0	-1	0	0.6982	-1.0000
49	856	1	1509.9054	4	12	0	1	1	0.6986	1.1799
49	857	1	1511.4553	7	13	90	-1	0	0.6978	-1.0000
49	858	1	1513.4885	5	9	90	1	1	0.6981	0.0169
49	859	1	1515.0384	6	15	90	0	1	0.6973	1.0547
49	860	1	1516.6550	7	13	0	-1	0	0.6965	-1.0000
49	861	1	1518.6882	8	10	90	1	1	0.6969	1.3728
49	862	1	1520.2382	9	14	90	1	1	0.6972	0.8632
49	863	1	1521.7881	10	1	0	1	1	0.6976	0.9931
49	864	1	1523.3380	9	14	90	0	1	0.6968	1.2659
49	865	1	1525.2046	11	5	0	1	1	0.6971	0.9515
49	866	1	1526.7545	10	1	90	-1	0	0.6963	-1.0000
49	867	1	1528.8044	12	8	0	1	1	0.6967	0.8088
49	868	1	1530.3543	13	4	0	1	1	0.6970	0.7150
49	869	1	1531.9042	10	1	90	1	1	0.6974	0.8917
49	870	1	1533.4541	11	5	0	1	1	0.6977	0.8790
49	871	1	1535.0041	12	8	90	0	1	0.6969	1.2318
49	872	1	1536.8040	11	5	90	1	1	0.6972	1.0015
49	873	1	1538.3539	9	14	0	1	1	0.6976	1.0996
49	874	1	1539.9038	12	8	0	1	1	0.6979	1.4374
49	875	1	1541.5037	11	5	0	1	1	0.6983	0.7175
49	876	1	1543.0537	13	4	0	1	1	0.6986	0.7355
49	877	1	1544.6036	14	2	0	1	1	0.6990	1.2163
49	878	1	1546.1535	1	3	0	1	1	0.6993	0.8198
49	879	1	1547.7034	15	7	0	1	1	0.6997	0.8685
49	880	1	1549.2533	14	2	0	-1	0	0.6989	-1.0000
49	881	1	1551.2866	15	7	0	1	1	0.6992	0.7265
49	882	1	1552.8365	14	2	0	1	1	0.6995	1.2087
49	883	1	1554.3864	13	4	0	1	1	0.6999	0.7775
49	884	1	1555.9363	10	1	0	1	1	0.7002	1.0849
49	885	1	1557.4862	12	8	0	1	1	0.7006	0.8137
49	886	1	1559.0362	9	14	90	1	1	0.7009	1.1692
49	887	1	1560.5861	12	8	0	1	1	0.7012	1.0739
49	888	1	1562.1360	13	4	0	1	1	0.7016	0.8039
49	889	1	1563.6859	11	5	0	1	1	0.7019	0.7420
49	890	1	1565.2358	9	14	0	1	1	0.7022	0.6802
49	891	1	1566.7858	10	1	0	1	1	0.7026	0.7321
49	892	1	1568.3357	9	14	0	1	1	0.7029	0.6854
49	893	1	1569.8856	8	10	0	1	1	0.7032	0.9757
49	894	1	1571.4355	5	9	0	1	1	0.7036	1.0096
49	895	1	1572.9854	8	10	0	1	1	0.7039	0.8345
49	896	1	1574.5354	9	14	90	1	1	0.7042	1.4940
49	897	1	1576.1519	12	8	0	1	1	0.7046	1.2530
49	898	1	1577.7019	13	4	90	1	1	0.7049	1.1754
49	899	1	1579.2518	14	2	0	1	1	0.7052	1.1441
49	900	1	1580.8017	2	6	0	1	1	0.7056	1.1155
49	901	1	1582.3516	1	3	0	1	1	0.7059	0.9085
49	902	1	1583.9015	2	6	0	1	1	0.7062	0.9743
49	903	1	1585.4515	1	3	0	1	1	0.7065	0.9124
49	904	1	1587.0014	2	6	0	1	1	0.7069	0.8518
49	905	1	1588.5513	15	7	0	1	1	0.7072	1.0299
49	906	1	1590.1012	14	2	0	1	1	0.7075	0.9037
49	907	1	1591.6511	2	6	90	1	1	0.7078	1.0020
49	908	1	1593.2011	3	11	90	0	1	0.7070	1.2435
49	909	1	1594.9510	4	12	0	-1	0	0.7063	-1.0000
49	910	1	1597.1175	7	13	0	1	1	0.7066	1.0075
49	911	1	1598.6675	8	10	0	1	1	0.7069	0.8485
49	912	1	1600.2174	9	14	0	1	1	0.7072	0.8840
49	913	1	1601.7673	11	5	0	1	1	0.7076	0.6459
49	914	1	1603.3172	13	4	0	1	1	0.7079	0.7279
49	915	1	1604.8671	11	5	0	1	1	0.7082	0.5701
49	916	1	1606.4171	12	8	90	1	1	0.7085	1.0842
49	917	1	1607.9670	13	4	0	1	1	0.7088	0.9742
49	918	1	1609.5169	14	2	0	1	1	0.7092	0.9922
49	919	1	1611.0668	1	3	0	1	1	0.7095	0.7544
49	920	1	1612.6167	2	6	90	1	1	0.7098	1.0112
49	921	1	1614.1666	15	7	0	1	1	0.7101	0.9815
49	922	1	1615.7166	3	11	0	-1	0	0.7093	-1.0000
49	923	1	1617.7831	2	6	0	1	1	0.7096	1.2380
49	924	1	1619.3331	15	7	0	1	1	0.7100	0.9202
49	925	1	1620.8830	3	11	0	-1	0	0.7092	-1.0000
49	926	1	1622.8995	1	3	0	1	1	0.7095	0.7924
49	927	1	1624.4494	2	6	0	1	1	0.7098	0.9544
49	928	1	1625.9994	3	11	0	0	1	0.7091	0.9097
49	929	1	1627.5493	4	12	0	1	1	0.7094	1.4866
49	930	1	1629.1992	7	13	0	1	1	0.7097	1.3259
49	931	1	1630.7491	8	10	0	1	1	0.7100	1.0228
49	932	1	1632.2990	7	13	0	1	1	0.7103	0.7383
49	933	1	1633.8490	5	9	90	1	1	0.7106	1.1242
49	934	1	1635.3989	7	13	0	1	1	0.7109	1.3019
49	935	1	1636.9488	4	12	0	-1	0	0.7102	-1.0000
49	936	1	1638.9654	7	13	0	1	1	0.7105	1.4639
49	937	1	1640.5486	4	12	0	1	1	0.7108	1.0167
49	938	1	1642.0985	5	9	0	1	1	0.7111	0.8587
49	939	1	1643.6485	7	13	90	1	1	0.7114	1.0834
49	940	1	1645.1984	5	9	0	1	1	0.7117	1.3095
49	941	1	1646.7483	6	15	0	1	1	0.7120	1.1356
49	942	1	1648.2982	5	9	90	1	1	0.7123	1.1071
49	943	1	1649.8481	7	13	0	1	1	0.7126	1.3638
49	944	1	1651.3981	4	12	90	1	1	0.7129	1.1751
49	945	1	1652.9480	6	15	0	1	1	0.7132	1.2893
49	946	1	1654.4979	5	9	0	1	1	0.7135	1.3068
49	947	1	1656.0478	7	13	90	1	1	0.7138	1.3241
49	948	1	1657.5977	6	15	0	1	1	0.7141	1.3582
49	949	1	1659.1477	5	9	0	1	1	0.7144	0.9939
49	950	1	1660.6976	6	15	0	1	1	0.7147	0.8679
49	951	1	1662.2475	4	12	0	1	1	0.7150	1.1096
49	952	1	1663.7974	3	11	0	0	1	0.7143	1.1761
49	953	1	1665.5473	15	7	0	-1	0	0.7135	-1.0000
49	954	1	1667.5639	3	11	0	1	1	0.7138	1.2973
49	955	1	1669.1138	1	3	0	1	1	0.7141	0.8356
49	956	1	1670.6637	2	6	0	1	1	0.7144	0.9962
49	957	1	1672.2137	1	3	90	1	1	0.7147	1.1104
49	958	1	1673.7636	2	6	0	1	1	0.7150	1.0963
49	959	1	1675.3135	14	2	90	1	1	0.7153	1.1956
49	960	1	1676.8634	2	6	0	1	1	0.7156	0.9099
49	961	1	1678.4133	15	7	90	0	1	0.7149	1.4080
49	962	1	1680.3965	3	11	0	1	1	0.7152	1.1515
49	963	1	1681.9465	4	12	0	1	1	0.7155	1.2976
49	964	1	1683.4964	7	13	0	1	1	0.7158	0.8367
49	965	1	1685.0463	6	15	0	1	1	0.7161	0.9189
49	966	1	1686.5962	7	13	0	1	1	0.7164	0.9528
49	967	1	1688.1462	6	15	0	1	1	0.7166	0.6990
49	968	1	1689.6961	5	9	90	1	1	0.7169	1.1012
49	969	1	1691.2460	7	13	0	-1	0	0.7162	-1.0000
49	970	1	1693.2959	8	10	0	1	1	0.7165	1.0853
49	971	1	1694.8458	6	15	0	1	1	0.7168	1.0235
49	972	1	1696.3957	4	12	90	1	1	0.7171	1.2482
49	973	1	1697.9456	3	11	90	-1	0	0.7163	-1.0000
49	974	1	1699.9789	4	12	0	1	1	0.7166	0.8665
49	975	1	1701.5288	5	9	0	1	1	0.7169	0.9971
49	976	1	1703.0787	7	13	90	1	1	0.7172	1.0452
49	977	1	1704.6286	8	10	90	1	1	0.7175	1.1449
49	978	1	1706.1786	9	14	0	1	1	0.7178	1.1467
49	979	1	1707.7285	8	10	0	1	1	0.7181	1.0207
49	980	1	1709.2784	9	14	90	1	1	0.7184	1.2307
49	981	1	1710.8283	12	8	0	1	1	0.7187	0.9449
49	982	1	1712.3782	13	4	0	1	1	0.7189	0.8190
49	983	1	1713.9281	11	5	90	1	1	0.7192	1.0292
49	984	1	1715.4781	13	4	0	1	1	0.7195	0.7112
49	985	1	1717.0280	11	5	0	1	1	0.7198	0.7933
49	986	1	1718.5779	13	4	0	1	1	0.7201	0.7140
49	987	1	1720.1278	10	1	90	1	1	0.7204	0.9096
49	988	1	1721.6778	12	8	0	1	1	0.7206	0.8156
49	989	1	1723.2277	13	4	0	1	1	0.7209	1.0738
49	990	1	1724.7776	14	2	0	0	1	0.7202	1.4756
49	991	1	1726.8442	1	3	0	1	1	0.7205	0.7370
49	992	1	1728.3941	3	11	0	1	1	0.7208	1.0600
49	993	1	1729.9440	4	12	0	1	1	0.7210	0.8863
49	994	1	1731.4939	5	9	0	1	1	0.7213	1.2233
49	995	1	1733.0438	8	10	0	1	1	0.7216	0.7921
49	996	1	1734.5938	7	13	0	1	1	0.7219	0.7622
49	997	1	1736.1437	8	10	0	1	1	0.7222	0.7813
49	998	1	1737.6936	9	14	0	1	1	0.7224	0.9584
49	999	1	1739.2435	10	1	0	1	1	0.7227	0.8644
49	1000	1	1740.7934	13	4	0	1	1	0.7230	0.6105
49	1001	1	1742.3433	10	1	0	1	1	0.7233	0.7899
49	1002	1	1743.8933	12	8	90	1	1	0.7236	0.9678
49	1003	1	1745.4432	10	1	0	1	1	0.7238	0.8902
49	1004	1	1746.9931	12	8	90	1	1	0.7241	0.9563
49	1005	1	1748.5430	9	14	0	1	1	0.7244	0.9409
49	1006	1	1750.0930	12	8	0	1	1	0.7247	1.1683
49	1007	1	1751.6429	11	5	90	0	1	0.7239	0.8985
49	1008	1	1753.1928	12	8	0	1	1	0.7242	0.7886
49	1009	1	1754.7427	9	14	90	1	1	0.7245	0.9822
49	1010	1	1756.2926	12	8	0	1	1	0.7248	1.1765
49	1011	1	1757.8426	13	4	0	1	1	0.7250	0.8254
49	1012	1	1759.3925	12	8	0	1	1	0.7253	0.7635
49	1013	1	1760.9424	13	4	90	1	1	0.7256	1.1829
49	1014	1	1762.4923	10	1	90	1	1	0.7258	1.0411
49	1015	1	1764.0422	12	8	0	1	1	0.7261	0.8509
49	1016	1	1765.5922	13	4	0	1	1	0.7264	1.0438
49	1017	1	1767.1421	10	1	0	1	1	0.7266	1.3179
49	1018	1	1768.6920	11	5	0	1	1	0.7269	0.8094
49	1019	1	1770.2419	12	8	90	1	1	0.7272	1.1472
49	1020	1	1771.7918	11	5	0	1	1	0.7275	0.8934
49	1021	1	1773.3418	13	4	0	1	1	0.7277	0.7342
49	1022	1	1774.8917	10	1	0	1	1	0.7280	1.0896
49	1023	1	1776.4416	13	4	90	1	1	0.7283	0.9635
49	1024	1	1777.9915	14	2	0	1	1	0.7285	1.1577
49	1025	1	1779.5414	2	6	0	1	1	0.7288	0.9360
49	1026	1	1781.0914	3	11	90	0	1	0.7281	1.3061
49	1027	1	1782.9412	2	6	90	0	1	0.7274	0.8947
49	1028	1	1784.4912	3	11	0	1	1	0.7276	1.4737
49	1029	1	1786.1078	15	7	0	1	1	0.7279	0.9936
49	1030	1	1787.6577	14	2	0	1	1	0.7282	1.1076
49	1031	1	1789.2076	1	3	0	1	1	0.7284	0.8692
49	1032	1	1790.7575	14	2	90	1	1	0.7287	0.9999
49	1033	1	1792.3074	15	7	0	1	1	0.7289	1.2565
49	1034	1	1793.8574	3	11	0	1	1	0.7292	1.4839
49	1035	1	1795.4739	2	6	0	1	1	0.7295	1.3061
49	1036	1	1797.0239	15	7	0	-1	0	0.7288	-1.0000
49	1037	1	1799.0904	1	3	90	1	1	0.7290	0.9854
49	1038	1	1800.6403	3	11	90	0	1	0.7283	1.1797
49	1039	1	1802.3569	2	6	0	-1	0	0.7276	-1.0000
49	1040	1	1804.3902	3	11	90	-1	0	0.7269	-1.0000
49	1041	1	1806.4234	1	3	0	1	1	0.7272	0.9006
49	1042	1	1807.9733	14	2	0	1	1	0.7274	0.7121
49	1043	1	1809.5232	2	6	0	1	1	0.7277	0.6662
49	1044	1	1811.0731	14	2	0	1	1	0.7280	0.7643
49	1045	1	1812.6230	13	4	90	1	1	0.7282	0.9102
49	1046	1	1814.1730	11	5	0	1	1	0.7285	0.6881
49	1047	1	1815.7229	12	8	90	1	1	0.7287	1.0907
49	1048	1	1817.2728	9	14	90	1	1	0.7290	1.3165
49	1049	1	1818.8227	12	8	0	1	1	0.7293	1.0626
49	1050	1	1820.3727	10	1	90	1	1	0.7295	1.2873
49	1051	1	1821.9226	13	4	0	1	1	0.7298	1.0828
49	1052	1	1823.4725	14	2	0	1	1	0.7300	1.1327
49	1053	1	1825.0224	15	7	0	1	1	0.7303	0.8456
49	1054	1	1826.5723	14	2	0	1	1	0.7306	0.6730
49	1055	1	1828.1222	2	6	90	1	1	0.7308	0.9791
49	1056	1	1829.6722	15	7	0	-1	0	0.7301	-1.0000
49	1057	1	1831.6887	2	6	0	1	1	0.7304	1.1552
49	1058	1	1833.2387	3	11	0	0	1	0.7297	1.2693
49	1059	1	1835.0552	4	12	0	1	1	0.7299	1.4541
49	1060	1	1836.6552	3	11	90	-1	0	0.7292	-1.0000
49	1061	1	1838.7550	4	12	0	1	1	0.7295	1.2264
49	1062	1	1840.3049	3	11	0	-1	0	0.7288	-1.0000
49	1063	1	1842.3715	1	3	0	1	1	0.7291	0.8898
49	1064	1	1843.9214	3	11	0	1	1	0.7293	0.8596
49	1065	1	1845.4714	2	6	0	1	1	0.7296	1.2139
49	1066	1	1847.0213	14	2	90	-1	0	0.7289	-1.0000
49	1067	1	1849.0545	1	3	0	1	1	0.7291	1.4869
49	1068	1	1850.7044	14	2	0	1	1	0.7294	1.2596
49	1069	1	1852.2543	2	6	0	1	1	0.7297	0.7989
49	1070	1	1853.8042	14	2	0	1	1	0.7299	0.7207
49	1071	1	1855.3542	2	6	0	1	1	0.7302	0.6270
49	1072	1	1856.9041	15	7	0	1	1	0.7304	0.7883
49	1073	1	1858.4540	3	11	0	-1	0	0.7297	-1.0000
49	1074	1	1860.4873	15	7	0	1	1	0.7300	0.9820
49	1075	1	1862.0372	14	2	0	1	1	0.7302	0.9523
49	1076	1	1863.5871	1	3	0	1	1	0.7305	0.7143
49	1077	1	1865.1370	2	6	0	1	1	0.7307	0.8270
49	1078	1	1866.6869	3	11	0	1	1	0.7310	0.9420
49	1079	1	1868.2369	4	12	0	1	1	0.7312	0.9284
49	1080	1	1869.7868	5	9	0	1	1	0.7315	0.9629
49	1081	1	1871.3367	4	12	90	-1	0	0.7308	-1.0000
49	1082	1	1873.4032	5	9	0	-1	0	0.7301	-1.0000
49	1083	1	1875.4365	7	13	0	1	1	0.7304	1.0250
49	1084	1	1876.9864	6	15	90	0	1	0.7297	0.9629
49	1085	1	1878.5363	7	13	0	1	1	0.7300	0.9491
49	1086	1	1880.0862	8	10	0	1	1	0.7302	0.8231
49	1087	1	1881.6362	6	15	0	1	1	0.7305	1.0639
49	1088	1	1883.1861	4	12	0	-1	0	0.7298	-1.0000
49	1089	1	1885.1860	7	13	0	1	1	0.7300	1.0020
49	1090	1	1886.7359	8	10	90	1	1	0.7303	1.3568
49	1091	1	1888.2858	5	9	0	1	1	0.7305	1.3434
49	1092	1	1889.8357	8	10	0	1	1	0.7308	0.9136
49	1093	1	1891.3857	7	13	0	1	1	0.7310	0.6436
49	1094	1	1892.9356	4	12	0	1	1	0.7313	0.9017
49	1095	1	1894.4855	3	11	90	-1	0	0.7306	-1.0000
49	1096	1	1896.5187	4	12	0	1	1	0.7308	0.8384
49	1097	1	1898.0686	7	13	0	1	1	0.7311	0.9368
49	1098	1	1899.6186	8	10	0	1	1	0.7313	0.9702
49	1099	1	1901.1685	5	9	90	1	1	0.7316	0.9888
49	1100	1	1902.7184	6	15	0	1	1	0.7318	1.1350
49	1101	1	1904.2683	4	12	90	1	1	0.7321	1.0720
49	1102	1	1905.8182	5	9	90	1	1	0.7323	1.1217
49	1103	1	1907.3681	7	13	0	1	1	0.7325	0.8693
49	1104	1	1908.9181	6	15	0	1	1	0.7328	1.1419
49	1105	1	1910.4680	8	10	0	1	1	0.7330	0.8411
49	1106	1	1912.0179	5	9	0	1	1	0.7333	1.2114
49	1107	1	1913.5678	8	10	0	1	1	0.7335	0.7178
49	1108	1	1915.1178	6	15	0	1	1	0.7338	0.7355
49	1109	1	1916.6677	5	9	0	1	1	0.7340	0.7535
49	1110	1	1918.2176	4	12	0	1	1	0.7342	0.8678
49	1111	1	1919.7675	6	15	0	1	1	0.7345	0.8699
49	1112	1	1921.3174	7	13	0	1	1	0.7347	0.7280
49	1113	1	1922.8674	5	9	0	1	1	0.7350	0.6166
49	1114	1	1924.4173	7	13	0	1	1	0.7352	0.9547
49	1115	1	1925.9672	8	10	90	-1	0	0.7345	-1.0000
49	1116	1	1928.0004	5	9	90	1	1	0.7348	1.0996
49	1117	1	1929.5503	7	13	0	1	1	0.7350	0.9430
49	1118	1	1931.1002	5	9	0	1	1	0.7352	0.9291
49	1119	1	1932.6502	6	15	0	1	1	0.7355	0.8013
49	1120	1	1934.2001	5	9	0	1	1	0.7357	0.9653
49	1121	1	1935.7500	6	15	0	1	1	0.7360	0.7273
49	1122	1	1937.2999	5	9	0	1	1	0.7362	0.8081
49	1123	1	1938.8499	8	10	0	1	1	0.7364	1.0995
49	1124	1	1940.3998	6	15	90	-1	0	0.7358	-1.0000
49	1125	1	1942.4997	4	12	0	1	1	0.7360	0.9382
49	1126	1	1944.0496	6	15	0	1	1	0.7362	0.8104
49	1127	1	1945.5995	7	13	0	1	1	0.7365	0.8616
49	1128	1	1947.1494	5	9	0	1	1	0.7367	0.6385
49	1129	1	1948.6993	8	10	0	1	1	0.7369	0.8185
49	1130	1	1950.2493	9	14	0	1	1	0.7372	0.7719
49	1131	1	1951.7992	10	1	0	1	1	0.7374	0.7568
49	1132	1	1953.3491	13	4	90	1	1	0.7376	0.8884
49	1133	1	1954.8990	10	1	0	1	1	0.7379	1.0665
49	1134	1	1956.4489	13	4	0	1	1	0.7381	1.1956
49	1135	1	1957.9989	11	5	0	1	1	0.7383	0.8945
49	1136	1	1959.5488	9	14	0	1	1	0.7386	0.7525
49	1137	1	1961.0987	12	8	0	1	1	0.7388	0.8652
49	1138	1	1962.6486	13	4	0	1	1	0.7390	0.7406
49	1139	1	1964.3985	12	8	90	1	1	0.7392	1.4709
49	1140	1	1965.9984	10	1	0	1	1	0.7395	1.4216
49	1141	1	1967.5817	11	5	0	1	1	0.7397	0.8307
49	1142	1	1969.1316	12	8	0	1	1	0.7399	1.0244
49	1143	1	1970.6815	10	1	0	1	1	0.7402	0.8679
49	1144	1	1972.2315	12	8	0	1	1	0.7404	0.9325
49	1145	1	1973.7814	13	4	0	1	1	0.7406	1.0808
49	1146	1	1975.3313	12	8	0	1	1	0.7408	0.7940
49	1147	1	1976.8812	9	14	90	1	1	0.7411	1.3548
49	1148	1	1978.4311	8	10	0	1	1	0.7413	1.1169
49	1149	1	1979.9810	5	9	0	1	1	0.7415	0.8790
49	1150	1	1981.5310	4	12	0	1	1	0.7417	0.9305
49	1151	1	1983.0809	7	13	0	1	1	0.7420	0.8526
49	1152	1	1984.6308	8	10	0	1	1	0.7422	0.6132
49	1153	1	1986.1807	5	9	0	1	1	0.7424	0.6646
49	1154	1	1987.7307	7	13	0	1	1	0.7426	0.6504
49	1155	1	1989.2806	4	12	90	1	1	0.7429	1.2925
49	1156	1	1990.8305	5	9	0	1	1	0.7431	1.4066
49	1157	1	1992.3971	8	10	0	1	1	0.7433	1.2483
49	1158	1	1993.9470	6	15	0	1	1	0.7435	1.0584
49	1159	1	1995.4969	4	12	90	1	1	0.7437	1.2204
49	1160	1	1997.0468	3	11	0	1	1	0.7440	1.2386
49	1161	1	1998.5968	15	7	0	1	1	0.7442	1.2409
49	1162	1	2000.1467	3	11	0	1	1	0.7444	1.0188
49	1163	1	2001.6966	1	3	0	1	1	0.7446	0.8925
49	1164	1	2003.2465	3	11	0	1	1	0.7448	0.7030
49	1165	1	2004.7964	15	7	0	1	1	0.7451	0.8491
49	1166	1	2006.3464	2	6	0	1	1	0.7453	0.8336
49	1167	1	2007.8963	3	11	0	1	1	0.7455	0.7730
49	1168	1	2009.4462	1	3	0	1	1	0.7457	0.8710
49	1169	1	2010.9961	15	7	0	1	1	0.7459	0.6651
49	1170	1	2012.5460	1	3	0	1	1	0.7462	0.7631
49	1171	1	2014.0959	2	6	90	-1	0	0.7455	-1.0000
49	1172	1	2016.1459	3	11	0	0	1	0.7449	0.1221
49	1173	1	2017.7791	1	3	0	1	1	0.7451	1.2569
49	1174	1	2019.3290	15	7	0	1	1	0.7453	1.1641
49	1175	1	2020.8789	14	2	0	-1	0	0.7447	-1.0000
49	1176	1	2022.9288	15	7	0	1	1	0.7449	0.9234
49	1177	1	2024.4788	3	11	90	1	1	0.7451	1.1343
49	1178	1	2026.0287	1	3	0	1	1	0.7453	1.3593
49	1179	1	2027.5786	15	7	0	1	1	0.7455	0.9614
49	1180	1	2029.1285	3	11	90	1	1	0.7458	0.8368
49	1181	1	2030.6785	1	3	0	1	1	0.7460	0.7109
49	1182	1	2032.2284	15	7	0	1	1	0.7462	1.0812
49	1183	1	2033.7783	14	2	0	1	1	0.7464	0.8257
49	1184	1	2035.3282	13	4	0	1	1	0.7466	0.7802
49	1185	1	2036.8781	11	5	90	1	1	0.7468	0.8629
49	1186	1	2038.4280	10	1	0	1	1	0.7470	0.8967
49	1187	1	2039.9780	12	8	0	1	1	0.7473	0.9468
49	1188	1	2041.5279	9	14	0	1	1	0.7475	0.9337
49	1189	1	2043.0778	11	5	0	1	1	0.7477	0.7262
49	1190	1	2044.6277	12	8	0	1	1	0.7479	0.6803
49	1191	1	2046.1776	9	14	0	1	1	0.7481	0.6676
49	1192	1	2047.7275	12	8	90	1	1	0.7483	0.8459
49	1193	1	2049.2774	13	4	0	1	1	0.7485	0.9758
49	1194	1	2050.8274	12	8	0	1	1	0.7487	0.7698
49	1195	1	2052.3773	9	14	0	1	1	0.7490	0.7547
49	1196	1	2053.9272	8	10	0	1	1	0.7492	0.8866
49	1197	1	2055.4772	9	14	0	1	1	0.7494	0.6961
49	1198	1	2057.0271	8	10	0	1	1	0.7496	0.9535
49	1199	1	2058.5770	5	9	0	1	1	0.7498	0.8279
49	1200	1	2060.1269	6	15	0	1	1	0.7500	1.0691
49	1201	1	2061.6768	5	9	0	1	1	0.7502	0.8806
49	1202	1	2063.2267	7	13	0	1	1	0.7504	0.7692
49	1203	1	2064.7767	5	9	0	1	1	0.7506	1.0294
49	1204	1	2066.3266	6	15	90	-1	0	0.7500	-1.0000
49	1205	1	2068.3431	4	12	0	1	1	0.7502	1.0941
49	1206	1	2069.8931	7	13	0	1	1	0.7504	1.0149
49	1207	1	2071.4430	4	12	0	1	1	0.7506	1.1770
49	1208	1	2072.9929	7	13	0	1	1	0.7508	0.7951
49	1209	1	2074.5428	8	10	0	1	1	0.7510	0.8785
49	1210	1	2076.0928	9	14	0	1	1	0.7512	1.0246
49	1211	1	2077.6427	11	5	0	1	1	0.7514	0.9453
49	1212	1	2079.1926	13	4	0	1	1	0.7517	0.6926
49	1213	1	2080.7425	11	5	0	1	1	0.7519	0.7415
49	1214	1	2082.2924	13	4	0	1	1	0.7521	0.6796
49	1215	1	2083.8423	11	5	90	1	1	0.7523	0.8747
49	1216	1	2085.3923	10	1	90	0	1	0.7516	1.2451
49	1217	1	2087.2088	11	5	90	1	1	0.7518	1.2191
49	1218	1	2088.7588	13	4	0	1	1	0.7521	1.3173
49	1219	1	2090.3087	11	5	0	1	1	0.7523	0.9847
49	1220	1	2091.8586	12	8	0	1	1	0.7525	0.7301
49	1221	1	2093.4085	11	5	0	1	1	0.7527	0.5727
49	1222	1	2094.9585	9	14	0	1	1	0.7529	0.7029
49	1223	1	2096.5084	8	10	0	1	1	0.7531	1.0730
49	1224	1	2098.0583	9	14	0	1	1	0.7533	1.0591
49	1225	1	2099.6082	8	10	0	1	1	0.7535	0.7092
49	1226	1	2101.1581	7	13	0	1	1	0.7537	0.7434
49	1227	1	2102.7080	4	12	0	1	1	0.7539	1.0000
49	1228	1	2104.2579	3	11	0	1	1	0.7541	1.0994
49	1229	1	2105.8079	2	6	0	1	1	0.7543	1.1179
49	1230	1	2107.3578	1	3	0	1	1	0.7545	0.7836
49	1231	1	2108.9077	2	6	90	1	1	0.7547	0.9615
49	1232	1	2110.4576	1	3	0	1	1	0.7549	0.7879
49	1233	1	2112.0076	15	7	0	1	1	0.7551	0.9980
49	1234	1	2113.5575	2	6	0	1	1	0.7553	0.6946
49	1235	1	2115.1074	15	7	0	1	1	0.7555	0.5379
49	1236	1	2116.6573	3	11	0	1	1	0.7557	0.8284
49	1237	1	2118.2072	4	12	90	1	1	0.7559	1.1022
49	1238	1	2119.7572	3	11	0	1	1	0.7561	0.9748
49	1239	1	2121.3071	1	3	0	1	1	0.7563	0.7849
49	1240	1	2122.8570	14	2	0	1	1	0.7565	0.7728
49	1241	1	2124.4069	15	7	0	1	1	0.7566	0.7410
49	1242	1	2125.9568	1	3	0	1	1	0.7568	0.7125
49	1243	1	2127.5068	14	2	90	1	1	0.7570	0.9213
49	1244	1	2129.0567	15	7	0	1	1	0.7572	0.7474
49	1245	1	2130.6066	14	2	90	1	1	0.7574	1.0547
49	1246	1	2132.1565	1	3	0	1	1	0.7576	0.6897
49	1247	1	2133.7064	2	6	0	1	1	0.7578	0.8826
49	1248	1	2135.2564	3	11	0	1	1	0.7580	0.9490
49	1249	1	2136.8063	2	6	0	1	1	0.7582	0.7898
49	1250	1	2138.3562	1	3	0	1	1	0.7584	0.8718
49	1251	1	2139.9061	14	2	0	1	1	0.7586	0.9396
49	1252	1	2141.4560	15	7	0	1	1	0.7588	0.9411
49	1253	1	2143.0060	1	3	90	1	1	0.7590	1.0074
49	1254	1	2144.5559	14	2	0	1	1	0.7592	0.9281
49	1255	1	2146.1058	1	3	0	1	1	0.7594	0.7714
49	1256	1	2147.6557	14	2	0	1	1	0.7596	0.8694
49	1257	1	2149.2056	15	7	90	0	1	0.7589	1.1916
49	1258	1	2150.9389	2	6	90	1	1	0.7591	1.1712
49	1259	1	2152.4888	15	7	0	1	1	0.7593	1.2046
49	1260	1	2154.0387	1	3	0	1	1	0.7595	0.8707
49	1261	1	2155.5886	14	2	0	1	1	0.7597	1.3529
49	1262	1	2157.1385	13	4	0	1	1	0.7599	0.8900
49	1263	1	2158.6885	10	1	0	1	1	0.7601	0.7809
49	1264	1	2160.2384	12	8	0	1	1	0.7603	0.9430
49	1265	1	2161.7883	9	14	0	1	1	0.7605	0.8009
49	1266	1	2163.3382	10	1	0	1	1	0.7607	0.8191
49	1267	1	2164.8882	13	4	0	1	1	0.7609	0.7093
49	1268	1	2166.4381	10	1	0	1	1	0.7610	0.7272
49	1269	1	2167.9880	12	8	0	1	1	0.7612	1.0480
49	1270	1	2169.5379	9	14	0	1	1	0.7614	0.8101
49	1271	1	2171.0878	8	10	0	1	1	0.7616	0.8136
49	1272	1	2172.6377	5	9	0	1	1	0.7618	0.7675
49	1273	1	2174.1877	6	15	90	1	1	0.7620	1.2180
49	1274	1	2175.7376	5	9	0	-1	0	0.7614	-1.0000
49	1275	1	2177.7708	6	15	0	1	1	0.7616	1.4253
49	1276	1	2179.3541	5	9	0	1	1	0.7618	0.9139
49	1277	1	2180.9040	8	10	0	1	1	0.7619	0.9172
49	1278	1	2182.4539	7	13	0	1	1	0.7621	0.9032
49	1279	1	2184.0038	5	9	0	1	1	0.7623	0.7611
49	1280	1	2185.5538	7	13	0	1	1	0.7625	0.9884
49	1281	1	2187.1037	4	12	0	1	1	0.7627	0.8925
49	1282	1	2188.6536	7	13	0	1	1	0.7629	0.8004
49	1283	1	2190.2035	5	9	0	1	1	0.7631	0.8165
49	1284	1	2191.7534	6	15	0	1	1	0.7632	0.8680
49	1285	1	2193.3033	5	9	90	1	1	0.7634	1.1579
49	1286	1	2194.8533	6	15	0	1	1	0.7636	1.3678
49	1287	1	2196.4032	8	10	0	1	1	0.7638	1.0008
49	1288	1	2197.9531	5	9	0	1	1	0.7640	0.7000
49	1289	1	2199.5030	6	15	0	1	1	0.7642	0.8780
49	1290	1	2201.0529	7	13	0	1	1	0.7643	0.7847
49	1291	1	2202.6029	6	15	0	1	1	0.7645	1.2505
49	1292	1	2204.1528	8	10	0	1	1	0.7647	0.9324
49	1293	1	2205.7027	7	13	0	1	1	0.7649	1.0773
49	1294	1	2207.2526	5	9	0	1	1	0.7651	1.0006
49	1295	1	2208.8025	4	12	0	1	1	0.7653	1.1306
49	1296	1	2210.3525	7	13	0	1	1	0.7654	0.8127
49	1297	1	2211.9024	4	12	0	1	1	0.7656	0.7497
49	1298	1	2213.4523	3	11	0	1	1	0.7658	1.3936
49	1299	1	2215.0022	4	12	0	-1	0	0.7652	-1.0000
49	1300	1	2217.0521	3	11	0	1	1	0.7654	0.8333
49	1301	1	2218.6020	1	3	0	1	1	0.7656	1.0112
49	1302	1	2220.1519	14	2	90	1	1	0.7657	1.1254
49	1303	1	2221.7019	2	6	0	1	1	0.7659	0.9035
49	1304	1	2223.2518	3	11	90	1	1	0.7661	1.2418
49	1305	1	2224.8017	2	6	0	1	1	0.7663	0.9075
49	1306	1	2226.3516	15	7	0	1	1	0.7665	1.1656
49	1307	1	2227.9016	14	2	0	-1	0	0.7659	-1.0000
49	1308	1	2229.9514	1	3	90	1	1	0.7661	1.1817
49	1309	1	2231.5014	15	7	0	1	1	0.7662	0.8960
49	1310	1	2233.0513	3	11	0	1	1	0.7664	1.0247
49	1311	1	2234.6012	2	6	0	1	1	0.7666	0.7068
49	1312	1	2236.1511	3	11	0	1	1	0.7668	0.9502
49	1313	1	2237.7011	1	3	90	1	1	0.7669	1.0629
49	1314	1	2239.2510	2	6	90	1	1	0.7671	0.9704
49	1315	1	2240.8009	1	3	90	1	1	0.7673	0.8602
49	1316	1	2242.3508	15	7	0	1	1	0.7675	1.1026
49	1317	1	2243.9007	3	11	0	1	1	0.7677	1.0407
49	1318	1	2245.4507	1	3	0	1	1	0.7678	1.0894
49	1319	1	2247.0006	14	2	90	1	1	0.7680	1.1088
49	1320	1	2248.5505	2	6	0	1	1	0.7682	1.1270
49	1321	1	2250.1004	14	2	90	1	1	0.7684	1.1611
49	1322	1	2251.6503	13	4	0	1	1	0.7685	0.8741
49	1323	1	2253.2002	14	2	0	0	1	0.7680	1.1318
49	1324	1	2254.8668	13	4	0	1	1	0.7681	0.8265
49	1325	1	2256.4167	12	8	90	1	1	0.7683	1.3085
49	1326	1	2257.9667	11	5	0	1	1	0.7685	0.8307
49	1327	1	2259.5166	13	4	0	1	1	0.7687	0.7527
49	1328	1	2261.0665	14	2	90	0	1	0.7681	1.0895
49	1329	1	2262.6664	1	3	0	1	1	0.7682	0.6910
49	1330	1	2264.2163	3	11	0	1	1	0.7684	1.0757
49	1331	1	2265.7663	15	7	0	1	1	0.7686	1.1591
49	1332	1	2267.3162	2	6	90	1	1	0.7688	0.9375
49	1333	1	2268.8661	3	11	0	1	1	0.7689	1.0819
49	1334	1	2270.4160	2	6	90	1	1	0.7691	1.0042
49	1335	1	2271.9660	3	11	90	1	1	0.7693	1.3261
49	1336	1	2273.5159	1	3	0	1	1	0.7695	0.9453
49	1337	1	2275.0658	3	11	90	1	1	0.7696	1.1073
49	1338	1	2276.6157	2	6	0	1	1	0.7698	1.1725
49	1339	1	2278.1656	3	11	90	1	1	0.7700	1.1119
49	1340	1	2279.7155	1	3	0	1	1	0.7701	0.7779
49	1341	1	2281.2655	14	2	0	1	1	0.7703	0.7946
49	1342	1	2282.8154	2	6	0	1	1	0.7705	0.7180
49	1343	1	2284.3653	15	7	0	1	1	0.7707	0.9748
49	1344	1	2285.9152	2	6	0	1	1	0.7708	0.7869
49	1345	1	2287.4651	14	2	90	0	1	0.7703	1.0123
49	1346	1	2289.0484	2	6	90	-1	0	0.7697	-1.0000
49	1347	1	2291.0650	14	2	0	1	1	0.7699	1.3321
49	1348	1	2292.6149	2	6	0	1	1	0.7700	1.3025
49	1349	1	2294.1648	14	2	0	1	1	0.7702	1.2392
49	1350	1	2295.7147	2	6	90	0	1	0.7696	0.8414
49	1351	1	2297.2647	3	11	90	-1	0	0.7691	-1.0000
49	1352	1	2299.3479	4	12	90	1	1	0.7692	1.1458
49	1353	1	2300.8978	6	15	90	1	1	0.7694	1.1637
49	1354	1	2302.4477	7	13	0	1	1	0.7696	1.0542
49	1355	1	2303.9976	6	15	0	0	1	0.7690	1.3276
49	1356	1	2305.8475	4	12	0	1	1	0.7692	1.0620
49	1357	1	2307.3974	6	15	90	-1	0	0.7686	-1.0000
49	1358	1	2309.4640	8	10	90	1	1	0.7688	1.2060
49	1359	1	2311.0139	7	13	0	1	1	0.7689	1.4151
49	1360	1	2312.5638	5	9	0	1	1	0.7691	0.8896
49	1361	1	2314.1138	4	12	0	1	1	0.7693	1.0023
49	1362	1	2315.6637	5	9	0	1	1	0.7695	1.1164
49	1363	1	2317.2136	8	10	90	1	1	0.7696	1.2477
49	1364	1	2318.7635	9	14	0	-1	0	0.7691	-1.0000
49	1365	1	2320.7968	10	1	90	-1	0	0.7685	-1.0000
49	1366	1	2322.8300	13	4	0	1	1	0.7687	1.1354
49	1367	1	2324.3799	14	2	90	1	1	0.7688	1.3601
49	1368	1	2325.9298	15	7	0	1	1	0.7690	1.1882
49	1369	1	2327.4797	3	11	0	1	1	0.7692	1.3003
49	1370	1	2329.0297	4	12	0	1	1	0.7693	1.0143
49	1371	1	2330.5796	7	13	0	1	1	0.7695	0.7458
49	1372	1	2332.1295	5	9	0	1	1	0.7697	0.9385
49	1373	1	2333.6794	8	10	0	0	1	0.7691	0.8941
49	1374	1	2335.2294	7	13	0	1	1	0.7693	1.3761
49	1375	1	2336.7793	6	15	0	1	1	0.7695	1.0408
49	1376	1	2338.3292	7	13	0	1	1	0.7696	0.6603
49	1377	1	2339.8791	4	12	90	1	1	0.7698	1.2701
49	1378	1	2341.4290	6	15	90	0	1	0.7692	1.2564
49	1379	1	2343.1956	7	13	90	0	1	0.7687	0.9764
49	1380	1	2344.7455	8	10	0	1	1	0.7688	0.8825
49	1381	1	2346.2954	5	9	90	1	1	0.7690	1.2382
49	1382	1	2347.8454	4	12	0	1	1	0.7692	0.9195
49	1383	1	2349.3953	7	13	0	1	1	0.7693	0.6179
49	1384	1	2350.9452	5	9	90	1	1	0.7695	1.0680
49	1385	1	2352.4951	6	15	90	-1	0	0.7690	-1.0000
49	1386	1	2354.5117	7	13	0	1	1	0.7691	0.8134
49	1387	1	2356.0616	8	10	0	1	1	0.7693	0.7997
49	1388	1	2357.6115	6	15	0	1	1	0.7695	1.2026
49	1389	1	2359.1614	5	9	90	1	1	0.7696	0.9786
49	1390	1	2360.7114	8	10	0	1	1	0.7698	1.2378
49	1391	1	2362.2613	6	15	0	-1	0	0.7692	-1.0000
49	1392	1	2364.3612	4	12	0	1	1	0.7694	0.8365
49	1393	1	2365.9111	7	13	0	1	1	0.7696	0.7104
49	1394	1	2367.4610	6	15	0	1	1	0.7697	0.5990
49	1395	1	2369.0109	5	9	90	1	1	0.7699	1.0016
49	1396	1	2370.5608	4	12	0	1	1	0.7701	0.8112
49	1397	1	2372.1108	6	15	0	1	1	0.7702	1.1031
49	1398	1	2373.6607	4	12	0	1	1	0.7704	0.8474
49	1399	1	2375.2106	7	13	0	1	1	0.7706	0.9625
49	1400	1	2376.7605	4	12	0	1	1	0.7707	0.8515
49	1	2	1.0166	11	5	0	-1	0	NaN	-1.0000
49	2	2	2.5499	9	14	0	-1	0	NaN	-1.0000
49	3	2	4.0831	8	10	0	-1	0	NaN	-1.0000
49	4	2	5.6164	7	13	0	-1	0	NaN	-1.0000
49	5	2	7.1496	5	9	0	-1	0	NaN	-1.0000
49	6	2	8.6829	8	10	0	-1	0	NaN	-1.0000
49	7	2	10.2161	6	15	0	-1	0	NaN	-1.0000
49	8	2	11.7494	5	9	0	-1	0	NaN	-1.0000
49	9	2	13.2826	4	12	0	-1	0	NaN	-1.0000
49	10	2	14.8159	5	9	0	-1	0	NaN	-1.0000
49	11	2	16.3492	7	13	0	-1	0	NaN	-1.0000
49	12	2	17.8824	5	9	0	-1	0	NaN	-1.0000
49	13	2	19.4157	4	12	0	-1	0	NaN	-1.0000
49	14	2	20.9489	5	9	0	-1	0	NaN	-1.0000
49	15	2	22.4822	6	15	0	-1	0	NaN	-1.0000
49	16	2	24.0154	7	13	0	-1	0	NaN	-1.0000
49	17	2	25.5487	8	10	0	-1	0	NaN	-1.0000
49	18	2	27.0819	9	14	0	-1	0	NaN	-1.0000
49	19	2	28.6152	10	1	0	-1	1	0.0000	1.3981
49	20	2	30.1484	11	5	0	-1	1	0.0000	1.4167
49	21	2	31.6817	12	8	0	-1	0	0.0000	-1.0000
49	22	2	33.2150	13	4	0	-1	0	0.0000	-1.0000
49	23	2	34.7482	14	2	0	-1	0	0.0000	-1.0000
49	24	2	36.2815	15	7	0	-1	0	0.0000	-1.0000
49	25	2	37.8147	1	3	0	-1	0	0.0000	-1.0000
49	26	2	39.3480	2	6	0	-1	0	0.0000	-1.0000
49	27	2	40.8812	3	11	0	-1	0	0.0000	-1.0000
49	28	2	42.4145	4	12	0	-1	0	0.0000	-1.0000
49	29	2	43.9477	5	9	0	-1	0	0.0000	-1.0000
49	30	2	45.4810	6	15	0	-1	0	0.0000	-1.0000
49	31	2	47.0142	5	9	0	-1	0	0.0000	-1.0000
49	32	2	48.5475	4	12	0	-1	0	0.0000	-1.0000
49	33	2	50.0808	3	11	0	-1	0	0.0000	-1.0000
49	34	2	51.6140	15	7	0	-1	0	0.0000	-1.0000
49	35	2	53.1473	1	3	0	-1	0	0.0000	-1.0000
49	36	2	54.6805	2	6	0	-1	0	0.0000	-1.0000
49	37	2	56.2138	1	3	0	-1	0	0.0000	-1.0000
49	38	2	57.7470	15	7	0	-1	0	0.0000	-1.0000
49	39	2	59.2803	3	11	0	-1	0	0.0000	-1.0000
49	40	2	60.8135	2	6	0	-1	0	0.0000	-1.0000
49	41	2	62.3468	3	11	0	-1	0	0.0000	-1.0000
49	42	2	63.8800	1	3	0	-1	0	0.0000	-1.0000
49	43	2	65.4133	2	6	0	-1	0	0.0000	-1.0000
49	44	2	66.9466	15	7	0	-1	0	0.0000	-1.0000
49	45	2	68.4798	3	11	0	-1	0	0.0000	-1.0000
49	46	2	70.0131	4	12	0	-1	0	0.0000	-1.0000
49	47	2	71.5463	5	9	0	-1	0	0.0000	-1.0000
49	48	2	73.0796	6	15	0	-1	0	0.0000	-1.0000
49	49	2	74.6128	7	13	0	-1	0	0.0000	-1.0000
49	50	2	76.1461	8	10	0	-1	0	0.0000	-1.0000
49	51	2	77.6793	9	14	0	-1	0	0.0000	-1.0000
49	52	2	79.2126	10	1	0	-1	0	0.0000	-1.0000
49	53	2	80.7458	11	5	0	-1	0	0.0000	-1.0000
49	54	2	82.2791	12	8	0	-1	0	0.0000	-1.0000
49	55	2	83.8123	13	4	0	-1	0	0.0000	-1.0000
49	56	2	85.3456	14	2	0	-1	0	0.0000	-1.0000
49	57	2	86.8789	15	7	0	-1	0	0.0000	-1.0000
49	58	2	88.4121	1	3	0	-1	0	0.0000	-1.0000
49	59	2	89.9454	2	6	0	-1	0	0.0000	-1.0000
49	60	2	91.4786	3	11	0	-1	0	0.0000	-1.0000
49	61	2	93.0119	1	3	0	-1	0	0.0000	-1.0000
49	62	2	94.5451	2	6	0	-1	0	0.0000	-1.0000
49	63	2	96.0784	1	3	0	-1	0	0.0000	-1.0000
49	64	2	97.6116	2	6	0	-1	0	0.0000	-1.0000
49	65	2	99.1449	1	3	0	-1	0	0.0000	-1.0000
49	66	2	100.6781	14	2	0	-1	0	0.0000	-1.0000
49	67	2	102.2114	13	4	0	-1	0	0.0000	-1.0000
49	68	2	103.7447	10	1	0	-1	0	0.0000	-1.0000
49	69	2	105.2779	13	4	0	-1	0	0.0000	-1.0000
49	70	2	106.8112	10	1	0	-1	0	0.0000	-1.0000
49	71	2	108.3444	13	4	0	-1	0	0.0000	-1.0000
49	72	2	109.8777	14	2	0	-1	0	0.0000	-1.0000
49	73	2	111.4109	13	4	0	-1	0	0.0000	-1.0000
49	74	2	112.9442	14	2	0	-1	0	0.0000	-1.0000
49	75	2	114.4774	1	3	0	-1	0	0.0000	-1.0000
49	76	2	116.0107	15	7	0	-1	0	0.0000	-1.0000
49	77	2	117.5440	14	2	0	-1	0	0.0000	-1.0000
49	78	2	119.0772	13	4	0	-1	0	0.0000	-1.0000
49	79	2	120.6105	12	8	0	-1	0	0.0000	-1.0000
49	80	2	122.1437	11	5	0	-1	0	0.0000	-1.0000
49	81	2	123.6770	10	1	0	-1	0	0.0000	-1.0000
49	82	2	125.2102	9	14	0	-1	0	0.0000	-1.0000
49	83	2	126.7435	8	10	0	-1	0	0.0000	-1.0000
49	84	2	128.2767	7	13	0	-1	0	0.0000	-1.0000
49	85	2	129.8100	6	15	0	-1	0	0.0000	-1.0000
49	86	2	131.3432	5	9	0	-1	0	0.0000	-1.0000
49	87	2	132.8765	4	12	0	-1	0	0.0000	-1.0000
49	88	2	134.4097	3	11	0	-1	0	0.0000	-1.0000
49	89	2	135.9430	2	6	0	-1	0	0.0000	-1.0000
49	90	2	137.4762	1	3	0	-1	0	0.0000	-1.0000
49	91	2	139.0095	14	2	0	-1	0	0.0000	-1.0000
49	92	2	140.5428	1	3	0	-1	0	0.0000	-1.0000
49	93	2	142.0760	14	2	0	-1	0	0.0000	-1.0000
49	94	2	143.6093	13	4	0	-1	0	0.0000	-1.0000
49	95	2	145.1425	14	2	0	-1	0	0.0000	-1.0000
49	96	2	146.6758	15	7	0	-1	0	0.0000	-1.0000
49	97	2	148.2090	1	3	0	-1	0	0.0000	-1.0000
49	98	2	149.7423	2	6	0	-1	0	0.0000	-1.0000
49	99	2	151.2755	14	2	0	-1	0	0.0000	-1.0000
49	100	2	152.8088	1	3	0	-1	0	0.0000	-1.0000
49	101	2	154.3420	2	6	0	-1	0	0.0000	-1.0000
49	102	2	155.8753	1	3	0	-1	0	0.0000	-1.0000
49	103	2	157.4086	15	7	0	-1	0	0.0000	-1.0000
49	104	2	158.9418	1	3	0	-1	0	0.0000	-1.0000
49	105	2	160.4751	2	6	0	-1	0	0.0000	-1.0000
49	106	2	162.0083	3	11	0	-1	0	0.0000	-1.0000
49	107	2	163.5416	4	12	0	-1	0	0.0000	-1.0000
49	108	2	165.0748	5	9	0	-1	0	0.0000	-1.0000
49	109	2	166.6081	6	15	0	-1	0	0.0000	-1.0000
49	110	2	168.1413	7	13	0	-1	0	0.0000	-1.0000
49	111	2	169.6746	8	10	0	-1	0	0.0000	-1.0000
49	112	2	171.2078	9	14	0	-1	0	0.0000	-1.0000
49	113	2	172.7411	10	1	0	-1	0	0.0000	-1.0000
49	114	2	174.2744	11	5	0	-1	0	0.0000	-1.0000
49	115	2	175.8076	12	8	0	-1	0	0.0000	-1.0000
49	116	2	177.3408	13	4	0	-1	0	0.0000	-1.0000
49	117	2	178.8741	14	2	0	-1	0	0.0000	-1.0000
49	118	2	180.4074	15	7	0	-1	0	0.0000	-1.0000
49	119	2	181.9406	1	3	0	-1	0	0.0000	-1.0000
49	120	2	183.4739	2	6	0	-1	0	0.0000	-1.0000
49	121	2	185.0071	15	7	0	-1	0	0.0000	-1.0000
49	122	2	186.5404	14	2	0	-1	0	0.0000	-1.0000
49	123	2	188.0736	2	6	0	-1	0	0.0000	-1.0000
49	124	2	189.6069	15	7	0	-1	0	0.0000	-1.0000
49	125	2	191.1401	2	6	0	-1	0	0.0000	-1.0000
49	126	2	192.6734	14	2	0	-1	0	0.0000	-1.0000
49	127	2	194.2066	1	3	0	-1	0	0.0000	-1.0000
49	128	2	195.7399	3	11	0	-1	0	0.0000	-1.0000
49	129	2	197.2732	15	7	0	-1	0	0.0000	-1.0000
49	130	2	198.8064	3	11	0	-1	0	0.0000	-1.0000
49	131	2	200.3397	1	3	0	-1	0	0.0000	-1.0000
49	132	2	201.8729	3	11	0	-1	0	0.0000	-1.0000
49	133	2	203.4062	1	3	0	-1	0	0.0000	-1.0000
49	134	2	204.9394	14	2	0	-1	0	0.0000	-1.0000
49	135	2	206.4727	13	4	0	-1	0	0.0000	-1.0000
49	136	2	208.0059	12	8	0	-1	0	0.0000	-1.0000
49	137	2	209.5392	11	5	0	-1	0	0.0000	-1.0000
49	138	2	211.0725	10	1	0	-1	0	0.0000	-1.0000
49	139	2	212.6057	9	14	0	-1	0	0.0000	-1.0000
49	140	2	214.1390	8	10	0	-1	0	0.0000	-1.0000
49	141	2	215.6722	7	13	0	-1	0	0.0000	-1.0000
49	142	2	217.2055	6	15	0	-1	0	0.0000	-1.0000
49	143	2	218.7387	5	9	0	-1	0	0.0000	-1.0000
49	144	2	220.2720	4	12	0	-1	0	0.0000	-1.0000
49	145	2	221.8052	3	11	0	-1	0	0.0000	-1.0000
49	146	2	223.3385	2	6	0	-1	0	0.0000	-1.0000
49	147	2	224.8717	1	3	0	-1	0	0.0000	-1.0000
49	148	2	226.4050	15	7	0	-1	0	0.0000	-1.0000
49	149	2	227.9382	14	2	0	-1	0	0.0000	-1.0000
49	150	2	229.4715	13	4	0	-1	0	0.0000	-1.0000
49	151	2	231.0048	14	2	0	-1	0	0.0000	-1.0000
49	152	2	232.5380	13	4	0	-1	0	0.0000	-1.0000
49	153	2	234.0713	10	1	0	-1	0	0.0000	-1.0000
49	154	2	235.6045	11	5	0	-1	0	0.0000	-1.0000
49	155	2	237.1378	12	8	0	-1	0	0.0000	-1.0000
49	156	2	238.6710	13	4	0	-1	0	0.0000	-1.0000
49	157	2	240.2043	12	8	0	-1	0	0.0000	-1.0000
49	158	2	241.7375	11	5	0	-1	0	0.0000	-1.0000
49	159	2	243.2708	13	4	0	-1	0	0.0000	-1.0000
49	160	2	244.8040	14	2	0	-1	0	0.0000	-1.0000
49	161	2	246.3373	1	3	0	-1	0	0.0000	-1.0000
49	162	2	247.8705	2	6	0	-1	0	0.0000	-1.0000
49	163	2	249.4038	15	7	0	-1	0	0.0000	-1.0000
49	164	2	250.9371	2	6	0	-1	0	0.0000	-1.0000
49	165	2	252.4703	15	7	0	-1	0	0.0000	-1.0000
49	166	2	254.0036	1	3	0	-1	0	0.0000	-1.0000
49	167	2	255.5368	2	6	0	-1	0	0.0000	-1.0000
49	168	2	257.0701	3	11	0	-1	0	0.0000	-1.0000
49	169	2	258.6033	4	12	0	-1	0	0.0000	-1.0000
49	170	2	260.1366	5	9	0	-1	0	0.0000	-1.0000
49	171	2	261.6698	6	15	0	-1	0	0.0000	-1.0000
49	172	2	263.2031	7	13	0	-1	0	0.0000	-1.0000
49	173	2	264.7363	8	10	0	-1	0	0.0000	-1.0000
49	174	2	266.2696	9	14	0	-1	0	0.0000	-1.0000
49	175	2	267.8029	10	1	0	-1	0	0.0000	-1.0000
49	176	2	269.3361	11	5	0	-1	0	0.0000	-1.0000
49	177	2	270.8694	12	8	0	-1	0	0.0000	-1.0000
49	178	2	272.4026	13	4	0	-1	0	0.0000	-1.0000
49	179	2	273.9359	14	2	0	-1	0	0.0000	-1.0000
49	180	2	275.4691	15	7	0	-1	0	0.0000	-1.0000
49	181	2	277.0024	1	3	0	-1	0	0.0000	-1.0000
49	182	2	278.5356	3	11	0	-1	0	0.0000	-1.0000
49	183	2	280.0689	2	6	0	-1	0	0.0000	-1.0000
49	184	2	281.6021	1	3	0	-1	0	0.0000	-1.0000
49	185	2	283.1354	15	7	0	-1	0	0.0000	-1.0000
49	186	2	284.6687	2	6	0	-1	0	0.0000	-1.0000
49	187	2	286.2019	1	3	0	-1	0	0.0000	-1.0000
49	188	2	287.7351	3	11	0	-1	0	0.0000	-1.0000
49	189	2	289.2684	2	6	0	-1	0	0.0000	-1.0000
49	190	2	290.8017	15	7	0	-1	0	0.0000	-1.0000
49	191	2	292.3349	1	3	0	-1	0	0.0000	-1.0000
49	192	2	293.8682	3	11	0	-1	0	0.0000	-1.0000
49	193	2	295.4014	15	7	0	-1	0	0.0000	-1.0000
49	194	2	296.9347	3	11	0	-1	0	0.0000	-1.0000
49	195	2	298.4679	1	3	0	-1	0	0.0000	-1.0000
49	196	2	300.0012	2	6	0	-1	0	0.0000	-1.0000
49	197	2	301.5344	3	11	0	-1	0	0.0000	-1.0000
49	198	2	303.0677	4	12	0	-1	0	0.0000	-1.0000
49	199	2	304.6009	5	9	0	-1	0	0.0000	-1.0000
49	200	2	306.1342	6	15	0	-1	0	0.0000	-1.0000
49	201	2	307.6675	7	13	0	-1	0	0.0000	-1.0000
49	202	2	309.2007	8	10	0	-1	0	0.0000	-1.0000
49	203	2	310.7340	9	14	0	-1	0	0.0000	-1.0000
49	204	2	312.2672	10	1	0	-1	0	0.0000	-1.0000
49	205	2	313.8005	11	5	0	-1	0	0.0000	-1.0000
49	206	2	315.3337	12	8	0	-1	0	0.0000	-1.0000
49	207	2	316.8670	13	4	0	-1	0	0.0000	-1.0000
49	208	2	318.4002	14	2	0	-1	0	0.0000	-1.0000
49	209	2	319.9335	15	7	0	-1	0	0.0000	-1.0000
49	210	2	321.4667	1	3	0	-1	0	0.0000	-1.0000
49	211	2	323.0000	3	11	0	-1	0	0.0000	-1.0000
49	212	2	324.5333	15	7	0	-1	0	0.0000	-1.0000
49	213	2	326.0665	3	11	0	-1	0	0.0000	-1.0000
49	214	2	327.5998	4	12	0	-1	0	0.0000	-1.0000
49	215	2	329.1330	7	13	0	-1	0	0.0000	-1.0000
49	216	2	330.6663	6	15	0	-1	0	0.0000	-1.0000
49	217	2	332.1995	7	13	0	-1	0	0.0000	-1.0000
49	218	2	333.7328	4	12	0	-1	0	0.0000	-1.0000
49	219	2	335.2660	3	11	0	-1	0	0.0000	-1.0000
49	220	2	336.7993	1	3	0	-1	0	0.0000	-1.0000
49	221	2	338.3325	14	2	0	-1	0	0.0000	-1.0000
49	222	2	339.8658	2	6	0	-1	0	0.0000	-1.0000
49	223	2	341.3991	3	11	0	-1	0	0.0000	-1.0000
49	224	2	342.9323	15	7	0	-1	0	0.0000	-1.0000
49	225	2	344.4656	1	3	0	-1	0	0.0000	-1.0000
49	226	2	345.9988	2	6	0	-1	0	0.0000	-1.0000
49	227	2	347.5321	3	11	0	-1	0	0.0000	-1.0000
49	228	2	349.0653	4	12	0	-1	0	0.0000	-1.0000
49	229	2	350.5986	5	9	0	-1	0	0.0000	-1.0000
49	230	2	352.1318	6	15	0	-1	0	0.0000	-1.0000
49	231	2	353.6651	7	13	0	-1	0	0.0000	-1.0000
49	232	2	355.1983	8	10	0	-1	0	0.0000	-1.0000
49	233	2	356.7316	9	14	0	-1	0	0.0000	-1.0000
49	234	2	358.2648	10	1	0	-1	0	0.0000	-1.0000
49	235	2	359.7981	11	5	0	-1	0	0.0000	-1.0000
49	236	2	361.3313	12	8	0	-1	0	0.0000	-1.0000
49	237	2	362.8646	13	4	0	-1	0	0.0000	-1.0000
49	238	2	364.3979	14	2	0	-1	0	0.0000	-1.0000
49	239	2	365.9311	15	7	0	-1	0	0.0000	-1.0000
49	240	2	367.4644	1	3	0	-1	0	0.0000	-1.0000
49	241	2	368.9976	15	7	0	-1	0	0.0000	-1.0000
49	242	2	370.5309	3	11	0	-1	0	0.0000	-1.0000
49	243	2	372.0641	4	12	0	-1	0	0.0000	-1.0000
49	244	2	373.5974	3	11	0	-1	0	0.0000	-1.0000
49	245	2	375.1307	4	12	0	-1	0	0.0000	-1.0000
49	246	2	376.6639	5	9	0	-1	0	0.0000	-1.0000
49	247	2	378.1971	4	12	0	-1	0	0.0000	-1.0000
49	248	2	379.7304	5	9	0	-1	0	0.0000	-1.0000
49	249	2	381.2636	4	12	0	-1	0	0.0000	-1.0000
49	250	2	382.7969	3	11	0	-1	0	0.0000	-1.0000
49	251	2	384.3302	15	7	0	-1	0	0.0000	-1.0000
49	252	2	385.8634	1	3	0	-1	0	0.0000	-1.0000
49	253	2	387.3967	15	7	0	-1	0	0.0000	-1.0000
49	254	2	388.9299	1	3	0	-1	0	0.0000	-1.0000
49	255	2	390.4632	3	11	0	-1	0	0.0000	-1.0000
49	256	2	391.9964	2	6	0	-1	0	0.0000	-1.0000
49	257	2	393.5297	1	3	0	-1	0	0.0000	-1.0000
49	258	2	395.0629	15	7	0	-1	0	0.0000	-1.0000
49	259	2	396.5962	14	2	0	-1	0	0.0000	-1.0000
49	260	2	398.1295	13	4	0	-1	0	0.0000	-1.0000
49	261	2	399.6627	12	8	0	-1	0	0.0000	-1.0000
49	262	2	401.1960	11	5	0	-1	0	0.0000	-1.0000
49	263	2	402.7292	10	1	0	-1	0	0.0000	-1.0000
49	264	2	404.2625	9	14	0	-1	0	0.0000	-1.0000
49	265	2	405.7957	8	10	0	-1	0	0.0000	-1.0000
49	266	2	407.3290	7	13	0	-1	0	0.0000	-1.0000
49	267	2	408.8622	6	15	0	-1	0	0.0000	-1.0000
49	268	2	410.3955	5	9	0	-1	0	0.0000	-1.0000
49	269	2	411.9287	4	12	0	-1	0	0.0000	-1.0000
49	270	2	413.4620	3	11	0	-1	0	0.0000	-1.0000
49	271	2	414.9952	4	12	0	-1	0	0.0000	-1.0000
49	272	2	416.5285	5	9	0	-1	0	0.0000	-1.0000
49	273	2	418.0618	8	10	0	-1	0	0.0000	-1.0000
49	274	2	419.5950	6	15	0	-1	0	0.0000	-1.0000
49	275	2	421.1283	7	13	0	-1	0	0.0000	-1.0000
49	276	2	422.6615	8	10	0	-1	0	0.0000	-1.0000
49	277	2	424.1948	7	13	0	-1	0	0.0000	-1.0000
49	278	2	425.7280	6	15	0	-1	0	0.0000	-1.0000
49	279	2	427.2613	5	9	0	-1	0	0.0000	-1.0000
49	280	2	428.7945	7	13	0	-1	0	0.0000	-1.0000
49	281	2	430.3278	6	15	0	-1	0	0.0000	-1.0000
49	282	2	431.8610	5	9	0	-1	0	0.0000	-1.0000
49	283	2	433.3943	7	13	0	-1	0	0.0000	-1.0000
49	284	2	434.9276	4	12	0	-1	0	0.0000	-1.0000
49	285	2	436.4608	5	9	0	-1	0	0.0000	-1.0000
49	286	2	437.9941	4	12	0	-1	0	0.0000	-1.0000
49	287	2	439.5273	3	11	0	-1	0	0.0000	-1.0000
49	288	2	441.0606	2	6	0	-1	0	0.0000	-1.0000
49	289	2	442.5938	1	3	0	-1	0	0.0000	-1.0000
49	290	2	444.1271	15	7	0	-1	0	0.0000	-1.0000
49	291	2	445.6603	14	2	0	-1	0	0.0000	-1.0000
49	292	2	447.1936	13	4	0	-1	0	0.0000	-1.0000
49	293	2	448.7268	12	8	0	-1	0	0.0000	-1.0000
49	294	2	450.2601	11	5	0	-1	0	0.0000	-1.0000
49	295	2	451.7933	10	1	0	-1	0	0.0000	-1.0000
49	296	2	453.3266	9	14	0	-1	0	0.0000	-1.0000
49	297	2	454.8598	8	10	0	-1	0	0.0000	-1.0000
49	298	2	456.3931	7	13	0	-1	0	0.0000	-1.0000
49	299	2	457.9263	6	15	0	-1	0	0.0000	-1.0000
49	300	2	459.4596	5	9	0	-1	0	0.0000	-1.0000
49	301	2	460.9929	7	13	0	-1	0	0.0000	-1.0000
49	302	2	462.5261	5	9	0	-1	0	0.0000	-1.0000
49	303	2	464.0594	6	15	0	-1	0	0.0000	-1.0000
49	304	2	465.5926	5	9	0	-1	0	0.0000	-1.0000
49	305	2	467.1259	8	10	0	-1	0	0.0000	-1.0000
49	306	2	468.6591	5	9	0	-1	0	0.0000	-1.0000
49	307	2	470.1924	7	13	0	-1	0	0.0000	-1.0000
49	308	2	471.7256	6	15	0	-1	0	0.0000	-1.0000
49	309	2	473.2589	7	13	0	-1	0	0.0000	-1.0000
49	310	2	474.7922	4	12	0	-1	0	0.0000	-1.0000
49	311	2	476.3254	7	13	0	-1	0	0.0000	-1.0000
49	312	2	477.8587	5	9	0	-1	0	0.0000	-1.0000
49	313	2	479.3919	4	12	0	-1	0	0.0000	-1.0000
49	314	2	480.9252	6	15	0	-1	0	0.0000	-1.0000
49	315	2	482.4584	7	13	0	-1	0	0.0000	-1.0000
49	316	2	483.9917	8	10	0	-1	0	0.0000	-1.0000
49	317	2	485.5249	9	14	0	-1	0	0.0000	-1.0000
49	318	2	487.0582	10	1	0	-1	0	0.0000	-1.0000
49	319	2	488.5914	11	5	0	-1	0	0.0000	-1.0000
49	320	2	490.1247	12	8	0	-1	0	0.0000	-1.0000
49	321	2	491.6580	13	4	0	-1	0	0.0000	-1.0000
49	322	2	493.1912	14	2	0	-1	0	0.0000	-1.0000
49	323	2	494.7245	15	7	0	-1	0	0.0000	-1.0000
49	324	2	496.2577	1	3	0	-1	0	0.0000	-1.0000
49	325	2	497.7910	2	6	0	-1	0	0.0000	-1.0000
49	326	2	499.3242	3	11	0	-1	0	0.0000	-1.0000
49	327	2	500.8575	4	12	0	-1	0	0.0000	-1.0000
49	328	2	502.3907	5	9	0	-1	0	0.0000	-1.0000
49	329	2	503.9240	6	15	0	-1	0	0.0000	-1.0000
49	330	2	505.4572	7	13	0	-1	0	0.0000	-1.0000
49	331	2	506.9905	6	15	0	-1	0	0.0000	-1.0000
49	332	2	508.5237	5	9	0	-1	0	0.0000	-1.0000
49	333	2	510.0570	8	10	0	-1	0	0.0000	-1.0000
49	334	2	511.5902	7	13	0	-1	0	0.0000	-1.0000
49	335	2	513.1235	5	9	0	-1	0	0.0000	-1.0000
49	336	2	514.6568	6	15	0	-1	0	0.0000	-1.0000
49	337	2	516.1900	8	10	0	-1	0	0.0000	-1.0000
49	338	2	517.7233	5	9	0	-1	0	0.0000	-1.0000
49	339	2	519.2565	4	12	0	-1	0	0.0000	-1.0000
49	340	2	520.7898	6	15	0	-1	0	0.0000	-1.0000
49	341	2	522.3230	5	9	0	-1	0	0.0000	-1.0000
49	342	2	523.8563	4	12	0	-1	0	0.0000	-1.0000
49	343	2	525.3895	5	9	0	-1	0	0.0000	-1.0000
49	344	2	526.9228	4	12	0	-1	0	0.0000	-1.0000
49	345	2	528.4560	3	11	0	-1	0	0.0000	-1.0000
49	346	2	529.9893	4	12	0	-1	0	0.0000	-1.0000
49	347	2	531.5225	5	9	0	-1	0	0.0000	-1.0000
49	348	2	533.0558	6	15	0	-1	0	0.0000	-1.0000
49	349	2	534.5891	7	13	0	-1	0	0.0000	-1.0000
49	350	2	536.1223	8	10	0	-1	0	0.0000	-1.0000
49	351	2	537.6556	9	14	0	-1	0	0.0000	-1.0000
49	352	2	539.1888	10	1	0	-1	0	0.0000	-1.0000
49	353	2	540.7221	11	5	0	-1	1	0.0000	1.2114
49	354	2	542.2553	12	8	0	-1	0	0.0000	-1.0000
49	355	2	543.7886	13	4	0	-1	0	0.0000	-1.0000
49	356	2	545.3218	14	2	0	-1	0	0.0000	-1.0000
49	357	2	546.8551	15	7	0	-1	0	0.0000	-1.0000
49	358	2	548.3884	1	3	0	-1	0	0.0000	-1.0000
49	359	2	549.9216	2	6	0	-1	0	0.0000	-1.0000
49	360	2	551.4548	3	11	0	-1	0	0.0000	-1.0000
49	361	2	552.9881	15	7	0	-1	0	0.0000	-1.0000
49	362	2	554.5214	14	2	0	-1	0	0.0000	-1.0000
49	363	2	556.0546	1	3	0	-1	0	0.0000	-1.0000
49	364	2	557.5879	15	7	0	-1	0	0.0000	-1.0000
49	365	2	559.1211	3	11	0	-1	0	0.0000	-1.0000
49	366	2	560.6544	2	6	0	-1	0	0.0000	-1.0000
49	367	2	562.1876	15	7	0	-1	0	0.0000	-1.0000
49	368	2	563.7209	1	3	0	-1	0	0.0000	-1.0000
49	369	2	565.2541	15	7	0	-1	0	0.0000	-1.0000
49	370	2	566.7874	1	3	0	-1	0	0.0000	-1.0000
49	371	2	568.3206	14	2	0	-1	0	0.0000	-1.0000
49	372	2	569.8539	13	4	0	-1	0	0.0000	-1.0000
49	373	2	571.3872	12	8	0	-1	0	0.0000	-1.0000
49	374	2	572.9204	13	4	0	-1	0	0.0000	-1.0000
49	375	2	574.4537	14	2	0	-1	0	0.0000	-1.0000
49	376	2	575.9869	15	7	0	-1	0	0.0000	-1.0000
49	377	2	577.5202	1	3	0	-1	0	0.0000	-1.0000
49	378	2	579.0534	2	6	0	-1	0	0.0000	-1.0000
49	379	2	580.5867	3	11	0	-1	0	0.0000	-1.0000
49	380	2	582.1199	4	12	0	-1	0	0.0000	-1.0000
49	381	2	583.6532	5	9	0	-1	0	0.0000	-1.0000
49	382	2	585.1864	6	15	0	-1	0	0.0000	-1.0000
49	383	2	586.7197	7	13	0	-1	0	0.0000	-1.0000
49	384	2	588.2530	8	10	0	-1	0	0.0000	-1.0000
49	385	2	589.7862	9	14	0	-1	0	0.0000	-1.0000
49	386	2	591.3195	10	1	0	-1	0	0.0000	-1.0000
49	387	2	592.8527	11	5	0	-1	0	0.0000	-1.0000
49	388	2	594.3860	12	8	0	-1	0	0.0000	-1.0000
49	389	2	595.9192	13	4	0	-1	0	0.0000	-1.0000
49	390	2	597.4525	14	2	0	-1	0	0.0000	-1.0000
49	391	2	598.9857	13	4	0	-1	0	0.0000	-1.0000
49	392	2	600.5190	14	2	0	-1	0	0.0000	-1.0000
49	393	2	602.0522	2	6	0	-1	0	0.0000	-1.0000
49	394	2	603.5855	1	3	0	-1	0	0.0000	-1.0000
49	395	2	605.1188	14	2	0	-1	0	0.0000	-1.0000
49	396	2	606.6520	13	4	0	-1	0	0.0000	-1.0000
49	397	2	608.1853	12	8	0	-1	0	0.0000	-1.0000
49	398	2	609.7185	13	4	0	-1	0	0.0000	-1.0000
49	399	2	611.2518	11	5	0	-1	0	0.0000	-1.0000
49	400	2	612.7850	9	14	0	-1	0	0.0000	-1.0000
49	401	2	614.3183	8	10	0	-1	0	0.0000	-1.0000
49	402	2	615.8515	7	13	0	-1	0	0.0000	-1.0000
49	403	2	617.3848	5	9	0	-1	0	0.0000	-1.0000
49	404	2	618.9180	6	15	0	-1	0	0.0000	-1.0000
49	405	2	620.4513	8	10	0	-1	0	0.0000	-1.0000
49	406	2	621.9845	7	13	0	-1	0	0.0000	-1.0000
49	407	2	623.5178	6	15	0	-1	0	0.0000	-1.0000
49	408	2	625.0510	5	9	0	-1	0	0.0000	-1.0000
49	409	2	626.5843	4	12	0	-1	0	0.0000	-1.0000
49	410	2	628.1176	3	11	0	-1	0	0.0000	-1.0000
49	411	2	629.6508	2	6	0	-1	0	0.0000	-1.0000
49	412	2	631.1841	1	3	0	-1	0	0.0000	-1.0000
49	413	2	632.7173	15	7	0	-1	0	0.0000	-1.0000
49	414	2	634.2506	14	2	0	-1	0	0.0000	-1.0000
49	415	2	635.7838	13	4	0	-1	0	0.0000	-1.0000
49	416	2	637.3171	12	8	0	-1	0	0.0000	-1.0000
49	417	2	638.8503	11	5	0	-1	0	0.0000	-1.0000
49	418	2	640.3836	10	1	0	-1	0	0.0000	-1.0000
49	419	2	641.9168	9	14	0	-1	0	0.0000	-1.0000
49	420	2	643.4501	8	10	0	-1	0	0.0000	-1.0000
49	421	2	644.9833	6	15	0	-1	0	0.0000	-1.0000
49	422	2	646.5166	5	9	0	-1	0	0.0000	-1.0000
49	423	2	648.0499	4	12	0	-1	0	0.0000	-1.0000
49	424	2	649.5831	7	13	0	-1	0	0.0000	-1.0000
49	425	2	651.1164	4	12	0	-1	0	0.0000	-1.0000
49	426	2	652.6496	5	9	0	-1	0	0.0000	-1.0000
49	427	2	654.1829	8	10	0	-1	0	0.0000	-1.0000
49	428	2	655.7161	7	13	0	-1	0	0.0000	-1.0000
49	429	2	657.2494	4	12	0	-1	0	0.0000	-1.0000
49	430	2	658.7826	7	13	0	-1	0	0.0000	-1.0000
49	431	2	660.3159	6	15	0	-1	0	0.0000	-1.0000
49	432	2	661.8491	5	9	0	-1	0	0.0000	-1.0000
49	433	2	663.3824	4	12	0	-1	0	0.0000	-1.0000
49	434	2	664.9157	6	15	0	-1	0	0.0000	-1.0000
49	435	2	666.4489	4	12	0	-1	0	0.0000	-1.0000
49	436	2	667.9822	5	9	0	-1	0	0.0000	-1.0000
49	437	2	669.5154	6	15	0	-1	0	0.0000	-1.0000
49	438	2	671.0487	7	13	0	-1	0	0.0000	-1.0000
49	439	2	672.5819	8	10	0	-1	0	0.0000	-1.0000
49	440	2	674.1152	9	14	0	-1	0	0.0000	-1.0000
49	441	2	675.6484	10	1	0	-1	0	0.0000	-1.0000
49	442	2	677.1817	11	5	0	-1	0	0.0000	-1.0000
49	443	2	678.7149	12	8	0	-1	0	0.0000	-1.0000
49	444	2	680.2482	13	4	0	-1	0	0.0000	-1.0000
49	445	2	681.7815	14	2	0	-1	0	0.0000	-1.0000
49	446	2	683.3147	15	7	0	-1	0	0.0000	-1.0000
49	447	2	684.8479	1	3	0	-1	0	0.0000	-1.0000
49	448	2	686.3812	2	6	0	-1	0	0.0000	-1.0000
49	449	2	687.9145	3	11	0	-1	0	0.0000	-1.0000
49	450	2	689.4477	4	12	0	-1	0	0.0000	-1.0000
49	451	2	690.9810	3	11	0	-1	0	0.0000	-1.0000
49	452	2	692.5142	4	12	0	-1	0	0.0000	-1.0000
49	453	2	694.0475	3	11	0	-1	0	0.0000	-1.0000
49	454	2	695.5807	1	3	0	-1	0	0.0000	-1.0000
49	455	2	697.1140	3	11	0	-1	0	0.0000	-1.0000
49	456	2	698.6473	2	6	0	-1	0	0.0000	-1.0000
49	457	2	700.1805	15	7	0	-1	0	0.0000	-1.0000
49	458	2	701.7138	14	2	0	-1	0	0.0000	-1.0000
49	459	2	703.2470	13	4	0	-1	0	0.0000	-1.0000
49	460	2	704.7803	14	2	0	-1	0	0.0000	-1.0000
49	461	2	706.3135	1	3	0	-1	0	0.0000	-1.0000
49	462	2	707.8468	15	7	0	-1	0	0.0000	-1.0000
49	463	2	709.3800	3	11	0	-1	0	0.0000	-1.0000
49	464	2	710.9133	15	7	0	-1	0	0.0000	-1.0000
49	465	2	712.4465	14	2	0	-1	0	0.0000	-1.0000
49	466	2	713.9798	13	4	0	-1	0	0.0000	-1.0000
49	467	2	715.5130	12	8	0	-1	0	0.0000	-1.0000
49	468	2	717.0463	11	5	0	-1	0	0.0000	-1.0000
49	469	2	718.5795	10	1	0	-1	0	0.0000	-1.0000
49	470	2	720.1128	9	14	0	-1	0	0.0000	-1.0000
49	471	2	721.6461	8	10	0	-1	0	0.0000	-1.0000
49	472	2	723.1793	7	13	0	-1	0	0.0000	-1.0000
49	473	2	724.7126	6	15	0	-1	0	0.0000	-1.0000
49	474	2	726.2458	5	9	0	-1	0	0.0000	-1.0000
49	475	2	727.7791	4	12	0	-1	0	0.0000	-1.0000
49	476	2	729.3123	3	11	0	-1	0	0.0000	-1.0000
49	477	2	730.8456	2	6	0	-1	0	0.0000	-1.0000
49	478	2	732.3788	1	3	0	-1	0	0.0000	-1.0000
49	479	2	733.9121	15	7	0	-1	0	0.0000	-1.0000
49	480	2	735.4453	14	2	0	-1	0	0.0000	-1.0000
49	481	2	736.9786	2	6	0	-1	0	0.0000	-1.0000
49	482	2	738.5118	3	11	0	-1	0	0.0000	-1.0000
49	483	2	740.0451	2	6	0	-1	0	0.0000	-1.0000
49	484	2	741.5784	3	11	0	-1	0	0.0000	-1.0000
49	485	2	743.1116	4	12	0	-1	0	0.0000	-1.0000
49	486	2	744.6449	5	9	0	-1	0	0.0000	-1.0000
49	487	2	746.1781	7	13	0	-1	0	0.0000	-1.0000
49	488	2	747.7114	6	15	0	-1	0	0.0000	-1.0000
49	489	2	749.2446	5	9	0	-1	0	0.0000	-1.0000
49	490	2	750.7779	8	10	0	-1	0	0.0000	-1.0000
49	491	2	752.3111	9	14	0	-1	0	0.0000	-1.0000
49	492	2	753.8444	10	1	0	-1	0	0.0000	-1.0000
49	493	2	755.3776	12	8	0	-1	0	0.0000	-1.0000
49	494	2	756.9109	11	5	0	-1	0	0.0000	-1.0000
49	495	2	758.4442	13	4	0	-1	0	0.0000	-1.0000
49	496	2	759.9774	12	8	0	-1	0	0.0000	-1.0000
49	497	2	761.5107	11	5	0	-1	0	0.0000	-1.0000
49	498	2	763.0439	10	1	0	-1	0	0.0000	-1.0000
49	499	2	764.5772	9	14	0	-1	0	0.0000	-1.0000
49	500	2	766.1104	8	10	0	-1	0	0.0000	-1.0000
49	501	2	767.6437	7	13	0	-1	0	0.0000	-1.0000
49	502	2	769.1769	6	15	0	-1	0	0.0000	-1.0000
49	503	2	770.7102	5	9	0	-1	0	0.0000	-1.0000
49	504	2	772.2434	4	12	0	-1	0	0.0000	-1.0000
49	505	2	773.7767	3	11	0	-1	0	0.0000	-1.0000
49	506	2	775.3099	2	6	0	-1	0	0.0000	-1.0000
49	507	2	776.8432	1	3	0	-1	0	0.0000	-1.0000
49	508	2	778.3764	15	7	0	-1	0	0.0000	-1.0000
49	509	2	779.9097	14	2	0	-1	0	0.0000	-1.0000
49	510	2	781.4429	13	4	0	-1	0	0.0000	-1.0000
49	511	2	782.9762	10	1	0	-1	0	0.0000	-1.0000
49	512	2	784.5095	11	5	0	-1	0	0.0000	-1.0000
49	513	2	786.0427	9	14	0	-1	0	0.0000	-1.0000
49	514	2	787.5760	8	10	0	-1	0	0.0000	-1.0000
49	515	2	789.1092	5	9	0	-1	0	0.0000	-1.0000
49	516	2	790.6425	7	13	0	-1	0	0.0000	-1.0000
49	517	2	792.1757	8	10	0	-1	0	0.0000	-1.0000
49	518	2	793.7090	5	9	0	-1	0	0.0000	-1.0000
49	519	2	795.2422	7	13	0	-1	0	0.0000	-1.0000
49	520	2	796.7755	6	15	0	-1	0	0.0000	-1.0000
49	521	2	798.3088	7	13	0	-1	0	0.0000	-1.0000
49	522	2	799.8420	5	9	0	-1	0	0.0000	-1.0000
49	523	2	801.3753	7	13	0	-1	0	0.0000	-1.0000
49	524	2	802.9085	4	12	0	-1	0	0.0000	-1.0000
49	525	2	804.4418	7	13	0	-1	0	0.0000	-1.0000
49	526	2	805.9750	8	10	0	-1	0	0.0000	-1.0000
49	527	2	807.5083	9	14	0	-1	0	0.0000	-1.0000
49	528	2	809.0415	10	1	0	-1	0	0.0000	-1.0000
49	529	2	810.5748	11	5	0	-1	0	0.0000	-1.0000
49	530	2	812.1080	12	8	0	-1	0	0.0000	-1.0000
49	531	2	813.6413	13	4	0	-1	0	0.0000	-1.0000
49	532	2	815.1745	14	2	0	-1	0	0.0000	-1.0000
49	533	2	816.7078	15	7	0	-1	0	0.0000	-1.0000
49	534	2	818.2411	1	3	0	-1	0	0.0000	-1.0000
49	535	2	819.7743	2	6	0	-1	0	0.0000	-1.0000
49	536	2	821.3076	3	11	0	-1	0	0.0000	-1.0000
49	537	2	822.8408	4	12	0	-1	0	0.0000	-1.0000
49	538	2	824.3741	5	9	0	-1	0	0.0000	-1.0000
49	539	2	825.9073	6	15	0	-1	0	0.0000	-1.0000
49	540	2	827.4406	7	13	0	-1	0	0.0000	-1.0000
49	541	2	828.9738	6	15	0	-1	0	0.0000	-1.0000
49	542	2	830.5071	8	10	0	-1	0	0.0000	-1.0000
49	543	2	832.0403	6	15	0	-1	0	0.0000	-1.0000
49	544	2	833.5736	5	9	0	-1	0	0.0000	-1.0000
49	545	2	835.1069	7	13	0	-1	0	0.0000	-1.0000
49	546	2	836.6401	4	12	0	-1	0	0.0000	-1.0000
49	547	2	838.1734	7	13	0	-1	0	0.0000	-1.0000
49	548	2	839.7066	6	15	0	-1	0	0.0000	-1.0000
49	549	2	841.2399	5	9	0	-1	0	0.0000	-1.0000
49	550	2	842.7731	4	12	0	-1	0	0.0000	-1.0000
49	551	2	844.3064	7	13	0	-1	0	0.0000	-1.0000
49	552	2	845.8396	6	15	0	-1	0	0.0000	-1.0000
49	553	2	847.3729	8	10	0	-1	0	0.0000	-1.0000
49	554	2	848.9061	5	9	0	-1	0	0.0000	-1.0000
49	555	2	850.4394	4	12	0	-1	0	0.0000	-1.0000
49	556	2	851.9726	5	9	0	-1	0	0.0000	-1.0000
49	557	2	853.5059	6	15	0	-1	0	0.0000	-1.0000
49	558	2	855.0392	7	13	0	-1	0	0.0000	-1.0000
49	559	2	856.5724	8	10	0	-1	0	0.0000	-1.0000
49	560	2	858.1057	9	14	0	-1	0	0.0000	-1.0000
49	561	2	859.6389	10	1	0	-1	0	0.0000	-1.0000
49	562	2	861.1722	11	5	0	-1	0	0.0000	-1.0000
49	563	2	862.7054	12	8	0	-1	0	0.0000	-1.0000
49	564	2	864.2387	13	4	0	-1	0	0.0000	-1.0000
49	565	2	865.7719	14	2	0	-1	0	0.0000	-1.0000
49	566	2	867.3052	15	7	0	-1	0	0.0000	-1.0000
49	567	2	868.8385	1	3	0	-1	0	0.0000	-1.0000
49	568	2	870.3717	2	6	0	-1	0	0.0000	-1.0000
49	569	2	871.9050	3	11	0	-1	0	0.0000	-1.0000
49	570	2	873.4382	4	12	0	-1	0	0.0000	-1.0000
49	571	2	874.9715	5	9	0	-1	0	0.0000	-1.0000
49	572	2	876.5047	6	15	0	-1	0	0.0000	-1.0000
49	573	2	878.0380	4	12	0	-1	0	0.0000	-1.0000
49	574	2	879.5712	3	11	0	-1	0	0.0000	-1.0000
49	575	2	881.1045	1	3	0	-1	0	0.0000	-1.0000
49	576	2	882.6377	14	2	0	-1	0	0.0000	-1.0000
49	577	2	884.1710	1	3	0	-1	0	0.0000	-1.0000
49	578	2	885.7042	3	11	0	-1	0	0.0000	-1.0000
49	579	2	887.2375	15	7	0	-1	0	0.0000	-1.0000
49	580	2	888.7707	2	6	0	-1	0	0.0000	-1.0000
49	581	2	890.3040	3	11	0	-1	0	0.0000	-1.0000
49	582	2	891.8372	4	12	0	-1	0	0.0000	-1.0000
49	583	2	893.3705	7	13	0	-1	0	0.0000	-1.0000
49	584	2	894.9038	8	10	0	-1	0	0.0000	-1.0000
49	585	2	896.4370	6	15	0	-1	0	0.0000	-1.0000
49	586	2	897.9703	5	9	0	-1	0	0.0000	-1.0000
49	587	2	899.5035	4	12	0	-1	0	0.0000	-1.0000
49	588	2	901.0368	3	11	0	-1	0	0.0000	-1.0000
49	589	2	902.5700	2	6	0	-1	0	0.0000	-1.0000
49	590	2	904.1033	1	3	0	-1	0	0.0000	-1.0000
49	591	2	905.6365	15	7	0	-1	0	0.0000	-1.0000
49	592	2	907.1698	14	2	0	-1	0	0.0000	-1.0000
49	593	2	908.7030	13	4	0	-1	0	0.0000	-1.0000
49	594	2	910.2363	12	8	0	-1	0	0.0000	-1.0000
49	595	2	911.7695	11	5	0	-1	0	0.0000	-1.0000
49	596	2	913.3028	10	1	0	-1	0	0.0000	-1.0000
49	597	2	914.8361	9	14	0	-1	0	0.0000	-1.0000
49	598	2	916.3693	8	10	0	-1	0	0.0000	-1.0000
49	599	2	917.9026	7	13	0	-1	0	0.0000	-1.0000
49	600	2	919.4358	6	15	0	-1	0	0.0000	-1.0000
Actual parsing ratio
0.0000
Possible node parses
96.0000
 Node parses selected
0.0000
Possible other parses
504.0000
Other parses selected
0.0060
Chance parsing ratio
0.1600
Shock trials
163
333
453
855
1139