*********************************************
* Date/Time: 11-Feb-2020 09:12:22
* Seed: 210873.8
* Subject Number: 047
6	9	14	15	10	13	1	2	11	8	4	3	7	12	5	
*********************************************

Shape exposure time (seconds)
20.5055
subject	trial	phase	onset	node	shape	rotate	acc	resp	total	rt
47	1	1	1.0166	6	13	0	-1	0	0.0000	-1.0000
47	2	1	2.8332	4	15	0	1	1	0.5000	0.1434
47	3	1	4.3831	7	1	90	0	1	0.3333	0.1632
47	4	1	5.9331	4	15	0	1	1	0.5000	1.0288
47	5	1	7.4830	3	14	0	1	1	0.6000	0.5495
47	6	1	9.0329	2	9	90	0	1	0.5000	0.4716
47	7	1	10.5828	3	14	90	0	1	0.4286	0.7789
47	8	1	12.1327	2	9	0	1	1	0.5000	1.1318
47	9	1	13.6827	15	5	0	1	1	0.5556	0.9099
47	10	1	15.2326	14	12	0	0	1	0.5000	1.1214
47	11	1	16.9491	2	9	0	1	1	0.5455	0.7967
47	12	1	18.4991	15	5	0	1	1	0.5833	0.9894
47	13	1	20.0490	3	14	0	1	1	0.6154	0.8489
47	14	1	21.5989	15	5	0	0	1	0.5714	0.8510
47	15	1	23.1488	1	6	0	1	1	0.6000	0.5477
47	16	1	24.6988	2	9	0	1	1	0.6250	0.3752
47	17	1	26.2487	15	5	90	0	1	0.5882	0.5998
47	18	1	27.7986	1	6	0	1	1	0.6111	0.5864
47	19	1	29.3485	3	14	0	1	1	0.6316	0.7336
47	20	1	30.8984	4	15	90	0	1	0.6000	0.6558
47	21	1	32.4484	5	10	0	1	1	0.6190	0.5448
47	22	1	33.9982	6	13	90	1	1	0.6364	0.7719
47	23	1	35.5482	4	15	0	1	1	0.6522	0.6136
47	24	1	37.0981	6	13	90	1	1	0.6667	0.6165
47	25	1	38.6480	8	2	0	1	1	0.6800	0.7125
47	26	1	40.1980	9	11	0	1	1	0.6923	0.7632
47	27	1	41.7478	11	4	0	1	1	0.7037	0.6222
47	28	1	43.2978	12	3	0	1	1	0.7143	0.7040
47	29	1	44.8477	13	7	0	1	1	0.7241	0.4663
47	30	1	46.3976	10	8	0	1	1	0.7333	0.3887
47	31	1	47.9475	11	4	0	1	1	0.7419	0.4531
47	32	1	49.4974	12	3	90	0	1	0.7188	0.4563
47	33	1	51.0474	9	11	90	1	1	0.7273	0.7771
47	34	1	52.5973	10	8	0	1	1	0.7353	0.6366
47	35	1	54.1472	12	3	0	0	1	0.7143	0.7827
47	36	1	55.6971	9	11	0	1	1	0.7222	0.6409
47	37	1	57.2471	8	2	0	1	1	0.7297	0.7214
47	38	1	58.7970	5	10	0	1	1	0.7368	0.5176
47	39	1	60.3469	6	13	0	1	1	0.7436	0.3274
47	40	1	61.8968	4	15	90	0	1	0.7250	0.2650
47	41	1	63.4467	7	1	0	1	1	0.7317	0.6177
47	42	1	64.9967	6	13	0	1	1	0.7381	0.6851
47	43	1	66.5466	7	1	90	0	1	0.7209	0.6860
47	44	1	68.0965	4	15	0	1	1	0.7273	0.9460
47	45	1	69.6464	3	14	90	0	1	0.7111	0.8352
47	46	1	71.1963	4	15	0	1	1	0.7174	0.7256
47	47	1	72.7462	7	1	90	1	1	0.7234	0.5996
47	48	1	74.2962	6	13	0	1	1	0.7292	0.4742
47	49	1	75.8461	4	15	0	1	1	0.7347	0.9237
47	50	1	77.3960	3	14	0	1	1	0.7400	0.8298
47	51	1	78.9459	1	6	0	1	1	0.7451	0.7198
47	52	1	80.4958	3	14	0	1	1	0.7500	0.6900
47	53	1	82.0458	2	9	0	1	1	0.7547	0.5634
47	54	1	83.5957	1	6	90	0	1	0.7407	0.5009
47	55	1	85.1456	3	14	0	1	1	0.7455	0.5683
47	56	1	86.6955	15	5	0	1	1	0.7500	0.7304
47	57	1	88.2454	3	14	0	1	1	0.7544	0.5722
47	58	1	89.7953	2	9	0	1	1	0.7586	0.5906
47	59	1	91.3453	1	6	0	0	1	0.7458	0.7845
47	60	1	92.8952	3	14	90	0	1	0.7333	0.6261
47	61	1	94.4451	4	15	0	1	1	0.7377	0.8206
47	62	1	95.9950	5	10	0	0	1	0.7258	0.8390
47	63	1	97.5450	8	2	90	0	1	0.7143	0.7115
47	64	1	99.0948	6	13	0	1	1	0.7188	0.6984
47	65	1	100.6448	5	10	0	1	1	0.7231	0.6858
47	66	1	102.1947	8	2	0	0	1	0.7121	0.8138
47	67	1	103.7446	6	13	90	0	1	0.7015	0.4656
47	68	1	105.2945	8	2	90	0	1	0.6912	0.9472
47	69	1	106.8445	9	11	0	1	1	0.6957	0.8854
47	70	1	108.3944	10	8	0	1	1	0.7000	1.3513
47	71	1	109.9443	12	3	0	1	1	0.7042	1.0002
47	72	1	111.4942	10	8	90	0	1	0.6944	0.6518
47	73	1	113.0441	11	4	0	1	1	0.6986	0.6217
47	74	1	114.5941	10	8	0	1	1	0.7027	1.0544
47	75	1	116.1440	9	11	90	0	1	0.6933	0.8185
47	76	1	117.6939	10	8	0	1	1	0.6974	0.7387
47	77	1	119.2438	9	11	0	0	1	0.6883	0.7264
47	78	1	120.7937	11	4	90	0	1	0.6795	0.6160
47	79	1	122.3437	12	3	0	1	1	0.6835	1.2588
47	80	1	123.8936	13	7	0	1	1	0.6875	0.6999
47	81	1	125.4435	14	12	0	1	1	0.6914	0.8784
47	82	1	126.9934	2	9	0	1	1	0.6951	0.5924
47	83	1	128.7266	1	6	0	1	1	0.6988	1.2422
47	84	1	130.2766	14	12	0	1	1	0.7024	0.9418
47	85	1	131.8265	15	5	0	1	1	0.7059	0.6712
47	86	1	133.3764	14	12	0	1	1	0.7093	0.4974
47	87	1	134.9263	15	5	0	1	1	0.7126	0.4201
47	88	1	136.4762	3	14	0	1	1	0.7159	0.4850
47	89	1	138.0261	1	6	0	1	1	0.7191	0.5363
47	90	1	139.5761	3	14	0	1	1	0.7222	0.3444
47	91	1	141.1260	4	15	0	1	1	0.7253	0.4279
47	92	1	142.6759	5	10	0	1	1	0.7283	0.2863
47	93	1	144.2258	7	1	90	0	1	0.7204	0.2557
47	94	1	145.7758	8	2	0	1	1	0.7234	0.6747
47	95	1	147.3257	9	11	0	1	1	0.7263	0.6921
47	96	1	148.8756	10	8	90	0	1	0.7188	0.5344
47	97	1	150.4255	13	7	0	1	1	0.7216	0.8723
47	98	1	151.9754	11	4	0	1	1	0.7245	0.6170
47	99	1	153.5253	10	8	0	1	1	0.7273	0.5885
47	100	1	155.0753	13	7	0	1	1	0.7300	0.6377
47	101	1	156.6252	14	12	0	1	1	0.7327	0.5593
47	102	1	158.1751	13	7	0	1	1	0.7353	0.8029
47	103	1	159.7250	11	4	0	1	1	0.7379	0.6274
47	104	1	161.2749	12	3	0	1	1	0.7404	0.8872
47	105	1	162.8249	9	11	0	0	1	0.7333	0.8893
47	106	1	164.3748	12	3	0	1	1	0.7358	0.6515
47	107	1	165.9247	11	4	0	1	1	0.7383	0.6050
47	108	1	167.4746	9	11	90	0	1	0.7315	0.4618
47	109	1	169.0245	12	3	0	1	1	0.7339	0.8813
47	110	1	170.5745	11	4	0	1	1	0.7364	0.6579
47	111	1	172.1244	9	11	0	1	1	0.7387	0.9819
47	112	1	173.6743	12	3	0	1	1	0.7411	1.0797
47	113	1	175.2242	10	8	0	1	1	0.7434	0.6179
47	114	1	176.7741	13	7	90	0	1	0.7368	0.7800
47	115	1	178.3240	12	3	0	1	1	0.7391	0.6543
47	116	1	179.8740	11	4	0	1	1	0.7414	0.6225
47	117	1	181.4239	12	3	90	0	1	0.7350	0.6258
47	118	1	182.9738	11	4	0	1	1	0.7373	0.5306
47	119	1	184.5237	13	7	90	0	1	0.7311	0.5504
47	120	1	186.0736	11	4	0	1	1	0.7333	0.6308
47	121	1	187.6235	10	8	0	1	1	0.7355	0.5689
47	122	1	189.1735	9	11	0	1	1	0.7377	0.6849
47	123	1	190.7234	11	4	0	1	1	0.7398	0.5570
47	124	1	192.2733	13	7	0	1	1	0.7419	0.5284
47	125	1	193.8232	12	3	0	1	1	0.7440	0.4024
47	126	1	195.3732	11	4	90	0	1	0.7381	0.4206
47	127	1	196.9231	12	3	90	0	1	0.7323	0.6152
47	128	1	198.4730	9	11	0	1	1	0.7344	0.6154
47	129	1	200.0229	12	3	90	0	1	0.7287	1.1948
47	130	1	201.7728	11	4	90	0	1	0.7231	0.6610
47	131	1	203.3227	10	8	90	0	1	0.7176	0.7596
47	132	1	204.8727	11	4	0	-1	0	0.7121	-1.0000
47	133	1	206.9559	10	8	0	1	1	0.7143	1.0784
47	134	1	208.5058	9	11	0	1	1	0.7164	0.6800
47	135	1	210.0557	8	2	0	1	1	0.7185	0.6341
47	136	1	211.6056	9	11	0	1	1	0.7206	0.4766
47	137	1	213.1556	8	2	0	1	1	0.7226	0.4288
47	138	1	214.7055	6	13	0	1	1	0.7246	1.0869
47	139	1	216.2554	4	15	0	1	1	0.7266	0.6585
47	140	1	217.8053	6	13	0	1	1	0.7286	0.8513
47	141	1	219.3552	5	10	0	1	1	0.7305	0.5665
47	142	1	220.9051	8	2	0	1	1	0.7324	0.6002
47	143	1	222.4551	6	13	0	1	1	0.7343	0.5373
47	144	1	224.0050	8	2	0	1	1	0.7361	0.5412
47	145	1	225.5549	7	1	0	1	1	0.7379	0.3658
47	146	1	227.1048	5	10	0	1	1	0.7397	0.2409
47	147	1	228.6547	4	15	0	1	1	0.7415	0.3066
47	148	1	230.2047	5	10	90	0	1	0.7365	0.5812
47	149	1	231.7546	7	1	0	1	1	0.7383	0.4698
47	150	1	233.3045	8	2	0	1	1	0.7400	0.6645
47	151	1	234.8544	9	11	0	1	1	0.7417	0.5719
47	152	1	236.4043	8	2	0	1	1	0.7434	0.7801
47	153	1	237.9542	9	11	0	1	1	0.7451	0.5602
47	154	1	239.5042	10	8	0	1	1	0.7468	0.7378
47	155	1	241.0541	13	7	0	0	1	0.7419	0.9155
47	156	1	242.6040	14	12	0	1	1	0.7436	0.5500
47	157	1	244.1539	2	9	0	1	1	0.7452	0.6158
47	158	1	245.7038	3	14	0	0	1	0.7405	0.8584
47	159	1	247.2538	15	5	0	1	1	0.7421	0.4284
47	160	1	248.8037	3	14	0	1	1	0.7438	0.5567
47	161	1	250.3536	2	9	90	0	1	0.7391	0.2869
47	162	1	251.9035	3	14	90	0	1	0.7346	0.7384
47	163	1	253.4534	2	9	0	1	1	0.7362	0.8669
47	164	1	255.0033	1	6	0	1	1	0.7378	1.2530
47	165	1	256.5533	14	12	0	0	1	0.7333	1.1768
47	166	1	258.2365	1	6	0	-1	0	0.7289	-1.0000
47	167	1	260.2697	3	14	0	1	1	0.7305	0.9002
47	168	1	261.8197	4	15	0	1	1	0.7321	0.5337
47	169	1	263.3696	3	14	90	1	1	0.7337	0.9198
47	170	1	264.9195	4	15	0	1	1	0.7353	0.5849
47	171	1	266.4694	6	13	0	0	1	0.7310	1.1170
47	172	1	268.0860	5	10	0	1	1	0.7326	0.7317
47	173	1	269.6359	4	15	0	1	1	0.7341	1.0704
47	174	1	271.1859	7	1	0	1	1	0.7356	0.6882
47	175	1	272.7358	8	2	0	0	1	0.7314	0.9926
47	176	1	274.3190	9	11	90	0	1	0.7273	0.7227
47	177	1	275.8689	12	3	0	1	1	0.7288	0.6770
47	178	1	277.4188	10	8	0	1	1	0.7303	0.5976
47	179	1	278.9688	11	4	90	0	1	0.7263	0.5836
47	180	1	280.5187	9	11	0	1	1	0.7278	0.9697
47	181	1	282.0686	12	3	0	0	1	0.7238	0.7332
47	182	1	283.6185	13	7	0	1	1	0.7253	0.5753
47	183	1	285.1684	12	3	0	1	1	0.7268	0.7373
47	184	1	286.7184	10	8	0	1	1	0.7283	0.7720
47	185	1	288.2683	11	4	90	0	1	0.7243	0.6441
47	186	1	289.8182	10	8	0	1	1	0.7258	0.7594
47	187	1	291.3681	9	11	90	0	1	0.7219	0.9522
47	188	1	292.9180	12	3	0	1	1	0.7234	0.5077
47	189	1	294.4680	13	7	90	1	1	0.7249	0.6220
47	190	1	296.0179	12	3	0	1	1	0.7263	0.8637
47	191	1	297.5678	10	8	0	1	1	0.7277	1.0726
47	192	1	299.1177	11	4	0	1	1	0.7292	0.6446
47	193	1	300.6676	12	3	0	0	1	0.7254	1.3984
47	194	1	302.6342	9	11	0	1	1	0.7268	0.7915
47	195	1	304.1841	11	4	0	1	1	0.7282	0.6183
47	196	1	305.7340	9	11	0	1	1	0.7296	0.7636
47	197	1	307.2839	10	8	0	1	1	0.7310	0.7503
47	198	1	308.8338	9	11	90	0	1	0.7273	0.8307
47	199	1	310.3838	11	4	0	1	1	0.7286	0.5784
47	200	1	311.9337	12	3	0	1	1	0.7300	0.6764
47	201	1	313.4836	13	7	90	0	1	0.7264	0.5826
47	202	1	315.0335	14	12	90	0	1	0.7228	0.6648
47	203	1	316.5835	2	9	0	1	1	0.7241	0.9211
47	204	1	318.1334	15	5	0	0	1	0.7206	1.2444
47	205	1	319.9166	14	12	0	1	1	0.7220	0.6289
47	206	1	321.4665	13	7	0	0	1	0.7184	0.9354
47	207	1	323.0164	12	3	0	1	1	0.7198	1.1773
47	208	1	324.5664	10	8	0	1	1	0.7212	0.6193
47	209	1	326.1163	9	11	0	1	1	0.7225	0.7179
47	210	1	327.6662	10	8	90	0	1	0.7190	0.7662
47	211	1	329.2161	11	4	90	0	1	0.7156	0.6258
47	212	1	330.7660	12	3	0	1	1	0.7170	1.0277
47	213	1	332.3160	10	8	0	1	1	0.7183	0.6289
47	214	1	333.8659	9	11	0	1	1	0.7196	1.4158
47	215	1	335.4158	12	3	0	1	1	0.7209	0.9859
47	216	1	336.9657	9	11	0	1	1	0.7222	0.5546
47	217	1	338.5156	11	4	0	1	1	0.7235	0.6055
47	218	1	340.0656	9	11	90	1	1	0.7248	0.7028
47	219	1	341.6155	8	2	0	1	1	0.7260	0.5948
47	220	1	343.1654	5	10	0	1	1	0.7273	0.8688
47	221	1	344.7153	7	1	0	1	1	0.7285	0.8224
47	222	1	346.2652	5	10	90	0	1	0.7252	1.0797
47	223	1	347.8651	7	1	0	1	1	0.7265	0.9849
47	224	1	349.4150	4	15	0	-1	0	0.7232	-1.0000
47	225	1	351.4816	3	14	0	1	1	0.7244	1.0147
47	226	1	353.0315	2	9	0	1	1	0.7257	0.7781
47	227	1	354.5815	3	14	0	1	1	0.7269	0.9549
47	228	1	356.1314	1	6	0	1	1	0.7281	1.1009
47	229	1	357.6813	3	14	0	1	1	0.7293	0.8323
47	230	1	359.2312	1	6	0	0	1	0.7261	0.9145
47	231	1	360.7811	14	12	0	1	1	0.7273	1.1250
47	232	1	362.3310	13	7	0	1	1	0.7284	1.0452
47	233	1	363.8810	12	3	90	0	1	0.7253	1.1926
47	234	1	365.6142	10	8	0	1	1	0.7265	0.7560
47	235	1	367.1641	9	11	0	1	1	0.7277	1.0283
47	236	1	368.7140	10	8	0	1	1	0.7288	0.6481
47	237	1	370.2640	13	7	0	1	1	0.7300	1.2404
47	238	1	371.8139	11	4	0	1	1	0.7311	0.6681
47	239	1	373.3638	9	11	0	1	1	0.7322	0.8620
47	240	1	374.9137	11	4	0	1	1	0.7333	0.5586
47	241	1	376.4636	12	3	90	0	1	0.7303	0.8180
47	242	1	378.0136	13	7	90	0	1	0.7273	0.6131
47	243	1	379.5635	14	12	0	1	1	0.7284	1.3023
47	244	1	381.1134	1	6	0	1	1	0.7295	1.2408
47	245	1	382.6633	15	5	0	0	1	0.7265	1.4027
47	246	1	384.6465	14	12	0	1	1	0.7276	1.0978
47	247	1	386.1965	1	6	0	-1	0	0.7247	-1.0000
47	248	1	388.2630	14	12	0	1	1	0.7258	1.2093
47	249	1	389.8129	15	5	0	1	1	0.7269	0.9398
47	250	1	391.3629	1	6	0	1	1	0.7280	0.8953
47	251	1	392.9128	14	12	90	0	1	0.7251	0.9610
47	252	1	394.4627	15	5	0	1	1	0.7262	1.1536
47	253	1	396.0126	14	12	0	-1	0	0.7233	-1.0000
47	254	1	398.1125	1	6	0	1	1	0.7244	1.3118
47	255	1	399.6624	2	9	0	1	1	0.7255	0.7871
47	256	1	401.2124	1	6	0	1	1	0.7266	0.6778
47	257	1	402.7622	2	9	0	1	1	0.7276	0.5021
47	258	1	404.3122	1	6	0	1	1	0.7287	0.5533
47	259	1	405.8621	3	14	0	1	1	0.7297	1.2756
47	260	1	407.4120	4	15	0	1	1	0.7308	0.8283
47	261	1	408.9619	5	10	0	1	1	0.7318	0.8627
47	262	1	410.5119	8	2	90	1	1	0.7328	0.8819
47	263	1	412.0618	6	13	0	1	1	0.7338	1.1865
47	264	1	413.6117	5	10	0	0	1	0.7311	1.3339
47	265	1	415.4949	7	1	0	1	1	0.7321	0.8414
47	266	1	417.0448	8	2	90	1	1	0.7331	0.9246
47	267	1	418.5948	5	10	0	1	1	0.7341	1.2947
47	268	1	420.1447	6	13	0	1	1	0.7351	1.0397
47	269	1	421.6946	5	10	0	1	1	0.7361	1.0737
47	270	1	423.2445	6	13	0	1	1	0.7370	0.7412
47	271	1	424.7945	7	1	0	1	1	0.7380	0.9832
47	272	1	426.3444	8	2	0	0	1	0.7353	0.9042
47	273	1	427.8943	7	1	0	1	1	0.7363	0.5555
47	274	1	429.4442	4	15	0	-1	0	0.7336	-1.0000
47	275	1	431.6274	7	1	90	0	1	0.7309	0.8222
47	276	1	433.1773	4	15	0	1	1	0.7319	1.2710
47	277	1	434.7272	5	10	90	0	1	0.7292	1.4024
47	278	1	436.6605	4	15	0	1	1	0.7302	1.0531
47	279	1	438.2104	7	1	0	1	1	0.7312	0.7982
47	280	1	439.7603	8	2	0	1	1	0.7321	0.7374
47	281	1	441.3102	5	10	0	1	1	0.7331	1.0917
47	282	1	442.8601	8	2	90	1	1	0.7340	0.9978
47	283	1	444.4101	9	11	0	1	1	0.7350	0.6317
47	284	1	445.9600	10	8	0	1	1	0.7359	0.7455
47	285	1	447.5099	11	4	0	1	1	0.7368	0.6671
47	286	1	449.0598	13	7	90	0	1	0.7343	0.9258
47	287	1	450.6097	11	4	0	1	1	0.7352	1.2798
47	288	1	452.1597	9	11	0	-1	0	0.7326	-1.0000
47	289	1	454.2096	11	4	0	1	1	0.7336	0.7360
47	290	1	455.7595	9	11	0	1	1	0.7345	0.5942
47	291	1	457.3094	12	3	0	1	1	0.7354	0.5162
47	292	1	458.8593	9	11	0	1	1	0.7363	0.7743
47	293	1	460.4092	8	2	0	1	1	0.7372	0.9211
47	294	1	461.9591	9	11	0	1	1	0.7381	1.0189
47	295	1	463.5090	12	3	0	1	1	0.7390	0.9087
47	296	1	465.0590	10	8	0	1	1	0.7399	0.6538
47	297	1	466.6089	13	7	90	0	1	0.7374	0.6888
47	298	1	468.1588	14	12	0	1	1	0.7383	1.4094
47	299	1	469.7087	15	5	0	1	1	0.7391	0.9012
47	300	1	471.2586	3	14	0	1	1	0.7400	1.3669
47	301	1	472.8086	2	9	0	1	1	0.7409	0.9037
47	302	1	474.3585	1	6	90	0	1	0.7384	1.0657
47	303	1	475.9584	14	12	0	0	1	0.7360	1.3378
47	304	1	477.8083	15	5	0	1	1	0.7368	0.7860
47	305	1	479.3582	3	14	0	1	1	0.7377	1.3319
47	306	1	480.9081	1	6	0	1	1	0.7386	0.9657
47	307	1	482.4581	14	12	0	1	1	0.7394	1.2559
47	308	1	484.0080	1	6	0	1	1	0.7403	1.0003
47	309	1	485.5579	2	9	0	1	1	0.7411	0.7321
47	310	1	487.1078	15	5	0	1	1	0.7419	0.7658
47	311	1	488.6577	3	14	0	1	1	0.7428	0.9919
47	312	1	490.2077	4	15	0	1	1	0.7436	1.0424
47	313	1	491.7576	6	13	0	1	1	0.7444	1.2685
47	314	1	493.3075	4	15	0	1	1	0.7452	0.7747
47	315	1	494.8574	6	13	90	1	1	0.7460	0.9035
47	316	1	496.4073	5	10	0	1	1	0.7468	0.9382
47	317	1	497.9573	7	1	90	0	1	0.7445	0.9074
47	318	1	499.5072	5	10	90	0	1	0.7421	1.1651
47	319	1	501.2071	4	15	0	1	1	0.7429	1.3066
47	320	1	502.7570	3	14	0	1	1	0.7438	1.4032
47	321	1	504.3069	2	9	90	1	1	0.7445	1.0545
47	322	1	505.8568	3	14	0	1	1	0.7453	0.9765
47	323	1	507.4067	1	6	0	1	1	0.7461	0.7855
47	324	1	508.9567	15	5	0	1	1	0.7469	0.8048
47	325	1	510.5066	14	12	0	1	1	0.7477	1.0468
47	326	1	512.0565	2	9	0	1	1	0.7485	0.9209
47	327	1	513.6064	15	5	0	1	1	0.7492	0.7784
47	328	1	515.1563	2	9	0	1	1	0.7500	0.6053
47	329	1	516.7063	15	5	0	1	1	0.7508	0.3671
47	330	1	518.2562	1	6	0	1	1	0.7515	0.8175
47	331	1	519.8061	2	9	0	1	1	0.7523	0.5942
47	332	1	521.3560	14	12	0	1	1	0.7530	1.0135
47	333	1	522.9060	13	7	0	1	1	0.7538	1.0635
47	334	1	524.4559	11	4	0	1	1	0.7545	0.5684
47	335	1	526.0058	12	3	90	-1	0	0.7522	-1.0000
47	336	1	528.0390	13	7	90	0	1	0.7500	0.8104
47	337	1	529.5889	12	3	0	-1	0	0.7478	-1.0000
47	338	1	531.6721	13	7	90	0	1	0.7456	0.8401
47	339	1	533.2221	11	4	0	1	1	0.7463	1.0515
47	340	1	534.7720	10	8	0	1	1	0.7471	0.7655
47	341	1	536.3219	11	4	0	1	1	0.7478	0.6864
47	342	1	537.8718	9	11	0	1	1	0.7485	0.8499
47	343	1	539.4217	11	4	0	1	1	0.7493	0.5802
47	344	1	540.9716	9	11	0	1	1	0.7500	0.4704
47	345	1	542.5216	10	8	0	1	1	0.7507	0.4567
47	346	1	544.0715	12	3	0	1	1	0.7514	0.9540
47	347	1	545.6214	9	11	0	1	1	0.7522	0.6207
47	348	1	547.1713	12	3	0	1	1	0.7529	0.5909
47	349	1	548.7212	9	11	0	1	1	0.7536	0.4163
47	350	1	550.2712	10	8	0	1	1	0.7543	0.6263
47	351	1	551.8211	9	11	0	1	1	0.7550	0.7724
47	352	1	553.3710	11	4	0	1	1	0.7557	0.6310
47	353	1	554.9209	13	7	90	1	1	0.7564	1.1446
47	354	1	556.4708	12	3	90	0	1	0.7542	0.7947
47	355	1	558.0207	13	7	0	1	1	0.7549	1.3555
47	356	1	559.5707	12	3	0	0	1	0.7528	1.2296
47	357	1	561.3039	11	4	0	1	1	0.7535	0.6483
47	358	1	562.8539	10	8	0	1	1	0.7542	0.6183
47	359	1	564.4037	9	11	0	1	1	0.7549	0.7817
47	360	1	565.9537	10	8	90	0	1	0.7528	0.7202
47	361	1	567.7036	13	7	0	-1	0	0.7507	-1.0000
47	362	1	569.7535	14	12	0	1	1	0.7514	1.1274
47	363	1	571.3034	15	5	90	1	1	0.7521	1.0027
47	364	1	572.8533	14	12	0	1	1	0.7527	1.4042
47	365	1	574.4366	2	9	0	0	1	0.7507	0.9410
47	366	1	575.9865	1	6	90	1	1	0.7514	1.3750
47	367	1	577.5364	3	14	0	-1	0	0.7493	-1.0000
47	368	1	579.5863	15	5	0	1	1	0.7500	0.8638
47	369	1	581.1362	2	9	0	1	1	0.7507	0.6099
47	370	1	582.6861	14	12	0	0	1	0.7486	1.0601
47	371	1	584.2527	15	5	0	1	1	0.7493	0.6289
47	372	1	585.8026	2	9	90	1	1	0.7500	1.0315
47	373	1	587.3525	15	5	0	1	1	0.7507	0.5997
47	374	1	588.9025	3	14	0	1	1	0.7513	1.0994
47	375	1	590.4524	2	9	0	1	1	0.7520	0.6532
47	376	1	592.0023	15	5	0	1	1	0.7527	0.6219
47	377	1	593.5522	1	6	0	1	1	0.7533	0.8974
47	378	1	595.1021	14	12	0	1	1	0.7540	1.1074
47	379	1	596.6520	13	7	0	0	1	0.7520	1.3495
47	380	1	598.5520	12	3	0	1	1	0.7526	1.0162
47	381	1	600.1019	13	7	0	1	1	0.7533	0.9076
47	382	1	601.6518	14	12	0	1	1	0.7539	1.1818
47	383	1	603.2017	13	7	0	1	1	0.7546	0.7346
47	384	1	604.7516	14	12	0	1	1	0.7552	0.6588
47	385	1	606.3015	13	7	0	1	1	0.7558	0.4685
47	386	1	607.8515	12	3	90	0	1	0.7539	1.4621
47	387	1	609.8847	11	4	0	1	1	0.7545	1.3488
47	388	1	611.4346	9	11	90	1	1	0.7552	1.3335
47	389	1	612.9845	11	4	0	1	1	0.7558	0.6479
47	390	1	614.5345	12	3	0	1	1	0.7564	0.9556
47	391	1	616.0844	11	4	0	1	1	0.7570	0.6216
47	392	1	617.6343	13	7	0	1	1	0.7577	1.2300
47	393	1	619.1842	14	12	0	1	1	0.7583	1.0239
47	394	1	620.7341	2	9	0	1	1	0.7589	0.6101
47	395	1	622.2840	3	14	0	1	1	0.7595	0.7894
47	396	1	623.8340	15	5	90	1	1	0.7601	0.9982
47	397	1	625.3839	2	9	90	1	1	0.7607	0.8096
47	398	1	626.9338	14	12	0	1	1	0.7613	0.7624
47	399	1	628.4837	13	7	0	1	1	0.7619	0.8125
47	400	1	630.0336	14	12	90	0	1	0.7600	1.2323
47	401	1	631.8002	2	9	0	1	1	0.7606	0.6336
47	402	1	633.3501	3	14	0	1	1	0.7612	0.8114
47	403	1	634.9000	1	6	90	1	1	0.7618	1.3881
47	404	1	636.4500	15	5	0	1	1	0.7624	0.7342
47	405	1	637.9999	2	9	0	1	1	0.7630	0.5763
47	406	1	639.5498	3	14	0	1	1	0.7635	0.6278
47	407	1	641.0997	2	9	90	1	1	0.7641	0.6937
47	408	1	642.6496	3	14	0	1	1	0.7647	0.6004
47	409	1	644.1996	15	5	0	1	1	0.7653	0.5862
47	410	1	645.7495	1	6	0	1	1	0.7659	0.7801
47	411	1	647.2994	14	12	90	0	1	0.7640	1.0848
47	412	1	648.8993	2	9	90	1	1	0.7646	0.7182
47	413	1	650.4492	14	12	90	0	1	0.7627	1.0883
47	414	1	652.0491	2	9	0	1	1	0.7633	0.5445
47	415	1	653.5991	14	12	0	0	1	0.7614	0.7545
47	416	1	655.1490	13	7	0	0	1	0.7596	1.3151
47	417	1	656.9822	10	8	0	1	1	0.7602	0.6500
47	418	1	658.5321	12	3	0	1	1	0.7608	0.9411
47	419	1	660.0821	10	8	0	1	1	0.7613	0.6561
47	420	1	661.6320	11	4	0	1	1	0.7619	0.6083
47	421	1	663.1819	12	3	0	1	1	0.7625	0.6281
47	422	1	664.7318	13	7	0	1	1	0.7630	1.2385
47	423	1	666.2817	12	3	90	0	1	0.7612	0.6637
47	424	1	667.8317	10	8	0	1	1	0.7618	1.1619
47	425	1	669.3816	12	3	90	0	1	0.7600	0.9242
47	426	1	670.9315	10	8	90	0	1	0.7582	0.7180
47	427	1	672.4814	9	11	0	1	1	0.7588	1.4407
47	428	1	674.0480	10	8	90	1	1	0.7593	1.0892
47	429	1	675.5979	13	7	90	0	1	0.7576	0.9322
47	430	1	677.1478	11	4	90	0	1	0.7558	0.6941
47	431	1	678.6978	9	11	0	1	1	0.7564	1.4957
47	432	1	680.3476	11	4	0	1	1	0.7569	0.9485
47	433	1	681.8976	13	7	0	1	1	0.7575	1.3679
47	434	1	683.4475	12	3	90	0	1	0.7558	0.8566
47	435	1	684.9974	10	8	0	1	1	0.7563	1.3566
47	436	1	686.5473	9	11	0	-1	0	0.7546	-1.0000
47	437	1	688.6306	8	2	0	1	1	0.7551	0.7630
47	438	1	690.1805	6	13	0	1	1	0.7557	1.0055
47	439	1	691.7304	5	10	0	1	1	0.7563	1.0860
47	440	1	693.2803	7	1	0	1	1	0.7568	0.9290
47	441	1	694.8302	8	2	90	1	1	0.7574	1.0434
47	442	1	696.3802	6	13	0	1	1	0.7579	0.7567
47	443	1	697.9301	4	15	90	0	1	0.7562	0.9519
47	444	1	699.4800	7	1	0	1	1	0.7568	0.8242
47	445	1	701.0299	4	15	0	0	1	0.7551	0.6982
47	446	1	702.5798	6	13	0	1	1	0.7556	0.7661
47	447	1	704.1297	4	15	0	1	1	0.7562	0.6384
47	448	1	705.6797	6	13	0	1	1	0.7567	0.5446
47	449	1	707.2296	7	1	0	1	1	0.7572	0.5306
47	450	1	708.7795	5	10	0	1	1	0.7578	0.5806
47	451	1	710.3294	6	13	0	1	1	0.7583	0.5526
47	452	1	711.8793	8	2	0	1	1	0.7588	0.3781
47	453	1	713.4293	7	1	90	0	1	0.7572	0.4285
47	454	1	714.9792	6	13	0	1	1	0.7577	0.2710
47	455	1	716.5291	4	15	0	1	1	0.7582	0.6884
47	456	1	718.0790	7	1	0	1	1	0.7588	0.4345
47	457	1	719.6289	5	10	0	1	1	0.7593	0.5325
47	458	1	721.1788	4	15	0	1	1	0.7598	0.4394
47	459	1	722.7288	3	14	0	1	1	0.7603	0.4086
47	460	1	724.2787	4	15	0	1	1	0.7609	0.5388
47	461	1	725.8286	3	14	0	1	1	0.7614	0.3006
47	462	1	727.3785	2	9	90	0	1	0.7597	0.4950
47	463	1	728.9284	15	5	90	0	1	0.7581	0.4969
47	464	1	730.4784	3	14	0	1	1	0.7586	0.5618
47	465	1	732.0283	4	15	90	0	1	0.7570	0.6133
47	466	1	733.5782	5	10	0	1	1	0.7575	0.5180
47	467	1	735.1281	7	1	0	1	1	0.7580	0.6020
47	468	1	736.6780	8	2	0	1	1	0.7585	0.6196
47	469	1	738.2279	7	1	0	1	1	0.7591	0.5741
47	470	1	739.7779	8	2	0	1	1	0.7596	0.5116
47	471	1	741.3278	9	11	0	1	1	0.7601	0.4181
47	472	1	742.8777	10	8	90	1	1	0.7606	0.8036
47	473	1	744.4276	12	3	0	1	1	0.7611	0.4858
47	474	1	745.9775	13	7	90	0	1	0.7595	0.8706
47	475	1	747.5275	10	8	0	1	1	0.7600	0.8421
47	476	1	749.0774	9	11	90	1	1	0.7605	1.1001
47	477	1	750.6273	10	8	0	1	1	0.7610	0.7670
47	478	1	752.1772	13	7	0	1	1	0.7615	0.9283
47	479	1	753.7271	11	4	90	1	1	0.7620	0.9623
47	480	1	755.2771	9	11	0	1	1	0.7625	0.7570
47	481	1	756.8270	12	3	0	1	1	0.7630	0.7422
47	482	1	758.3769	13	7	0	1	1	0.7635	0.9352
47	483	1	759.9268	12	3	90	0	1	0.7619	0.7133
47	484	1	761.4767	10	8	90	0	1	0.7603	0.5408
47	485	1	763.0266	12	3	90	0	1	0.7588	0.6054
47	486	1	764.5766	10	8	0	1	1	0.7593	0.7213
47	487	1	766.1265	12	3	90	0	1	0.7577	0.9296
47	488	1	767.6764	9	11	0	1	1	0.7582	1.0772
47	489	1	769.2263	11	4	0	1	1	0.7587	0.8712
47	490	1	770.7762	13	7	0	1	1	0.7592	1.0318
47	491	1	772.3262	10	8	0	1	1	0.7597	0.6820
47	492	1	773.8761	9	11	0	1	1	0.7602	1.0370
47	493	1	775.4260	10	8	0	1	1	0.7606	0.6874
47	494	1	776.9759	11	4	90	0	1	0.7591	0.8174
47	495	1	778.5258	12	3	0	1	1	0.7596	0.8826
47	496	1	780.0758	10	8	0	1	1	0.7601	0.8382
47	497	1	781.6257	12	3	90	1	1	0.7606	0.8704
47	498	1	783.1756	9	11	0	1	1	0.7610	0.9693
47	499	1	784.7255	8	2	0	1	1	0.7615	0.6204
47	500	1	786.2754	9	11	0	1	1	0.7620	0.5247
47	501	1	787.8253	12	3	0	1	1	0.7625	1.2646
47	502	1	789.3752	10	8	0	1	1	0.7629	0.7066
47	503	1	790.9252	12	3	0	1	1	0.7634	0.6764
47	504	1	792.4751	13	7	90	0	1	0.7619	0.8214
47	505	1	794.0250	12	3	90	0	1	0.7604	0.5672
47	506	1	795.5749	9	11	0	1	1	0.7609	0.6986
47	507	1	797.1248	11	4	90	1	1	0.7613	0.9564
47	508	1	798.6748	10	8	0	1	1	0.7618	0.6213
47	509	1	800.2247	12	3	0	1	1	0.7623	0.7693
47	510	1	801.7746	13	7	0	1	1	0.7627	0.8510
47	511	1	803.3245	14	12	0	1	1	0.7632	0.6616
47	512	1	804.8745	2	9	0	1	1	0.7637	0.6150
47	513	1	806.4244	3	14	0	1	1	0.7641	0.6489
47	514	1	807.9743	15	5	0	1	1	0.7646	0.6340
47	515	1	809.5242	14	12	90	1	1	0.7650	0.9733
47	516	1	811.0741	13	7	90	0	1	0.7636	0.5759
47	517	1	812.6240	11	4	0	1	1	0.7640	0.5613
47	518	1	814.1740	13	7	90	1	1	0.7645	0.7556
47	519	1	815.7239	12	3	0	1	1	0.7649	0.6289
47	520	1	817.4738	10	8	0	1	1	0.7654	1.0863
47	521	1	819.0237	9	11	0	1	1	0.7658	0.8165
47	522	1	820.5736	12	3	0	1	1	0.7663	0.9159
47	523	1	822.1235	10	8	0	1	1	0.7667	0.5325
47	524	1	823.6734	13	7	0	1	1	0.7672	1.0484
47	525	1	825.2234	10	8	0	1	1	0.7676	0.5853
47	526	1	826.7733	9	11	0	1	1	0.7681	0.5882
47	527	1	828.3232	8	2	0	1	1	0.7685	0.5889
47	528	1	829.8731	5	10	0	1	1	0.7689	0.7683
47	529	1	831.4230	8	2	0	1	1	0.7694	0.6583
47	530	1	832.9729	5	10	0	1	1	0.7698	0.5484
47	531	1	834.5229	6	13	0	1	1	0.7702	0.5825
47	532	1	836.0728	4	15	90	1	1	0.7707	0.8732
47	533	1	837.6227	5	10	0	1	1	0.7711	0.6654
47	534	1	839.1726	8	2	0	1	1	0.7715	0.4928
47	535	1	840.7226	9	11	0	1	1	0.7720	0.5575
47	536	1	842.2725	8	2	0	1	1	0.7724	0.5929
47	537	1	843.8224	6	13	90	1	1	0.7728	0.7378
47	538	1	845.3723	4	15	0	1	1	0.7732	0.8692
47	539	1	846.9222	7	1	0	1	1	0.7737	0.7753
47	540	1	848.4722	8	2	0	1	1	0.7741	0.5839
47	541	1	850.0221	6	13	0	1	1	0.7745	0.5380
47	542	1	851.5720	4	15	0	1	1	0.7749	0.8134
47	543	1	853.1219	7	1	0	1	1	0.7753	0.5914
47	544	1	854.6718	8	2	90	0	1	0.7739	0.5763
47	545	1	856.2217	7	1	0	1	1	0.7743	0.6913
47	546	1	857.7716	4	15	0	1	1	0.7747	0.8697
47	547	1	859.3216	7	1	0	1	1	0.7751	0.6478
47	548	1	860.8715	6	13	90	0	1	0.7737	0.8904
47	549	1	862.4214	8	2	0	1	1	0.7741	0.6205
47	550	1	863.9713	9	11	0	1	1	0.7745	0.8784
47	551	1	865.5213	12	3	0	1	1	0.7750	0.9443
47	552	1	867.0712	10	8	0	1	1	0.7754	0.5449
47	553	1	868.6211	12	3	0	1	1	0.7758	0.9149
47	554	1	870.1710	10	8	0	1	1	0.7762	0.5171
47	555	1	871.7209	13	7	0	1	1	0.7766	0.5832
47	556	1	873.2709	14	12	90	0	1	0.7752	0.6652
47	557	1	874.8208	15	5	0	1	1	0.7756	0.5887
47	558	1	876.3707	2	9	0	1	1	0.7760	0.5907
47	559	1	877.9206	15	5	0	1	1	0.7764	0.4964
47	560	1	879.4705	3	14	0	1	1	0.7768	0.5635
47	561	1	881.0205	1	6	0	1	1	0.7772	0.6766
47	562	1	882.5703	15	5	0	1	1	0.7776	0.5837
47	563	1	884.1203	14	12	0	1	1	0.7780	0.6330
47	564	1	885.6702	15	5	90	0	1	0.7766	0.5378
47	565	1	887.2201	14	12	0	1	1	0.7770	0.7656
47	566	1	888.7700	13	7	0	1	1	0.7774	0.7341
47	567	1	890.3200	11	4	0	1	1	0.7778	0.8013
47	568	1	891.8699	12	3	90	0	1	0.7764	0.5801
47	569	1	893.4198	13	7	0	1	1	0.7768	0.9176
47	570	1	894.9697	11	4	90	1	1	0.7772	0.9983
47	571	1	896.5196	10	8	90	1	1	0.7776	1.1285
47	572	1	898.0696	13	7	0	1	1	0.7780	0.8596
47	573	1	899.6194	11	4	0	1	1	0.7784	1.0046
47	574	1	901.1694	12	3	0	1	1	0.7787	0.8960
47	575	1	902.7193	11	4	0	1	1	0.7791	0.6087
47	576	1	904.2692	13	7	0	1	1	0.7795	0.5468
47	577	1	905.8191	14	12	0	1	1	0.7799	0.7587
47	578	1	907.3691	15	5	0	1	1	0.7803	0.6324
47	579	1	908.9190	3	14	0	1	1	0.7807	0.7469
47	580	1	910.4689	1	6	0	1	1	0.7810	0.7965
47	581	1	912.0188	14	12	0	1	1	0.7814	0.6072
47	582	1	913.5687	13	7	0	1	1	0.7818	0.6246
47	583	1	915.1186	11	4	0	1	1	0.7822	0.6254
47	584	1	916.6686	10	8	90	0	1	0.7808	0.6755
47	585	1	918.2185	9	11	0	1	1	0.7812	0.6298
47	586	1	919.7684	11	4	0	1	1	0.7816	0.6649
47	587	1	921.3183	9	11	90	1	1	0.7819	1.0510
47	588	1	922.8682	8	2	0	1	1	0.7823	0.6213
47	589	1	924.4182	9	11	0	1	1	0.7827	0.6228
47	590	1	925.9681	8	2	0	1	1	0.7831	0.5132
47	591	1	927.5180	5	10	0	0	1	0.7817	0.9620
47	592	1	929.0679	7	1	90	0	1	0.7804	1.0935
47	593	1	930.6845	8	2	0	1	1	0.7808	0.9009
47	594	1	932.2344	7	1	0	1	1	0.7811	0.6616
47	595	1	933.7843	5	10	0	1	1	0.7815	1.1598
47	596	1	935.3343	8	2	90	0	1	0.7802	0.5557
47	597	1	936.8842	5	10	0	1	1	0.7806	0.9091
47	598	1	938.4341	8	2	0	0	1	0.7793	0.8478
47	599	1	939.9840	9	11	0	1	1	0.7796	0.8814
47	600	1	941.5339	10	8	0	1	1	0.7800	0.6914
47	601	1	1051.0948	13	7	0	-1	0	0.7787	-1.0000
47	602	1	1053.1947	12	3	0	1	1	0.7791	1.2854
47	603	1	1054.7446	10	8	0	1	1	0.7794	0.7127
47	604	1	1056.2946	11	4	0	1	1	0.7798	0.6494
47	605	1	1057.8445	10	8	90	1	1	0.7802	0.8455
47	606	1	1059.3944	11	4	0	1	1	0.7805	0.6375
47	607	1	1060.9443	13	7	0	1	1	0.7809	0.6417
47	608	1	1062.4942	14	12	90	0	1	0.7796	0.8838
47	609	1	1064.0441	2	9	0	1	1	0.7800	0.5813
47	610	1	1065.5941	1	6	0	1	1	0.7803	0.7899
47	611	1	1067.1440	15	5	90	0	1	0.7791	0.8893
47	612	1	1068.6939	14	12	0	1	1	0.7794	0.7153
47	613	1	1070.2438	2	9	0	1	1	0.7798	0.5735
47	614	1	1071.7937	3	14	90	0	1	0.7785	0.6222
47	615	1	1073.3437	1	6	0	1	1	0.7789	0.6095
47	616	1	1074.8936	15	5	90	1	1	0.7792	0.7237
47	617	1	1076.4435	14	12	0	1	1	0.7796	0.7425
47	618	1	1077.9934	13	7	0	1	1	0.7799	1.0325
47	619	1	1079.5433	11	4	90	0	1	0.7787	0.6820
47	620	1	1081.0932	9	11	0	1	1	0.7790	0.7484
47	621	1	1082.6431	10	8	0	1	1	0.7794	0.8311
47	622	1	1084.1931	9	11	0	1	1	0.7797	0.6068
47	623	1	1085.7430	8	2	0	1	1	0.7801	0.5456
47	624	1	1087.2929	7	1	0	1	1	0.7804	0.6601
47	625	1	1088.8428	4	15	0	1	1	0.7808	0.8549
47	626	1	1090.3928	3	14	90	0	1	0.7796	0.9530
47	627	1	1091.9427	4	15	0	1	1	0.7799	0.7141
47	628	1	1093.4926	3	14	0	1	1	0.7803	0.7804
47	629	1	1095.0425	2	9	0	1	1	0.7806	0.5574
47	630	1	1096.5924	3	14	0	1	1	0.7810	0.5448
47	631	1	1098.1424	15	5	0	0	1	0.7797	0.6909
47	632	1	1099.6922	14	12	90	1	1	0.7801	1.0293
47	633	1	1101.2422	13	7	90	1	1	0.7804	1.1737
47	634	1	1102.7921	10	8	90	1	1	0.7808	1.0812
47	635	1	1104.3420	9	11	0	1	1	0.7811	0.6674
47	636	1	1105.8919	11	4	0	1	1	0.7814	0.9094
47	637	1	1107.4418	9	11	0	1	1	0.7818	0.6240
47	638	1	1108.9918	11	4	0	1	1	0.7821	0.6259
47	639	1	1110.5417	10	8	0	1	1	0.7825	0.7876
47	640	1	1112.0916	11	4	90	0	1	0.7813	0.9015
47	641	1	1113.6415	10	8	0	1	1	0.7816	0.6157
47	642	1	1115.1914	12	3	0	1	1	0.7819	1.3058
47	643	1	1116.7414	9	11	0	1	1	0.7823	0.6513
47	644	1	1118.2913	12	3	90	0	1	0.7811	0.6380
47	645	1	1119.8412	9	11	0	1	1	0.7814	0.5439
47	646	1	1121.3911	12	3	0	1	1	0.7817	0.6101
47	647	1	1122.9410	13	7	90	0	1	0.7805	0.6441
47	648	1	1124.4910	12	3	0	1	1	0.7809	0.6129
47	649	1	1126.0409	10	8	0	1	1	0.7812	0.6161
47	650	1	1127.5908	12	3	0	1	1	0.7815	0.4909
47	651	1	1129.1407	10	8	0	1	1	0.7819	0.6050
47	652	1	1130.6906	9	11	0	1	1	0.7822	0.4773
47	653	1	1132.2405	11	4	0	1	1	0.7825	0.5458
47	654	1	1133.7905	12	3	0	1	1	0.7829	0.5146
47	655	1	1135.3404	9	11	90	1	1	0.7832	0.9010
47	656	1	1136.8903	12	3	0	1	1	0.7835	0.7748
47	657	1	1138.4402	11	4	0	1	1	0.7839	0.5691
47	658	1	1139.9901	12	3	0	1	1	0.7842	0.7297
47	659	1	1141.5401	9	11	90	0	1	0.7830	0.6198
47	660	1	1143.0900	12	3	90	1	1	0.7833	1.2620
47	661	1	1144.6399	9	11	0	1	1	0.7837	0.6080
47	662	1	1146.1898	12	3	90	1	1	0.7840	0.9620
47	663	1	1147.7397	13	7	90	1	1	0.7843	1.1898
47	664	1	1149.2897	12	3	0	1	1	0.7846	1.3022
47	665	1	1150.8396	9	11	90	0	1	0.7835	0.6340
47	666	1	1152.3895	12	3	0	1	1	0.7838	0.6518
47	667	1	1153.9394	11	4	0	1	1	0.7841	0.7484
47	668	1	1155.4893	10	8	0	1	1	0.7844	0.6566
47	669	1	1157.0392	13	7	90	1	1	0.7848	1.1047
47	670	1	1158.5891	14	12	0	1	1	0.7851	0.7550
47	671	1	1160.1391	1	6	0	1	1	0.7854	0.7266
47	672	1	1161.6890	14	12	90	1	1	0.7857	0.7922
47	673	1	1163.2389	13	7	90	0	1	0.7845	1.0184
47	674	1	1164.8388	11	4	90	0	1	0.7834	0.6651
47	675	1	1166.3888	10	8	0	1	1	0.7837	0.6527
47	676	1	1167.9387	11	4	0	1	1	0.7840	0.5586
47	677	1	1169.4886	9	11	0	1	1	0.7843	0.8003
47	678	1	1171.0385	12	3	0	1	1	0.7847	0.8814
47	679	1	1172.5884	13	7	0	0	1	0.7835	1.1566
47	680	1	1174.3217	10	8	0	1	1	0.7838	0.7356
47	681	1	1175.8716	9	11	0	1	1	0.7841	0.6264
47	682	1	1177.4215	10	8	0	1	1	0.7845	0.5955
47	683	1	1178.9714	9	11	0	1	1	0.7848	0.5807
47	684	1	1180.5214	12	3	0	1	1	0.7851	0.8545
47	685	1	1182.0713	11	4	0	1	1	0.7854	0.5377
47	686	1	1183.6212	10	8	0	1	1	0.7857	0.5721
47	687	1	1185.1711	11	4	90	0	1	0.7846	0.4943
47	688	1	1186.7210	9	11	0	1	1	0.7849	0.5602
47	689	1	1188.2710	11	4	90	0	1	0.7837	0.5944
47	690	1	1189.8209	9	11	0	1	1	0.7841	0.4995
47	691	1	1191.3708	12	3	0	1	1	0.7844	0.6301
47	692	1	1192.9207	10	8	0	1	1	0.7847	0.5363
47	693	1	1194.4706	9	11	0	1	1	0.7850	0.5381
47	694	1	1196.0205	11	4	0	1	1	0.7853	0.7808
47	695	1	1197.5705	12	3	90	1	1	0.7856	0.8774
47	696	1	1199.1204	9	11	0	1	1	0.7859	0.6723
47	697	1	1200.6703	10	8	0	1	1	0.7862	0.5946
47	698	1	1202.2202	9	11	0	1	1	0.7865	0.6447
47	699	1	1203.7701	8	2	0	1	1	0.7868	0.5337
47	700	1	1205.3201	9	11	0	1	1	0.7871	0.4238
47	701	1	1206.8700	8	2	0	1	1	0.7874	0.4738
47	702	1	1208.4199	5	10	90	0	1	0.7863	0.4614
47	703	1	1209.9698	8	2	0	1	1	0.7866	0.5114
47	704	1	1211.5197	7	1	90	1	1	0.7869	1.0736
47	705	1	1213.0696	4	15	90	0	1	0.7858	1.3782
47	706	1	1215.0029	7	1	0	1	1	0.7861	0.7743
47	707	1	1216.5528	4	15	0	0	1	0.7850	0.6647
47	708	1	1218.1027	7	1	0	1	1	0.7853	0.7627
47	709	1	1219.6526	6	13	0	1	1	0.7856	1.0672
47	710	1	1221.2026	7	1	0	1	1	0.7859	0.7509
47	711	1	1222.7525	5	10	0	1	1	0.7862	1.4880
47	712	1	1224.3690	6	13	0	1	1	0.7865	0.8640
47	713	1	1225.9190	8	2	90	1	1	0.7868	0.9939
47	714	1	1227.4689	7	1	90	1	1	0.7871	0.8683
47	715	1	1229.0188	5	10	90	0	1	0.7860	1.3668
47	716	1	1230.9687	4	15	0	1	1	0.7863	0.8084
47	717	1	1232.5186	6	13	0	1	1	0.7866	0.7459
47	718	1	1234.0685	5	10	0	1	1	0.7869	1.1328
47	719	1	1235.6184	6	13	0	1	1	0.7872	0.8308
47	720	1	1237.1684	7	1	90	1	1	0.7875	0.8808
47	721	1	1238.7183	5	10	90	1	1	0.7878	1.0588
47	722	1	1240.2682	7	1	0	1	1	0.7881	0.7088
47	723	1	1241.8181	8	2	0	1	1	0.7884	0.7115
47	724	1	1243.3681	6	13	0	1	1	0.7887	0.7277
47	725	1	1244.9180	5	10	0	1	1	0.7890	0.6499
47	726	1	1246.4679	6	13	90	0	1	0.7879	0.7172
47	727	1	1248.0178	7	1	0	1	1	0.7882	0.5580
47	728	1	1249.5677	8	2	0	1	1	0.7885	0.6410
47	729	1	1251.1177	5	10	0	1	1	0.7888	0.5961
47	730	1	1252.6676	6	13	90	0	1	0.7877	0.5642
47	731	1	1254.2175	4	15	0	1	1	0.7880	0.9202
47	732	1	1255.7674	5	10	90	0	1	0.7869	0.6181
47	733	1	1257.3173	7	1	0	1	1	0.7872	0.5555
47	734	1	1258.8672	6	13	0	1	1	0.7875	0.6686
47	735	1	1260.4172	4	15	0	1	1	0.7878	0.5922
47	736	1	1261.9671	3	14	90	1	1	0.7880	0.9621
47	737	1	1263.5170	1	6	0	1	1	0.7883	0.9632
47	738	1	1265.0669	14	12	0	1	1	0.7886	1.0788
47	739	1	1266.6169	15	5	90	1	1	0.7889	1.2402
47	740	1	1268.1668	14	12	0	1	1	0.7892	0.6825
47	741	1	1269.7167	13	7	90	0	1	0.7881	0.6847
47	742	1	1271.2666	14	12	0	1	1	0.7884	0.6866
47	743	1	1272.8165	15	5	0	1	1	0.7887	0.7366
47	744	1	1274.3664	1	6	0	1	1	0.7890	0.6582
47	745	1	1275.9163	14	12	90	1	1	0.7893	0.9955
47	746	1	1277.4663	15	5	0	1	1	0.7895	0.6628
47	747	1	1279.0162	14	12	0	0	1	0.7885	0.5516
47	748	1	1280.5661	15	5	90	1	1	0.7888	0.8588
47	749	1	1282.1160	3	14	0	1	1	0.7891	0.6857
47	750	1	1283.6659	2	9	0	1	1	0.7893	0.6719
47	751	1	1285.2159	14	12	0	1	1	0.7896	0.7202
47	752	1	1286.7658	15	5	0	1	1	0.7899	0.5620
47	753	1	1288.3157	1	6	0	1	1	0.7902	0.6134
47	754	1	1289.8656	14	12	0	1	1	0.7905	0.5356
47	755	1	1291.4155	1	6	0	1	1	0.7907	0.5060
47	756	1	1292.9655	2	9	0	1	1	0.7910	0.5077
47	757	1	1294.5154	14	12	0	1	1	0.7913	0.4945
47	758	1	1296.0653	2	9	0	1	1	0.7916	0.5123
47	759	1	1297.6152	14	12	0	1	1	0.7918	0.5138
47	760	1	1299.1651	1	6	90	0	1	0.7908	0.6920
47	761	1	1300.7151	15	5	0	1	1	0.7911	0.5502
47	762	1	1302.2650	3	14	0	1	1	0.7913	0.5829
47	763	1	1303.8149	4	15	0	1	1	0.7916	0.6348
47	764	1	1305.3648	6	13	0	1	1	0.7919	0.7804
47	765	1	1306.9147	7	1	0	1	1	0.7922	0.6865
47	766	1	1308.4647	6	13	0	1	1	0.7924	0.5591
47	767	1	1310.0146	4	15	0	1	1	0.7927	0.8825
47	768	1	1311.5645	7	1	0	1	1	0.7930	0.6454
47	769	1	1313.1144	6	13	0	1	1	0.7932	0.5494
47	770	1	1314.6643	5	10	90	0	1	0.7922	0.5530
47	771	1	1316.2142	8	2	0	1	1	0.7925	0.6035
47	772	1	1317.7642	9	11	0	1	1	0.7927	0.8770
47	773	1	1319.3141	12	3	90	1	1	0.7930	1.3110
47	774	1	1320.8640	9	11	90	0	1	0.7920	0.5918
47	775	1	1322.4139	10	8	0	1	1	0.7923	0.6431
47	776	1	1323.9638	11	4	0	1	1	0.7925	0.7418
47	777	1	1325.5138	9	11	0	1	1	0.7928	0.5998
47	778	1	1327.0637	10	8	90	1	1	0.7931	0.8739
47	779	1	1328.6136	13	7	0	1	1	0.7933	0.9383
47	780	1	1330.1635	14	12	0	1	1	0.7936	0.6058
47	781	1	1331.7134	1	6	0	1	1	0.7939	0.6383
47	782	1	1333.2633	14	12	0	1	1	0.7941	0.5124
47	783	1	1334.8133	2	9	0	1	1	0.7944	0.5305
47	784	1	1336.3632	15	5	0	1	1	0.7946	0.8699
47	785	1	1337.9131	14	12	0	1	1	0.7949	0.5040
47	786	1	1339.4630	15	5	90	1	1	0.7952	0.6968
47	787	1	1341.0129	1	6	0	1	1	0.7954	0.6209
47	788	1	1342.5628	15	5	0	1	1	0.7957	0.5891
47	789	1	1344.1128	14	12	0	1	1	0.7959	0.4965
47	790	1	1345.6627	2	9	0	1	1	0.7962	0.5306
47	791	1	1347.2126	1	6	0	1	1	0.7965	0.7403
47	792	1	1348.7625	3	14	0	1	1	0.7967	0.6932
47	793	1	1350.3125	1	6	0	1	1	0.7970	0.5376
47	794	1	1351.8624	3	14	0	1	1	0.7972	0.4735
47	795	1	1353.4123	15	5	0	1	1	0.7975	0.4288
47	796	1	1354.9622	1	6	0	1	1	0.7977	0.3975
47	797	1	1356.5121	3	14	0	1	1	0.7980	0.5771
47	798	1	1358.0620	15	5	0	1	1	0.7982	0.4663
47	799	1	1359.6120	2	9	0	1	1	0.7985	0.4678
47	800	1	1361.1619	1	6	0	1	1	0.7987	0.4059
47	801	1	1362.7118	14	12	0	1	1	0.7990	0.6000
47	802	1	1364.2617	2	9	0	1	1	0.7993	0.4918
47	803	1	1366.0116	14	12	90	0	1	0.7983	0.9020
47	804	1	1367.5615	1	6	90	0	1	0.7973	0.5354
47	805	1	1369.1114	3	14	0	1	1	0.7975	0.6483
47	806	1	1370.6614	1	6	0	1	1	0.7978	0.5393
47	807	1	1372.2113	2	9	0	1	1	0.7980	0.5405
47	808	1	1373.7612	1	6	0	1	1	0.7983	0.5279
47	809	1	1375.3112	14	12	0	1	1	0.7985	0.8020
47	810	1	1376.8610	2	9	0	1	1	0.7988	0.5147
47	811	1	1378.4110	15	5	90	1	1	0.7990	0.8384
47	812	1	1379.9609	14	12	0	1	1	0.7993	0.6962
47	813	1	1381.5108	2	9	90	1	1	0.7995	0.7785
47	814	1	1383.0607	14	12	0	1	1	0.7998	0.5889
47	815	1	1384.6107	15	5	0	1	1	0.8000	0.5411
47	816	1	1386.1606	1	6	0	1	1	0.8002	0.5444
47	817	1	1387.7105	15	5	90	1	1	0.8005	0.7384
47	818	1	1389.2604	14	12	0	1	1	0.8007	0.5314
47	819	1	1390.8103	2	9	0	1	1	0.8010	0.5028
47	820	1	1392.3602	1	6	0	1	1	0.8012	0.6000
47	821	1	1393.9102	14	12	0	1	1	0.8015	0.4909
47	822	1	1395.4601	15	5	0	1	1	0.8017	0.6696
47	823	1	1397.0100	1	6	0	1	1	0.8019	0.5418
47	824	1	1398.5599	14	12	0	1	1	0.8022	0.4798
47	825	1	1400.1099	1	6	0	1	1	0.8024	0.4997
47	826	1	1401.6597	3	14	90	1	1	0.8027	1.0120
47	827	1	1403.2097	15	5	0	1	1	0.8029	0.6639
47	828	1	1404.7596	14	12	0	1	1	0.8031	0.7454
47	829	1	1406.3095	13	7	0	1	1	0.8034	0.5063
47	830	1	1407.8594	14	12	0	1	1	0.8036	0.5422
47	831	1	1409.4093	15	5	90	1	1	0.8039	0.7664
47	832	1	1410.9593	1	6	0	1	1	0.8041	0.5931
47	833	1	1412.5092	3	14	90	1	1	0.8043	0.8186
47	834	1	1414.0591	1	6	0	1	1	0.8046	0.6306
47	835	1	1415.6090	3	14	0	1	1	0.8048	0.8559
47	836	1	1417.1590	15	5	0	1	1	0.8050	0.6808
47	837	1	1418.7089	1	6	0	1	1	0.8053	0.4748
47	838	1	1420.2588	15	5	0	1	1	0.8055	0.5102
47	839	1	1421.8087	2	9	90	1	1	0.8057	0.7191
47	840	1	1423.3586	15	5	0	1	1	0.8060	0.5306
47	841	1	1424.9085	3	14	0	1	1	0.8062	0.6129
47	842	1	1426.4585	2	9	0	1	1	0.8064	0.5653
47	843	1	1428.0084	3	14	0	1	1	0.8066	0.3278
47	844	1	1429.5583	4	15	0	1	1	0.8069	0.5546
47	845	1	1431.1082	3	14	0	1	1	0.8071	0.7491
47	846	1	1432.6581	2	9	0	1	1	0.8073	0.3993
47	847	1	1434.2081	3	14	0	1	1	0.8076	0.2888
47	848	1	1435.7580	2	9	90	1	1	0.8078	0.6112
47	849	1	1437.3079	1	6	0	1	1	0.8080	0.7411
47	850	1	1438.8578	2	9	0	1	1	0.8082	0.7100
47	851	1	1440.4077	3	14	0	1	1	0.8085	0.5360
47	852	1	1441.9576	1	6	0	1	1	0.8087	0.5874
47	853	1	1443.5075	14	12	0	1	1	0.8089	0.7016
47	854	1	1445.0575	2	9	0	1	1	0.8091	0.5758
47	855	1	1446.6074	15	5	90	1	1	0.8094	0.8023
47	856	1	1448.1573	1	6	0	1	1	0.8096	0.5156
47	857	1	1449.7072	14	12	0	1	1	0.8098	0.6778
47	858	1	1451.2571	15	5	0	1	1	0.8100	0.5986
47	859	1	1452.8071	2	9	0	1	1	0.8102	0.5538
47	860	1	1454.3570	14	12	0	1	1	0.8105	0.6688
47	861	1	1455.9069	1	6	0	1	1	0.8107	0.5889
47	862	1	1457.4568	3	14	0	1	1	0.8109	0.6889
47	863	1	1459.0067	15	5	0	1	1	0.8111	0.5610
47	864	1	1460.5567	1	6	0	1	1	0.8113	0.5323
47	865	1	1462.1066	15	5	0	1	1	0.8116	0.4854
47	866	1	1463.6565	1	6	0	1	1	0.8118	0.6475
47	867	1	1465.2064	3	14	90	1	1	0.8120	0.8413
47	868	1	1466.7563	2	9	0	1	1	0.8122	0.6689
47	869	1	1468.3062	15	5	0	1	1	0.8124	0.5593
47	870	1	1469.8562	3	14	0	1	1	0.8126	0.5295
47	871	1	1471.4061	2	9	0	1	1	0.8129	0.5949
47	872	1	1472.9560	14	12	90	0	1	0.8119	0.6757
47	873	1	1474.5059	13	7	0	1	1	0.8121	0.5511
47	874	1	1476.0559	12	3	90	1	1	0.8124	0.9694
47	875	1	1477.6058	9	11	90	0	1	0.8114	0.7939
47	876	1	1479.1557	11	4	0	0	1	0.8105	1.2120
47	877	1	1480.9056	10	8	90	1	1	0.8107	0.8874
47	878	1	1482.4555	11	4	0	1	1	0.8109	1.0337
47	879	1	1484.0054	9	11	0	1	1	0.8111	0.9401
47	880	1	1485.5554	8	2	0	1	1	0.8114	0.6378
47	881	1	1487.1053	7	1	0	1	1	0.8116	0.7678
47	882	1	1488.6552	6	13	0	1	1	0.8118	0.8659
47	883	1	1490.2051	5	10	0	1	1	0.8120	1.2506
47	884	1	1491.7550	7	1	0	1	1	0.8122	0.6941
47	885	1	1493.3050	8	2	90	1	1	0.8124	0.8880
47	886	1	1494.8549	6	13	0	1	1	0.8126	0.6989
47	887	1	1496.4048	4	15	0	1	1	0.8129	0.8589
47	888	1	1497.9547	7	1	90	1	1	0.8131	0.9409
47	889	1	1499.5046	5	10	0	1	1	0.8133	1.0070
47	890	1	1501.0545	6	13	90	1	1	0.8135	1.1372
47	891	1	1502.6045	7	1	0	1	1	0.8137	0.5969
47	892	1	1504.1544	5	10	90	1	1	0.8139	1.0933
47	893	1	1505.7043	8	2	0	1	1	0.8141	0.6314
47	894	1	1507.2542	7	1	0	1	1	0.8143	0.5855
47	895	1	1508.8041	8	2	0	1	1	0.8145	0.5396
47	896	1	1510.3541	7	1	0	1	1	0.8147	0.5576
47	897	1	1511.9040	4	15	0	1	1	0.8149	0.8014
47	898	1	1513.4539	7	1	0	1	1	0.8151	0.4994
47	899	1	1515.0038	8	2	0	1	1	0.8154	0.5339
47	900	1	1516.5537	5	10	0	1	1	0.8156	0.5833
47	901	1	1518.1037	6	13	0	0	1	0.8147	0.8401
47	902	1	1519.6536	5	10	0	1	1	0.8149	0.6196
47	903	1	1521.2035	7	1	0	1	1	0.8151	0.6051
47	904	1	1522.7534	4	15	90	1	1	0.8153	1.0879
47	905	1	1524.3033	7	1	0	1	1	0.8155	0.8018
47	906	1	1525.8532	5	10	0	1	1	0.8157	0.9958
47	907	1	1527.4031	7	1	0	1	1	0.8159	0.5664
47	908	1	1528.9531	5	10	0	1	1	0.8161	0.6318
47	909	1	1530.5030	8	2	90	1	1	0.8163	0.7301
47	910	1	1532.0529	5	10	90	1	1	0.8165	0.9388
47	911	1	1533.6028	4	15	0	1	1	0.8167	0.8940
47	912	1	1535.1527	6	13	0	1	1	0.8169	0.8643
47	913	1	1536.7027	7	1	90	1	1	0.8171	0.8029
47	914	1	1538.2526	8	2	0	1	1	0.8173	0.5631
47	915	1	1539.8025	7	1	0	1	1	0.8175	0.8212
47	916	1	1541.3524	4	15	0	1	1	0.8177	0.8567
47	917	1	1542.9023	5	10	0	1	1	0.8179	0.8094
47	918	1	1544.4523	6	13	0	1	1	0.8181	0.8607
47	919	1	1546.0022	5	10	0	1	1	0.8183	0.5260
47	920	1	1547.5521	6	13	90	0	1	0.8174	0.4484
47	921	1	1549.1020	4	15	90	1	1	0.8176	1.0909
47	922	1	1550.6519	3	14	0	1	1	0.8178	0.9650
47	923	1	1552.2019	1	6	90	1	1	0.8180	1.0458
47	924	1	1553.7518	15	5	0	1	1	0.8182	0.8253
47	925	1	1555.3017	14	12	0	1	1	0.8184	0.6820
47	926	1	1556.8516	2	9	0	1	1	0.8186	0.5721
47	927	1	1558.4015	15	5	0	1	1	0.8188	0.5920
47	928	1	1559.9515	2	9	0	1	1	0.8190	0.5132
47	929	1	1561.5014	14	12	0	1	1	0.8192	0.6437
47	930	1	1563.0513	2	9	90	1	1	0.8194	0.6283
47	931	1	1564.6012	1	6	0	1	1	0.8195	0.9344
47	932	1	1566.1511	14	12	0	1	1	0.8197	0.5709
47	933	1	1567.7010	15	5	0	1	1	0.8199	0.5083
47	934	1	1569.2510	2	9	0	1	1	0.8201	0.4927
47	935	1	1570.8009	14	12	0	1	1	0.8203	0.4484
47	936	1	1572.3508	13	7	0	1	1	0.8205	0.8176
47	937	1	1573.9007	10	8	0	1	1	0.8207	0.6604
47	938	1	1575.4506	12	3	90	0	1	0.8198	0.8063
47	939	1	1577.0006	9	11	0	1	1	0.8200	0.6964
47	940	1	1578.5505	8	2	0	1	1	0.8202	0.5552
47	941	1	1580.1004	7	1	90	1	1	0.8204	0.7330
47	942	1	1581.6503	6	13	0	1	1	0.8206	0.8625
47	943	1	1583.2002	4	15	0	1	1	0.8208	0.8007
47	944	1	1584.7501	5	10	0	1	1	0.8210	0.8513
47	945	1	1586.3001	8	2	0	1	1	0.8212	0.6759
47	946	1	1587.8500	6	13	0	1	1	0.8214	0.6777
47	947	1	1589.3999	8	2	0	1	1	0.8215	0.4878
47	948	1	1590.9498	5	10	0	1	1	0.8217	0.4111
47	949	1	1592.4997	8	2	0	1	1	0.8219	0.5399
47	950	1	1594.0497	9	11	90	0	1	0.8211	1.1996
47	951	1	1595.7996	8	2	0	1	1	0.8212	0.7934
47	952	1	1597.3495	6	13	90	1	1	0.8214	1.0841
47	953	1	1598.8994	4	15	0	1	1	0.8216	0.8304
47	954	1	1600.4493	3	14	0	1	1	0.8218	1.0383
47	955	1	1601.9992	1	6	90	1	1	0.8220	1.0424
47	956	1	1603.5492	3	14	0	1	1	0.8222	0.6276
47	957	1	1605.0991	4	15	90	0	1	0.8213	0.6126
47	958	1	1606.6490	5	10	0	1	1	0.8215	0.8561
47	959	1	1608.1989	6	13	0	1	1	0.8217	0.7303
47	960	1	1609.7488	7	1	0	1	1	0.8219	0.5403
47	961	1	1611.2988	5	10	90	0	1	0.8210	0.5262
47	962	1	1612.8486	6	13	0	1	1	0.8212	0.7047
47	963	1	1614.3986	5	10	0	1	1	0.8214	0.5147
47	964	1	1615.9485	8	2	0	1	1	0.8216	0.5812
47	965	1	1617.4984	5	10	0	1	1	0.8218	0.5184
47	966	1	1619.0483	4	15	90	0	1	0.8209	0.6647
47	967	1	1620.5983	3	14	0	1	1	0.8211	0.6350
47	968	1	1622.1482	4	15	0	1	1	0.8213	0.5088
47	969	1	1623.6981	5	10	0	1	1	0.8215	0.6232
47	970	1	1625.2480	7	1	0	1	1	0.8216	0.5775
47	971	1	1626.7979	5	10	0	1	1	0.8218	0.5457
47	972	1	1628.3479	8	2	0	1	1	0.8220	0.5492
47	973	1	1629.8978	5	10	90	1	1	0.8222	0.9659
47	974	1	1631.4477	8	2	0	1	1	0.8224	0.6012
47	975	1	1632.9976	5	10	0	1	1	0.8226	0.5220
47	976	1	1634.5475	8	2	0	1	1	0.8227	0.4940
47	977	1	1636.0974	9	11	0	1	1	0.8229	0.8956
47	978	1	1637.6474	10	8	0	1	1	0.8231	0.6883
47	979	1	1639.1973	13	7	90	0	1	0.8223	0.6118
47	980	1	1640.7472	14	12	0	1	1	0.8224	0.9484
47	981	1	1642.2971	2	9	90	1	1	0.8226	0.7745
47	982	1	1643.8470	14	12	0	1	1	0.8228	0.6166
47	983	1	1645.3970	1	6	0	1	1	0.8230	0.6826
47	984	1	1646.9469	2	9	0	1	1	0.8232	0.6386
47	985	1	1648.4968	3	14	90	0	1	0.8223	0.8643
47	986	1	1650.0467	1	6	0	1	1	0.8225	0.7063
47	987	1	1651.5966	15	5	90	1	1	0.8227	0.8363
47	988	1	1653.1466	14	12	90	1	1	0.8229	0.8389
47	989	1	1654.6965	1	6	0	1	1	0.8231	0.6965
47	990	1	1656.2464	14	12	0	1	1	0.8232	0.5712
47	991	1	1657.7963	15	5	0	1	1	0.8234	0.6687
47	992	1	1659.3462	3	14	0	1	1	0.8236	0.6553
47	993	1	1660.8962	2	9	0	1	1	0.8238	0.5448
47	994	1	1662.4461	15	5	0	1	1	0.8239	0.6109
47	995	1	1663.9960	1	6	90	1	1	0.8241	0.8541
47	996	1	1665.5459	3	14	90	0	1	0.8233	0.7897
47	997	1	1667.0958	15	5	0	1	1	0.8235	0.5680
47	998	1	1668.6457	2	9	0	1	1	0.8236	0.5399
47	999	1	1670.1957	1	6	0	1	1	0.8238	0.6214
47	1000	1	1671.7456	3	14	0	1	1	0.8240	0.6074
47	1001	1	1673.2955	2	9	0	1	1	0.8242	0.5301
47	1002	1	1674.8454	3	14	0	1	1	0.8244	0.5302
47	1003	1	1676.3953	15	5	90	1	1	0.8245	0.9175
47	1004	1	1677.9453	2	9	0	1	1	0.8247	0.5517
47	1005	1	1679.4952	1	6	0	1	1	0.8249	0.7145
47	1006	1	1681.0451	2	9	0	1	1	0.8250	0.5065
47	1007	1	1682.5950	3	14	0	1	1	0.8252	0.4946
47	1008	1	1684.1449	1	6	90	1	1	0.8254	0.8000
47	1009	1	1685.6948	2	9	0	1	1	0.8256	0.5463
47	1010	1	1687.2448	1	6	0	1	1	0.8257	0.7073
47	1011	1	1688.7947	3	14	0	1	1	0.8259	0.5026
47	1012	1	1690.3446	1	6	0	1	1	0.8261	0.5532
47	1013	1	1691.8945	3	14	0	1	1	0.8263	0.6508
47	1014	1	1693.4444	4	15	0	1	1	0.8264	0.9712
47	1015	1	1694.9944	7	1	0	1	1	0.8266	0.6853
47	1016	1	1696.5443	4	15	0	1	1	0.8268	0.5433
47	1017	1	1698.0942	7	1	90	0	1	0.8260	0.5786
47	1018	1	1699.6441	6	13	0	1	1	0.8261	0.9157
47	1019	1	1701.1940	8	2	0	1	1	0.8263	0.5661
47	1020	1	1702.7439	5	10	0	1	1	0.8265	0.8719
47	1021	1	1704.2939	8	2	90	1	1	0.8266	0.8272
47	1022	1	1705.8438	9	11	0	1	1	0.8268	0.7497
47	1023	1	1707.3937	12	3	0	1	1	0.8270	0.9433
47	1024	1	1708.9436	11	4	90	0	1	0.8262	0.9134
47	1025	1	1710.4935	10	8	90	1	1	0.8263	0.8354
47	1026	1	1712.0434	13	7	0	1	1	0.8265	1.0122
47	1027	1	1713.5934	10	8	0	1	1	0.8267	0.7102
47	1028	1	1715.1433	13	7	90	1	1	0.8268	0.9537
47	1029	1	1716.6932	10	8	0	1	1	0.8270	0.8904
47	1030	1	1718.2431	13	7	0	1	1	0.8272	0.8284
47	1031	1	1719.7931	10	8	90	1	1	0.8274	1.1200
47	1032	1	1721.3430	13	7	0	1	1	0.8275	0.7216
47	1033	1	1722.8929	14	12	0	1	1	0.8277	0.9005
47	1034	1	1724.4428	15	5	0	1	1	0.8279	0.6448
47	1035	1	1725.9927	2	9	0	1	1	0.8280	0.5841
47	1036	1	1727.5426	14	12	0	1	1	0.8282	0.6506
47	1037	1	1729.0926	15	5	0	1	1	0.8284	0.6050
47	1038	1	1730.6425	1	6	0	1	1	0.8285	0.6062
47	1039	1	1732.1924	14	12	0	1	1	0.8287	0.7365
47	1040	1	1733.7423	15	5	0	1	1	0.8288	0.5451
47	1041	1	1735.2923	3	14	0	1	1	0.8290	0.6914
47	1042	1	1736.8422	4	15	0	1	1	0.8292	0.6318
47	1043	1	1738.3921	7	1	0	1	1	0.8293	0.5848
47	1044	1	1739.9420	4	15	0	1	1	0.8295	0.5388
47	1045	1	1741.4919	3	14	90	0	1	0.8287	0.8287
47	1046	1	1743.0418	4	15	0	1	1	0.8289	0.5577
47	1047	1	1744.5918	5	10	0	1	1	0.8290	0.7524
47	1048	1	1746.1417	8	2	0	1	1	0.8292	0.5299
47	1049	1	1747.6916	9	11	0	1	1	0.8294	0.6295
47	1050	1	1749.2415	11	4	0	1	1	0.8295	0.5194
47	1051	1	1750.7914	13	7	0	1	1	0.8297	0.5050
47	1052	1	1752.3413	14	12	0	1	1	0.8298	0.6199
47	1053	1	1753.8913	15	5	90	0	1	0.8291	0.5902
47	1054	1	1755.4412	14	12	0	1	1	0.8292	0.6396
47	1055	1	1756.9911	15	5	0	1	1	0.8294	0.6405
47	1056	1	1758.5410	3	14	0	1	1	0.8295	0.6105
47	1057	1	1760.0909	1	6	90	0	1	0.8288	0.6304
47	1058	1	1761.6409	14	12	0	1	1	0.8289	0.6787
47	1059	1	1763.1908	15	5	0	1	1	0.8291	0.5048
47	1060	1	1764.7407	14	12	0	1	1	0.8292	0.5249
47	1061	1	1766.2906	2	9	0	1	1	0.8294	0.5889
47	1062	1	1767.8405	15	5	0	1	1	0.8296	0.5605
47	1063	1	1769.3905	14	12	0	1	1	0.8297	0.5625
47	1064	1	1770.9404	13	7	0	1	1	0.8299	0.5164
47	1065	1	1772.4903	10	8	0	1	1	0.8300	0.5973
47	1066	1	1774.0402	9	11	0	1	1	0.8302	0.6474
47	1067	1	1775.5901	11	4	90	0	1	0.8294	0.8587
47	1068	1	1777.1400	10	8	0	1	1	0.8296	0.5887
47	1069	1	1778.6900	12	3	0	1	1	0.8297	0.6548
47	1070	1	1780.2399	9	11	0	1	1	0.8299	0.5930
47	1071	1	1781.7898	11	4	0	1	1	0.8301	0.8671
47	1072	1	1783.3397	10	8	0	1	1	0.8302	0.6439
47	1073	1	1784.8896	12	3	0	1	1	0.8304	0.9350
47	1074	1	1786.4395	9	11	0	1	1	0.8305	0.6012
47	1075	1	1787.9895	10	8	90	1	1	0.8307	0.8593
47	1076	1	1789.5394	9	11	0	1	1	0.8309	0.5579
47	1077	1	1791.0893	8	2	0	1	1	0.8310	0.5915
47	1078	1	1792.6392	9	11	0	1	1	0.8312	0.5138
47	1079	1	1794.1891	11	4	0	1	1	0.8313	0.8680
47	1080	1	1795.7391	13	7	90	1	1	0.8315	1.1422
47	1081	1	1797.2890	10	8	90	0	1	0.8307	0.7585
47	1082	1	1798.8389	12	3	0	1	1	0.8309	0.9846
47	1083	1	1800.3888	9	11	0	1	1	0.8310	0.6508
47	1084	1	1801.9387	8	2	90	1	1	0.8312	0.9109
47	1085	1	1803.4886	7	1	0	1	1	0.8313	0.8629
47	1086	1	1805.0386	8	2	90	1	1	0.8315	0.7064
47	1087	1	1806.5885	6	13	0	1	1	0.8316	0.6602
47	1088	1	1808.1384	5	10	0	0	1	0.8309	0.9023
47	1089	1	1809.6883	8	2	0	1	1	0.8310	0.5369
47	1090	1	1811.2383	6	13	90	1	1	0.8312	1.0186
47	1091	1	1812.7882	7	1	0	1	1	0.8313	0.6206
47	1092	1	1814.3381	5	10	0	1	1	0.8315	0.5591
47	1093	1	1815.8880	8	2	0	1	1	0.8317	0.5929
47	1094	1	1817.4379	7	1	0	1	1	0.8318	0.4832
47	1095	1	1818.9879	4	15	0	1	1	0.8320	0.8050
47	1096	1	1820.5378	6	13	0	1	1	0.8321	0.7750
47	1097	1	1822.0877	8	2	0	1	1	0.8323	0.5370
47	1098	1	1823.6376	6	13	90	1	1	0.8324	0.8113
47	1099	1	1825.1875	8	2	0	1	1	0.8326	0.5251
47	1100	1	1826.7374	5	10	0	1	1	0.8327	0.7362
47	1101	1	1828.2873	4	15	0	1	1	0.8329	0.6561
47	1102	1	1829.8373	3	14	0	1	1	0.8330	0.7702
47	1103	1	1831.3872	15	5	0	1	1	0.8332	0.6289
47	1104	1	1832.9371	1	6	0	1	1	0.8333	0.7104
47	1105	1	1834.4870	2	9	0	1	1	0.8335	0.6181
47	1106	1	1836.0369	14	12	0	1	1	0.8336	0.5079
47	1107	1	1837.5869	15	5	0	1	1	0.8338	0.5252
47	1108	1	1839.1368	1	6	0	1	1	0.8339	0.4948
47	1109	1	1840.6867	15	5	0	1	1	0.8341	0.4507
47	1110	1	1842.2366	1	6	0	1	1	0.8342	0.5491
47	1111	1	1843.7865	14	12	90	0	1	0.8335	0.3419
47	1112	1	1845.3365	13	7	0	1	1	0.8336	1.0804
47	1113	1	1846.8864	12	3	0	1	1	0.8338	0.6825
47	1114	1	1848.4363	13	7	90	1	1	0.8339	0.7969
47	1115	1	1849.9862	10	8	0	1	1	0.8341	0.5906
47	1116	1	1851.5361	12	3	0	1	1	0.8342	0.7530
47	1117	1	1853.0861	11	4	0	1	1	0.8344	0.7067
47	1118	1	1854.6360	12	3	0	1	1	0.8345	0.5814
47	1119	1	1856.1859	10	8	90	1	1	0.8347	0.7896
47	1120	1	1857.7358	13	7	0	1	1	0.8348	0.9209
47	1121	1	1859.2857	10	8	90	1	1	0.8350	0.7635
47	1122	1	1860.8356	9	11	0	1	1	0.8351	0.7016
47	1123	1	1862.3856	8	2	0	1	1	0.8353	0.4637
47	1124	1	1863.9355	6	13	0	1	1	0.8354	0.3692
47	1125	1	1865.4854	4	15	0	1	1	0.8356	0.7880
47	1126	1	1867.0353	5	10	0	1	1	0.8357	0.7081
47	1127	1	1868.5852	4	15	0	1	1	0.8358	0.7443
47	1128	1	1870.1352	6	13	90	1	1	0.8360	0.8741
47	1129	1	1871.6851	8	2	90	0	1	0.8353	0.6523
47	1130	1	1873.2350	5	10	0	1	1	0.8354	0.7325
47	1131	1	1874.7849	4	15	0	1	1	0.8355	0.8475
47	1132	1	1876.3348	5	10	0	1	1	0.8357	0.5608
47	1133	1	1877.8848	8	2	0	1	1	0.8358	0.5164
47	1134	1	1879.4347	6	13	0	0	1	0.8351	0.8211
47	1135	1	1880.9846	4	15	0	1	1	0.8352	0.6482
47	1136	1	1882.5345	6	13	0	1	1	0.8354	0.4904
47	1137	1	1884.0844	5	10	0	1	1	0.8355	0.6687
47	1138	1	1885.6344	4	15	0	1	1	0.8357	0.7190
47	1139	1	1887.1843	7	1	0	1	1	0.8358	0.4964
47	1140	1	1888.7342	4	15	0	1	1	0.8360	0.4977
47	1141	1	1890.2841	5	10	0	1	1	0.8361	0.4526
47	1142	1	1891.8340	7	1	0	1	1	0.8363	0.4548
47	1143	1	1893.3839	5	10	0	1	1	0.8364	0.3609
47	1144	1	1894.9339	8	2	0	1	1	0.8365	0.4749
47	1145	1	1896.4838	6	13	0	1	1	0.8367	0.2534
47	1146	1	1898.0337	5	10	90	0	1	0.8360	0.4300
47	1147	1	1899.5836	8	2	0	1	1	0.8361	0.3206
47	1148	1	1901.1335	5	10	0	1	1	0.8362	0.2099
47	1149	1	1902.6834	7	1	0	1	1	0.8364	0.4376
47	1150	1	1904.2334	5	10	90	0	1	0.8357	0.4881
47	1151	1	1905.7833	7	1	0	1	1	0.8358	0.5058
47	1152	1	1907.3332	5	10	0	1	1	0.8359	0.6182
47	1153	1	1908.8831	4	15	0	1	1	0.8361	0.6697
47	1154	1	1910.4330	5	10	0	1	1	0.8362	0.6085
47	1155	1	1911.9830	7	1	0	1	1	0.8364	0.4976
47	1156	1	1913.5329	8	2	0	1	1	0.8365	0.5159
47	1157	1	1915.0828	6	13	0	1	1	0.8366	0.7086
47	1158	1	1916.6327	5	10	90	0	1	0.8359	0.8547
47	1159	1	1918.1826	7	1	0	1	1	0.8361	0.5068
47	1160	1	1919.7325	5	10	0	1	1	0.8362	0.7322
47	1161	1	1921.2825	4	15	90	0	1	0.8355	0.9892
47	1162	1	1922.8324	6	13	0	1	1	0.8356	0.7844
47	1163	1	1924.3823	4	15	0	1	1	0.8358	0.5295
47	1164	1	1925.9322	3	14	0	1	1	0.8359	0.6757
47	1165	1	1927.4822	4	15	90	0	1	0.8352	0.8708
47	1166	1	1929.0321	6	13	0	1	1	0.8353	0.6328
47	1167	1	1930.5820	4	15	0	1	1	0.8355	0.5695
47	1168	1	1932.1319	5	10	90	0	1	0.8348	0.5251
47	1169	1	1933.6818	8	2	0	1	1	0.8349	0.5272
47	1170	1	1935.2317	5	10	0	1	1	0.8350	0.7851
47	1171	1	1936.7817	8	2	90	1	1	0.8352	0.8342
47	1172	1	1938.3316	6	13	0	1	1	0.8353	0.6452
47	1173	1	1939.8815	8	2	0	1	1	0.8355	0.6313
47	1174	1	1941.4314	7	1	0	1	1	0.8356	0.6801
47	1175	1	1942.9813	4	15	0	1	1	0.8357	0.7141
47	1176	1	1944.5313	5	10	0	0	1	0.8350	0.8782
47	1177	1	1946.0812	4	15	0	1	1	0.8352	0.4955
47	1178	1	1947.6311	6	13	0	1	1	0.8353	0.5778
47	1179	1	1949.1810	7	1	90	1	1	0.8355	0.7865
47	1180	1	1950.7309	4	15	90	1	1	0.8356	0.9179
47	1181	1	1952.2808	6	13	0	1	1	0.8357	0.7765
47	1182	1	1953.8308	7	1	0	1	1	0.8359	0.5047
47	1183	1	1955.3807	5	10	0	0	1	0.8352	0.8608
47	1184	1	1956.9306	6	13	0	1	1	0.8353	0.5902
47	1185	1	1958.4805	7	1	90	1	1	0.8354	0.8478
47	1186	1	1960.0304	8	2	90	0	1	0.8347	0.5610
47	1187	1	1961.5803	7	1	0	1	1	0.8349	0.5791
47	1188	1	1963.1303	8	2	0	1	1	0.8350	0.5183
47	1189	1	1964.6802	7	1	0	1	1	0.8352	0.5206
47	1190	1	1966.2301	5	10	0	1	1	0.8353	0.9697
47	1191	1	1967.7800	7	1	90	1	1	0.8354	0.7649
47	1192	1	1969.3299	8	2	0	1	1	0.8356	0.5431
47	1193	1	1970.8799	5	10	90	1	1	0.8357	0.8489
47	1194	1	1972.4298	4	15	90	1	1	0.8358	1.0593
47	1195	1	1973.9797	3	14	0	1	1	0.8360	0.6131
47	1196	1	1975.5296	15	5	90	1	1	0.8361	0.8707
47	1197	1	1977.0795	1	6	90	0	1	0.8354	0.7453
47	1198	1	1978.6295	14	12	90	1	1	0.8356	0.9380
47	1199	1	1980.1794	2	9	0	1	1	0.8357	0.7975
47	1200	1	1981.7293	14	12	0	1	1	0.8358	0.5741
47	1201	1	1983.2792	2	9	0	1	1	0.8360	0.5294
47	1202	1	1984.8291	14	12	0	1	1	0.8361	0.5955
47	1203	1	1986.3790	13	7	0	0	1	0.8354	1.1422
47	1204	1	1988.0290	14	12	0	1	1	0.8355	0.5624
47	1205	1	1989.5789	1	6	0	1	1	0.8357	0.7406
47	1206	1	1991.1288	2	9	0	1	1	0.8358	0.5346
47	1207	1	1992.6787	14	12	0	1	1	0.8360	0.6018
47	1208	1	1994.2286	1	6	0	1	1	0.8361	0.5728
47	1209	1	1995.7786	3	14	0	1	1	0.8362	0.6369
47	1210	1	1997.3285	2	9	90	1	1	0.8364	0.7510
47	1211	1	1998.8784	15	5	0	1	1	0.8365	0.6595
47	1212	1	2000.4283	2	9	0	1	1	0.8366	0.5152
47	1213	1	2001.9782	3	14	0	1	1	0.8368	0.5509
47	1214	1	2003.5281	4	15	90	1	1	0.8369	0.7753
47	1215	1	2005.0780	3	14	0	1	1	0.8370	0.5549
47	1216	1	2006.6280	4	15	90	0	1	0.8363	0.7809
47	1217	1	2008.1779	7	1	0	1	1	0.8365	0.6707
47	1218	1	2009.7278	8	2	0	1	1	0.8366	0.5929
47	1219	1	2011.2778	7	1	0	1	1	0.8368	0.5954
47	1220	1	2012.8277	4	15	0	1	1	0.8369	0.8357
47	1221	1	2014.3776	7	1	0	1	1	0.8370	0.5831
47	1222	1	2015.9275	4	15	0	1	1	0.8372	0.6331
47	1223	1	2017.4774	6	13	90	1	1	0.8373	0.9233
47	1224	1	2019.0274	7	1	0	1	1	0.8374	0.5560
47	1225	1	2020.5773	4	15	90	1	1	0.8376	1.0061
47	1226	1	2022.1272	7	1	0	1	1	0.8377	0.6098
47	1227	1	2023.6771	8	2	0	1	1	0.8378	0.5641
47	1228	1	2025.2270	5	10	0	1	1	0.8379	0.7738
47	1229	1	2026.7769	4	15	90	1	1	0.8381	0.8545
47	1230	1	2028.3269	5	10	90	0	1	0.8374	0.5702
47	1231	1	2029.8768	4	15	0	1	1	0.8375	0.5546
47	1232	1	2031.4267	6	13	0	1	1	0.8377	0.7186
47	1233	1	2032.9766	4	15	0	1	1	0.8378	0.5109
47	1234	1	2034.5265	7	1	0	1	1	0.8379	0.4648
47	1235	1	2036.0764	6	13	0	0	1	0.8372	0.9007
47	1236	1	2037.6264	4	15	0	1	1	0.8374	0.6611
47	1237	1	2039.1763	7	1	0	1	1	0.8375	0.5690
47	1238	1	2040.7262	4	15	0	1	1	0.8376	0.6984
47	1239	1	2042.2761	7	1	0	1	1	0.8378	0.5553
47	1240	1	2043.8260	8	2	0	1	1	0.8379	0.5106
47	1241	1	2045.3760	6	13	0	0	1	0.8372	0.8812
47	1242	1	2046.9259	4	15	0	1	1	0.8374	0.5955
47	1243	1	2048.4758	5	10	0	1	1	0.8375	0.6933
47	1244	1	2050.0257	6	13	0	1	1	0.8376	0.5018
47	1245	1	2051.5756	4	15	0	1	1	0.8378	0.6978
47	1246	1	2053.1256	7	1	90	1	1	0.8379	0.8918
47	1247	1	2054.6755	6	13	0	1	1	0.8380	0.7175
47	1248	1	2056.2254	4	15	0	1	1	0.8381	0.5756
47	1249	1	2057.7753	7	1	0	1	1	0.8383	0.5441
47	1250	1	2059.3252	5	10	0	1	1	0.8384	0.7075
47	1251	1	2060.8751	8	2	0	1	1	0.8385	0.5496
47	1252	1	2062.4251	6	13	0	1	1	0.8387	0.6303
47	1253	1	2063.9750	4	15	0	1	1	0.8388	0.6819
47	1254	1	2065.5249	6	13	90	1	1	0.8389	1.0359
47	1255	1	2067.0748	5	10	90	0	1	0.8382	0.7339
47	1256	1	2068.6247	6	13	0	1	1	0.8384	0.6401
47	1257	1	2070.1747	5	10	0	1	1	0.8385	0.6728
47	1258	1	2071.7246	4	15	0	1	1	0.8386	0.6755
47	1259	1	2073.2745	3	14	0	1	1	0.8388	0.6929
47	1260	1	2074.8244	1	6	0	1	1	0.8389	0.6967
47	1261	1	2076.3743	14	12	0	1	1	0.8390	0.6662
47	1262	1	2077.9242	13	7	0	1	1	0.8391	1.1633
47	1263	1	2079.4742	10	8	0	1	1	0.8393	0.6551
47	1264	1	2081.0241	11	4	0	1	1	0.8394	0.6411
47	1265	1	2082.5740	12	3	90	0	1	0.8387	0.7546
47	1266	1	2084.1239	11	4	0	1	1	0.8389	0.5795
47	1267	1	2085.6738	10	8	0	1	1	0.8390	0.5828
47	1268	1	2087.2238	11	4	0	1	1	0.8391	0.6478
47	1269	1	2088.7737	10	8	0	1	1	0.8392	0.5226
47	1270	1	2090.3236	11	4	90	1	1	0.8394	0.7797
47	1271	1	2091.8735	13	7	0	1	1	0.8395	1.1032
47	1272	1	2093.4234	14	12	0	1	1	0.8396	0.7679
47	1273	1	2094.9733	15	5	0	1	1	0.8397	0.6440
47	1274	1	2096.5233	2	9	0	1	1	0.8399	0.5500
47	1275	1	2098.0732	3	14	0	1	1	0.8400	0.6464
47	1276	1	2099.6231	1	6	0	1	1	0.8401	0.5856
47	1277	1	2101.1730	2	9	0	1	1	0.8403	0.5553
47	1278	1	2102.7230	1	6	0	1	1	0.8404	0.6063
47	1279	1	2104.2729	2	9	0	1	1	0.8405	0.4961
47	1280	1	2105.8228	1	6	0	1	1	0.8406	0.5938
47	1281	1	2107.3727	14	12	0	1	1	0.8407	0.6281
47	1282	1	2108.9226	15	5	0	1	1	0.8409	0.7890
47	1283	1	2110.4725	2	9	0	1	1	0.8410	0.5830
47	1284	1	2112.0225	3	14	90	1	1	0.8411	1.1289
47	1285	1	2113.5724	4	15	0	1	1	0.8412	0.6367
47	1286	1	2115.1223	6	13	0	1	1	0.8414	1.0531
47	1287	1	2116.6722	5	10	0	1	1	0.8415	0.8472
47	1288	1	2118.2221	8	2	0	1	1	0.8416	0.5461
47	1289	1	2119.7720	6	13	90	1	1	0.8417	0.8046
47	1290	1	2121.3220	7	1	0	1	1	0.8419	0.6627
47	1291	1	2122.8719	6	13	0	1	1	0.8420	0.5378
47	1292	1	2124.4218	5	10	90	0	1	0.8413	0.6029
47	1293	1	2125.9717	4	15	0	1	1	0.8415	0.5415
47	1294	1	2127.5216	5	10	0	1	1	0.8416	0.7190
47	1295	1	2129.0715	6	13	0	1	1	0.8417	0.5295
47	1296	1	2130.6215	8	2	0	1	1	0.8418	0.4991
47	1297	1	2132.1714	9	11	0	1	1	0.8419	0.9014
47	1298	1	2133.7213	12	3	0	1	1	0.8421	0.9354
47	1299	1	2135.2712	11	4	0	1	1	0.8422	0.7296
47	1300	1	2136.8212	9	11	0	1	1	0.8423	0.5717
47	1301	1	2138.3711	10	8	0	1	1	0.8424	0.5723
47	1302	1	2139.9210	12	3	0	1	1	0.8425	0.7023
47	1303	1	2141.4709	9	11	90	0	1	0.8419	0.4983
47	1304	1	2143.0208	10	8	90	1	1	0.8420	0.8044
47	1305	1	2144.5707	11	4	90	1	1	0.8421	0.9345
47	1306	1	2146.1207	9	11	0	1	1	0.8423	0.6800
47	1307	1	2147.6706	8	2	0	1	1	0.8424	0.6650
47	1308	1	2149.2205	7	1	0	1	1	0.8425	0.6681
47	1309	1	2150.7704	4	15	0	1	1	0.8426	0.7504
47	1310	1	2152.3203	5	10	0	1	1	0.8427	0.5757
47	1311	1	2153.8703	6	13	0	1	1	0.8429	0.5451
47	1312	1	2155.4202	8	2	0	1	1	0.8430	0.4687
47	1313	1	2156.9701	5	10	90	0	1	0.8423	0.5652
47	1314	1	2158.5200	8	2	0	1	1	0.8425	0.9206
47	1315	1	2160.0699	7	1	90	1	1	0.8426	0.7774
47	1316	1	2161.6198	4	15	90	0	1	0.8419	0.6694
47	1317	1	2163.1698	3	14	0	1	1	0.8421	0.6225
47	1318	1	2164.7197	15	5	0	1	1	0.8422	0.5290
47	1319	1	2166.2696	14	12	0	1	1	0.8423	0.7070
47	1320	1	2167.8195	2	9	90	1	1	0.8424	0.7577
47	1321	1	2169.3694	14	12	0	1	1	0.8425	0.8059
47	1322	1	2170.9193	15	5	0	1	1	0.8427	0.6171
47	1323	1	2172.4693	1	6	0	1	1	0.8428	0.6360
47	1324	1	2174.0192	2	9	0	1	1	0.8429	0.5414
47	1325	1	2175.5691	3	14	0	1	1	0.8430	0.7193
47	1326	1	2177.1190	15	5	0	1	1	0.8431	0.5776
47	1327	1	2178.6690	2	9	0	1	1	0.8433	0.4666
47	1328	1	2180.2189	1	6	0	1	1	0.8434	0.6456
47	1329	1	2181.7688	15	5	0	1	1	0.8435	0.5355
47	1330	1	2183.3187	3	14	90	0	1	0.8429	0.9220
47	1331	1	2184.8686	15	5	0	1	1	0.8430	0.5388
47	1332	1	2186.4185	3	14	0	1	1	0.8431	0.5265
47	1333	1	2187.9685	4	15	0	1	1	0.8432	0.6881
47	1334	1	2189.5184	7	1	90	1	1	0.8433	0.8982
47	1335	1	2191.2516	5	10	0	1	1	0.8434	1.2130
47	1336	1	2192.8016	6	13	90	1	1	0.8436	1.0872
47	1337	1	2194.3514	7	1	90	1	1	0.8437	0.8319
47	1338	1	2195.9014	5	10	0	1	1	0.8438	1.0100
47	1339	1	2197.4513	4	15	0	1	1	0.8439	0.5480
47	1340	1	2199.0012	3	14	0	1	1	0.8440	0.7434
47	1341	1	2200.5511	1	6	0	1	1	0.8441	0.6002
47	1342	1	2202.1011	14	12	0	1	1	0.8443	0.7462
47	1343	1	2203.6510	15	5	0	1	1	0.8444	0.5564
47	1344	1	2205.2009	1	6	0	1	1	0.8445	0.5439
47	1345	1	2206.7508	2	9	0	1	1	0.8446	0.4505
47	1346	1	2208.3007	14	12	0	1	1	0.8447	0.5483
47	1347	1	2209.8506	1	6	90	0	1	0.8441	0.5970
47	1348	1	2211.4006	2	9	90	0	1	0.8435	0.5520
47	1349	1	2212.9505	3	14	0	1	1	0.8436	0.6329
47	1350	1	2214.5004	2	9	0	1	1	0.8437	0.5069
47	1351	1	2216.0503	14	12	0	1	1	0.8438	0.5743
47	1352	1	2217.6002	13	7	0	1	1	0.8439	0.4630
47	1353	1	2219.1502	11	4	0	1	1	0.8441	0.5451
47	1354	1	2220.7001	12	3	90	1	1	0.8442	0.8524
47	1355	1	2222.2500	13	7	90	0	1	0.8435	0.5333
47	1356	1	2223.7999	10	8	0	1	1	0.8437	0.5993
47	1357	1	2225.3498	13	7	90	1	1	0.8438	0.9867
47	1358	1	2226.8997	14	12	0	1	1	0.8439	0.6687
47	1359	1	2228.4497	15	5	0	1	1	0.8440	0.5913
47	1360	1	2229.9996	3	14	0	1	1	0.8441	0.5597
47	1361	1	2231.5495	1	6	0	1	1	0.8442	0.5939
47	1362	1	2233.0994	14	12	0	1	1	0.8443	0.5177
47	1363	1	2234.6493	15	5	0	1	1	0.8445	0.5503
47	1364	1	2236.1993	3	14	90	0	1	0.8438	0.6659
47	1365	1	2237.7492	4	15	0	1	1	0.8440	0.8114
47	1366	1	2239.2991	3	14	0	1	1	0.8441	0.5242
47	1367	1	2240.8490	4	15	0	1	1	0.8442	0.6236
47	1368	1	2242.3989	5	10	90	0	1	0.8436	0.6417
47	1369	1	2243.9489	6	13	90	0	1	0.8430	0.7075
47	1370	1	2245.4988	4	15	0	1	1	0.8431	0.6765
47	1371	1	2247.0487	6	13	0	1	1	0.8432	0.5364
47	1372	1	2248.5986	4	15	0	1	1	0.8433	0.5847
47	1373	1	2250.1485	7	1	0	1	1	0.8434	0.6187
47	1374	1	2251.6984	6	13	90	1	1	0.8435	0.8307
47	1375	1	2253.2484	4	15	0	1	1	0.8436	0.5768
47	1376	1	2254.7983	3	14	0	1	1	0.8438	0.6424
47	1377	1	2256.3482	15	5	0	1	1	0.8439	0.6609
47	1378	1	2257.8981	2	9	0	1	1	0.8440	0.6131
47	1379	1	2259.4480	15	5	0	1	1	0.8441	0.5367
47	1380	1	2260.9980	2	9	0	1	1	0.8442	0.4746
47	1381	1	2262.5479	1	6	0	1	1	0.8443	0.7490
47	1382	1	2264.0978	15	5	0	1	1	0.8444	0.5427
47	1383	1	2265.6477	1	6	0	1	1	0.8445	0.5450
47	1384	1	2267.1976	14	12	0	1	1	0.8447	0.6896
47	1385	1	2268.7475	2	9	0	1	1	0.8448	0.4689
47	1386	1	2270.2975	1	6	0	1	1	0.8449	0.5178
47	1387	1	2271.8474	14	12	0	1	1	0.8450	0.6172
47	1388	1	2273.3973	1	6	0	1	1	0.8451	0.5394
47	1389	1	2274.9472	2	9	0	1	1	0.8452	0.5092
47	1390	1	2276.4972	15	5	90	0	1	0.8446	0.4321
47	1391	1	2278.0471	14	12	90	0	1	0.8440	0.5134
47	1392	1	2279.5970	13	7	90	0	1	0.8434	0.6264
47	1393	1	2281.1469	12	3	0	1	1	0.8435	0.9965
47	1394	1	2282.6968	11	4	0	1	1	0.8436	0.5678
47	1395	1	2284.2467	10	8	0	1	1	0.8437	0.5540
47	1396	1	2285.7967	12	3	0	1	1	0.8438	0.5866
47	1397	1	2287.3466	11	4	0	1	1	0.8440	0.4940
47	1398	1	2288.8965	12	3	90	1	1	0.8441	0.8486
47	1399	1	2290.4464	11	4	0	1	1	0.8442	0.6107
47	1400	1	2291.9963	9	11	0	1	1	0.8443	0.7562
47	1	2	1.0166	14	12	0	-1	1	0.0000	0.7798
47	2	2	2.5499	13	7	0	-1	1	0.5000	0.7511
47	3	2	4.0831	11	4	0	-1	1	0.3333	0.6253
47	4	2	5.6164	12	3	0	-1	1	0.2500	0.6280
47	5	2	7.1496	13	7	0	-1	1	0.2000	0.5189
47	6	2	8.6829	14	12	0	-1	1	0.3333	0.5373
47	7	2	10.2161	13	7	0	-1	1	0.4286	0.5089
47	8	2	11.7494	11	4	0	-1	1	0.3750	0.5110
47	9	2	13.2827	13	7	0	-1	1	0.3333	0.3699
47	10	2	14.8159	14	12	0	-1	1	0.4000	0.5813
47	11	2	16.3492	1	6	0	-1	1	0.3636	0.9197
47	12	2	17.8824	15	5	0	-1	0	0.3636	-1.0000
47	13	2	19.4157	2	9	0	-1	0	0.3636	-1.0000
47	14	2	20.9489	3	14	0	-1	0	0.3636	-1.0000
47	15	2	22.4821	4	15	0	-1	0	0.3636	-1.0000
47	16	2	24.0154	5	10	0	-1	0	0.3636	-1.0000
47	17	2	25.5487	6	13	0	-1	0	0.3636	-1.0000
47	18	2	27.0819	7	1	0	-1	0	0.3636	-1.0000
47	19	2	28.6152	8	2	0	-1	0	0.3636	-1.0000
47	20	2	30.1484	9	11	0	-1	0	0.3636	-1.0000
47	21	2	31.6817	10	8	0	-1	0	0.3636	-1.0000
47	22	2	33.2150	11	4	0	-1	0	0.3636	-1.0000
47	23	2	34.7482	12	3	0	-1	0	0.3636	-1.0000
47	24	2	36.2815	13	7	0	-1	0	0.3636	-1.0000
47	25	2	37.8147	14	12	0	-1	1	0.4167	0.8618
47	26	2	39.3480	15	5	0	-1	0	0.4167	-1.0000
47	27	2	40.8812	1	6	0	-1	0	0.4167	-1.0000
47	28	2	42.4145	2	9	0	-1	0	0.4167	-1.0000
47	29	2	43.9477	3	14	0	-1	0	0.4167	-1.0000
47	30	2	45.4810	4	15	0	-1	0	0.4167	-1.0000
47	31	2	47.0142	3	14	0	-1	0	0.4167	-1.0000
47	32	2	48.5475	1	6	0	-1	0	0.4167	-1.0000
47	33	2	50.0807	15	5	0	-1	0	0.4167	-1.0000
47	34	2	51.6140	3	14	0	-1	0	0.4167	-1.0000
47	35	2	53.1472	2	9	0	-1	0	0.4167	-1.0000
47	36	2	54.6805	3	14	0	-1	0	0.4167	-1.0000
47	37	2	56.2137	15	5	0	-1	0	0.4167	-1.0000
47	38	2	57.7470	14	12	0	-1	1	0.3846	0.7695
47	39	2	59.2802	1	6	0	-1	0	0.3846	-1.0000
47	40	2	60.8135	15	5	0	-1	0	0.3846	-1.0000
47	41	2	62.3468	2	9	0	-1	0	0.3846	-1.0000
47	42	2	63.8800	14	12	0	-1	1	0.3571	0.8448
47	43	2	65.4133	2	9	0	-1	0	0.3571	-1.0000
47	44	2	66.9465	15	5	0	-1	0	0.3571	-1.0000
47	45	2	68.4798	1	6	0	-1	0	0.3571	-1.0000
47	46	2	70.0130	15	5	0	-1	0	0.3571	-1.0000
47	47	2	71.5463	14	12	0	-1	1	0.3333	0.7461
47	48	2	73.0796	13	7	0	-1	0	0.3333	-1.0000
47	49	2	74.6128	12	3	0	-1	0	0.3333	-1.0000
47	50	2	76.1460	11	4	0	-1	0	0.3333	-1.0000
47	51	2	77.6793	10	8	0	-1	0	0.3333	-1.0000
47	52	2	79.2125	9	11	0	-1	0	0.3333	-1.0000
47	53	2	80.7458	8	2	0	-1	0	0.3333	-1.0000
47	54	2	82.2790	7	1	0	-1	0	0.3333	-1.0000
47	55	2	83.8123	6	13	0	-1	0	0.3333	-1.0000
47	56	2	85.3456	5	10	0	-1	0	0.3333	-1.0000
47	57	2	86.8788	4	15	0	-1	0	0.3333	-1.0000
47	58	2	88.4120	3	14	0	-1	0	0.3333	-1.0000
47	59	2	89.9453	2	9	0	-1	0	0.3333	-1.0000
47	60	2	91.4786	1	6	0	-1	0	0.3333	-1.0000
47	61	2	93.0118	14	12	0	-1	1	0.3125	0.4968
47	62	2	94.5451	1	6	0	-1	0	0.3125	-1.0000
47	63	2	96.0783	2	9	0	-1	0	0.3125	-1.0000
47	64	2	97.6116	3	14	0	-1	0	0.3125	-1.0000
47	65	2	99.1448	2	9	0	-1	0	0.3125	-1.0000
47	66	2	100.6781	3	14	0	-1	0	0.3125	-1.0000
47	67	2	102.2113	1	6	0	-1	0	0.3125	-1.0000
47	68	2	103.7446	2	9	0	-1	0	0.3125	-1.0000
47	69	2	105.2778	3	14	0	-1	0	0.3125	-1.0000
47	70	2	106.8111	1	6	0	-1	0	0.3125	-1.0000
47	71	2	108.3443	15	5	0	-1	0	0.3125	-1.0000
47	72	2	109.8776	14	12	0	-1	1	0.2941	0.6221
47	73	2	111.4108	2	9	0	-1	0	0.2941	-1.0000
47	74	2	112.9441	3	14	0	-1	0	0.2941	-1.0000
47	75	2	114.4774	2	9	0	-1	0	0.2941	-1.0000
47	76	2	116.0106	1	6	0	-1	0	0.2941	-1.0000
47	77	2	117.5439	15	5	0	-1	0	0.2941	-1.0000
47	78	2	119.0771	14	12	0	-1	1	0.2778	0.7352
47	79	2	120.6104	13	7	0	-1	0	0.2778	-1.0000
47	80	2	122.1436	12	3	0	-1	0	0.2778	-1.0000
47	81	2	123.6769	11	4	0	-1	0	0.2778	-1.0000
47	82	2	125.2101	10	8	0	-1	0	0.2778	-1.0000
47	83	2	126.7434	9	11	0	-1	0	0.2778	-1.0000
47	84	2	128.2766	8	2	0	-1	0	0.2778	-1.0000
47	85	2	129.8099	7	1	0	-1	0	0.2778	-1.0000
47	86	2	131.3431	6	13	0	-1	0	0.2778	-1.0000
47	87	2	132.8764	5	10	0	-1	0	0.2778	-1.0000
47	88	2	134.4097	4	15	0	-1	0	0.2778	-1.0000
47	89	2	135.9429	3	14	0	-1	0	0.2778	-1.0000
47	90	2	137.4762	2	9	0	-1	0	0.2778	-1.0000
47	91	2	139.0094	3	14	0	-1	0	0.2778	-1.0000
47	92	2	140.5426	4	15	0	-1	0	0.2778	-1.0000
47	93	2	142.0759	6	13	0	-1	0	0.2778	-1.0000
47	94	2	143.6092	7	1	0	-1	0	0.2778	-1.0000
47	95	2	145.1424	8	2	0	-1	0	0.2778	-1.0000
47	96	2	146.6757	6	13	0	-1	0	0.2778	-1.0000
47	97	2	148.2089	8	2	0	-1	0	0.2778	-1.0000
47	98	2	149.7422	9	11	0	-1	0	0.2778	-1.0000
47	99	2	151.2754	10	8	0	-1	1	0.2632	0.8086
47	100	2	152.8087	11	4	0	-1	0	0.2632	-1.0000
47	101	2	154.3419	13	7	0	-1	0	0.2632	-1.0000
47	102	2	155.8752	12	3	0	-1	0	0.2632	-1.0000
47	103	2	157.4084	13	7	0	-1	0	0.2632	-1.0000
47	104	2	158.9417	10	8	0	-1	0	0.2632	-1.0000
47	105	2	160.4749	12	3	0	-1	0	0.2632	-1.0000
47	106	2	162.0082	13	7	0	-1	0	0.2632	-1.0000
47	107	2	163.5414	14	12	0	-1	0	0.2632	-1.0000
47	108	2	165.0747	15	5	0	-1	0	0.2632	-1.0000
47	109	2	166.6080	1	6	0	-1	1	0.2500	0.6121
47	110	2	168.1412	2	9	0	-1	0	0.2500	-1.0000
47	111	2	169.6745	3	14	0	-1	0	0.2500	-1.0000
47	112	2	171.2077	4	15	0	-1	0	0.2500	-1.0000
47	113	2	172.7410	5	10	0	-1	0	0.2500	-1.0000
47	114	2	174.2742	6	13	0	-1	0	0.2500	-1.0000
47	115	2	175.8075	7	1	0	-1	0	0.2500	-1.0000
47	116	2	177.3407	8	2	0	-1	0	0.2500	-1.0000
47	117	2	178.8740	9	11	0	-1	0	0.2500	-1.0000
47	118	2	180.4072	10	8	0	-1	0	0.2500	-1.0000
47	119	2	181.9405	11	4	0	-1	1	0.2381	0.5747
47	120	2	183.4737	12	3	0	-1	0	0.2381	-1.0000
47	121	2	185.0070	10	8	0	-1	0	0.2381	-1.0000
47	122	2	186.5403	11	4	0	-1	0	0.2381	-1.0000
47	123	2	188.0735	13	7	0	-1	0	0.2381	-1.0000
47	124	2	189.6068	12	3	0	-1	0	0.2381	-1.0000
47	125	2	191.1400	11	4	0	-1	0	0.2381	-1.0000
47	126	2	192.6733	10	8	0	-1	0	0.2381	-1.0000
47	127	2	194.2065	9	11	0	-1	0	0.2381	-1.0000
47	128	2	195.7398	8	2	0	-1	0	0.2381	-1.0000
47	129	2	197.2730	6	13	0	-1	1	0.2273	0.8433
47	130	2	198.8063	7	1	0	-1	0	0.2273	-1.0000
47	131	2	200.3395	5	10	0	-1	0	0.2273	-1.0000
47	132	2	201.8728	7	1	0	-1	0	0.2273	-1.0000
47	133	2	203.4060	4	15	0	-1	0	0.2273	-1.0000
47	134	2	204.9393	5	10	0	-1	0	0.2273	-1.0000
47	135	2	206.4725	7	1	0	-1	0	0.2273	-1.0000
47	136	2	208.0058	6	13	0	-1	0	0.2273	-1.0000
47	137	2	209.5390	5	10	0	-1	0	0.2273	-1.0000
47	138	2	211.0723	4	15	0	-1	0	0.2273	-1.0000
47	139	2	212.6055	3	14	0	-1	1	0.2609	0.6625
47	140	2	214.1388	2	9	0	-1	0	0.2609	-1.0000
47	141	2	215.6720	1	6	0	-1	0	0.2609	-1.0000
47	142	2	217.2053	15	5	0	-1	0	0.2609	-1.0000
47	143	2	218.7386	14	12	0	-1	0	0.2609	-1.0000
47	144	2	220.2718	13	7	0	-1	0	0.2609	-1.0000
47	145	2	221.8051	12	3	0	-1	0	0.2609	-1.0000
47	146	2	223.3383	11	4	0	-1	0	0.2609	-1.0000
47	147	2	224.8716	10	8	0	-1	0	0.2609	-1.0000
47	148	2	226.4048	9	11	0	-1	0	0.2609	-1.0000
47	149	2	227.9381	8	2	0	-1	1	0.2917	0.4987
47	150	2	229.4713	7	1	0	-1	0	0.2917	-1.0000
47	151	2	231.0046	8	2	0	-1	0	0.2917	-1.0000
47	152	2	232.5378	9	11	0	-1	0	0.2917	-1.0000
47	153	2	234.0711	12	3	0	-1	0	0.2917	-1.0000
47	154	2	235.6043	10	8	0	-1	0	0.2917	-1.0000
47	155	2	237.1376	13	7	0	-1	0	0.2917	-1.0000
47	156	2	238.6708	11	4	0	-1	0	0.2917	-1.0000
47	157	2	240.2041	12	3	0	-1	0	0.2917	-1.0000
47	158	2	241.7373	11	4	0	-1	0	0.2917	-1.0000
47	159	2	243.2706	12	3	0	-1	1	0.2800	0.7983
47	160	2	244.8039	10	8	0	-1	0	0.2800	-1.0000
47	161	2	246.3371	13	7	0	-1	0	0.2800	-1.0000
47	162	2	247.8704	12	3	0	-1	0	0.2800	-1.0000
47	163	2	249.4036	9	11	0	-1	0	0.2800	-1.0000
47	164	2	250.9369	10	8	0	-1	0	0.2800	-1.0000
47	165	2	252.4701	13	7	0	-1	0	0.2800	-1.0000
47	166	2	254.0034	14	12	0	-1	0	0.2800	-1.0000
47	167	2	255.5366	15	5	0	-1	0	0.2800	-1.0000
47	168	2	257.0699	1	6	0	-1	0	0.2800	-1.0000
47	169	2	258.6031	2	9	0	-1	1	0.2692	0.6333
47	170	2	260.1364	3	14	0	-1	0	0.2692	-1.0000
47	171	2	261.6696	4	15	0	-1	0	0.2692	-1.0000
47	172	2	263.2029	5	10	0	-1	0	0.2692	-1.0000
47	173	2	264.7361	6	13	0	-1	0	0.2692	-1.0000
47	174	2	266.2694	7	1	0	-1	0	0.2692	-1.0000
47	175	2	267.8026	8	2	0	-1	0	0.2692	-1.0000
47	176	2	269.3359	9	11	0	-1	0	0.2692	-1.0000
47	177	2	270.8692	10	8	0	-1	0	0.2692	-1.0000
47	178	2	272.4024	11	4	0	-1	0	0.2692	-1.0000
47	179	2	273.9357	12	3	0	-1	1	0.2593	0.7565
47	180	2	275.4689	13	7	0	-1	0	0.2593	-1.0000
47	181	2	277.0022	11	4	0	-1	0	0.2593	-1.0000
47	182	2	278.5354	9	11	0	-1	0	0.2593	-1.0000
47	183	2	280.0687	12	3	0	-1	0	0.2593	-1.0000
47	184	2	281.6019	11	4	0	-1	0	0.2593	-1.0000
47	185	2	283.1352	9	11	0	-1	0	0.2593	-1.0000
47	186	2	284.6684	11	4	0	-1	0	0.2593	-1.0000
47	187	2	286.2017	10	8	0	-1	0	0.2593	-1.0000
47	188	2	287.7349	9	11	0	-1	0	0.2593	-1.0000
47	189	2	289.2682	11	4	0	-1	1	0.2500	0.5594
47	190	2	290.8014	9	11	0	-1	0	0.2500	-1.0000
47	191	2	292.3347	12	3	0	-1	0	0.2500	-1.0000
47	192	2	293.8679	13	7	0	-1	0	0.2500	-1.0000
47	193	2	295.4012	12	3	0	-1	0	0.2500	-1.0000
47	194	2	296.9344	13	7	0	-1	0	0.2500	-1.0000
47	195	2	298.4677	11	4	0	-1	0	0.2500	-1.0000
47	196	2	300.0009	12	3	0	-1	0	0.2500	-1.0000
47	197	2	301.5342	13	7	0	-1	0	0.2500	-1.0000
47	198	2	303.0675	14	12	0	-1	0	0.2500	-1.0000
47	199	2	304.6007	15	5	0	-1	1	0.2414	0.7319
47	200	2	306.1340	1	6	0	-1	0	0.2414	-1.0000
47	201	2	307.6672	2	9	0	-1	0	0.2414	-1.0000
47	202	2	309.2005	3	14	0	-1	0	0.2414	-1.0000
47	203	2	310.7337	4	15	0	-1	0	0.2414	-1.0000
47	204	2	312.2670	5	10	0	-1	0	0.2414	-1.0000
47	205	2	313.8002	6	13	0	-1	0	0.2414	-1.0000
47	206	2	315.3335	7	1	0	-1	0	0.2414	-1.0000
47	207	2	316.8667	8	2	0	-1	0	0.2414	-1.0000
47	208	2	318.4000	9	11	0	-1	0	0.2414	-1.0000
47	209	2	319.9333	10	8	0	-1	1	0.2333	0.7101
47	210	2	321.4665	11	4	0	-1	0	0.2333	-1.0000
47	211	2	322.9997	12	3	0	-1	0	0.2333	-1.0000
47	212	2	324.5330	11	4	0	-1	0	0.2333	-1.0000
47	213	2	326.0662	12	3	0	-1	0	0.2333	-1.0000
47	214	2	327.5995	9	11	0	-1	0	0.2333	-1.0000
47	215	2	329.1327	10	8	0	-1	0	0.2333	-1.0000
47	216	2	330.6660	11	4	0	-1	0	0.2333	-1.0000
47	217	2	332.1993	10	8	0	-1	0	0.2333	-1.0000
47	218	2	333.7325	9	11	0	-1	0	0.2333	-1.0000
47	219	2	335.2657	10	8	0	-1	1	0.2258	0.6420
47	220	2	336.7990	12	3	0	-1	0	0.2258	-1.0000
47	221	2	338.3323	9	11	0	-1	0	0.2258	-1.0000
47	222	2	339.8655	11	4	0	-1	0	0.2258	-1.0000
47	223	2	341.3988	13	7	0	-1	0	0.2258	-1.0000
47	224	2	342.9320	14	12	0	-1	0	0.2258	-1.0000
47	225	2	344.4653	15	5	0	-1	0	0.2258	-1.0000
47	226	2	345.9985	14	12	0	-1	0	0.2258	-1.0000
47	227	2	347.5318	13	7	0	-1	0	0.2258	-1.0000
47	228	2	349.0650	12	3	0	-1	0	0.2258	-1.0000
47	229	2	350.5983	11	4	0	-1	1	0.2188	0.6539
47	230	2	352.1316	10	8	0	-1	0	0.2188	-1.0000
47	231	2	353.6648	9	11	0	-1	0	0.2188	-1.0000
47	232	2	355.1980	8	2	0	-1	0	0.2188	-1.0000
47	233	2	356.7313	7	1	0	-1	0	0.2188	-1.0000
47	234	2	358.2646	6	13	0	-1	0	0.2188	-1.0000
47	235	2	359.7978	5	10	0	-1	0	0.2188	-1.0000
47	236	2	361.3310	4	15	0	-1	0	0.2188	-1.0000
47	237	2	362.8643	3	14	0	-1	0	0.2188	-1.0000
47	238	2	364.3976	2	9	0	-1	0	0.2188	-1.0000
47	239	2	365.9308	1	6	0	-1	1	0.2121	0.6661
47	240	2	367.4640	15	5	0	-1	0	0.2121	-1.0000
47	241	2	368.9973	3	14	0	-1	0	0.2121	-1.0000
47	242	2	370.5306	4	15	0	-1	0	0.2121	-1.0000
47	243	2	372.0638	3	14	0	-1	0	0.2121	-1.0000
47	244	2	373.5971	15	5	0	-1	0	0.2121	-1.0000
47	245	2	375.1303	14	12	0	-1	0	0.2121	-1.0000
47	246	2	376.6636	2	9	0	-1	0	0.2121	-1.0000
47	247	2	378.1968	1	6	0	-1	0	0.2121	-1.0000
47	248	2	379.7301	14	12	0	-1	0	0.2121	-1.0000
47	249	2	381.2633	2	9	0	-1	1	0.2059	1.0776
47	250	2	382.7966	1	6	0	-1	0	0.2059	-1.0000
47	251	2	384.3298	14	12	0	-1	0	0.2059	-1.0000
47	252	2	385.8631	2	9	0	-1	0	0.2059	-1.0000
47	253	2	387.3963	15	5	0	-1	0	0.2059	-1.0000
47	254	2	388.9296	1	6	0	-1	0	0.2059	-1.0000
47	255	2	390.4629	2	9	0	-1	0	0.2059	-1.0000
47	256	2	391.9961	3	14	0	-1	0	0.2059	-1.0000
47	257	2	393.5293	4	15	0	-1	0	0.2059	-1.0000
47	258	2	395.0626	5	10	0	-1	0	0.2059	-1.0000
47	259	2	396.5959	6	13	0	-1	1	0.2000	0.7033
47	260	2	398.1291	7	1	0	-1	0	0.2000	-1.0000
47	261	2	399.6624	8	2	0	-1	0	0.2000	-1.0000
47	262	2	401.1956	9	11	0	-1	0	0.2000	-1.0000
47	263	2	402.7289	10	8	0	-1	0	0.2000	-1.0000
47	264	2	404.2621	11	4	0	-1	0	0.2000	-1.0000
47	265	2	405.7954	12	3	0	-1	0	0.2000	-1.0000
47	266	2	407.3286	13	7	0	-1	0	0.2000	-1.0000
47	267	2	408.8619	14	12	0	-1	0	0.2000	-1.0000
47	268	2	410.3951	15	5	0	-1	0	0.2000	-1.0000
47	269	2	411.9284	1	6	0	-1	1	0.1944	0.7307
47	270	2	413.4616	2	9	0	-1	0	0.1944	-1.0000
47	271	2	414.9949	14	12	0	-1	0	0.1944	-1.0000
47	272	2	416.5281	2	9	0	-1	0	0.1944	-1.0000
47	273	2	418.0614	1	6	0	-1	0	0.1944	-1.0000
47	274	2	419.5947	3	14	0	-1	0	0.1944	-1.0000
47	275	2	421.1279	1	6	0	-1	0	0.1944	-1.0000
47	276	2	422.6611	2	9	0	-1	0	0.1944	-1.0000
47	277	2	424.1944	3	14	0	-1	0	0.1944	-1.0000
47	278	2	425.7276	1	6	0	-1	0	0.1944	-1.0000
47	279	2	427.2609	3	14	0	-1	1	0.1892	0.6790
47	280	2	428.7942	15	5	0	-1	0	0.1892	-1.0000
47	281	2	430.3274	14	12	0	-1	0	0.1892	-1.0000
47	282	2	431.8607	2	9	0	-1	0	0.1892	-1.0000
47	283	2	433.3939	14	12	0	-1	0	0.1892	-1.0000
47	284	2	434.9272	1	6	0	-1	0	0.1892	-1.0000
47	285	2	436.4604	2	9	0	-1	0	0.1892	-1.0000
47	286	2	437.9937	1	6	0	-1	0	0.1892	-1.0000
47	287	2	439.5269	15	5	0	-1	0	0.1892	-1.0000
47	288	2	441.0602	14	12	0	-1	0	0.1892	-1.0000
47	289	2	442.5934	13	7	0	-1	1	0.2105	0.6914
47	290	2	444.1267	12	3	0	-1	0	0.2105	-1.0000
47	291	2	445.6599	11	4	0	-1	0	0.2105	-1.0000
47	292	2	447.1932	10	8	0	-1	0	0.2105	-1.0000
47	293	2	448.7264	9	11	0	-1	0	0.2105	-1.0000
47	294	2	450.2597	8	2	0	-1	0	0.2105	-1.0000
47	295	2	451.7929	7	1	0	-1	0	0.2105	-1.0000
47	296	2	453.3262	6	13	0	-1	0	0.2105	-1.0000
47	297	2	454.8594	5	10	0	-1	0	0.2105	-1.0000
47	298	2	456.3927	4	15	0	-1	0	0.2105	-1.0000
47	299	2	457.9260	3	14	0	-1	1	0.2308	0.5898
47	300	2	459.4592	2	9	0	-1	0	0.2308	-1.0000
47	301	2	460.9925	1	6	0	-1	0	0.2308	-1.0000
47	302	2	462.5257	15	5	0	-1	0	0.2308	-1.0000
47	303	2	464.0590	14	12	0	-1	0	0.2308	-1.0000
47	304	2	465.5922	13	7	0	-1	0	0.2308	-1.0000
47	305	2	467.1255	14	12	0	-1	0	0.2308	-1.0000
47	306	2	468.6587	1	6	0	-1	0	0.2308	-1.0000
47	307	2	470.1920	14	12	0	-1	0	0.2308	-1.0000
47	308	2	471.7252	15	5	0	-1	0	0.2308	-1.0000
47	309	2	473.2585	2	9	0	-1	1	0.2250	0.7937
47	310	2	474.7917	1	6	0	-1	0	0.2250	-1.0000
47	311	2	476.3250	14	12	0	-1	0	0.2250	-1.0000
47	312	2	477.8582	15	5	0	-1	0	0.2250	-1.0000
47	313	2	479.3915	1	6	0	-1	0	0.2250	-1.0000
47	314	2	480.9247	15	5	0	-1	0	0.2250	-1.0000
47	315	2	482.4580	1	6	0	-1	0	0.2250	-1.0000
47	316	2	483.9913	15	5	0	-1	0	0.2250	-1.0000
47	317	2	485.5245	14	12	0	-1	0	0.2250	-1.0000
47	318	2	487.0578	13	7	0	-1	0	0.2250	-1.0000
47	319	2	488.5910	12	3	0	-1	1	0.2195	0.9500
47	320	2	490.1243	11	4	0	-1	0	0.2195	-1.0000
47	321	2	491.6575	10	8	0	-1	0	0.2195	-1.0000
47	322	2	493.1908	9	11	0	-1	0	0.2195	-1.0000
47	323	2	494.7240	8	2	0	-1	0	0.2195	-1.0000
47	324	2	496.2573	7	1	0	-1	0	0.2195	-1.0000
47	325	2	497.7905	6	13	0	-1	0	0.2195	-1.0000
47	326	2	499.3238	5	10	0	-1	0	0.2195	-1.0000
47	327	2	500.8570	4	15	0	-1	0	0.2195	-1.0000
47	328	2	502.3903	3	14	0	-1	0	0.2195	-1.0000
47	329	2	503.9235	2	9	0	-1	0	0.2195	-1.0000
47	330	2	505.4568	1	6	0	-1	0	0.2195	-1.0000
47	331	2	506.9900	3	14	0	-1	1	0.2143	0.1976
47	332	2	508.5233	15	5	0	-1	0	0.2143	-1.0000
47	333	2	510.0566	2	9	0	-1	0	0.2143	-1.0000
47	334	2	511.5898	1	6	0	-1	0	0.2143	-1.0000
47	335	2	513.1230	15	5	0	-1	0	0.2143	-1.0000
47	336	2	514.6563	3	14	0	-1	0	0.2143	-1.0000
47	337	2	516.1896	2	9	0	-1	0	0.2143	-1.0000
47	338	2	517.7228	14	12	0	-1	0	0.2143	-1.0000
47	339	2	519.2561	2	9	0	-1	1	0.2093	0.5723
47	340	2	520.7893	14	12	0	-1	0	0.2093	-1.0000
47	341	2	522.3226	15	5	0	-1	0	0.2093	-1.0000
47	342	2	523.8558	3	14	0	-1	0	0.2093	-1.0000
47	343	2	525.3891	2	9	0	-1	0	0.2093	-1.0000
47	344	2	526.9223	15	5	0	-1	0	0.2093	-1.0000
47	345	2	528.4556	14	12	0	-1	0	0.2093	-1.0000
47	346	2	529.9888	15	5	0	-1	0	0.2093	-1.0000
47	347	2	531.5221	1	6	0	-1	0	0.2093	-1.0000
47	348	2	533.0553	2	9	0	-1	0	0.2093	-1.0000
47	349	2	534.5886	3	14	0	-1	1	0.2045	0.5840
47	350	2	536.1219	4	15	0	-1	0	0.2045	-1.0000
47	351	2	537.6551	5	10	0	-1	0	0.2045	-1.0000
47	352	2	539.1883	6	13	0	-1	0	0.2045	-1.0000
47	353	2	540.7216	7	1	0	-1	0	0.2045	-1.0000
47	354	2	542.2549	8	2	0	-1	0	0.2045	-1.0000
47	355	2	543.7881	9	11	0	-1	0	0.2045	-1.0000
47	356	2	545.3214	10	8	0	-1	0	0.2045	-1.0000
47	357	2	546.8546	11	4	0	-1	0	0.2045	-1.0000
47	358	2	548.3879	12	3	0	-1	0	0.2045	-1.0000
47	359	2	549.9211	13	7	0	-1	1	0.2000	0.6591
47	360	2	551.4544	14	12	0	-1	0	0.2000	-1.0000
47	361	2	552.9876	1	6	0	-1	0	0.2000	-1.0000
47	362	2	554.5209	15	5	0	-1	0	0.2000	-1.0000
47	363	2	556.0542	1	6	0	-1	0	0.2000	-1.0000
47	364	2	557.5874	3	14	0	-1	0	0.2000	-1.0000
47	365	2	559.1207	2	9	0	-1	0	0.2000	-1.0000
47	366	2	560.6539	14	12	0	-1	0	0.2000	-1.0000
47	367	2	562.1871	2	9	0	-1	0	0.2000	-1.0000
47	368	2	563.7204	3	14	0	-1	0	0.2000	-1.0000
47	369	2	565.2536	15	5	0	-1	1	0.1957	0.7031
47	370	2	566.7869	2	9	0	-1	0	0.1957	-1.0000
47	371	2	568.3201	3	14	0	-1	0	0.1957	-1.0000
47	372	2	569.8534	2	9	0	-1	0	0.1957	-1.0000
47	373	2	571.3867	14	12	0	-1	0	0.1957	-1.0000
47	374	2	572.9199	1	6	0	-1	0	0.1957	-1.0000
47	375	2	574.4532	15	5	0	-1	0	0.1957	-1.0000
47	376	2	575.9864	14	12	0	-1	0	0.1957	-1.0000
47	377	2	577.5197	13	7	0	-1	0	0.1957	-1.0000
47	378	2	579.0529	12	3	0	-1	0	0.1957	-1.0000
47	379	2	580.5862	11	4	0	-1	1	0.1915	0.6667
47	380	2	582.1194	10	8	0	-1	0	0.1915	-1.0000
47	381	2	583.6527	9	11	0	-1	0	0.1915	-1.0000
47	382	2	585.1859	8	2	0	-1	0	0.1915	-1.0000
47	383	2	586.7192	7	1	0	-1	0	0.1915	-1.0000
47	384	2	588.2524	6	13	0	-1	0	0.1915	-1.0000
47	385	2	589.7857	5	10	0	-1	0	0.1915	-1.0000
47	386	2	591.3189	4	15	0	-1	0	0.1915	-1.0000
47	387	2	592.8522	3	14	0	-1	0	0.1915	-1.0000
47	388	2	594.3854	2	9	0	-1	0	0.1915	-1.0000
47	389	2	595.9187	1	6	0	-1	1	0.1875	0.5973
47	390	2	597.4520	15	5	0	-1	0	0.1875	-1.0000
47	391	2	598.9852	1	6	0	-1	0	0.1875	-1.0000
47	392	2	600.5185	2	9	0	-1	0	0.1875	-1.0000
47	393	2	602.0517	1	6	0	-1	0	0.1875	-1.0000
47	394	2	603.5850	14	12	0	-1	0	0.1875	-1.0000
47	395	2	605.1182	2	9	0	-1	0	0.1875	-1.0000
47	396	2	606.6515	1	6	0	-1	0	0.1875	-1.0000
47	397	2	608.1847	3	14	0	-1	0	0.1875	-1.0000
47	398	2	609.7180	1	6	0	-1	0	0.1875	-1.0000
47	399	2	611.2512	2	9	0	-1	1	0.1837	0.5776
47	400	2	612.7845	1	6	0	-1	0	0.1837	-1.0000
47	401	2	614.3177	15	5	0	-1	0	0.1837	-1.0000
47	402	2	615.8510	3	14	0	-1	0	0.1837	-1.0000
47	403	2	617.3843	15	5	0	-1	0	0.1837	-1.0000
47	404	2	618.9175	1	6	0	-1	0	0.1837	-1.0000
47	405	2	620.4508	2	9	0	-1	0	0.1837	-1.0000
47	406	2	621.9840	3	14	0	-1	0	0.1837	-1.0000
47	407	2	623.5172	4	15	0	-1	0	0.1837	-1.0000
47	408	2	625.0505	5	10	0	-1	0	0.1837	-1.0000
47	409	2	626.5838	6	13	0	-1	1	0.1800	1.0194
47	410	2	628.1170	7	1	0	-1	0	0.1800	-1.0000
47	411	2	629.6503	8	2	0	-1	0	0.1800	-1.0000
47	412	2	631.1835	9	11	0	-1	0	0.1800	-1.0000
47	413	2	632.7168	10	8	0	-1	0	0.1800	-1.0000
47	414	2	634.2500	11	4	0	-1	0	0.1800	-1.0000
47	415	2	635.7833	12	3	0	-1	0	0.1800	-1.0000
47	416	2	637.3165	13	7	0	-1	0	0.1800	-1.0000
47	417	2	638.8498	14	12	0	-1	0	0.1800	-1.0000
47	418	2	640.3830	15	5	0	-1	0	0.1800	-1.0000
47	419	2	641.9163	1	6	0	-1	1	0.1765	0.8560
47	420	2	643.4495	2	9	0	-1	0	0.1765	-1.0000
47	421	2	644.9828	3	14	0	-1	0	0.1765	-1.0000
47	422	2	646.5160	1	6	0	-1	0	0.1765	-1.0000
47	423	2	648.0493	3	14	0	-1	0	0.1765	-1.0000
47	424	2	649.5825	15	5	0	-1	0	0.1765	-1.0000
47	425	2	651.1158	3	14	0	-1	0	0.1765	-1.0000
47	426	2	652.6490	2	9	0	-1	0	0.1765	-1.0000
47	427	2	654.1823	1	6	0	-1	0	0.1765	-1.0000
47	428	2	655.7156	14	12	0	-1	0	0.1765	-1.0000
47	429	2	657.2488	15	5	0	-1	1	0.1731	0.6594
47	430	2	658.7821	3	14	0	-1	0	0.1731	-1.0000
47	431	2	660.3153	1	6	0	-1	0	0.1731	-1.0000
47	432	2	661.8486	15	5	0	-1	0	0.1731	-1.0000
47	433	2	663.3818	2	9	0	-1	0	0.1731	-1.0000
47	434	2	664.9151	3	14	0	-1	0	0.1731	-1.0000
47	435	2	666.4483	4	15	0	-1	0	0.1731	-1.0000
47	436	2	667.9816	3	14	0	-1	0	0.1731	-1.0000
47	437	2	669.5148	2	9	0	-1	0	0.1731	-1.0000
47	438	2	671.0481	1	6	0	-1	0	0.1731	-1.0000
47	439	2	672.5813	15	5	0	-1	1	0.1698	0.7509
47	440	2	674.1146	14	12	0	-1	0	0.1698	-1.0000
47	441	2	675.6478	13	7	0	-1	0	0.1698	-1.0000
47	442	2	677.1811	12	3	0	-1	0	0.1698	-1.0000
47	443	2	678.7144	11	4	0	-1	0	0.1698	-1.0000
47	444	2	680.2476	10	8	0	-1	0	0.1698	-1.0000
47	445	2	681.7809	9	11	0	-1	0	0.1698	-1.0000
47	446	2	683.3141	8	2	0	-1	0	0.1698	-1.0000
47	447	2	684.8474	7	1	0	-1	0	0.1698	-1.0000
47	448	2	686.3806	6	13	0	-1	0	0.1698	-1.0000
47	449	2	687.9139	5	10	0	-1	1	0.1667	1.0022
47	450	2	689.4471	4	15	0	-1	0	0.1667	-1.0000
47	451	2	690.9804	6	13	0	-1	0	0.1667	-1.0000
47	452	2	692.5136	5	10	0	-1	0	0.1667	-1.0000
47	453	2	694.0469	8	2	0	-1	0	0.1667	-1.0000
47	454	2	695.5801	6	13	0	-1	0	0.1667	-1.0000
47	455	2	697.1134	8	2	0	-1	0	0.1667	-1.0000
47	456	2	698.6466	9	11	0	-1	0	0.1667	-1.0000
47	457	2	700.1799	11	4	0	-1	0	0.1667	-1.0000
47	458	2	701.7131	9	11	0	-1	0	0.1667	-1.0000
47	459	2	703.2464	10	8	0	-1	1	0.1636	0.6937
47	460	2	704.7797	9	11	0	-1	0	0.1636	-1.0000
47	461	2	706.3129	12	3	0	-1	0	0.1636	-1.0000
47	462	2	707.8461	10	8	0	-1	0	0.1636	-1.0000
47	463	2	709.3794	9	11	0	-1	0	0.1636	-1.0000
47	464	2	710.9127	8	2	0	-1	0	0.1636	-1.0000
47	465	2	712.4459	6	13	0	-1	0	0.1636	-1.0000
47	466	2	713.9792	5	10	0	-1	0	0.1636	-1.0000
47	467	2	715.5124	4	15	0	-1	0	0.1636	-1.0000
47	468	2	717.0457	3	14	0	-1	0	0.1636	-1.0000
47	469	2	718.5789	2	9	0	-1	1	0.1607	0.6732
47	470	2	720.1122	1	6	0	-1	0	0.1607	-1.0000
47	471	2	721.6454	15	5	0	-1	0	0.1607	-1.0000
47	472	2	723.1787	14	12	0	-1	0	0.1607	-1.0000
47	473	2	724.7119	13	7	0	-1	0	0.1607	-1.0000
47	474	2	726.2452	12	3	0	-1	0	0.1607	-1.0000
47	475	2	727.7784	11	4	0	-1	0	0.1607	-1.0000
47	476	2	729.3117	10	8	0	-1	0	0.1607	-1.0000
47	477	2	730.8450	9	11	0	-1	0	0.1607	-1.0000
47	478	2	732.3782	8	2	0	-1	0	0.1607	-1.0000
47	479	2	733.9114	7	1	0	-1	1	0.1579	0.7166
47	480	2	735.4447	6	13	0	-1	0	0.1579	-1.0000
47	481	2	736.9780	7	1	0	-1	0	0.1579	-1.0000
47	482	2	738.5112	4	15	0	-1	0	0.1579	-1.0000
47	483	2	740.0445	7	1	0	-1	0	0.1579	-1.0000
47	484	2	741.5777	6	13	0	-1	0	0.1579	-1.0000
47	485	2	743.1110	7	1	0	-1	0	0.1579	-1.0000
47	486	2	744.6442	8	2	0	-1	0	0.1579	-1.0000
47	487	2	746.1775	6	13	0	-1	0	0.1579	-1.0000
47	488	2	747.7107	4	15	0	-1	0	0.1579	-1.0000
47	489	2	749.2440	6	13	0	-1	1	0.1552	0.6001
47	490	2	750.7772	4	15	0	-1	0	0.1552	-1.0000
47	491	2	752.3105	7	1	0	-1	0	0.1552	-1.0000
47	492	2	753.8437	6	13	0	-1	0	0.1552	-1.0000
47	493	2	755.3770	5	10	0	-1	0	0.1552	-1.0000
47	494	2	756.9102	7	1	0	-1	0	0.1552	-1.0000
47	495	2	758.4435	5	10	0	-1	0	0.1552	-1.0000
47	496	2	759.9767	4	15	0	-1	0	0.1552	-1.0000
47	497	2	761.5100	3	14	0	-1	0	0.1552	-1.0000
47	498	2	763.0433	2	9	0	-1	0	0.1552	-1.0000
47	499	2	764.5765	1	6	0	-1	1	0.1525	0.7077
47	500	2	766.1098	15	5	0	-1	0	0.1525	-1.0000
47	501	2	767.6430	14	12	0	-1	0	0.1525	-1.0000
47	502	2	769.1763	13	7	0	-1	0	0.1525	-1.0000
47	503	2	770.7095	12	3	0	-1	0	0.1525	-1.0000
47	504	2	772.2428	11	4	0	-1	0	0.1525	-1.0000
47	505	2	773.7760	10	8	0	-1	0	0.1525	-1.0000
47	506	2	775.3093	9	11	0	-1	0	0.1525	-1.0000
47	507	2	776.8425	8	2	0	-1	0	0.1525	-1.0000
47	508	2	778.3758	7	1	0	-1	0	0.1525	-1.0000
47	509	2	779.9090	6	13	0	-1	1	0.1500	0.8953
47	510	2	781.4423	5	10	0	-1	0	0.1500	-1.0000
47	511	2	782.9755	4	15	0	-1	0	0.1500	-1.0000
47	512	2	784.5088	6	13	0	-1	0	0.1500	-1.0000
47	513	2	786.0420	5	10	0	-1	0	0.1500	-1.0000
47	514	2	787.5753	7	1	0	-1	0	0.1500	-1.0000
47	515	2	789.1085	6	13	0	-1	0	0.1500	-1.0000
47	516	2	790.6418	7	1	0	-1	0	0.1500	-1.0000
47	517	2	792.1751	8	2	0	-1	0	0.1500	-1.0000
47	518	2	793.7083	7	1	0	-1	0	0.1500	-1.0000
47	519	2	795.2415	4	15	0	-1	1	0.1475	0.6343
47	520	2	796.7748	6	13	0	-1	0	0.1475	-1.0000
47	521	2	798.3081	8	2	0	-1	0	0.1475	-1.0000
47	522	2	799.8413	7	1	0	-1	0	0.1475	-1.0000
47	523	2	801.3746	6	13	0	-1	0	0.1475	-1.0000
47	524	2	802.9078	8	2	0	-1	0	0.1475	-1.0000
47	525	2	804.4411	5	10	0	-1	0	0.1475	-1.0000
47	526	2	805.9743	4	15	0	-1	0	0.1475	-1.0000
47	527	2	807.5076	3	14	0	-1	0	0.1475	-1.0000
47	528	2	809.0408	2	9	0	-1	0	0.1475	-1.0000
47	529	2	810.5741	1	6	0	-1	1	0.1452	0.9179
47	530	2	812.1073	15	5	0	-1	0	0.1452	-1.0000
47	531	2	813.6406	14	12	0	-1	0	0.1452	-1.0000
47	532	2	815.1738	13	7	0	-1	0	0.1452	-1.0000
47	533	2	816.7071	12	3	0	-1	0	0.1452	-1.0000
47	534	2	818.2404	11	4	0	-1	0	0.1452	-1.0000
47	535	2	819.7736	10	8	0	-1	0	0.1452	-1.0000
47	536	2	821.3069	9	11	0	-1	0	0.1452	-1.0000
47	537	2	822.8401	8	2	0	-1	0	0.1452	-1.0000
47	538	2	824.3734	7	1	0	-1	0	0.1452	-1.0000
47	539	2	825.9066	6	13	0	-1	1	0.1429	0.7698
47	540	2	827.4399	5	10	0	-1	0	0.1429	-1.0000
47	541	2	828.9731	7	1	0	-1	0	0.1429	-1.0000
47	542	2	830.5064	8	2	0	-1	0	0.1429	-1.0000
47	543	2	832.0396	9	11	0	-1	0	0.1429	-1.0000
47	544	2	833.5729	8	2	0	-1	0	0.1429	-1.0000
47	545	2	835.1061	7	1	0	-1	0	0.1429	-1.0000
47	546	2	836.6394	8	2	0	-1	0	0.1429	-1.0000
47	547	2	838.1726	6	13	0	-1	0	0.1429	-1.0000
47	548	2	839.7059	8	2	0	-1	0	0.1429	-1.0000
47	549	2	841.2391	5	10	0	-1	1	0.1406	0.7009
47	550	2	842.7724	4	15	0	-1	0	0.1406	-1.0000
47	551	2	844.3056	5	10	0	-1	0	0.1406	-1.0000
47	552	2	845.8389	8	2	0	-1	0	0.1406	-1.0000
47	553	2	847.3722	9	11	0	-1	0	0.1406	-1.0000
47	554	2	848.9054	12	3	0	-1	0	0.1406	-1.0000
47	555	2	850.4387	11	4	0	-1	0	0.1406	-1.0000
47	556	2	851.9719	12	3	0	-1	0	0.1406	-1.0000
47	557	2	853.5052	13	7	0	-1	0	0.1406	-1.0000
47	558	2	855.0384	14	12	0	-1	0	0.1406	-1.0000
47	559	2	856.5717	15	5	0	-1	1	0.1385	0.8250
47	560	2	858.1049	1	6	0	-1	0	0.1385	-1.0000
47	561	2	859.6382	2	9	0	-1	0	0.1385	-1.0000
47	562	2	861.1714	3	14	0	-1	0	0.1385	-1.0000
47	563	2	862.7047	4	15	0	-1	0	0.1385	-1.0000
47	564	2	864.2379	5	10	0	-1	0	0.1385	-1.0000
47	565	2	865.7712	6	13	0	-1	0	0.1385	-1.0000
47	566	2	867.3044	7	1	0	-1	0	0.1385	-1.0000
47	567	2	868.8377	8	2	0	-1	0	0.1385	-1.0000
47	568	2	870.3710	9	11	0	-1	0	0.1385	-1.0000
47	569	2	871.9042	10	8	0	-1	1	0.1364	0.9163
47	570	2	873.4374	11	4	0	-1	0	0.1364	-1.0000
47	571	2	874.9707	13	7	0	-1	0	0.1364	-1.0000
47	572	2	876.5039	10	8	0	-1	0	0.1364	-1.0000
47	573	2	878.0372	11	4	0	-1	0	0.1364	-1.0000
47	574	2	879.5705	12	3	0	-1	0	0.1364	-1.0000
47	575	2	881.1037	13	7	0	-1	0	0.1364	-1.0000
47	576	2	882.6370	11	4	0	-1	0	0.1364	-1.0000
47	577	2	884.1702	12	3	0	-1	0	0.1364	-1.0000
47	578	2	885.7035	9	11	0	-1	0	0.1364	-1.0000
47	579	2	887.2367	12	3	0	-1	1	0.1343	1.0232
47	580	2	888.7700	11	4	0	-1	0	0.1343	-1.0000
47	581	2	890.3032	12	3	0	-1	0	0.1343	-1.0000
47	582	2	891.8365	9	11	0	-1	0	0.1343	-1.0000
47	583	2	893.3697	12	3	0	-1	0	0.1343	-1.0000
47	584	2	894.9030	11	4	0	-1	0	0.1343	-1.0000
47	585	2	896.4362	10	8	0	-1	0	0.1343	-1.0000
47	586	2	897.9695	11	4	0	-1	0	0.1343	-1.0000
47	587	2	899.5027	12	3	0	-1	0	0.1343	-1.0000
47	588	2	901.0360	13	7	0	-1	0	0.1343	-1.0000
47	589	2	902.5692	14	12	0	-1	1	0.1471	1.0188
47	590	2	904.1025	15	5	0	-1	0	0.1471	-1.0000
47	591	2	905.6358	1	6	0	-1	0	0.1471	-1.0000
47	592	2	907.1690	2	9	0	-1	0	0.1471	-1.0000
47	593	2	908.7023	3	14	0	-1	0	0.1471	-1.0000
47	594	2	910.2355	4	15	0	-1	0	0.1471	-1.0000
47	595	2	911.7688	5	10	0	-1	0	0.1471	-1.0000
47	596	2	913.3020	6	13	0	-1	0	0.1471	-1.0000
47	597	2	914.8353	7	1	0	-1	0	0.1471	-1.0000
47	598	2	916.3685	8	2	0	-1	0	0.1471	-1.0000
47	599	2	917.9018	9	11	0	-1	1	0.1594	0.7421
47	600	2	919.4350	10	8	0	-1	0	0.1594	-1.0000
Actual parsing ratio
0.1594
Possible node parses
81.0000
 Node parses selected
0.1358
Possible other parses
519.0000
Other parses selected
0.1118
Chance parsing ratio
0.1350
Shock trials
83
361
520
803
1335