*********************************************
* Date/Time: 31-Jan-2020 12:11:34
* Seed: 208388.1
* Subject Number: 042
4	3	15	7	6	8	11	10	2	12	9	5	13	1	14	
*********************************************

Shape exposure time (seconds)
139.4098
subject	trial	phase	onset	node	shape	rotate	acc	resp	total	rt
42	1	1	1.0167	15	14	0	-1	0	0.0000	-1.0000
42	2	1	2.8166	14	1	0	-1	0	0.0000	-1.0000
42	3	1	4.8498	1	4	90	-1	0	0.0000	-1.0000
42	4	1	6.8997	3	15	0	-1	0	0.0000	-1.0000
42	5	1	8.9496	2	3	0	0	1	0.0000	1.4496
42	6	1	10.9162	15	14	0	-1	0	0.0000	-1.0000
42	7	1	12.9327	2	3	0	-1	0	0.0000	-1.0000
42	8	1	14.9826	3	15	0	1	1	0.1250	1.2233
42	9	1	16.5325	2	3	0	-1	0	0.1111	-1.0000
42	10	1	18.5991	1	4	0	-1	0	0.1000	-1.0000
42	11	1	20.6490	15	14	0	-1	0	0.0909	-1.0000
42	12	1	22.6989	14	1	0	-1	0	0.0833	-1.0000
42	13	1	24.8487	2	3	0	1	1	0.1538	1.0867
42	14	1	26.3987	3	15	0	1	1	0.2143	1.3592
42	15	1	27.9486	1	4	0	1	1	0.2667	0.7057
42	16	1	29.4985	14	1	90	1	1	0.3125	0.9329
42	17	1	31.0484	2	3	0	0	1	0.2941	1.0940
42	18	1	32.6484	15	14	0	-1	0	0.2778	-1.0000
42	19	1	34.6816	14	1	0	-1	0	0.2632	-1.0000
42	20	1	36.7148	13	13	0	1	1	0.3000	1.2671
42	21	1	38.2648	11	9	0	1	1	0.3333	0.9344
42	22	1	39.8146	13	13	0	1	1	0.3636	1.3354
42	23	1	41.3645	11	9	0	1	1	0.3913	1.0508
42	24	1	42.9145	13	13	90	-1	0	0.3750	-1.0000
42	25	1	44.9810	14	1	0	-1	0	0.3600	-1.0000
42	26	1	47.0310	1	4	0	1	1	0.3846	0.9681
42	27	1	48.5809	2	3	0	1	1	0.4074	0.9385
42	28	1	50.1308	14	1	0	0	1	0.3929	1.0527
42	29	1	51.6807	15	14	0	1	1	0.4138	1.1827
42	30	1	53.2306	14	1	0	1	1	0.4333	1.2963
42	31	1	54.7805	1	4	0	1	1	0.4516	0.7374
42	32	1	56.3305	15	14	0	1	1	0.4688	0.9333
42	33	1	57.8804	3	15	0	0	1	0.4545	1.2385
42	34	1	59.6636	1	4	90	1	1	0.4706	1.1825
42	35	1	61.2135	3	15	0	0	1	0.4571	1.1221
42	36	1	62.9301	4	7	0	-1	0	0.4444	-1.0000
42	37	1	64.9467	7	11	0	1	1	0.4595	1.2592
42	38	1	66.4966	8	10	90	-1	0	0.4474	-1.0000
42	39	1	68.5798	7	11	0	1	1	0.4615	1.4026
42	40	1	70.1297	6	8	0	0	1	0.4500	1.3411
42	41	1	72.0296	7	11	0	1	1	0.4634	1.3936
42	42	1	73.5795	4	7	0	0	1	0.4524	1.2994
42	43	1	75.4628	3	15	0	1	1	0.4651	1.1112
42	44	1	77.0127	15	14	0	1	1	0.4773	0.8905
42	45	1	78.5626	3	15	0	1	1	0.4889	0.6999
42	46	1	80.1125	2	3	0	1	1	0.5000	0.7814
42	47	1	81.6624	15	14	0	1	1	0.5106	0.8809
42	48	1	83.2123	1	4	0	1	1	0.5208	0.6895
42	49	1	84.7623	2	3	0	1	1	0.5306	0.6927
42	50	1	86.3122	3	15	0	1	1	0.5400	0.8235
42	51	1	87.8622	15	14	0	1	1	0.5490	0.7917
42	52	1	89.4121	2	3	0	1	1	0.5577	0.5870
42	53	1	90.9620	1	4	0	1	1	0.5660	0.6218
42	54	1	92.5119	14	1	0	1	1	0.5741	1.0069
42	55	1	94.0618	15	14	0	1	1	0.5818	0.6254
42	56	1	95.6117	14	1	0	1	1	0.5893	0.6752
42	57	1	97.1617	1	4	0	1	1	0.5965	0.6773
42	58	1	98.7116	15	14	0	1	1	0.6034	0.5362
42	59	1	100.2615	1	4	0	1	1	0.6102	0.5364
42	60	1	101.8114	2	3	0	1	1	0.6167	0.6825
42	61	1	103.3613	14	1	0	1	1	0.6230	0.6696
42	62	1	104.9112	15	14	0	1	1	0.6290	0.7517
42	63	1	106.4612	1	4	0	1	1	0.6349	0.5460
42	64	1	108.0111	14	1	0	1	1	0.6406	0.6601
42	65	1	109.5610	2	3	0	1	1	0.6462	0.7099
42	66	1	111.1109	15	14	0	1	1	0.6515	0.6486
42	67	1	112.6608	1	4	0	1	1	0.6567	0.5381
42	68	1	114.2107	15	14	0	1	1	0.6618	0.6523
42	69	1	115.7607	14	1	0	1	1	0.6667	0.6224
42	70	1	117.3106	1	4	0	1	1	0.6714	0.4806
42	71	1	118.8605	15	14	0	1	1	0.6761	0.4186
42	72	1	120.4104	14	1	0	1	1	0.6806	0.4370
42	73	1	121.9604	13	13	0	0	1	0.6712	0.8386
42	74	1	123.5102	11	9	0	1	1	0.6757	0.7766
42	75	1	125.0602	12	5	0	0	1	0.6667	1.0990
42	76	1	126.7268	10	12	0	1	1	0.6711	1.2071
42	77	1	128.2767	9	2	0	1	1	0.6753	0.9222
42	78	1	129.8266	11	9	90	0	1	0.6667	0.6688
42	79	1	131.3765	13	13	0	1	1	0.6709	1.0702
42	80	1	132.9264	11	9	90	0	1	0.6625	0.8634
42	81	1	134.4764	13	13	0	1	1	0.6667	1.4415
42	82	1	136.0429	14	1	0	1	1	0.6707	0.8362
42	83	1	137.5928	1	4	0	1	1	0.6747	0.7581
42	84	1	139.1428	3	15	0	1	1	0.6786	0.8402
42	85	1	140.6927	15	14	0	1	1	0.6824	0.6331
42	86	1	142.2426	3	15	0	1	1	0.6860	0.6203
42	87	1	143.7926	1	4	0	1	1	0.6897	0.6693
42	88	1	145.3424	15	14	0	1	1	0.6932	0.5768
42	89	1	146.8923	2	3	90	0	1	0.6854	0.6895
42	90	1	148.4423	3	15	90	0	1	0.6778	1.1077
42	91	1	150.1422	15	14	0	1	1	0.6813	0.8326
42	92	1	151.6921	3	15	0	1	1	0.6848	0.6418
42	93	1	153.2420	2	3	0	1	1	0.6882	0.6769
42	94	1	154.7919	14	1	0	1	1	0.6915	0.8871
42	95	1	156.3418	15	14	0	1	1	0.6947	1.0320
42	96	1	157.8918	1	4	0	1	1	0.6979	0.7632
42	97	1	159.4417	2	3	0	1	1	0.7010	0.6201
42	98	1	160.9916	1	4	90	1	1	0.7041	0.9595
42	99	1	162.5416	2	3	0	1	1	0.7071	0.7219
42	100	1	164.0915	3	15	0	1	1	0.7100	0.8679
42	101	1	165.6414	15	14	0	1	1	0.7129	0.6943
42	102	1	167.1913	2	3	0	1	1	0.7157	0.5985
42	103	1	168.7412	14	1	0	1	1	0.7184	0.5538
42	104	1	170.2911	1	4	90	1	1	0.7212	0.7481
42	105	1	171.8411	15	14	90	1	1	0.7238	0.8768
42	106	1	173.3910	14	1	90	1	1	0.7264	0.9588
42	107	1	174.9409	15	14	0	1	1	0.7290	0.8183
42	108	1	176.4908	3	15	0	1	1	0.7315	0.8191
42	109	1	178.0407	1	4	0	1	1	0.7339	0.7101
42	110	1	179.5906	14	1	90	1	1	0.7364	0.8712
42	111	1	181.1405	13	13	0	1	1	0.7387	0.8744
42	112	1	182.6905	12	5	90	0	1	0.7321	1.0208
42	113	1	184.2404	10	12	0	1	1	0.7345	1.0054
42	114	1	185.7903	12	5	0	0	1	0.7281	1.2967
42	115	1	187.6569	10	12	0	1	1	0.7304	0.9022
42	116	1	189.2068	9	2	0	1	1	0.7328	0.7762
42	117	1	190.7567	11	9	0	1	1	0.7350	0.6664
42	118	1	192.3067	13	13	0	1	1	0.7373	1.0524
42	119	1	193.8565	11	9	0	1	1	0.7395	0.7344
42	120	1	195.4065	12	5	0	1	1	0.7417	1.0408
42	121	1	196.9564	10	12	90	0	1	0.7355	0.9294
42	122	1	198.5063	12	5	0	1	1	0.7377	0.9807
42	123	1	200.0563	9	2	0	1	1	0.7398	1.1906
42	124	1	201.6062	10	12	0	0	1	0.7339	0.7276
42	125	1	203.1561	11	9	0	1	1	0.7360	0.6831
42	126	1	204.8893	10	12	0	-1	0	0.7302	-1.0000
42	127	1	206.9559	11	9	0	1	1	0.7323	0.6431
42	128	1	208.5058	12	5	0	0	1	0.7266	1.4290
42	129	1	210.5057	9	2	0	1	1	0.7287	0.7081
42	130	1	212.0556	12	5	0	1	1	0.7308	0.8222
42	131	1	213.6055	11	9	0	1	1	0.7328	0.6175
42	132	1	215.1555	10	12	0	1	1	0.7348	1.0523
42	133	1	216.7054	12	5	0	1	1	0.7368	0.7174
42	134	1	218.2553	11	9	0	1	1	0.7388	0.6237
42	135	1	219.8052	9	2	0	1	1	0.7407	0.7846
42	136	1	221.3551	10	12	0	1	1	0.7426	0.7706
42	137	1	222.9050	12	5	0	1	1	0.7445	0.6288
42	138	1	224.4550	10	12	0	1	1	0.7464	0.6478
42	139	1	226.0049	9	2	0	1	1	0.7482	0.5381
42	140	1	227.5548	10	12	0	1	1	0.7500	0.5230
42	141	1	229.1047	13	13	0	1	1	0.7518	0.7504
42	142	1	230.6547	14	1	90	0	1	0.7465	0.6090
42	143	1	232.2046	2	3	90	1	1	0.7483	1.0105
42	144	1	233.7545	1	4	0	1	1	0.7500	0.7243
42	145	1	235.3044	2	3	90	1	1	0.7517	0.7747
42	146	1	236.8543	15	14	0	1	1	0.7534	0.6646
42	147	1	238.4042	14	1	0	1	1	0.7551	1.2095
42	148	1	239.9541	1	4	90	1	1	0.7568	0.8917
42	149	1	241.5041	2	3	0	1	1	0.7584	0.7028
42	150	1	243.0540	14	1	0	1	1	0.7600	0.6729
42	151	1	244.6039	15	14	0	1	1	0.7616	0.5952
42	152	1	246.1538	2	3	90	1	1	0.7632	0.8690
42	153	1	247.7037	15	14	90	1	1	0.7647	0.8870
42	154	1	249.2537	1	4	90	1	1	0.7662	0.8413
42	155	1	250.8036	14	1	0	1	1	0.7677	0.9075
42	156	1	252.3535	13	13	0	1	1	0.7692	0.8603
42	157	1	253.9034	10	12	90	0	1	0.7643	1.0384
42	158	1	255.4700	12	5	0	1	1	0.7658	0.8478
42	159	1	257.0199	13	13	90	1	1	0.7673	1.0429
42	160	1	258.5698	10	12	0	1	1	0.7688	1.2520
42	161	1	260.1198	12	5	0	1	1	0.7702	1.0780
42	162	1	261.6697	13	13	0	1	1	0.7716	1.0655
42	163	1	263.2196	11	9	0	1	1	0.7730	0.7154
42	164	1	264.7695	12	5	0	1	1	0.7744	0.7321
42	165	1	266.3194	9	2	0	1	1	0.7758	0.7343
42	166	1	267.8693	12	5	0	1	1	0.7771	0.5932
42	167	1	269.4193	10	12	90	0	1	0.7725	1.0745
42	168	1	271.0692	11	9	0	1	1	0.7738	0.8496
42	169	1	272.6191	9	2	0	1	1	0.7751	0.7227
42	170	1	274.1690	10	12	0	1	1	0.7765	1.0447
42	171	1	275.7190	9	2	0	1	1	0.7778	0.9040
42	172	1	277.2689	10	12	0	1	1	0.7791	0.7129
42	173	1	278.8188	13	13	0	1	1	0.7803	0.8121
42	174	1	280.3687	11	9	0	1	1	0.7816	0.6225
42	175	1	281.9186	13	13	0	1	1	0.7829	0.7363
42	176	1	283.4685	12	5	0	1	1	0.7841	0.5949
42	177	1	285.0184	9	2	0	1	1	0.7853	0.5966
42	178	1	286.5683	11	9	0	1	1	0.7865	0.5030
42	179	1	288.1183	13	13	0	1	1	0.7877	0.7771
42	180	1	289.6682	12	5	90	1	1	0.7889	0.9868
42	181	1	291.2181	9	2	0	1	1	0.7901	0.7477
42	182	1	292.7680	11	9	90	0	1	0.7857	0.7498
42	183	1	294.3180	10	12	90	0	1	0.7814	0.5779
42	184	1	295.8679	9	2	0	1	1	0.7826	1.0431
42	185	1	297.4178	11	9	0	1	1	0.7838	0.5799
42	186	1	298.9677	13	13	0	1	1	0.7849	0.6952
42	187	1	300.5177	14	1	0	0	1	0.7807	0.9538
42	188	1	302.0676	2	3	0	1	1	0.7819	0.7635
42	189	1	303.6175	15	14	0	1	1	0.7831	0.6695
42	190	1	305.1674	1	4	0	1	1	0.7842	0.7344
42	191	1	306.7173	3	15	0	1	1	0.7853	0.7684
42	192	1	308.2673	1	4	0	1	1	0.7865	0.6597
42	193	1	309.8172	3	15	0	1	1	0.7876	0.7095
42	194	1	311.3671	4	7	0	0	1	0.7835	1.0479
42	195	1	312.9503	6	8	0	1	1	0.7846	1.0327
42	196	1	314.5002	5	6	0	1	1	0.7857	0.9074
42	197	1	316.0502	8	10	0	1	1	0.7868	0.7489
42	198	1	317.6000	6	8	0	1	1	0.7879	0.9109
42	199	1	319.1500	7	11	0	1	1	0.7889	0.8333
42	200	1	320.6999	6	8	0	1	1	0.7900	0.6593
42	201	1	322.2498	5	6	0	1	1	0.7910	0.8055
42	202	1	323.7997	4	7	0	1	1	0.7921	0.7260
42	203	1	325.3497	7	11	90	0	1	0.7882	0.7760
42	204	1	326.8996	8	10	0	1	1	0.7892	0.6988
42	205	1	328.4495	7	11	90	0	1	0.7854	0.8781
42	206	1	329.9994	5	6	0	1	1	0.7864	0.9425
42	207	1	331.5494	4	7	0	0	1	0.7826	1.0094
42	208	1	333.1159	6	8	0	1	1	0.7837	0.9148
42	209	1	334.6658	8	10	0	1	1	0.7847	0.7399
42	210	1	336.2157	7	11	0	1	1	0.7857	1.4300
42	211	1	337.7657	5	6	0	1	1	0.7867	1.1292
42	212	1	339.3156	6	8	0	1	1	0.7877	1.0181
42	213	1	340.8655	5	6	0	1	1	0.7887	0.8137
42	214	1	342.4154	4	7	90	1	1	0.7897	0.9596
42	215	1	343.9653	3	15	0	1	1	0.7907	0.7214
42	216	1	345.5153	15	14	0	1	1	0.7917	0.7394
42	217	1	347.0652	2	3	0	1	1	0.7926	0.7739
42	218	1	348.6151	3	15	0	1	1	0.7936	0.6324
42	219	1	350.1650	15	14	0	1	1	0.7945	0.5848
42	220	1	351.7149	1	4	90	1	1	0.7955	0.7955
42	221	1	353.2649	15	14	0	1	1	0.7964	0.6208
42	222	1	354.8148	14	1	0	1	1	0.7973	0.9122
42	223	1	356.3647	13	13	0	1	1	0.7982	0.8020
42	224	1	357.9146	12	5	0	1	1	0.7991	0.9804
42	225	1	359.4645	10	12	0	1	1	0.8000	0.9511
42	226	1	361.0144	9	2	0	1	1	0.8009	0.6803
42	227	1	362.5644	8	10	0	1	1	0.8018	0.6820
42	228	1	364.1143	5	6	90	0	1	0.7982	0.6047
42	229	1	365.6642	4	7	0	1	1	0.7991	0.5746
42	230	1	367.2141	6	8	0	1	1	0.8000	0.8487
42	231	1	368.7640	7	11	0	1	1	0.8009	0.9948
42	232	1	370.3140	6	8	0	1	1	0.8017	0.8051
42	233	1	371.8639	5	6	0	1	1	0.8026	0.7921
42	234	1	373.4138	4	7	0	0	1	0.7991	1.0799
42	235	1	375.0970	7	11	0	1	1	0.8000	1.0607
42	236	1	376.6470	6	8	90	1	1	0.8008	1.1445
42	237	1	378.1969	8	10	0	1	1	0.8017	0.9049
42	238	1	379.7468	5	6	0	1	1	0.8025	0.7482
42	239	1	381.2967	4	7	0	1	1	0.8033	1.1982
42	240	1	382.8466	5	6	0	1	1	0.8042	0.7529
42	241	1	384.3966	4	7	0	1	1	0.8050	0.6903
42	242	1	385.9465	7	11	0	1	1	0.8058	0.8363
42	243	1	387.4964	5	6	0	1	1	0.8066	0.6787
42	244	1	389.0463	4	7	0	1	1	0.8074	0.8248
42	245	1	390.5962	3	15	0	1	1	0.8082	0.7467
42	246	1	392.1461	2	3	0	1	1	0.8089	0.6535
42	247	1	393.6961	15	14	0	1	1	0.8097	0.7991
42	248	1	395.2460	14	1	0	1	1	0.8105	0.8494
42	249	1	396.7959	13	13	0	1	1	0.8112	0.8191
42	250	1	398.3458	11	9	0	1	1	0.8120	0.7100
42	251	1	399.8957	9	2	0	1	1	0.8127	0.7260
42	252	1	401.4457	11	9	0	1	1	0.8135	0.7453
42	253	1	402.9956	12	5	0	1	1	0.8142	1.0341
42	254	1	404.5455	9	2	0	1	1	0.8150	0.6214
42	255	1	406.0954	10	12	0	1	1	0.8157	0.8315
42	256	1	407.6453	11	9	90	0	1	0.8125	0.7063
42	257	1	409.1952	13	13	0	1	1	0.8132	0.7545
42	258	1	410.7452	12	5	0	1	1	0.8140	0.7736
42	259	1	412.2951	11	9	0	1	1	0.8147	0.7106
42	260	1	413.8450	13	13	0	1	1	0.8154	0.6343
42	261	1	415.5782	12	5	0	1	1	0.8161	0.8847
42	262	1	417.1282	9	2	0	1	1	0.8168	0.7737
42	263	1	418.6781	11	9	0	1	1	0.8175	0.8728
42	264	1	420.2280	12	5	0	1	1	0.8182	0.7149
42	265	1	421.7780	10	12	90	0	1	0.8151	0.6051
42	266	1	423.3278	13	13	0	1	1	0.8158	0.6391
42	267	1	424.8778	11	9	90	1	1	0.8165	1.2010
42	268	1	426.4277	12	5	0	1	1	0.8172	0.8189
42	269	1	427.9776	9	2	0	1	1	0.8178	0.7561
42	270	1	429.5275	11	9	0	1	1	0.8185	0.8382
42	271	1	431.0774	9	2	90	0	1	0.8155	0.7602
42	272	1	432.6273	8	10	90	0	1	0.8125	0.8584
42	273	1	434.1773	5	6	0	1	1	0.8132	0.6844
42	274	1	435.7272	8	10	90	0	1	0.8102	0.8483
42	275	1	437.2771	5	6	90	0	1	0.8073	0.6254
42	276	1	438.8270	8	10	0	1	1	0.8080	1.3626
42	277	1	440.3769	9	2	0	1	1	0.8087	1.2221
42	278	1	441.9269	12	5	0	1	1	0.8094	0.8399
42	279	1	443.4768	13	13	0	1	1	0.8100	0.7941
42	280	1	445.0267	14	1	0	1	1	0.8107	0.8270
42	281	1	446.5766	15	14	0	1	1	0.8114	0.7833
42	282	1	448.1265	3	15	0	1	1	0.8121	0.6247
42	283	1	449.6765	2	3	0	1	1	0.8127	0.5772
42	284	1	451.2264	14	1	0	1	1	0.8134	0.7405
42	285	1	452.7763	15	14	0	1	1	0.8140	0.6157
42	286	1	454.3262	1	4	0	1	1	0.8147	1.0475
42	287	1	455.8761	3	15	0	1	1	0.8153	0.6827
42	288	1	457.4261	4	7	0	0	1	0.8125	1.4207
42	289	1	459.4260	7	11	0	1	1	0.8131	0.9564
42	290	1	460.9758	6	8	0	1	1	0.8138	0.7818
42	291	1	462.5258	8	10	0	1	1	0.8144	1.0879
42	292	1	464.0757	5	6	0	1	1	0.8151	0.8351
42	293	1	465.6256	8	10	0	1	1	0.8157	0.5973
42	294	1	467.1755	7	11	0	1	1	0.8163	0.7912
42	295	1	468.7255	5	6	0	1	1	0.8169	0.6495
42	296	1	470.2754	4	7	0	1	1	0.8176	0.6517
42	297	1	471.8253	7	11	90	0	1	0.8148	0.6216
42	298	1	473.3752	6	8	90	1	1	0.8154	0.8639
42	299	1	474.9251	7	11	0	1	1	0.8161	0.8005
42	300	1	476.4751	4	7	0	1	1	0.8167	0.9959
42	301	1	478.0250	3	15	0	1	1	0.8173	0.6927
42	302	1	479.5749	1	4	0	1	1	0.8179	0.7107
42	303	1	481.1248	14	1	0	1	1	0.8185	0.6339
42	304	1	482.6747	1	4	0	1	1	0.8191	0.7310
42	305	1	484.2246	15	14	90	1	1	0.8197	1.0372
42	306	1	485.7746	1	4	90	1	1	0.8203	0.8631
42	307	1	487.3245	14	1	90	1	1	0.8208	0.8984
42	308	1	488.8744	15	14	0	1	1	0.8214	0.7085
42	309	1	490.4243	2	3	0	1	1	0.8220	0.7573
42	310	1	491.9742	15	14	0	1	1	0.8226	0.6314
42	311	1	493.5241	14	1	90	1	1	0.8232	0.7795
42	312	1	495.0741	13	13	90	1	1	0.8237	0.9724
42	313	1	496.6240	14	1	0	1	1	0.8243	1.0388
42	314	1	498.1739	13	13	90	1	1	0.8248	1.0731
42	315	1	499.7238	14	1	0	1	1	0.8254	0.8660
42	316	1	501.2737	2	3	0	1	1	0.8259	0.6453
42	317	1	502.8237	14	1	0	1	1	0.8265	0.7910
42	318	1	504.3736	1	4	90	1	1	0.8270	0.8414
42	319	1	505.9235	14	1	0	1	1	0.8276	0.7141
42	320	1	507.4734	2	3	0	1	1	0.8281	0.9413
42	321	1	509.0233	1	4	0	1	1	0.8287	0.7663
42	322	1	510.5733	2	3	0	1	1	0.8292	0.6419
42	323	1	512.1232	1	4	0	1	1	0.8297	0.6276
42	324	1	513.6731	2	3	0	1	1	0.8302	0.5021
42	325	1	515.2230	15	14	0	1	1	0.8308	0.4066
42	326	1	516.7729	3	15	0	1	1	0.8313	0.4099
42	327	1	518.3229	1	4	0	1	1	0.8318	0.3800
42	328	1	519.8728	3	15	90	1	1	0.8323	0.9588
42	329	1	521.4227	15	14	0	1	1	0.8328	0.7048
42	330	1	522.9726	1	4	90	1	1	0.8333	0.7704
42	331	1	524.5225	15	14	90	0	1	0.8308	0.5805
42	332	1	526.0724	2	3	0	1	1	0.8313	0.5832
42	333	1	527.6224	3	15	90	1	1	0.8318	0.8403
42	334	1	529.1723	1	4	0	1	1	0.8323	0.6828
42	335	1	530.7222	2	3	0	1	1	0.8328	0.6052
42	336	1	532.2721	3	15	0	1	1	0.8333	0.8152
42	337	1	533.8220	2	3	0	1	1	0.8338	0.6889
42	338	1	535.3720	3	15	90	1	1	0.8343	0.8666
42	339	1	536.9218	15	14	0	1	1	0.8348	0.5970
42	340	1	538.4717	14	1	0	1	1	0.8353	0.5992
42	341	1	540.0217	2	3	0	1	1	0.8358	0.6009
42	342	1	541.5716	1	4	0	1	1	0.8363	0.6035
42	343	1	543.1215	2	3	0	1	1	0.8367	0.5736
42	344	1	544.6715	15	14	0	1	1	0.8372	0.4473
42	345	1	546.2214	1	4	0	1	1	0.8377	0.6083
42	346	1	547.7713	15	14	0	1	1	0.8382	0.5314
42	347	1	549.3212	1	4	0	1	1	0.8386	0.5484
42	348	1	550.8711	14	1	0	1	1	0.8391	0.6636
42	349	1	552.4210	1	4	0	1	1	0.8395	0.6017
42	350	1	553.9710	14	1	0	1	1	0.8400	0.6360
42	351	1	555.5209	1	4	90	1	1	0.8405	0.7981
42	352	1	557.0708	3	15	0	1	1	0.8409	0.6080
42	353	1	558.6207	2	3	0	1	1	0.8414	0.5769
42	354	1	560.1706	14	1	90	1	1	0.8418	0.7390
42	355	1	561.7206	1	4	0	1	1	0.8423	0.5971
42	356	1	563.2705	2	3	0	1	1	0.8427	0.6004
42	357	1	564.8204	14	1	90	1	1	0.8431	0.6665
42	358	1	566.3703	1	4	0	1	1	0.8436	0.6035
42	359	1	567.9202	15	14	0	1	1	0.8440	0.5414
42	360	1	569.4701	3	15	0	1	1	0.8444	0.7997
42	361	1	571.0201	15	14	0	1	1	0.8449	0.6588
42	362	1	572.5700	3	15	0	1	1	0.8453	0.6118
42	363	1	574.1199	1	4	0	1	1	0.8457	0.6148
42	364	1	575.6698	15	14	90	1	1	0.8462	0.7764
42	365	1	577.2198	3	15	0	1	1	0.8466	0.6351
42	366	1	578.7697	2	3	0	1	1	0.8470	0.6360
42	367	1	580.3196	15	14	0	1	1	0.8474	0.6232
42	368	1	581.8695	1	4	0	1	1	0.8478	0.5293
42	369	1	583.4194	14	1	0	1	1	0.8482	0.5462
42	370	1	584.9693	2	3	0	1	1	0.8486	0.5643
42	371	1	586.5193	14	1	90	1	1	0.8491	0.6636
42	372	1	588.0692	15	14	90	1	1	0.8495	0.7124
42	373	1	589.6191	1	4	0	1	1	0.8499	0.6037
42	374	1	591.1690	3	15	0	1	1	0.8503	0.5263
42	375	1	592.7189	2	3	0	1	1	0.8507	0.5603
42	376	1	594.2689	3	15	90	0	1	0.8484	0.4007
42	377	1	595.8188	1	4	0	1	1	0.8488	0.4527
42	378	1	597.3687	15	14	0	1	1	0.8492	0.6141
42	379	1	598.9186	1	4	0	1	1	0.8496	0.5190
42	380	1	600.4685	15	14	0	1	1	0.8500	0.5538
42	381	1	602.0185	3	15	0	1	1	0.8504	0.5567
42	382	1	603.5683	2	3	0	1	1	0.8508	0.4784
42	383	1	605.1183	3	15	0	1	1	0.8512	0.4325
42	384	1	606.6682	4	7	0	0	1	0.8490	0.6106
42	385	1	608.2181	6	8	90	1	1	0.8494	0.9156
42	386	1	609.7680	7	11	0	1	1	0.8497	0.9189
42	387	1	611.3179	4	7	0	1	1	0.8501	0.8723
42	388	1	612.8679	5	6	0	1	1	0.8505	0.7628
42	389	1	614.4178	6	8	0	1	1	0.8509	0.7812
42	390	1	615.9677	5	6	0	1	1	0.8513	0.5419
42	391	1	617.5176	6	8	0	1	1	0.8517	0.6576
42	392	1	619.0675	8	10	0	1	1	0.8520	0.8833
42	393	1	620.6175	9	2	90	0	1	0.8499	0.7561
42	394	1	622.1674	10	12	0	1	1	0.8503	0.8073
42	395	1	623.7173	13	13	0	1	1	0.8506	0.8093
42	396	1	625.2672	11	9	0	1	1	0.8510	0.9544
42	397	1	626.8171	12	5	0	1	1	0.8514	0.7985
42	398	1	628.3670	11	9	0	1	1	0.8518	0.5598
42	399	1	629.9170	13	13	0	1	1	0.8521	0.5782
42	400	1	631.4669	12	5	0	1	1	0.8525	0.5639
42	401	1	633.0168	10	12	0	1	1	0.8529	0.8054
42	402	1	634.5667	13	13	0	1	1	0.8532	0.6161
42	403	1	636.1166	12	5	0	1	1	0.8536	0.5529
42	404	1	637.6666	10	12	0	1	1	0.8540	0.6530
42	405	1	639.2165	12	5	0	1	1	0.8543	0.6064
42	406	1	640.7664	11	9	0	1	1	0.8547	0.6256
42	407	1	642.3163	10	12	0	1	1	0.8550	0.6583
42	408	1	643.8662	9	2	0	1	1	0.8554	0.6295
42	409	1	645.4162	10	12	90	0	1	0.8533	0.5494
42	410	1	646.9661	13	13	0	1	1	0.8537	0.6635
42	411	1	648.5160	14	1	0	1	1	0.8540	0.7456
42	412	1	650.0659	13	13	0	1	1	0.8544	0.6368
42	413	1	651.6158	12	5	0	1	1	0.8547	0.6391
42	414	1	653.1658	10	12	90	0	1	0.8527	0.6878
42	415	1	654.7157	9	2	0	1	1	0.8530	0.8672
42	416	1	656.2656	12	5	0	1	1	0.8534	0.7734
42	417	1	657.8155	11	9	0	1	1	0.8537	0.6478
42	418	1	659.3654	10	12	0	1	1	0.8541	0.6975
42	419	1	660.9154	9	2	0	1	1	0.8544	0.6513
42	420	1	662.4653	10	12	0	1	1	0.8548	0.5883
42	421	1	664.0152	12	5	0	1	1	0.8551	0.6246
42	422	1	665.5651	13	13	90	0	1	0.8531	0.6735
42	423	1	667.1150	14	1	0	1	1	0.8534	0.6755
42	424	1	668.6650	13	13	0	1	1	0.8538	0.7262
42	425	1	670.2148	11	9	0	1	1	0.8541	0.6798
42	426	1	671.7648	10	12	0	1	1	0.8545	0.5866
42	427	1	673.3147	9	2	0	1	1	0.8548	0.6363
42	428	1	674.8646	12	5	0	1	1	0.8551	0.5579
42	429	1	676.4145	9	2	90	0	1	0.8531	0.4950
42	430	1	677.9644	10	12	0	1	1	0.8535	0.6411
42	431	1	679.5144	12	5	0	1	1	0.8538	0.6283
42	432	1	681.0643	13	13	0	1	1	0.8542	0.5653
42	433	1	682.6142	12	5	0	1	1	0.8545	0.5833
42	434	1	684.1641	9	2	0	1	1	0.8548	0.5384
42	435	1	685.7141	12	5	0	1	1	0.8552	0.5565
42	436	1	687.2640	9	2	90	1	1	0.8555	0.8616
42	437	1	688.8138	10	12	0	1	1	0.8558	0.6566
42	438	1	690.3638	12	5	0	1	1	0.8562	0.6578
42	439	1	691.9137	9	2	0	1	1	0.8565	0.6770
42	440	1	693.4636	11	9	90	1	1	0.8568	0.8699
42	441	1	695.0135	9	2	0	1	1	0.8571	0.6800
42	442	1	696.5635	10	12	90	1	1	0.8575	0.8902
42	443	1	698.1133	13	13	0	1	1	0.8578	0.7162
42	444	1	699.6633	11	9	90	1	1	0.8581	0.8634
42	445	1	701.2132	12	5	0	1	1	0.8584	0.6416
42	446	1	702.7631	13	13	0	1	1	0.8587	0.5786
42	447	1	704.3131	14	1	0	1	1	0.8591	0.7737
42	448	1	705.8630	15	14	0	1	1	0.8594	0.7919
42	449	1	707.4129	1	4	0	1	1	0.8597	0.7780
42	450	1	708.9628	2	3	0	1	1	0.8600	0.7479
42	451	1	710.5127	15	14	0	1	1	0.8603	0.5888
42	452	1	712.0626	1	4	0	1	1	0.8606	0.5909
42	453	1	713.6125	2	3	0	1	1	0.8609	0.5940
42	454	1	715.1625	3	15	0	1	1	0.8612	0.5640
42	455	1	716.7124	1	4	0	1	1	0.8615	0.5515
42	456	1	718.2623	15	14	0	1	1	0.8618	0.4411
42	457	1	719.8122	1	4	0	1	1	0.8621	0.5074
42	458	1	721.3622	2	3	0	1	1	0.8624	0.5245
42	459	1	722.9120	1	4	90	0	1	0.8606	0.4775
42	460	1	724.4620	3	15	0	1	1	0.8609	0.6235
42	461	1	726.0119	15	14	90	1	1	0.8612	0.8189
42	462	1	727.5619	14	1	0	0	1	0.8593	1.1248
42	463	1	729.2451	15	14	0	1	1	0.8596	0.6578
42	464	1	730.7950	2	3	0	1	1	0.8599	0.5796
42	465	1	732.3449	1	4	0	1	1	0.8602	0.6607
42	466	1	733.8949	15	14	0	1	1	0.8605	0.6468
42	467	1	735.4447	14	1	90	1	1	0.8608	0.7458
42	468	1	736.9947	13	13	90	1	1	0.8611	0.9081
42	469	1	738.5446	10	12	0	1	1	0.8614	0.6698
42	470	1	740.0945	9	2	0	1	1	0.8617	0.7523
42	471	1	741.6444	10	12	0	1	1	0.8620	0.6585
42	472	1	743.1943	9	2	0	1	1	0.8623	0.5812
42	473	1	744.7443	11	9	90	1	1	0.8626	0.7911
42	474	1	746.2942	12	5	0	1	1	0.8629	0.8245
42	475	1	747.8441	13	13	0	1	1	0.8632	0.8426
42	476	1	749.3940	11	9	0	1	1	0.8634	0.9236
42	477	1	750.9439	13	13	0	1	1	0.8637	0.6857
42	478	1	752.4939	10	12	0	1	1	0.8640	0.7047
42	479	1	754.0438	12	5	90	1	1	0.8643	0.9788
42	480	1	755.5937	9	2	0	1	1	0.8646	0.7570
42	481	1	757.1436	10	12	0	1	1	0.8649	0.7432
42	482	1	758.6935	12	5	0	1	1	0.8651	0.6480
42	483	1	760.2435	11	9	0	1	1	0.8654	0.7952
42	484	1	761.7934	10	12	90	0	1	0.8636	0.6041
42	485	1	763.3433	12	5	90	1	1	0.8639	1.0702
42	486	1	764.8932	13	13	0	1	1	0.8642	0.7203
42	487	1	766.4431	11	9	0	1	1	0.8645	0.8184
42	488	1	767.9930	12	5	0	1	1	0.8648	0.7564
42	489	1	769.5429	10	12	0	1	1	0.8650	0.6786
42	490	1	771.0929	12	5	0	1	1	0.8653	0.7127
42	491	1	772.6428	10	12	0	1	1	0.8656	0.6679
42	492	1	774.1927	13	13	0	1	1	0.8659	0.6699
42	493	1	775.7426	10	12	0	1	1	0.8661	0.6241
42	494	1	777.2926	9	2	90	1	1	0.8664	0.9622
42	495	1	778.8424	12	5	0	1	1	0.8667	0.8047
42	496	1	780.3924	9	2	0	1	1	0.8669	0.8859
42	497	1	781.9422	8	10	0	1	1	0.8672	1.0324
42	498	1	783.4922	9	2	0	1	1	0.8675	0.9065
42	499	1	785.0421	8	10	0	1	1	0.8677	0.7634
42	500	1	786.5921	7	11	90	0	1	0.8660	0.8307
42	501	1	788.1420	8	10	90	0	1	0.8643	0.7533
42	502	1	789.6919	6	8	0	1	1	0.8645	1.0256
42	503	1	791.2418	4	7	0	0	1	0.8628	1.0129
42	504	1	792.7918	6	8	90	0	1	0.8611	1.0156
42	505	1	794.3417	5	6	90	1	1	0.8614	1.1133
42	506	1	795.8916	7	11	0	1	1	0.8617	0.8899
42	507	1	797.4415	8	10	0	1	1	0.8619	1.0680
42	508	1	798.9914	6	8	0	1	1	0.8622	0.9592
42	509	1	800.5414	5	6	0	1	1	0.8625	0.9141
42	510	1	802.0912	8	10	0	1	1	0.8627	0.8515
42	511	1	803.6412	7	11	0	1	1	0.8630	0.8059
42	512	1	805.1911	6	8	0	1	1	0.8633	0.7744
42	513	1	806.7410	4	7	0	1	1	0.8635	0.7777
42	514	1	808.2909	7	11	0	1	1	0.8638	0.8266
42	515	1	809.8408	4	7	0	1	1	0.8641	0.7807
42	516	1	811.3908	7	11	90	0	1	0.8624	0.6560
42	517	1	812.9407	4	7	0	0	1	0.8607	1.1706
42	518	1	814.6906	6	8	90	0	1	0.8591	1.0029
42	519	1	816.2738	5	6	90	1	1	0.8593	1.3089
42	520	1	817.8237	6	8	0	1	1	0.8596	0.9906
42	521	1	819.3737	4	7	0	1	1	0.8599	1.0413
42	522	1	820.9236	3	15	0	1	1	0.8602	0.7392
42	523	1	822.4735	15	14	90	1	1	0.8604	0.9970
42	524	1	824.0234	1	4	0	1	1	0.8607	0.7100
42	525	1	825.5733	15	14	90	0	1	0.8590	0.6654
42	526	1	827.1232	3	15	0	1	1	0.8593	0.6183
42	527	1	828.6732	1	4	90	1	1	0.8596	0.7647
42	528	1	830.2231	3	15	0	1	1	0.8598	0.7504
42	529	1	831.9730	4	7	0	0	1	0.8582	1.1298
42	530	1	833.6396	7	11	0	1	1	0.8585	0.7269
42	531	1	835.1895	8	10	0	1	1	0.8588	1.0170
42	532	1	836.7394	5	6	0	1	1	0.8590	0.8593
42	533	1	838.2893	7	11	0	1	1	0.8593	0.7321
42	534	1	839.8393	4	7	0	1	1	0.8596	0.7667
42	535	1	841.3892	3	15	90	1	1	0.8598	0.8816
42	536	1	842.9391	2	3	0	1	1	0.8601	0.6436
42	537	1	844.4890	15	14	0	1	1	0.8603	0.4844
42	538	1	846.0389	3	15	0	1	1	0.8606	0.6159
42	539	1	847.5889	2	3	0	1	1	0.8609	0.5226
42	540	1	849.1388	3	15	0	1	1	0.8611	0.4760
42	541	1	850.6887	4	7	0	0	1	0.8595	0.7820
42	542	1	852.2386	5	6	0	1	1	0.8598	0.6078
42	543	1	853.7885	6	8	0	1	1	0.8600	0.9289
42	544	1	855.3384	5	6	0	1	1	0.8603	0.7390
42	545	1	856.8884	4	7	0	1	1	0.8606	0.8389
42	546	1	858.4383	7	11	0	1	1	0.8608	0.6632
42	547	1	859.9882	6	8	90	1	1	0.8611	0.8104
42	548	1	861.5381	4	7	90	0	1	0.8595	0.5888
42	549	1	863.0880	7	11	0	1	1	0.8597	0.7025
42	550	1	864.6380	8	10	0	1	1	0.8600	0.6733
42	551	1	866.1879	6	8	90	1	1	0.8603	0.9945
42	552	1	867.7378	8	10	90	0	1	0.8587	0.6771
42	553	1	869.2877	9	2	0	1	1	0.8590	0.7257
42	554	1	870.8376	11	9	0	1	1	0.8592	0.8729
42	555	1	872.3876	13	13	0	1	1	0.8595	0.7949
42	556	1	873.9375	10	12	0	1	1	0.8597	0.8129
42	557	1	875.4874	9	2	0	1	1	0.8600	0.7021
42	558	1	877.0373	11	9	0	1	1	0.8602	0.6881
42	559	1	878.5872	10	12	0	1	1	0.8605	0.7391
42	560	1	880.1371	13	13	0	1	1	0.8607	0.6603
42	561	1	881.6870	10	12	0	1	1	0.8610	0.5839
42	562	1	883.2370	12	5	0	1	1	0.8612	0.7298
42	563	1	884.7869	13	13	0	1	1	0.8615	0.6348
42	564	1	886.3368	11	9	90	1	1	0.8617	0.7818
42	565	1	887.8867	13	13	0	1	1	0.8619	0.6388
42	566	1	889.4366	11	9	0	1	1	0.8622	0.7210
42	567	1	890.9866	10	12	90	1	1	0.8624	0.9645
42	568	1	892.5365	12	5	0	1	1	0.8627	0.7105
42	569	1	894.0864	10	12	0	1	1	0.8629	0.6481
42	570	1	895.6363	13	13	0	1	1	0.8632	0.6664
42	571	1	897.1862	14	1	0	1	1	0.8634	0.7634
42	572	1	898.7362	15	14	0	1	1	0.8636	0.7991
42	573	1	900.2861	3	15	0	1	1	0.8639	0.6873
42	574	1	901.8360	4	7	90	0	1	0.8624	0.7227
42	575	1	903.3859	7	11	0	1	1	0.8626	0.6290
42	576	1	904.9358	6	8	0	1	1	0.8628	0.7896
42	577	1	906.4858	4	7	0	1	1	0.8631	0.7290
42	578	1	908.0357	5	6	0	1	1	0.8633	0.7150
42	579	1	909.5856	6	8	0	1	1	0.8636	0.7158
42	580	1	911.1355	5	6	0	1	1	0.8638	0.6710
42	581	1	912.6854	6	8	90	0	1	0.8623	0.7859
42	582	1	914.2354	7	11	0	1	1	0.8625	0.7395
42	583	1	915.7853	4	7	0	1	1	0.8628	0.9813
42	584	1	917.3352	5	6	0	1	1	0.8630	0.7275
42	585	1	918.8851	6	8	0	1	1	0.8632	0.7923
42	586	1	920.4350	5	6	90	1	1	0.8635	1.2110
42	587	1	921.9849	7	11	90	1	1	0.8637	1.1817
42	588	1	923.5349	6	8	0	1	1	0.8639	0.9280
42	589	1	925.0848	4	7	0	1	1	0.8642	1.0100
42	590	1	926.6347	7	11	0	1	1	0.8644	0.7880
42	591	1	928.1846	4	7	0	1	1	0.8646	0.6941
42	592	1	929.7346	3	15	90	1	1	0.8649	0.8239
42	593	1	931.2845	1	4	0	1	1	0.8651	0.7304
42	594	1	932.8344	14	1	0	1	1	0.8653	0.9711
42	595	1	934.3843	1	4	0	1	1	0.8655	0.6371
42	596	1	935.9342	14	1	0	1	1	0.8658	0.6242
42	597	1	937.4841	1	4	0	1	1	0.8660	0.6585
42	598	1	939.0340	15	14	0	1	1	0.8662	0.8195
42	599	1	940.5840	14	1	0	1	1	0.8664	0.7428
42	600	1	942.1339	1	4	0	1	1	0.8667	0.6488
42	601	1	1017.3632	2	3	90	0	1	0.8652	1.4833
42	602	1	1019.3965	15	14	0	1	1	0.8654	0.9849
42	603	1	1020.9463	1	4	0	1	1	0.8657	0.7478
42	604	1	1022.4963	2	3	0	1	1	0.8659	0.5583
42	605	1	1024.0462	14	1	0	1	1	0.8661	0.6884
42	606	1	1025.5961	2	3	0	1	1	0.8663	0.5464
42	607	1	1027.1461	3	15	0	1	1	0.8666	0.9489
42	608	1	1028.6960	2	3	90	0	1	0.8651	0.7094
42	609	1	1030.2459	14	1	90	0	1	0.8637	0.7927
42	610	1	1031.7958	15	14	0	1	1	0.8639	0.8592
42	611	1	1033.3457	2	3	90	1	1	0.8642	0.8927
42	612	1	1034.8957	1	4	0	1	1	0.8644	0.8788
42	613	1	1036.4456	14	1	0	1	1	0.8646	1.2010
42	614	1	1037.9955	15	14	0	1	1	0.8648	0.8030
42	615	1	1039.5454	14	1	0	1	1	0.8650	0.9652
42	616	1	1041.0953	2	3	0	1	1	0.8653	0.6460
42	617	1	1042.6452	3	15	0	1	1	0.8655	0.5841
42	618	1	1044.1952	4	7	90	1	1	0.8657	0.9062
42	619	1	1045.7451	5	6	90	1	1	0.8659	0.7963
42	620	1	1047.2950	6	8	0	1	1	0.8661	0.8143
42	621	1	1048.8449	8	10	90	0	1	0.8647	1.1217
42	622	1	1050.5115	6	8	0	1	1	0.8650	0.7996
42	623	1	1052.0614	7	11	0	1	1	0.8652	0.8170
42	624	1	1053.6113	5	6	0	1	1	0.8654	0.7237
42	625	1	1055.1612	6	8	0	1	1	0.8656	0.6927
42	626	1	1056.7112	7	11	0	1	1	0.8658	0.6478
42	627	1	1058.2611	5	6	0	1	1	0.8660	0.7122
42	628	1	1059.8110	7	11	0	1	1	0.8662	0.6191
42	629	1	1061.3609	4	7	0	1	1	0.8665	0.7977
42	630	1	1062.9109	7	11	0	1	1	0.8667	0.6402
42	631	1	1064.4607	6	8	0	1	1	0.8669	0.5619
42	632	1	1066.0106	4	7	0	1	1	0.8671	0.6599
42	633	1	1067.5606	6	8	0	1	1	0.8673	0.5022
42	634	1	1069.1105	5	6	0	1	1	0.8675	0.6477
42	635	1	1070.6605	6	8	0	1	1	0.8677	0.6329
42	636	1	1072.2103	4	7	0	1	1	0.8679	0.6845
42	637	1	1073.7603	7	11	0	1	1	0.8681	0.7171
42	638	1	1075.3102	5	6	90	1	1	0.8683	0.8805
42	639	1	1076.8601	6	8	90	1	1	0.8685	0.9614
42	640	1	1078.4100	8	10	0	1	1	0.8688	0.7248
42	641	1	1079.9600	6	8	0	1	1	0.8690	0.8375
42	642	1	1081.5099	7	11	90	1	1	0.8692	0.8727
42	643	1	1083.0597	5	6	0	1	1	0.8694	0.9389
42	644	1	1084.6097	7	11	0	1	1	0.8696	0.7650
42	645	1	1086.1596	4	7	0	1	1	0.8698	0.6710
42	646	1	1087.7096	5	6	0	1	1	0.8700	0.7053
42	647	1	1089.2594	7	11	0	1	1	0.8702	0.5951
42	648	1	1090.8094	4	7	0	1	1	0.8704	0.8212
42	649	1	1092.3593	5	6	0	1	1	0.8706	0.6954
42	650	1	1093.9092	4	7	0	1	1	0.8708	0.7132
42	651	1	1095.4591	5	6	0	1	1	0.8710	0.6182
42	652	1	1097.0090	7	11	0	1	1	0.8712	0.6695
42	653	1	1098.5590	4	7	0	1	1	0.8714	0.6561
42	654	1	1100.1089	6	8	90	1	1	0.8716	0.7537
42	655	1	1101.6588	4	7	0	1	1	0.8718	0.6585
42	656	1	1103.2087	6	8	0	1	1	0.8720	0.6299
42	657	1	1104.7586	7	11	0	1	1	0.8721	0.6320
42	658	1	1106.3086	5	6	0	1	1	0.8723	0.6819
42	659	1	1107.8585	4	7	0	1	1	0.8725	0.7149
42	660	1	1109.4084	3	15	0	1	1	0.8727	0.7009
42	661	1	1110.9583	2	3	0	1	1	0.8729	0.5602
42	662	1	1112.5082	14	1	0	1	1	0.8731	0.8011
42	663	1	1114.0582	1	4	0	1	1	0.8733	0.6752
42	664	1	1115.6081	3	15	0	1	1	0.8735	0.6466
42	665	1	1117.1580	15	14	0	1	1	0.8737	0.5365
42	666	1	1118.7079	1	4	0	1	1	0.8739	0.5855
42	667	1	1120.2578	14	1	90	1	1	0.8741	0.9413
42	668	1	1121.8077	2	3	90	0	1	0.8728	0.5737
42	669	1	1123.3577	14	1	0	1	1	0.8729	0.7046
42	670	1	1124.9076	1	4	0	1	1	0.8731	0.5955
42	671	1	1126.4575	15	14	0	1	1	0.8733	0.6118
42	672	1	1128.0074	1	4	0	1	1	0.8735	0.5819
42	673	1	1129.5574	14	1	0	1	1	0.8737	0.6971
42	674	1	1131.1072	1	4	0	1	1	0.8739	0.6673
42	675	1	1132.6572	3	15	90	0	1	0.8726	0.5733
42	676	1	1134.2071	2	3	90	0	1	0.8713	0.7514
42	677	1	1135.7570	3	15	0	1	1	0.8715	0.6736
42	678	1	1137.3069	2	3	0	1	1	0.8717	0.6914
42	679	1	1138.8569	3	15	0	1	1	0.8719	0.6615
42	680	1	1140.4068	4	7	0	1	1	0.8721	0.7425
42	681	1	1141.9567	5	6	0	1	1	0.8722	0.8580
42	682	1	1143.5066	8	10	0	1	1	0.8724	0.7627
42	683	1	1145.0565	6	8	0	1	1	0.8726	1.1181
42	684	1	1146.6064	7	11	0	1	1	0.8728	0.7359
42	685	1	1148.1564	6	8	0	1	1	0.8730	0.7370
42	686	1	1149.7063	4	7	0	1	1	0.8732	0.6761
42	687	1	1151.2562	6	8	90	1	1	0.8734	0.9670
42	688	1	1152.8061	8	10	0	1	1	0.8735	0.7445
42	689	1	1154.3560	5	6	0	1	1	0.8737	0.6503
42	690	1	1155.9059	4	7	0	1	1	0.8739	0.6686
42	691	1	1157.4559	3	15	0	1	1	0.8741	0.6065
42	692	1	1159.0058	4	7	0	1	1	0.8743	0.5606
42	693	1	1160.5557	6	8	0	1	1	0.8745	0.6754
42	694	1	1162.1056	5	6	90	1	1	0.8746	0.9333
42	695	1	1163.6556	6	8	0	1	1	0.8748	0.7111
42	696	1	1165.2054	7	11	0	1	1	0.8750	0.8249
42	697	1	1166.7554	8	10	0	1	1	0.8752	0.6499
42	698	1	1168.3053	7	11	0	1	1	0.8754	0.6211
42	699	1	1169.8552	8	10	0	1	1	0.8755	0.5118
42	700	1	1171.4051	5	6	0	1	1	0.8757	0.7369
42	701	1	1172.9550	8	10	0	1	1	0.8759	0.5796
42	702	1	1174.5050	9	2	90	0	1	0.8746	1.0295
42	703	1	1176.0882	8	10	0	1	1	0.8748	0.7424
42	704	1	1177.6381	6	8	0	1	1	0.8750	0.5689
42	705	1	1179.1881	8	10	0	1	1	0.8752	0.6184
42	706	1	1180.7380	7	11	0	1	1	0.8754	0.6993
42	707	1	1182.2878	8	10	90	0	1	0.8741	0.6854
42	708	1	1183.8378	6	8	0	1	1	0.8743	0.5765
42	709	1	1185.3877	7	11	0	1	1	0.8745	0.8025
42	710	1	1186.9377	8	10	0	1	1	0.8746	0.7728
42	711	1	1188.4876	9	2	0	1	1	0.8748	0.6156
42	712	1	1190.0375	8	10	0	1	1	0.8750	0.8407
42	713	1	1191.5874	5	6	0	1	1	0.8752	0.6035
42	714	1	1193.1373	6	8	0	1	1	0.8754	0.8290
42	715	1	1194.6873	7	11	90	1	1	0.8755	0.9113
42	716	1	1196.2372	4	7	90	1	1	0.8757	1.1201
42	717	1	1197.7870	7	11	0	1	1	0.8759	0.7235
42	718	1	1199.3370	4	7	90	1	1	0.8760	0.9802
42	719	1	1200.8869	6	8	90	1	1	0.8762	0.8557
42	720	1	1202.4368	7	11	0	1	1	0.8764	0.9063
42	721	1	1203.9868	6	8	0	1	1	0.8766	0.8917
42	722	1	1205.5367	4	7	0	1	1	0.8767	0.7486
42	723	1	1207.0866	6	8	0	1	1	0.8769	0.6546
42	724	1	1208.6365	8	10	0	1	1	0.8771	0.6098
42	725	1	1210.1864	9	2	0	1	1	0.8772	0.6761
42	726	1	1211.7364	12	5	90	1	1	0.8774	0.8859
42	727	1	1213.2863	9	2	0	1	1	0.8776	0.6483
42	728	1	1214.8362	10	12	0	1	1	0.8777	0.7624
42	729	1	1216.3861	12	5	0	1	1	0.8779	0.7645
42	730	1	1217.9361	9	2	0	1	1	0.8781	0.6063
42	731	1	1219.4860	12	5	0	1	1	0.8782	0.5926
42	732	1	1221.0359	9	2	0	1	1	0.8784	0.5786
42	733	1	1222.5858	12	5	0	1	1	0.8786	0.5806
42	734	1	1224.1357	9	2	0	1	1	0.8787	0.5028
42	735	1	1225.6856	10	12	90	1	1	0.8789	0.8730
42	736	1	1227.2355	13	13	90	1	1	0.8791	0.8590
42	737	1	1228.7855	14	1	0	1	1	0.8792	0.6851
42	738	1	1230.3354	1	4	90	1	1	0.8794	0.8794
42	739	1	1231.8853	14	1	0	1	1	0.8796	1.2489
42	740	1	1233.4352	2	3	90	1	1	0.8797	1.1240
42	741	1	1234.9851	1	4	90	0	1	0.8785	0.9496
42	742	1	1236.5351	2	3	0	1	1	0.8787	0.9515
42	743	1	1238.0850	15	14	0	1	1	0.8789	0.6816
42	744	1	1239.6349	14	1	0	1	1	0.8790	0.5865
42	745	1	1241.1848	2	3	0	1	1	0.8792	0.8283
42	746	1	1242.7347	1	4	0	1	1	0.8794	0.5923
42	747	1	1244.2847	15	14	0	1	1	0.8795	0.5777
42	748	1	1245.8346	14	1	0	1	1	0.8797	0.6267
42	749	1	1247.3845	1	4	90	0	1	0.8785	0.6607
42	750	1	1248.9344	15	14	0	1	1	0.8787	0.6163
42	751	1	1250.4843	14	1	0	1	1	0.8788	0.6333
42	752	1	1252.0342	13	13	0	1	1	0.8790	0.7643
42	753	1	1253.5842	10	12	0	1	1	0.8792	0.7330
42	754	1	1255.1341	11	9	90	1	1	0.8793	0.8644
42	755	1	1256.6840	9	2	0	1	1	0.8795	0.6428
42	756	1	1258.2339	11	9	0	1	1	0.8796	0.6608
42	757	1	1259.7838	13	13	0	1	1	0.8798	0.6782
42	758	1	1261.3337	10	12	0	1	1	0.8799	0.6968
42	759	1	1262.8837	11	9	0	1	1	0.8801	0.8109
42	760	1	1264.4336	10	12	0	1	1	0.8803	0.6048
42	761	1	1265.9835	11	9	0	1	1	0.8804	0.5268
42	762	1	1267.5334	10	12	0	1	1	0.8806	0.6090
42	763	1	1269.0834	12	5	0	1	1	0.8807	0.7699
42	764	1	1270.6333	9	2	0	1	1	0.8809	0.5479
42	765	1	1272.1832	10	12	90	1	1	0.8810	0.8381
42	766	1	1273.7331	13	13	0	1	1	0.8812	0.6020
42	767	1	1275.2829	12	5	0	1	1	0.8814	0.6183
42	768	1	1276.8329	9	2	0	1	1	0.8815	0.6217
42	769	1	1278.3829	10	12	0	1	1	0.8817	0.6395
42	770	1	1279.9328	11	9	0	1	1	0.8818	0.6404
42	771	1	1281.4827	10	12	0	1	1	0.8820	0.5796
42	772	1	1283.0326	13	13	0	1	1	0.8821	0.6139
42	773	1	1284.5825	14	1	0	1	1	0.8823	0.5999
42	774	1	1286.1324	13	13	0	1	1	0.8824	0.5688
42	775	1	1287.6823	14	1	0	1	1	0.8826	0.6366
42	776	1	1289.2323	13	13	90	1	1	0.8827	0.9258
42	777	1	1290.7822	10	12	90	0	1	0.8816	0.6241
42	778	1	1292.3321	9	2	0	1	1	0.8817	0.6903
42	779	1	1293.8820	11	9	0	1	1	0.8819	0.6592
42	780	1	1295.4319	13	13	0	1	1	0.8821	0.6308
42	781	1	1297.1819	14	1	0	1	1	0.8822	0.6890
42	782	1	1298.7318	15	14	0	1	1	0.8824	0.5629
42	783	1	1300.2817	14	1	0	1	1	0.8825	0.6610
42	784	1	1301.8316	2	3	90	1	1	0.8827	0.8856
42	785	1	1303.3815	3	15	0	1	1	0.8828	0.7277
42	786	1	1304.9315	2	3	0	1	1	0.8830	0.7950
42	787	1	1306.4814	14	1	0	1	1	0.8831	0.6358
42	788	1	1308.0313	1	4	0	1	1	0.8832	0.6238
42	789	1	1309.5812	2	3	0	1	1	0.8834	0.6563
42	790	1	1311.1311	14	1	0	1	1	0.8835	0.5621
42	791	1	1312.6811	15	14	0	1	1	0.8837	0.5334
42	792	1	1314.2310	3	15	90	0	1	0.8826	0.5361
42	793	1	1315.7809	4	7	0	1	1	0.8827	0.7778
42	794	1	1317.3308	5	6	0	1	1	0.8829	0.8924
42	795	1	1318.8807	8	10	0	1	1	0.8830	0.6845
42	796	1	1320.4306	9	2	0	1	1	0.8832	0.5745
42	797	1	1321.9806	12	5	90	1	1	0.8833	0.7699
42	798	1	1323.5305	10	12	90	-1	0	0.8822	-1.0000
42	799	1	1325.6137	11	9	0	1	1	0.8824	0.6248
42	800	1	1327.1636	9	2	0	1	1	0.8825	0.5466
42	801	1	1328.7136	11	9	0	1	1	0.8826	0.6134
42	802	1	1330.2635	12	5	90	1	1	0.8828	0.8388
42	803	1	1331.8134	13	13	0	1	1	0.8829	0.6649
42	804	1	1333.3633	12	5	0	1	1	0.8831	0.5231
42	805	1	1334.9132	13	13	0	1	1	0.8832	0.5879
42	806	1	1336.4631	14	1	0	1	1	0.8834	0.7359
42	807	1	1338.0131	2	3	0	1	1	0.8835	0.7841
42	808	1	1339.5630	1	4	0	1	1	0.8837	0.6435
42	809	1	1341.1128	2	3	0	1	1	0.8838	0.6134
42	810	1	1342.6628	14	1	0	1	1	0.8840	0.5517
42	811	1	1344.2127	15	14	0	1	1	0.8841	0.5855
42	812	1	1345.7627	2	3	0	1	1	0.8842	0.4745
42	813	1	1347.3126	1	4	0	1	1	0.8844	0.5580
42	814	1	1348.8625	14	1	0	1	1	0.8845	0.5427
42	815	1	1350.4124	1	4	0	1	1	0.8847	0.3863
42	816	1	1351.9623	14	1	0	1	1	0.8848	0.5001
42	817	1	1353.5122	1	4	0	1	1	0.8849	0.5171
42	818	1	1355.0622	15	14	0	1	1	0.8851	0.4710
42	819	1	1356.6121	2	3	0	1	1	0.8852	0.5222
42	820	1	1358.1620	1	4	90	1	1	0.8854	0.7471
42	821	1	1359.7119	3	15	0	1	1	0.8855	0.8147
42	822	1	1361.2618	2	3	90	1	1	0.8856	0.9274
42	823	1	1362.8118	15	14	0	1	1	0.8858	0.8494
42	824	1	1364.3617	1	4	0	1	1	0.8859	0.5795
42	825	1	1365.9116	15	14	0	1	1	0.8861	0.5986
42	826	1	1367.4615	1	4	0	1	1	0.8862	0.5996
42	827	1	1369.0114	14	1	90	1	1	0.8863	0.9537
42	828	1	1370.5614	15	14	0	1	1	0.8865	0.5256
42	829	1	1372.1113	14	1	0	1	1	0.8866	0.5589
42	830	1	1373.6612	15	14	0	1	1	0.8867	0.5933
42	831	1	1375.2110	3	15	90	1	1	0.8869	0.7240
42	832	1	1376.7610	4	7	90	1	1	0.8870	0.9321
42	833	1	1378.3110	3	15	0	1	1	0.8872	0.7102
42	834	1	1379.8608	15	14	90	1	1	0.8873	0.9203
42	835	1	1381.4107	3	15	0	1	1	0.8874	0.5717
42	836	1	1382.9607	1	4	0	1	1	0.8876	0.7019
42	837	1	1384.5106	2	3	90	1	1	0.8877	0.9756
42	838	1	1386.0605	3	15	90	1	1	0.8878	0.8178
42	839	1	1387.6104	15	14	0	1	1	0.8880	0.7878
42	840	1	1389.1604	3	15	90	1	1	0.8881	0.8368
42	841	1	1390.7103	4	7	0	0	1	0.8870	1.2562
42	842	1	1392.4935	5	6	0	1	1	0.8872	0.8330
42	843	1	1394.0434	7	11	0	1	1	0.8873	0.8190
42	844	1	1395.5933	8	10	0	1	1	0.8874	0.7572
42	845	1	1397.1433	5	6	90	1	1	0.8876	0.8379
42	846	1	1398.6932	6	8	0	1	1	0.8877	0.9692
42	847	1	1400.2431	4	7	0	1	1	0.8878	0.8272
42	848	1	1401.7930	3	15	90	1	1	0.8880	0.8616
42	849	1	1403.3430	15	14	0	1	1	0.8881	0.5902
42	850	1	1404.8929	3	15	0	1	1	0.8882	0.6573
42	851	1	1406.4428	2	3	0	1	1	0.8884	0.8514
42	852	1	1407.9927	3	15	90	1	1	0.8885	0.9339
42	853	1	1409.5426	2	3	0	1	1	0.8886	0.5839
42	854	1	1411.0926	3	15	0	1	1	0.8888	0.5543
42	855	1	1412.6425	4	7	90	1	1	0.8889	1.2439
42	856	1	1414.1924	6	8	90	1	1	0.8890	0.9741
42	857	1	1415.7423	4	7	0	1	1	0.8891	0.8481
42	858	1	1417.2922	7	11	90	0	1	0.8881	0.9623
42	859	1	1418.8421	5	6	0	1	1	0.8882	0.8207
42	860	1	1420.3921	4	7	0	1	1	0.8884	0.7581
42	861	1	1421.9420	5	6	0	1	1	0.8885	0.7921
42	862	1	1423.4918	4	7	0	1	1	0.8886	0.6344
42	863	1	1425.0418	3	15	90	1	1	0.8888	0.8434
42	864	1	1426.5917	2	3	90	1	1	0.8889	0.8775
42	865	1	1428.1416	3	15	0	1	1	0.8890	0.7996
42	866	1	1429.6916	4	7	0	1	1	0.8891	0.6752
42	867	1	1431.2414	6	8	90	1	1	0.8893	1.0773
42	868	1	1432.7914	5	6	90	1	1	0.8894	1.1278
42	869	1	1434.3413	6	8	0	1	1	0.8895	0.7771
42	870	1	1435.8912	5	6	0	0	1	0.8885	0.5699
42	871	1	1437.4412	6	8	0	1	1	0.8886	1.2759
42	872	1	1438.9911	7	11	0	1	1	0.8888	0.9261
42	873	1	1440.5410	8	10	90	1	1	0.8889	1.2815
42	874	1	1442.0909	6	8	90	1	1	0.8890	1.0436
42	875	1	1443.6408	7	11	0	1	1	0.8891	0.7883
42	876	1	1445.1907	4	7	0	1	1	0.8893	0.8239
42	877	1	1446.7406	6	8	0	1	1	0.8894	0.6657
42	878	1	1448.2906	8	10	0	1	1	0.8895	0.7785
42	879	1	1449.8405	6	8	0	1	1	0.8896	0.8139
42	880	1	1451.3904	5	6	0	1	1	0.8898	0.6227
42	881	1	1452.9404	6	8	0	1	1	0.8899	0.6889
42	882	1	1454.4902	5	6	0	1	1	0.8900	0.5481
42	883	1	1456.0402	7	11	0	1	1	0.8901	0.7101
42	884	1	1457.5900	4	7	0	1	1	0.8903	0.9043
42	885	1	1459.1400	3	15	0	1	1	0.8904	0.6666
42	886	1	1460.6899	15	14	0	1	1	0.8905	0.6364
42	887	1	1462.2398	1	4	0	1	1	0.8906	0.6053
42	888	1	1463.7898	3	15	0	1	1	0.8908	0.6406
42	889	1	1465.3397	15	14	0	1	1	0.8909	0.5614
42	890	1	1466.8896	1	4	90	1	1	0.8910	0.8675
42	891	1	1468.4395	3	15	0	1	1	0.8911	0.5830
42	892	1	1469.9894	2	3	0	1	1	0.8913	0.5681
42	893	1	1471.5394	14	1	90	1	1	0.8914	0.8270
42	894	1	1473.0893	1	4	0	1	1	0.8915	0.5893
42	895	1	1474.6392	2	3	0	1	1	0.8916	0.6551
42	896	1	1476.1890	15	14	0	1	1	0.8917	0.6247
42	897	1	1477.7390	1	4	90	1	1	0.8919	0.7221
42	898	1	1479.2890	3	15	0	1	1	0.8920	0.7413
42	899	1	1480.8389	15	14	90	1	1	0.8921	1.2075
42	900	1	1482.3888	3	15	90	1	1	0.8922	1.2410
42	901	1	1483.9387	1	4	0	1	1	0.8923	0.6996
42	902	1	1485.4887	2	3	0	1	1	0.8925	0.8455
42	903	1	1487.0386	3	15	90	1	1	0.8926	1.0076
42	904	1	1488.5885	4	7	0	1	1	0.8927	0.7535
42	905	1	1490.1384	3	15	0	1	1	0.8928	0.6440
42	906	1	1491.6883	4	7	90	0	1	0.8918	0.8061
42	907	1	1493.2382	7	11	0	1	1	0.8920	0.7749
42	908	1	1494.7882	5	6	0	1	1	0.8921	0.7303
42	909	1	1496.3381	7	11	0	1	1	0.8922	0.6523
42	910	1	1497.8880	6	8	0	1	1	0.8923	0.9891
42	911	1	1499.4378	4	7	0	1	1	0.8924	0.7526
42	912	1	1500.9878	3	15	0	1	1	0.8925	0.6580
42	913	1	1502.5377	15	14	0	1	1	0.8927	0.5795
42	914	1	1504.0876	2	3	0	1	1	0.8928	0.6455
42	915	1	1505.6375	1	4	90	1	1	0.8929	0.7129
42	916	1	1507.1875	3	15	90	1	1	0.8930	0.9388
42	917	1	1508.7374	4	7	0	1	1	0.8931	0.6528
42	918	1	1510.2873	3	15	90	0	1	0.8922	0.6539
42	919	1	1511.8373	1	4	0	1	1	0.8923	0.7049
42	920	1	1513.3872	15	14	0	1	1	0.8924	0.6112
42	921	1	1514.9371	3	15	0	1	1	0.8925	0.6131
42	922	1	1516.4870	4	7	0	1	1	0.8926	0.7741
42	923	1	1518.0369	3	15	0	1	1	0.8927	0.5858
42	924	1	1519.5868	15	14	90	0	1	0.8918	0.6994
42	925	1	1521.1368	1	4	0	1	1	0.8919	0.8936
42	926	1	1522.6866	2	3	90	0	1	0.8909	0.7026
42	927	1	1524.2366	15	14	0	1	1	0.8910	0.9297
42	928	1	1525.7865	3	15	90	1	1	0.8912	1.2666
42	929	1	1527.3364	2	3	0	1	1	0.8913	0.7257
42	930	1	1528.8864	1	4	0	1	1	0.8914	0.6148
42	931	1	1530.4363	15	14	0	1	1	0.8915	0.6021
42	932	1	1531.9862	2	3	0	1	1	0.8916	0.7170
42	933	1	1533.5361	15	14	0	1	1	0.8917	0.5417
42	934	1	1535.0860	3	15	90	0	1	0.8908	1.0082
42	935	1	1536.6526	1	4	0	1	1	0.8909	0.6746
42	936	1	1538.2025	3	15	0	1	1	0.8910	0.6595
42	937	1	1539.7524	1	4	0	1	1	0.8911	0.6777
42	938	1	1541.3023	2	3	0	1	1	0.8913	0.7120
42	939	1	1542.8523	15	14	90	1	1	0.8914	0.7608
42	940	1	1544.4022	3	15	0	1	1	0.8915	0.6200
42	941	1	1545.9521	1	4	90	1	1	0.8916	0.9260
42	942	1	1547.5020	14	1	90	1	1	0.8917	0.8966
42	943	1	1549.0519	1	4	0	1	1	0.8918	0.7389
42	944	1	1550.6019	3	15	0	1	1	0.8919	0.7256
42	945	1	1552.1518	2	3	0	1	1	0.8921	0.6301
42	946	1	1553.7017	3	15	0	1	1	0.8922	0.6313
42	947	1	1555.2516	1	4	90	1	1	0.8923	0.7153
42	948	1	1556.8016	3	15	0	1	1	0.8924	0.7167
42	949	1	1558.3514	2	3	0	0	1	0.8915	0.9749
42	950	1	1559.9014	15	14	0	1	1	0.8916	0.7210
42	951	1	1561.4513	2	3	0	1	1	0.8917	0.6587
42	952	1	1563.0012	1	4	0	1	1	0.8918	0.6768
42	953	1	1564.5511	14	1	90	1	1	0.8919	1.4299
42	954	1	1566.1677	2	3	0	1	1	0.8920	0.9654
42	955	1	1567.7177	1	4	90	1	1	0.8921	0.9365
42	956	1	1569.2676	14	1	90	0	1	0.8912	0.6495
42	957	1	1570.8175	1	4	0	1	1	0.8913	0.6211
42	958	1	1572.3674	15	14	0	1	1	0.8914	0.7669
42	959	1	1573.9173	14	1	0	1	1	0.8916	0.8317
42	960	1	1575.4672	15	14	0	1	1	0.8917	0.6901
42	961	1	1577.0171	2	3	0	1	1	0.8918	0.7411
42	962	1	1578.5671	3	15	0	1	1	0.8919	0.6943
42	963	1	1580.1170	1	4	0	1	1	0.8920	0.6801
42	964	1	1581.6669	3	15	0	1	1	0.8921	0.6678
42	965	1	1583.2168	15	14	0	1	1	0.8922	0.5895
42	966	1	1584.7668	3	15	0	1	1	0.8923	0.5753
42	967	1	1586.3166	1	4	0	1	1	0.8925	0.6895
42	968	1	1587.8665	2	3	0	1	1	0.8926	0.6116
42	969	1	1589.4165	14	1	0	1	1	0.8927	0.6937
42	970	1	1590.9664	13	13	0	1	1	0.8928	0.8389
42	971	1	1592.5163	10	12	0	1	1	0.8929	0.7447
42	972	1	1594.0663	11	9	0	1	1	0.8930	0.7310
42	973	1	1595.6162	12	5	90	1	1	0.8931	0.9260
42	974	1	1597.1661	9	2	0	1	1	0.8932	0.6551
42	975	1	1598.7160	12	5	0	1	1	0.8933	0.7865
42	976	1	1600.2659	9	2	0	1	1	0.8934	0.5804
42	977	1	1601.8159	11	9	0	1	1	0.8936	0.7259
42	978	1	1603.3658	10	12	0	1	1	0.8937	0.6963
42	979	1	1604.9157	11	9	0	1	1	0.8938	0.6826
42	980	1	1606.4656	9	2	90	1	1	0.8939	0.9250
42	981	1	1608.0155	11	9	0	1	1	0.8940	0.6866
42	982	1	1609.5654	9	2	0	1	1	0.8941	0.8316
42	983	1	1611.1154	8	10	90	1	1	0.8942	0.9630
42	984	1	1612.6653	9	2	0	1	1	0.8943	0.7077
42	985	1	1614.2152	10	12	0	1	1	0.8944	0.6308
42	986	1	1615.7651	12	5	0	1	1	0.8945	0.7292
42	987	1	1617.3150	9	2	90	1	1	0.8946	0.8100
42	988	1	1618.8650	8	10	0	1	1	0.8947	0.7961
42	989	1	1620.4149	5	6	0	1	1	0.8948	0.7833
42	990	1	1621.9648	4	7	0	1	1	0.8949	0.9135
42	991	1	1623.5147	6	8	0	1	1	0.8951	0.9463
42	992	1	1625.0646	4	7	0	1	1	0.8952	1.1258
42	993	1	1626.6146	5	6	0	1	1	0.8953	0.7756
42	994	1	1628.1645	7	11	0	1	1	0.8954	0.8098
42	995	1	1629.7144	5	6	0	1	1	0.8955	0.8426
42	996	1	1631.2643	8	10	0	1	1	0.8956	0.9579
42	997	1	1632.8141	5	6	0	1	1	0.8957	0.7684
42	998	1	1634.3641	6	8	0	1	1	0.8958	0.7381
42	999	1	1635.9141	5	6	0	1	1	0.8959	0.7398
42	1000	1	1637.4640	7	11	0	1	1	0.8960	0.8383
42	1001	1	1639.0139	6	8	0	1	1	0.8961	0.7764
42	1002	1	1640.5638	5	6	0	1	1	0.8962	0.7138
42	1003	1	1642.1137	4	7	0	1	1	0.8963	0.7006
42	1004	1	1643.6636	5	6	0	1	1	0.8964	0.6709
42	1005	1	1645.2136	7	11	0	1	1	0.8965	0.8010
42	1006	1	1646.7635	5	6	90	1	1	0.8966	1.0267
42	1007	1	1648.3134	4	7	90	1	1	0.8967	1.0929
42	1008	1	1649.8633	3	15	0	1	1	0.8968	0.7577
42	1009	1	1651.4133	4	7	0	1	1	0.8969	0.8729
42	1010	1	1652.9631	6	8	0	1	1	0.8970	0.7150
42	1011	1	1654.5131	8	10	0	1	1	0.8971	0.6999
42	1012	1	1656.0630	7	11	0	1	1	0.8972	0.7036
42	1013	1	1657.6129	5	6	0	1	1	0.8973	0.7041
42	1014	1	1659.1628	8	10	0	1	1	0.8974	0.8034
42	1015	1	1660.7127	6	8	0	1	1	0.8975	0.6934
42	1016	1	1662.2626	7	11	0	1	1	0.8976	0.6464
42	1017	1	1663.8126	5	6	90	1	1	0.8977	0.9045
42	1018	1	1665.3625	7	11	90	0	1	0.8969	1.0025
42	1019	1	1666.9624	4	7	90	1	1	0.8970	1.1786
42	1020	1	1668.5124	3	15	0	1	1	0.8971	0.8792
42	1021	1	1670.0623	2	3	0	1	1	0.8972	0.7999
42	1022	1	1671.6122	14	1	0	1	1	0.8973	0.9460
42	1023	1	1673.1620	1	4	0	1	1	0.8974	0.6910
42	1024	1	1674.7120	15	14	0	1	1	0.8975	0.6776
42	1025	1	1676.2619	1	4	0	1	1	0.8976	0.9044
42	1026	1	1677.8118	2	3	0	1	1	0.8977	0.8252
42	1027	1	1679.3618	1	4	90	1	1	0.8978	0.7633
42	1028	1	1680.9117	3	15	0	1	1	0.8979	0.7188
42	1029	1	1682.4616	2	3	0	1	1	0.8980	0.7044
42	1030	1	1684.0115	14	1	90	0	1	0.8971	0.9787
42	1031	1	1685.5615	2	3	0	1	1	0.8972	0.7088
42	1032	1	1687.1114	15	14	0	1	1	0.8973	0.6945
42	1033	1	1688.6613	1	4	0	1	1	0.8974	0.6489
42	1034	1	1690.2112	15	14	0	1	1	0.8975	0.7298
42	1035	1	1691.7611	3	15	0	1	1	0.8976	0.7170
42	1036	1	1693.3110	15	14	90	0	1	0.8967	0.8152
42	1037	1	1694.8610	1	4	0	1	1	0.8968	0.5930
42	1038	1	1696.4109	14	1	0	1	1	0.8969	0.8035
42	1039	1	1697.9608	13	13	0	1	1	0.8970	0.8854
42	1040	1	1699.5107	11	9	90	1	1	0.8971	1.0799
42	1041	1	1701.0606	9	2	90	1	1	0.8972	1.0336
42	1042	1	1702.6106	10	12	0	1	1	0.8973	0.7641
42	1043	1	1704.1605	13	13	0	1	1	0.8974	0.8140
42	1044	1	1705.7104	12	5	90	1	1	0.8975	0.9755
42	1045	1	1707.2603	9	2	0	1	1	0.8976	0.6900
42	1046	1	1708.8102	8	10	0	1	1	0.8977	0.8994
42	1047	1	1710.3602	9	2	0	1	1	0.8978	0.7426
42	1048	1	1711.9101	10	12	0	1	1	0.8979	0.6796
42	1049	1	1713.4600	9	2	0	1	1	0.8980	0.6330
42	1050	1	1715.0099	8	10	0	1	1	0.8981	0.6511
42	1051	1	1716.5598	9	2	0	1	1	0.8982	0.6381
42	1052	1	1718.1097	12	5	0	1	1	0.8983	1.0729
42	1053	1	1719.6597	13	13	90	1	1	0.8984	0.9145
42	1054	1	1721.2096	14	1	0	1	1	0.8985	0.6602
42	1055	1	1722.7595	1	4	0	1	1	0.8986	0.6785
42	1056	1	1724.3094	3	15	90	1	1	0.8987	0.7610
42	1057	1	1725.8593	2	3	0	1	1	0.8988	0.6816
42	1058	1	1727.4092	14	1	0	1	1	0.8989	0.6038
42	1059	1	1728.9592	1	4	0	1	1	0.8990	0.6872
42	1060	1	1730.5091	15	14	0	1	1	0.8991	0.5292
42	1061	1	1732.0590	1	4	0	1	1	0.8992	0.6109
42	1062	1	1733.6089	3	15	0	1	1	0.8992	0.6133
42	1063	1	1735.1588	2	3	0	1	1	0.8993	0.7752
42	1064	1	1736.7088	15	14	90	0	1	0.8985	0.8402
42	1065	1	1738.2587	1	4	0	1	1	0.8986	0.6023
42	1066	1	1739.8086	15	14	0	1	1	0.8987	0.5571
42	1067	1	1741.3585	2	3	0	1	1	0.8988	0.7835
42	1068	1	1742.9084	15	14	0	1	1	0.8989	0.6885
42	1069	1	1744.4584	14	1	90	1	1	0.8990	0.8841
42	1070	1	1746.0083	1	4	0	1	1	0.8991	0.6780
42	1071	1	1747.5582	2	3	0	1	1	0.8992	0.7919
42	1072	1	1749.1081	14	1	90	1	1	0.8993	1.0501
42	1073	1	1750.6580	1	4	0	1	1	0.8993	0.6349
42	1074	1	1752.2079	14	1	0	1	1	0.8994	0.6050
42	1075	1	1753.7579	13	13	0	1	1	0.8995	0.7351
42	1076	1	1755.3078	11	9	0	1	1	0.8996	1.0419
42	1077	1	1756.8577	13	13	0	1	1	0.8997	0.6432
42	1078	1	1758.4076	10	12	0	1	1	0.8998	0.8067
42	1079	1	1759.9575	11	9	0	1	1	0.8999	0.7447
42	1080	1	1761.5075	10	12	0	1	1	0.9000	0.6988
42	1081	1	1763.0574	11	9	90	1	1	0.9001	1.0677
42	1082	1	1764.6073	12	5	0	1	1	0.9002	0.7995
42	1083	1	1766.1572	9	2	0	1	1	0.9003	0.6717
42	1084	1	1767.7071	10	12	0	1	1	0.9004	0.7075
42	1085	1	1769.2570	9	2	0	1	1	0.9005	0.6610
42	1086	1	1770.8070	11	9	0	1	1	0.9006	0.7753
42	1087	1	1772.3569	10	12	0	1	1	0.9006	0.7132
42	1088	1	1773.9068	12	5	0	1	1	0.9007	0.7476
42	1089	1	1775.4567	13	13	0	1	1	0.9008	0.6535
42	1090	1	1777.0067	10	12	0	1	1	0.9009	0.6073
42	1091	1	1778.5565	9	2	90	1	1	0.9010	0.8497
42	1092	1	1780.1065	8	10	0	1	1	0.9011	0.9475
42	1093	1	1781.6564	7	11	0	1	1	0.9012	0.7725
42	1094	1	1783.2063	5	6	0	1	1	0.9013	0.8077
42	1095	1	1784.7562	7	11	0	1	1	0.9014	0.8247
42	1096	1	1786.3062	4	7	0	0	1	0.9005	0.9074
42	1097	1	1787.8561	5	6	90	1	1	0.9006	0.9255
42	1098	1	1789.4060	8	10	0	1	1	0.9007	0.8001
42	1099	1	1790.9559	7	11	0	1	1	0.9008	0.7539
42	1100	1	1792.5058	6	8	0	1	1	0.9009	0.8044
42	1101	1	1794.0557	5	6	0	1	1	0.9010	0.8052
42	1102	1	1795.6057	7	11	0	1	1	0.9011	0.6953
42	1103	1	1797.1556	4	7	90	1	1	0.9012	0.8752
42	1104	1	1798.7055	6	8	0	1	1	0.9013	1.1154
42	1105	1	1800.2554	5	6	0	1	1	0.9014	0.7655
42	1106	1	1801.8053	7	11	0	1	1	0.9014	0.7055
42	1107	1	1803.3552	6	8	0	1	1	0.9015	0.7391
42	1108	1	1804.9052	5	6	90	1	1	0.9016	0.8858
42	1109	1	1806.4551	8	10	90	1	1	0.9017	1.0139
42	1110	1	1808.0050	9	2	0	1	1	0.9018	0.7119
42	1111	1	1809.5549	11	9	0	1	1	0.9019	0.8278
42	1112	1	1811.1048	10	12	90	1	1	0.9020	0.9899
42	1113	1	1812.6548	9	2	0	1	1	0.9021	0.8156
42	1114	1	1814.2047	8	10	90	1	1	0.9022	0.9443
42	1115	1	1815.7546	6	8	0	1	1	0.9022	0.7076
42	1116	1	1817.3045	8	10	0	1	1	0.9023	0.8855
42	1117	1	1818.8544	5	6	0	1	1	0.9024	0.8223
42	1118	1	1820.4043	8	10	0	1	1	0.9025	0.7931
42	1119	1	1821.9543	9	2	0	1	1	0.9026	0.7155
42	1120	1	1823.5042	12	5	0	1	1	0.9027	0.8292
42	1121	1	1825.0541	11	9	0	1	1	0.9028	0.6394
42	1122	1	1826.6040	10	12	0	1	1	0.9029	0.6895
42	1123	1	1828.1539	13	13	90	1	1	0.9029	0.8033
42	1124	1	1829.7039	14	1	0	1	1	0.9030	0.7731
42	1125	1	1831.2538	2	3	0	1	1	0.9031	0.7276
42	1126	1	1832.8037	3	15	0	1	1	0.9032	0.8892
42	1127	1	1834.3536	2	3	0	1	1	0.9033	0.7156
42	1128	1	1835.9035	15	14	0	1	1	0.9034	0.7666
42	1129	1	1837.4534	3	15	90	1	1	0.9035	1.0714
42	1130	1	1839.0034	1	4	0	1	1	0.9035	0.7547
42	1131	1	1840.5533	2	3	0	1	1	0.9036	0.6767
42	1132	1	1842.1032	15	14	0	1	1	0.9037	0.7257
42	1133	1	1843.6531	14	1	90	1	1	0.9038	1.2403
42	1134	1	1845.2030	1	4	0	1	1	0.9039	0.7314
42	1135	1	1846.7530	2	3	0	1	1	0.9040	0.7319
42	1136	1	1848.3028	3	15	90	1	1	0.9040	0.8787
42	1137	1	1849.8528	15	14	0	1	1	0.9041	0.6407
42	1138	1	1851.4027	14	1	0	1	1	0.9042	0.8822
42	1139	1	1852.9526	2	3	0	1	1	0.9043	0.6941
42	1140	1	1854.5025	3	15	0	1	1	0.9044	0.6631
42	1141	1	1856.0524	2	3	0	1	1	0.9045	0.7285
42	1142	1	1857.6022	15	14	0	1	1	0.9046	0.5231
42	1143	1	1859.1523	1	4	0	1	1	0.9046	0.6543
42	1144	1	1860.7022	15	14	0	1	1	0.9047	0.5748
42	1145	1	1862.2520	2	3	0	1	1	0.9048	0.5776
42	1146	1	1863.8019	15	14	0	1	1	0.9049	0.5155
42	1147	1	1865.3519	14	1	0	1	1	0.9050	0.7416
42	1148	1	1866.9019	15	14	0	1	1	0.9051	0.5510
42	1149	1	1868.4518	14	1	0	1	1	0.9051	0.6657
42	1150	1	1870.0017	15	14	0	1	1	0.9052	0.5872
42	1151	1	1871.5516	2	3	90	1	1	0.9053	0.8300
42	1152	1	1873.1016	1	4	0	1	1	0.9054	0.7362
42	1153	1	1874.6515	3	15	0	1	1	0.9055	0.8342
42	1154	1	1876.2014	2	3	0	1	1	0.9055	0.7560
42	1155	1	1877.7513	3	15	0	1	1	0.9056	0.7263
42	1156	1	1879.3012	15	14	0	1	1	0.9057	0.7118
42	1157	1	1880.8512	2	3	90	1	1	0.9058	0.8750
42	1158	1	1882.4011	1	4	90	1	1	0.9059	0.8617
42	1159	1	1883.9510	14	1	0	1	1	0.9060	0.8299
42	1160	1	1885.5009	15	14	0	1	1	0.9060	0.6884
42	1161	1	1887.0508	14	1	90	1	1	0.9061	0.8832
42	1162	1	1888.6007	2	3	90	0	1	0.9053	0.5971
42	1163	1	1890.1506	3	15	0	1	1	0.9054	0.8868
42	1164	1	1891.7006	4	7	0	0	1	0.9046	0.9851
42	1165	1	1893.2504	7	11	0	1	1	0.9047	0.7794
42	1166	1	1894.8004	6	8	0	1	1	0.9048	0.7813
42	1167	1	1896.3503	8	10	0	1	1	0.9049	0.8802
42	1168	1	1897.9003	5	6	90	1	1	0.9050	0.8327
42	1169	1	1899.4501	7	11	0	1	1	0.9050	0.7400
42	1170	1	1901.0000	8	10	90	1	1	0.9051	1.0938
42	1171	1	1902.5500	5	6	90	1	1	0.9052	1.0473
42	1172	1	1904.0999	6	8	0	1	1	0.9053	0.8092
42	1173	1	1905.6498	4	7	0	1	1	0.9054	0.8111
42	1174	1	1907.1998	6	8	90	1	1	0.9055	0.8293
42	1175	1	1908.7497	8	10	0	1	1	0.9055	0.7529
42	1176	1	1910.2996	7	11	0	1	1	0.9056	0.9453
42	1177	1	1911.8495	6	8	90	1	1	0.9057	0.8514
42	1178	1	1913.3994	4	7	0	1	1	0.9058	0.6294
42	1179	1	1914.9493	3	15	0	0	1	0.9050	0.8556
42	1180	1	1916.4992	15	14	0	1	1	0.9051	0.6657
42	1181	1	1918.0492	3	15	90	1	1	0.9052	1.0690
42	1182	1	1919.5991	2	3	0	1	1	0.9052	0.8954
42	1183	1	1921.1490	3	15	0	1	1	0.9053	0.7368
42	1184	1	1922.6989	4	7	0	1	1	0.9054	0.6911
42	1185	1	1924.2488	6	8	0	1	1	0.9055	0.8689
42	1186	1	1925.7988	5	6	0	1	1	0.9056	0.7595
42	1187	1	1927.3487	7	11	0	1	1	0.9056	0.6642
42	1188	1	1928.8986	8	10	0	1	1	0.9057	0.8275
42	1189	1	1930.4485	6	8	0	1	1	0.9058	0.7484
42	1190	1	1931.9984	4	7	90	1	1	0.9059	0.9756
42	1191	1	1933.5483	7	11	0	1	1	0.9060	0.7219
42	1192	1	1935.0983	5	6	90	1	1	0.9060	0.8186
42	1193	1	1936.6482	7	11	0	1	1	0.9061	0.7087
42	1194	1	1938.1981	6	8	0	1	1	0.9062	0.7108
42	1195	1	1939.7480	5	6	90	1	1	0.9063	0.8093
42	1196	1	1941.2979	4	7	0	1	1	0.9064	0.7309
42	1197	1	1942.8479	6	8	0	1	1	0.9064	0.6690
42	1198	1	1944.3978	8	10	0	1	1	0.9065	0.7046
42	1199	1	1945.9477	5	6	0	1	1	0.9066	0.8172
42	1200	1	1947.4976	6	8	0	1	1	0.9067	0.6447
42	1201	1	1949.0475	5	6	0	1	1	0.9067	0.7748
42	1202	1	1950.5974	6	8	90	1	1	0.9068	0.8090
42	1203	1	1952.1473	4	7	0	1	1	0.9069	0.7776
42	1204	1	1953.6973	3	15	0	1	1	0.9070	0.6998
42	1205	1	1955.2472	2	3	0	1	1	0.9071	0.7186
42	1206	1	1956.7971	3	15	90	0	1	0.9063	0.7370
42	1207	1	1958.3470	2	3	0	1	1	0.9064	0.7379
42	1208	1	1959.8969	14	1	0	1	1	0.9065	0.7411
42	1209	1	1961.4469	13	13	0	1	1	0.9065	0.8072
42	1210	1	1962.9968	14	1	90	0	1	0.9058	1.0012
42	1211	1	1964.5467	1	4	0	1	1	0.9059	0.7638
42	1212	1	1966.0966	2	3	0	1	1	0.9059	0.7162
42	1213	1	1967.6465	15	14	0	1	1	0.9060	0.6397
42	1214	1	1969.1964	2	3	0	1	1	0.9061	0.6577
42	1215	1	1970.7464	14	1	0	1	1	0.9062	0.7705
42	1216	1	1972.2963	1	4	90	1	1	0.9063	0.8217
42	1217	1	1973.8462	2	3	0	1	1	0.9063	0.8562
42	1218	1	1975.3961	14	1	0	1	1	0.9064	0.7288
42	1219	1	1976.9460	1	4	0	1	1	0.9065	0.6359
42	1220	1	1978.4960	2	3	0	1	1	0.9066	0.7329
42	1221	1	1980.0458	3	15	0	1	1	0.9066	0.7367
42	1222	1	1981.5958	15	14	0	1	1	0.9067	0.6571
42	1223	1	1983.1457	2	3	0	1	1	0.9068	0.6447
42	1224	1	1984.6956	15	14	0	1	1	0.9069	0.7587
42	1225	1	1986.2456	2	3	0	1	1	0.9069	0.8089
42	1226	1	1987.7955	15	14	90	1	1	0.9070	1.0814
42	1227	1	1989.3454	14	1	0	1	1	0.9071	0.7486
42	1228	1	1990.8953	13	13	0	1	1	0.9072	0.7990
42	1229	1	1992.4452	14	1	0	1	1	0.9072	0.7516
42	1230	1	1993.9951	13	13	0	1	1	0.9073	0.7551
42	1231	1	1995.5450	12	5	0	1	1	0.9074	0.8518
42	1232	1	1997.0950	10	12	0	1	1	0.9075	0.7910
42	1233	1	1998.6449	12	5	0	1	1	0.9075	0.6978
42	1234	1	2000.1948	10	12	0	1	1	0.9076	0.7300
42	1235	1	2001.7447	12	5	0	1	1	0.9077	0.7173
42	1236	1	2003.2946	10	12	0	1	1	0.9078	0.6395
42	1237	1	2004.8446	9	2	0	1	1	0.9078	0.7219
42	1238	1	2006.3945	12	5	0	1	1	0.9079	0.6921
42	1239	1	2007.9444	10	12	90	1	1	0.9080	0.9497
42	1240	1	2009.4943	11	9	0	1	1	0.9081	0.8241
42	1241	1	2011.0442	9	2	0	1	1	0.9081	0.6967
42	1242	1	2012.5942	11	9	0	1	1	0.9082	0.6525
42	1243	1	2014.1441	13	13	0	1	1	0.9083	0.6529
42	1244	1	2015.6940	11	9	0	1	1	0.9084	0.6709
42	1245	1	2017.2439	10	12	90	1	1	0.9084	0.8820
42	1246	1	2018.7938	11	9	90	1	1	0.9085	1.0270
42	1247	1	2020.3437	12	5	0	1	1	0.9086	0.8215
42	1248	1	2021.8936	13	13	0	1	1	0.9087	0.6952
42	1249	1	2023.4436	11	9	90	1	1	0.9087	0.9545
42	1250	1	2024.9935	13	13	90	1	1	0.9088	1.0686
42	1251	1	2026.5434	11	9	90	1	1	0.9089	1.1174
42	1252	1	2028.0933	12	5	0	1	1	0.9089	0.9115
42	1253	1	2029.6433	10	12	0	1	1	0.9090	0.7856
42	1254	1	2031.1932	11	9	0	1	1	0.9091	0.7076
42	1255	1	2032.7431	9	2	0	1	1	0.9092	0.6790
42	1256	1	2034.2930	10	12	0	1	1	0.9092	0.7598
42	1257	1	2035.8429	11	9	0	1	1	0.9093	0.8913
42	1258	1	2037.3928	12	5	90	1	1	0.9094	0.8928
42	1259	1	2038.9427	10	12	90	1	1	0.9095	1.1359
42	1260	1	2040.4927	11	9	0	1	1	0.9095	0.7691
42	1261	1	2042.0426	9	2	0	1	1	0.9096	0.7234
42	1262	1	2043.5925	10	12	0	1	1	0.9097	0.6779
42	1263	1	2045.1424	11	9	0	1	1	0.9097	0.8075
42	1264	1	2046.6923	13	13	0	1	1	0.9098	0.6343
42	1265	1	2048.2422	11	9	0	1	1	0.9099	0.6826
42	1266	1	2049.7922	12	5	0	1	1	0.9100	0.7340
42	1267	1	2051.3421	13	13	90	1	1	0.9100	0.8638
42	1268	1	2052.8920	11	9	90	1	1	0.9101	0.9780
42	1269	1	2054.4420	10	12	0	1	1	0.9102	0.8845
42	1270	1	2055.9919	11	9	0	1	1	0.9102	0.8541
42	1271	1	2057.5418	9	2	0	1	1	0.9103	0.7590
42	1272	1	2059.0917	12	5	90	1	1	0.9104	0.8102
42	1273	1	2060.6416	11	9	90	1	1	0.9104	0.9083
42	1274	1	2062.1915	10	12	90	0	1	0.9097	0.7018
42	1275	1	2063.7414	13	13	90	1	1	0.9098	0.9768
42	1276	1	2065.2913	11	9	90	1	1	0.9099	0.8655
42	1277	1	2066.8413	13	13	90	1	1	0.9099	0.9327
42	1278	1	2068.3912	14	1	0	1	1	0.9100	0.8390
42	1279	1	2069.9411	1	4	0	1	1	0.9101	0.7117
42	1280	1	2071.4910	3	15	0	1	1	0.9102	0.7618
42	1281	1	2073.0410	2	3	0	1	1	0.9102	0.8598
42	1282	1	2074.5909	1	4	0	1	1	0.9103	0.7197
42	1283	1	2076.1408	2	3	0	1	1	0.9104	0.6892
42	1284	1	2077.6907	3	15	0	1	1	0.9104	0.7242
42	1285	1	2079.2406	2	3	0	1	1	0.9105	0.8693
42	1286	1	2080.7906	1	4	0	1	1	0.9106	0.6951
42	1287	1	2082.3405	15	14	90	1	1	0.9106	0.9540
42	1288	1	2083.8904	3	15	0	1	1	0.9107	0.7144
42	1289	1	2085.4403	1	4	0	1	1	0.9108	0.8139
42	1290	1	2086.9902	15	14	0	1	1	0.9109	0.6079
42	1291	1	2088.5401	1	4	90	1	1	0.9109	0.7859
42	1292	1	2090.0900	3	15	0	1	1	0.9110	0.8828
42	1293	1	2091.6400	4	7	0	1	1	0.9111	0.9008
42	1294	1	2093.1899	7	11	90	1	1	0.9111	1.2241
42	1295	1	2094.7398	8	10	90	1	1	0.9112	1.0651
42	1296	1	2096.2897	9	2	90	1	1	0.9113	0.9560
42	1297	1	2097.8396	11	9	0	1	1	0.9113	0.8945
42	1298	1	2099.3896	10	12	0	1	1	0.9114	0.7032
42	1299	1	2100.9395	11	9	0	1	1	0.9115	0.7694
42	1300	1	2102.4894	9	2	0	1	1	0.9115	0.9163
42	1301	1	2104.0393	11	9	0	1	1	0.9116	0.7431
42	1302	1	2105.5892	9	2	90	1	1	0.9117	1.1289
42	1303	1	2107.1392	12	5	0	1	1	0.9117	0.8270
42	1304	1	2108.6891	9	2	0	1	1	0.9118	0.7809
42	1305	1	2110.2390	12	5	0	1	1	0.9119	0.7832
42	1306	1	2111.7889	10	12	0	1	1	0.9119	0.7212
42	1307	1	2113.3388	11	9	0	1	1	0.9120	0.5939
42	1308	1	2114.8887	9	2	0	1	1	0.9121	0.6773
42	1309	1	2116.4387	10	12	90	1	1	0.9121	0.8878
42	1310	1	2117.9886	13	13	0	1	1	0.9122	0.8254
42	1311	1	2119.5385	10	12	90	1	1	0.9123	1.0035
42	1312	1	2121.0884	11	9	0	1	1	0.9123	0.7497
42	1313	1	2122.6383	13	13	0	1	1	0.9124	0.8159
42	1314	1	2124.1882	12	5	0	1	1	0.9125	0.7379
42	1315	1	2125.7382	11	9	90	1	1	0.9125	0.9161
42	1316	1	2127.2881	9	2	90	1	1	0.9126	1.0138
42	1317	1	2128.8380	11	9	90	1	1	0.9127	0.9507
42	1318	1	2130.3879	9	2	0	1	1	0.9127	0.7302
42	1319	1	2131.9379	11	9	90	1	1	0.9128	0.8120
42	1320	1	2133.4878	10	12	0	1	1	0.9129	0.8461
42	1321	1	2135.0377	13	13	0	1	1	0.9129	0.7191
42	1322	1	2136.5876	11	9	90	1	1	0.9130	0.9782
42	1323	1	2138.1375	13	13	0	1	1	0.9131	0.7086
42	1324	1	2139.6875	12	5	0	1	1	0.9131	0.7573
42	1325	1	2141.2373	10	12	90	1	1	0.9132	0.8888
42	1326	1	2142.7873	12	5	0	1	1	0.9133	0.7474
42	1327	1	2144.3372	13	13	0	1	1	0.9133	0.6845
42	1328	1	2145.8871	14	1	0	1	1	0.9134	0.8472
42	1329	1	2147.4370	15	14	0	1	1	0.9135	0.7691
42	1330	1	2148.9870	14	1	0	1	1	0.9135	0.8032
42	1331	1	2150.5369	13	13	90	1	1	0.9136	0.8848
42	1332	1	2152.0868	12	5	90	1	1	0.9137	1.3020
42	1333	1	2153.6367	9	2	0	1	1	0.9137	0.8241
42	1334	1	2155.1866	11	9	0	1	1	0.9138	0.8270
42	1335	1	2156.7366	12	5	0	1	1	0.9139	0.7655
42	1336	1	2158.2865	9	2	0	1	1	0.9139	0.6235
42	1337	1	2159.8364	12	5	0	1	1	0.9140	0.5937
42	1338	1	2161.3863	11	9	0	1	1	0.9141	0.6918
42	1339	1	2162.9362	10	12	0	1	1	0.9141	0.7262
42	1340	1	2164.4861	13	13	0	1	1	0.9142	0.6946
42	1341	1	2166.0361	10	12	0	1	1	0.9142	0.6337
42	1342	1	2167.5860	9	2	90	1	1	0.9143	0.8440
42	1343	1	2169.1359	8	10	0	1	1	0.9144	0.9262
42	1344	1	2170.6858	9	2	0	1	1	0.9144	0.7194
42	1345	1	2172.2357	8	10	90	1	1	0.9145	1.2010
42	1346	1	2173.7856	5	6	90	1	1	0.9146	0.8844
42	1347	1	2175.3356	8	10	0	1	1	0.9146	0.8223
42	1348	1	2176.8855	7	11	90	1	1	0.9147	1.0632
42	1349	1	2178.4354	8	10	0	1	1	0.9148	1.1952
42	1350	1	2180.1686	7	11	0	1	1	0.9148	0.9001
42	1351	1	2181.7185	6	8	90	1	1	0.9149	0.9201
42	1352	1	2183.2685	7	11	0	1	1	0.9149	0.9374
42	1353	1	2184.8184	5	6	0	1	1	0.9150	0.9394
42	1354	1	2186.3683	8	10	0	1	1	0.9151	0.8604
42	1355	1	2187.9182	6	8	0	1	1	0.9151	0.8316
42	1356	1	2189.4681	8	10	0	1	1	0.9152	0.8166
42	1357	1	2191.0181	6	8	0	1	1	0.9153	0.7079
42	1358	1	2192.5680	8	10	90	1	1	0.9153	0.9179
42	1359	1	2194.1179	7	11	0	1	1	0.9154	0.7120
42	1360	1	2195.6678	5	6	0	1	1	0.9154	0.7621
42	1361	1	2197.2178	7	11	0	1	1	0.9155	0.7003
42	1362	1	2198.7677	8	10	0	1	1	0.9156	0.6863
42	1363	1	2200.3176	7	11	0	1	1	0.9156	0.7671
42	1364	1	2201.8675	5	6	0	1	1	0.9157	0.7067
42	1365	1	2203.4174	8	10	0	1	1	0.9158	0.7244
42	1366	1	2204.9673	9	2	0	1	1	0.9158	0.6455
42	1367	1	2206.5173	10	12	0	1	1	0.9159	0.8074
42	1368	1	2208.0672	12	5	0	1	1	0.9159	0.7628
42	1369	1	2209.6171	9	2	0	1	1	0.9160	0.6535
42	1370	1	2211.1670	10	12	0	1	1	0.9161	0.7350
42	1371	1	2212.7169	9	2	0	1	1	0.9161	0.6888
42	1372	1	2214.2669	10	12	0	1	1	0.9162	0.6751
42	1373	1	2215.8168	11	9	0	1	1	0.9162	0.8199
42	1374	1	2217.3667	13	13	90	1	1	0.9163	0.8700
42	1375	1	2218.9166	12	5	0	1	1	0.9164	0.7612
42	1376	1	2220.4665	13	13	0	1	1	0.9164	0.6834
42	1377	1	2222.0165	10	12	0	1	1	0.9165	0.7336
42	1378	1	2223.5664	13	13	0	1	1	0.9165	0.7195
42	1379	1	2225.1163	12	5	0	1	1	0.9166	0.6573
42	1380	1	2226.6662	11	9	0	1	1	0.9167	0.6905
42	1381	1	2228.2161	9	2	0	1	1	0.9167	0.8059
42	1382	1	2229.7660	11	9	0	1	1	0.9168	0.7597
42	1383	1	2231.3160	10	12	0	1	1	0.9168	0.8249
42	1384	1	2232.8659	11	9	0	1	1	0.9169	0.6684
42	1385	1	2234.4158	10	12	0	1	1	0.9170	0.6849
42	1386	1	2235.9657	11	9	0	1	1	0.9170	0.5430
42	1387	1	2237.5156	9	2	0	1	1	0.9171	0.6263
42	1388	1	2239.0655	12	5	90	1	1	0.9171	0.7721
42	1389	1	2240.6155	11	9	90	1	1	0.9172	0.8233
42	1390	1	2242.1654	12	5	0	1	1	0.9173	0.6646
42	1391	1	2243.7153	10	12	0	1	1	0.9173	0.7614
42	1392	1	2245.2652	13	13	0	1	1	0.9174	0.6835
42	1393	1	2246.8151	10	12	90	1	1	0.9174	0.9591
42	1394	1	2248.3651	11	9	0	1	1	0.9175	0.8006
42	1395	1	2249.9150	12	5	90	1	1	0.9176	0.8505
42	1396	1	2251.4649	9	2	90	1	1	0.9176	0.9165
42	1397	1	2253.0148	12	5	0	1	1	0.9177	0.8079
42	1398	1	2254.5647	9	2	0	1	1	0.9177	0.6971
42	1399	1	2256.1146	8	10	0	1	1	0.9178	0.9233
42	1400	1	2257.6646	5	6	90	1	1	0.9179	0.8613
42	1	2	1.0166	14	1	0	-1	0	NaN	-1.0000
42	2	2	2.5499	15	14	0	-1	0	NaN	-1.0000
42	3	2	4.0831	14	1	0	-1	0	NaN	-1.0000
42	4	2	5.6163	1	4	0	-1	0	NaN	-1.0000
42	5	2	7.1496	3	15	0	-1	0	NaN	-1.0000
42	6	2	8.6829	2	3	0	-1	0	NaN	-1.0000
42	7	2	10.2161	3	15	0	-1	0	NaN	-1.0000
42	8	2	11.7494	1	4	0	-1	0	NaN	-1.0000
42	9	2	13.2827	2	3	0	-1	0	NaN	-1.0000
42	10	2	14.8159	14	1	0	-1	0	NaN	-1.0000
42	11	2	16.3491	15	14	0	-1	0	NaN	-1.0000
42	12	2	17.8824	2	3	0	-1	0	NaN	-1.0000
42	13	2	19.4157	3	15	0	-1	0	NaN	-1.0000
42	14	2	20.9489	4	7	0	-1	0	NaN	-1.0000
42	15	2	22.4822	3	15	0	-1	0	NaN	-1.0000
42	16	2	24.0154	2	3	0	-1	0	NaN	-1.0000
42	17	2	25.5487	1	4	0	-1	0	NaN	-1.0000
42	18	2	27.0819	15	14	0	-1	0	NaN	-1.0000
42	19	2	28.6152	14	1	0	-1	0	NaN	-1.0000
42	20	2	30.1484	13	13	0	-1	0	NaN	-1.0000
42	21	2	31.6817	12	5	0	-1	0	NaN	-1.0000
42	22	2	33.2149	11	9	0	-1	0	NaN	-1.0000
42	23	2	34.7482	10	12	0	-1	0	NaN	-1.0000
42	24	2	36.2814	9	2	0	-1	0	NaN	-1.0000
42	25	2	37.8147	8	10	0	-1	0	NaN	-1.0000
42	26	2	39.3479	7	11	0	-1	0	NaN	-1.0000
42	27	2	40.8812	6	8	0	-1	0	NaN	-1.0000
42	28	2	42.4144	5	6	0	-1	0	NaN	-1.0000
42	29	2	43.9477	4	7	0	-1	0	NaN	-1.0000
42	30	2	45.4810	3	15	0	-1	0	NaN	-1.0000
42	31	2	47.0142	1	4	0	-1	0	NaN	-1.0000
42	32	2	48.5475	14	1	0	-1	0	NaN	-1.0000
42	33	2	50.0807	1	4	0	-1	0	NaN	-1.0000
42	34	2	51.6140	2	3	0	-1	0	NaN	-1.0000
42	35	2	53.1472	14	1	0	-1	0	NaN	-1.0000
42	36	2	54.6804	1	4	0	-1	0	NaN	-1.0000
42	37	2	56.2137	2	3	0	-1	0	NaN	-1.0000
42	38	2	57.7470	3	15	0	-1	0	NaN	-1.0000
42	39	2	59.2802	15	14	0	-1	0	NaN	-1.0000
42	40	2	60.8135	14	1	0	-1	0	NaN	-1.0000
42	41	2	62.3467	2	3	0	-1	0	NaN	-1.0000
42	42	2	63.8800	15	14	0	-1	0	NaN	-1.0000
42	43	2	65.4132	2	3	0	-1	0	NaN	-1.0000
42	44	2	66.9465	14	1	0	-1	0	NaN	-1.0000
42	45	2	68.4797	15	14	0	-1	0	NaN	-1.0000
42	46	2	70.0130	14	1	0	-1	0	NaN	-1.0000
42	47	2	71.5462	13	13	0	-1	0	NaN	-1.0000
42	48	2	73.0795	12	5	0	-1	0	NaN	-1.0000
42	49	2	74.6128	11	9	0	-1	0	NaN	-1.0000
42	50	2	76.1460	10	12	0	-1	0	NaN	-1.0000
42	51	2	77.6793	9	2	0	-1	0	NaN	-1.0000
42	52	2	79.2125	8	10	0	-1	0	NaN	-1.0000
42	53	2	80.7458	7	11	0	-1	0	NaN	-1.0000
42	54	2	82.2790	6	8	0	-1	0	NaN	-1.0000
42	55	2	83.8123	5	6	0	-1	0	NaN	-1.0000
42	56	2	85.3455	4	7	0	-1	0	NaN	-1.0000
42	57	2	86.8788	3	15	0	-1	0	NaN	-1.0000
42	58	2	88.4120	2	3	0	-1	0	NaN	-1.0000
42	59	2	89.9453	1	4	0	-1	0	NaN	-1.0000
42	60	2	91.4785	15	14	0	-1	0	NaN	-1.0000
42	61	2	93.0118	1	4	0	-1	0	NaN	-1.0000
42	62	2	94.5450	2	3	0	-1	0	NaN	-1.0000
42	63	2	96.0783	1	4	0	-1	0	NaN	-1.0000
42	64	2	97.6116	2	3	0	-1	0	NaN	-1.0000
42	65	2	99.1448	14	1	0	-1	0	NaN	-1.0000
42	66	2	100.6781	13	13	0	-1	0	NaN	-1.0000
42	67	2	102.2113	12	5	0	-1	0	NaN	-1.0000
42	68	2	103.7446	11	9	0	-1	0	NaN	-1.0000
42	69	2	105.2778	9	2	0	-1	0	NaN	-1.0000
42	70	2	106.8111	10	12	0	-1	0	NaN	-1.0000
42	71	2	108.3443	11	9	0	-1	0	NaN	-1.0000
42	72	2	109.8776	10	12	0	-1	0	NaN	-1.0000
42	73	2	111.4108	11	9	0	-1	0	NaN	-1.0000
42	74	2	112.9441	9	2	0	-1	0	NaN	-1.0000
42	75	2	114.4774	8	10	0	-1	0	NaN	-1.0000
42	76	2	116.0106	9	2	0	-1	0	NaN	-1.0000
42	77	2	117.5439	10	12	0	-1	0	NaN	-1.0000
42	78	2	119.0771	11	9	0	-1	0	NaN	-1.0000
42	79	2	120.6104	12	5	0	-1	0	NaN	-1.0000
42	80	2	122.1436	13	13	0	-1	0	NaN	-1.0000
42	81	2	123.6769	14	1	0	-1	0	NaN	-1.0000
42	82	2	125.2101	15	14	0	-1	0	NaN	-1.0000
42	83	2	126.7434	1	4	0	-1	0	NaN	-1.0000
42	84	2	128.2766	2	3	0	-1	0	NaN	-1.0000
42	85	2	129.8099	3	15	0	-1	0	NaN	-1.0000
42	86	2	131.3431	4	7	0	-1	0	NaN	-1.0000
42	87	2	132.8764	5	6	0	-1	0	NaN	-1.0000
42	88	2	134.4096	6	8	0	-1	0	NaN	-1.0000
42	89	2	135.9428	7	11	0	-1	0	NaN	-1.0000
42	90	2	137.4761	8	10	0	-1	0	NaN	-1.0000
42	91	2	139.0094	9	2	0	-1	0	NaN	-1.0000
42	92	2	140.5426	12	5	0	-1	0	NaN	-1.0000
42	93	2	142.0759	10	12	0	-1	0	NaN	-1.0000
42	94	2	143.6091	13	13	0	-1	0	NaN	-1.0000
42	95	2	145.1424	11	9	0	-1	0	NaN	-1.0000
42	96	2	146.6756	10	12	0	-1	0	NaN	-1.0000
42	97	2	148.2089	12	5	0	-1	0	NaN	-1.0000
42	98	2	149.7421	11	9	0	-1	0	NaN	-1.0000
42	99	2	151.2754	13	13	0	-1	0	NaN	-1.0000
42	100	2	152.8087	12	5	0	-1	0	NaN	-1.0000
42	101	2	154.3419	10	12	0	-1	0	NaN	-1.0000
42	102	2	155.8752	13	13	0	-1	0	NaN	-1.0000
42	103	2	157.4084	11	9	0	-1	0	NaN	-1.0000
42	104	2	158.9416	10	12	0	-1	0	NaN	-1.0000
42	105	2	160.4749	12	5	0	-1	0	NaN	-1.0000
42	106	2	162.0082	13	13	0	-1	0	NaN	-1.0000
42	107	2	163.5414	14	1	0	-1	0	NaN	-1.0000
42	108	2	165.0747	15	14	0	-1	0	NaN	-1.0000
42	109	2	166.6079	1	4	0	-1	0	NaN	-1.0000
42	110	2	168.1412	2	3	0	-1	0	NaN	-1.0000
42	111	2	169.6745	3	15	0	-1	0	NaN	-1.0000
42	112	2	171.2077	4	7	0	-1	0	NaN	-1.0000
42	113	2	172.7409	5	6	0	-1	0	NaN	-1.0000
42	114	2	174.2742	6	8	0	-1	0	NaN	-1.0000
42	115	2	175.8075	7	11	0	-1	0	NaN	-1.0000
42	116	2	177.3407	8	10	0	-1	0	NaN	-1.0000
42	117	2	178.8740	9	2	0	-1	0	NaN	-1.0000
42	118	2	180.4072	10	12	0	-1	0	NaN	-1.0000
42	119	2	181.9405	11	9	0	-1	0	NaN	-1.0000
42	120	2	183.4737	12	5	0	-1	0	NaN	-1.0000
42	121	2	185.0070	10	12	0	-1	0	NaN	-1.0000
42	122	2	186.5402	13	13	0	-1	0	NaN	-1.0000
42	123	2	188.0734	14	1	0	-1	0	NaN	-1.0000
42	124	2	189.6067	15	14	0	-1	0	NaN	-1.0000
42	125	2	191.1400	2	3	0	-1	0	NaN	-1.0000
42	126	2	192.6732	3	15	0	-1	0	NaN	-1.0000
42	127	2	194.2065	15	14	0	-1	0	NaN	-1.0000
42	128	2	195.7397	1	4	0	-1	0	NaN	-1.0000
42	129	2	197.2730	15	14	0	-1	0	NaN	-1.0000
42	130	2	198.8063	14	1	0	-1	0	NaN	-1.0000
42	131	2	200.3394	2	3	0	-1	0	NaN	-1.0000
42	132	2	201.8727	1	4	0	-1	0	NaN	-1.0000
42	133	2	203.4060	2	3	0	-1	0	NaN	-1.0000
42	134	2	204.9393	3	15	0	-1	0	NaN	-1.0000
42	135	2	206.4725	1	4	0	-1	0	NaN	-1.0000
42	136	2	208.0058	2	3	0	-1	0	NaN	-1.0000
42	137	2	209.5390	3	15	0	-1	0	NaN	-1.0000
42	138	2	211.0723	4	7	0	-1	0	NaN	-1.0000
42	139	2	212.6055	5	6	0	-1	0	NaN	-1.0000
42	140	2	214.1388	6	8	0	-1	0	NaN	-1.0000
42	141	2	215.6720	7	11	0	-1	0	NaN	-1.0000
42	142	2	217.2053	8	10	0	-1	0	NaN	-1.0000
42	143	2	218.7385	9	2	0	-1	0	NaN	-1.0000
42	144	2	220.2718	10	12	0	-1	0	NaN	-1.0000
42	145	2	221.8050	11	9	0	-1	0	NaN	-1.0000
42	146	2	223.3383	12	5	0	-1	0	NaN	-1.0000
42	147	2	224.8715	13	13	0	-1	0	NaN	-1.0000
42	148	2	226.4048	14	1	0	-1	0	NaN	-1.0000
42	149	2	227.9381	15	14	0	-1	0	NaN	-1.0000
42	150	2	229.4713	1	4	0	-1	0	NaN	-1.0000
42	151	2	231.0046	2	3	0	-1	0	NaN	-1.0000
42	152	2	232.5378	3	15	0	-1	0	NaN	-1.0000
42	153	2	234.0711	15	14	0	-1	0	NaN	-1.0000
42	154	2	235.6043	2	3	0	-1	0	NaN	-1.0000
42	155	2	237.1376	15	14	0	-1	0	NaN	-1.0000
42	156	2	238.6708	1	4	0	-1	0	NaN	-1.0000
42	157	2	240.2041	15	14	0	-1	0	NaN	-1.0000
42	158	2	241.7373	14	1	0	-1	0	NaN	-1.0000
42	159	2	243.2706	13	13	0	-1	0	NaN	-1.0000
42	160	2	244.8038	12	5	0	-1	0	NaN	-1.0000
42	161	2	246.3371	10	12	0	-1	0	NaN	-1.0000
42	162	2	247.8703	9	2	0	-1	0	NaN	-1.0000
42	163	2	249.4036	12	5	0	-1	0	NaN	-1.0000
42	164	2	250.9369	11	9	0	-1	0	NaN	-1.0000
42	165	2	252.4701	12	5	0	-1	0	NaN	-1.0000
42	166	2	254.0033	11	9	0	-1	0	NaN	-1.0000
42	167	2	255.5366	10	12	0	-1	0	NaN	-1.0000
42	168	2	257.0698	9	2	0	-1	0	NaN	-1.0000
42	169	2	258.6031	8	10	0	-1	0	NaN	-1.0000
42	170	2	260.1364	7	11	0	-1	0	NaN	-1.0000
42	171	2	261.6696	6	8	0	-1	0	NaN	-1.0000
42	172	2	263.2029	5	6	0	-1	0	NaN	-1.0000
42	173	2	264.7361	4	7	0	-1	0	NaN	-1.0000
42	174	2	266.2694	3	15	0	-1	0	NaN	-1.0000
42	175	2	267.8026	2	3	0	-1	0	NaN	-1.0000
42	176	2	269.3359	1	4	0	-1	0	NaN	-1.0000
42	177	2	270.8691	15	14	0	-1	0	NaN	-1.0000
42	178	2	272.4024	14	1	0	-1	0	NaN	-1.0000
42	179	2	273.9356	13	13	0	-1	0	NaN	-1.0000
42	180	2	275.4689	12	5	0	-1	0	NaN	-1.0000
42	181	2	277.0021	10	12	0	-1	0	NaN	-1.0000
42	182	2	278.5354	12	5	0	-1	0	NaN	-1.0000
42	183	2	280.0686	11	9	0	-1	0	NaN	-1.0000
42	184	2	281.6019	13	13	0	-1	0	NaN	-1.0000
42	185	2	283.1352	12	5	0	-1	0	NaN	-1.0000
42	186	2	284.6684	10	12	0	-1	0	NaN	-1.0000
42	187	2	286.2017	12	5	0	-1	0	NaN	-1.0000
42	188	2	287.7349	10	12	0	-1	0	NaN	-1.0000
42	189	2	289.2682	11	9	0	-1	0	NaN	-1.0000
42	190	2	290.8014	13	13	0	-1	0	NaN	-1.0000
42	191	2	292.3347	12	5	0	-1	0	NaN	-1.0000
42	192	2	293.8679	13	13	0	-1	0	NaN	-1.0000
42	193	2	295.4012	10	12	0	-1	0	NaN	-1.0000
42	194	2	296.9344	12	5	0	-1	0	NaN	-1.0000
42	195	2	298.4677	11	9	0	-1	0	NaN	-1.0000
42	196	2	300.0009	10	12	0	-1	0	NaN	-1.0000
42	197	2	301.5342	9	2	0	-1	0	NaN	-1.0000
42	198	2	303.0675	8	10	0	-1	0	NaN	-1.0000
42	199	2	304.6007	7	11	0	-1	0	NaN	-1.0000
42	200	2	306.1339	6	8	0	-1	0	NaN	-1.0000
42	201	2	307.6672	5	6	0	-1	0	NaN	-1.0000
42	202	2	309.2004	4	7	0	-1	0	NaN	-1.0000
42	203	2	310.7337	3	15	0	-1	0	NaN	-1.0000
42	204	2	312.2670	2	3	0	-1	0	NaN	-1.0000
42	205	2	313.8002	1	4	0	-1	0	NaN	-1.0000
42	206	2	315.3335	15	14	0	-1	0	NaN	-1.0000
42	207	2	316.8667	14	1	0	-1	0	NaN	-1.0000
42	208	2	318.4000	13	13	0	-1	0	NaN	-1.0000
42	209	2	319.9332	12	5	0	-1	0	NaN	-1.0000
42	210	2	321.4665	11	9	0	-1	0	NaN	-1.0000
42	211	2	322.9997	13	13	0	-1	0	NaN	-1.0000
42	212	2	324.5330	10	12	0	-1	0	NaN	-1.0000
42	213	2	326.0662	11	9	0	-1	0	NaN	-1.0000
42	214	2	327.5995	9	2	0	-1	0	NaN	-1.0000
42	215	2	329.1327	12	5	0	-1	0	NaN	-1.0000
42	216	2	330.6660	11	9	0	-1	0	NaN	-1.0000
42	217	2	332.1992	10	12	0	-1	0	NaN	-1.0000
42	218	2	333.7325	13	13	0	-1	0	NaN	-1.0000
42	219	2	335.2657	12	5	0	-1	0	NaN	-1.0000
42	220	2	336.7989	13	13	0	-1	0	NaN	-1.0000
42	221	2	338.3322	14	1	0	-1	0	NaN	-1.0000
42	222	2	339.8655	13	13	0	-1	0	NaN	-1.0000
42	223	2	341.3987	12	5	0	-1	0	NaN	-1.0000
42	224	2	342.9320	13	13	0	-1	0	NaN	-1.0000
42	225	2	344.4653	10	12	0	-1	0	NaN	-1.0000
42	226	2	345.9985	9	2	0	-1	0	NaN	-1.0000
42	227	2	347.5318	8	10	0	-1	0	NaN	-1.0000
42	228	2	349.0650	7	11	0	-1	0	NaN	-1.0000
42	229	2	350.5983	6	8	0	-1	0	NaN	-1.0000
42	230	2	352.1315	5	6	0	-1	0	NaN	-1.0000
42	231	2	353.6648	4	7	0	-1	0	NaN	-1.0000
42	232	2	355.1980	3	15	0	-1	0	NaN	-1.0000
42	233	2	356.7312	2	3	0	-1	0	NaN	-1.0000
42	234	2	358.2645	1	4	0	-1	0	NaN	-1.0000
42	235	2	359.7978	15	14	0	-1	0	NaN	-1.0000
42	236	2	361.3310	14	1	0	-1	0	NaN	-1.0000
42	237	2	362.8643	13	13	0	-1	1	1.0000	0.8019
42	238	2	364.3976	12	5	0	-1	0	1.0000	-1.0000
42	239	2	365.9308	11	9	0	-1	0	1.0000	-1.0000
42	240	2	367.4641	10	12	0	-1	0	1.0000	-1.0000
42	241	2	368.9973	12	5	0	-1	0	1.0000	-1.0000
42	242	2	370.5306	10	12	0	-1	0	1.0000	-1.0000
42	243	2	372.0638	13	13	0	-1	0	1.0000	-1.0000
42	244	2	373.5971	10	12	0	-1	0	1.0000	-1.0000
42	245	2	375.1303	13	13	0	-1	0	1.0000	-1.0000
42	246	2	376.6636	10	12	0	-1	0	1.0000	-1.0000
42	247	2	378.1967	12	5	0	-1	0	1.0000	-1.0000
42	248	2	379.7301	10	12	0	-1	0	1.0000	-1.0000
42	249	2	381.2633	11	9	0	-1	0	1.0000	-1.0000
42	250	2	382.7966	9	2	0	-1	0	1.0000	-1.0000
42	251	2	384.3298	10	12	0	-1	0	1.0000	-1.0000
42	252	2	385.8631	9	2	0	-1	0	1.0000	-1.0000
42	253	2	387.3963	8	10	0	-1	0	1.0000	-1.0000
42	254	2	388.9296	6	8	0	-1	0	1.0000	-1.0000
42	255	2	390.4628	7	11	0	-1	0	1.0000	-1.0000
42	256	2	391.9961	8	10	0	-1	0	1.0000	-1.0000
42	257	2	393.5293	9	2	0	-1	0	1.0000	-1.0000
42	258	2	395.0626	10	12	0	-1	0	1.0000	-1.0000
42	259	2	396.5958	11	9	0	-1	0	1.0000	-1.0000
42	260	2	398.1291	12	5	0	-1	0	1.0000	-1.0000
42	261	2	399.6623	13	13	0	-1	0	1.0000	-1.0000
42	262	2	401.1956	14	1	0	-1	0	1.0000	-1.0000
42	263	2	402.7288	15	14	0	-1	0	1.0000	-1.0000
42	264	2	404.2621	1	4	0	-1	0	1.0000	-1.0000
42	265	2	405.7954	2	3	0	-1	0	1.0000	-1.0000
42	266	2	407.3286	3	15	0	-1	0	1.0000	-1.0000
42	267	2	408.8619	4	7	0	-1	0	1.0000	-1.0000
42	268	2	410.3951	5	6	0	-1	0	1.0000	-1.0000
42	269	2	411.9284	6	8	0	-1	0	1.0000	-1.0000
42	270	2	413.4616	7	11	0	-1	0	1.0000	-1.0000
42	271	2	414.9949	4	7	0	-1	0	1.0000	-1.0000
42	272	2	416.5281	7	11	0	-1	0	1.0000	-1.0000
42	273	2	418.0614	5	6	0	-1	0	1.0000	-1.0000
42	274	2	419.5946	8	10	0	-1	0	1.0000	-1.0000
42	275	2	421.1279	5	6	0	-1	0	1.0000	-1.0000
42	276	2	422.6611	8	10	0	-1	0	1.0000	-1.0000
42	277	2	424.1944	6	8	0	-1	0	1.0000	-1.0000
42	278	2	425.7277	4	7	0	-1	0	1.0000	-1.0000
42	279	2	427.2609	3	15	0	-1	0	1.0000	-1.0000
42	280	2	428.7942	4	7	0	-1	0	1.0000	-1.0000
42	281	2	430.3274	6	8	0	-1	0	1.0000	-1.0000
42	282	2	431.8606	5	6	0	-1	0	1.0000	-1.0000
42	283	2	433.3939	6	8	0	-1	0	1.0000	-1.0000
42	284	2	434.9272	5	6	0	-1	0	1.0000	-1.0000
42	285	2	436.4604	6	8	0	-1	0	1.0000	-1.0000
42	286	2	437.9937	5	6	0	-1	0	1.0000	-1.0000
42	287	2	439.5269	4	7	0	-1	0	1.0000	-1.0000
42	288	2	441.0602	3	15	0	-1	0	1.0000	-1.0000
42	289	2	442.5934	2	3	0	-1	0	1.0000	-1.0000
42	290	2	444.1267	1	4	0	-1	0	1.0000	-1.0000
42	291	2	445.6599	15	14	0	-1	0	1.0000	-1.0000
42	292	2	447.1932	14	1	0	-1	0	1.0000	-1.0000
42	293	2	448.7264	13	13	0	-1	0	1.0000	-1.0000
42	294	2	450.2597	12	5	0	-1	0	1.0000	-1.0000
42	295	2	451.7929	11	9	0	-1	0	1.0000	-1.0000
42	296	2	453.3262	10	12	0	-1	0	1.0000	-1.0000
42	297	2	454.8595	9	2	0	-1	0	1.0000	-1.0000
42	298	2	456.3927	8	10	0	-1	0	1.0000	-1.0000
42	299	2	457.9259	7	11	0	-1	0	1.0000	-1.0000
42	300	2	459.4592	6	8	0	-1	0	1.0000	-1.0000
42	301	2	460.9925	5	6	0	-1	0	1.0000	-1.0000
42	302	2	462.5257	7	11	0	-1	0	1.0000	-1.0000
42	303	2	464.0589	4	7	0	-1	0	1.0000	-1.0000
42	304	2	465.5922	6	8	0	-1	0	1.0000	-1.0000
42	305	2	467.1255	5	6	0	-1	0	1.0000	-1.0000
42	306	2	468.6588	4	7	0	-1	0	1.0000	-1.0000
42	307	2	470.1920	5	6	0	-1	0	1.0000	-1.0000
42	308	2	471.7252	4	7	0	-1	0	1.0000	-1.0000
42	309	2	473.2585	5	6	0	-1	0	1.0000	-1.0000
42	310	2	474.7918	7	11	0	-1	0	1.0000	-1.0000
42	311	2	476.3250	5	6	0	-1	0	1.0000	-1.0000
42	312	2	477.8582	6	8	0	-1	0	1.0000	-1.0000
42	313	2	479.3915	5	6	0	-1	0	1.0000	-1.0000
42	314	2	480.9247	7	11	0	-1	0	1.0000	-1.0000
42	315	2	482.4580	8	10	0	-1	0	1.0000	-1.0000
42	316	2	483.9912	9	2	0	-1	0	1.0000	-1.0000
42	317	2	485.5245	10	12	0	-1	0	1.0000	-1.0000
42	318	2	487.0578	11	9	0	-1	0	1.0000	-1.0000
42	319	2	488.5910	12	5	0	-1	0	1.0000	-1.0000
42	320	2	490.1243	13	13	0	-1	0	1.0000	-1.0000
42	321	2	491.6575	14	1	0	-1	0	1.0000	-1.0000
42	322	2	493.1908	15	14	0	-1	0	1.0000	-1.0000
42	323	2	494.7240	1	4	0	-1	0	1.0000	-1.0000
42	324	2	496.2573	2	3	0	-1	0	1.0000	-1.0000
42	325	2	497.7905	3	15	0	-1	0	1.0000	-1.0000
42	326	2	499.3238	4	7	0	-1	0	1.0000	-1.0000
42	327	2	500.8570	5	6	0	-1	0	1.0000	-1.0000
42	328	2	502.3902	6	8	0	-1	0	1.0000	-1.0000
42	329	2	503.9236	7	11	0	-1	0	1.0000	-1.0000
42	330	2	505.4568	8	10	0	-1	0	1.0000	-1.0000
42	331	2	506.9901	7	11	0	-1	0	1.0000	-1.0000
42	332	2	508.5233	5	6	0	-1	0	1.0000	-1.0000
42	333	2	510.0566	4	7	0	-1	0	1.0000	-1.0000
42	334	2	511.5898	5	6	0	-1	0	1.0000	-1.0000
42	335	2	513.1231	4	7	0	-1	0	1.0000	-1.0000
42	336	2	514.6563	6	8	0	-1	0	1.0000	-1.0000
42	337	2	516.1896	4	7	0	-1	0	1.0000	-1.0000
42	338	2	517.7228	3	15	0	-1	0	1.0000	-1.0000
42	339	2	519.2561	4	7	0	-1	0	1.0000	-1.0000
42	340	2	520.7893	6	8	0	-1	0	1.0000	-1.0000
42	341	2	522.3226	8	10	0	-1	0	1.0000	-1.0000
42	342	2	523.8558	5	6	0	-1	0	1.0000	-1.0000
42	343	2	525.3891	7	11	0	-1	0	1.0000	-1.0000
42	344	2	526.9223	6	8	0	-1	0	1.0000	-1.0000
42	345	2	528.4556	5	6	0	-1	0	1.0000	-1.0000
42	346	2	529.9888	4	7	0	-1	0	1.0000	-1.0000
42	347	2	531.5221	3	15	0	-1	0	1.0000	-1.0000
42	348	2	533.0553	2	3	0	-1	0	1.0000	-1.0000
42	349	2	534.5886	1	4	0	-1	0	1.0000	-1.0000
42	350	2	536.1218	15	14	0	-1	0	1.0000	-1.0000
42	351	2	537.6551	14	1	0	-1	0	1.0000	-1.0000
42	352	2	539.1884	13	13	0	-1	0	1.0000	-1.0000
42	353	2	540.7216	12	5	0	-1	0	1.0000	-1.0000
42	354	2	542.2549	11	9	0	-1	0	1.0000	-1.0000
42	355	2	543.7881	10	12	0	-1	0	1.0000	-1.0000
42	356	2	545.3214	9	2	0	-1	0	1.0000	-1.0000
42	357	2	546.8546	8	10	0	-1	0	1.0000	-1.0000
42	358	2	548.3879	7	11	0	-1	0	1.0000	-1.0000
42	359	2	549.9210	6	8	0	-1	0	1.0000	-1.0000
42	360	2	551.4544	5	6	0	-1	0	1.0000	-1.0000
42	361	2	552.9875	4	7	0	-1	0	1.0000	-1.0000
42	362	2	554.5209	5	6	0	-1	0	1.0000	-1.0000
42	363	2	556.0541	8	10	0	-1	0	1.0000	-1.0000
42	364	2	557.5874	9	2	0	-1	0	1.0000	-1.0000
42	365	2	559.1206	10	12	0	-1	0	1.0000	-1.0000
42	366	2	560.6539	13	13	0	-1	0	1.0000	-1.0000
42	367	2	562.1871	14	1	0	-1	0	1.0000	-1.0000
42	368	2	563.7204	1	4	0	-1	0	1.0000	-1.0000
42	369	2	565.2536	3	15	0	-1	0	1.0000	-1.0000
42	370	2	566.7869	1	4	0	-1	0	1.0000	-1.0000
42	371	2	568.3202	3	15	0	-1	0	1.0000	-1.0000
42	372	2	569.8534	4	7	0	-1	0	1.0000	-1.0000
42	373	2	571.3866	6	8	0	-1	0	1.0000	-1.0000
42	374	2	572.9199	8	10	0	-1	0	1.0000	-1.0000
42	375	2	574.4531	7	11	0	-1	0	1.0000	-1.0000
42	376	2	575.9864	6	8	0	-1	0	1.0000	-1.0000
42	377	2	577.5196	5	6	0	-1	0	1.0000	-1.0000
42	378	2	579.0529	4	7	0	-1	0	1.0000	-1.0000
42	379	2	580.5862	3	15	0	-1	0	1.0000	-1.0000
42	380	2	582.1194	2	3	0	-1	0	1.0000	-1.0000
42	381	2	583.6527	1	4	0	-1	0	1.0000	-1.0000
42	382	2	585.1859	15	14	0	-1	0	1.0000	-1.0000
42	383	2	586.7192	14	1	0	-1	0	1.0000	-1.0000
42	384	2	588.2523	13	13	0	-1	0	1.0000	-1.0000
42	385	2	589.7857	12	5	0	-1	0	1.0000	-1.0000
42	386	2	591.3190	11	9	0	-1	0	1.0000	-1.0000
42	387	2	592.8522	10	12	0	-1	0	1.0000	-1.0000
42	388	2	594.3855	9	2	0	-1	0	1.0000	-1.0000
42	389	2	595.9187	8	10	0	-1	0	1.0000	-1.0000
42	390	2	597.4519	7	11	0	-1	0	1.0000	-1.0000
42	391	2	598.9851	5	6	0	-1	0	1.0000	-1.0000
42	392	2	600.5184	8	10	0	-1	0	1.0000	-1.0000
42	393	2	602.0517	5	6	0	-1	0	1.0000	-1.0000
42	394	2	603.5850	8	10	0	-1	0	1.0000	-1.0000
42	395	2	605.1182	9	2	0	-1	0	1.0000	-1.0000
42	396	2	606.6515	12	5	0	-1	0	1.0000	-1.0000
42	397	2	608.1847	10	12	0	-1	0	1.0000	-1.0000
42	398	2	609.7180	11	9	0	-1	0	1.0000	-1.0000
42	399	2	611.2512	12	5	0	-1	0	1.0000	-1.0000
42	400	2	612.7844	9	2	0	-1	0	1.0000	-1.0000
42	401	2	614.3177	11	9	0	-1	0	1.0000	-1.0000
42	402	2	615.8509	10	12	0	-1	0	1.0000	-1.0000
42	403	2	617.3842	13	13	0	-1	0	1.0000	-1.0000
42	404	2	618.9175	11	9	0	-1	0	1.0000	-1.0000
42	405	2	620.4508	13	13	0	-1	0	1.0000	-1.0000
42	406	2	621.9840	12	5	0	-1	0	1.0000	-1.0000
42	407	2	623.5172	11	9	0	-1	0	1.0000	-1.0000
42	408	2	625.0505	10	12	0	-1	0	1.0000	-1.0000
42	409	2	626.5837	9	2	0	-1	0	1.0000	-1.0000
42	410	2	628.1170	8	10	0	-1	0	1.0000	-1.0000
42	411	2	629.6503	7	11	0	-1	0	1.0000	-1.0000
42	412	2	631.1835	6	8	0	-1	0	1.0000	-1.0000
42	413	2	632.7168	5	6	0	-1	0	1.0000	-1.0000
42	414	2	634.2500	4	7	0	-1	0	1.0000	-1.0000
42	415	2	635.7833	3	15	0	-1	0	1.0000	-1.0000
42	416	2	637.3165	2	3	0	-1	0	1.0000	-1.0000
42	417	2	638.8498	1	4	0	-1	0	1.0000	-1.0000
42	418	2	640.3830	15	14	0	-1	0	1.0000	-1.0000
42	419	2	641.9163	14	1	0	-1	0	1.0000	-1.0000
42	420	2	643.4496	13	13	0	-1	0	1.0000	-1.0000
42	421	2	644.9828	10	12	0	-1	0	1.0000	-1.0000
42	422	2	646.5160	11	9	0	-1	0	1.0000	-1.0000
42	423	2	648.0493	10	12	0	-1	1	0.5000	0.9766
42	424	2	649.5825	12	5	0	-1	0	0.5000	-1.0000
42	425	2	651.1157	11	9	0	-1	0	0.5000	-1.0000
42	426	2	652.6490	9	2	0	-1	0	0.5000	-1.0000
42	427	2	654.1823	12	5	0	-1	0	0.5000	-1.0000
42	428	2	655.7155	10	12	0	-1	0	0.5000	-1.0000
42	429	2	657.2488	13	13	0	-1	0	0.5000	-1.0000
42	430	2	658.7820	10	12	0	-1	0	0.5000	-1.0000
42	431	2	660.3153	9	2	0	-1	0	0.5000	-1.0000
42	432	2	661.8486	8	10	0	-1	0	0.5000	-1.0000
42	433	2	663.3818	9	2	0	-1	0	0.5000	-1.0000
42	434	2	664.9151	12	5	0	-1	0	0.5000	-1.0000
42	435	2	666.4483	13	13	0	-1	0	0.5000	-1.0000
42	436	2	667.9816	12	5	0	-1	0	0.5000	-1.0000
42	437	2	669.5148	11	9	0	-1	0	0.5000	-1.0000
42	438	2	671.0481	10	12	0	-1	0	0.5000	-1.0000
42	439	2	672.5813	9	2	0	-1	0	0.5000	-1.0000
42	440	2	674.1146	8	10	0	-1	0	0.5000	-1.0000
42	441	2	675.6479	7	11	0	-1	0	0.5000	-1.0000
42	442	2	677.1811	6	8	0	-1	0	0.5000	-1.0000
42	443	2	678.7143	5	6	0	-1	0	0.5000	-1.0000
42	444	2	680.2476	4	7	0	-1	0	0.5000	-1.0000
42	445	2	681.7809	3	15	0	-1	0	0.5000	-1.0000
42	446	2	683.3141	2	3	0	-1	0	0.5000	-1.0000
42	447	2	684.8473	1	4	0	-1	0	0.5000	-1.0000
42	448	2	686.3806	15	14	0	-1	0	0.5000	-1.0000
42	449	2	687.9139	14	1	0	-1	0	0.5000	-1.0000
42	450	2	689.4471	13	13	0	-1	0	0.5000	-1.0000
42	451	2	690.9804	10	12	0	-1	0	0.5000	-1.0000
42	452	2	692.5136	12	5	0	-1	0	0.5000	-1.0000
42	453	2	694.0469	13	13	0	-1	0	0.5000	-1.0000
42	454	2	695.5801	12	5	0	-1	0	0.5000	-1.0000
42	455	2	697.1134	11	9	0	-1	1	0.3333	0.0169
42	456	2	698.6466	9	2	0	-1	0	0.3333	-1.0000
42	457	2	700.1799	11	9	0	-1	0	0.3333	-1.0000
42	458	2	701.7131	9	2	0	-1	0	0.3333	-1.0000
42	459	2	703.2464	11	9	0	-1	0	0.3333	-1.0000
42	460	2	704.7796	12	5	0	-1	0	0.3333	-1.0000
42	461	2	706.3129	11	9	0	-1	0	0.3333	-1.0000
42	462	2	707.8462	9	2	0	-1	0	0.3333	-1.0000
42	463	2	709.3794	12	5	0	-1	0	0.3333	-1.0000
42	464	2	710.9127	9	2	0	-1	0	0.3333	-1.0000
42	465	2	712.4459	8	10	0	-1	0	0.3333	-1.0000
42	466	2	713.9791	9	2	0	-1	0	0.3333	-1.0000
42	467	2	715.5124	10	12	0	-1	0	0.3333	-1.0000
42	468	2	717.0457	11	9	0	-1	0	0.3333	-1.0000
42	469	2	718.5789	12	5	0	-1	0	0.3333	-1.0000
42	470	2	720.1122	13	13	0	-1	0	0.3333	-1.0000
42	471	2	721.6454	14	1	0	-1	0	0.3333	-1.0000
42	472	2	723.1787	15	14	0	-1	0	0.3333	-1.0000
42	473	2	724.7119	1	4	0	-1	0	0.3333	-1.0000
42	474	2	726.2451	2	3	0	-1	0	0.3333	-1.0000
42	475	2	727.7784	3	15	0	-1	1	0.2500	1.2797
42	476	2	729.3117	4	7	0	-1	1	0.4000	0.0168
42	477	2	730.8449	5	6	0	-1	0	0.4000	-1.0000
42	478	2	732.3782	6	8	0	-1	0	0.4000	-1.0000
42	479	2	733.9114	7	11	0	-1	0	0.4000	-1.0000
42	480	2	735.4447	8	10	0	-1	0	0.4000	-1.0000
42	481	2	736.9779	6	8	0	-1	0	0.4000	-1.0000
42	482	2	738.5112	5	6	0	-1	0	0.4000	-1.0000
42	483	2	740.0445	7	11	0	-1	0	0.4000	-1.0000
42	484	2	741.5777	5	6	0	-1	0	0.4000	-1.0000
42	485	2	743.1109	7	11	0	-1	0	0.4000	-1.0000
42	486	2	744.6442	8	10	0	-1	0	0.4000	-1.0000
42	487	2	746.1775	7	11	0	-1	0	0.4000	-1.0000
42	488	2	747.7107	6	8	0	-1	0	0.4000	-1.0000
42	489	2	749.2440	5	6	0	-1	0	0.4000	-1.0000
42	490	2	750.7772	7	11	0	-1	0	0.4000	-1.0000
42	491	2	752.3105	5	6	0	-1	0	0.4000	-1.0000
42	492	2	753.8437	8	10	0	-1	0	0.4000	-1.0000
42	493	2	755.3770	6	8	0	-1	0	0.4000	-1.0000
42	494	2	756.9102	8	10	0	-1	0	0.4000	-1.0000
42	495	2	758.4435	7	11	0	-1	0	0.4000	-1.0000
42	496	2	759.9767	6	8	0	-1	0	0.4000	-1.0000
42	497	2	761.5100	5	6	0	-1	0	0.4000	-1.0000
42	498	2	763.0432	4	7	0	-1	0	0.4000	-1.0000
42	499	2	764.5765	3	15	0	-1	0	0.4000	-1.0000
42	500	2	766.1097	2	3	0	-1	0	0.4000	-1.0000
42	501	2	767.6430	1	4	0	-1	0	0.4000	-1.0000
42	502	2	769.1763	15	14	0	-1	0	0.4000	-1.0000
42	503	2	770.7095	14	1	0	-1	0	0.4000	-1.0000
42	504	2	772.2428	13	13	0	-1	0	0.4000	-1.0000
42	505	2	773.7760	12	5	0	-1	0	0.4000	-1.0000
42	506	2	775.3093	11	9	0	-1	0	0.4000	-1.0000
42	507	2	776.8425	10	12	0	-1	0	0.4000	-1.0000
42	508	2	778.3758	9	2	0	-1	0	0.4000	-1.0000
42	509	2	779.9090	8	10	0	-1	0	0.4000	-1.0000
42	510	2	781.4423	7	11	0	-1	0	0.4000	-1.0000
42	511	2	782.9755	6	8	0	-1	0	0.4000	-1.0000
42	512	2	784.5088	4	7	0	-1	0	0.4000	-1.0000
42	513	2	786.0420	3	15	0	-1	0	0.4000	-1.0000
42	514	2	787.5753	15	14	0	-1	0	0.4000	-1.0000
42	515	2	789.1085	1	4	0	-1	0	0.4000	-1.0000
42	516	2	790.6418	2	3	0	-1	0	0.4000	-1.0000
42	517	2	792.1751	1	4	0	-1	0	0.4000	-1.0000
42	518	2	793.7083	2	3	0	-1	0	0.4000	-1.0000
42	519	2	795.2416	1	4	0	-1	0	0.4000	-1.0000
42	520	2	796.7748	3	15	0	-1	0	0.4000	-1.0000
42	521	2	798.3081	4	7	0	-1	0	0.4000	-1.0000
42	522	2	799.8413	7	11	0	-1	0	0.4000	-1.0000
42	523	2	801.3746	4	7	0	-1	0	0.4000	-1.0000
42	524	2	802.9078	7	11	0	-1	0	0.4000	-1.0000
42	525	2	804.4411	5	6	0	-1	0	0.4000	-1.0000
42	526	2	805.9743	6	8	0	-1	0	0.4000	-1.0000
42	527	2	807.5075	7	11	0	-1	0	0.4000	-1.0000
42	528	2	809.0408	8	10	0	-1	0	0.4000	-1.0000
42	529	2	810.5741	9	2	0	-1	0	0.4000	-1.0000
42	530	2	812.1073	10	12	0	-1	0	0.4000	-1.0000
42	531	2	813.6406	11	9	0	-1	0	0.4000	-1.0000
42	532	2	815.1738	12	5	0	-1	0	0.4000	-1.0000
42	533	2	816.7071	13	13	0	-1	0	0.4000	-1.0000
42	534	2	818.2403	14	1	0	-1	0	0.4000	-1.0000
42	535	2	819.7736	15	14	0	-1	0	0.4000	-1.0000
42	536	2	821.3068	1	4	0	-1	0	0.4000	-1.0000
42	537	2	822.8401	2	3	0	-1	0	0.4000	-1.0000
42	538	2	824.3733	3	15	0	-1	0	0.4000	-1.0000
42	539	2	825.9066	4	7	0	-1	0	0.4000	-1.0000
42	540	2	827.4398	5	6	0	-1	0	0.4000	-1.0000
42	541	2	828.9731	4	7	0	-1	0	0.4000	-1.0000
42	542	2	830.5064	7	11	0	-1	0	0.4000	-1.0000
42	543	2	832.0396	4	7	0	-1	0	0.4000	-1.0000
42	544	2	833.5728	6	8	0	-1	0	0.4000	-1.0000
42	545	2	835.1061	7	11	0	-1	0	0.4000	-1.0000
42	546	2	836.6394	8	10	0	-1	0	0.4000	-1.0000
42	547	2	838.1726	9	2	0	-1	0	0.4000	-1.0000
42	548	2	839.7059	10	12	0	-1	0	0.4000	-1.0000
42	549	2	841.2391	9	2	0	-1	0	0.4000	-1.0000
42	550	2	842.7724	8	10	0	-1	0	0.4000	-1.0000
42	551	2	844.3056	5	6	0	-1	0	0.4000	-1.0000
42	552	2	845.8389	8	10	0	-1	0	0.4000	-1.0000
42	553	2	847.3721	6	8	0	-1	0	0.4000	-1.0000
42	554	2	848.9054	4	7	0	-1	0	0.4000	-1.0000
42	555	2	850.4387	6	8	0	-1	0	0.4000	-1.0000
42	556	2	851.9719	5	6	0	-1	0	0.4000	-1.0000
42	557	2	853.5051	4	7	0	-1	0	0.4000	-1.0000
42	558	2	855.0384	3	15	0	-1	0	0.4000	-1.0000
42	559	2	856.5717	2	3	0	-1	0	0.4000	-1.0000
42	560	2	858.1049	1	4	0	-1	0	0.4000	-1.0000
42	561	2	859.6382	15	14	0	-1	0	0.4000	-1.0000
42	562	2	861.1714	14	1	0	-1	0	0.4000	-1.0000
42	563	2	862.7047	13	13	0	-1	0	0.4000	-1.0000
42	564	2	864.2379	12	5	0	-1	0	0.4000	-1.0000
42	565	2	865.7712	11	9	0	-1	0	0.4000	-1.0000
42	566	2	867.3044	10	12	0	-1	0	0.4000	-1.0000
42	567	2	868.8377	9	2	0	-1	0	0.4000	-1.0000
42	568	2	870.3709	8	10	0	-1	0	0.4000	-1.0000
42	569	2	871.9042	7	11	0	-1	0	0.4000	-1.0000
42	570	2	873.4374	6	8	0	-1	0	0.4000	-1.0000
42	571	2	874.9707	4	7	0	-1	0	0.4000	-1.0000
42	572	2	876.5039	3	15	0	-1	0	0.4000	-1.0000
42	573	2	878.0372	4	7	0	-1	0	0.4000	-1.0000
42	574	2	879.5704	6	8	0	-1	0	0.4000	-1.0000
42	575	2	881.1037	4	7	0	-1	0	0.4000	-1.0000
42	576	2	882.6370	5	6	0	-1	0	0.4000	-1.0000
42	577	2	884.1702	7	11	0	-1	0	0.4000	-1.0000
42	578	2	885.7034	8	10	0	-1	0	0.4000	-1.0000
42	579	2	887.2367	5	6	0	-1	0	0.4000	-1.0000
42	580	2	888.7699	8	10	0	-1	0	0.4000	-1.0000
42	581	2	890.3032	9	2	0	-1	0	0.4000	-1.0000
42	582	2	891.8365	12	5	0	-1	0	0.4000	-1.0000
42	583	2	893.3697	13	13	0	-1	0	0.4000	-1.0000
42	584	2	894.9030	12	5	0	-1	0	0.4000	-1.0000
42	585	2	896.4362	13	13	0	-1	0	0.4000	-1.0000
42	586	2	897.9695	12	5	0	-1	0	0.4000	-1.0000
42	587	2	899.5027	11	9	0	-1	0	0.4000	-1.0000
42	588	2	901.0360	10	12	0	-1	0	0.4000	-1.0000
42	589	2	902.5692	9	2	0	-1	0	0.4000	-1.0000
42	590	2	904.1025	8	10	0	-1	0	0.4000	-1.0000
42	591	2	905.6357	7	11	0	-1	0	0.4000	-1.0000
42	592	2	907.1690	6	8	0	-1	0	0.4000	-1.0000
42	593	2	908.7022	5	6	0	-1	0	0.4000	-1.0000
42	594	2	910.2355	4	7	0	-1	0	0.4000	-1.0000
42	595	2	911.7688	3	15	0	-1	0	0.4000	-1.0000
42	596	2	913.3020	2	3	0	-1	0	0.4000	-1.0000
42	597	2	914.8353	1	4	0	-1	0	0.4000	-1.0000
42	598	2	916.3685	15	14	0	-1	0	0.4000	-1.0000
42	599	2	917.9018	14	1	0	-1	0	0.4000	-1.0000
42	600	2	919.4350	13	13	0	-1	0	0.4000	-1.0000
Actual parsing ratio
0.4000
Possible node parses
88.0000
 Node parses selected
0.0227
Possible other parses
512.0000
Other parses selected
0.0059
Chance parsing ratio
0.1467
Shock trials
126
261
529
781
1350