*********************************************
* Date/Time: 31-Jan-2020 13:54:52
* Seed: 215660.3
* Subject Number: 043
1	5	6	7	9	8	3	10	12	15	11	14	4	2	13	
*********************************************

Shape exposure time (seconds)
157.5149
subject	trial	phase	onset	node	shape	rotate	acc	resp	total	rt
43	1	1	1.0166	1	1	0	1	1	1.0000	0.8070
43	2	1	2.5665	2	5	0	-1	0	0.5000	-1.0000
43	3	1	4.3497	14	2	0	1	1	0.6667	1.0088
43	4	1	5.8997	15	13	90	1	1	0.7500	0.9157
43	5	1	7.4496	2	5	0	1	1	0.8000	1.0443
43	6	1	8.9995	15	13	0	-1	0	0.6667	-1.0000
43	7	1	11.0494	3	6	0	-1	0	0.5714	-1.0000
43	8	1	13.0993	1	1	0	1	1	0.6250	1.2360
43	9	1	14.6492	3	6	0	0	1	0.5556	0.9029
43	10	1	16.1991	1	1	0	1	1	0.6000	1.1443
43	11	1	17.7491	14	2	90	1	1	0.6364	1.4489
43	12	1	19.3323	15	13	0	1	1	0.6667	1.2750
43	13	1	20.8822	2	5	0	1	1	0.6923	0.9572
43	14	1	22.4321	3	6	0	1	1	0.7143	1.2153
43	15	1	23.9821	15	13	90	1	1	0.7333	1.4093
43	16	1	25.5320	3	6	90	1	1	0.7500	1.2995
43	17	1	27.0819	1	1	0	-1	0	0.7059	-1.0000
43	18	1	29.1651	3	6	0	0	1	0.6667	1.3303
43	19	1	31.0316	2	5	0	1	1	0.6842	1.3196
43	20	1	32.5816	15	13	0	1	1	0.7000	1.1777
43	21	1	34.1315	14	2	0	1	1	0.7143	0.9864
43	22	1	35.6815	13	4	0	1	1	0.7273	1.4378
43	23	1	37.2480	11	11	0	-1	0	0.6957	-1.0000
43	24	1	39.3645	13	4	0	1	1	0.7083	1.1946
43	25	1	40.9145	10	15	0	1	1	0.7200	1.1809
43	26	1	42.4644	12	14	0	1	1	0.7308	1.4055
43	27	1	44.0144	9	12	0	1	1	0.7407	1.2491
43	28	1	45.5643	11	11	0	1	1	0.7500	1.0910
43	29	1	47.1142	12	14	0	1	1	0.7586	1.3651
43	30	1	48.6641	11	11	0	0	1	0.7333	1.1897
43	31	1	50.4474	9	12	0	1	1	0.7419	1.3120
43	32	1	51.9973	8	10	0	1	1	0.7500	1.1221
43	33	1	53.5472	6	8	0	-1	0	0.7273	-1.0000
43	34	1	55.6304	5	9	90	-1	0	0.7059	-1.0000
43	35	1	57.6803	6	8	90	-1	0	0.6857	-1.0000
43	36	1	59.7135	4	7	0	0	1	0.6667	1.0379
43	37	1	61.3135	7	3	0	1	1	0.6757	1.2941
43	38	1	62.8634	8	10	0	1	1	0.6842	1.0881
43	39	1	64.4133	7	3	0	1	1	0.6923	0.8821
43	40	1	65.9632	5	9	0	1	1	0.7000	1.2667
43	41	1	67.5131	8	10	0	1	1	0.7073	0.8382
43	42	1	69.0630	6	8	0	1	1	0.7143	1.0794
43	43	1	70.6129	7	3	0	1	1	0.7209	0.9710
43	44	1	72.1629	4	7	0	1	1	0.7273	1.0685
43	45	1	73.7128	7	3	0	1	1	0.7333	0.7991
43	46	1	75.2627	5	9	0	1	1	0.7391	1.4726
43	47	1	76.8460	8	10	90	1	1	0.7447	1.1367
43	48	1	78.3959	9	12	0	1	1	0.7500	1.0755
43	49	1	79.9458	8	10	0	1	1	0.7551	0.8215
43	50	1	81.4957	9	12	90	1	1	0.7600	0.9995
43	51	1	83.0456	8	10	0	1	1	0.7647	0.7619
43	52	1	84.5956	5	9	0	1	1	0.7692	0.9402
43	53	1	86.1455	8	10	0	1	1	0.7736	0.8286
43	54	1	87.6954	7	3	90	1	1	0.7778	0.9279
43	55	1	89.2453	8	10	0	1	1	0.7818	0.7365
43	56	1	90.7952	9	12	90	1	1	0.7857	1.2667
43	57	1	92.3452	10	15	0	1	1	0.7895	0.8224
43	58	1	93.8951	9	12	90	1	1	0.7931	0.8868
43	59	1	95.4450	8	10	90	1	1	0.7966	1.0985
43	60	1	96.9949	9	12	0	1	1	0.8000	1.1167
43	61	1	98.5448	8	10	0	1	1	0.8033	0.7507
43	62	1	100.0947	9	12	0	1	1	0.8065	0.7531
43	63	1	101.6447	11	11	0	0	1	0.7937	0.9949
43	64	1	103.1946	10	15	0	1	1	0.7969	0.9968
43	65	1	104.7445	9	12	0	1	1	0.8000	0.9989
43	66	1	106.2944	11	11	0	1	1	0.8030	1.1449
43	67	1	107.8443	9	12	0	1	1	0.8060	0.7152
43	68	1	109.3943	12	14	90	1	1	0.8088	1.1330
43	69	1	110.9442	11	11	0	1	1	0.8116	1.2312
43	70	1	112.4941	13	4	0	1	1	0.8143	1.0878
43	71	1	114.0440	10	15	0	1	1	0.8169	0.9625
43	72	1	115.5939	13	4	0	1	1	0.8194	0.8839
43	73	1	117.1438	12	14	0	1	1	0.8219	1.0793
43	74	1	118.6938	9	12	90	1	1	0.8243	0.9686
43	75	1	120.2437	12	14	0	1	1	0.8267	0.9551
43	76	1	121.7936	13	4	90	1	1	0.8289	0.7819
43	77	1	123.3435	12	14	0	1	1	0.8312	0.7841
43	78	1	124.8935	9	12	0	-1	0	0.8205	-1.0000
43	79	1	126.9600	8	10	0	1	1	0.8228	0.0168
43	80	1	128.5099	7	3	0	1	1	0.8250	0.8176
43	81	1	130.0598	4	7	0	0	1	0.8148	0.9140
43	82	1	131.6098	7	3	0	1	1	0.8171	0.6935
43	83	1	133.1597	4	7	0	1	1	0.8193	0.8238
43	84	1	134.7096	7	3	0	1	1	0.8214	0.7775
43	85	1	136.2595	5	9	90	1	1	0.8235	0.8743
43	86	1	137.8094	7	3	0	1	1	0.8256	0.7660
43	87	1	139.3593	5	9	0	1	1	0.8276	0.8158
43	88	1	140.9093	7	3	90	1	1	0.8295	1.0886
43	89	1	142.4592	5	9	0	1	1	0.8315	0.6923
43	90	1	144.0091	7	3	0	1	1	0.8333	0.5808
43	91	1	145.5590	5	9	0	1	1	0.8352	0.7923
43	92	1	147.1090	4	7	0	1	1	0.8370	0.8583
43	93	1	148.6589	7	3	90	0	1	0.8280	0.7789
43	94	1	150.2088	8	10	90	1	1	0.8298	0.8147
43	95	1	151.7587	6	8	0	1	1	0.8316	1.4087
43	96	1	153.3086	8	10	0	1	1	0.8333	1.0590
43	97	1	154.8585	5	9	0	1	1	0.8351	0.6913
43	98	1	156.4085	6	8	0	1	1	0.8367	0.7734
43	99	1	157.9583	5	9	0	1	1	0.8384	0.6332
43	100	1	159.5083	4	7	0	1	1	0.8400	0.9696
43	101	1	161.0582	5	9	0	1	1	0.8416	0.7175
43	102	1	162.6081	6	8	0	1	1	0.8431	0.7834
43	103	1	164.1581	5	9	90	1	1	0.8447	0.7212
43	104	1	165.7080	6	8	90	1	1	0.8462	0.8512
43	105	1	167.2579	5	9	90	1	1	0.8476	0.9009
43	106	1	168.8078	6	8	0	1	1	0.8491	0.7916
43	107	1	170.3577	4	7	0	1	1	0.8505	0.7616
43	108	1	171.9076	7	3	0	1	1	0.8519	0.7955
43	109	1	173.4576	5	9	0	1	1	0.8532	0.8464
43	110	1	175.0074	8	10	0	1	1	0.8545	0.6226
43	111	1	176.5574	7	3	0	1	1	0.8559	0.6404
43	112	1	178.1073	5	9	0	1	1	0.8571	0.6603
43	113	1	179.8572	7	3	0	1	1	0.8584	0.6541
43	114	1	181.4072	6	8	0	1	1	0.8596	0.6241
43	115	1	182.9571	8	10	0	1	1	0.8609	0.5461
43	116	1	184.5070	7	3	90	1	1	0.8621	0.7228
43	117	1	186.0569	4	7	0	1	1	0.8632	0.6944
43	118	1	187.6068	6	8	0	1	1	0.8644	0.6631
43	119	1	189.1567	5	9	90	0	1	0.8571	0.8251
43	120	1	190.7067	4	7	0	1	1	0.8583	0.8448
43	121	1	192.2565	3	6	0	-1	0	0.8512	-1.0000
43	122	1	194.3065	2	5	0	1	1	0.8525	1.3554
43	123	1	195.8564	14	2	0	1	1	0.8537	1.2455
43	124	1	197.4063	2	5	0	1	1	0.8548	0.8795
43	125	1	198.9562	14	2	0	1	1	0.8560	0.8832
43	126	1	200.5061	15	13	0	-1	0	0.8492	-1.0000
43	127	1	202.5727	2	5	0	1	1	0.8504	0.8189
43	128	1	204.1226	15	13	0	1	1	0.8516	0.9806
43	129	1	205.6725	1	1	0	1	1	0.8527	1.3668
43	130	1	207.2224	3	6	0	1	1	0.8538	1.0968
43	131	1	208.7723	4	7	0	1	1	0.8550	0.9225
43	132	1	210.3223	5	9	90	1	1	0.8561	0.8290
43	133	1	211.8722	4	7	0	1	1	0.8571	0.7496
43	134	1	213.4221	3	6	0	1	1	0.8582	0.7197
43	135	1	214.9720	2	5	90	1	1	0.8593	0.8675
43	136	1	216.5220	1	1	0	1	1	0.8603	0.6935
43	137	1	218.0719	15	13	90	0	1	0.8540	1.3035
43	138	1	219.9551	14	2	0	1	1	0.8551	0.9227
43	139	1	221.5050	2	5	0	1	1	0.8561	0.7488
43	140	1	223.0550	3	6	0	1	1	0.8571	0.8468
43	141	1	224.6049	1	1	0	1	1	0.8582	0.6897
43	142	1	226.1548	3	6	90	0	1	0.8521	0.9325
43	143	1	227.7047	2	5	90	1	1	0.8531	1.1266
43	144	1	229.2546	15	13	0	1	1	0.8542	1.2246
43	145	1	230.8045	2	5	0	1	1	0.8552	0.7618
43	146	1	232.3545	3	6	0	1	1	0.8562	1.3887
43	147	1	233.9044	4	7	0	1	1	0.8571	0.8787
43	148	1	235.4543	6	8	0	1	1	0.8581	0.7690
43	149	1	237.0042	4	7	0	1	1	0.8591	0.5631
43	150	1	238.5541	5	9	90	1	1	0.8600	0.9652
43	151	1	240.1041	7	3	0	1	1	0.8609	0.7112
43	152	1	241.6540	8	10	0	1	1	0.8618	0.5697
43	153	1	243.2039	6	8	0	1	1	0.8627	0.5232
43	154	1	244.7537	5	9	0	1	1	0.8636	0.8939
43	155	1	246.3037	7	3	0	1	1	0.8645	0.6077
43	156	1	247.8536	6	8	0	1	1	0.8654	0.6735
43	157	1	249.4036	5	9	0	1	1	0.8662	0.6902
43	158	1	250.9533	6	8	0	1	1	0.8671	0.5164
43	159	1	252.5034	8	10	0	1	1	0.8679	0.5516
43	160	1	254.0533	6	8	0	1	1	0.8688	0.4577
43	161	1	255.6032	8	10	0	1	1	0.8696	0.5396
43	162	1	257.1531	9	12	0	1	1	0.8704	1.2606
43	163	1	258.7031	8	10	0	1	1	0.8712	0.7521
43	164	1	260.2530	5	9	90	1	1	0.8720	0.8344
43	165	1	261.8029	6	8	0	1	1	0.8727	0.6591
43	166	1	263.3528	5	9	0	1	1	0.8735	0.6945
43	167	1	264.9027	4	7	0	1	1	0.8743	0.6329
43	168	1	266.4527	7	3	0	1	1	0.8750	0.6171
43	169	1	268.0026	8	10	0	1	1	0.8757	0.4604
43	170	1	269.5525	7	3	0	1	1	0.8765	0.5274
43	171	1	271.1024	6	8	0	1	1	0.8772	0.5769
43	172	1	272.6523	4	7	0	1	1	0.8779	0.6271
43	173	1	274.2022	6	8	0	1	1	0.8786	0.5969
43	174	1	275.7522	5	9	0	1	1	0.8793	0.6635
43	175	1	277.3021	7	3	0	1	1	0.8800	0.6016
43	176	1	278.8520	4	7	0	1	1	0.8807	0.5393
43	177	1	280.4019	7	3	90	1	1	0.8814	0.8295
43	178	1	281.9518	8	10	0	1	1	0.8820	0.5754
43	179	1	283.5017	6	8	0	1	1	0.8827	0.5294
43	180	1	285.0517	5	9	90	1	1	0.8833	0.6915
43	181	1	286.6016	7	3	0	1	1	0.8840	0.5802
43	182	1	288.1515	5	9	0	1	1	0.8846	0.7919
43	183	1	289.7014	6	8	0	1	1	0.8852	0.5377
43	184	1	291.2514	5	9	0	1	1	0.8859	0.5560
43	185	1	292.8012	8	10	0	1	1	0.8865	0.3820
43	186	1	294.3512	6	8	0	1	1	0.8871	0.3046
43	187	1	295.9011	7	3	0	1	1	0.8877	0.4021
43	188	1	297.4510	6	8	90	0	1	0.8830	0.3387
43	189	1	299.0009	8	10	0	1	1	0.8836	0.6144
43	190	1	300.5509	5	9	0	1	1	0.8842	0.6475
43	191	1	302.1008	6	8	0	1	1	0.8848	0.7944
43	192	1	303.6507	4	7	0	1	1	0.8854	0.7004
43	193	1	305.2006	5	9	0	1	1	0.8860	0.7019
43	194	1	306.7505	7	3	90	1	1	0.8866	0.8009
43	195	1	308.3005	8	10	0	1	1	0.8872	0.5788
43	196	1	309.8504	9	12	0	-1	0	0.8827	-1.0000
43	197	1	311.8836	11	11	0	0	1	0.8782	1.0919
43	198	1	313.5668	12	14	0	1	1	0.8788	1.3588
43	199	1	315.1167	13	4	0	1	1	0.8794	1.3143
43	200	1	316.6667	11	11	0	1	1	0.8800	1.2831
43	201	1	318.2166	12	14	0	1	1	0.8806	0.8070
43	202	1	319.7665	13	4	0	1	1	0.8812	0.7927
43	203	1	321.3164	12	14	0	1	1	0.8818	0.6827
43	204	1	322.8664	10	15	0	1	1	0.8824	1.0994
43	205	1	324.4163	13	4	0	1	1	0.8829	0.7334
43	206	1	325.9662	14	2	90	1	1	0.8835	1.0076
43	207	1	327.5161	13	4	0	1	1	0.8841	0.8024
43	208	1	329.0660	11	11	0	1	1	0.8846	0.7398
43	209	1	330.6159	9	12	90	-1	0	0.8804	-1.0000
43	210	1	332.6825	8	10	90	1	1	0.8810	0.9327
43	211	1	334.2324	7	3	0	1	1	0.8815	0.7434
43	212	1	335.7824	5	9	90	1	1	0.8821	1.0956
43	213	1	337.3323	4	7	0	1	1	0.8826	0.8110
43	214	1	338.8822	5	9	0	1	1	0.8832	0.7315
43	215	1	340.4320	8	10	90	1	1	0.8837	0.9109
43	216	1	341.9820	5	9	90	1	1	0.8843	0.8817
43	217	1	343.5319	8	10	0	1	1	0.8848	0.6422
43	218	1	345.0819	9	12	0	1	1	0.8853	0.7079
43	219	1	346.6318	10	15	0	1	1	0.8858	0.8540
43	220	1	348.1817	13	4	0	1	1	0.8864	0.6961
43	221	1	349.7316	12	14	0	1	1	0.8869	0.6037
43	222	1	351.2815	13	4	0	1	1	0.8874	0.6682
43	223	1	352.8314	12	14	90	1	1	0.8879	0.8783
43	224	1	354.3814	9	12	0	1	1	0.8884	0.7219
43	225	1	355.9313	8	10	0	1	1	0.8889	0.5951
43	226	1	357.4812	5	9	0	1	1	0.8894	0.7900
43	227	1	359.0311	4	7	0	1	1	0.8899	0.6162
43	228	1	360.5810	3	6	0	1	1	0.8904	0.7446
43	229	1	362.1310	15	13	0	1	1	0.8908	0.6830
43	230	1	363.6809	2	5	90	1	1	0.8913	0.8943
43	231	1	365.2308	3	6	90	0	1	0.8874	0.7363
43	232	1	366.7807	15	13	0	1	1	0.8879	0.7544
43	233	1	368.3306	1	1	0	1	1	0.8884	0.9151
43	234	1	369.8805	3	6	0	1	1	0.8889	0.6624
43	235	1	371.4305	15	13	0	1	1	0.8894	0.8085
43	236	1	372.9804	2	5	0	1	1	0.8898	0.7310
43	237	1	374.5303	3	6	90	0	1	0.8861	0.7649
43	238	1	376.0802	15	13	0	-1	0	0.8824	-1.0000
43	239	1	378.1135	3	6	0	1	1	0.8828	1.1331
43	240	1	379.6634	4	7	0	1	1	0.8833	1.1503
43	241	1	381.2133	3	6	0	1	1	0.8838	0.9143
43	242	1	382.7632	15	13	0	1	1	0.8843	1.0121
43	243	1	384.3131	3	6	90	0	1	0.8807	0.6624
43	244	1	385.8630	4	7	0	1	1	0.8811	0.7602
43	245	1	387.4129	7	3	0	1	1	0.8816	0.6008
43	246	1	388.9629	5	9	90	1	1	0.8821	0.9713
43	247	1	390.5128	8	10	0	1	1	0.8826	0.5742
43	248	1	392.0627	5	9	0	1	1	0.8831	0.7365
43	249	1	393.6126	8	10	90	1	1	0.8835	0.8826
43	250	1	395.1626	7	3	0	1	1	0.8840	0.6111
43	251	1	396.7125	4	7	90	-1	0	0.8805	-1.0000
43	252	1	398.7290	7	3	0	1	1	0.8810	0.7101
43	253	1	400.2789	4	7	0	1	1	0.8814	0.7925
43	254	1	401.8289	5	9	0	1	1	0.8819	0.7608
43	255	1	403.3788	4	7	0	1	1	0.8824	0.6509
43	256	1	404.9287	5	9	0	1	1	0.8828	0.6704
43	257	1	406.4786	4	7	0	1	1	0.8833	0.5453
43	258	1	408.0285	3	6	0	1	1	0.8837	1.3292
43	259	1	409.5784	4	7	0	1	1	0.8842	0.7566
43	260	1	411.1284	7	3	0	1	1	0.8846	0.6953
43	261	1	412.6783	5	9	0	1	1	0.8851	0.6330
43	262	1	414.2282	7	3	0	1	1	0.8855	0.5223
43	263	1	415.7781	5	9	0	1	1	0.8859	0.4916
43	264	1	417.3280	4	7	90	1	1	0.8864	0.8468
43	265	1	418.8780	3	6	0	1	1	0.8868	1.0725
43	266	1	420.4279	1	1	0	1	1	0.8872	1.3138
43	267	1	421.9778	15	13	0	1	1	0.8876	0.7719
43	268	1	423.5277	14	2	0	1	1	0.8881	0.8394
43	269	1	425.0776	15	13	0	1	1	0.8885	0.6480
43	270	1	426.6276	14	2	0	1	1	0.8889	0.5701
43	271	1	428.1775	2	5	0	1	1	0.8893	0.6216
43	272	1	429.7274	3	6	90	0	1	0.8860	0.7677
43	273	1	431.2773	4	7	0	-1	0	0.8828	-1.0000
43	274	1	433.3772	6	8	0	-1	0	0.8796	-1.0000
43	275	1	435.4104	4	7	0	-1	0	0.8764	-1.0000
43	276	1	437.4936	7	3	0	1	1	0.8768	1.1456
43	277	1	439.0436	4	7	0	1	1	0.8773	0.7801
43	278	1	440.5935	3	6	0	1	1	0.8777	0.7322
43	279	1	442.1434	2	5	0	1	1	0.8781	0.7041
43	280	1	443.6933	15	13	0	1	1	0.8786	0.5297
43	281	1	445.2432	1	1	90	1	1	0.8790	0.9637
43	282	1	446.7932	2	5	0	1	1	0.8794	0.5981
43	283	1	448.3431	15	13	0	1	1	0.8799	0.4721
43	284	1	449.8930	3	6	90	0	1	0.8768	0.6822
43	285	1	451.4429	15	13	0	1	1	0.8772	0.7950
43	286	1	452.9928	3	6	0	1	1	0.8776	0.7502
43	287	1	454.5427	15	13	0	1	1	0.8780	0.5749
43	288	1	456.0926	14	2	0	1	1	0.8785	0.5307
43	289	1	457.6426	15	13	0	1	1	0.8789	0.3397
43	290	1	459.1925	1	1	0	1	1	0.8793	0.5027
43	291	1	460.7424	2	5	0	1	1	0.8797	0.5206
43	292	1	462.2923	3	6	0	1	1	0.8801	0.4590
43	293	1	463.8423	1	1	0	1	1	0.8805	0.4608
43	294	1	465.3922	14	2	0	1	1	0.8810	0.4777
43	295	1	466.9421	15	13	0	1	1	0.8814	0.3851
43	296	1	468.4920	1	1	0	1	1	0.8818	0.4356
43	297	1	470.0419	14	2	0	1	1	0.8822	0.4209
43	298	1	471.5918	13	4	0	1	1	0.8826	0.6800
43	299	1	473.1418	12	14	90	1	1	0.8829	0.8413
43	300	1	474.6917	10	15	0	1	1	0.8833	0.8755
43	301	1	476.2416	12	14	90	1	1	0.8837	0.8457
43	302	1	477.7915	11	11	90	1	1	0.8841	1.1357
43	303	1	479.3414	10	15	0	1	1	0.8845	0.8323
43	304	1	480.8913	13	4	90	1	1	0.8849	0.8183
43	305	1	482.4413	11	11	0	0	1	0.8820	1.1580
43	306	1	484.0912	9	12	90	1	1	0.8824	1.3950
43	307	1	485.6411	12	14	0	1	1	0.8827	0.9499
43	308	1	487.1910	11	11	0	1	1	0.8831	0.8397
43	309	1	488.7409	13	4	0	1	1	0.8835	0.6821
43	310	1	490.2908	14	2	0	1	1	0.8839	0.5724
43	311	1	491.8408	15	13	0	1	1	0.8842	0.8449
43	312	1	493.3907	14	2	90	1	1	0.8846	1.1670
43	313	1	494.9406	13	4	0	1	1	0.8850	0.8185
43	314	1	496.4905	10	15	0	1	1	0.8854	0.7553
43	315	1	498.0405	9	12	0	1	1	0.8857	0.5505
43	316	1	499.5904	8	10	0	1	1	0.8861	0.8727
43	317	1	501.1403	7	3	90	0	1	0.8833	0.7468
43	318	1	502.6902	5	9	0	1	1	0.8836	0.6689
43	319	1	504.2401	8	10	90	1	1	0.8840	1.1015
43	320	1	505.7900	6	8	0	1	1	0.8844	0.7532
43	321	1	507.3399	4	7	0	1	1	0.8847	0.9945
43	322	1	508.8899	3	6	0	1	1	0.8851	0.8197
43	323	1	510.4398	1	1	0	1	1	0.8854	0.7418
43	324	1	511.9897	14	2	0	1	1	0.8858	0.4898
43	325	1	513.5396	2	5	90	1	1	0.8862	0.7955
43	326	1	515.0896	15	13	0	1	1	0.8865	0.7183
43	327	1	516.6395	14	2	0	1	1	0.8869	0.6076
43	328	1	518.1893	2	5	0	1	1	0.8872	0.6258
43	329	1	519.7393	1	1	0	1	1	0.8875	0.5957
43	330	1	521.2892	3	6	90	0	1	0.8848	0.8538
43	331	1	522.8391	2	5	0	1	1	0.8852	0.9985
43	332	1	524.3891	3	6	90	0	1	0.8825	0.6502
43	333	1	525.9390	2	5	0	1	1	0.8829	0.6186
43	334	1	527.4889	3	6	0	1	1	0.8832	0.8782
43	335	1	529.0388	15	13	0	1	1	0.8836	0.6403
43	336	1	530.5887	3	6	0	1	1	0.8839	0.6265
43	337	1	532.1387	15	13	90	1	1	0.8843	1.2996
43	338	1	533.6886	3	6	90	0	1	0.8817	1.0146
43	339	1	535.2718	2	5	0	1	1	0.8820	0.8553
43	340	1	536.8217	14	2	0	1	1	0.8824	0.6495
43	341	1	538.3717	1	1	0	1	1	0.8827	0.5875
43	342	1	540.1216	2	5	0	1	1	0.8830	0.9335
43	343	1	541.6715	15	13	0	1	1	0.8834	0.6636
43	344	1	543.2214	1	1	0	1	1	0.8837	0.5202
43	345	1	544.7713	2	5	0	1	1	0.8841	0.6343
43	346	1	546.3212	15	13	90	1	1	0.8844	1.2462
43	347	1	547.8712	3	6	0	1	1	0.8847	0.7999
43	348	1	549.4211	15	13	0	1	1	0.8851	0.9765
43	349	1	550.9710	3	6	90	1	1	0.8854	1.0757
43	350	1	552.5209	1	1	0	1	1	0.8857	0.6927
43	351	1	554.0709	3	6	0	1	1	0.8860	0.7444
43	352	1	555.6208	4	7	90	1	1	0.8864	1.2242
43	353	1	557.1707	7	3	0	1	1	0.8867	0.6848
43	354	1	558.7205	6	8	90	1	1	0.8870	0.8625
43	355	1	560.2705	5	9	90	1	1	0.8873	0.8488
43	356	1	561.8204	6	8	90	1	1	0.8876	0.6266
43	357	1	563.3703	5	9	0	1	1	0.8880	0.7249
43	358	1	564.9203	8	10	0	1	1	0.8883	0.6795
43	359	1	566.4702	6	8	0	1	1	0.8886	0.9370
43	360	1	568.0201	5	9	0	1	1	0.8889	0.6497
43	361	1	569.5700	8	10	90	1	1	0.8892	0.9090
43	362	1	571.1199	9	12	0	1	1	0.8895	0.7176
43	363	1	572.6698	8	10	0	1	1	0.8898	0.5773
43	364	1	574.2197	7	3	90	1	1	0.8901	0.8194
43	365	1	575.7697	8	10	90	1	1	0.8904	0.8679
43	366	1	577.3196	5	9	0	1	1	0.8907	0.6941
43	367	1	578.8695	8	10	90	1	1	0.8910	0.7776
43	368	1	580.4194	6	8	0	1	1	0.8913	0.6663
43	369	1	581.9693	4	7	0	1	1	0.8916	1.0698
43	370	1	583.5193	6	8	90	1	1	0.8919	0.9424
43	371	1	585.0692	8	10	0	1	1	0.8922	0.7058
43	372	1	586.6191	7	3	90	1	1	0.8925	0.6282
43	373	1	588.1690	6	8	0	1	1	0.8928	0.5491
43	374	1	589.7190	7	3	0	1	1	0.8930	0.5999
43	375	1	591.2689	8	10	0	1	1	0.8933	0.5382
43	376	1	592.8188	6	8	90	1	1	0.8936	0.8768
43	377	1	594.3687	5	9	0	1	1	0.8939	0.6534
43	378	1	595.9186	6	8	0	1	1	0.8942	0.6242
43	379	1	597.4685	7	3	0	1	1	0.8945	0.5464
43	380	1	599.0184	4	7	0	1	1	0.8947	0.5645
43	381	1	600.5684	6	8	0	1	1	0.8950	0.4872
43	382	1	602.1183	8	10	0	1	1	0.8953	0.5688
43	383	1	603.6682	6	8	0	1	1	0.8956	0.5708
43	384	1	605.2181	7	3	0	1	1	0.8958	0.5250
43	385	1	606.7681	8	10	0	1	1	0.8961	0.5111
43	386	1	608.3180	9	12	0	1	1	0.8964	0.6736
43	387	1	609.8679	10	15	0	1	1	0.8966	0.7554
43	388	1	611.4178	9	12	0	1	1	0.8969	0.5964
43	389	1	612.9677	12	14	0	1	1	0.8972	0.7912
43	390	1	614.5177	9	12	0	1	1	0.8974	0.5695
43	391	1	616.0675	8	10	0	1	1	0.8977	0.5228
43	392	1	617.6175	9	12	0	1	1	0.8980	0.5420
43	393	1	619.1674	12	14	0	1	1	0.8982	0.5582
43	394	1	620.7173	9	12	0	1	1	0.8985	0.5302
43	395	1	622.2672	12	14	90	1	1	0.8987	0.9155
43	396	1	623.8171	10	15	0	1	1	0.8990	0.7417
43	397	1	625.3671	12	14	0	1	1	0.8992	0.5521
43	398	1	626.9169	10	15	0	1	1	0.8995	0.6021
43	399	1	628.4669	9	12	90	1	1	0.8997	0.9721
43	400	1	630.0168	8	10	0	1	1	0.9000	0.6207
43	401	1	631.5667	7	3	0	1	1	0.9002	0.6388
43	402	1	633.1167	5	9	90	1	1	0.9005	0.8022
43	403	1	634.6665	8	10	90	-1	0	0.8983	-1.0000
43	404	1	636.6831	6	8	0	1	1	0.8985	0.8824
43	405	1	638.2331	5	9	0	1	1	0.8988	0.7093
43	406	1	639.7829	4	7	0	1	1	0.8990	0.8885
43	407	1	641.3329	6	8	0	1	1	0.8993	0.6661
43	408	1	642.8828	4	7	0	1	1	0.8995	0.6188
43	409	1	644.4327	5	9	0	1	1	0.8998	0.5907
43	410	1	645.9827	7	3	0	1	1	0.9000	0.6406
43	411	1	647.5326	5	9	0	1	1	0.9002	0.4987
43	412	1	649.0825	6	8	0	1	1	0.9005	0.4847
43	413	1	650.6324	5	9	0	1	1	0.9007	0.4386
43	414	1	652.1823	6	8	90	1	1	0.9010	0.7606
43	415	1	653.7322	7	3	0	1	1	0.9012	0.6189
43	416	1	655.2822	5	9	0	1	1	0.9014	0.6849
43	417	1	656.8320	4	7	0	1	1	0.9017	0.5591
43	418	1	658.3820	3	6	0	1	1	0.9019	0.9130
43	419	1	659.9319	15	13	0	1	1	0.9021	1.2830
43	420	1	661.4818	2	5	0	1	1	0.9024	0.7413
43	421	1	663.0318	14	2	0	0	1	0.9002	1.0152
43	422	1	664.5817	15	13	0	1	1	0.9005	0.8092
43	423	1	666.1316	3	6	0	1	1	0.9007	1.2274
43	424	1	667.6815	4	7	90	1	1	0.9009	1.0524
43	425	1	669.2314	3	6	90	-1	0	0.8988	-1.0000
43	426	1	671.2313	2	5	0	1	1	0.8991	0.9753
43	427	1	672.7812	15	13	0	1	1	0.8993	0.6419
43	428	1	674.3312	14	2	90	1	1	0.8995	1.0444
43	429	1	675.8811	15	13	0	1	1	0.8998	0.6445
43	430	1	677.4310	1	1	0	1	1	0.9000	0.7602
43	431	1	678.9809	2	5	0	1	1	0.9002	0.6019
43	432	1	680.5308	1	1	90	1	1	0.9005	0.8923
43	433	1	682.0808	2	5	0	1	1	0.9007	0.6386
43	434	1	683.6307	14	2	0	1	1	0.9009	0.5763
43	435	1	685.1806	1	1	0	1	1	0.9011	0.7546
43	436	1	686.7305	3	6	0	1	1	0.9014	1.2350
43	437	1	688.2804	15	13	90	0	1	0.8993	1.0292
43	438	1	689.8303	3	6	90	-1	0	0.8973	-1.0000
43	439	1	691.8636	15	13	0	-1	0	0.8952	-1.0000
43	440	1	693.8968	2	5	0	1	1	0.8955	0.8702
43	441	1	695.4467	14	2	0	1	1	0.8957	0.6162
43	442	1	696.9966	2	5	0	1	1	0.8959	0.5865
43	443	1	698.5465	14	2	90	1	1	0.8962	0.8750
43	444	1	700.0965	2	5	0	1	1	0.8964	0.6385
43	445	1	701.6464	15	13	0	1	1	0.8966	0.7048
43	446	1	703.1963	3	6	0	1	1	0.8969	0.9628
43	447	1	704.7462	4	7	90	0	1	0.8949	0.9651
43	448	1	706.2962	3	6	0	1	1	0.8951	0.8390
43	449	1	707.8461	4	7	0	1	1	0.8953	0.7450
43	450	1	709.3960	5	9	90	1	1	0.8956	0.9064
43	451	1	710.9459	8	10	0	1	1	0.8958	0.5892
43	452	1	712.4958	7	3	90	1	1	0.8960	0.8465
43	453	1	714.0457	8	10	0	1	1	0.8962	0.5453
43	454	1	715.5957	7	3	90	1	1	0.8965	0.7859
43	455	1	717.1456	8	10	90	1	1	0.8967	0.8375
43	456	1	718.6955	5	9	90	1	1	0.8969	0.8391
43	457	1	720.2454	7	3	0	1	1	0.8972	0.6329
43	458	1	721.7953	8	10	0	1	1	0.8974	0.5862
43	459	1	723.3452	6	8	0	1	1	0.8976	0.9563
43	460	1	724.8952	8	10	0	1	1	0.8978	0.5119
43	461	1	726.4451	6	8	0	1	1	0.8980	0.5140
43	462	1	727.9950	4	7	0	1	1	0.8983	0.6280
43	463	1	729.5449	7	3	90	1	1	0.8985	0.7421
43	464	1	731.0948	5	9	0	1	1	0.8987	0.6640
43	465	1	732.6447	8	10	0	1	1	0.8989	0.6336
43	466	1	734.1947	6	8	0	1	1	0.8991	0.6535
43	467	1	735.7446	4	7	0	1	1	0.8994	0.6230
43	468	1	737.2945	3	6	0	1	1	0.8996	0.7045
43	469	1	738.8444	1	1	0	1	1	0.8998	0.5626
43	470	1	740.3944	3	6	0	1	1	0.9000	0.6767
43	471	1	741.9443	4	7	0	1	1	0.9002	0.7105
43	472	1	743.4942	6	8	0	1	1	0.9004	0.5193
43	473	1	745.0441	4	7	0	1	1	0.9006	0.6030
43	474	1	746.5940	3	6	90	1	1	0.9008	0.9571
43	475	1	748.1439	2	5	0	1	1	0.9011	0.6230
43	476	1	749.6938	1	1	0	1	1	0.9013	0.5931
43	477	1	751.2438	14	2	0	1	1	0.9015	0.5795
43	478	1	752.7937	1	1	0	1	1	0.9017	0.6294
43	479	1	754.3436	3	6	0	1	1	0.9019	1.0476
43	480	1	755.8935	4	7	90	0	1	0.9000	0.6013
43	481	1	757.4435	6	8	0	1	1	0.9002	0.6355
43	482	1	758.9934	4	7	0	1	1	0.9004	0.7498
43	483	1	760.5433	7	3	0	1	1	0.9006	0.6561
43	484	1	762.0931	6	8	0	1	1	0.9008	0.5443
43	485	1	763.6431	4	7	0	1	1	0.9010	0.4840
43	486	1	765.1930	5	9	0	1	1	0.9012	0.6306
43	487	1	766.7430	6	8	90	0	1	0.8994	0.3600
43	488	1	768.2929	8	10	0	1	1	0.8996	0.6195
43	489	1	769.8428	6	8	90	1	1	0.8998	0.9562
43	490	1	771.3927	8	10	0	1	1	0.9000	0.6702
43	491	1	772.9426	9	12	0	1	1	0.9002	0.7511
43	492	1	774.4925	8	10	90	1	1	0.9004	0.7543
43	493	1	776.0425	5	9	0	1	1	0.9006	0.5963
43	494	1	777.5924	8	10	0	1	1	0.9008	0.5666
43	495	1	779.1423	9	12	0	1	1	0.9010	0.7126
43	496	1	780.6922	10	15	0	0	1	0.8992	0.6026
43	497	1	782.2421	12	14	0	1	1	0.8994	0.7327
43	498	1	783.7920	10	15	90	1	1	0.8996	1.0555
43	499	1	785.3420	11	11	90	1	1	0.8998	1.2797
43	500	1	786.8919	12	14	0	1	1	0.9000	0.7701
43	501	1	788.4418	9	12	0	1	1	0.9002	0.7411
43	502	1	789.9917	11	11	0	1	1	0.9004	0.8232
43	503	1	791.5416	9	12	0	1	1	0.9006	0.6012
43	504	1	793.0916	8	10	0	1	1	0.9008	0.8596
43	505	1	794.6415	6	8	0	1	1	0.9010	0.6045
43	506	1	796.1914	5	9	90	1	1	0.9012	1.3755
43	507	1	797.7413	6	8	90	1	1	0.9014	1.0082
43	508	1	799.2913	4	7	90	0	1	0.8996	0.8356
43	509	1	800.8412	7	3	0	1	1	0.8998	0.6937
43	510	1	802.3911	6	8	0	1	1	0.9000	0.6624
43	511	1	803.9410	7	3	90	1	1	0.9002	0.9068
43	512	1	805.4909	4	7	0	1	1	0.9004	0.8121
43	513	1	807.0408	5	9	0	1	1	0.9006	0.7327
43	514	1	808.5908	8	10	0	1	1	0.9008	0.5601
43	515	1	810.1406	7	3	0	1	1	0.9010	0.5942
43	516	1	811.6906	6	8	0	1	1	0.9012	0.5804
43	517	1	813.2405	5	9	0	1	1	0.9014	0.5666
43	518	1	814.7904	8	10	0	1	1	0.9015	0.5844
43	519	1	816.3404	6	8	0	1	1	0.9017	0.6173
43	520	1	817.8903	8	10	0	1	1	0.9019	0.5887
43	521	1	819.4401	9	12	0	1	1	0.9021	0.5908
43	522	1	820.9901	10	15	90	-1	0	0.9004	-1.0000
43	523	1	823.0067	11	11	0	-1	0	0.8987	-1.0000
43	524	1	825.0399	12	14	90	1	1	0.8989	0.9911
43	525	1	826.5898	13	4	0	1	1	0.8990	0.7357
43	526	1	828.1397	12	14	0	1	1	0.8992	0.6751
43	527	1	829.6896	11	11	0	1	1	0.8994	0.8533
43	528	1	831.2396	10	15	0	1	1	0.8996	0.7739
43	529	1	832.7895	9	12	0	1	1	0.8998	0.5534
43	530	1	834.3394	10	15	90	1	1	0.9000	0.8439
43	531	1	835.8893	12	14	90	1	1	0.9002	1.0044
43	532	1	837.4392	9	12	0	1	1	0.9004	0.5919
43	533	1	838.9892	11	11	0	1	1	0.9006	0.6096
43	534	1	840.5390	12	14	90	1	1	0.9007	0.9323
43	535	1	842.0890	9	12	0	1	1	0.9009	0.5502
43	536	1	843.6389	12	14	90	1	1	0.9011	0.9200
43	537	1	845.1888	10	15	90	0	1	0.8994	0.8102
43	538	1	846.7387	9	12	90	1	1	0.8996	0.9082
43	539	1	848.2887	11	11	0	1	1	0.8998	0.6848
43	540	1	849.8386	12	14	90	1	1	0.9000	0.7831
43	541	1	851.3885	11	11	0	1	1	0.9002	0.5627
43	542	1	852.9384	9	12	0	1	1	0.9004	0.5645
43	543	1	854.4883	12	14	0	1	1	0.9006	0.5827
43	544	1	856.0383	10	15	0	1	1	0.9007	0.6167
43	545	1	857.5882	13	4	0	1	1	0.9009	0.5711
43	546	1	859.1381	14	2	0	1	1	0.9011	0.9574
43	547	1	860.6880	2	5	0	1	1	0.9013	0.6215
43	548	1	862.2379	14	2	90	1	1	0.9015	1.0569
43	549	1	863.7878	1	1	90	1	1	0.9016	0.8509
43	550	1	865.5211	3	6	0	1	1	0.9018	0.9898
43	551	1	867.0710	15	13	90	1	1	0.9020	1.0400
43	552	1	868.6209	3	6	0	1	1	0.9022	0.8011
43	553	1	870.1708	15	13	0	1	1	0.9024	0.9786
43	554	1	871.7207	14	2	0	1	1	0.9025	0.6622
43	555	1	873.2707	15	13	0	1	1	0.9027	0.7927
43	556	1	874.8206	3	6	0	1	1	0.9029	0.8103
43	557	1	876.3705	1	1	0	1	1	0.9031	0.7324
43	558	1	877.9204	14	2	0	1	1	0.9032	0.5425
43	559	1	879.4703	15	13	0	1	1	0.9034	0.6081
43	560	1	881.0203	2	5	0	1	1	0.9036	0.5932
43	561	1	882.5702	3	6	0	1	1	0.9037	0.6446
43	562	1	884.1201	1	1	0	1	1	0.9039	0.6151
43	563	1	885.6700	3	6	0	1	1	0.9041	0.7769
43	564	1	887.2199	1	1	0	1	1	0.9043	0.5228
43	565	1	888.7699	3	6	0	1	1	0.9044	0.5891
43	566	1	890.3198	2	5	0	1	1	0.9046	0.5433
43	567	1	891.8697	14	2	0	1	1	0.9048	0.7213
43	568	1	893.4196	13	4	0	1	1	0.9049	0.8018
43	569	1	894.9695	14	2	0	1	1	0.9051	0.6134
43	570	1	896.5195	13	4	0	1	1	0.9053	0.6956
43	571	1	898.0694	11	11	90	1	1	0.9054	1.1609
43	572	1	899.6193	12	14	0	1	1	0.9056	0.8124
43	573	1	901.1692	11	11	90	1	1	0.9058	0.8293
43	574	1	902.7191	10	15	0	1	1	0.9059	0.7999
43	575	1	904.2690	9	12	0	1	1	0.9061	0.5621
43	576	1	905.8190	8	10	90	1	1	0.9063	0.7241
43	577	1	907.3689	5	9	0	1	1	0.9064	0.7099
43	578	1	908.9188	7	3	0	1	1	0.9066	0.7121
43	579	1	910.4687	6	8	90	1	1	0.9067	0.8738
43	580	1	912.0186	4	7	0	1	1	0.9069	1.1640
43	581	1	913.5686	7	3	0	1	1	0.9071	0.6851
43	582	1	915.1185	6	8	0	1	1	0.9072	0.6885
43	583	1	916.6684	5	9	0	1	1	0.9074	0.6265
43	584	1	918.2183	4	7	0	1	1	0.9075	0.6911
43	585	1	919.7682	6	8	0	1	1	0.9077	0.6452
43	586	1	921.3181	4	7	90	1	1	0.9078	1.0313
43	587	1	922.8681	3	6	0	1	1	0.9080	0.9533
43	588	1	924.4180	2	5	0	1	1	0.9082	0.6528
43	589	1	925.9679	15	13	0	1	1	0.9083	0.6872
43	590	1	927.5178	2	5	0	1	1	0.9085	0.4806
43	591	1	929.0677	15	13	90	1	1	0.9086	0.7697
43	592	1	930.6177	3	6	0	1	1	0.9088	0.8373
43	593	1	932.1676	15	13	0	1	1	0.9089	0.6474
43	594	1	933.7175	1	1	0	1	1	0.9091	0.5853
43	595	1	935.2674	3	6	0	1	1	0.9092	0.9074
43	596	1	936.8173	2	5	0	1	1	0.9094	0.6055
43	597	1	938.3672	14	2	0	1	1	0.9095	0.6062
43	598	1	939.9172	1	1	0	1	1	0.9097	0.5455
43	599	1	941.4671	2	5	90	1	1	0.9098	0.7238
43	600	1	943.0170	14	2	0	1	1	0.9100	0.5501
43	601	1	1029.9124	15	13	0	-1	0	0.9085	-1.0000
43	602	1	1032.0290	1	1	0	-1	0	0.9070	-1.0000
43	603	1	1034.1122	3	6	0	1	1	0.9071	1.2626
43	604	1	1035.6621	4	7	0	1	1	0.9073	0.9920
43	605	1	1037.2120	3	6	0	1	1	0.9074	0.8818
43	606	1	1038.7619	15	13	0	1	1	0.9076	1.3650
43	607	1	1040.3119	3	6	0	1	1	0.9077	0.7269
43	608	1	1041.8618	2	5	0	1	1	0.9079	0.8730
43	609	1	1043.4117	15	13	0	1	1	0.9080	0.6656
43	610	1	1044.9616	14	2	0	1	1	0.9082	0.6197
43	611	1	1046.5116	1	1	0	1	1	0.9083	0.6060
43	612	1	1048.0615	15	13	90	1	1	0.9085	1.1679
43	613	1	1049.6114	14	2	90	0	1	0.9070	0.9635
43	614	1	1051.1613	13	4	0	1	1	0.9072	1.0619
43	615	1	1052.7112	14	2	0	1	1	0.9073	0.6621
43	616	1	1054.2611	1	1	0	1	1	0.9075	0.5537
43	617	1	1055.8111	14	2	0	1	1	0.9076	0.6199
43	618	1	1057.3609	1	1	0	1	1	0.9078	0.5738
43	619	1	1058.9109	2	5	0	1	1	0.9079	0.5905
43	620	1	1060.4608	14	2	90	1	1	0.9081	0.8012
43	621	1	1062.0107	15	13	0	1	1	0.9082	0.8681
43	622	1	1063.5607	3	6	0	1	1	0.9084	0.6141
43	623	1	1065.1106	2	5	90	1	1	0.9085	0.7283
43	624	1	1066.6605	14	2	90	1	1	0.9087	0.8584
43	625	1	1068.2104	15	13	0	1	1	0.9088	0.6683
43	626	1	1069.7603	14	2	0	1	1	0.9089	0.5906
43	627	1	1071.3102	13	4	0	1	1	0.9091	0.6551
43	628	1	1072.8602	14	2	0	1	1	0.9092	0.5947
43	629	1	1074.4101	13	4	0	1	1	0.9094	0.6433
43	630	1	1075.9600	12	14	0	1	1	0.9095	0.6628
43	631	1	1077.5099	13	4	0	1	1	0.9097	0.6331
43	632	1	1079.0598	11	11	0	1	1	0.9098	1.2112
43	633	1	1080.6097	13	4	0	1	1	0.9100	0.6370
43	634	1	1082.1597	14	2	0	1	1	0.9101	0.6857
43	635	1	1083.7096	15	13	90	1	1	0.9102	0.9453
43	636	1	1085.2595	2	5	0	1	1	0.9104	0.7232
43	637	1	1086.8094	3	6	0	1	1	0.9105	0.7733
43	638	1	1088.3593	4	7	0	1	1	0.9107	1.0620
43	639	1	1089.9092	3	6	0	1	1	0.9108	0.6500
43	640	1	1091.4592	1	1	0	1	1	0.9109	0.6341
43	641	1	1093.0090	14	2	0	1	1	0.9111	0.5737
43	642	1	1094.5590	1	1	90	1	1	0.9112	0.7838
43	643	1	1096.1089	3	6	90	1	1	0.9114	0.8666
43	644	1	1097.6588	4	7	0	1	1	0.9115	0.5794
43	645	1	1099.2088	7	3	0	1	1	0.9116	0.7085
43	646	1	1100.7587	4	7	90	0	1	0.9102	0.6801
43	647	1	1102.3086	7	3	0	1	1	0.9104	0.6662
43	648	1	1103.8584	6	8	0	1	1	0.9105	0.6524
43	649	1	1105.4084	7	3	0	1	1	0.9106	0.5257
43	650	1	1106.9584	4	7	0	1	1	0.9108	0.5604
43	651	1	1108.5083	7	3	0	1	1	0.9109	0.4811
43	652	1	1110.0582	5	9	0	1	1	0.9110	0.6446
43	653	1	1111.6081	6	8	0	1	1	0.9112	0.5186
43	654	1	1113.1580	4	7	0	1	1	0.9113	0.5848
43	655	1	1114.7079	7	3	90	1	1	0.9115	0.8094
43	656	1	1116.2579	6	8	0	1	1	0.9116	0.6852
43	657	1	1117.8078	4	7	0	1	1	0.9117	0.5909
43	658	1	1119.3577	3	6	0	1	1	0.9119	0.7682
43	659	1	1120.9076	4	7	0	1	1	0.9120	0.6113
43	660	1	1122.4575	3	6	0	1	1	0.9121	0.7253
43	661	1	1124.0075	4	7	0	1	1	0.9123	0.5994
43	662	1	1125.5574	5	9	90	1	1	0.9124	0.9055
43	663	1	1127.1073	8	10	0	1	1	0.9125	0.7940
43	664	1	1128.6572	7	3	0	1	1	0.9127	0.5896
43	665	1	1130.2071	8	10	0	1	1	0.9128	0.6557
43	666	1	1131.7571	6	8	0	1	1	0.9129	0.5938
43	667	1	1133.3070	5	9	0	1	1	0.9130	0.7703
43	668	1	1134.8569	4	7	0	1	1	0.9132	0.5980
43	669	1	1136.4068	7	3	0	1	1	0.9133	0.5360
43	670	1	1137.9567	6	8	0	1	1	0.9134	0.5221
43	671	1	1139.5066	7	3	90	1	1	0.9136	0.7147
43	672	1	1141.0566	8	10	0	1	1	0.9137	0.5421
43	673	1	1142.6065	9	12	0	-1	0	0.9123	-1.0000
43	674	1	1144.6397	12	14	0	1	1	0.9125	0.7816
43	675	1	1146.1896	10	15	0	1	1	0.9126	0.7677
43	676	1	1147.7396	12	14	0	1	1	0.9127	0.6097
43	677	1	1149.2895	9	12	90	1	1	0.9129	1.2692
43	678	1	1150.8394	12	14	90	1	1	0.9130	0.8555
43	679	1	1152.3893	11	11	0	1	1	0.9131	0.7935
43	680	1	1153.9392	10	15	0	1	1	0.9132	0.6837
43	681	1	1155.4891	13	4	0	1	1	0.9134	0.7341
43	682	1	1157.0391	14	2	0	1	1	0.9135	0.6558
43	683	1	1158.5890	13	4	90	1	1	0.9136	0.8827
43	684	1	1160.1389	14	2	0	1	1	0.9137	0.5784
43	685	1	1161.6888	13	4	90	1	1	0.9139	0.6779
43	686	1	1163.2387	14	2	90	1	1	0.9140	0.8066
43	687	1	1164.7886	13	4	0	1	1	0.9141	0.6337
43	688	1	1166.3386	14	2	0	1	1	0.9142	0.6202
43	689	1	1167.8885	15	13	0	1	1	0.9144	0.7968
43	690	1	1169.4384	1	1	0	1	1	0.9145	0.6084
43	691	1	1170.9883	15	13	0	1	1	0.9146	0.6108
43	692	1	1172.5382	2	5	90	1	1	0.9147	0.7565
43	693	1	1174.0881	1	1	0	1	1	0.9149	0.6612
43	694	1	1175.6381	2	5	90	1	1	0.9150	0.6968
43	695	1	1177.1880	15	13	0	1	1	0.9151	1.0013
43	696	1	1178.7379	3	6	0	1	1	0.9152	0.7329
43	697	1	1180.2879	1	1	0	1	1	0.9154	0.7014
43	698	1	1181.8377	14	2	0	1	1	0.9155	0.5755
43	699	1	1183.3877	13	4	0	1	1	0.9156	0.6271
43	700	1	1184.9376	11	11	0	1	1	0.9157	0.7890
43	701	1	1186.4875	9	12	0	1	1	0.9158	0.6298
43	702	1	1188.0374	10	15	0	1	1	0.9160	0.4731
43	703	1	1189.5873	13	4	0	1	1	0.9161	0.5875
43	704	1	1191.1373	10	15	0	1	1	0.9162	0.5720
43	705	1	1192.6871	13	4	0	1	1	0.9163	0.5742
43	706	1	1194.2371	14	2	90	1	1	0.9164	1.2818
43	707	1	1195.7870	13	4	0	1	1	0.9165	0.6102
43	708	1	1197.3369	12	14	0	1	1	0.9167	0.6620
43	709	1	1198.8869	9	12	90	-1	0	0.9154	-1.0000
43	710	1	1200.9368	11	11	0	0	1	0.9141	0.1179
43	711	1	1202.4867	9	12	0	1	1	0.9142	0.6466
43	712	1	1204.0366	8	10	0	1	1	0.9143	0.6500
43	713	1	1205.5865	9	12	90	1	1	0.9144	1.1481
43	714	1	1207.1364	10	15	0	1	1	0.9146	0.7503
43	715	1	1208.6863	13	4	0	1	1	0.9147	0.6724
43	716	1	1210.2363	14	2	90	1	1	0.9148	0.9610
43	717	1	1211.7862	13	4	0	1	1	0.9149	0.6128
43	718	1	1213.3361	12	14	0	1	1	0.9150	0.6790
43	719	1	1214.8860	9	12	90	1	1	0.9152	1.0485
43	720	1	1216.4359	12	14	0	1	1	0.9153	0.5542
43	721	1	1217.9858	10	15	0	1	1	0.9154	0.6034
43	722	1	1219.5358	12	14	0	1	1	0.9155	0.4775
43	723	1	1221.0857	10	15	0	1	1	0.9156	0.5771
43	724	1	1222.6356	9	12	90	1	1	0.9157	0.8031
43	725	1	1224.1855	11	11	0	1	1	0.9159	0.6613
43	726	1	1225.7354	10	15	0	1	1	0.9160	0.6459
43	727	1	1227.2854	12	14	0	1	1	0.9161	0.4895
43	728	1	1228.8352	13	4	0	1	1	0.9162	0.5235
43	729	1	1230.3852	11	11	0	1	1	0.9163	0.5735
43	730	1	1231.9351	13	4	0	1	1	0.9164	0.4642
43	731	1	1233.4850	14	2	0	1	1	0.9166	1.1057
43	732	1	1235.0350	13	4	0	1	1	0.9167	0.6436
43	733	1	1236.5848	10	15	0	1	1	0.9168	0.5980
43	734	1	1238.1348	11	11	0	1	1	0.9169	0.5344
43	735	1	1239.6847	13	4	0	1	1	0.9170	0.5220
43	736	1	1241.2346	11	11	90	1	1	0.9171	1.0042
43	737	1	1242.7845	13	4	90	1	1	0.9172	0.8147
43	738	1	1244.3345	14	2	0	1	1	0.9173	0.5763
43	739	1	1245.8844	15	13	0	1	1	0.9175	0.7369
43	740	1	1247.4343	1	1	90	1	1	0.9176	0.9469
43	741	1	1248.9842	15	13	0	1	1	0.9177	0.6306
43	742	1	1250.5341	1	1	0	1	1	0.9178	0.5846
43	743	1	1252.0841	2	5	0	1	1	0.9179	0.7787
43	744	1	1253.6340	15	13	0	1	1	0.9180	0.7313
43	745	1	1255.1839	3	6	0	1	1	0.9181	0.7173
43	746	1	1256.7338	15	13	0	1	1	0.9182	0.5928
43	747	1	1258.2837	1	1	0	1	1	0.9183	0.4996
43	748	1	1259.8336	2	5	0	1	1	0.9184	0.5971
43	749	1	1261.3836	14	2	0	1	1	0.9186	0.5509
43	750	1	1262.9335	1	1	90	1	1	0.9187	0.7292
43	751	1	1264.4834	15	13	0	1	1	0.9188	0.4898
43	752	1	1266.0333	1	1	0	1	1	0.9189	0.4773
43	753	1	1267.5833	2	5	0	1	1	0.9190	0.4954
43	754	1	1269.1331	14	2	90	1	1	0.9191	0.9617
43	755	1	1270.6831	13	4	0	1	1	0.9192	0.6755
43	756	1	1272.2330	14	2	0	1	1	0.9193	0.5657
43	757	1	1273.7829	15	13	0	1	1	0.9194	0.5517
43	758	1	1275.3328	2	5	0	1	1	0.9195	0.5058
43	759	1	1276.8827	3	6	0	1	1	0.9196	0.5878
43	760	1	1278.4326	2	5	0	1	1	0.9197	0.5100
43	761	1	1279.9825	14	2	90	1	1	0.9198	0.7681
43	762	1	1281.5325	15	13	0	1	1	0.9199	0.6103
43	763	1	1283.0824	14	2	0	1	1	0.9201	0.5321
43	764	1	1284.6324	15	13	90	-1	0	0.9188	-1.0000
43	765	1	1286.6656	1	1	0	1	1	0.9190	0.5972
43	766	1	1288.2154	15	13	0	1	1	0.9191	0.8391
43	767	1	1289.7654	1	1	0	1	1	0.9192	0.6652
43	768	1	1291.3153	3	6	0	1	1	0.9193	0.7139
43	769	1	1292.8652	4	7	0	1	1	0.9194	0.7173
43	770	1	1294.4152	7	3	0	1	1	0.9195	0.6876
43	771	1	1295.9651	6	8	0	1	1	0.9196	0.7695
43	772	1	1297.5150	4	7	0	1	1	0.9197	0.6437
43	773	1	1299.0649	7	3	0	1	1	0.9198	0.5323
43	774	1	1300.6148	8	10	90	1	1	0.9199	0.9040
43	775	1	1302.1648	6	8	0	1	1	0.9200	0.5539
43	776	1	1303.7147	7	3	0	1	1	0.9201	0.6040
43	777	1	1305.2646	5	9	0	1	1	0.9202	0.6689
43	778	1	1306.8145	8	10	90	1	1	0.9203	0.7846
43	779	1	1308.3644	5	9	0	1	1	0.9204	0.5622
43	780	1	1309.9143	4	7	0	1	1	0.9205	0.7081
43	781	1	1311.4643	6	8	0	1	1	0.9206	0.7104
43	782	1	1313.0142	5	9	0	1	1	0.9207	0.5847
43	783	1	1314.5641	8	10	0	1	1	0.9208	0.7611
43	784	1	1316.1140	6	8	90	1	1	0.9209	0.7167
43	785	1	1317.6639	5	9	0	1	1	0.9210	0.6066
43	786	1	1319.2138	8	10	90	1	1	0.9211	0.6728
43	787	1	1320.7638	5	9	0	1	1	0.9212	0.4829
43	788	1	1322.3137	6	8	0	1	1	0.9213	0.5810
43	789	1	1323.8636	5	9	90	1	1	0.9214	0.8548
43	790	1	1325.4135	7	3	0	1	1	0.9215	0.5676
43	791	1	1326.9635	6	8	0	1	1	0.9216	0.5377
43	792	1	1328.5134	4	7	0	1	1	0.9217	0.7493
43	793	1	1330.0632	6	8	90	1	1	0.9218	0.6560
43	794	1	1331.6132	4	7	0	1	1	0.9219	0.5934
43	795	1	1333.1631	3	6	0	1	1	0.9220	0.7555
43	796	1	1334.7130	2	5	0	1	1	0.9221	0.8861
43	797	1	1336.2630	1	1	0	1	1	0.9222	0.6161
43	798	1	1337.8129	15	13	0	1	1	0.9223	0.9538
43	799	1	1339.3628	2	5	0	1	1	0.9224	0.6358
43	800	1	1340.9127	1	1	0	1	1	0.9225	0.5405
43	801	1	1342.4626	14	2	90	1	1	0.9226	1.0882
43	802	1	1344.0125	1	1	0	1	1	0.9227	0.6261
43	803	1	1345.5625	15	13	90	1	1	0.9228	0.8683
43	804	1	1347.1124	3	6	0	1	1	0.9229	0.6782
43	805	1	1348.6623	4	7	90	1	1	0.9230	0.7909
43	806	1	1350.2122	7	3	0	1	1	0.9231	0.5529
43	807	1	1351.7622	6	8	0	1	1	0.9232	0.5084
43	808	1	1353.3121	8	10	0	1	1	0.9233	0.5587
43	809	1	1354.8620	5	9	0	1	1	0.9234	0.7512
43	810	1	1356.4119	8	10	0	1	1	0.9235	0.6267
43	811	1	1357.9618	9	12	90	1	1	0.9236	1.2529
43	812	1	1359.5117	11	11	90	1	1	0.9236	1.3031
43	813	1	1361.0616	10	15	0	1	1	0.9237	0.7935
43	814	1	1362.6116	12	14	90	0	1	0.9226	0.7296
43	815	1	1364.1615	10	15	0	1	1	0.9227	0.7500
43	816	1	1365.7114	13	4	0	1	1	0.9228	0.6063
43	817	1	1367.2613	10	15	0	1	1	0.9229	0.6573
43	818	1	1368.8112	13	4	0	1	1	0.9230	0.5953
43	819	1	1370.3612	11	11	0	1	1	0.9231	0.6616
43	820	1	1371.9111	13	4	0	1	1	0.9232	0.5836
43	821	1	1373.4610	14	2	0	1	1	0.9233	0.9537
43	822	1	1375.0109	15	13	0	1	1	0.9234	0.6677
43	823	1	1376.5608	2	5	90	1	1	0.9235	0.6685
43	824	1	1378.1107	1	1	0	1	1	0.9235	0.5428
43	825	1	1379.6607	14	2	90	1	1	0.9236	1.0740
43	826	1	1381.2106	13	4	90	1	1	0.9237	0.7882
43	827	1	1382.7605	11	11	0	1	1	0.9238	0.8848
43	828	1	1384.3104	13	4	0	1	1	0.9239	0.6641
43	829	1	1385.8604	12	14	90	1	1	0.9240	1.2263
43	830	1	1387.4103	10	15	0	1	1	0.9241	0.7325
43	831	1	1388.9602	12	14	90	1	1	0.9242	0.8301
43	832	1	1390.5101	13	4	0	1	1	0.9243	0.6887
43	833	1	1392.0600	12	14	90	1	1	0.9244	1.0426
43	834	1	1393.6099	13	4	0	1	1	0.9245	0.6433
43	835	1	1395.1599	11	11	0	1	1	0.9246	0.7111
43	836	1	1396.7098	13	4	0	1	1	0.9246	0.6008
43	837	1	1398.2597	12	14	0	1	1	0.9247	0.6518
43	838	1	1399.8096	13	4	0	1	1	0.9248	0.5555
43	839	1	1401.3595	12	14	90	1	1	0.9249	0.6873
43	840	1	1402.9094	11	11	0	1	1	0.9250	0.5452
43	841	1	1404.4593	9	12	0	1	1	0.9251	0.6432
43	842	1	1406.0093	8	10	90	1	1	0.9252	0.7238
43	843	1	1407.5592	5	9	0	1	1	0.9253	0.6316
43	844	1	1409.1091	4	7	0	1	1	0.9254	0.6163
43	845	1	1410.6590	5	9	0	1	1	0.9254	0.6516
43	846	1	1412.2090	6	8	0	1	1	0.9255	0.6537
43	847	1	1413.7589	8	10	0	1	1	0.9256	0.5757
43	848	1	1415.3088	9	12	0	1	1	0.9257	0.7684
43	849	1	1416.8587	10	15	0	1	1	0.9258	0.7240
43	850	1	1418.4086	11	11	0	1	1	0.9259	0.6301
43	851	1	1419.9585	13	4	0	1	1	0.9260	0.5667
43	852	1	1421.5085	12	14	0	1	1	0.9261	0.5847
43	853	1	1423.0584	13	4	0	1	1	0.9261	0.6203
43	854	1	1424.6083	12	14	90	0	1	0.9251	0.4624
43	855	1	1426.1582	11	11	0	1	1	0.9251	0.5591
43	856	1	1427.7081	12	14	0	1	1	0.9252	0.5450
43	857	1	1429.2581	13	4	90	0	1	0.9242	0.7711
43	858	1	1430.8080	14	2	0	1	1	0.9242	0.6467
43	859	1	1432.3579	13	4	0	1	1	0.9243	0.6000
43	860	1	1433.9078	14	2	0	1	1	0.9244	0.5535
43	861	1	1435.4577	15	13	0	1	1	0.9245	0.8927
43	862	1	1437.0077	1	1	0	1	1	0.9246	0.6711
43	863	1	1438.5576	2	5	0	1	1	0.9247	0.6555
43	864	1	1440.1075	15	13	0	1	1	0.9248	0.5630
43	865	1	1441.6574	3	6	0	1	1	0.9249	0.7411
43	866	1	1443.2073	4	7	0	1	1	0.9249	0.4871
43	867	1	1444.7572	6	8	0	1	1	0.9250	0.5213
43	868	1	1446.3072	5	9	0	1	1	0.9251	0.6354
43	869	1	1447.8571	7	3	0	1	1	0.9252	0.6360
43	870	1	1449.4070	4	7	0	1	1	0.9253	0.4475
43	871	1	1450.9569	7	3	90	1	1	0.9254	0.8663
43	872	1	1452.5068	4	7	0	1	1	0.9255	0.5639
43	873	1	1454.0568	7	3	90	1	1	0.9255	0.8524
43	874	1	1455.6067	5	9	90	1	1	0.9256	1.1600
43	875	1	1457.1566	4	7	90	0	1	0.9246	0.7609
43	876	1	1458.7065	7	3	0	1	1	0.9247	0.6207
43	877	1	1460.2564	8	10	0	1	1	0.9247	0.6062
43	878	1	1461.8063	5	9	0	1	1	0.9248	0.7684
43	879	1	1463.3563	4	7	0	1	1	0.9249	1.0427
43	880	1	1464.9062	3	6	0	1	1	0.9250	0.8364
43	881	1	1466.4561	2	5	0	1	1	0.9251	0.5970
43	882	1	1468.0060	14	2	0	1	1	0.9252	0.4885
43	883	1	1469.5559	15	13	0	1	1	0.9253	0.7625
43	884	1	1471.1059	3	6	0	1	1	0.9253	0.6353
43	885	1	1472.6558	15	13	0	1	1	0.9254	0.6709
43	886	1	1474.2057	1	1	0	1	1	0.9255	0.5276
43	887	1	1475.7556	14	2	0	1	1	0.9256	0.5151
43	888	1	1477.3055	2	5	0	1	1	0.9257	0.5651
43	889	1	1478.8555	15	13	0	1	1	0.9258	0.5976
43	890	1	1480.4054	14	2	90	1	1	0.9258	0.9851
43	891	1	1481.9553	15	13	90	1	1	0.9259	0.9711
43	892	1	1483.5052	14	2	0	1	1	0.9260	0.6372
43	893	1	1485.0551	1	1	0	1	1	0.9261	0.5441
43	894	1	1486.6050	14	2	0	1	1	0.9262	0.5294
43	895	1	1488.1550	13	4	90	1	1	0.9263	0.7236
43	896	1	1489.7049	11	11	0	1	1	0.9263	0.9178
43	897	1	1491.2548	13	4	0	1	1	0.9264	0.5515
43	898	1	1492.8047	12	14	0	1	1	0.9265	0.6659
43	899	1	1494.3546	11	11	0	1	1	0.9266	0.6360
43	900	1	1495.9045	13	4	90	1	1	0.9267	0.7501
43	901	1	1497.4545	14	2	0	1	1	0.9267	0.5121
43	902	1	1499.0044	13	4	0	1	1	0.9268	0.6261
43	903	1	1500.5542	11	11	90	1	1	0.9269	0.8524
43	904	1	1502.1042	9	12	0	1	1	0.9270	0.7103
43	905	1	1503.6541	10	15	0	1	1	0.9271	0.5692
43	906	1	1505.2041	13	4	0	1	1	0.9272	0.6184
43	907	1	1506.7540	12	14	0	1	1	0.9272	0.6207
43	908	1	1508.3039	10	15	0	1	1	0.9273	0.6227
43	909	1	1509.8538	11	11	0	1	1	0.9274	0.5287
43	910	1	1511.4037	13	4	90	1	1	0.9275	1.0269
43	911	1	1512.9537	12	14	0	1	1	0.9276	0.6116
43	912	1	1514.5036	9	12	0	1	1	0.9276	0.6150
43	913	1	1516.0535	11	11	0	1	1	0.9277	0.5998
43	914	1	1517.6034	9	12	0	1	1	0.9278	0.5384
43	915	1	1519.1533	10	15	0	1	1	0.9279	0.4771
43	916	1	1520.7032	11	11	0	1	1	0.9279	0.5433
43	917	1	1522.2532	9	12	0	1	1	0.9280	0.4334
43	918	1	1523.8031	11	11	90	0	1	0.9270	0.4500
43	919	1	1525.3530	12	14	0	1	1	0.9271	0.5496
43	920	1	1526.9029	9	12	0	1	1	0.9272	0.5996
43	921	1	1528.4528	11	11	0	1	1	0.9273	0.6179
43	922	1	1530.0027	13	4	0	1	1	0.9273	0.6038
43	923	1	1531.5527	14	2	0	1	1	0.9274	0.6381
43	924	1	1533.1026	1	1	0	1	1	0.9275	0.4785
43	925	1	1534.6525	15	13	0	1	1	0.9276	0.8500
43	926	1	1536.2024	2	5	90	-1	0	0.9266	-1.0000
43	927	1	1538.2689	3	6	0	1	1	0.9266	0.4814
43	928	1	1539.8189	15	13	0	1	1	0.9267	0.5942
43	929	1	1541.3688	14	2	0	1	1	0.9268	0.5657
43	930	1	1542.9187	15	13	90	1	1	0.9269	0.8704
43	931	1	1544.4687	14	2	0	1	1	0.9270	0.6324
43	932	1	1546.0186	13	4	0	1	1	0.9270	0.6042
43	933	1	1547.5685	12	14	0	1	1	0.9271	0.7019
43	934	1	1549.1184	13	4	0	1	1	0.9272	0.5761
43	935	1	1550.6683	11	11	0	1	1	0.9273	0.8504
43	936	1	1552.2182	9	12	0	1	1	0.9274	0.6108
43	937	1	1553.7682	8	10	90	1	1	0.9274	0.7572
43	938	1	1555.3181	9	12	0	1	1	0.9275	0.6003
43	939	1	1556.8680	10	15	0	1	1	0.9276	0.6506
43	940	1	1558.4179	12	14	0	1	1	0.9277	0.5727
43	941	1	1559.9678	9	12	0	1	1	0.9277	0.5266
43	942	1	1561.5178	10	15	0	1	1	0.9278	0.5126
43	943	1	1563.0677	11	11	0	1	1	0.9279	0.5774
43	944	1	1564.6176	13	4	0	1	1	0.9280	0.5962
43	945	1	1566.1675	14	2	90	1	1	0.9280	0.9347
43	946	1	1567.7174	1	1	0	1	1	0.9281	0.6971
43	947	1	1569.2674	15	13	90	0	1	0.9271	0.6352
43	948	1	1570.8173	2	5	90	1	1	0.9272	0.6198
43	949	1	1572.3672	1	1	0	1	1	0.9273	0.5754
43	950	1	1573.9171	15	13	90	1	1	0.9274	0.8493
43	951	1	1575.4670	2	5	90	1	1	0.9274	1.0433
43	952	1	1577.0169	14	2	0	1	1	0.9275	0.7095
43	953	1	1578.5669	13	4	0	1	1	0.9276	0.6481
43	954	1	1580.1168	11	11	0	1	1	0.9277	0.7450
43	955	1	1581.8500	13	4	0	1	1	0.9277	0.8512
43	956	1	1583.3999	14	2	0	1	1	0.9278	0.6466
43	957	1	1584.9499	2	5	90	1	1	0.9279	0.7122
43	958	1	1586.4998	15	13	90	1	1	0.9280	1.1469
43	959	1	1588.0497	3	6	90	1	1	0.9281	0.8445
43	960	1	1589.5996	15	13	0	1	1	0.9281	0.9589
43	961	1	1591.1495	3	6	0	1	1	0.9282	0.7210
43	962	1	1592.6995	4	7	0	1	1	0.9283	1.0096
43	963	1	1594.2494	7	3	0	1	1	0.9283	0.6281
43	964	1	1595.7993	5	9	0	1	1	0.9284	0.6471
43	965	1	1597.3492	7	3	0	1	1	0.9285	0.5536
43	966	1	1598.8991	6	8	0	1	1	0.9286	0.6503
43	967	1	1600.4490	8	10	0	1	1	0.9286	0.5882
43	968	1	1601.9990	5	9	0	1	1	0.9287	0.6073
43	969	1	1603.5489	6	8	0	1	1	0.9288	0.5298
43	970	1	1605.0988	7	3	0	1	1	0.9289	0.5156
43	971	1	1606.6487	5	9	0	1	1	0.9289	0.5338
43	972	1	1608.1986	8	10	0	1	1	0.9290	0.6160
43	973	1	1609.7485	6	8	90	0	1	0.9281	0.6485
43	974	1	1611.2985	5	9	0	1	1	0.9281	0.5865
43	975	1	1612.8484	4	7	90	0	1	0.9272	0.6383
43	976	1	1614.3983	5	9	0	1	1	0.9273	0.6070
43	977	1	1615.9482	4	7	0	1	1	0.9273	0.7528
43	978	1	1617.4982	5	9	0	1	1	0.9274	0.6441
43	979	1	1619.0481	6	8	0	1	1	0.9275	0.7424
43	980	1	1620.5980	7	3	0	1	1	0.9276	0.6150
43	981	1	1622.1479	8	10	0	1	1	0.9276	0.6177
43	982	1	1623.6978	9	12	0	1	1	0.9277	0.6846
43	983	1	1625.2477	12	14	90	1	1	0.9278	0.7333
43	984	1	1626.7977	10	15	0	1	1	0.9278	0.5931
43	985	1	1628.3476	13	4	0	1	1	0.9279	0.6734
43	986	1	1629.8974	14	2	0	1	1	0.9280	0.6293
43	987	1	1631.4474	15	13	0	1	1	0.9281	0.8556
43	988	1	1632.9973	3	6	0	1	1	0.9281	0.7762
43	989	1	1634.5473	1	1	0	1	1	0.9282	0.6195
43	990	1	1636.0972	14	2	0	1	1	0.9283	0.6359
43	991	1	1637.6471	2	5	0	1	1	0.9284	0.5740
43	992	1	1639.1970	15	13	0	1	1	0.9284	0.5928
43	993	1	1640.7469	14	2	0	1	1	0.9285	0.5621
43	994	1	1642.2968	1	1	90	1	1	0.9286	0.8696
43	995	1	1643.8468	2	5	90	1	1	0.9286	0.6637
43	996	1	1645.3967	1	1	0	1	1	0.9287	0.6008
43	997	1	1646.9466	15	13	90	1	1	0.9288	1.0344
43	998	1	1648.4965	3	6	0	1	1	0.9289	0.7981
43	999	1	1650.0464	2	5	90	1	1	0.9289	0.6557
43	1000	1	1651.5964	1	1	0	1	1	0.9290	0.6087
43	1001	1	1653.1463	2	5	90	1	1	0.9291	0.7710
43	1002	1	1654.6962	15	13	0	1	1	0.9291	0.8065
43	1003	1	1656.2461	1	1	0	1	1	0.9292	0.7283
43	1004	1	1657.7960	15	13	0	1	1	0.9293	1.0026
43	1005	1	1659.3460	3	6	0	1	1	0.9294	0.7325
43	1006	1	1660.8959	4	7	0	1	1	0.9294	0.6067
43	1007	1	1662.4458	5	9	0	1	1	0.9295	0.7032
43	1008	1	1663.9957	4	7	0	1	1	0.9296	0.5453
43	1009	1	1665.5456	5	9	90	1	1	0.9296	0.8514
43	1010	1	1667.0955	6	8	90	1	1	0.9297	0.8548
43	1011	1	1668.6454	8	10	0	1	1	0.9298	1.2399
43	1012	1	1670.1954	9	12	0	1	1	0.9298	0.6032
43	1013	1	1671.7452	11	11	90	0	1	0.9289	0.5572
43	1014	1	1673.2952	13	4	90	1	1	0.9290	0.9594
43	1015	1	1674.8451	11	11	90	1	1	0.9291	1.0885
43	1016	1	1676.3950	9	12	0	1	1	0.9291	0.7220
43	1017	1	1677.9450	11	11	0	1	1	0.9292	0.6458
43	1018	1	1679.4949	9	12	90	1	1	0.9293	0.9677
43	1019	1	1681.0448	10	15	90	0	1	0.9284	1.0022
43	1020	1	1682.6114	13	4	0	1	1	0.9284	1.0183
43	1021	1	1684.1613	10	15	0	1	1	0.9285	0.7170
43	1022	1	1685.7112	12	14	90	1	1	0.9286	0.7513
43	1023	1	1687.2611	11	11	90	1	1	0.9286	0.8818
43	1024	1	1688.8110	13	4	0	1	1	0.9287	0.9798
43	1025	1	1690.3610	14	2	90	0	1	0.9278	1.1720
43	1026	1	1692.0942	1	1	0	1	1	0.9279	0.6242
43	1027	1	1693.6441	14	2	0	1	1	0.9279	1.1070
43	1028	1	1695.1940	2	5	0	1	1	0.9280	0.8189
43	1029	1	1696.7440	15	13	0	1	1	0.9281	0.6784
43	1030	1	1698.2939	2	5	0	1	1	0.9282	0.5996
43	1031	1	1699.8438	1	1	0	1	1	0.9282	0.5547
43	1032	1	1701.3937	14	2	0	1	1	0.9283	0.4913
43	1033	1	1702.9436	13	4	0	1	1	0.9284	0.5748
43	1034	1	1704.4936	14	2	0	1	1	0.9284	0.5287
43	1035	1	1706.0434	15	13	90	0	1	0.9275	0.6909
43	1036	1	1707.5934	1	1	0	1	1	0.9276	0.5796
43	1037	1	1709.1433	3	6	90	1	1	0.9277	1.4951
43	1038	1	1710.7932	2	5	0	1	1	0.9277	0.7400
43	1039	1	1712.3432	14	2	0	1	1	0.9278	0.6155
43	1040	1	1713.8930	15	13	0	1	1	0.9279	0.6815
43	1041	1	1715.4430	3	6	0	1	1	0.9280	0.6995
43	1042	1	1716.9929	1	1	90	1	1	0.9280	0.7161
43	1043	1	1718.5428	15	13	90	1	1	0.9281	1.0397
43	1044	1	1720.0927	3	6	0	1	1	0.9282	0.6256
43	1045	1	1721.6427	4	7	0	1	1	0.9282	0.5943
43	1046	1	1723.1926	5	9	0	1	1	0.9283	0.6124
43	1047	1	1724.7425	6	8	0	1	1	0.9284	0.6484
43	1048	1	1726.2924	4	7	0	1	1	0.9284	0.5867
43	1049	1	1727.8423	6	8	90	1	1	0.9285	0.7002
43	1050	1	1729.3923	4	7	0	1	1	0.9286	0.6848
43	1051	1	1730.9422	7	3	0	1	1	0.9286	0.7348
43	1052	1	1732.4921	8	10	0	1	1	0.9287	0.5622
43	1053	1	1734.0420	5	9	0	1	1	0.9288	0.5326
43	1054	1	1735.5919	7	3	0	1	1	0.9288	0.6146
43	1055	1	1737.1418	5	9	0	1	1	0.9289	0.5991
43	1056	1	1738.6917	6	8	0	1	1	0.9290	0.6663
43	1057	1	1740.2417	4	7	0	1	1	0.9290	0.6208
43	1058	1	1741.7916	5	9	90	1	1	0.9291	0.7664
43	1059	1	1743.3415	6	8	90	1	1	0.9292	0.7369
43	1060	1	1744.8914	8	10	0	1	1	0.9292	1.1230
43	1061	1	1746.4413	6	8	0	1	1	0.9293	0.7250
43	1062	1	1747.9913	8	10	0	1	1	0.9294	0.5513
43	1063	1	1749.5412	5	9	0	1	1	0.9294	0.5214
43	1064	1	1751.0911	4	7	0	1	1	0.9295	0.6514
43	1065	1	1752.6410	6	8	0	1	1	0.9296	0.6053
43	1066	1	1754.1910	4	7	0	1	1	0.9296	0.5915
43	1067	1	1755.7409	7	3	0	1	1	0.9297	0.5441
43	1068	1	1757.2908	8	10	0	1	1	0.9298	0.5622
43	1069	1	1758.8407	6	8	0	1	1	0.9298	0.5336
43	1070	1	1760.3906	4	7	0	1	1	0.9299	0.5023
43	1071	1	1761.9406	5	9	90	1	1	0.9300	0.7302
43	1072	1	1763.4904	6	8	0	1	1	0.9300	0.5881
43	1073	1	1765.0404	4	7	0	1	1	0.9301	0.6382
43	1074	1	1766.5903	5	9	0	1	1	0.9302	0.5277
43	1075	1	1768.1402	4	7	0	1	1	0.9302	0.5607
43	1076	1	1769.6901	6	8	90	1	1	0.9303	0.5964
43	1077	1	1771.2400	7	3	90	1	1	0.9304	0.7101
43	1078	1	1772.7900	8	10	0	1	1	0.9304	0.5845
43	1079	1	1774.3399	5	9	0	1	1	0.9305	0.6186
43	1080	1	1775.8898	6	8	0	1	1	0.9306	0.5728
43	1081	1	1777.4397	8	10	90	1	1	0.9306	0.7027
43	1082	1	1778.9896	5	9	0	1	1	0.9307	0.5915
43	1083	1	1780.5396	6	8	0	1	1	0.9307	0.4996
43	1084	1	1782.0895	4	7	0	1	1	0.9308	0.6275
43	1085	1	1783.6394	5	9	0	1	1	0.9309	0.5512
43	1086	1	1785.1893	4	7	90	1	1	0.9309	0.9519
43	1087	1	1786.7392	5	9	90	1	1	0.9310	0.7956
43	1088	1	1788.2891	7	3	0	1	1	0.9311	0.6862
43	1089	1	1789.8391	6	8	0	1	1	0.9311	0.6711
43	1090	1	1791.3890	8	10	0	1	1	0.9312	0.6735
43	1091	1	1792.9389	5	9	0	1	1	0.9313	0.5780
43	1092	1	1794.4888	7	3	0	1	1	0.9313	0.6135
43	1093	1	1796.0387	8	10	0	1	1	0.9314	0.5837
43	1094	1	1797.5887	5	9	0	1	1	0.9314	0.6176
43	1095	1	1799.1386	4	7	0	1	1	0.9315	0.5704
43	1096	1	1800.6885	7	3	0	1	1	0.9316	0.5415
43	1097	1	1802.2384	4	7	0	1	1	0.9316	0.8160
43	1098	1	1803.7883	5	9	0	1	1	0.9317	0.5766
43	1099	1	1805.3383	6	8	90	1	1	0.9318	0.7387
43	1100	1	1806.8881	4	7	0	1	1	0.9318	0.5345
43	1101	1	1808.4381	7	3	0	1	1	0.9319	0.5029
43	1102	1	1809.9880	8	10	0	1	1	0.9319	0.5209
43	1103	1	1811.5379	9	12	0	1	1	0.9320	0.6210
43	1104	1	1813.0878	8	10	0	1	1	0.9321	0.5745
43	1105	1	1814.8378	9	12	0	1	1	0.9321	0.5684
43	1106	1	1816.3877	12	14	0	1	1	0.9322	0.6172
43	1107	1	1817.9376	10	15	0	1	1	0.9322	0.6853
43	1108	1	1819.4875	13	4	0	1	1	0.9323	0.9589
43	1109	1	1821.0374	12	14	0	1	1	0.9324	0.5929
43	1110	1	1822.5874	11	11	0	1	1	0.9324	0.6269
43	1111	1	1824.1372	13	4	90	1	1	0.9325	0.8052
43	1112	1	1825.6872	14	2	90	1	1	0.9326	0.9352
43	1113	1	1827.2371	1	1	0	1	1	0.9326	0.6173
43	1114	1	1828.7870	2	5	0	1	1	0.9327	0.8435
43	1115	1	1830.3369	3	6	0	1	1	0.9327	0.8454
43	1116	1	1831.8869	1	1	0	1	1	0.9328	0.6060
43	1117	1	1833.4368	14	2	0	1	1	0.9329	0.6577
43	1118	1	1834.9867	13	4	0	1	1	0.9329	0.5625
43	1119	1	1836.5366	11	11	90	0	1	0.9321	0.6779
43	1120	1	1838.0865	9	12	90	1	1	0.9321	0.8879
43	1121	1	1839.6364	12	14	90	1	1	0.9322	0.7781
43	1122	1	1841.1864	11	11	90	1	1	0.9323	1.4042
43	1123	1	1842.7529	12	14	90	1	1	0.9323	0.7814
43	1124	1	1844.3028	13	4	90	1	1	0.9324	0.6701
43	1125	1	1845.8528	12	14	0	1	1	0.9324	0.8015
43	1126	1	1847.4027	10	15	0	1	1	0.9325	0.6756
43	1127	1	1848.9526	11	11	0	0	1	0.9317	0.9179
43	1128	1	1850.5025	9	12	0	1	1	0.9317	0.6793
43	1129	1	1852.0525	12	14	0	1	1	0.9318	0.5063
43	1130	1	1853.6024	13	4	90	1	1	0.9319	0.7945
43	1131	1	1855.1523	10	15	0	1	1	0.9319	0.7020
43	1132	1	1856.7022	11	11	90	1	1	0.9320	1.4721
43	1133	1	1858.3521	9	12	0	1	1	0.9320	0.6705
43	1134	1	1859.9020	12	14	0	1	1	0.9321	0.5606
43	1135	1	1861.4519	9	12	0	1	1	0.9322	0.5622
43	1136	1	1863.0019	10	15	0	1	1	0.9322	0.6126
43	1137	1	1864.5518	11	11	90	1	1	0.9323	1.0468
43	1138	1	1866.1017	13	4	90	1	1	0.9323	0.7912
43	1139	1	1867.6516	12	14	90	1	1	0.9324	1.0013
43	1140	1	1869.2015	13	4	0	1	1	0.9325	0.7633
43	1141	1	1870.7515	10	15	0	1	1	0.9325	0.6214
43	1142	1	1872.3014	12	14	0	1	1	0.9326	0.4315
43	1143	1	1873.8513	11	11	0	0	1	0.9318	0.8030
43	1144	1	1875.4012	13	4	0	1	1	0.9318	0.5972
43	1145	1	1876.9512	14	2	0	1	1	0.9319	0.6951
43	1146	1	1878.5011	13	4	0	1	1	0.9319	0.5854
43	1147	1	1880.0509	14	2	0	1	1	0.9320	0.5554
43	1148	1	1881.6008	1	1	0	1	1	0.9321	0.6698
43	1149	1	1883.1508	14	2	0	1	1	0.9321	0.5116
43	1150	1	1884.7007	15	13	90	1	1	0.9322	0.7699
43	1151	1	1886.2507	14	2	0	1	1	0.9322	0.5317
43	1152	1	1887.8006	2	5	0	1	1	0.9323	0.6456
43	1153	1	1889.3505	14	2	0	1	1	0.9324	0.5824
43	1154	1	1890.9004	15	13	0	1	1	0.9324	0.7619
43	1155	1	1892.4503	1	1	90	1	1	0.9325	0.7964
43	1156	1	1894.0002	14	2	0	1	1	0.9325	0.5726
43	1157	1	1895.5502	2	5	90	1	1	0.9326	0.6708
43	1158	1	1897.1001	3	6	0	1	1	0.9326	0.8662
43	1159	1	1898.6500	4	7	0	1	1	0.9327	0.6589
43	1160	1	1900.1999	6	8	90	1	1	0.9328	0.7114
43	1161	1	1901.7498	8	10	0	1	1	0.9328	0.5526
43	1162	1	1903.2998	9	12	90	1	1	0.9329	1.0986
43	1163	1	1904.8497	12	14	0	1	1	0.9329	0.5876
43	1164	1	1906.3996	9	12	0	1	1	0.9330	0.5589
43	1165	1	1907.9495	11	11	90	1	1	0.9330	1.0568
43	1166	1	1909.4994	13	4	0	1	1	0.9331	0.7549
43	1167	1	1911.0493	10	15	0	1	1	0.9332	0.5811
43	1168	1	1912.5993	12	14	90	1	1	0.9332	0.8069
43	1169	1	1914.1492	11	11	0	1	1	0.9333	0.6492
43	1170	1	1915.6991	9	12	0	1	1	0.9333	0.5857
43	1171	1	1917.2490	8	10	0	1	1	0.9334	0.6046
43	1172	1	1918.7989	5	9	0	1	1	0.9334	0.6233
43	1173	1	1920.3489	7	3	0	1	1	0.9335	0.6096
43	1174	1	1921.8988	8	10	90	0	1	0.9327	0.3882
43	1175	1	1923.4487	7	3	0	1	1	0.9328	0.6297
43	1176	1	1924.9986	5	9	0	1	1	0.9328	0.6475
43	1177	1	1926.5485	8	10	0	1	1	0.9329	0.9363
43	1178	1	1928.0984	6	8	0	1	1	0.9329	0.6998
43	1179	1	1929.6484	5	9	0	1	1	0.9330	0.5743
43	1180	1	1931.1983	7	3	0	1	1	0.9331	0.7197
43	1181	1	1932.7482	6	8	0	1	1	0.9331	0.5307
43	1182	1	1934.2981	8	10	0	1	1	0.9332	0.5800
43	1183	1	1935.8480	5	9	0	1	1	0.9332	0.5983
43	1184	1	1937.3980	6	8	0	1	1	0.9333	0.5844
43	1185	1	1938.9479	7	3	0	1	1	0.9333	0.6177
43	1186	1	1940.4978	8	10	0	1	1	0.9334	0.3950
43	1187	1	1942.0477	9	12	90	0	1	0.9326	0.3491
43	1188	1	1943.5976	11	11	0	1	1	0.9327	0.6872
43	1189	1	1945.1475	9	12	0	1	1	0.9327	0.6269
43	1190	1	1946.6975	11	11	0	1	1	0.9328	0.5328
43	1191	1	1948.2474	9	12	0	1	1	0.9328	0.5516
43	1192	1	1949.7973	10	15	0	1	1	0.9329	0.9208
43	1193	1	1951.3472	13	4	0	1	1	0.9329	0.7628
43	1194	1	1952.8972	14	2	90	1	1	0.9330	0.8132
43	1195	1	1954.4470	13	4	0	1	1	0.9331	0.6538
43	1196	1	1955.9970	10	15	0	1	1	0.9331	0.6412
43	1197	1	1957.5469	9	12	0	1	1	0.9332	0.6753
43	1198	1	1959.0968	10	15	90	1	1	0.9332	0.9160
43	1199	1	1960.6467	13	4	0	1	1	0.9333	0.5676
43	1200	1	1962.1967	10	15	0	1	1	0.9333	0.5696
43	1201	1	1963.7466	9	12	0	1	1	0.9334	0.6503
43	1202	1	1965.2965	12	14	0	1	1	0.9334	0.6526
43	1203	1	1966.8464	10	15	0	1	1	0.9335	0.5278
43	1204	1	1968.3963	9	12	90	1	1	0.9336	1.1845
43	1205	1	1969.9462	10	15	0	1	1	0.9336	0.7226
43	1206	1	1971.4962	12	14	90	1	1	0.9337	0.8061
43	1207	1	1973.0461	10	15	0	1	1	0.9337	0.8083
43	1208	1	1974.5960	9	12	0	1	1	0.9338	0.7305
43	1209	1	1976.1459	11	11	0	1	1	0.9338	0.7005
43	1210	1	1977.6958	12	14	0	1	1	0.9339	0.6222
43	1211	1	1979.2458	13	4	0	1	1	0.9339	0.6390
43	1212	1	1980.7957	12	14	0	1	1	0.9340	0.5452
43	1213	1	1982.3456	13	4	90	1	1	0.9340	0.7553
43	1214	1	1983.8955	14	2	0	1	1	0.9341	0.7413
43	1215	1	1985.4454	1	1	0	1	1	0.9342	0.6325
43	1216	1	1986.9953	15	13	0	1	1	0.9342	0.7952
43	1217	1	1988.5453	3	6	0	1	1	0.9343	0.7016
43	1218	1	1990.0952	1	1	0	1	1	0.9343	0.5910
43	1219	1	1991.6451	15	13	0	1	1	0.9344	0.6252
43	1220	1	1993.1950	3	6	0	1	1	0.9344	0.5472
43	1221	1	1994.7450	15	13	90	1	1	0.9345	1.1255
43	1222	1	1996.2949	3	6	0	1	1	0.9345	0.8222
43	1223	1	1997.8448	4	7	90	1	1	0.9346	1.1136
43	1224	1	1999.3947	3	6	0	1	1	0.9346	0.7956
43	1225	1	2000.9446	4	7	90	1	1	0.9347	1.2282
43	1226	1	2002.4945	5	9	0	1	1	0.9347	0.7186
43	1227	1	2004.0444	4	7	0	0	1	0.9340	0.8179
43	1228	1	2005.5944	7	3	0	1	1	0.9340	0.6119
43	1229	1	2007.1443	6	8	0	1	1	0.9341	0.6620
43	1230	1	2008.6942	5	9	0	1	1	0.9341	0.6160
43	1231	1	2010.2441	8	10	90	1	1	0.9342	0.8249
43	1232	1	2011.7940	9	12	0	1	1	0.9343	0.6684
43	1233	1	2013.3440	11	11	0	1	1	0.9343	0.6849
43	1234	1	2014.8938	12	14	0	1	1	0.9344	0.5446
43	1235	1	2016.4438	10	15	0	1	1	0.9344	0.5623
43	1236	1	2017.9937	12	14	0	1	1	0.9345	0.5004
43	1237	1	2019.5436	13	4	90	1	1	0.9345	0.7265
43	1238	1	2021.0936	11	11	90	-1	0	0.9338	-1.0000
43	1239	1	2023.0935	13	4	0	1	1	0.9338	0.5044
43	1240	1	2024.6433	12	14	90	1	1	0.9339	0.8270
43	1241	1	2026.1933	9	12	0	1	1	0.9339	0.6035
43	1242	1	2027.7432	12	14	0	1	1	0.9340	0.4951
43	1243	1	2029.2931	11	11	0	1	1	0.9340	0.7052
43	1244	1	2030.8430	10	15	0	1	1	0.9341	0.6754
43	1245	1	2032.3930	12	14	90	1	1	0.9341	0.8999
43	1246	1	2033.9429	11	11	0	1	1	0.9342	0.5666
43	1247	1	2035.4928	10	15	0	1	1	0.9342	0.5856
43	1248	1	2037.0427	13	4	0	1	1	0.9343	0.6357
43	1249	1	2038.5926	14	2	0	1	1	0.9343	0.8296
43	1250	1	2040.1426	1	1	0	1	1	0.9344	0.6399
43	1251	1	2041.6925	14	2	0	1	1	0.9345	0.5776
43	1252	1	2043.2424	15	13	0	1	1	0.9345	0.8519
43	1253	1	2044.7923	2	5	0	1	1	0.9346	0.5805
43	1254	1	2046.3422	3	6	0	1	1	0.9346	0.6159
43	1255	1	2047.8921	1	1	0	1	1	0.9347	0.5858
43	1256	1	2049.4420	15	13	0	1	1	0.9347	0.7960
43	1257	1	2050.9920	2	5	90	1	1	0.9348	0.8768
43	1258	1	2052.5419	15	13	0	1	1	0.9348	0.8004
43	1259	1	2054.0918	3	6	0	1	1	0.9349	0.9464
43	1260	1	2055.6417	15	13	0	1	1	0.9349	0.6608
43	1261	1	2057.1916	1	1	0	1	1	0.9350	0.9172
43	1262	1	2058.7415	14	2	0	1	1	0.9350	0.5673
43	1263	1	2060.2915	15	13	90	1	1	0.9351	0.9546
43	1264	1	2061.8414	3	6	0	1	1	0.9351	0.6207
43	1265	1	2063.3913	2	5	0	1	1	0.9352	0.6074
43	1266	1	2064.9412	1	1	0	1	1	0.9352	0.5450
43	1267	1	2066.4911	2	5	0	1	1	0.9353	0.5311
43	1268	1	2068.0411	1	1	0	1	1	0.9353	0.5171
43	1269	1	2069.5910	14	2	0	1	1	0.9354	0.4058
43	1270	1	2071.1409	1	1	0	1	1	0.9354	0.6495
43	1271	1	2072.6908	15	13	0	1	1	0.9355	0.0281
43	1272	1	2074.2408	3	6	0	1	1	0.9355	0.0779
43	1273	1	2075.7906	1	1	0	1	1	0.9356	0.6077
43	1274	1	2077.3406	14	2	0	1	1	0.9356	0.6097
43	1275	1	2078.8905	2	5	0	1	1	0.9357	0.5958
43	1276	1	2080.4404	3	6	90	0	1	0.9350	0.5340
43	1277	1	2081.9904	2	5	0	1	1	0.9350	0.5041
43	1278	1	2083.5402	3	6	0	1	1	0.9351	0.6340
43	1279	1	2085.0902	4	7	0	1	1	0.9351	1.1321
43	1280	1	2086.6401	5	9	0	1	1	0.9352	0.7339
43	1281	1	2088.1900	4	7	0	1	1	0.9352	0.5922
43	1282	1	2089.7399	5	9	0	1	1	0.9353	0.5146
43	1283	1	2091.2899	4	7	0	1	1	0.9353	0.5949
43	1284	1	2092.8398	6	8	0	1	1	0.9354	0.5507
43	1285	1	2094.3897	8	10	0	1	1	0.9354	0.9194
43	1286	1	2095.9395	5	9	0	1	1	0.9355	0.5387
43	1287	1	2097.4895	6	8	0	1	1	0.9355	0.5413
43	1288	1	2099.0394	8	10	0	1	1	0.9356	0.4954
43	1289	1	2100.5894	6	8	0	1	1	0.9356	0.5289
43	1290	1	2102.1393	4	7	90	0	1	0.9349	0.4989
43	1291	1	2103.6892	5	9	90	1	1	0.9349	0.7888
43	1292	1	2105.2391	8	10	0	1	1	0.9350	0.5356
43	1293	1	2106.7890	9	12	90	1	1	0.9350	1.0813
43	1294	1	2108.3389	12	14	0	1	1	0.9351	0.5873
43	1295	1	2109.8889	11	11	0	1	1	0.9351	0.5733
43	1296	1	2111.4388	13	4	0	1	1	0.9352	0.5435
43	1297	1	2112.9887	14	2	0	1	1	0.9352	0.6256
43	1298	1	2114.5387	15	13	0	1	1	0.9353	0.8981
43	1299	1	2116.0885	1	1	0	1	1	0.9353	0.7402
43	1300	1	2117.6385	14	2	0	1	1	0.9354	0.5837
43	1301	1	2119.1884	1	1	0	1	1	0.9354	0.5218
43	1302	1	2120.7383	2	5	0	1	1	0.9355	0.5879
43	1303	1	2122.2882	3	6	0	1	1	0.9355	0.4606
43	1304	1	2123.8381	15	13	90	1	1	0.9356	0.8641
43	1305	1	2125.3881	3	6	0	1	1	0.9356	0.6421
43	1306	1	2126.9380	2	5	90	1	1	0.9357	0.6588
43	1307	1	2128.4879	1	1	0	1	1	0.9357	0.5343
43	1308	1	2130.0378	2	5	0	1	1	0.9358	0.7605
43	1309	1	2131.5877	14	2	0	1	1	0.9358	0.6184
43	1310	1	2133.1376	15	13	0	1	1	0.9359	0.6351
43	1311	1	2134.6876	3	6	0	1	1	0.9359	0.8932
43	1312	1	2136.2375	1	1	90	1	1	0.9360	0.7847
43	1313	1	2137.7874	2	5	0	1	1	0.9360	0.6110
43	1314	1	2139.3373	3	6	0	1	1	0.9361	0.5173
43	1315	1	2140.8872	2	5	90	1	1	0.9361	0.6632
43	1316	1	2142.4372	3	6	90	0	1	0.9354	0.7598
43	1317	1	2143.9871	4	7	0	0	1	0.9347	1.0657
43	1318	1	2145.6203	5	9	0	1	1	0.9347	0.7934
43	1319	1	2147.1703	4	7	90	1	1	0.9348	0.8440
43	1320	1	2148.7202	3	6	0	1	1	0.9348	0.7326
43	1321	1	2150.2700	2	5	0	1	1	0.9349	0.7039
43	1322	1	2151.8199	1	1	0	1	1	0.9349	0.6248
43	1323	1	2153.3699	14	2	0	1	1	0.9350	0.5010
43	1324	1	2154.9198	1	1	0	1	1	0.9350	0.5171
43	1325	1	2156.4697	15	13	0	1	1	0.9351	0.7124
43	1326	1	2158.0197	14	2	0	1	1	0.9351	0.6507
43	1327	1	2159.5696	1	1	0	1	1	0.9352	0.4446
43	1328	1	2161.1195	2	5	90	1	1	0.9352	0.8133
43	1329	1	2162.6694	14	2	90	1	1	0.9353	1.1684
43	1330	1	2164.2193	2	5	90	1	1	0.9353	0.7374
43	1331	1	2165.7693	14	2	0	1	1	0.9354	0.5955
43	1332	1	2167.3192	15	13	0	1	1	0.9354	0.7256
43	1333	1	2168.8691	3	6	0	1	1	0.9355	0.7772
43	1334	1	2170.4190	15	13	0	1	1	0.9355	0.8417
43	1335	1	2171.9689	2	5	0	1	1	0.9356	0.6215
43	1336	1	2173.5189	15	13	90	1	1	0.9356	0.9752
43	1337	1	2175.0688	14	2	90	1	1	0.9357	0.7359
43	1338	1	2176.6186	2	5	90	1	1	0.9357	0.6901
43	1339	1	2178.1686	14	2	0	1	1	0.9358	0.4697
43	1340	1	2179.7185	15	13	0	1	1	0.9358	1.1275
43	1341	1	2181.2684	3	6	0	1	1	0.9359	0.7778
43	1342	1	2182.8184	2	5	90	1	1	0.9359	0.6824
43	1343	1	2184.3683	14	2	0	1	1	0.9360	0.5739
43	1344	1	2185.9182	13	4	0	1	1	0.9360	0.6719
43	1345	1	2187.4681	14	2	0	1	1	0.9361	0.7538
43	1346	1	2189.0180	1	1	0	1	1	0.9361	0.7083
43	1347	1	2190.5680	2	5	90	0	1	0.9354	0.5982
43	1348	1	2192.1179	1	1	0	1	1	0.9355	0.3908
43	1349	1	2193.6678	2	5	0	1	1	0.9355	0.5384
43	1350	1	2195.2177	15	13	0	1	1	0.9356	0.6365
43	1351	1	2196.7676	1	1	0	1	1	0.9356	0.4146
43	1352	1	2198.3176	14	2	0	1	1	0.9357	0.5126
43	1353	1	2199.8675	2	5	0	1	1	0.9357	0.5948
43	1354	1	2201.4174	1	1	0	1	1	0.9357	0.4046
43	1355	1	2202.9673	14	2	0	1	1	0.9358	0.3589
43	1356	1	2204.5172	1	1	0	1	1	0.9358	0.5051
43	1357	1	2206.0671	3	6	0	1	1	0.9359	0.6990
43	1358	1	2207.6171	15	13	0	1	1	0.9359	0.8772
43	1359	1	2209.1670	2	5	0	1	1	0.9360	0.5427
43	1360	1	2210.7169	3	6	0	1	1	0.9360	0.6573
43	1361	1	2212.2668	2	5	0	1	1	0.9361	0.6118
43	1362	1	2213.8167	1	1	0	1	1	0.9361	0.6120
43	1363	1	2215.3667	2	5	0	1	1	0.9362	0.5995
43	1364	1	2216.9166	1	1	90	1	1	0.9362	1.2580
43	1365	1	2218.4665	15	13	0	1	1	0.9363	0.9238
43	1366	1	2220.0164	3	6	0	1	1	0.9363	0.6203
43	1367	1	2221.5663	4	7	0	1	1	0.9364	0.7040
43	1368	1	2223.1163	5	9	0	1	1	0.9364	0.6258
43	1369	1	2224.6662	6	8	0	1	1	0.9364	0.5470
43	1370	1	2226.2161	7	3	0	1	1	0.9365	0.5341
43	1371	1	2227.7660	6	8	0	1	1	0.9365	0.4881
43	1372	1	2229.3159	8	10	0	1	1	0.9366	0.6021
43	1373	1	2230.8659	9	12	0	1	1	0.9366	0.3804
43	1374	1	2232.4158	8	10	0	1	1	0.9367	0.5736
43	1375	1	2233.9657	6	8	0	1	1	0.9367	0.6406
43	1376	1	2235.5156	4	7	0	1	1	0.9368	0.6411
43	1377	1	2237.0655	6	8	0	1	1	0.9368	0.5485
43	1378	1	2238.6154	4	7	90	1	1	0.9369	1.0149
43	1379	1	2240.1654	7	3	0	1	1	0.9369	0.6167
43	1380	1	2241.7153	5	9	0	1	1	0.9370	0.6029
43	1381	1	2243.2652	8	10	0	1	1	0.9370	0.6529
43	1382	1	2244.8150	9	12	0	1	1	0.9370	0.7032
43	1383	1	2246.3650	8	10	90	0	1	0.9364	0.5290
43	1384	1	2247.9149	5	9	90	1	1	0.9364	0.7218
43	1385	1	2249.4648	7	3	0	1	1	0.9365	0.6131
43	1386	1	2251.0147	5	9	0	1	1	0.9365	0.5516
43	1387	1	2252.5647	7	3	0	1	1	0.9366	0.6174
43	1388	1	2254.1146	8	10	0	1	1	0.9366	0.6341
43	1389	1	2255.6645	5	9	0	1	1	0.9366	0.5093
43	1390	1	2257.2144	8	10	0	1	1	0.9367	0.5102
43	1391	1	2258.7643	6	8	0	1	1	0.9367	0.5137
43	1392	1	2260.3143	5	9	0	1	1	0.9368	0.5304
43	1393	1	2261.8641	6	8	0	1	1	0.9368	0.5180
43	1394	1	2263.4141	8	10	0	1	1	0.9369	0.4402
43	1395	1	2264.9640	6	8	90	1	1	0.9369	0.7141
43	1396	1	2266.5140	4	7	0	1	1	0.9370	1.0203
43	1397	1	2268.0639	7	3	0	1	1	0.9370	0.6865
43	1398	1	2269.6138	8	10	0	1	1	0.9371	0.5909
43	1399	1	2271.1637	7	3	90	1	1	0.9371	0.8025
43	1400	1	2272.7136	8	10	0	1	1	0.9371	0.5326
43	1	2	1.0166	10	15	0	-1	0	NaN	-1.0000
43	2	2	2.5499	11	11	0	-1	0	NaN	-1.0000
43	3	2	4.0831	9	12	0	-1	0	NaN	-1.0000
43	4	2	5.6164	10	15	0	-1	0	NaN	-1.0000
43	5	2	7.1496	9	12	0	-1	0	NaN	-1.0000
43	6	2	8.6829	10	15	0	-1	0	NaN	-1.0000
43	7	2	10.2161	9	12	0	-1	0	NaN	-1.0000
43	8	2	11.7494	8	10	0	-1	0	NaN	-1.0000
43	9	2	13.2827	5	9	0	-1	0	NaN	-1.0000
43	10	2	14.8159	4	7	0	-1	0	NaN	-1.0000
43	11	2	16.3491	6	8	0	-1	0	NaN	-1.0000
43	12	2	17.8824	5	9	0	-1	0	NaN	-1.0000
43	13	2	19.4156	7	3	0	-1	0	NaN	-1.0000
43	14	2	20.9489	4	7	0	-1	0	NaN	-1.0000
43	15	2	22.4822	7	3	0	-1	0	NaN	-1.0000
43	16	2	24.0154	6	8	0	-1	0	NaN	-1.0000
43	17	2	25.5487	5	9	0	-1	0	NaN	-1.0000
43	18	2	27.0819	4	7	0	-1	0	NaN	-1.0000
43	19	2	28.6152	3	6	0	-1	0	NaN	-1.0000
43	20	2	30.1484	2	5	0	-1	0	NaN	-1.0000
43	21	2	31.6817	1	1	0	-1	0	NaN	-1.0000
43	22	2	33.2149	15	13	0	-1	0	NaN	-1.0000
43	23	2	34.7482	14	2	0	-1	0	NaN	-1.0000
43	24	2	36.2815	13	4	0	-1	0	NaN	-1.0000
43	25	2	37.8147	12	14	0	-1	0	NaN	-1.0000
43	26	2	39.3480	11	11	0	-1	0	NaN	-1.0000
43	27	2	40.8812	10	15	0	-1	0	NaN	-1.0000
43	28	2	42.4144	9	12	0	-1	0	NaN	-1.0000
43	29	2	43.9477	8	10	0	-1	0	NaN	-1.0000
43	30	2	45.4809	7	3	0	-1	0	NaN	-1.0000
43	31	2	47.0142	8	10	0	-1	0	NaN	-1.0000
43	32	2	48.5475	7	3	0	-1	0	NaN	-1.0000
43	33	2	50.0807	5	9	0	-1	0	NaN	-1.0000
43	34	2	51.6140	4	7	0	-1	0	NaN	-1.0000
43	35	2	53.1472	3	6	0	-1	0	NaN	-1.0000
43	36	2	54.6805	1	1	0	-1	0	NaN	-1.0000
43	37	2	56.2137	14	2	0	-1	0	NaN	-1.0000
43	38	2	57.7470	1	1	0	-1	0	NaN	-1.0000
43	39	2	59.2802	2	5	0	-1	0	NaN	-1.0000
43	40	2	60.8135	3	6	0	-1	0	NaN	-1.0000
43	41	2	62.3467	4	7	0	-1	0	NaN	-1.0000
43	42	2	63.8800	6	8	0	-1	0	NaN	-1.0000
43	43	2	65.4132	4	7	0	-1	0	NaN	-1.0000
43	44	2	66.9465	6	8	0	-1	0	NaN	-1.0000
43	45	2	68.4798	5	9	0	-1	0	NaN	-1.0000
43	46	2	70.0130	6	8	0	-1	0	NaN	-1.0000
43	47	2	71.5463	7	3	0	-1	0	NaN	-1.0000
43	48	2	73.0795	8	10	0	-1	0	NaN	-1.0000
43	49	2	74.6128	9	12	0	-1	0	NaN	-1.0000
43	50	2	76.1460	10	15	0	-1	0	NaN	-1.0000
43	51	2	77.6793	11	11	0	-1	0	NaN	-1.0000
43	52	2	79.2125	12	14	0	-1	0	NaN	-1.0000
43	53	2	80.7458	13	4	0	-1	0	NaN	-1.0000
43	54	2	82.2790	14	2	0	-1	0	NaN	-1.0000
43	55	2	83.8123	15	13	0	-1	0	NaN	-1.0000
43	56	2	85.3455	1	1	0	-1	0	NaN	-1.0000
43	57	2	86.8788	2	5	0	-1	0	NaN	-1.0000
43	58	2	88.4120	3	6	0	-1	0	NaN	-1.0000
43	59	2	89.9453	4	7	0	-1	0	NaN	-1.0000
43	60	2	91.4786	5	9	0	-1	0	NaN	-1.0000
43	61	2	93.0118	8	10	0	-1	0	NaN	-1.0000
43	62	2	94.5451	5	9	0	-1	0	NaN	-1.0000
43	63	2	96.0783	8	10	0	-1	0	NaN	-1.0000
43	64	2	97.6116	5	9	0	-1	0	NaN	-1.0000
43	65	2	99.1447	8	10	0	-1	0	NaN	-1.0000
43	66	2	100.6781	6	8	0	-1	0	NaN	-1.0000
43	67	2	102.2113	5	9	0	-1	0	NaN	-1.0000
43	68	2	103.7446	6	8	0	-1	0	NaN	-1.0000
43	69	2	105.2778	5	9	0	-1	0	NaN	-1.0000
43	70	2	106.8111	8	10	0	-1	0	NaN	-1.0000
43	71	2	108.3443	6	8	0	-1	0	NaN	-1.0000
43	72	2	109.8775	8	10	0	-1	0	NaN	-1.0000
43	73	2	111.4108	5	9	0	-1	0	NaN	-1.0000
43	74	2	112.9441	4	7	0	-1	0	NaN	-1.0000
43	75	2	114.4773	6	8	0	-1	0	NaN	-1.0000
43	76	2	116.0106	5	9	0	-1	0	NaN	-1.0000
43	77	2	117.5438	4	7	0	-1	0	NaN	-1.0000
43	78	2	119.0771	3	6	0	-1	0	NaN	-1.0000
43	79	2	120.6104	2	5	0	-1	0	NaN	-1.0000
43	80	2	122.1436	1	1	0	-1	0	NaN	-1.0000
43	81	2	123.6768	15	13	0	-1	0	NaN	-1.0000
43	82	2	125.2101	14	2	0	-1	0	NaN	-1.0000
43	83	2	126.7434	13	4	0	-1	0	NaN	-1.0000
43	84	2	128.2766	12	14	0	-1	0	NaN	-1.0000
43	85	2	129.8099	11	11	0	-1	0	NaN	-1.0000
43	86	2	131.3431	10	15	0	-1	0	NaN	-1.0000
43	87	2	132.8764	9	12	0	-1	0	NaN	-1.0000
43	88	2	134.4096	8	10	0	-1	0	NaN	-1.0000
43	89	2	135.9429	7	3	0	-1	0	NaN	-1.0000
43	90	2	137.4761	6	8	0	-1	0	NaN	-1.0000
43	91	2	139.0094	8	10	0	-1	0	NaN	-1.0000
43	92	2	140.5426	9	12	0	-1	0	NaN	-1.0000
43	93	2	142.0759	11	11	0	-1	0	NaN	-1.0000
43	94	2	143.6091	13	4	0	-1	0	NaN	-1.0000
43	95	2	145.1424	14	2	0	-1	0	NaN	-1.0000
43	96	2	146.6757	2	5	0	-1	0	NaN	-1.0000
43	97	2	148.2089	15	13	0	-1	0	NaN	-1.0000
43	98	2	149.7422	14	2	0	-1	0	NaN	-1.0000
43	99	2	151.2754	15	13	0	-1	0	NaN	-1.0000
43	100	2	152.8086	1	1	0	-1	0	NaN	-1.0000
43	101	2	154.3419	3	6	0	-1	0	NaN	-1.0000
43	102	2	155.8752	2	5	0	-1	0	NaN	-1.0000
43	103	2	157.4084	15	13	0	-1	0	NaN	-1.0000
43	104	2	158.9417	14	2	0	-1	0	NaN	-1.0000
43	105	2	160.4750	2	5	0	-1	0	NaN	-1.0000
43	106	2	162.0081	1	1	0	-1	0	NaN	-1.0000
43	107	2	163.5414	15	13	0	-1	0	NaN	-1.0000
43	108	2	165.0747	14	2	0	-1	0	NaN	-1.0000
43	109	2	166.6079	13	4	0	-1	0	NaN	-1.0000
43	110	2	168.1412	12	14	0	-1	0	NaN	-1.0000
43	111	2	169.6745	11	11	0	-1	0	NaN	-1.0000
43	112	2	171.2077	10	15	0	-1	0	NaN	-1.0000
43	113	2	172.7410	9	12	0	-1	0	NaN	-1.0000
43	114	2	174.2742	8	10	0	-1	0	NaN	-1.0000
43	115	2	175.8075	7	3	0	-1	0	NaN	-1.0000
43	116	2	177.3407	6	8	0	-1	0	NaN	-1.0000
43	117	2	178.8739	5	9	0	-1	0	NaN	-1.0000
43	118	2	180.4072	4	7	0	-1	0	NaN	-1.0000
43	119	2	181.9405	3	6	0	-1	0	NaN	-1.0000
43	120	2	183.4737	2	5	0	-1	0	NaN	-1.0000
43	121	2	185.0070	14	2	0	-1	0	NaN	-1.0000
43	122	2	186.5402	2	5	0	-1	0	NaN	-1.0000
43	123	2	188.0735	1	1	0	-1	0	NaN	-1.0000
43	124	2	189.6068	2	5	0	-1	0	NaN	-1.0000
43	125	2	191.1400	3	6	0	-1	0	NaN	-1.0000
43	126	2	192.6732	4	7	0	-1	0	NaN	-1.0000
43	127	2	194.2065	5	9	0	-1	0	NaN	-1.0000
43	128	2	195.7397	6	8	0	-1	0	NaN	-1.0000
43	129	2	197.2730	8	10	0	-1	0	NaN	-1.0000
43	130	2	198.8062	6	8	0	-1	0	NaN	-1.0000
43	131	2	200.3395	8	10	0	-1	0	NaN	-1.0000
43	132	2	201.8728	9	12	0	-1	0	NaN	-1.0000
43	133	2	203.4060	10	15	0	-1	0	NaN	-1.0000
43	134	2	204.9393	9	12	0	-1	0	NaN	-1.0000
43	135	2	206.4725	10	15	0	-1	0	NaN	-1.0000
43	136	2	208.0058	11	11	0	-1	0	NaN	-1.0000
43	137	2	209.5390	12	14	0	-1	0	NaN	-1.0000
43	138	2	211.0722	13	4	0	-1	0	NaN	-1.0000
43	139	2	212.6055	14	2	0	-1	0	NaN	-1.0000
43	140	2	214.1388	15	13	0	-1	0	NaN	-1.0000
43	141	2	215.6720	1	1	0	-1	0	NaN	-1.0000
43	142	2	217.2053	2	5	0	-1	0	NaN	-1.0000
43	143	2	218.7385	3	6	0	-1	0	NaN	-1.0000
43	144	2	220.2718	4	7	0	-1	0	NaN	-1.0000
43	145	2	221.8050	5	9	0	-1	0	NaN	-1.0000
43	146	2	223.3383	6	8	0	-1	0	NaN	-1.0000
43	147	2	224.8715	7	3	0	-1	0	NaN	-1.0000
43	148	2	226.4048	8	10	0	-1	0	NaN	-1.0000
43	149	2	227.9381	9	12	0	-1	0	NaN	-1.0000
43	150	2	229.4713	10	15	0	-1	0	NaN	-1.0000
43	151	2	231.0046	12	14	0	-1	0	NaN	-1.0000
43	152	2	232.5378	10	15	0	-1	0	NaN	-1.0000
43	153	2	234.0711	11	11	0	-1	0	NaN	-1.0000
43	154	2	235.6043	10	15	0	-1	0	NaN	-1.0000
43	155	2	237.1376	11	11	0	-1	0	NaN	-1.0000
43	156	2	238.6708	10	15	0	-1	0	NaN	-1.0000
43	157	2	240.2041	13	4	0	-1	0	NaN	-1.0000
43	158	2	241.7373	14	2	0	-1	0	NaN	-1.0000
43	159	2	243.2706	2	5	0	-1	0	NaN	-1.0000
43	160	2	244.8038	14	2	0	-1	0	NaN	-1.0000
43	161	2	246.3370	1	1	0	-1	0	NaN	-1.0000
43	162	2	247.8703	15	13	0	-1	0	NaN	-1.0000
43	163	2	249.4036	14	2	0	-1	0	NaN	-1.0000
43	164	2	250.9368	15	13	0	-1	0	NaN	-1.0000
43	165	2	252.4701	1	1	0	-1	0	NaN	-1.0000
43	166	2	254.0033	15	13	0	-1	0	NaN	-1.0000
43	167	2	255.5366	14	2	0	-1	0	NaN	-1.0000
43	168	2	257.0698	13	4	0	-1	0	NaN	-1.0000
43	169	2	258.6031	12	14	0	-1	0	NaN	-1.0000
43	170	2	260.1364	11	11	0	-1	0	NaN	-1.0000
43	171	2	261.6696	10	15	0	-1	0	NaN	-1.0000
43	172	2	263.2029	9	12	0	-1	0	NaN	-1.0000
43	173	2	264.7361	8	10	0	-1	0	NaN	-1.0000
43	174	2	266.2694	7	3	0	-1	0	NaN	-1.0000
43	175	2	267.8026	6	8	0	-1	0	NaN	-1.0000
43	176	2	269.3359	5	9	0	-1	0	NaN	-1.0000
43	177	2	270.8691	4	7	0	-1	0	NaN	-1.0000
43	178	2	272.4024	3	6	0	-1	0	NaN	-1.0000
43	179	2	273.9356	2	5	0	-1	0	NaN	-1.0000
43	180	2	275.4689	1	1	0	-1	0	NaN	-1.0000
43	181	2	277.0021	2	5	0	-1	0	NaN	-1.0000
43	182	2	278.5354	3	6	0	-1	0	NaN	-1.0000
43	183	2	280.0686	4	7	0	-1	0	NaN	-1.0000
43	184	2	281.6019	5	9	0	-1	0	NaN	-1.0000
43	185	2	283.1351	4	7	0	-1	0	NaN	-1.0000
43	186	2	284.6684	7	3	0	-1	0	NaN	-1.0000
43	187	2	286.2017	5	9	0	-1	0	NaN	-1.0000
43	188	2	287.7349	8	10	0	-1	0	NaN	-1.0000
43	189	2	289.2682	5	9	0	-1	0	NaN	-1.0000
43	190	2	290.8014	6	8	0	-1	0	NaN	-1.0000
43	191	2	292.3347	7	3	0	-1	0	NaN	-1.0000
43	192	2	293.8679	5	9	0	-1	0	NaN	-1.0000
43	193	2	295.4012	6	8	0	-1	0	NaN	-1.0000
43	194	2	296.9344	5	9	0	-1	0	NaN	-1.0000
43	195	2	298.4676	7	3	0	-1	0	NaN	-1.0000
43	196	2	300.0009	8	10	0	-1	0	NaN	-1.0000
43	197	2	301.5342	9	12	0	-1	0	NaN	-1.0000
43	198	2	303.0673	10	15	0	-1	0	NaN	-1.0000
43	199	2	304.6007	11	11	0	-1	0	NaN	-1.0000
43	200	2	306.1339	12	14	0	-1	0	NaN	-1.0000
43	201	2	307.6672	13	4	0	-1	0	NaN	-1.0000
43	202	2	309.2004	14	2	0	-1	0	NaN	-1.0000
43	203	2	310.7337	15	13	0	-1	0	NaN	-1.0000
43	204	2	312.2670	1	1	0	-1	0	NaN	-1.0000
43	205	2	313.8002	2	5	0	-1	0	NaN	-1.0000
43	206	2	315.3335	3	6	0	-1	0	NaN	-1.0000
43	207	2	316.8667	4	7	0	-1	0	NaN	-1.0000
43	208	2	318.4000	5	9	0	-1	0	NaN	-1.0000
43	209	2	319.9332	6	8	0	-1	0	NaN	-1.0000
43	210	2	321.4665	7	3	0	-1	0	NaN	-1.0000
43	211	2	322.9997	5	9	0	-1	0	NaN	-1.0000
43	212	2	324.5329	8	10	0	-1	0	NaN	-1.0000
43	213	2	326.0662	5	9	0	-1	0	NaN	-1.0000
43	214	2	327.5995	7	3	0	-1	0	NaN	-1.0000
43	215	2	329.1327	6	8	0	-1	0	NaN	-1.0000
43	216	2	330.6660	7	3	0	-1	0	NaN	-1.0000
43	217	2	332.1992	5	9	0	-1	0	NaN	-1.0000
43	218	2	333.7325	8	10	0	-1	0	NaN	-1.0000
43	219	2	335.2657	5	9	0	-1	0	NaN	-1.0000
43	220	2	336.7990	8	10	0	-1	0	NaN	-1.0000
43	221	2	338.3322	9	12	0	-1	0	NaN	-1.0000
43	222	2	339.8655	10	15	0	-1	0	NaN	-1.0000
43	223	2	341.3988	11	11	0	-1	0	NaN	-1.0000
43	224	2	342.9320	9	12	0	-1	0	NaN	-1.0000
43	225	2	344.4653	10	15	0	-1	0	NaN	-1.0000
43	226	2	345.9985	9	12	0	-1	0	NaN	-1.0000
43	227	2	347.5318	8	10	0	-1	1	1.0000	0.6989
43	228	2	349.0650	7	3	0	-1	0	1.0000	-1.0000
43	229	2	350.5983	6	8	0	-1	0	1.0000	-1.0000
43	230	2	352.1315	5	9	0	-1	0	1.0000	-1.0000
43	231	2	353.6648	4	7	0	-1	0	1.0000	-1.0000
43	232	2	355.1980	3	6	0	-1	0	1.0000	-1.0000
43	233	2	356.7313	2	5	0	-1	0	1.0000	-1.0000
43	234	2	358.2645	1	1	0	-1	0	1.0000	-1.0000
43	235	2	359.7978	15	13	0	-1	0	1.0000	-1.0000
43	236	2	361.3310	14	2	0	-1	0	1.0000	-1.0000
43	237	2	362.8643	13	4	0	-1	0	1.0000	-1.0000
43	238	2	364.3975	12	14	0	-1	0	1.0000	-1.0000
43	239	2	365.9308	11	11	0	-1	0	1.0000	-1.0000
43	240	2	367.4641	10	15	0	-1	0	1.0000	-1.0000
43	241	2	368.9973	9	12	0	-1	0	1.0000	-1.0000
43	242	2	370.5305	12	14	0	-1	0	1.0000	-1.0000
43	243	2	372.0638	10	15	0	-1	0	1.0000	-1.0000
43	244	2	373.5971	9	12	0	-1	0	1.0000	-1.0000
43	245	2	375.1303	11	11	0	-1	0	1.0000	-1.0000
43	246	2	376.6636	9	12	0	-1	0	1.0000	-1.0000
43	247	2	378.1968	10	15	0	-1	0	1.0000	-1.0000
43	248	2	379.7301	9	12	0	-1	0	1.0000	-1.0000
43	249	2	381.2633	11	11	0	-1	0	1.0000	-1.0000
43	250	2	382.7965	13	4	0	-1	0	1.0000	-1.0000
43	251	2	384.3298	11	11	0	-1	0	1.0000	-1.0000
43	252	2	385.8631	13	4	0	-1	0	1.0000	-1.0000
43	253	2	387.3963	12	14	0	-1	0	1.0000	-1.0000
43	254	2	388.9296	10	15	0	-1	0	1.0000	-1.0000
43	255	2	390.4628	13	4	0	-1	0	1.0000	-1.0000
43	256	2	391.9961	14	2	0	-1	0	1.0000	-1.0000
43	257	2	393.5293	15	13	0	-1	0	1.0000	-1.0000
43	258	2	395.0626	1	1	0	-1	0	1.0000	-1.0000
43	259	2	396.5958	2	5	0	-1	0	1.0000	-1.0000
43	260	2	398.1291	3	6	0	-1	0	1.0000	-1.0000
43	261	2	399.6624	4	7	0	-1	0	1.0000	-1.0000
43	262	2	401.1956	5	9	0	-1	0	1.0000	-1.0000
43	263	2	402.7289	6	8	0	-1	0	1.0000	-1.0000
43	264	2	404.2621	7	3	0	-1	0	1.0000	-1.0000
43	265	2	405.7954	8	10	0	-1	0	1.0000	-1.0000
43	266	2	407.3286	9	12	0	-1	0	1.0000	-1.0000
43	267	2	408.8619	10	15	0	-1	0	1.0000	-1.0000
43	268	2	410.3951	11	11	0	-1	0	1.0000	-1.0000
43	269	2	411.9284	12	14	0	-1	0	1.0000	-1.0000
43	270	2	413.4616	13	4	0	-1	0	1.0000	-1.0000
43	271	2	414.9949	11	11	0	-1	0	1.0000	-1.0000
43	272	2	416.5281	10	15	0	-1	0	1.0000	-1.0000
43	273	2	418.0613	12	14	0	-1	0	1.0000	-1.0000
43	274	2	419.5946	11	11	0	-1	0	1.0000	-1.0000
43	275	2	421.1279	10	15	0	-1	0	1.0000	-1.0000
43	276	2	422.6611	9	12	0	-1	0	1.0000	-1.0000
43	277	2	424.1944	10	15	0	-1	0	1.0000	-1.0000
43	278	2	425.7277	11	11	0	-1	0	1.0000	-1.0000
43	279	2	427.2609	9	12	0	-1	0	1.0000	-1.0000
43	280	2	428.7942	12	14	0	-1	0	1.0000	-1.0000
43	281	2	430.3274	11	11	0	-1	0	1.0000	-1.0000
43	282	2	431.8606	10	15	0	-1	0	1.0000	-1.0000
43	283	2	433.3939	11	11	0	-1	0	1.0000	-1.0000
43	284	2	434.9272	10	15	0	-1	0	1.0000	-1.0000
43	285	2	436.4604	12	14	0	-1	0	1.0000	-1.0000
43	286	2	437.9936	11	11	0	-1	0	1.0000	-1.0000
43	287	2	439.5269	10	15	0	-1	0	1.0000	-1.0000
43	288	2	441.0602	9	12	0	-1	0	1.0000	-1.0000
43	289	2	442.5934	8	10	0	-1	0	1.0000	-1.0000
43	290	2	444.1267	7	3	0	-1	0	1.0000	-1.0000
43	291	2	445.6599	6	8	0	-1	0	1.0000	-1.0000
43	292	2	447.1932	5	9	0	-1	0	1.0000	-1.0000
43	293	2	448.7264	4	7	0	-1	0	1.0000	-1.0000
43	294	2	450.2597	3	6	0	-1	0	1.0000	-1.0000
43	295	2	451.7929	2	5	0	-1	0	1.0000	-1.0000
43	296	2	453.3261	1	1	0	-1	0	1.0000	-1.0000
43	297	2	454.8595	15	13	0	-1	0	1.0000	-1.0000
43	298	2	456.3926	14	2	0	-1	0	1.0000	-1.0000
43	299	2	457.9260	13	4	0	-1	0	1.0000	-1.0000
43	300	2	459.4592	12	14	0	-1	0	1.0000	-1.0000
43	301	2	460.9925	11	11	0	-1	0	1.0000	-1.0000
43	302	2	462.5257	12	14	0	-1	0	1.0000	-1.0000
43	303	2	464.0590	9	12	0	-1	0	1.0000	-1.0000
43	304	2	465.5922	10	15	0	-1	0	1.0000	-1.0000
43	305	2	467.1255	12	14	0	-1	0	1.0000	-1.0000
43	306	2	468.6587	10	15	0	-1	0	1.0000	-1.0000
43	307	2	470.1919	9	12	0	-1	0	1.0000	-1.0000
43	308	2	471.7252	8	10	0	-1	0	1.0000	-1.0000
43	309	2	473.2585	5	9	0	-1	0	1.0000	-1.0000
43	310	2	474.7918	8	10	0	-1	0	1.0000	-1.0000
43	311	2	476.3250	9	12	0	-1	0	1.0000	-1.0000
43	312	2	477.8582	12	14	0	-1	0	1.0000	-1.0000
43	313	2	479.3915	10	15	0	-1	0	1.0000	-1.0000
43	314	2	480.9248	12	14	0	-1	0	1.0000	-1.0000
43	315	2	482.4580	10	15	0	-1	1	0.5000	0.6847
43	316	2	483.9912	9	12	0	-1	0	0.5000	-1.0000
43	317	2	485.5245	8	10	0	-1	0	0.5000	-1.0000
43	318	2	487.0578	7	3	0	-1	0	0.5000	-1.0000
43	319	2	488.5910	6	8	0	-1	0	0.5000	-1.0000
43	320	2	490.1243	5	9	0	-1	0	0.5000	-1.0000
43	321	2	491.6575	4	7	0	-1	0	0.5000	-1.0000
43	322	2	493.1908	3	6	0	-1	0	0.5000	-1.0000
43	323	2	494.7240	2	5	0	-1	0	0.5000	-1.0000
43	324	2	496.2573	1	1	0	-1	0	0.5000	-1.0000
43	325	2	497.7905	15	13	0	-1	0	0.5000	-1.0000
43	326	2	499.3238	14	2	0	-1	0	0.5000	-1.0000
43	327	2	500.8570	13	4	0	-1	0	0.5000	-1.0000
43	328	2	502.3903	12	14	0	-1	0	0.5000	-1.0000
43	329	2	503.9235	11	11	0	-1	0	0.5000	-1.0000
43	330	2	505.4568	10	15	0	-1	0	0.5000	-1.0000
43	331	2	506.9900	13	4	0	-1	0	0.5000	-1.0000
43	332	2	508.5233	14	2	0	-1	0	0.5000	-1.0000
43	333	2	510.0565	2	5	0	-1	0	0.5000	-1.0000
43	334	2	511.5898	14	2	0	-1	0	0.5000	-1.0000
43	335	2	513.1231	15	13	0	-1	0	0.5000	-1.0000
43	336	2	514.6563	14	2	0	-1	0	0.5000	-1.0000
43	337	2	516.1896	13	4	0	-1	0	0.5000	-1.0000
43	338	2	517.7228	12	14	0	-1	0	0.5000	-1.0000
43	339	2	519.2560	13	4	0	-1	0	0.5000	-1.0000
43	340	2	520.7893	14	2	0	-1	0	0.5000	-1.0000
43	341	2	522.3226	2	5	0	-1	0	0.5000	-1.0000
43	342	2	523.8558	14	2	0	-1	0	0.5000	-1.0000
43	343	2	525.3891	15	13	0	-1	0	0.5000	-1.0000
43	344	2	526.9223	3	6	0	-1	0	0.5000	-1.0000
43	345	2	528.4556	15	13	0	-1	0	0.5000	-1.0000
43	346	2	529.9888	1	1	0	-1	0	0.5000	-1.0000
43	347	2	531.5221	2	5	0	-1	0	0.5000	-1.0000
43	348	2	533.0553	3	6	0	-1	0	0.5000	-1.0000
43	349	2	534.5886	4	7	0	-1	0	0.5000	-1.0000
43	350	2	536.1218	5	9	0	-1	0	0.5000	-1.0000
43	351	2	537.6551	6	8	0	-1	0	0.5000	-1.0000
43	352	2	539.1883	7	3	0	-1	0	0.5000	-1.0000
43	353	2	540.7216	8	10	0	-1	0	0.5000	-1.0000
43	354	2	542.2548	9	12	0	-1	0	0.5000	-1.0000
43	355	2	543.7881	10	15	0	-1	0	0.5000	-1.0000
43	356	2	545.3214	11	11	0	-1	0	0.5000	-1.0000
43	357	2	546.8546	12	14	0	-1	0	0.5000	-1.0000
43	358	2	548.3879	13	4	0	-1	0	0.5000	-1.0000
43	359	2	549.9211	14	2	0	-1	0	0.5000	-1.0000
43	360	2	551.4544	15	13	0	-1	0	0.5000	-1.0000
43	361	2	552.9876	3	6	0	-1	0	0.5000	-1.0000
43	362	2	554.5209	15	13	0	-1	0	0.5000	-1.0000
43	363	2	556.0541	14	2	0	-1	0	0.5000	-1.0000
43	364	2	557.5873	2	5	0	-1	0	0.5000	-1.0000
43	365	2	559.1206	15	13	0	-1	0	0.5000	-1.0000
43	366	2	560.6539	14	2	0	-1	0	0.5000	-1.0000
43	367	2	562.1871	1	1	0	-1	0	0.5000	-1.0000
43	368	2	563.7204	14	2	0	-1	0	0.5000	-1.0000
43	369	2	565.2536	15	13	0	-1	0	0.5000	-1.0000
43	370	2	566.7869	1	1	0	-1	0	0.5000	-1.0000
43	371	2	568.3201	14	2	0	-1	0	0.5000	-1.0000
43	372	2	569.8534	15	13	0	-1	0	0.5000	-1.0000
43	373	2	571.3866	14	2	0	-1	0	0.5000	-1.0000
43	374	2	572.9199	13	4	0	-1	0	0.5000	-1.0000
43	375	2	574.4531	10	15	0	-1	0	0.5000	-1.0000
43	376	2	575.9864	11	11	0	-1	0	0.5000	-1.0000
43	377	2	577.5197	12	14	0	-1	0	0.5000	-1.0000
43	378	2	579.0529	13	4	0	-1	0	0.5000	-1.0000
43	379	2	580.5862	14	2	0	-1	0	0.5000	-1.0000
43	380	2	582.1194	15	13	0	-1	0	0.5000	-1.0000
43	381	2	583.6527	1	1	0	-1	0	0.5000	-1.0000
43	382	2	585.1859	2	5	0	-1	0	0.5000	-1.0000
43	383	2	586.7191	3	6	0	-1	0	0.5000	-1.0000
43	384	2	588.2524	4	7	0	-1	0	0.5000	-1.0000
43	385	2	589.7856	5	9	0	-1	0	0.5000	-1.0000
43	386	2	591.3189	6	8	0	-1	0	0.5000	-1.0000
43	387	2	592.8522	7	3	0	-1	0	0.5000	-1.0000
43	388	2	594.3855	8	10	0	-1	0	0.5000	-1.0000
43	389	2	595.9187	9	12	0	-1	0	0.5000	-1.0000
43	390	2	597.4519	10	15	0	-1	0	0.5000	-1.0000
43	391	2	598.9852	13	4	0	-1	0	0.5000	-1.0000
43	392	2	600.5185	11	11	0	-1	0	0.5000	-1.0000
43	393	2	602.0517	13	4	0	-1	0	0.5000	-1.0000
43	394	2	603.5849	12	14	0	-1	0	0.5000	-1.0000
43	395	2	605.1182	13	4	0	-1	0	0.5000	-1.0000
43	396	2	606.6515	10	15	0	-1	0	0.5000	-1.0000
43	397	2	608.1847	13	4	0	-1	0	0.5000	-1.0000
43	398	2	609.7180	11	11	0	-1	0	0.5000	-1.0000
43	399	2	611.2512	9	12	0	-1	0	0.5000	-1.0000
43	400	2	612.7845	12	14	0	-1	0	0.5000	-1.0000
43	401	2	614.3177	10	15	0	-1	0	0.5000	-1.0000
43	402	2	615.8510	11	11	0	-1	0	0.5000	-1.0000
43	403	2	617.3842	9	12	0	-1	0	0.5000	-1.0000
43	404	2	618.9175	8	10	0	-1	0	0.5000	-1.0000
43	405	2	620.4507	6	8	0	-1	0	0.5000	-1.0000
43	406	2	621.9840	5	9	0	-1	0	0.5000	-1.0000
43	407	2	623.5172	4	7	0	-1	0	0.5000	-1.0000
43	408	2	625.0505	3	6	0	-1	0	0.5000	-1.0000
43	409	2	626.5837	2	5	0	-1	0	0.5000	-1.0000
43	410	2	628.1170	1	1	0	-1	0	0.5000	-1.0000
43	411	2	629.6502	15	13	0	-1	0	0.5000	-1.0000
43	412	2	631.1835	14	2	0	-1	0	0.5000	-1.0000
43	413	2	632.7168	13	4	0	-1	0	0.5000	-1.0000
43	414	2	634.2500	12	14	0	-1	0	0.5000	-1.0000
43	415	2	635.7833	11	11	0	-1	0	0.5000	-1.0000
43	416	2	637.3165	10	15	0	-1	0	0.5000	-1.0000
43	417	2	638.8498	9	12	0	-1	0	0.5000	-1.0000
43	418	2	640.3830	8	10	0	-1	0	0.5000	-1.0000
43	419	2	641.9163	7	3	0	-1	0	0.5000	-1.0000
43	420	2	643.4495	6	8	0	-1	0	0.5000	-1.0000
43	421	2	644.9828	5	9	0	-1	0	0.5000	-1.0000
43	422	2	646.5160	7	3	0	-1	0	0.5000	-1.0000
43	423	2	648.0493	8	10	0	-1	0	0.5000	-1.0000
43	424	2	649.5825	6	8	0	-1	0	0.5000	-1.0000
43	425	2	651.1158	5	9	0	-1	0	0.5000	-1.0000
43	426	2	652.6490	6	8	0	-1	0	0.5000	-1.0000
43	427	2	654.1823	8	10	0	-1	0	0.5000	-1.0000
43	428	2	655.7155	7	3	0	-1	0	0.5000	-1.0000
43	429	2	657.2488	4	7	0	-1	0	0.5000	-1.0000
43	430	2	658.7820	7	3	0	-1	0	0.5000	-1.0000
43	431	2	660.3153	4	7	0	-1	0	0.5000	-1.0000
43	432	2	661.8486	7	3	0	-1	0	0.5000	-1.0000
43	433	2	663.3818	6	8	0	-1	0	0.5000	-1.0000
43	434	2	664.9150	5	9	0	-1	0	0.5000	-1.0000
43	435	2	666.4483	8	10	0	-1	0	0.5000	-1.0000
43	436	2	667.9815	7	3	0	-1	0	0.5000	-1.0000
43	437	2	669.5148	6	8	0	-1	0	0.5000	-1.0000
43	438	2	671.0480	5	9	0	-1	0	0.5000	-1.0000
43	439	2	672.5813	4	7	0	-1	0	0.5000	-1.0000
43	440	2	674.1146	3	6	0	-1	0	0.5000	-1.0000
43	441	2	675.6478	2	5	0	-1	0	0.5000	-1.0000
43	442	2	677.1810	1	1	0	-1	0	0.5000	-1.0000
43	443	2	678.7143	15	13	0	-1	0	0.5000	-1.0000
43	444	2	680.2476	14	2	0	-1	0	0.5000	-1.0000
43	445	2	681.7808	13	4	0	-1	0	0.5000	-1.0000
43	446	2	683.3140	12	14	0	-1	0	0.5000	-1.0000
43	447	2	684.8473	11	11	0	-1	0	0.5000	-1.0000
43	448	2	686.3806	10	15	0	-1	0	0.5000	-1.0000
43	449	2	687.9139	9	12	0	-1	0	0.5000	-1.0000
43	450	2	689.4470	8	10	0	-1	1	0.6667	0.5599
43	451	2	690.9803	5	9	0	-1	0	0.6667	-1.0000
43	452	2	692.5136	8	10	0	-1	0	0.6667	-1.0000
43	453	2	694.0469	5	9	0	-1	0	0.6667	-1.0000
43	454	2	695.5801	7	3	0	-1	0	0.6667	-1.0000
43	455	2	697.1134	5	9	0	-1	0	0.6667	-1.0000
43	456	2	698.6466	6	8	0	-1	0	0.6667	-1.0000
43	457	2	700.1799	8	10	0	-1	0	0.6667	-1.0000
43	458	2	701.7131	7	3	0	-1	0	0.6667	-1.0000
43	459	2	703.2463	4	7	0	-1	0	0.6667	-1.0000
43	460	2	704.7796	6	8	0	-1	0	0.6667	-1.0000
43	461	2	706.3129	7	3	0	-1	0	0.6667	-1.0000
43	462	2	707.8461	8	10	0	-1	0	0.6667	-1.0000
43	463	2	709.3794	6	8	0	-1	0	0.6667	-1.0000
43	464	2	710.9126	4	7	0	-1	0	0.6667	-1.0000
43	465	2	712.4459	5	9	0	-1	0	0.6667	-1.0000
43	466	2	713.9791	4	7	0	-1	0	0.6667	-1.0000
43	467	2	715.5124	3	6	0	-1	0	0.6667	-1.0000
43	468	2	717.0456	2	5	0	-1	0	0.6667	-1.0000
43	469	2	718.5789	1	1	0	-1	0	0.6667	-1.0000
43	470	2	720.1122	15	13	0	-1	0	0.6667	-1.0000
43	471	2	721.6454	14	2	0	-1	0	0.6667	-1.0000
43	472	2	723.1786	13	4	0	-1	0	0.6667	-1.0000
43	473	2	724.7119	12	14	0	-1	0	0.6667	-1.0000
43	474	2	726.2452	11	11	0	-1	0	0.6667	-1.0000
43	475	2	727.7784	10	15	0	-1	0	0.6667	-1.0000
43	476	2	729.3117	9	12	0	-1	0	0.6667	-1.0000
43	477	2	730.8449	8	10	0	-1	1	0.7500	0.8900
43	478	2	732.3782	7	3	0	-1	0	0.7500	-1.0000
43	479	2	733.9114	6	8	0	-1	0	0.7500	-1.0000
43	480	2	735.4447	5	9	0	-1	0	0.7500	-1.0000
43	481	2	736.9779	7	3	0	-1	0	0.7500	-1.0000
43	482	2	738.5112	5	9	0	-1	0	0.7500	-1.0000
43	483	2	740.0444	4	7	0	-1	0	0.7500	-1.0000
43	484	2	741.5777	7	3	0	-1	0	0.7500	-1.0000
43	485	2	743.1109	5	9	0	-1	0	0.7500	-1.0000
43	486	2	744.6442	8	10	0	-1	0	0.7500	-1.0000
43	487	2	746.1774	6	8	0	-1	0	0.7500	-1.0000
43	488	2	747.7107	5	9	0	-1	0	0.7500	-1.0000
43	489	2	749.2440	7	3	0	-1	0	0.7500	-1.0000
43	490	2	750.7772	8	10	0	-1	0	0.7500	-1.0000
43	491	2	752.3105	9	12	0	-1	0	0.7500	-1.0000
43	492	2	753.8437	8	10	0	-1	0	0.7500	-1.0000
43	493	2	755.3769	5	9	0	-1	0	0.7500	-1.0000
43	494	2	756.9102	7	3	0	-1	0	0.7500	-1.0000
43	495	2	758.4435	5	9	0	-1	0	0.7500	-1.0000
43	496	2	759.9767	4	7	0	-1	0	0.7500	-1.0000
43	497	2	761.5100	3	6	0	-1	0	0.7500	-1.0000
43	498	2	763.0432	2	5	0	-1	0	0.7500	-1.0000
43	499	2	764.5765	1	1	0	-1	0	0.7500	-1.0000
43	500	2	766.1097	15	13	0	-1	0	0.7500	-1.0000
43	501	2	767.6430	14	2	0	-1	0	0.7500	-1.0000
43	502	2	769.1762	13	4	0	-1	0	0.7500	-1.0000
43	503	2	770.7095	12	14	0	-1	0	0.7500	-1.0000
43	504	2	772.2427	11	11	0	-1	0	0.7500	-1.0000
43	505	2	773.7760	10	15	0	-1	0	0.7500	-1.0000
43	506	2	775.3092	9	12	0	-1	0	0.7500	-1.0000
43	507	2	776.8425	8	10	0	-1	1	0.8000	0.5725
43	508	2	778.3757	7	3	0	-1	0	0.8000	-1.0000
43	509	2	779.9090	6	8	0	-1	0	0.8000	-1.0000
43	510	2	781.4423	5	9	0	-1	0	0.8000	-1.0000
43	511	2	782.9755	4	7	0	-1	0	0.8000	-1.0000
43	512	2	784.5088	7	3	0	-1	0	0.8000	-1.0000
43	513	2	786.0420	5	9	0	-1	0	0.8000	-1.0000
43	514	2	787.5753	4	7	0	-1	0	0.8000	-1.0000
43	515	2	789.1085	3	6	0	-1	0	0.8000	-1.0000
43	516	2	790.6418	15	13	0	-1	0	0.8000	-1.0000
43	517	2	792.1750	1	1	0	-1	0	0.8000	-1.0000
43	518	2	793.7083	2	5	0	-1	0	0.8000	-1.0000
43	519	2	795.2415	1	1	0	-1	0	0.8000	-1.0000
43	520	2	796.7748	2	5	0	-1	0	0.8000	-1.0000
43	521	2	798.3080	15	13	0	-1	0	0.8000	-1.0000
43	522	2	799.8413	14	2	0	-1	0	0.8000	-1.0000
43	523	2	801.3745	2	5	0	-1	0	0.8000	-1.0000
43	524	2	802.9077	15	13	0	-1	0	0.8000	-1.0000
43	525	2	804.4410	14	2	0	-1	0	0.8000	-1.0000
43	526	2	805.9743	13	4	0	-1	0	0.8000	-1.0000
43	527	2	807.5075	12	14	0	-1	0	0.8000	-1.0000
43	528	2	809.0408	11	11	0	-1	0	0.8000	-1.0000
43	529	2	810.5741	10	15	0	-1	0	0.8000	-1.0000
43	530	2	812.1073	9	12	0	-1	0	0.8000	-1.0000
43	531	2	813.6405	8	10	0	-1	1	0.8333	0.5264
43	532	2	815.1738	7	3	0	-1	0	0.8333	-1.0000
43	533	2	816.7071	6	8	0	-1	0	0.8333	-1.0000
43	534	2	818.2403	5	9	0	-1	0	0.8333	-1.0000
43	535	2	819.7736	4	7	0	-1	0	0.8333	-1.0000
43	536	2	821.3068	3	6	0	-1	0	0.8333	-1.0000
43	537	2	822.8401	2	5	0	-1	0	0.8333	-1.0000
43	538	2	824.3733	1	1	0	-1	0	0.8333	-1.0000
43	539	2	825.9066	15	13	0	-1	0	0.8333	-1.0000
43	540	2	827.4398	14	2	0	-1	0	0.8333	-1.0000
43	541	2	828.9731	15	13	0	-1	0	0.8333	-1.0000
43	542	2	830.5063	2	5	0	-1	0	0.8333	-1.0000
43	543	2	832.0396	15	13	0	-1	0	0.8333	-1.0000
43	544	2	833.5728	2	5	0	-1	0	0.8333	-1.0000
43	545	2	835.1061	14	2	0	-1	0	0.8333	-1.0000
43	546	2	836.6393	13	4	0	-1	0	0.8333	-1.0000
43	547	2	838.1726	14	2	0	-1	0	0.8333	-1.0000
43	548	2	839.7058	15	13	0	-1	0	0.8333	-1.0000
43	549	2	841.2391	1	1	0	-1	0	0.8333	-1.0000
43	550	2	842.7723	14	2	0	-1	0	0.8333	-1.0000
43	551	2	844.3056	1	1	0	-1	0	0.8333	-1.0000
43	552	2	845.8389	2	5	0	-1	0	0.8333	-1.0000
43	553	2	847.3721	1	1	0	-1	0	0.8333	-1.0000
43	554	2	848.9054	3	6	0	-1	0	0.8333	-1.0000
43	555	2	850.4386	2	5	0	-1	0	0.8333	-1.0000
43	556	2	851.9718	1	1	0	-1	0	0.8333	-1.0000
43	557	2	853.5051	15	13	0	-1	0	0.8333	-1.0000
43	558	2	855.0384	14	2	0	-1	0	0.8333	-1.0000
43	559	2	856.5716	13	4	0	-1	0	0.8333	-1.0000
43	560	2	858.1049	12	14	0	-1	0	0.8333	-1.0000
43	561	2	859.6381	11	11	0	-1	0	0.8333	-1.0000
43	562	2	861.1714	10	15	0	-1	0	0.8333	-1.0000
43	563	2	862.7046	9	12	0	-1	0	0.8333	-1.0000
43	564	2	864.2379	8	10	0	-1	1	0.8571	0.5053
43	565	2	865.7711	7	3	0	-1	0	0.8571	-1.0000
43	566	2	867.3044	6	8	0	-1	0	0.8571	-1.0000
43	567	2	868.8376	5	9	0	-1	0	0.8571	-1.0000
43	568	2	870.3709	4	7	0	-1	0	0.8571	-1.0000
43	569	2	871.9041	3	6	0	-1	0	0.8571	-1.0000
43	570	2	873.4374	2	5	0	-1	0	0.8571	-1.0000
43	571	2	874.9707	1	1	0	-1	0	0.8571	-1.0000
43	572	2	876.5039	14	2	0	-1	0	0.8571	-1.0000
43	573	2	878.0371	2	5	0	-1	0	0.8571	-1.0000
43	574	2	879.5704	14	2	0	-1	0	0.8571	-1.0000
43	575	2	881.1037	13	4	0	-1	0	0.8571	-1.0000
43	576	2	882.6369	12	14	0	-1	0	0.8571	-1.0000
43	577	2	884.1702	10	15	0	-1	0	0.8571	-1.0000
43	578	2	885.7034	12	14	0	-1	0	0.8571	-1.0000
43	579	2	887.2367	11	11	0	-1	0	0.8571	-1.0000
43	580	2	888.7699	10	15	0	-1	0	0.8571	-1.0000
43	581	2	890.3032	13	4	0	-1	0	0.8571	-1.0000
43	582	2	891.8364	14	2	0	-1	0	0.8571	-1.0000
43	583	2	893.3697	1	1	0	-1	0	0.8571	-1.0000
43	584	2	894.9029	15	13	0	-1	0	0.8571	-1.0000
43	585	2	896.4362	14	2	0	-1	0	0.8571	-1.0000
43	586	2	897.9694	15	13	0	-1	0	0.8571	-1.0000
43	587	2	899.5027	1	1	0	-1	0	0.8571	-1.0000
43	588	2	901.0360	2	5	0	-1	0	0.8571	-1.0000
43	589	2	902.5692	3	6	0	-1	0	0.8571	-1.0000
43	590	2	904.1025	4	7	0	-1	0	0.8571	-1.0000
43	591	2	905.6357	5	9	0	-1	0	0.8571	-1.0000
43	592	2	907.1690	6	8	0	-1	0	0.8571	-1.0000
43	593	2	908.7022	7	3	0	-1	0	0.8571	-1.0000
43	594	2	910.2355	8	10	0	-1	0	0.8571	-1.0000
43	595	2	911.7687	9	12	0	-1	0	0.8571	-1.0000
43	596	2	913.3020	10	15	0	-1	0	0.8571	-1.0000
43	597	2	914.8352	11	11	0	-1	0	0.8571	-1.0000
43	598	2	916.3685	12	14	0	-1	0	0.8571	-1.0000
43	599	2	917.9017	13	4	0	-1	0	0.8571	-1.0000
43	600	2	919.4350	14	2	0	-1	0	0.8571	-1.0000
Actual parsing ratio
0.8571
Possible node parses
84.0000
 Node parses selected
0.0714
Possible other parses
516.0000
Other parses selected
0.0019
Chance parsing ratio
0.1400
Shock trials
113
342
550
955
1105