*********************************************
* Date/Time: 28-Jan-2020 09:03:08
* Seed: 210279.9
* Subject Number: 038
1	11	6	5	7	3	9	10	2	8	12	15	4	13	14	
*********************************************

Shape exposure time (seconds)
112.4941
subject	trial	phase	onset	node	shape	rotate	acc	resp	total	rt
38	1	1	1.0166	6	3	90	0	1	0.0000	1.3815
38	2	1	2.7165	8	10	90	-1	0	0.0000	-1.0000
38	3	1	4.8164	5	7	90	-1	0	0.0000	-1.0000
38	4	1	6.8663	7	9	0	-1	0	0.0000	-1.0000
38	5	1	8.8995	6	3	0	-1	0	0.0000	-1.0000
38	6	1	10.9494	7	9	0	-1	0	0.0000	-1.0000
38	7	1	12.9993	6	3	0	-1	0	0.0000	-1.0000
38	8	1	15.0326	8	10	0	-1	0	0.0000	-1.0000
38	9	1	17.0824	6	3	0	-1	0	0.0000	-1.0000
38	10	1	19.1323	8	10	90	-1	0	0.0000	-1.0000
38	11	1	21.1656	7	9	0	-1	0	0.0000	-1.0000
38	12	1	23.2154	5	7	0	-1	0	0.0000	-1.0000
38	13	1	25.2487	8	10	0	-1	0	0.0000	-1.0000
38	14	1	27.3819	5	7	0	-1	0	0.0000	-1.0000
38	15	1	29.4317	8	10	0	-1	0	0.0000	-1.0000
38	16	1	31.4817	7	9	0	-1	0	0.0000	-1.0000
38	17	1	33.5149	4	5	0	-1	0	0.0000	-1.0000
38	18	1	35.5648	5	7	90	-1	0	0.0000	-1.0000
38	19	1	37.6480	7	9	90	-1	0	0.0000	-1.0000
38	20	1	39.7479	6	3	0	-1	0	0.0000	-1.0000
38	21	1	41.7812	4	5	0	-1	0	0.0000	-1.0000
38	22	1	43.8311	6	3	90	-1	0	0.0000	-1.0000
38	23	1	45.8643	8	10	0	-1	0	0.0000	-1.0000
38	24	1	47.9142	6	3	0	-1	0	0.0000	-1.0000
38	25	1	49.9641	7	9	0	-1	0	0.0000	-1.0000
38	26	1	51.9973	6	3	0	-1	0	0.0000	-1.0000
38	27	1	54.0471	7	9	90	-1	0	0.0000	-1.0000
38	28	1	56.0804	5	7	0	0	1	0.0000	1.3910
38	29	1	58.0470	4	5	0	-1	0	0.0000	-1.0000
38	30	1	60.0802	6	3	0	-1	0	0.0000	-1.0000
38	31	1	62.1301	4	5	0	0	1	0.0000	1.3094
38	32	1	63.9967	5	7	0	-1	0	0.0000	-1.0000
38	33	1	66.0299	8	10	90	-1	0	0.0000	-1.0000
38	34	1	68.0631	9	2	0	-1	0	0.0000	-1.0000
38	35	1	70.2462	8	10	0	-1	0	0.0000	-1.0000
38	36	1	72.2462	7	9	0	-1	0	0.0000	-1.0000
38	37	1	74.2961	6	3	0	-1	0	0.0000	-1.0000
38	38	1	76.4293	5	7	0	-1	0	0.0000	-1.0000
38	39	1	78.4792	7	9	0	-1	0	0.0000	-1.0000
38	40	1	80.5124	8	10	0	0	1	0.0000	0.0947
38	41	1	82.0624	7	9	0	1	1	0.0244	1.1530
38	42	1	83.6123	8	10	0	1	1	0.0476	1.3457
38	43	1	85.1621	6	3	0	-1	0	0.0465	-1.0000
38	44	1	87.2120	4	5	90	1	1	0.0682	1.2826
38	45	1	88.7620	7	9	0	0	1	0.0667	1.4133
38	46	1	90.7452	8	10	0	-1	0	0.0652	-1.0000
38	47	1	92.7785	6	3	0	-1	0	0.0638	-1.0000
38	48	1	94.8117	5	7	0	-1	0	0.0625	-1.0000
38	49	1	96.8616	6	3	90	-1	0	0.0612	-1.0000
38	50	1	99.0281	7	9	0	-1	0	0.0600	-1.0000
38	51	1	101.2280	6	3	0	-1	0	0.0588	-1.0000
38	52	1	103.2779	8	10	0	-1	0	0.0577	-1.0000
38	53	1	105.5277	5	7	90	1	1	0.0755	1.3515
38	54	1	107.0943	6	3	0	-1	0	0.0741	-1.0000
38	55	1	109.1276	7	9	0	-1	0	0.0727	-1.0000
38	56	1	111.1775	4	5	90	0	1	0.0714	0.0539
38	57	1	112.7274	5	7	0	1	1	0.0877	1.0635
38	58	1	114.2773	6	3	0	1	1	0.1034	0.9866
38	59	1	115.8273	4	5	0	1	1	0.1186	1.0359
38	60	1	117.3772	5	7	0	0	1	0.1167	1.1181
38	61	1	119.0771	6	3	0	1	1	0.1311	1.0667
38	62	1	120.6270	4	5	0	0	1	0.1290	1.0510
38	63	1	122.2269	3	6	0	0	1	0.1270	1.1641
38	64	1	123.9102	15	14	0	1	1	0.1406	1.2571
38	65	1	125.4601	3	6	0	0	1	0.1385	1.1634
38	66	1	127.1600	2	11	90	0	1	0.1364	1.0780
38	67	1	128.8266	3	6	0	1	1	0.1493	1.2043
38	68	1	130.3765	1	1	0	1	1	0.1618	1.0797
38	69	1	131.9264	2	11	90	0	1	0.1594	1.0810
38	70	1	133.5597	1	1	0	0	1	0.1571	1.3356
38	71	1	135.4262	3	6	0	1	1	0.1690	1.3730
38	72	1	137.0428	2	11	0	0	1	0.1667	1.0366
38	73	1	138.6761	1	1	0	1	1	0.1781	0.9711
38	74	1	140.2259	3	6	0	1	1	0.1892	1.1019
38	75	1	141.7759	15	14	0	0	1	0.1867	0.9755
38	76	1	143.3258	3	6	0	1	1	0.1974	1.2322
38	77	1	144.8757	2	11	0	1	1	0.2078	1.2355
38	78	1	146.4257	15	14	0	1	1	0.2179	1.1088
38	79	1	147.9756	1	1	0	1	1	0.2278	1.3515
38	80	1	149.6422	15	14	90	0	1	0.2250	1.0932
38	81	1	151.3087	1	1	0	1	1	0.2346	1.2506
38	82	1	152.8586	3	6	0	1	1	0.2439	1.2047
38	83	1	154.4085	4	5	0	0	1	0.2410	1.0471
38	84	1	156.0418	5	7	0	1	1	0.2500	1.0923
38	85	1	157.5917	7	9	0	0	1	0.2471	1.3680
38	86	1	159.4750	4	5	0	1	1	0.2558	1.1159
38	87	1	161.0248	3	6	0	1	1	0.2644	1.0711
38	88	1	162.5748	4	5	90	0	1	0.2614	1.0403
38	89	1	164.1247	6	3	0	1	1	0.2697	1.1373
38	90	1	165.6746	8	10	0	1	1	0.2778	0.8993
38	91	1	167.2246	5	7	0	1	1	0.2857	0.7255
38	92	1	168.7745	6	3	90	0	1	0.2826	0.8092
38	93	1	170.3244	8	10	0	0	1	0.2796	1.1149
38	94	1	172.0243	9	2	0	0	1	0.2766	0.8709
38	95	1	173.5742	8	10	0	0	1	0.2737	0.7768
38	96	1	175.1242	7	9	0	0	1	0.2708	0.5858
38	97	1	176.6741	8	10	0	0	1	0.2680	0.5894
38	98	1	178.2240	6	3	90	0	1	0.2653	0.7180
38	99	1	179.7739	8	10	0	1	1	0.2727	0.9126
38	100	1	181.3238	9	2	0	1	1	0.2800	1.2192
38	101	1	182.8737	11	12	0	0	1	0.2772	0.8843
38	102	1	184.4236	12	15	90	1	1	0.2843	0.7744
38	103	1	185.9736	11	12	0	0	1	0.2816	0.7135
38	104	1	187.5235	13	4	90	1	1	0.2885	0.8917
38	105	1	189.0734	14	13	0	0	1	0.2857	1.1486
38	106	1	190.9733	13	4	0	0	1	0.2830	1.0887
38	107	1	192.6399	14	13	0	1	1	0.2897	1.3434
38	108	1	194.2231	15	14	0	1	1	0.2963	1.0562
38	109	1	195.7731	3	6	0	1	1	0.3028	0.8662
38	110	1	197.3230	15	14	0	0	1	0.3000	1.2364
38	111	1	199.1395	2	11	0	0	1	0.2973	0.8276
38	112	1	200.6894	15	14	0	0	1	0.2946	0.9887
38	113	1	202.2394	2	11	0	0	1	0.2920	0.9120
38	114	1	203.7893	1	1	90	1	1	0.2982	0.9459
38	115	1	205.3392	15	14	90	1	1	0.3043	1.1560
38	116	1	206.8891	2	11	0	1	1	0.3103	0.8380
38	117	1	208.4391	14	13	0	1	1	0.3162	1.0309
38	118	1	209.9890	2	11	0	1	1	0.3220	1.1944
38	119	1	211.5389	3	6	90	0	1	0.3193	0.9070
38	120	1	213.0888	2	11	0	0	1	0.3167	1.0551
38	121	1	214.7386	14	13	90	-1	0	0.3140	-1.0000
38	122	1	216.7720	13	4	0	1	1	0.3197	1.3873
38	123	1	218.4052	11	12	0	0	1	0.3171	1.1308
38	124	1	220.1218	13	4	90	-1	0	0.3145	-1.0000
38	125	1	222.3050	11	12	0	0	1	0.3120	0.8622
38	126	1	223.8549	9	2	0	0	1	0.3095	0.7670
38	127	1	225.4048	10	8	0	0	1	0.3071	0.6905
38	128	1	226.9548	13	4	0	1	1	0.3125	0.8043
38	129	1	228.5047	14	13	0	0	1	0.3101	0.8865
38	130	1	230.0546	2	11	0	1	1	0.3154	1.0314
38	131	1	231.6045	14	13	90	1	1	0.3206	1.0347
38	132	1	233.1544	2	11	0	1	1	0.3258	1.1168
38	133	1	234.7044	3	6	0	1	1	0.3308	0.7657
38	134	1	236.2542	4	5	0	0	1	0.3284	0.8490
38	135	1	237.8042	3	6	90	-1	0	0.3259	-1.0000
38	136	1	239.9041	4	5	0	-1	0	0.3235	-1.0000
38	137	1	241.9373	7	9	0	0	1	0.3212	1.1817
38	138	1	243.6205	5	7	0	0	1	0.3188	1.1934
38	139	1	245.3871	6	3	0	1	1	0.3237	1.2039
38	140	1	246.9370	5	7	0	0	1	0.3214	1.3503
38	141	1	248.8203	4	5	0	0	1	0.3191	1.1310
38	142	1	250.5035	7	9	90	1	1	0.3239	1.0316
38	143	1	252.0534	4	5	0	1	1	0.3287	1.2897
38	144	1	253.6200	5	7	90	1	1	0.3333	1.1781
38	145	1	255.1699	8	10	90	1	1	0.3379	0.9892
38	146	1	256.7199	6	3	0	1	1	0.3425	0.8782
38	147	1	258.2698	4	5	0	1	1	0.3469	0.8962
38	148	1	259.8197	3	6	0	1	1	0.3514	0.7874
38	149	1	261.3696	1	1	0	0	1	0.3490	0.8056
38	150	1	262.9195	3	6	0	1	1	0.3533	0.9516
38	151	1	264.4694	4	5	0	0	1	0.3510	0.8256
38	152	1	266.0194	7	9	90	1	1	0.3553	0.6665
38	153	1	267.5693	4	5	0	1	1	0.3595	0.9251
38	154	1	269.1192	7	9	0	0	1	0.3571	0.6088
38	155	1	270.6691	6	3	0	1	1	0.3613	0.8648
38	156	1	272.2190	5	7	90	1	1	0.3654	0.6757
38	157	1	273.7690	4	5	0	1	1	0.3694	0.7262
38	158	1	275.3189	6	3	90	0	1	0.3671	1.0642
38	159	1	276.9688	4	5	0	-1	0	0.3648	-1.0000
38	160	1	279.0020	7	9	0	0	1	0.3625	1.2039
38	161	1	280.7853	8	10	0	1	1	0.3665	1.4858
38	162	1	282.5018	7	9	0	0	1	0.3642	1.0801
38	163	1	284.1184	5	7	0	-1	0	0.3620	-1.0000
38	164	1	286.2350	6	3	0	1	1	0.3659	1.2043
38	165	1	287.7849	7	9	0	0	1	0.3636	0.9490
38	166	1	289.3348	6	3	0	1	1	0.3675	1.1923
38	167	1	290.8847	8	10	0	0	1	0.3653	0.7625
38	168	1	292.4346	6	3	0	1	1	0.3690	1.3246
38	169	1	293.9846	7	9	0	0	1	0.3669	0.9106
38	170	1	295.5345	8	10	0	0	1	0.3647	1.0892
38	171	1	297.2177	7	9	0	0	1	0.3626	0.8614
38	172	1	298.7676	6	3	0	1	1	0.3663	0.9263
38	173	1	300.3176	4	5	90	0	1	0.3642	1.2977
38	174	1	302.1341	6	3	0	1	1	0.3678	0.9517
38	175	1	303.6841	4	5	0	1	1	0.3714	1.2754
38	176	1	305.2340	5	7	0	0	1	0.3693	0.6368
38	177	1	306.7839	8	10	0	0	1	0.3672	0.7020
38	178	1	308.3338	6	3	0	1	1	0.3708	0.9293
38	179	1	309.8837	7	9	0	0	1	0.3687	1.1871
38	180	1	311.6169	5	7	0	1	1	0.3722	0.8770
38	181	1	313.1668	7	9	0	1	1	0.3757	0.6391
38	182	1	314.7168	6	3	0	1	1	0.3791	0.7225
38	183	1	316.2666	4	5	90	0	1	0.3770	0.8364
38	184	1	317.8166	7	9	0	1	1	0.3804	0.9513
38	185	1	319.3665	6	3	90	1	1	0.3838	1.0006
38	186	1	320.9165	5	7	90	1	1	0.3871	1.3378
38	187	1	322.4830	6	3	0	1	1	0.3904	0.9228
38	188	1	324.0329	7	9	90	0	1	0.3883	0.7009
38	189	1	325.5829	8	10	0	1	1	0.3915	0.8790
38	190	1	327.1328	9	2	0	1	1	0.3947	0.9291
38	191	1	328.6827	10	8	0	0	1	0.3927	0.9964
38	192	1	330.2327	9	2	0	1	1	0.3958	0.9013
38	193	1	331.7826	8	10	0	1	1	0.3990	0.8233
38	194	1	333.3325	9	2	0	1	1	0.4021	0.9063
38	195	1	334.8824	12	15	0	0	1	0.4000	0.7474
38	196	1	336.4323	9	2	0	1	1	0.4031	0.8789
38	197	1	337.9822	11	12	0	0	1	0.4010	0.9757
38	198	1	339.5322	12	15	0	0	1	0.3990	1.3784
38	199	1	341.4321	11	12	90	0	1	0.3970	1.2698
38	200	1	343.2819	13	4	0	1	1	0.4000	1.3881
38	201	1	344.8652	12	15	0	1	1	0.4030	0.9259
38	202	1	346.4151	10	8	0	1	1	0.4059	0.6709
38	203	1	347.9650	12	15	0	1	1	0.4089	0.6729
38	204	1	349.5150	11	12	0	1	1	0.4118	0.6602
38	205	1	351.0648	10	8	90	0	1	0.4098	0.7104
38	206	1	352.6148	12	15	0	1	1	0.4126	0.9041
38	207	1	354.1647	10	8	90	1	1	0.4155	1.0824
38	208	1	355.7146	9	2	90	0	1	0.4135	0.9086
38	209	1	357.2646	10	8	90	-1	0	0.4115	-1.0000
38	210	1	359.3478	13	4	0	0	1	0.4095	1.3222
38	211	1	361.2144	10	8	90	-1	0	0.4076	-1.0000
38	212	1	363.2809	9	2	0	-1	0	0.4057	-1.0000
38	213	1	365.3808	8	10	0	1	1	0.4085	1.4513
38	214	1	367.0140	6	3	0	1	1	0.4112	1.3843
38	215	1	368.6139	7	9	0	1	1	0.4140	1.0172
38	216	1	370.1639	5	7	0	0	1	0.4120	1.2740
38	217	1	371.9805	7	9	0	1	1	0.4147	0.9934
38	218	1	373.5304	5	7	0	1	1	0.4174	0.8995
38	219	1	375.0803	8	10	0	1	1	0.4201	0.6634
38	220	1	376.6302	5	7	0	1	1	0.4227	0.7435
38	221	1	378.1801	7	9	0	1	1	0.4253	0.6350
38	222	1	379.7301	4	5	90	0	1	0.4234	0.7171
38	223	1	381.2800	3	6	90	1	1	0.4260	1.1992
38	224	1	382.8299	1	1	0	0	1	0.4241	1.2654
38	225	1	384.6131	14	13	90	1	1	0.4267	1.0818
38	226	1	386.1630	13	4	90	0	1	0.4248	0.9068
38	227	1	387.7130	12	15	0	1	1	0.4273	1.2141
38	228	1	389.2628	9	2	0	0	1	0.4254	1.1830
38	229	1	391.0295	11	12	90	0	1	0.4236	1.2416
38	230	1	392.7960	12	15	0	1	1	0.4261	1.4271
38	231	1	394.4625	11	12	90	1	1	0.4286	1.0725
38	232	1	396.0125	13	4	0	1	1	0.4310	0.8814
38	233	1	397.5624	14	13	90	0	1	0.4292	0.9166
38	234	1	399.1124	1	1	0	1	1	0.4316	0.9827
38	235	1	400.6623	14	13	90	0	1	0.4298	0.8088
38	236	1	402.2122	15	14	90	1	1	0.4322	1.0828
38	237	1	403.7621	14	13	0	0	1	0.4304	1.1326
38	238	1	405.4287	15	14	0	1	1	0.4328	1.0983
38	239	1	406.9786	3	6	90	0	1	0.4310	1.0685
38	240	1	408.5785	2	11	0	-1	0	0.4292	-1.0000
38	241	1	410.6118	3	6	0	1	1	0.4315	1.4517
38	242	1	412.2616	4	5	90	0	1	0.4298	0.9538
38	243	1	413.8116	7	9	0	1	1	0.4321	1.0342
38	244	1	415.3615	4	5	0	1	1	0.4344	1.0524
38	245	1	416.9114	5	7	90	0	1	0.4327	0.8465
38	246	1	418.4614	7	9	90	1	1	0.4350	1.4724
38	247	1	420.1279	4	5	0	0	1	0.4332	1.4554
38	248	1	422.1445	6	3	90	0	1	0.4315	1.0710
38	249	1	423.7278	7	9	0	1	1	0.4337	0.9115
38	250	1	425.2776	8	10	0	1	1	0.4360	0.8486
38	251	1	426.8276	5	7	0	1	1	0.4382	0.8358
38	252	1	428.3775	8	10	0	1	1	0.4405	0.9164
38	253	1	429.9274	5	7	0	1	1	0.4427	0.6316
38	254	1	431.4773	7	9	0	1	1	0.4449	0.7779
38	255	1	433.0273	6	3	0	1	1	0.4471	0.6679
38	256	1	434.5771	7	9	0	1	1	0.4492	0.6221
38	257	1	436.1271	5	7	90	0	1	0.4475	0.8480
38	258	1	437.6770	8	10	0	1	1	0.4496	0.8499
38	259	1	439.2269	9	2	0	1	1	0.4517	0.6754
38	260	1	440.7768	12	15	0	1	1	0.4538	0.8384
38	261	1	442.3267	9	2	0	1	1	0.4559	0.7604
38	262	1	443.8767	10	8	0	0	1	0.4542	0.9213
38	263	1	445.4266	13	4	0	1	1	0.4563	0.9083
38	264	1	446.9765	12	15	0	1	1	0.4583	0.7981
38	265	1	448.5264	10	8	90	0	1	0.4566	1.2487
38	266	1	450.2930	11	12	0	-1	0	0.4549	-1.0000
38	267	1	452.3095	9	2	0	1	1	0.4569	1.2743
38	268	1	453.8595	10	8	90	0	1	0.4552	0.8446
38	269	1	455.4094	11	12	0	1	1	0.4572	1.1814
38	270	1	456.9593	13	4	0	1	1	0.4593	1.3598
38	271	1	458.5092	14	13	0	1	1	0.4613	1.3127
38	272	1	460.0591	15	14	0	1	1	0.4632	0.7243
38	273	1	461.6091	14	13	0	1	1	0.4652	0.6767
38	274	1	463.1590	1	1	0	1	1	0.4672	0.5828
38	275	1	464.7089	14	13	0	1	1	0.4691	0.6501
38	276	1	466.2588	1	1	0	1	1	0.4710	0.4287
38	277	1	467.8087	2	11	0	1	1	0.4729	0.3983
38	278	1	469.3587	15	14	0	1	1	0.4748	0.6085
38	279	1	470.9086	2	11	0	1	1	0.4767	0.5783
38	280	1	472.4585	14	13	0	1	1	0.4786	0.5162
38	281	1	474.0084	15	14	90	0	1	0.4769	0.2941
38	282	1	475.5584	2	11	0	1	1	0.4787	0.9207
38	283	1	477.1083	14	13	0	1	1	0.4806	0.7309
38	284	1	478.6582	15	14	0	1	1	0.4824	0.6208
38	285	1	480.2081	2	11	0	1	1	0.4842	0.9578
38	286	1	481.7580	3	6	0	0	1	0.4825	1.1383
38	287	1	483.4412	2	11	0	1	1	0.4843	1.3420
38	288	1	484.9911	15	14	0	1	1	0.4861	1.2000
38	289	1	486.5411	14	13	0	1	1	0.4879	0.8338
38	290	1	488.0910	13	4	0	1	1	0.4897	0.9640
38	291	1	489.6409	10	8	0	1	1	0.4914	0.6141
38	292	1	491.1908	9	2	0	1	1	0.4932	0.6324
38	293	1	492.7408	11	12	0	1	1	0.4949	0.8411
38	294	1	494.2907	10	8	0	1	1	0.4966	0.7001
38	295	1	495.8406	12	15	0	1	1	0.4983	0.5092
38	296	1	497.3905	9	2	0	1	1	0.5000	0.6086
38	297	1	498.9404	11	12	90	0	1	0.4983	0.5775
38	298	1	500.4904	9	2	0	1	1	0.5000	0.7075
38	299	1	502.0403	12	15	0	1	1	0.5017	0.8709
38	300	1	503.7902	10	8	0	1	1	0.5033	1.0568
38	301	1	505.3401	13	4	90	0	1	0.5017	0.7549
38	302	1	506.8900	10	8	0	1	1	0.5033	1.0452
38	303	1	508.4399	11	12	0	1	1	0.5050	0.6633
38	304	1	509.9899	10	8	0	0	1	0.5033	0.9839
38	305	1	511.5398	11	12	0	1	1	0.5049	0.6512
38	306	1	513.0897	12	15	0	1	1	0.5065	0.5561
38	307	1	514.6396	9	2	0	1	1	0.5081	0.4794
38	308	1	516.1896	10	8	90	0	1	0.5065	0.5296
38	309	1	517.7395	9	2	90	-1	0	0.5049	-1.0000
38	310	1	519.8393	10	8	90	0	1	0.5032	1.4396
38	311	1	521.8059	11	12	0	1	1	0.5048	1.2810
38	312	1	523.3558	12	15	0	1	1	0.5064	1.4900
38	313	1	525.0557	10	8	0	1	1	0.5080	1.3114
38	314	1	526.6056	12	15	0	1	1	0.5096	1.3613
38	315	1	528.1722	10	8	0	1	1	0.5111	0.8349
38	316	1	529.7222	13	4	0	1	1	0.5127	0.1007
38	317	1	531.2721	11	12	0	1	1	0.5142	0.8869
38	318	1	532.8219	10	8	0	1	1	0.5157	0.6808
38	319	1	534.3719	9	2	90	0	1	0.5141	0.7140
38	320	1	535.9218	10	8	0	1	1	0.5156	1.0841
38	321	1	537.4718	9	2	90	1	1	0.5171	0.8950
38	322	1	539.0217	10	8	0	1	1	0.5186	0.8174
38	323	1	540.5716	12	15	0	1	1	0.5201	0.6599
38	324	1	542.1215	11	12	0	1	1	0.5216	0.8043
38	325	1	543.6714	12	15	90	0	1	0.5200	0.6314
38	326	1	545.2214	10	8	0	1	1	0.5215	0.7444
38	327	1	546.7713	9	2	0	1	1	0.5229	0.8925
38	328	1	548.3212	11	12	0	1	1	0.5244	0.8940
38	329	1	549.8711	12	15	0	1	1	0.5258	0.6238
38	330	1	551.4210	13	4	0	1	1	0.5273	0.6579
38	331	1	552.9709	10	8	0	1	1	0.5287	0.7882
38	332	1	554.5209	13	4	90	0	1	0.5271	0.8849
38	333	1	556.0708	10	8	0	1	1	0.5285	1.2401
38	334	1	557.6207	9	2	0	1	1	0.5299	1.1771
38	335	1	559.1706	10	8	0	1	1	0.5313	1.0363
38	336	1	560.7205	13	4	0	1	1	0.5327	0.6704
38	337	1	562.2705	11	12	0	1	1	0.5341	0.7685
38	338	1	563.8204	13	4	90	0	1	0.5325	0.8334
38	339	1	565.3703	12	15	0	1	1	0.5339	0.8675
38	340	1	566.9202	9	2	0	1	1	0.5353	0.6776
38	341	1	568.4701	12	15	0	1	1	0.5367	0.8569
38	342	1	570.0200	13	4	0	1	1	0.5380	0.7950
38	343	1	571.5700	10	8	90	0	1	0.5364	0.8771
38	344	1	573.1199	11	12	90	1	1	0.5378	1.3912
38	345	1	574.7364	10	8	0	1	1	0.5391	1.0054
38	346	1	576.2863	13	4	90	0	1	0.5376	0.7365
38	347	1	577.8363	14	13	0	1	1	0.5389	1.0906
38	348	1	579.3862	15	14	0	1	1	0.5402	0.8687
38	349	1	580.9361	2	11	0	1	1	0.5415	0.8548
38	350	1	582.4860	3	6	0	1	1	0.5429	0.9852
38	351	1	584.0360	1	1	0	1	1	0.5442	0.6350
38	352	1	585.5859	2	11	0	1	1	0.5455	0.6044
38	353	1	587.1358	15	14	90	1	1	0.5467	0.7991
38	354	1	588.6857	2	11	90	0	1	0.5452	0.8812
38	355	1	590.2357	15	14	90	1	1	0.5465	1.0273
38	356	1	591.7855	3	6	0	1	1	0.5478	0.9499
38	357	1	593.3355	4	5	0	1	1	0.5490	0.7277
38	358	1	594.8854	3	6	0	1	1	0.5503	0.6337
38	359	1	596.4353	15	14	0	1	1	0.5515	0.5074
38	360	1	597.9852	2	11	0	1	1	0.5528	0.5565
38	361	1	599.5352	15	14	0	1	1	0.5540	0.6390
38	362	1	601.0851	3	6	0	1	1	0.5552	0.6898
38	363	1	602.6350	15	14	0	1	1	0.5565	0.6760
38	364	1	604.1849	3	6	90	0	1	0.5549	0.7248
38	365	1	605.7348	4	5	90	0	1	0.5534	0.7919
38	366	1	607.2847	5	7	0	1	1	0.5546	0.8095
38	367	1	608.8347	6	3	0	1	1	0.5559	1.0515
38	368	1	610.3846	7	9	0	1	1	0.5571	0.8306
38	369	1	611.9345	6	3	0	1	1	0.5583	0.6245
38	370	1	613.4843	5	7	0	1	1	0.5595	0.4814
38	371	1	615.0344	4	5	90	0	1	0.5580	0.3874
38	372	1	616.5843	3	6	90	0	1	0.5565	0.7108
38	373	1	618.1342	1	1	0	1	1	0.5576	0.6809
38	374	1	619.6841	3	6	0	1	1	0.5588	0.5707
38	375	1	621.2340	1	1	0	1	1	0.5600	0.5568
38	376	1	622.7839	14	13	0	1	1	0.5612	0.7997
38	377	1	624.3339	2	11	0	1	1	0.5623	0.6410
38	378	1	625.8838	3	6	0	1	1	0.5635	0.7230
38	379	1	627.4337	2	11	0	1	1	0.5646	0.5012
38	380	1	628.9836	3	6	0	1	1	0.5658	0.6314
38	381	1	630.5335	1	1	0	1	1	0.5669	0.9858
38	382	1	632.0834	3	6	0	1	1	0.5681	0.7476
38	383	1	633.6334	1	1	0	1	1	0.5692	0.6844
38	384	1	635.1832	15	14	0	1	1	0.5703	1.1505
38	385	1	636.7332	2	11	0	1	1	0.5714	0.8338
38	386	1	638.2831	1	1	0	1	1	0.5725	0.7877
38	387	1	639.8330	3	6	0	1	1	0.5736	0.6459
38	388	1	641.3829	4	5	0	1	1	0.5747	0.9520
38	389	1	642.9329	3	6	0	1	1	0.5758	0.8261
38	390	1	644.4828	15	14	90	0	1	0.5744	0.6364
38	391	1	646.0327	14	13	90	0	1	0.5729	0.8130
38	392	1	647.5826	2	11	90	1	1	0.5740	1.2162
38	393	1	649.1325	1	1	0	1	1	0.5751	1.0265
38	394	1	650.6825	3	6	0	1	1	0.5761	0.7563
38	395	1	652.2324	4	5	0	1	1	0.5772	1.0304
38	396	1	653.7823	7	9	0	1	1	0.5783	0.7755
38	397	1	655.3322	4	5	0	1	1	0.5793	0.7629
38	398	1	656.8821	5	7	0	1	1	0.5804	0.6675
38	399	1	658.4320	7	9	90	1	1	0.5815	1.1669
38	400	1	659.9819	6	3	0	1	1	0.5825	0.7859
38	401	1	661.5319	7	9	0	1	1	0.5835	0.7392
38	402	1	663.0818	4	5	90	0	1	0.5821	0.5817
38	403	1	664.6317	6	3	0	1	1	0.5831	0.6950
38	404	1	666.1816	8	10	0	1	1	0.5842	0.7293
38	405	1	667.7316	5	7	0	1	1	0.5852	0.6994
38	406	1	669.2815	4	5	0	1	1	0.5862	0.6843
38	407	1	670.8314	3	6	0	1	1	0.5872	0.8154
38	408	1	672.3813	4	5	0	1	1	0.5882	0.7212
38	409	1	673.9312	5	7	0	1	1	0.5892	0.6265
38	410	1	675.4812	8	10	0	1	1	0.5902	0.6938
38	411	1	677.0311	7	9	0	1	1	0.5912	0.7586
38	412	1	678.5810	5	7	0	1	1	0.5922	0.7624
38	413	1	680.1309	7	9	0	1	1	0.5932	0.6839
38	414	1	681.6808	6	3	0	1	1	0.5942	0.7501
38	415	1	683.2308	8	10	0	1	1	0.5952	0.5607
38	416	1	684.7807	9	2	0	1	1	0.5962	0.6731
38	417	1	686.3306	10	8	0	1	1	0.5971	1.0284
38	418	1	687.8805	9	2	0	1	1	0.5981	0.9190
38	419	1	689.4304	8	10	0	1	1	0.5990	0.9685
38	420	1	690.9804	6	3	0	1	1	0.6000	0.8266
38	421	1	692.5303	7	9	0	1	1	0.6010	0.7008
38	422	1	694.0802	6	3	90	0	1	0.5995	1.1015
38	423	1	695.7634	7	9	0	1	1	0.6005	0.9077
38	424	1	697.3134	6	3	0	1	1	0.6014	0.6700
38	425	1	698.8632	7	9	0	1	1	0.6024	0.4790
38	426	1	700.4132	6	3	90	0	1	0.6009	0.5139
38	427	1	701.9631	8	10	0	1	1	0.6019	0.7878
38	428	1	703.5130	9	2	0	1	1	0.6028	0.7420
38	429	1	705.0629	11	12	90	1	1	0.6037	1.3993
38	430	1	706.6628	10	8	0	1	1	0.6047	1.1443
38	431	1	708.2127	9	2	0	1	1	0.6056	1.0989
38	432	1	709.7626	12	15	90	0	1	0.6042	0.9568
38	433	1	711.3126	13	4	0	1	1	0.6051	1.0051
38	434	1	712.8625	10	8	0	1	1	0.6060	0.9433
38	435	1	714.4124	13	4	0	1	1	0.6069	0.7385
38	436	1	715.9624	12	15	0	1	1	0.6078	0.7246
38	437	1	717.5123	13	4	90	0	1	0.6064	0.8214
38	438	1	719.0622	14	13	0	0	1	0.6050	1.3845
38	439	1	721.0288	1	1	0	1	1	0.6059	1.1461
38	440	1	722.5786	2	11	90	0	1	0.6045	1.0843
38	441	1	724.1953	15	14	0	0	1	0.6032	1.2904
38	442	1	726.0452	3	6	0	1	1	0.6041	1.3456
38	443	1	727.6118	1	1	0	1	1	0.6050	1.0590
38	444	1	729.1617	2	11	0	1	1	0.6059	0.7573
38	445	1	730.7116	3	6	0	1	1	0.6067	0.7118
38	446	1	732.2615	15	14	0	1	1	0.6076	0.6975
38	447	1	733.8114	14	13	0	1	1	0.6085	0.6034
38	448	1	735.3614	15	14	0	1	1	0.6094	0.7976
38	449	1	736.9113	2	11	0	1	1	0.6102	0.6544
38	450	1	738.4612	15	14	0	1	1	0.6111	0.7365
38	451	1	740.0111	3	6	0	1	1	0.6120	0.5314
38	452	1	741.5610	2	11	0	1	1	0.6128	0.5181
38	453	1	743.1109	3	6	0	1	1	0.6137	0.5520
38	454	1	744.6608	2	11	0	1	1	0.6145	0.4889
38	455	1	746.2107	3	6	90	0	1	0.6132	0.3149
38	456	1	747.7607	1	1	0	1	1	0.6140	0.7490
38	457	1	749.3106	15	14	0	1	1	0.6149	0.6406
38	458	1	750.8605	1	1	90	0	1	0.6135	0.7227
38	459	1	752.4104	15	14	90	1	1	0.6144	1.1085
38	460	1	753.9604	2	11	90	0	1	0.6130	0.9813
38	461	1	755.5103	1	1	0	1	1	0.6139	1.3687
38	462	1	757.1101	14	13	90	0	1	0.6126	1.1768
38	463	1	758.8268	2	11	0	-1	0	0.6112	-1.0000
38	464	1	760.8600	15	14	0	1	1	0.6121	1.2509
38	465	1	762.4099	14	13	0	1	1	0.6129	0.9331
38	466	1	763.9598	15	14	0	1	1	0.6137	0.9670
38	467	1	765.5097	3	6	0	1	1	0.6146	0.6331
38	468	1	767.0596	2	11	0	0	1	0.6132	1.1793
38	469	1	768.7762	3	6	0	0	1	0.6119	1.2070
38	470	1	770.5262	15	14	0	0	1	0.6106	1.4087
38	471	1	772.4927	3	6	0	1	1	0.6115	0.8982
38	472	1	774.0426	15	14	0	1	1	0.6123	0.9159
38	473	1	775.5926	3	6	0	1	1	0.6131	0.6126
38	474	1	777.1425	15	14	0	1	1	0.6139	0.4886
38	475	1	778.6924	1	1	0	1	1	0.6147	0.3306
38	476	1	780.2422	2	11	90	0	1	0.6134	0.4287
38	477	1	781.7923	3	6	0	1	1	0.6143	0.5593
38	478	1	783.3422	4	5	0	1	1	0.6151	0.6247
38	479	1	784.8921	6	3	0	1	1	0.6159	0.4815
38	480	1	786.4420	4	5	0	1	1	0.6167	0.3247
38	481	1	787.9919	3	6	0	1	1	0.6175	0.3418
38	482	1	789.5418	15	14	90	0	1	0.6162	0.2800
38	483	1	791.0918	2	11	0	1	1	0.6170	0.6992
38	484	1	792.6417	14	13	90	0	1	0.6157	0.7972
38	485	1	794.1916	15	14	0	1	1	0.6165	1.2633
38	486	1	795.7415	2	11	0	1	1	0.6173	1.1538
38	487	1	797.2914	3	6	0	1	1	0.6181	1.0119
38	488	1	798.8413	4	5	90	0	1	0.6168	1.1254
38	489	1	800.5412	7	9	0	1	1	0.6176	1.0896
38	490	1	802.0912	6	3	0	1	1	0.6184	0.9477
38	491	1	803.6411	4	5	0	1	1	0.6191	1.1422
38	492	1	805.1910	6	3	90	0	1	0.6179	1.1107
38	493	1	806.8576	7	9	0	1	1	0.6187	0.8214
38	494	1	808.4075	5	7	0	1	1	0.6194	1.1423
38	495	1	809.9574	8	10	90	0	1	0.6182	1.1134
38	496	1	811.5906	7	9	0	1	1	0.6190	0.8244
38	497	1	813.1406	8	10	0	1	1	0.6197	0.9709
38	498	1	814.6905	5	7	0	1	1	0.6205	0.9563
38	499	1	816.2404	4	5	0	0	1	0.6192	1.2292
38	500	1	817.9903	3	6	0	1	1	0.6200	1.0964
38	501	1	819.5402	4	5	0	1	1	0.6208	1.0335
38	502	1	821.0902	3	6	0	1	1	0.6215	0.6531
38	503	1	822.6401	4	5	0	1	1	0.6223	1.0546
38	504	1	824.1900	5	7	0	1	1	0.6230	0.8807
38	505	1	825.7399	8	10	0	0	1	0.6218	0.9308
38	506	1	827.2898	7	9	0	1	1	0.6225	0.8370
38	507	1	828.8398	8	10	0	1	1	0.6233	0.7900
38	508	1	830.3896	9	2	0	1	1	0.6240	0.7457
38	509	1	831.9396	12	15	0	1	1	0.6248	0.7791
38	510	1	833.4895	13	4	0	1	1	0.6255	0.7974
38	511	1	835.0394	10	8	0	1	1	0.6262	0.5914
38	512	1	836.5894	9	2	0	1	1	0.6270	0.8014
38	513	1	838.1393	10	8	90	1	1	0.6277	0.9303
38	514	1	839.6892	9	2	0	1	1	0.6284	0.8210
38	515	1	841.2391	11	12	90	0	1	0.6272	0.8396
38	516	1	842.7890	9	2	0	1	1	0.6279	0.7777
38	517	1	844.3389	11	12	0	1	1	0.6286	0.8920
38	518	1	845.8889	13	4	0	1	1	0.6293	0.6846
38	519	1	847.4388	14	13	90	0	1	0.6281	0.5588
38	520	1	848.9887	1	1	0	1	1	0.6288	0.8649
38	521	1	850.5386	2	11	0	1	1	0.6296	0.5310
38	522	1	852.0885	14	13	0	1	1	0.6303	0.5023
38	523	1	853.6385	1	1	0	1	1	0.6310	0.4723
38	524	1	855.1884	15	14	0	1	1	0.6317	1.0346
38	525	1	856.7383	2	11	0	1	1	0.6324	0.7810
38	526	1	858.2882	14	13	0	0	1	0.6312	1.1654
38	527	1	859.9714	15	14	0	1	1	0.6319	1.0833
38	528	1	861.5214	3	6	0	1	1	0.6326	1.3402
38	529	1	863.0713	4	5	0	1	1	0.6333	0.8794
38	530	1	864.6212	3	6	0	1	1	0.6340	0.6416
38	531	1	866.1711	2	11	0	1	1	0.6347	0.8193
38	532	1	867.7210	15	14	0	1	1	0.6353	0.7567
38	533	1	869.2709	1	1	90	0	1	0.6341	1.2068
38	534	1	871.0375	3	6	90	0	1	0.6330	1.1213
38	535	1	872.7041	2	11	0	1	1	0.6336	0.8307
38	536	1	874.2540	1	1	0	1	1	0.6343	0.8487
38	537	1	875.8040	14	13	90	0	1	0.6331	0.9776
38	538	1	877.3539	1	1	0	1	1	0.6338	1.0136
38	539	1	878.9038	2	11	0	1	1	0.6345	0.7430
38	540	1	880.4537	15	14	90	1	1	0.6352	1.1771
38	541	1	882.0035	1	1	0	1	1	0.6359	0.9380
38	542	1	883.5536	2	11	0	1	1	0.6365	0.5734
38	543	1	885.1034	15	14	0	1	1	0.6372	0.7674
38	544	1	886.6534	3	6	0	1	1	0.6379	0.7212
38	545	1	888.2033	4	5	90	0	1	0.6367	0.7077
38	546	1	889.7532	7	9	0	1	1	0.6374	1.0775
38	547	1	891.3031	5	7	0	1	1	0.6380	0.9518
38	548	1	892.8530	7	9	90	1	1	0.6387	0.9046
38	549	1	894.4030	6	3	0	1	1	0.6393	0.8919
38	550	1	895.9529	8	10	90	0	1	0.6382	0.7493
38	551	1	897.5028	5	7	90	0	1	0.6370	0.8161
38	552	1	899.0527	6	3	0	1	1	0.6377	0.7047
38	553	1	900.6027	5	7	0	1	1	0.6383	1.0603
38	554	1	902.1526	6	3	0	1	1	0.6390	0.7906
38	555	1	903.7025	7	9	0	1	1	0.6396	0.8712
38	556	1	905.2524	8	10	90	0	1	0.6385	1.3550
38	557	1	907.1523	7	9	0	1	1	0.6391	0.8309
38	558	1	908.7022	4	5	0	-1	0	0.6380	-1.0000
38	559	1	910.7688	6	3	0	1	1	0.6386	1.3408
38	560	1	912.3520	5	7	0	1	1	0.6393	1.1180
38	561	1	913.9019	4	5	0	1	1	0.6399	1.0883
38	562	1	915.4519	5	7	0	1	1	0.6406	1.0098
38	563	1	917.0018	7	9	90	1	1	0.6412	0.9638
38	564	1	918.5517	5	7	90	1	1	0.6418	0.9513
38	565	1	920.1016	7	9	0	1	1	0.6425	0.7440
38	566	1	921.8349	4	5	90	1	1	0.6431	1.1883
38	567	1	923.3847	6	3	0	1	1	0.6437	0.8380
38	568	1	924.9347	7	9	90	0	1	0.6426	1.1909
38	569	1	926.6680	5	7	90	1	1	0.6432	0.9951
38	570	1	928.2179	4	5	0	1	1	0.6439	0.9648
38	571	1	929.7678	5	7	90	1	1	0.6445	1.2058
38	572	1	931.3177	6	3	90	1	1	0.6451	0.9531
38	573	1	932.8676	7	9	0	1	1	0.6457	0.7792
38	574	1	934.4176	8	10	0	1	1	0.6463	1.4532
38	575	1	936.0840	9	2	0	1	1	0.6470	1.1152
38	576	1	937.6340	11	12	0	0	1	0.6458	1.3075
38	577	1	939.4839	9	2	0	1	1	0.6464	0.8497
38	578	1	941.0339	11	12	0	0	1	0.6453	0.8693
38	579	1	942.5838	12	15	0	1	1	0.6459	0.8702
38	580	1	944.1337	10	8	0	0	1	0.6448	1.2559
38	581	1	945.8836	13	4	0	-1	0	0.6437	-1.0000
38	582	1	947.9168	10	8	0	-1	0	0.6426	-1.0000
38	583	1	949.9667	13	4	0	-1	0	0.6415	-1.0000
38	584	1	952.0000	12	15	0	-1	0	0.6404	-1.0000
38	585	1	954.0499	13	4	0	1	1	0.6410	1.2597
38	586	1	955.5998	10	8	0	1	1	0.6416	1.0858
38	587	1	957.1497	11	12	0	1	1	0.6422	0.8009
38	588	1	958.6996	10	8	0	1	1	0.6429	1.0911
38	589	1	960.2495	13	4	0	1	1	0.6435	0.9013
38	590	1	961.7995	11	12	0	1	1	0.6441	0.8552
38	591	1	963.3493	13	4	0	1	1	0.6447	0.6814
38	592	1	964.8993	12	15	0	1	1	0.6453	0.7637
38	593	1	966.4492	10	8	0	1	1	0.6459	0.7015
38	594	1	967.9991	13	4	0	1	1	0.6465	0.6876
38	595	1	969.5490	10	8	0	1	1	0.6471	0.6417
38	596	1	971.0990	9	2	0	-1	0	0.6460	-1.0000
38	597	1	973.1822	11	12	0	1	1	0.6466	1.2643
38	598	1	974.7321	10	8	0	1	1	0.6472	1.0114
38	599	1	976.2820	11	12	90	0	1	0.6461	1.0289
38	600	1	977.8486	13	4	90	1	1	0.6467	1.3823
38	601	1	1053.6446	11	12	0	-1	0	0.6456	-1.0000
38	602	1	1055.6611	9	2	90	-1	0	0.6445	-1.0000
38	603	1	1057.7110	10	8	0	0	1	0.6434	1.1035
38	604	1	1059.3943	12	15	0	-1	0	0.6424	-1.0000
38	605	1	1061.4275	9	2	0	-1	0	0.6413	-1.0000
38	606	1	1063.4774	8	10	90	-1	0	0.6403	-1.0000
38	607	1	1065.5107	6	3	90	-1	0	0.6392	-1.0000
38	608	1	1067.5439	8	10	90	0	1	0.6382	1.1749
38	609	1	1069.2438	6	3	0	1	1	0.6388	1.4749
38	610	1	1070.9103	7	9	0	1	1	0.6393	0.9123
38	611	1	1072.4602	8	10	90	0	1	0.6383	0.7213
38	612	1	1074.0101	6	3	90	1	1	0.6389	0.9965
38	613	1	1075.5601	8	10	0	1	1	0.6395	0.8066
38	614	1	1077.1100	7	9	90	1	1	0.6401	1.0164
38	615	1	1078.6599	8	10	0	1	1	0.6407	1.3233
38	616	1	1080.2098	7	9	90	1	1	0.6412	1.4036
38	617	1	1081.8264	5	7	0	0	1	0.6402	1.0687
38	618	1	1083.4430	6	3	0	1	1	0.6408	1.1324
38	619	1	1084.9929	4	5	0	1	1	0.6414	0.9418
38	620	1	1086.5428	3	6	0	1	1	0.6419	0.8954
38	621	1	1088.0928	15	14	0	1	1	0.6425	0.9621
38	622	1	1089.6427	3	6	90	0	1	0.6415	0.9004
38	623	1	1091.1926	4	5	90	0	1	0.6404	1.1259
38	624	1	1092.8259	7	9	0	0	1	0.6394	1.0129
38	625	1	1094.4091	4	5	0	1	1	0.6400	1.3336
38	626	1	1095.9590	6	3	0	1	1	0.6406	1.1437
38	627	1	1097.5090	5	7	90	1	1	0.6411	0.9525
38	628	1	1099.0589	6	3	0	1	1	0.6417	0.8919
38	629	1	1100.6088	4	5	0	1	1	0.6423	0.7180
38	630	1	1102.1587	3	6	0	1	1	0.6429	0.6393
38	631	1	1103.7086	2	11	90	0	1	0.6418	0.8649
38	632	1	1105.2585	14	13	90	0	1	0.6408	1.1229
38	633	1	1106.9418	13	4	90	1	1	0.6414	1.0406
38	634	1	1108.4917	10	8	0	1	1	0.6420	0.8832
38	635	1	1110.0416	12	15	0	1	1	0.6425	0.8691
38	636	1	1111.5915	11	12	90	0	1	0.6415	0.9031
38	637	1	1113.1415	13	4	90	1	1	0.6421	0.9529
38	638	1	1114.6914	12	15	0	1	1	0.6426	0.8594
38	639	1	1116.2413	9	2	0	1	1	0.6432	0.7012
38	640	1	1117.7912	8	10	0	1	1	0.6438	0.5755
38	641	1	1119.3412	9	2	0	1	1	0.6443	0.6883
38	642	1	1120.8910	12	15	0	1	1	0.6449	0.5796
38	643	1	1122.4410	10	8	90	1	1	0.6454	1.0136
38	644	1	1123.9909	12	15	0	1	1	0.6460	0.9345
38	645	1	1125.5408	9	2	0	1	1	0.6465	0.7767
38	646	1	1127.0908	11	12	90	0	1	0.6455	0.7149
38	647	1	1128.6406	9	2	0	1	1	0.6461	0.7661
38	648	1	1130.1906	8	10	0	1	1	0.6466	0.7989
38	649	1	1131.7405	7	9	0	0	1	0.6456	0.7382
38	650	1	1133.2904	5	7	0	1	1	0.6462	1.0441
38	651	1	1134.8403	6	3	0	1	1	0.6467	0.8383
38	652	1	1136.3902	4	5	90	1	1	0.6472	1.0165
38	653	1	1137.9402	3	6	90	0	1	0.6462	0.9555
38	654	1	1139.4901	2	11	0	1	1	0.6468	0.8929
38	655	1	1141.0400	3	6	0	1	1	0.6473	0.7666
38	656	1	1142.5899	2	11	0	1	1	0.6479	0.7049
38	657	1	1144.1398	14	13	90	1	1	0.6484	0.8497
38	658	1	1145.6898	1	1	0	1	1	0.6489	0.8209
38	659	1	1147.2397	14	13	0	1	1	0.6495	0.8378
38	660	1	1148.7895	13	4	90	0	1	0.6485	0.4892
38	661	1	1150.3395	11	12	0	1	1	0.6490	0.7953
38	662	1	1151.8894	13	4	0	0	1	0.6480	1.0850
38	663	1	1153.5727	10	8	0	1	1	0.6486	0.6980
38	664	1	1155.1226	12	15	0	1	1	0.6491	0.5878
38	665	1	1156.6725	11	12	0	1	1	0.6496	0.5422
38	666	1	1158.2224	9	2	90	0	1	0.6486	0.8322
38	667	1	1159.7724	8	10	0	1	1	0.6492	0.5783
38	668	1	1161.3223	7	9	0	0	1	0.6482	0.9311
38	669	1	1162.8722	4	5	0	1	1	0.6487	0.9653
38	670	1	1164.4221	3	6	0	1	1	0.6493	0.7609
38	671	1	1165.9720	4	5	0	0	1	0.6483	1.0508
38	672	1	1167.5886	6	3	0	1	1	0.6488	0.9528
38	673	1	1169.1384	5	7	0	1	1	0.6493	1.2928
38	674	1	1170.6885	6	3	0	-1	0	0.6484	-1.0000
38	675	1	1172.7883	5	7	0	1	1	0.6489	1.2264
38	676	1	1174.3382	8	10	0	1	1	0.6494	0.8593
38	677	1	1175.8882	9	2	0	0	1	0.6484	0.8939
38	678	1	1177.4381	11	12	0	1	1	0.6490	0.9273
38	679	1	1178.9880	13	4	90	0	1	0.6480	0.9949
38	680	1	1180.5379	12	15	0	-1	0	0.6471	-1.0000
38	681	1	1182.6212	10	8	90	1	1	0.6476	1.3615
38	682	1	1184.1877	13	4	0	1	1	0.6481	1.0589
38	683	1	1185.7377	12	15	90	1	1	0.6486	1.2367
38	684	1	1187.2876	11	12	0	1	1	0.6491	1.1585
38	685	1	1188.8375	10	8	0	0	1	0.6482	0.8720
38	686	1	1190.3874	12	15	0	1	1	0.6487	0.8271
38	687	1	1191.9373	9	2	0	1	1	0.6492	0.8292
38	688	1	1193.4872	12	15	90	0	1	0.6483	1.0077
38	689	1	1195.0872	10	8	0	1	1	0.6488	0.9915
38	690	1	1196.6371	9	2	0	1	1	0.6493	0.7683
38	691	1	1198.1870	11	12	0	1	1	0.6498	0.6600
38	692	1	1199.7369	9	2	0	1	1	0.6503	0.6459
38	693	1	1201.2868	11	12	0	1	1	0.6508	0.6159
38	694	1	1202.8367	12	15	0	1	1	0.6513	0.6015
38	695	1	1204.3867	13	4	0	1	1	0.6518	0.8761
38	696	1	1205.9366	12	15	0	1	1	0.6523	0.5583
38	697	1	1207.4865	9	2	0	1	1	0.6528	0.5602
38	698	1	1209.0364	8	10	90	0	1	0.6519	0.8341
38	699	1	1210.5863	5	7	0	1	1	0.6524	0.8202
38	700	1	1212.1363	4	5	0	1	1	0.6529	0.7263
38	701	1	1213.6862	3	6	0	1	1	0.6534	0.6800
38	702	1	1215.2361	15	14	90	1	1	0.6538	1.1304
38	703	1	1216.7860	14	13	90	1	1	0.6543	0.9087
38	704	1	1218.3359	2	11	90	0	1	0.6534	0.8786
38	705	1	1219.8859	14	13	90	0	1	0.6525	0.8328
38	706	1	1221.4358	15	14	0	1	1	0.6530	0.8670
38	707	1	1222.9857	1	1	0	1	1	0.6535	0.7249
38	708	1	1224.5356	14	13	0	1	1	0.6540	0.7591
38	709	1	1226.0855	15	14	0	1	1	0.6544	0.6012
38	710	1	1227.6355	1	1	0	1	1	0.6549	0.6830
38	711	1	1229.1854	15	14	0	1	1	0.6554	0.6691
38	712	1	1230.7353	2	11	0	1	1	0.6559	0.6541
38	713	1	1232.2852	3	6	0	1	1	0.6564	0.7853
38	714	1	1233.8351	2	11	0	1	1	0.6569	0.7236
38	715	1	1235.3851	1	1	0	1	1	0.6573	0.8057
38	716	1	1236.9350	14	13	0	0	1	0.6564	0.8545
38	717	1	1238.4849	15	14	0	1	1	0.6569	0.8245
38	718	1	1240.0348	14	13	0	0	1	0.6560	1.2427
38	719	1	1241.8014	2	11	90	0	1	0.6551	0.6452
38	720	1	1243.3513	3	6	0	1	1	0.6556	0.6800
38	721	1	1244.9012	4	5	90	0	1	0.6546	1.3373
38	722	1	1246.8178	6	3	0	1	1	0.6551	1.0688
38	723	1	1248.3677	4	5	0	1	1	0.6556	0.8153
38	724	1	1249.9176	3	6	0	1	1	0.6561	0.7358
38	725	1	1251.4675	15	14	0	1	1	0.6566	1.0595
38	726	1	1253.0175	1	1	90	1	1	0.6570	0.8692
38	727	1	1254.5673	15	14	0	1	1	0.6575	0.7592
38	728	1	1256.1173	3	6	0	1	1	0.6580	0.6332
38	729	1	1257.6672	4	5	0	1	1	0.6584	0.6674
38	730	1	1259.2171	7	9	0	1	1	0.6589	1.2922
38	731	1	1260.7671	6	3	0	1	1	0.6594	0.9915
38	732	1	1262.3170	8	10	0	1	1	0.6598	0.7376
38	733	1	1263.8669	9	2	0	1	1	0.6603	1.1558
38	734	1	1265.4168	11	12	0	1	1	0.6608	0.9498
38	735	1	1266.9667	12	15	0	1	1	0.6612	0.7441
38	736	1	1268.5166	9	2	0	1	1	0.6617	0.6180
38	737	1	1270.0665	8	10	90	0	1	0.6608	0.6521
38	738	1	1271.6165	7	9	0	1	1	0.6612	0.8780
38	739	1	1273.1664	6	3	0	1	1	0.6617	0.6243
38	740	1	1274.7162	7	9	90	1	1	0.6622	0.7222
38	741	1	1276.2662	4	5	0	1	1	0.6626	0.7231
38	742	1	1277.8162	6	3	0	1	1	0.6631	0.7104
38	743	1	1279.3661	5	7	0	0	1	0.6622	1.1127
38	744	1	1280.9993	4	5	0	1	1	0.6626	0.7420
38	745	1	1282.5492	3	6	0	1	1	0.6631	0.6500
38	746	1	1284.0991	15	14	0	1	1	0.6635	0.6835
38	747	1	1285.6491	2	11	0	1	1	0.6640	0.7014
38	748	1	1287.1990	15	14	90	0	1	0.6631	1.2464
38	749	1	1288.9822	2	11	90	0	1	0.6622	0.7764
38	750	1	1290.5322	1	1	0	1	1	0.6627	0.9532
38	751	1	1292.0821	14	13	0	1	1	0.6631	1.3886
38	752	1	1293.6819	13	4	90	1	1	0.6636	0.9087
38	753	1	1295.2319	11	12	0	1	1	0.6640	0.7987
38	754	1	1296.7818	12	15	0	1	1	0.6645	0.8167
38	755	1	1298.3317	10	8	90	1	1	0.6649	0.8663
38	756	1	1299.8817	12	15	0	0	1	0.6640	1.0449
38	757	1	1301.4316	13	4	0	1	1	0.6645	0.9019
38	758	1	1302.9815	11	12	0	1	1	0.6649	0.8720
38	759	1	1304.5314	12	15	0	1	1	0.6653	0.7632
38	760	1	1306.0813	11	12	0	1	1	0.6658	0.6849
38	761	1	1307.6312	9	2	0	1	1	0.6662	0.7982
38	762	1	1309.1812	10	8	0	0	1	0.6654	0.7856
38	763	1	1310.7311	12	15	0	1	1	0.6658	0.6915
38	764	1	1312.2810	13	4	0	1	1	0.6662	0.6301
38	765	1	1313.8309	14	13	90	0	1	0.6654	0.6958
38	766	1	1315.3809	15	14	0	1	1	0.6658	0.6806
38	767	1	1316.9308	3	6	0	1	1	0.6662	0.6986
38	768	1	1318.4807	4	5	0	1	1	0.6667	0.6206
38	769	1	1320.0306	6	3	0	1	1	0.6671	0.5588
38	770	1	1321.5805	5	7	0	1	1	0.6675	0.7048
38	771	1	1323.1304	8	10	0	1	1	0.6680	0.5962
38	772	1	1324.6804	6	3	0	1	1	0.6684	0.5503
38	773	1	1326.2303	8	10	0	1	1	0.6688	0.9190
38	774	1	1327.7802	7	9	0	1	1	0.6693	0.7611
38	775	1	1329.3301	4	5	90	0	1	0.6684	0.5873
38	776	1	1330.8800	5	7	0	1	1	0.6688	0.8306
38	777	1	1332.4299	4	5	0	1	1	0.6692	1.0399
38	778	1	1333.9799	7	9	0	1	1	0.6697	0.7067
38	779	1	1335.5298	8	10	0	0	1	0.6688	1.2195
38	780	1	1337.2797	5	7	0	1	1	0.6692	0.7988
38	781	1	1338.8296	4	5	0	1	1	0.6697	0.8330
38	782	1	1340.3795	3	6	0	1	1	0.6701	0.6592
38	783	1	1341.9294	15	14	0	1	1	0.6705	0.7411
38	784	1	1343.4794	1	1	0	1	1	0.6709	0.7751
38	785	1	1345.0293	15	14	0	1	1	0.6713	0.5540
38	786	1	1346.5792	2	11	0	1	1	0.6718	0.7633
38	787	1	1348.1291	15	14	0	1	1	0.6722	0.6363
38	788	1	1349.6790	3	6	0	1	1	0.6726	0.6076
38	789	1	1351.2290	2	11	0	1	1	0.6730	0.6733
38	790	1	1352.7789	3	6	0	1	1	0.6734	0.6277
38	791	1	1354.3288	15	14	0	1	1	0.6738	0.5165
38	792	1	1355.8787	14	13	90	1	1	0.6742	0.9359
38	793	1	1357.4286	2	11	0	1	1	0.6747	0.8577
38	794	1	1358.9785	1	1	90	1	1	0.6751	0.8920
38	795	1	1360.5285	14	13	0	1	1	0.6755	0.9581
38	796	1	1362.0783	1	1	0	1	1	0.6759	0.7681
38	797	1	1363.6283	2	11	0	1	1	0.6763	0.6090
38	798	1	1365.1782	14	13	0	0	1	0.6754	1.0123
38	799	1	1366.7281	1	1	90	0	1	0.6746	0.9972
38	800	1	1368.3114	15	14	0	1	1	0.6750	0.8392
38	801	1	1369.8612	14	13	90	0	1	0.6742	0.9054
38	802	1	1371.4112	13	4	90	1	1	0.6746	0.9873
38	803	1	1372.9611	11	12	0	1	1	0.6750	0.8296
38	804	1	1374.5111	10	8	0	0	1	0.6741	0.9754
38	805	1	1376.0610	13	4	0	1	1	0.6745	0.7219
38	806	1	1377.6109	11	12	0	1	1	0.6749	0.8517
38	807	1	1379.1608	10	8	0	1	1	0.6753	1.0125
38	808	1	1380.7108	12	15	0	1	1	0.6757	1.0797
38	809	1	1382.2607	13	4	0	1	1	0.6761	0.7298
38	810	1	1383.8105	14	13	0	1	1	0.6765	0.8441
38	811	1	1385.3605	13	4	0	1	1	0.6769	0.6702
38	812	1	1386.9104	10	8	0	1	1	0.6773	0.7997
38	813	1	1388.4603	11	12	0	1	1	0.6777	0.6570
38	814	1	1390.0103	12	15	0	1	1	0.6781	0.6431
38	815	1	1391.5602	11	12	0	1	1	0.6785	0.5341
38	816	1	1393.1101	9	2	0	1	1	0.6789	1.2405
38	817	1	1394.6600	10	8	90	1	1	0.6793	1.0183
38	818	1	1396.2099	13	4	0	1	1	0.6797	0.7330
38	819	1	1397.7598	11	12	0	1	1	0.6801	0.6376
38	820	1	1399.3097	12	15	0	1	1	0.6805	0.6397
38	821	1	1400.8597	10	8	90	1	1	0.6809	0.8990
38	822	1	1402.4096	9	2	0	1	1	0.6813	0.5962
38	823	1	1403.9595	8	10	90	0	1	0.6804	0.5990
38	824	1	1405.5094	5	7	0	1	1	0.6808	0.6812
38	825	1	1407.0594	4	5	90	1	1	0.6812	0.8111
38	826	1	1408.6093	7	9	90	1	1	0.6816	0.7332
38	827	1	1410.1592	6	3	90	1	1	0.6820	0.8781
38	828	1	1411.7091	8	10	0	1	1	0.6824	0.8175
38	829	1	1413.2590	7	9	0	1	1	0.6828	0.8675
38	830	1	1414.8090	6	3	0	1	1	0.6831	0.8383
38	831	1	1416.3589	4	5	0	1	1	0.6835	0.8386
38	832	1	1417.9088	3	6	90	1	1	0.6839	1.1925
38	833	1	1419.4587	2	11	0	1	1	0.6843	0.8599
38	834	1	1421.0086	15	14	0	1	1	0.6847	0.7806
38	835	1	1422.5585	1	1	0	1	1	0.6850	0.9121
38	836	1	1424.1084	2	11	0	1	1	0.6854	0.6745
38	837	1	1425.6584	15	14	0	1	1	0.6858	0.6601
38	838	1	1427.2083	3	6	0	1	1	0.6862	0.6139
38	839	1	1428.7582	15	14	0	1	1	0.6865	0.5510
38	840	1	1430.3081	14	13	90	0	1	0.6857	0.9222
38	841	1	1431.8580	15	14	0	1	1	0.6861	0.6036
38	842	1	1433.4080	3	6	0	1	1	0.6865	0.8306
38	843	1	1434.9579	1	1	0	1	1	0.6868	0.7845
38	844	1	1436.5078	3	6	0	1	1	0.6872	0.5775
38	845	1	1438.0577	4	5	0	1	1	0.6876	0.6130
38	846	1	1439.6076	3	6	0	1	1	0.6879	0.5831
38	847	1	1441.1576	4	5	0	1	1	0.6883	0.5369
38	848	1	1442.7074	3	6	0	1	1	0.6887	0.5385
38	849	1	1444.2574	1	1	0	1	1	0.6890	0.8139
38	850	1	1445.8073	14	13	90	0	1	0.6882	0.9589
38	851	1	1447.3572	13	4	90	1	1	0.6886	0.8640
38	852	1	1448.9072	10	8	0	0	1	0.6878	1.1381
38	853	1	1450.6069	12	15	0	1	1	0.6882	0.9264
38	854	1	1452.1570	11	12	0	1	1	0.6885	0.7522
38	855	1	1453.7069	10	8	90	1	1	0.6889	0.8356
38	856	1	1455.2568	9	2	0	1	1	0.6893	1.0605
38	857	1	1456.8068	12	15	0	1	1	0.6896	0.6957
38	858	1	1458.3567	13	4	90	1	1	0.6900	0.9220
38	859	1	1459.9066	11	12	0	1	1	0.6903	0.8761
38	860	1	1461.4565	13	4	90	1	1	0.6907	0.7182
38	861	1	1463.0064	10	8	0	1	1	0.6911	1.1041
38	862	1	1464.5563	9	2	0	1	1	0.6914	0.6747
38	863	1	1466.1063	11	12	90	0	1	0.6906	0.7550
38	864	1	1467.6562	13	4	0	1	1	0.6910	0.7731
38	865	1	1469.2060	11	12	0	1	1	0.6913	0.7285
38	866	1	1470.7560	13	4	0	1	1	0.6917	0.6814
38	867	1	1472.3060	12	15	0	1	1	0.6920	0.6844
38	868	1	1473.8559	10	8	0	1	1	0.6924	0.9258
38	869	1	1475.4057	11	12	0	1	1	0.6928	0.6237
38	870	1	1476.9557	10	8	0	1	1	0.6931	0.6277
38	871	1	1478.5056	13	4	0	1	1	0.6935	0.6444
38	872	1	1480.0555	14	13	0	1	1	0.6938	1.0631
38	873	1	1481.6054	13	4	0	1	1	0.6942	0.6332
38	874	1	1483.1554	14	13	0	1	1	0.6945	0.6832
38	875	1	1484.7053	13	4	0	1	1	0.6949	0.5571
38	876	1	1486.2552	12	15	90	1	1	0.6952	1.0233
38	877	1	1487.8051	10	8	0	1	1	0.6956	0.7853
38	878	1	1489.3550	12	15	0	1	1	0.6959	0.7061
38	879	1	1490.9050	10	8	0	1	1	0.6962	0.7255
38	880	1	1492.4549	12	15	0	1	1	0.6966	0.6314
38	881	1	1494.0048	10	8	0	1	1	0.6969	0.5697
38	882	1	1495.5547	12	15	0	1	1	0.6973	0.5719
38	883	1	1497.1046	13	4	0	1	1	0.6976	0.7018
38	884	1	1498.6545	12	15	0	1	1	0.6980	0.5280
38	885	1	1500.2045	11	12	90	0	1	0.6972	0.7060
38	886	1	1501.7544	13	4	0	1	1	0.6975	0.4674
38	887	1	1503.3043	11	12	0	1	1	0.6979	0.6450
38	888	1	1504.8542	12	15	0	1	1	0.6982	0.7432
38	889	1	1506.4041	13	4	0	1	1	0.6985	0.6171
38	890	1	1507.9541	11	12	0	1	1	0.6989	0.7312
38	891	1	1509.5039	9	2	0	1	1	0.6992	1.1986
38	892	1	1511.0539	10	8	0	1	1	0.6996	0.7366
38	893	1	1512.6038	12	15	90	1	1	0.6999	0.9467
38	894	1	1514.1537	10	8	0	1	1	0.7002	0.5795
38	895	1	1515.7036	11	12	0	1	1	0.7006	0.8551
38	896	1	1517.2536	9	2	0	1	1	0.7009	0.8717
38	897	1	1518.8035	11	12	0	1	1	0.7012	0.7139
38	898	1	1520.3534	10	8	90	1	1	0.7016	0.7330
38	899	1	1521.9033	9	2	0	1	1	0.7019	0.7990
38	900	1	1523.4532	8	10	0	0	1	0.7011	1.4240
38	901	1	1525.4531	5	7	0	1	1	0.7014	0.9455
38	902	1	1527.0031	6	3	0	1	1	0.7018	0.7703
38	903	1	1528.5530	7	9	90	1	1	0.7021	0.8214
38	904	1	1530.1029	8	10	0	1	1	0.7024	1.1436
38	905	1	1531.6528	5	7	0	1	1	0.7028	0.7765
38	906	1	1533.2028	4	5	0	1	1	0.7031	0.7636
38	907	1	1534.7526	3	6	0	1	1	0.7034	0.6527
38	908	1	1536.3025	4	5	0	1	1	0.7037	0.6069
38	909	1	1537.8525	6	3	0	1	1	0.7041	0.5135
38	910	1	1539.4023	8	10	0	1	1	0.7044	0.6115
38	911	1	1540.9523	7	9	0	1	1	0.7047	0.6930
38	912	1	1542.5023	6	3	90	1	1	0.7050	0.9189
38	913	1	1544.0522	7	9	90	1	1	0.7054	0.7945
38	914	1	1545.6021	8	10	90	0	1	0.7046	0.8605
38	915	1	1547.1520	6	3	90	1	1	0.7049	0.8632
38	916	1	1548.7019	4	5	90	1	1	0.7052	0.7846
38	917	1	1550.4518	7	9	90	1	1	0.7056	1.2426
38	918	1	1552.0017	8	10	0	1	1	0.7059	1.4053
38	919	1	1553.5849	7	9	0	1	1	0.7062	1.1013
38	920	1	1555.1349	6	3	0	1	1	0.7065	1.1674
38	921	1	1556.6848	8	10	0	1	1	0.7068	0.8805
38	922	1	1558.2347	9	2	0	1	1	0.7072	0.9471
38	923	1	1559.7847	10	8	0	1	1	0.7075	0.7566
38	924	1	1561.3346	13	4	0	1	1	0.7078	0.7282
38	925	1	1562.8845	10	8	0	1	1	0.7081	0.6646
38	926	1	1564.4344	13	4	0	1	1	0.7084	0.7479
38	927	1	1565.9843	10	8	0	1	1	0.7087	0.8947
38	928	1	1567.5343	13	4	0	1	1	0.7091	0.6241
38	929	1	1569.0842	14	13	0	-1	0	0.7083	-1.0000
38	930	1	1571.1341	1	1	0	1	1	0.7086	1.1042
38	931	1	1572.6840	3	6	0	1	1	0.7089	0.7535
38	932	1	1574.2339	1	1	0	1	1	0.7092	0.5805
38	933	1	1575.7838	15	14	0	1	1	0.7095	0.6623
38	934	1	1577.3337	3	6	0	1	1	0.7099	0.5366
38	935	1	1578.8836	4	5	0	1	1	0.7102	0.6509
38	936	1	1580.4336	3	6	0	1	1	0.7105	0.6527
38	937	1	1581.9835	1	1	0	1	1	0.7108	0.6389
38	938	1	1583.5334	2	11	0	1	1	0.7111	0.6247
38	939	1	1585.0833	1	1	0	1	1	0.7114	0.5470
38	940	1	1586.6333	14	13	0	1	1	0.7117	0.7251
38	941	1	1588.1832	15	14	0	1	1	0.7120	0.5510
38	942	1	1589.7331	14	13	0	1	1	0.7123	0.6657
38	943	1	1591.2830	15	14	0	1	1	0.7126	0.5076
38	944	1	1592.8329	2	11	0	1	1	0.7129	0.5735
38	945	1	1594.3828	15	14	0	1	1	0.7132	0.5594
38	946	1	1595.9328	1	1	0	1	1	0.7135	0.6736
38	947	1	1597.4827	14	13	0	0	1	0.7128	0.9640
38	948	1	1599.0326	13	4	90	0	1	0.7120	0.9659
38	949	1	1600.5825	14	13	0	1	1	0.7123	0.8716
38	950	1	1602.1324	15	14	90	1	1	0.7126	0.8889
38	951	1	1603.6824	14	13	0	0	1	0.7119	0.8430
38	952	1	1605.2323	2	11	0	1	1	0.7122	0.7181
38	953	1	1606.7822	15	14	90	0	1	0.7114	0.6242
38	954	1	1608.3321	1	1	0	1	1	0.7117	0.7852
38	955	1	1609.8820	2	11	0	1	1	0.7120	0.8512
38	956	1	1611.4319	1	1	0	1	1	0.7123	0.7263
38	957	1	1612.9819	15	14	0	1	1	0.7126	0.6967
38	958	1	1614.5318	1	1	0	1	1	0.7129	0.6826
38	959	1	1616.0817	2	11	0	1	1	0.7132	0.8129
38	960	1	1617.6316	15	14	0	1	1	0.7135	0.6066
38	961	1	1619.1816	14	13	0	1	1	0.7138	1.0094
38	962	1	1620.7315	13	4	0	1	1	0.7141	0.6908
38	963	1	1622.2814	11	12	0	1	1	0.7144	0.7413
38	964	1	1623.8313	12	15	90	0	1	0.7137	0.6950
38	965	1	1625.3812	13	4	0	1	1	0.7140	0.6328
38	966	1	1626.9311	12	15	0	1	1	0.7143	0.8757
38	967	1	1628.4811	9	2	0	0	1	0.7135	1.4052
38	968	1	1630.4143	12	15	0	1	1	0.7138	1.0242
38	969	1	1631.9642	10	8	90	1	1	0.7141	0.9773
38	970	1	1633.5141	11	12	0	1	1	0.7144	0.7882
38	971	1	1635.0640	13	4	0	1	1	0.7147	0.6932
38	972	1	1636.6140	10	8	0	1	1	0.7150	0.8073
38	973	1	1638.1639	12	15	0	1	1	0.7153	0.6191
38	974	1	1639.7138	11	12	90	1	1	0.7156	1.0852
38	975	1	1641.2637	10	8	0	1	1	0.7159	0.7334
38	976	1	1642.8136	13	4	90	1	1	0.7162	0.7515
38	977	1	1644.3636	12	15	0	1	1	0.7165	0.6751
38	978	1	1645.9135	10	8	0	1	1	0.7168	0.8536
38	979	1	1647.4634	12	15	0	1	1	0.7171	1.3034
38	980	1	1649.0133	9	2	90	1	1	0.7173	1.0159
38	981	1	1650.5632	10	8	0	1	1	0.7176	0.8099
38	982	1	1652.1131	9	2	0	1	1	0.7179	0.8132
38	983	1	1653.6631	8	10	0	1	1	0.7182	1.0228
38	984	1	1655.2129	9	2	0	1	1	0.7185	0.8180
38	985	1	1656.7629	11	12	0	1	1	0.7188	0.7235
38	986	1	1658.3128	9	2	90	1	1	0.7191	0.9323
38	987	1	1659.8627	11	12	0	1	1	0.7194	1.0158
38	988	1	1661.4126	13	4	90	1	1	0.7196	0.8901
38	989	1	1662.9625	11	12	0	1	1	0.7199	1.0519
38	990	1	1664.5125	12	15	0	1	1	0.7202	1.1178
38	991	1	1666.0624	10	8	0	1	1	0.7205	0.8640
38	992	1	1667.6123	12	15	0	1	1	0.7208	0.7061
38	993	1	1669.1623	9	2	0	1	1	0.7210	0.7550
38	994	1	1670.7121	11	12	90	1	1	0.7213	1.0469
38	995	1	1672.2621	13	4	0	1	1	0.7216	0.7272
38	996	1	1673.8120	11	12	0	1	1	0.7219	0.6971
38	997	1	1675.3619	10	8	0	1	1	0.7222	0.6365
38	998	1	1676.9118	13	4	0	1	1	0.7224	0.6384
38	999	1	1678.4618	11	12	0	1	1	0.7227	0.5767
38	1000	1	1680.0117	12	15	90	0	1	0.7220	0.6907
38	1001	1	1681.5616	13	4	0	1	1	0.7223	0.6115
38	1002	1	1683.1115	12	15	0	1	1	0.7226	0.6947
38	1003	1	1684.6614	11	12	90	0	1	0.7218	0.6157
38	1004	1	1686.2114	10	8	0	1	1	0.7221	0.5715
38	1005	1	1687.7613	12	15	0	1	1	0.7224	0.6202
38	1006	1	1689.3112	13	4	90	1	1	0.7227	0.8316
38	1007	1	1690.8611	12	15	0	1	1	0.7229	0.6414
38	1008	1	1692.4110	10	8	0	1	1	0.7232	0.7541
38	1009	1	1693.9610	13	4	0	1	1	0.7235	0.9814
38	1010	1	1695.5108	14	13	90	1	1	0.7238	0.8555
38	1011	1	1697.0608	1	1	0	1	1	0.7240	0.7777
38	1012	1	1698.6107	2	11	0	1	1	0.7243	0.6346
38	1013	1	1700.1606	14	13	0	1	1	0.7246	1.0062
38	1014	1	1701.7105	2	11	90	0	1	0.7239	0.9426
38	1015	1	1703.2605	1	1	0	1	1	0.7241	0.5766
38	1016	1	1704.8104	3	6	0	1	1	0.7244	0.7548
38	1017	1	1706.3603	2	11	0	1	1	0.7247	0.9826
38	1018	1	1707.9102	15	14	0	1	1	0.7250	0.8570
38	1019	1	1709.4601	2	11	0	1	1	0.7252	0.6502
38	1020	1	1711.0100	15	14	0	1	1	0.7255	0.5403
38	1021	1	1712.5600	1	1	90	0	1	0.7248	1.2451
38	1022	1	1714.3765	3	6	0	1	1	0.7250	0.6299
38	1023	1	1715.9264	4	5	0	1	1	0.7253	0.8080
38	1024	1	1717.4764	5	7	0	1	1	0.7256	0.7785
38	1025	1	1719.0263	6	3	0	1	1	0.7259	0.7965
38	1026	1	1720.5762	7	9	0	1	1	0.7261	0.7343
38	1027	1	1722.1261	6	3	0	1	1	0.7264	0.6556
38	1028	1	1723.6761	5	7	0	1	1	0.7267	0.6588
38	1029	1	1725.2260	6	3	0	1	1	0.7269	0.7553
38	1030	1	1726.7759	4	5	0	1	1	0.7272	0.6452
38	1031	1	1728.3258	6	3	0	1	1	0.7274	0.5525
38	1032	1	1729.8757	4	5	0	1	1	0.7277	0.5222
38	1033	1	1731.4257	5	7	0	1	1	0.7280	0.7813
38	1034	1	1732.9756	8	10	0	1	1	0.7282	0.8943
38	1035	1	1734.5255	9	2	0	1	1	0.7285	0.9274
38	1036	1	1736.0754	12	15	0	1	1	0.7288	0.8189
38	1037	1	1737.6253	13	4	0	1	1	0.7290	0.7398
38	1038	1	1739.1752	10	8	0	1	1	0.7293	0.6948
38	1039	1	1740.7251	11	12	0	1	1	0.7295	0.8401
38	1040	1	1742.2751	12	15	0	1	1	0.7298	0.7154
38	1041	1	1743.8249	10	8	0	1	1	0.7301	0.6215
38	1042	1	1745.3748	11	12	0	1	1	0.7303	0.6874
38	1043	1	1746.9248	9	2	90	0	1	0.7296	0.7056
38	1044	1	1748.4747	12	15	0	1	1	0.7299	0.6264
38	1045	1	1750.0247	9	2	0	1	1	0.7301	0.6125
38	1046	1	1751.5745	11	12	0	1	1	0.7304	0.6465
38	1047	1	1753.1245	12	15	0	1	1	0.7307	0.6658
38	1048	1	1754.6744	9	2	0	1	1	0.7309	0.6670
38	1049	1	1756.2243	12	15	90	0	1	0.7302	0.8609
38	1050	1	1757.7742	11	12	0	1	1	0.7305	0.5923
38	1051	1	1759.3242	10	8	90	1	1	0.7307	0.6729
38	1052	1	1760.8741	13	4	90	1	1	0.7310	0.7564
38	1053	1	1762.4240	14	13	90	0	1	0.7303	0.7265
38	1054	1	1763.9739	2	11	90	0	1	0.7296	0.9843
38	1055	1	1765.5238	15	14	0	1	1	0.7299	0.8588
38	1056	1	1767.0738	3	6	0	1	1	0.7301	0.6993
38	1057	1	1768.6237	4	5	90	1	1	0.7304	1.0694
38	1058	1	1770.1736	6	3	0	1	1	0.7306	0.8647
38	1059	1	1771.7235	8	10	0	0	1	0.7299	1.0594
38	1060	1	1773.3567	5	7	0	1	1	0.7302	0.9457
38	1061	1	1774.9067	6	3	0	1	1	0.7304	1.1558
38	1062	1	1776.4566	4	5	0	-1	0	0.7298	-1.0000
38	1063	1	1778.5398	7	9	0	-1	0	0.7291	-1.0000
38	1064	1	1780.5897	8	10	0	1	1	0.7293	1.2487
38	1065	1	1782.1396	5	7	90	1	1	0.7296	1.1068
38	1066	1	1783.6895	8	10	0	1	1	0.7298	0.8854
38	1067	1	1785.2394	6	3	0	1	1	0.7301	0.6789
38	1068	1	1786.7894	7	9	0	1	1	0.7303	0.9214
38	1069	1	1788.3393	8	10	0	1	1	0.7306	0.7630
38	1070	1	1789.8892	5	7	0	1	1	0.7308	0.7002
38	1071	1	1791.4391	7	9	0	1	1	0.7311	0.6874
38	1072	1	1792.9891	5	7	0	1	1	0.7313	0.6094
38	1073	1	1794.5390	6	3	0	1	1	0.7316	0.6757
38	1074	1	1796.0889	8	10	0	1	1	0.7318	1.0133
38	1075	1	1797.6388	9	2	0	1	1	0.7321	1.0000
38	1076	1	1799.1887	10	8	0	1	1	0.7323	0.7296
38	1077	1	1800.7386	11	12	0	1	1	0.7326	0.6358
38	1078	1	1802.2886	9	2	0	1	1	0.7328	0.7179
38	1079	1	1803.8385	8	10	90	0	1	0.7322	0.6399
38	1080	1	1805.3884	7	9	90	1	1	0.7324	0.8018
38	1081	1	1806.9383	5	7	0	1	1	0.7327	0.9481
38	1082	1	1808.4882	7	9	0	1	1	0.7329	0.6302
38	1083	1	1810.0382	5	7	0	1	1	0.7331	0.5682
38	1084	1	1811.5881	7	9	0	1	1	0.7334	0.6022
38	1085	1	1813.1380	5	7	0	1	1	0.7336	0.6690
38	1086	1	1814.6879	7	9	90	1	1	0.7339	0.7171
38	1087	1	1816.2378	6	3	0	1	1	0.7341	0.9592
38	1088	1	1817.7878	8	10	0	0	1	0.7335	0.8665
38	1089	1	1819.3377	7	9	90	1	1	0.7337	0.8852
38	1090	1	1820.8876	8	10	0	0	1	0.7330	1.0308
38	1091	1	1822.4875	5	7	0	1	1	0.7333	0.9828
38	1092	1	1824.0374	4	5	0	1	1	0.7335	0.8724
38	1093	1	1825.5873	6	3	0	1	1	0.7338	0.6669
38	1094	1	1827.1373	5	7	0	1	1	0.7340	0.7318
38	1095	1	1828.6872	7	9	90	1	1	0.7342	0.7031
38	1096	1	1830.2371	8	10	90	0	1	0.7336	0.7373
38	1097	1	1831.7870	6	3	0	1	1	0.7338	0.6273
38	1098	1	1833.3369	5	7	90	0	1	0.7332	0.8699
38	1099	1	1834.8869	8	10	0	1	1	0.7334	1.0942
38	1100	1	1836.4368	6	3	0	1	1	0.7336	0.6973
38	1101	1	1837.9867	8	10	0	1	1	0.7339	0.8263
38	1102	1	1839.5366	6	3	0	1	1	0.7341	0.6364
38	1103	1	1841.0865	7	9	0	1	1	0.7344	0.7360
38	1104	1	1842.6364	5	7	0	1	1	0.7346	1.1686
38	1105	1	1844.1864	7	9	0	1	1	0.7348	0.6925
38	1106	1	1845.7363	4	5	0	1	1	0.7351	0.8056
38	1107	1	1847.2862	3	6	0	1	1	0.7353	0.6966
38	1108	1	1848.8361	15	14	0	1	1	0.7356	0.6809
38	1109	1	1850.3861	1	1	0	1	1	0.7358	0.6843
38	1110	1	1851.9360	3	6	90	0	1	0.7351	0.5584
38	1111	1	1853.4858	2	11	0	1	1	0.7354	0.9605
38	1112	1	1855.0357	1	1	0	1	1	0.7356	0.7871
38	1113	1	1856.5857	3	6	0	1	1	0.7358	0.6764
38	1114	1	1858.1356	2	11	0	1	1	0.7361	0.6317
38	1115	1	1859.6855	15	14	0	1	1	0.7363	0.6328
38	1116	1	1861.2355	1	1	0	1	1	0.7366	0.8749
38	1117	1	1862.7854	2	11	0	1	1	0.7368	0.5730
38	1118	1	1864.3353	15	14	0	1	1	0.7370	0.5576
38	1119	1	1865.8852	3	6	0	1	1	0.7373	0.6250
38	1120	1	1867.4352	2	11	90	0	1	0.7366	0.6750
38	1121	1	1868.9851	15	14	0	1	1	0.7368	0.7248
38	1122	1	1870.5349	1	1	0	1	1	0.7371	0.7273
38	1123	1	1872.0849	15	14	0	1	1	0.7373	0.5843
38	1124	1	1873.6348	2	11	90	1	1	0.7375	1.4983
38	1125	1	1875.3513	3	6	90	0	1	0.7369	0.8538
38	1126	1	1876.9013	4	5	90	1	1	0.7371	0.8896
38	1127	1	1878.4512	5	7	0	1	1	0.7374	1.1780
38	1128	1	1880.0012	6	3	0	1	1	0.7376	0.7798
38	1129	1	1881.5511	5	7	0	1	1	0.7378	0.7660
38	1130	1	1883.1010	4	5	0	1	1	0.7381	1.0573
38	1131	1	1884.6508	7	9	0	1	1	0.7383	0.6917
38	1132	1	1886.2008	4	5	0	1	1	0.7385	0.6442
38	1133	1	1887.7507	5	7	0	1	1	0.7387	0.7102
38	1134	1	1889.3007	4	5	0	1	1	0.7390	0.6009
38	1135	1	1890.8506	6	3	0	1	1	0.7392	0.5546
38	1136	1	1892.4005	7	9	0	1	1	0.7394	0.5897
38	1137	1	1893.9504	6	3	90	1	1	0.7397	0.8960
38	1138	1	1895.5003	7	9	0	1	1	0.7399	0.7219
38	1139	1	1897.0503	6	3	0	1	1	0.7401	0.6748
38	1140	1	1898.6002	4	5	0	1	1	0.7404	0.8210
38	1141	1	1900.1501	3	6	0	1	1	0.7406	0.7924
38	1142	1	1901.7000	4	5	0	1	1	0.7408	0.8902
38	1143	1	1903.2499	7	9	0	1	1	0.7410	0.7163
38	1144	1	1904.7998	6	3	0	1	1	0.7413	0.6705
38	1145	1	1906.3497	8	10	0	1	1	0.7415	1.1044
38	1146	1	1907.8997	5	7	0	1	1	0.7417	0.6733
38	1147	1	1909.4496	4	5	0	1	1	0.7419	0.6273
38	1148	1	1910.9995	5	7	0	1	1	0.7422	0.5497
38	1149	1	1912.5494	8	10	90	0	1	0.7415	0.6806
38	1150	1	1914.0994	6	3	0	1	1	0.7417	0.5870
38	1151	1	1915.6493	7	9	0	1	1	0.7420	0.6368
38	1152	1	1917.1992	4	5	0	1	1	0.7422	0.6070
38	1153	1	1918.7491	7	9	0	1	1	0.7424	0.6252
38	1154	1	1920.2990	4	5	0	1	1	0.7426	0.5634
38	1155	1	1921.8490	3	6	90	1	1	0.7429	1.0132
38	1156	1	1923.3989	1	1	0	1	1	0.7431	0.7594
38	1157	1	1924.9488	2	11	0	1	1	0.7433	0.9202
38	1158	1	1926.4987	14	13	0	1	1	0.7435	1.0023
38	1159	1	1928.0486	15	14	0	1	1	0.7437	0.6377
38	1160	1	1929.5986	1	1	0	1	1	0.7440	0.6717
38	1161	1	1931.1485	2	11	0	1	1	0.7442	0.6726
38	1162	1	1932.6984	1	1	90	1	1	0.7444	0.8036
38	1163	1	1934.2483	2	11	0	1	1	0.7446	0.9499
38	1164	1	1935.7982	3	6	0	1	1	0.7448	0.6480
38	1165	1	1937.3481	4	5	90	1	1	0.7451	0.7621
38	1166	1	1938.8981	5	7	0	1	1	0.7453	0.7963
38	1167	1	1940.4480	7	9	0	1	1	0.7455	0.6223
38	1168	1	1941.9979	8	10	0	0	1	0.7449	0.8641
38	1169	1	1943.5478	9	2	90	0	1	0.7442	0.9772
38	1170	1	1945.0977	10	8	0	1	1	0.7444	0.7565
38	1171	1	1946.6476	11	12	90	1	1	0.7447	1.1254
38	1172	1	1948.1976	13	4	0	1	1	0.7449	0.8566
38	1173	1	1949.7475	11	12	0	1	1	0.7451	0.7149
38	1174	1	1951.2974	10	8	0	1	1	0.7453	0.6850
38	1175	1	1952.8473	9	2	0	1	1	0.7455	1.0390
38	1176	1	1954.3972	8	10	0	1	1	0.7457	1.0077
38	1177	1	1955.9471	7	9	0	1	1	0.7460	0.7397
38	1178	1	1957.4971	5	7	0	1	1	0.7462	0.7720
38	1179	1	1959.0470	8	10	0	1	1	0.7464	0.5672
38	1180	1	1960.5969	6	3	90	1	1	0.7466	1.2241
38	1181	1	1962.1468	7	9	0	1	1	0.7468	0.7792
38	1182	1	1963.6968	4	5	0	1	1	0.7470	0.8937
38	1183	1	1965.2467	3	6	0	1	1	0.7473	0.7663
38	1184	1	1966.7965	2	11	0	1	1	0.7475	0.8805
38	1185	1	1968.3465	1	1	0	1	1	0.7477	0.7236
38	1186	1	1969.8964	14	13	0	1	1	0.7479	0.8846
38	1187	1	1971.4463	15	14	0	1	1	0.7481	0.7279
38	1188	1	1972.9963	14	13	0	1	1	0.7483	0.8098
38	1189	1	1974.5461	13	4	0	1	1	0.7485	0.6509
38	1190	1	1976.0961	10	8	0	1	1	0.7487	0.6704
38	1191	1	1977.6460	12	15	0	1	1	0.7490	1.0390
38	1192	1	1979.1959	13	4	0	1	1	0.7492	0.7702
38	1193	1	1980.7458	11	12	90	1	1	0.7494	1.0603
38	1194	1	1982.2958	13	4	0	1	1	0.7496	0.6943
38	1195	1	1983.8457	14	13	0	1	1	0.7498	0.6314
38	1196	1	1985.3956	13	4	90	1	1	0.7500	0.7947
38	1197	1	1986.9455	12	15	0	1	1	0.7502	0.8434
38	1198	1	1988.4954	11	12	0	1	1	0.7504	0.8628
38	1199	1	1990.0454	12	15	0	1	1	0.7506	0.6556
38	1200	1	1991.5953	9	2	0	1	1	0.7508	0.7066
38	1201	1	1993.1452	10	8	0	1	1	0.7510	0.5648
38	1202	1	1994.6951	12	15	0	1	1	0.7512	0.5830
38	1203	1	1996.2450	11	12	90	0	1	0.7506	0.9375
38	1204	1	1997.7949	10	8	0	1	1	0.7508	0.5541
38	1205	1	1999.3448	11	12	0	1	1	0.7510	0.7494
38	1206	1	2000.8948	12	15	0	1	1	0.7512	0.6235
38	1207	1	2002.4447	10	8	0	1	1	0.7514	0.5443
38	1208	1	2003.9946	12	15	90	1	1	0.7517	1.1396
38	1209	1	2005.5445	11	12	0	1	1	0.7519	0.7577
38	1210	1	2007.0945	9	2	0	1	1	0.7521	0.8705
38	1211	1	2008.6444	8	10	0	1	1	0.7523	0.8259
38	1212	1	2010.1943	9	2	0	1	1	0.7525	0.6197
38	1213	1	2011.7442	11	12	0	1	1	0.7527	0.8461
38	1214	1	2013.2942	9	2	90	0	1	0.7521	0.7361
38	1215	1	2014.8441	12	15	0	1	1	0.7523	0.6894
38	1216	1	2016.3940	11	12	0	1	1	0.7525	0.6430
38	1217	1	2017.9439	9	2	90	0	1	0.7518	0.8050
38	1218	1	2019.4938	8	10	90	0	1	0.7512	0.7594
38	1219	1	2021.0437	7	9	0	1	1	0.7514	0.6826
38	1220	1	2022.5936	5	7	0	1	1	0.7516	0.7165
38	1221	1	2024.1436	8	10	0	1	1	0.7518	0.9592
38	1222	1	2025.6935	9	2	0	1	1	0.7520	0.8325
38	1223	1	2027.2434	12	15	0	1	1	0.7522	0.6739
38	1224	1	2028.7933	9	2	0	1	1	0.7525	0.8049
38	1225	1	2030.3432	12	15	90	0	1	0.7518	1.3498
38	1226	1	2032.2098	11	12	0	1	1	0.7520	0.6523
38	1227	1	2033.7597	13	4	0	1	1	0.7522	0.6223
38	1228	1	2035.3096	10	8	0	1	1	0.7524	0.6078
38	1229	1	2036.8596	13	4	0	1	1	0.7526	0.5935
38	1230	1	2038.4095	12	15	0	1	1	0.7528	0.8206
38	1231	1	2039.9594	9	2	90	0	1	0.7522	0.7748
38	1232	1	2041.5093	8	10	0	1	1	0.7524	0.6650
38	1233	1	2043.0592	9	2	0	1	1	0.7526	0.7789
38	1234	1	2044.6092	8	10	90	0	1	0.7520	0.9567
38	1235	1	2046.3592	9	2	0	-1	0	0.7514	-1.0000
38	1236	1	2048.4590	10	8	0	1	1	0.7516	1.2192
38	1237	1	2050.0089	9	2	0	0	1	0.7510	1.1891
38	1238	1	2051.7254	11	12	0	1	1	0.7512	0.6728
38	1239	1	2053.2754	9	2	90	0	1	0.7506	0.9949
38	1240	1	2054.8253	8	10	0	0	1	0.7500	0.9655
38	1241	1	2056.3752	7	9	0	1	1	0.7502	0.6949
38	1242	1	2057.9251	6	3	0	1	1	0.7504	0.9358
38	1243	1	2059.4750	8	10	0	0	1	0.7498	1.3699
38	1244	1	2061.3749	6	3	0	1	1	0.7500	0.6701
38	1245	1	2062.9249	5	7	0	1	1	0.7502	0.8001
38	1246	1	2064.4748	6	3	0	1	1	0.7504	0.7542
38	1247	1	2066.0247	8	10	0	1	1	0.7506	1.0613
38	1248	1	2067.5746	6	3	0	1	1	0.7508	0.9194
38	1249	1	2069.1245	8	10	0	1	1	0.7510	1.1773
38	1250	1	2070.6744	6	3	0	1	1	0.7512	0.8279
38	1251	1	2072.2244	8	10	0	1	1	0.7514	0.7971
38	1252	1	2073.7743	7	9	0	1	1	0.7516	0.6722
38	1253	1	2075.3242	8	10	90	0	1	0.7510	0.7689
38	1254	1	2076.8741	6	3	0	1	1	0.7512	0.6920
38	1255	1	2078.4240	8	10	90	0	1	0.7506	1.3820
38	1256	1	2080.3239	5	7	90	1	1	0.7508	1.2581
38	1257	1	2081.8738	7	9	0	1	1	0.7510	0.8930
38	1258	1	2083.4238	6	3	0	1	1	0.7512	0.8143
38	1259	1	2084.9737	8	10	0	1	1	0.7514	0.8165
38	1260	1	2086.5236	5	7	0	1	1	0.7516	0.7853
38	1261	1	2088.0735	7	9	90	1	1	0.7518	0.8355
38	1262	1	2089.6234	4	5	0	1	1	0.7520	0.8868
38	1263	1	2091.1734	7	9	0	1	1	0.7522	0.9836
38	1264	1	2092.7233	8	10	0	1	1	0.7524	0.7937
38	1265	1	2094.2732	5	7	0	1	1	0.7526	0.7493
38	1266	1	2095.8231	7	9	0	1	1	0.7528	0.5738
38	1267	1	2097.3731	6	3	0	1	1	0.7530	0.6399
38	1268	1	2098.9229	4	5	0	1	1	0.7532	0.7540
38	1269	1	2100.4729	6	3	90	1	1	0.7533	1.0287
38	1270	1	2102.0228	5	7	0	1	1	0.7535	0.7271
38	1271	1	2103.5727	8	10	0	1	1	0.7537	0.8255
38	1272	1	2105.1226	9	2	0	1	1	0.7539	0.8434
38	1273	1	2106.6725	10	8	0	1	1	0.7541	0.6536
38	1274	1	2108.2225	13	4	0	1	1	0.7543	0.6555
38	1275	1	2109.7724	10	8	0	1	1	0.7545	0.5619
38	1276	1	2111.3223	12	15	90	1	1	0.7547	0.9797
38	1277	1	2112.8723	13	4	0	1	1	0.7549	0.6138
38	1278	1	2114.4222	10	8	0	1	1	0.7551	0.6469
38	1279	1	2115.9721	11	12	0	1	1	0.7553	0.7608
38	1280	1	2117.5220	10	8	90	1	1	0.7555	0.8603
38	1281	1	2119.0719	9	2	0	1	1	0.7557	0.5730
38	1282	1	2120.6218	11	12	90	1	1	0.7559	0.8644
38	1283	1	2122.1717	12	15	0	1	1	0.7560	0.8333
38	1284	1	2123.7217	13	4	0	1	1	0.7562	0.5966
38	1285	1	2125.2716	10	8	0	1	1	0.7564	0.5667
38	1286	1	2126.8215	9	2	90	0	1	0.7558	0.7602
38	1287	1	2128.3714	12	15	90	0	1	0.7552	0.8096
38	1288	1	2129.9213	13	4	0	1	1	0.7554	0.7485
38	1289	1	2131.4713	10	8	0	1	1	0.7556	0.7337
38	1290	1	2133.0212	13	4	0	1	1	0.7558	0.4648
38	1291	1	2134.5711	11	12	0	1	1	0.7560	0.6750
38	1292	1	2136.1210	13	4	90	1	1	0.7562	0.8213
38	1293	1	2137.6709	12	15	0	1	1	0.7564	1.4633
38	1294	1	2139.3042	9	2	0	1	1	0.7566	1.0937
38	1295	1	2140.8541	12	15	0	-1	0	0.7560	-1.0000
38	1296	1	2142.9206	11	12	0	1	1	0.7562	1.2056
38	1297	1	2144.4706	13	4	90	1	1	0.7564	1.0635
38	1298	1	2146.0205	12	15	0	1	1	0.7565	0.6976
38	1299	1	2147.5704	13	4	0	1	1	0.7567	0.5866
38	1300	1	2149.1203	10	8	0	1	1	0.7569	0.7006
38	1301	1	2150.6702	12	15	0	1	1	0.7571	0.7667
38	1302	1	2152.2202	11	12	90	1	1	0.7573	0.8329
38	1303	1	2153.7701	13	4	0	1	1	0.7575	0.6428
38	1304	1	2155.3200	12	15	0	1	1	0.7577	0.5489
38	1305	1	2156.8699	11	12	90	1	1	0.7579	0.7923
38	1306	1	2158.4198	9	2	0	1	1	0.7580	0.7623
38	1307	1	2159.9697	10	8	0	1	1	0.7582	0.6203
38	1308	1	2161.5197	13	4	0	1	1	0.7584	0.5584
38	1309	1	2163.0696	14	13	0	0	1	0.7578	0.7684
38	1310	1	2164.6195	15	14	0	1	1	0.7580	0.5934
38	1311	1	2166.1694	14	13	0	0	1	0.7574	1.0928
38	1312	1	2167.8193	15	14	0	1	1	0.7576	0.6095
38	1313	1	2169.3692	14	13	90	0	1	0.7570	0.9650
38	1314	1	2170.9192	1	1	90	1	1	0.7572	1.1751
38	1315	1	2172.4691	15	14	0	1	1	0.7574	0.7611
38	1316	1	2174.0190	3	6	0	1	1	0.7576	0.7140
38	1317	1	2175.5689	15	14	90	1	1	0.7578	0.8774
38	1318	1	2177.1188	2	11	0	1	1	0.7580	0.8636
38	1319	1	2178.6688	15	14	0	1	1	0.7582	0.6574
38	1320	1	2180.2187	2	11	0	1	1	0.7583	0.7395
38	1321	1	2181.7686	15	14	0	1	1	0.7585	0.6296
38	1322	1	2183.3185	2	11	0	1	1	0.7587	0.5514
38	1323	1	2184.8685	14	13	0	1	1	0.7589	1.1614
38	1324	1	2186.4184	15	14	0	1	1	0.7591	0.6195
38	1325	1	2187.9683	2	11	0	1	1	0.7592	0.7179
38	1326	1	2189.5181	14	13	0	0	1	0.7587	0.8483
38	1327	1	2191.0681	1	1	90	1	1	0.7589	1.3143
38	1328	1	2192.6180	14	13	0	0	1	0.7583	1.0598
38	1329	1	2194.2013	13	4	0	1	1	0.7585	0.7077
38	1330	1	2195.7512	11	12	0	1	1	0.7586	0.8067
38	1331	1	2197.3011	10	8	0	1	1	0.7588	0.6815
38	1332	1	2198.8511	11	12	0	1	1	0.7590	0.6992
38	1333	1	2200.4009	9	2	90	0	1	0.7584	0.8280
38	1334	1	2201.9509	10	8	0	1	1	0.7586	0.6071
38	1335	1	2203.5008	9	2	0	1	1	0.7588	0.8815
38	1336	1	2205.0507	12	15	0	1	1	0.7590	0.8183
38	1337	1	2206.6006	10	8	0	1	1	0.7592	0.5643
38	1338	1	2208.1506	9	2	90	0	1	0.7586	0.8074
38	1339	1	2209.7005	8	10	0	0	1	0.7580	0.9044
38	1340	1	2211.2504	5	7	0	1	1	0.7582	0.9876
38	1341	1	2212.8002	6	3	0	1	1	0.7584	0.9580
38	1342	1	2214.3502	5	7	0	1	1	0.7586	1.1678
38	1343	1	2215.9001	8	10	0	0	1	0.7580	0.9463
38	1344	1	2217.4501	6	3	0	1	1	0.7582	0.7396
38	1345	1	2219.0000	8	10	90	0	1	0.7576	0.8541
38	1346	1	2220.5499	6	3	90	1	1	0.7578	0.9360
38	1347	1	2222.0998	7	9	90	1	1	0.7580	0.8410
38	1348	1	2223.6497	5	7	0	1	1	0.7582	1.1790
38	1349	1	2225.1997	8	10	0	0	1	0.7576	0.9266
38	1350	1	2226.7496	7	9	0	1	1	0.7578	0.9765
38	1351	1	2228.2995	6	3	0	1	1	0.7580	0.7214
38	1352	1	2229.8494	7	9	0	1	1	0.7581	0.5807
38	1353	1	2231.3993	6	3	0	1	1	0.7583	0.6309
38	1354	1	2232.9493	5	7	0	1	1	0.7585	0.7607
38	1355	1	2234.4992	6	3	90	1	1	0.7587	0.8737
38	1356	1	2236.0490	7	9	90	1	1	0.7588	0.8449
38	1357	1	2237.5990	8	10	90	0	1	0.7583	0.7979
38	1358	1	2239.1489	9	2	90	0	1	0.7577	0.7043
38	1359	1	2240.6988	8	10	90	0	1	0.7572	0.8660
38	1360	1	2242.2487	6	3	90	1	1	0.7574	0.9965
38	1361	1	2243.7987	8	10	0	0	1	0.7568	0.9831
38	1362	1	2245.3653	5	7	0	1	1	0.7570	0.8397
38	1363	1	2246.9152	8	10	0	1	1	0.7572	0.9067
38	1364	1	2248.4651	5	7	0	1	1	0.7573	0.7810
38	1365	1	2250.0150	8	10	0	1	1	0.7575	0.9909
38	1366	1	2251.5649	5	7	90	1	1	0.7577	0.8494
38	1367	1	2253.1148	6	3	0	1	1	0.7579	0.6261
38	1368	1	2254.6648	5	7	0	1	1	0.7580	0.8041
38	1369	1	2256.2147	6	3	0	1	1	0.7582	0.6479
38	1370	1	2257.7646	8	10	90	0	1	0.7577	0.6495
38	1371	1	2259.3145	5	7	0	1	1	0.7578	0.8280
38	1372	1	2260.8644	6	3	0	1	1	0.7580	0.6376
38	1373	1	2262.4143	4	5	0	1	1	0.7582	0.7842
38	1374	1	2263.9643	5	7	0	1	1	0.7584	0.6259
38	1375	1	2265.5142	4	5	0	1	1	0.7585	0.6436
38	1376	1	2267.0641	7	9	0	1	1	0.7587	0.7099
38	1377	1	2268.6140	4	5	0	1	1	0.7589	0.6319
38	1378	1	2270.1639	6	3	90	1	1	0.7591	0.8902
38	1379	1	2271.7139	7	9	90	1	1	0.7592	0.8111
38	1380	1	2273.2638	6	3	0	1	1	0.7594	0.7179
38	1381	1	2274.8137	7	9	0	1	1	0.7596	0.8799
38	1382	1	2276.3636	4	5	0	1	1	0.7598	1.0265
38	1383	1	2277.9135	3	6	0	1	1	0.7599	0.7874
38	1384	1	2279.4635	15	14	0	1	1	0.7601	0.6946
38	1385	1	2281.0133	2	11	90	1	1	0.7603	0.8554
38	1386	1	2282.5633	3	6	90	1	1	0.7605	1.1295
38	1387	1	2284.1132	4	5	0	1	1	0.7606	0.8116
38	1388	1	2285.6631	5	7	0	1	1	0.7608	0.8148
38	1389	1	2287.2130	8	10	0	1	1	0.7610	0.8170
38	1390	1	2288.7630	5	7	0	1	1	0.7612	0.7069
38	1391	1	2290.3129	7	9	0	1	1	0.7613	0.8691
38	1392	1	2291.8628	6	3	0	1	1	0.7615	0.7101
38	1393	1	2293.4127	8	10	90	0	1	0.7609	1.0178
38	1394	1	2294.9626	7	9	0	1	1	0.7611	0.8598
38	1395	1	2296.5126	5	7	0	1	1	0.7613	0.7335
38	1396	1	2298.0624	6	3	0	1	1	0.7615	0.6077
38	1397	1	2299.6124	4	5	0	1	1	0.7616	0.6099
38	1398	1	2301.1623	7	9	0	1	1	0.7618	0.6437
38	1399	1	2302.7121	6	3	0	1	1	0.7620	0.5658
38	1400	1	2304.2621	8	10	90	0	1	0.7614	0.7600
38	1	2	1.0166	1	1	0	-1	0	NaN	-1.0000
38	2	2	2.5499	3	6	0	-1	0	NaN	-1.0000
38	3	2	4.0831	2	11	0	-1	1	0.0000	0.9284
38	4	2	5.6164	3	6	0	-1	0	0.0000	-1.0000
38	5	2	7.1496	4	5	0	-1	0	0.0000	-1.0000
38	6	2	8.6829	6	3	0	-1	0	0.0000	-1.0000
38	7	2	10.2161	7	9	0	-1	0	0.0000	-1.0000
38	8	2	11.7494	4	5	0	-1	0	0.0000	-1.0000
38	9	2	13.2826	6	3	0	-1	0	0.0000	-1.0000
38	10	2	14.8159	8	10	0	-1	0	0.0000	-1.0000
38	11	2	16.3492	9	2	0	-1	0	0.0000	-1.0000
38	12	2	17.8824	12	15	0	-1	0	0.0000	-1.0000
38	13	2	19.4157	11	12	0	-1	0	0.0000	-1.0000
38	14	2	20.9489	9	2	0	-1	0	0.0000	-1.0000
38	15	2	22.4822	11	12	0	-1	0	0.0000	-1.0000
38	16	2	24.0154	10	8	0	-1	1	0.0000	0.8854
38	17	2	25.5487	9	2	0	-1	0	0.0000	-1.0000
38	18	2	27.0819	8	10	0	-1	0	0.0000	-1.0000
38	19	2	28.6152	7	9	0	-1	0	0.0000	-1.0000
38	20	2	30.1484	6	3	0	-1	0	0.0000	-1.0000
38	21	2	31.6817	5	7	0	-1	0	0.0000	-1.0000
38	22	2	33.2149	4	5	0	-1	1	0.0000	0.7739
38	23	2	34.7482	3	6	0	-1	1	0.2500	0.8244
38	24	2	36.2814	2	11	0	-1	0	0.2500	-1.0000
38	25	2	37.8147	1	1	0	-1	1	0.2000	1.1021
38	26	2	39.3480	15	14	0	-1	1	0.1667	0.9765
38	27	2	40.8812	14	13	0	-1	0	0.1667	-1.0000
38	28	2	42.4144	13	4	0	-1	0	0.1667	-1.0000
38	29	2	43.9477	12	15	0	-1	0	0.1667	-1.0000
38	30	2	45.4810	11	12	0	-1	1	0.1429	0.8916
38	31	2	47.0142	12	15	0	-1	0	0.1429	-1.0000
38	32	2	48.5475	13	4	0	-1	1	0.1250	0.8970
38	33	2	50.0807	10	8	0	-1	0	0.1250	-1.0000
38	34	2	51.6140	13	4	0	-1	0	0.1250	-1.0000
38	35	2	53.1472	11	12	0	-1	0	0.1250	-1.0000
38	36	2	54.6804	9	2	0	-1	0	0.1250	-1.0000
38	37	2	56.2137	11	12	0	-1	0	0.1250	-1.0000
38	38	2	57.7470	13	4	0	-1	1	0.1111	0.8175
38	39	2	59.2802	10	8	0	-1	0	0.1111	-1.0000
38	40	2	60.8135	12	15	0	-1	0	0.1111	-1.0000
38	41	2	62.3468	11	12	0	-1	1	0.1000	0.6337
38	42	2	63.8800	10	8	0	-1	1	0.0909	1.2442
38	43	2	65.4132	12	15	0	-1	0	0.0909	-1.0000
38	44	2	66.9465	9	2	0	-1	0	0.0909	-1.0000
38	45	2	68.4798	10	8	0	-1	0	0.0909	-1.0000
38	46	2	70.0130	9	2	0	-1	0	0.0909	-1.0000
38	47	2	71.5462	8	10	0	-1	0	0.0909	-1.0000
38	48	2	73.0795	7	9	0	-1	1	0.0833	0.7157
38	49	2	74.6128	6	3	0	-1	0	0.0833	-1.0000
38	50	2	76.1460	5	7	0	-1	0	0.0833	-1.0000
38	51	2	77.6793	4	5	0	-1	1	0.0769	0.8211
38	52	2	79.2125	3	6	0	-1	0	0.0769	-1.0000
38	53	2	80.7458	2	11	0	-1	0	0.0769	-1.0000
38	54	2	82.2790	1	1	0	-1	0	0.0769	-1.0000
38	55	2	83.8123	15	14	0	-1	0	0.0769	-1.0000
38	56	2	85.3456	14	13	0	-1	0	0.0769	-1.0000
38	57	2	86.8788	13	4	0	-1	0	0.0769	-1.0000
38	58	2	88.4120	12	15	0	-1	0	0.0769	-1.0000
38	59	2	89.9453	11	12	0	-1	1	0.0714	0.6989
38	60	2	91.4786	10	8	0	-1	0	0.0714	-1.0000
38	61	2	93.0118	12	15	0	-1	0	0.0714	-1.0000
38	62	2	94.5451	9	2	0	-1	0	0.0714	-1.0000
38	63	2	96.0783	10	8	0	-1	0	0.0714	-1.0000
38	64	2	97.6116	13	4	0	-1	0	0.0714	-1.0000
38	65	2	99.1448	10	8	0	-1	0	0.0714	-1.0000
38	66	2	100.6781	12	15	0	-1	0	0.0714	-1.0000
38	67	2	102.2113	13	4	0	-1	0	0.0714	-1.0000
38	68	2	103.7446	12	15	0	-1	0	0.0714	-1.0000
38	69	2	105.2778	11	12	0	-1	1	0.0667	0.8866
38	70	2	106.8111	12	15	0	-1	0	0.0667	-1.0000
38	71	2	108.3443	11	12	0	-1	0	0.0667	-1.0000
38	72	2	109.8776	12	15	0	-1	0	0.0667	-1.0000
38	73	2	111.4109	11	12	0	-1	0	0.0667	-1.0000
38	74	2	112.9441	13	4	0	-1	1	0.0625	0.9485
38	75	2	114.4774	10	8	0	-1	0	0.0625	-1.0000
38	76	2	116.0106	11	12	0	-1	0	0.0625	-1.0000
38	77	2	117.5439	12	15	0	-1	0	0.0625	-1.0000
38	78	2	119.0771	13	4	0	-1	0	0.0625	-1.0000
38	79	2	120.6104	14	13	0	-1	1	0.1176	0.9140
38	80	2	122.1436	15	14	0	-1	0	0.1176	-1.0000
38	81	2	123.6768	1	1	0	-1	0	0.1176	-1.0000
38	82	2	125.2101	2	11	0	-1	0	0.1176	-1.0000
38	83	2	126.7434	3	6	0	-1	0	0.1176	-1.0000
38	84	2	128.2766	4	5	0	-1	1	0.1667	0.9757
38	85	2	129.8099	5	7	0	-1	0	0.1667	-1.0000
38	86	2	131.3431	6	3	0	-1	0	0.1667	-1.0000
38	87	2	132.8764	7	9	0	-1	0	0.1667	-1.0000
38	88	2	134.4096	8	10	0	-1	0	0.1667	-1.0000
38	89	2	135.9429	9	2	0	-1	0	0.1667	-1.0000
38	90	2	137.4762	10	8	0	-1	0	0.1667	-1.0000
38	91	2	139.0094	9	2	0	-1	0	0.1667	-1.0000
38	92	2	140.5427	11	12	0	-1	0	0.1667	-1.0000
38	93	2	142.0759	10	8	0	-1	0	0.1667	-1.0000
38	94	2	143.6092	11	12	0	-1	0	0.1667	-1.0000
38	95	2	145.1424	10	8	0	-1	0	0.1667	-1.0000
38	96	2	146.6757	9	2	0	-1	0	0.1667	-1.0000
38	97	2	148.2088	8	10	0	-1	0	0.1667	-1.0000
38	98	2	149.7422	9	2	0	-1	0	0.1667	-1.0000
38	99	2	151.2754	10	8	0	-1	0	0.1667	-1.0000
38	100	2	152.8086	13	4	0	-1	1	0.1579	0.7955
38	101	2	154.3420	14	13	0	-1	0	0.1579	-1.0000
38	102	2	155.8752	2	11	0	-1	1	0.1500	0.8013
38	103	2	157.4084	1	1	0	-1	0	0.1500	-1.0000
38	104	2	158.9417	15	14	0	-1	1	0.1429	0.8223
38	105	2	160.4749	14	13	0	-1	0	0.1429	-1.0000
38	106	2	162.0082	15	14	0	-1	0	0.1429	-1.0000
38	107	2	163.5415	1	1	0	-1	0	0.1429	-1.0000
38	108	2	165.0747	2	11	0	-1	1	0.1364	0.9941
38	109	2	166.6079	3	6	0	-1	0	0.1364	-1.0000
38	110	2	168.1412	4	5	0	-1	0	0.1364	-1.0000
38	111	2	169.6745	5	7	0	-1	0	0.1364	-1.0000
38	112	2	171.2077	6	3	0	-1	0	0.1364	-1.0000
38	113	2	172.7410	7	9	0	-1	0	0.1364	-1.0000
38	114	2	174.2742	8	10	0	-1	0	0.1364	-1.0000
38	115	2	175.8075	9	2	0	-1	0	0.1364	-1.0000
38	116	2	177.3407	10	8	0	-1	1	0.1304	0.7917
38	117	2	178.8740	11	12	0	-1	0	0.1304	-1.0000
38	118	2	180.4072	12	15	0	-1	0	0.1304	-1.0000
38	119	2	181.9405	13	4	0	-1	1	0.1250	0.7520
38	120	2	183.4738	14	13	0	-1	0	0.1250	-1.0000
38	121	2	185.0070	1	1	0	-1	1	0.1200	0.9655
38	122	2	186.5403	2	11	0	-1	0	0.1200	-1.0000
38	123	2	188.0735	3	6	0	-1	0	0.1200	-1.0000
38	124	2	189.6067	4	5	0	-1	0	0.1200	-1.0000
38	125	2	191.1400	5	7	0	-1	0	0.1200	-1.0000
38	126	2	192.6733	7	9	0	-1	0	0.1200	-1.0000
38	127	2	194.2065	6	3	0	-1	0	0.1200	-1.0000
38	128	2	195.7398	4	5	0	-1	0	0.1200	-1.0000
38	129	2	197.2730	5	7	0	-1	0	0.1200	-1.0000
38	130	2	198.8063	4	5	0	-1	0	0.1200	-1.0000
38	131	2	200.3395	7	9	0	-1	1	0.1154	1.0893
38	132	2	201.8728	5	7	0	-1	0	0.1154	-1.0000
38	133	2	203.4060	4	5	0	-1	0	0.1154	-1.0000
38	134	2	204.9393	5	7	0	-1	1	0.1111	1.0652
38	135	2	206.4725	8	10	0	-1	0	0.1111	-1.0000
38	136	2	208.0058	7	9	0	-1	0	0.1111	-1.0000
38	137	2	209.5390	6	3	0	-1	0	0.1111	-1.0000
38	138	2	211.0723	5	7	0	-1	1	0.1071	0.6280
38	139	2	212.6055	4	5	0	-1	0	0.1071	-1.0000
38	140	2	214.1388	3	6	0	-1	1	0.1379	0.9062
38	141	2	215.6721	2	11	0	-1	0	0.1379	-1.0000
38	142	2	217.2053	1	1	0	-1	0	0.1379	-1.0000
38	143	2	218.7385	15	14	0	-1	0	0.1379	-1.0000
38	144	2	220.2718	14	13	0	-1	0	0.1379	-1.0000
38	145	2	221.8050	13	4	0	-1	0	0.1379	-1.0000
38	146	2	223.3383	12	15	0	-1	0	0.1379	-1.0000
38	147	2	224.8716	11	12	0	-1	1	0.1333	0.7971
38	148	2	226.4048	10	8	0	-1	0	0.1333	-1.0000
38	149	2	227.9381	9	2	0	-1	0	0.1333	-1.0000
38	150	2	229.4713	8	10	0	-1	0	0.1333	-1.0000
38	151	2	231.0045	6	3	0	-1	0	0.1333	-1.0000
38	152	2	232.5378	4	5	0	-1	0	0.1333	-1.0000
38	153	2	234.0711	5	7	0	-1	1	0.1290	0.8929
38	154	2	235.6043	6	3	0	-1	0	0.1290	-1.0000
38	155	2	237.1376	4	5	0	-1	0	0.1290	-1.0000
38	156	2	238.6708	5	7	0	-1	0	0.1290	-1.0000
38	157	2	240.2041	4	5	0	-1	0	0.1290	-1.0000
38	158	2	241.7373	3	6	0	-1	1	0.1563	0.9237
38	159	2	243.2706	2	11	0	-1	0	0.1563	-1.0000
38	160	2	244.8038	15	14	0	-1	0	0.1563	-1.0000
38	161	2	246.3371	3	6	0	-1	0	0.1563	-1.0000
38	162	2	247.8704	15	14	0	-1	0	0.1563	-1.0000
38	163	2	249.4036	3	6	0	-1	0	0.1563	-1.0000
38	164	2	250.9368	4	5	0	-1	0	0.1563	-1.0000
38	165	2	252.4701	6	3	0	-1	0	0.1563	-1.0000
38	166	2	254.0034	5	7	0	-1	0	0.1563	-1.0000
38	167	2	255.5366	4	5	0	-1	0	0.1563	-1.0000
38	168	2	257.0699	3	6	0	-1	1	0.1818	1.0783
38	169	2	258.6031	2	11	0	-1	0	0.1818	-1.0000
38	170	2	260.1363	1	1	0	-1	0	0.1818	-1.0000
38	171	2	261.6696	15	14	0	-1	0	0.1818	-1.0000
38	172	2	263.2029	14	13	0	-1	1	0.1765	0.8013
38	173	2	264.7361	13	4	0	-1	0	0.1765	-1.0000
38	174	2	266.2694	12	15	0	-1	0	0.1765	-1.0000
38	175	2	267.8026	11	12	0	-1	0	0.1765	-1.0000
38	176	2	269.3359	10	8	0	-1	0	0.1765	-1.0000
38	177	2	270.8691	9	2	0	-1	0	0.1765	-1.0000
38	178	2	272.4024	8	10	0	-1	0	0.1765	-1.0000
38	179	2	273.9356	7	9	0	-1	1	0.1714	0.8369
38	180	2	275.4689	6	3	0	-1	0	0.1714	-1.0000
38	181	2	277.0021	4	5	0	-1	0	0.1714	-1.0000
38	182	2	278.5354	6	3	0	-1	0	0.1714	-1.0000
38	183	2	280.0686	4	5	0	-1	0	0.1714	-1.0000
38	184	2	281.6019	5	7	0	-1	0	0.1714	-1.0000
38	185	2	283.1352	7	9	0	-1	0	0.1714	-1.0000
38	186	2	284.6684	8	10	0	-1	0	0.1714	-1.0000
38	187	2	286.2016	7	9	0	-1	0	0.1714	-1.0000
38	188	2	287.7349	4	5	0	-1	0	0.1714	-1.0000
38	189	2	289.2682	3	6	0	-1	1	0.1944	0.7521
38	190	2	290.8014	2	11	0	-1	0	0.1944	-1.0000
38	191	2	292.3347	14	13	0	-1	0	0.1944	-1.0000
38	192	2	293.8679	13	4	0	-1	0	0.1944	-1.0000
38	193	2	295.4011	12	15	0	-1	0	0.1944	-1.0000
38	194	2	296.9344	13	4	0	-1	0	0.1944	-1.0000
38	195	2	298.4677	14	13	0	-1	0	0.1944	-1.0000
38	196	2	300.0010	15	14	0	-1	0	0.1944	-1.0000
38	197	2	301.5342	1	1	0	-1	1	0.1892	0.7414
38	198	2	303.0675	2	11	0	-1	0	0.1892	-1.0000
38	199	2	304.6007	3	6	0	-1	0	0.1892	-1.0000
38	200	2	306.1340	4	5	0	-1	0	0.1892	-1.0000
38	201	2	307.6672	5	7	0	-1	0	0.1892	-1.0000
38	202	2	309.2005	6	3	0	-1	1	0.1842	1.3480
38	203	2	310.7337	7	9	0	-1	1	0.1795	0.0168
38	204	2	312.2670	8	10	0	-1	0	0.1795	-1.0000
38	205	2	313.8002	9	2	0	-1	0	0.1795	-1.0000
38	206	2	315.3335	10	8	0	-1	0	0.1795	-1.0000
38	207	2	316.8667	11	12	0	-1	0	0.1795	-1.0000
38	208	2	318.3999	12	15	0	-1	0	0.1795	-1.0000
38	209	2	319.9332	13	4	0	-1	1	0.1750	0.7419
38	210	2	321.4665	14	13	0	-1	0	0.1750	-1.0000
38	211	2	322.9997	1	1	0	-1	0	0.1750	-1.0000
38	212	2	324.5330	14	13	0	-1	1	0.1707	0.7038
38	213	2	326.0662	15	14	0	-1	0	0.1707	-1.0000
38	214	2	327.5995	3	6	0	-1	0	0.1707	-1.0000
38	215	2	329.1327	15	14	0	-1	0	0.1707	-1.0000
38	216	2	330.6660	14	13	0	-1	1	0.1667	0.9702
38	217	2	332.1993	1	1	0	-1	0	0.1667	-1.0000
38	218	2	333.7325	3	6	0	-1	0	0.1667	-1.0000
38	219	2	335.2658	15	14	0	-1	0	0.1667	-1.0000
38	220	2	336.7990	14	13	0	-1	0	0.1667	-1.0000
38	221	2	338.3323	13	4	0	-1	0	0.1667	-1.0000
38	222	2	339.8655	10	8	0	-1	0	0.1667	-1.0000
38	223	2	341.3988	9	2	0	-1	0	0.1667	-1.0000
38	224	2	342.9320	12	15	0	-1	0	0.1667	-1.0000
38	225	2	344.4653	11	12	0	-1	0	0.1667	-1.0000
38	226	2	345.9985	10	8	0	-1	0	0.1667	-1.0000
38	227	2	347.5318	9	2	0	-1	0	0.1667	-1.0000
38	228	2	349.0650	8	10	0	-1	1	0.1860	1.0675
38	229	2	350.5983	7	9	0	-1	1	0.1818	1.0705
38	230	2	352.1315	6	3	0	-1	0	0.1818	-1.0000
38	231	2	353.6648	5	7	0	-1	0	0.1818	-1.0000
38	232	2	355.1981	4	5	0	-1	0	0.1818	-1.0000
38	233	2	356.7313	3	6	0	-1	0	0.1818	-1.0000
38	234	2	358.2646	2	11	0	-1	0	0.1818	-1.0000
38	235	2	359.7978	1	1	0	-1	0	0.1818	-1.0000
38	236	2	361.3311	15	14	0	-1	0	0.1818	-1.0000
38	237	2	362.8643	14	13	0	-1	1	0.1778	0.6765
38	238	2	364.3976	13	4	0	-1	1	0.1957	1.4148
38	239	2	365.9308	12	15	0	-1	1	0.1915	0.0167
38	240	2	367.4641	11	12	0	-1	0	0.1915	-1.0000
38	241	2	368.9973	9	2	0	-1	0	0.1915	-1.0000
38	242	2	370.5306	11	12	0	-1	0	0.1915	-1.0000
38	243	2	372.0638	10	8	0	-1	0	0.1915	-1.0000
38	244	2	373.5971	12	15	0	-1	0	0.1915	-1.0000
38	245	2	375.1303	10	8	0	-1	0	0.1915	-1.0000
38	246	2	376.6636	13	4	0	-1	1	0.1875	0.8275
38	247	2	378.1969	10	8	0	-1	0	0.1875	-1.0000
38	248	2	379.7301	9	2	0	-1	0	0.1875	-1.0000
38	249	2	381.2633	11	12	0	-1	0	0.1875	-1.0000
38	250	2	382.7966	9	2	0	-1	0	0.1875	-1.0000
38	251	2	384.3299	8	10	0	-1	0	0.1875	-1.0000
38	252	2	385.8631	6	3	0	-1	0	0.1875	-1.0000
38	253	2	387.3964	7	9	0	-1	1	0.1837	0.7999
38	254	2	388.9296	6	3	0	-1	0	0.1837	-1.0000
38	255	2	390.4628	7	9	0	-1	1	0.1800	0.7258
38	256	2	391.9961	6	3	0	-1	0	0.1800	-1.0000
38	257	2	393.5293	5	7	0	-1	0	0.1800	-1.0000
38	258	2	395.0626	4	5	0	-1	0	0.1800	-1.0000
38	259	2	396.5959	3	6	0	-1	0	0.1800	-1.0000
38	260	2	398.1291	2	11	0	-1	0	0.1800	-1.0000
38	261	2	399.6624	1	1	0	-1	0	0.1800	-1.0000
38	262	2	401.1956	15	14	0	-1	0	0.1800	-1.0000
38	263	2	402.7289	14	13	0	-1	1	0.1765	0.7475
38	264	2	404.2621	13	4	0	-1	0	0.1765	-1.0000
38	265	2	405.7954	12	15	0	-1	0	0.1765	-1.0000
38	266	2	407.3286	11	12	0	-1	0	0.1765	-1.0000
38	267	2	408.8619	10	8	0	-1	0	0.1765	-1.0000
38	268	2	410.3951	9	2	0	-1	0	0.1765	-1.0000
38	269	2	411.9284	8	10	0	-1	0	0.1765	-1.0000
38	270	2	413.4617	7	9	0	-1	1	0.1731	1.1026
38	271	2	414.9949	8	10	0	-1	0	0.1731	-1.0000
38	272	2	416.5282	9	2	0	-1	0	0.1731	-1.0000
38	273	2	418.0614	11	12	0	-1	0	0.1731	-1.0000
38	274	2	419.5946	12	15	0	-1	1	0.1698	1.1455
38	275	2	421.1279	13	4	0	-1	0	0.1698	-1.0000
38	276	2	422.6612	11	12	0	-1	0	0.1698	-1.0000
38	277	2	424.1944	12	15	0	-1	0	0.1698	-1.0000
38	278	2	425.7277	11	12	0	-1	0	0.1698	-1.0000
38	279	2	427.2609	9	2	0	-1	0	0.1698	-1.0000
38	280	2	428.7942	11	12	0	-1	0	0.1698	-1.0000
38	281	2	430.3274	13	4	0	-1	0	0.1698	-1.0000
38	282	2	431.8606	14	13	0	-1	1	0.1852	0.8796
38	283	2	433.3939	15	14	0	-1	0	0.1852	-1.0000
38	284	2	434.9272	14	13	0	-1	0	0.1852	-1.0000
38	285	2	436.4604	2	11	0	-1	0	0.1852	-1.0000
38	286	2	437.9937	3	6	0	-1	0	0.1852	-1.0000
38	287	2	439.5270	4	5	0	-1	0	0.1852	-1.0000
38	288	2	441.0602	5	7	0	-1	0	0.1852	-1.0000
38	289	2	442.5935	6	3	0	-1	0	0.1852	-1.0000
38	290	2	444.1267	7	9	0	-1	1	0.1818	0.7421
38	291	2	445.6600	8	10	0	-1	0	0.1818	-1.0000
38	292	2	447.1932	9	2	0	-1	0	0.1818	-1.0000
38	293	2	448.7265	10	8	0	-1	0	0.1818	-1.0000
38	294	2	450.2597	11	12	0	-1	0	0.1818	-1.0000
38	295	2	451.7930	12	15	0	-1	0	0.1818	-1.0000
38	296	2	453.3262	13	4	0	-1	1	0.1786	1.1249
38	297	2	454.8595	14	13	0	-1	0	0.1786	-1.0000
38	298	2	456.3927	15	14	0	-1	0	0.1786	-1.0000
38	299	2	457.9260	1	1	0	-1	0	0.1786	-1.0000
38	300	2	459.4592	2	11	0	-1	0	0.1786	-1.0000
38	301	2	460.9925	1	1	0	-1	0	0.1786	-1.0000
38	302	2	462.5257	3	6	0	-1	0	0.1786	-1.0000
38	303	2	464.0590	4	5	0	-1	0	0.1786	-1.0000
38	304	2	465.5922	3	6	0	-1	0	0.1786	-1.0000
38	305	2	467.1255	4	5	0	-1	0	0.1786	-1.0000
38	306	2	468.6588	7	9	0	-1	1	0.1754	0.7215
38	307	2	470.1920	6	3	0	-1	0	0.1754	-1.0000
38	308	2	471.7252	8	10	0	-1	0	0.1754	-1.0000
38	309	2	473.2585	5	7	0	-1	0	0.1754	-1.0000
38	310	2	474.7918	7	9	0	-1	1	0.1724	0.7967
38	311	2	476.3250	4	5	0	-1	0	0.1724	-1.0000
38	312	2	477.8583	3	6	0	-1	0	0.1724	-1.0000
38	313	2	479.3915	1	1	0	-1	0	0.1724	-1.0000
38	314	2	480.9248	14	13	0	-1	0	0.1724	-1.0000
38	315	2	482.4580	13	4	0	-1	1	0.1864	1.0503
38	316	2	483.9913	12	15	0	-1	0	0.1864	-1.0000
38	317	2	485.5245	11	12	0	-1	0	0.1864	-1.0000
38	318	2	487.0578	10	8	0	-1	0	0.1864	-1.0000
38	319	2	488.5911	9	2	0	-1	0	0.1864	-1.0000
38	320	2	490.1243	8	10	0	-1	0	0.1864	-1.0000
38	321	2	491.6576	7	9	0	-1	0	0.1864	-1.0000
38	322	2	493.1908	6	3	0	-1	1	0.1833	0.8934
38	323	2	494.7240	5	7	0	-1	0	0.1833	-1.0000
38	324	2	496.2573	4	5	0	-1	0	0.1833	-1.0000
38	325	2	497.7906	3	6	0	-1	0	0.1833	-1.0000
38	326	2	499.3238	2	11	0	-1	0	0.1833	-1.0000
38	327	2	500.8571	1	1	0	-1	1	0.1803	1.0190
38	328	2	502.3903	15	14	0	-1	0	0.1803	-1.0000
38	329	2	503.9236	14	13	0	-1	0	0.1803	-1.0000
38	330	2	505.4568	13	4	0	-1	0	0.1803	-1.0000
38	331	2	506.9901	11	12	0	-1	0	0.1803	-1.0000
38	332	2	508.5233	13	4	0	-1	0	0.1803	-1.0000
38	333	2	510.0566	11	12	0	-1	0	0.1803	-1.0000
38	334	2	511.5898	13	4	0	-1	0	0.1803	-1.0000
38	335	2	513.1231	12	15	0	-1	1	0.1774	0.9292
38	336	2	514.6563	13	4	0	-1	0	0.1774	-1.0000
38	337	2	516.1896	11	12	0	-1	0	0.1774	-1.0000
38	338	2	517.7228	12	15	0	-1	1	0.1746	0.9051
38	339	2	519.2561	13	4	0	-1	0	0.1746	-1.0000
38	340	2	520.7894	11	12	0	-1	0	0.1746	-1.0000
38	341	2	522.3226	10	8	0	-1	1	0.1719	0.9776
38	342	2	523.8559	13	4	0	-1	0	0.1719	-1.0000
38	343	2	525.3891	14	13	0	-1	0	0.1719	-1.0000
38	344	2	526.9224	2	11	0	-1	0	0.1719	-1.0000
38	345	2	528.4555	1	1	0	-1	1	0.1692	0.7805
38	346	2	529.9889	15	14	0	-1	0	0.1692	-1.0000
38	347	2	531.5221	14	13	0	-1	0	0.1692	-1.0000
38	348	2	533.0554	13	4	0	-1	0	0.1692	-1.0000
38	349	2	534.5886	12	15	0	-1	0	0.1692	-1.0000
38	350	2	536.1219	11	12	0	-1	0	0.1692	-1.0000
38	351	2	537.6551	10	8	0	-1	0	0.1692	-1.0000
38	352	2	539.1884	9	2	0	-1	0	0.1692	-1.0000
38	353	2	540.7216	8	10	0	-1	0	0.1692	-1.0000
38	354	2	542.2549	7	9	0	-1	1	0.1667	0.9173
38	355	2	543.7881	6	3	0	-1	0	0.1667	-1.0000
38	356	2	545.3214	5	7	0	-1	0	0.1667	-1.0000
38	357	2	546.8546	4	5	0	-1	0	0.1667	-1.0000
38	358	2	548.3879	3	6	0	-1	0	0.1667	-1.0000
38	359	2	549.9211	2	11	0	-1	0	0.1667	-1.0000
38	360	2	551.4544	1	1	0	-1	0	0.1667	-1.0000
38	361	2	552.9877	14	13	0	-1	1	0.1642	0.7593
38	362	2	554.5209	2	11	0	-1	0	0.1642	-1.0000
38	363	2	556.0542	15	14	0	-1	0	0.1642	-1.0000
38	364	2	557.5874	3	6	0	-1	0	0.1642	-1.0000
38	365	2	559.1206	15	14	0	-1	0	0.1642	-1.0000
38	366	2	560.6539	1	1	0	-1	0	0.1642	-1.0000
38	367	2	562.1871	2	11	0	-1	0	0.1642	-1.0000
38	368	2	563.7204	14	13	0	-1	1	0.1618	0.6678
38	369	2	565.2537	13	4	0	-1	0	0.1618	-1.0000
38	370	2	566.7869	11	12	0	-1	0	0.1618	-1.0000
38	371	2	568.3202	10	8	0	-1	0	0.1618	-1.0000
38	372	2	569.8534	11	12	0	-1	0	0.1618	-1.0000
38	373	2	571.3867	10	8	0	-1	0	0.1618	-1.0000
38	374	2	572.9199	12	15	0	-1	0	0.1618	-1.0000
38	375	2	574.4532	13	4	0	-1	1	0.1594	1.0068
38	376	2	575.9864	14	13	0	-1	0	0.1594	-1.0000
38	377	2	577.5197	15	14	0	-1	0	0.1594	-1.0000
38	378	2	579.0529	1	1	0	-1	0	0.1594	-1.0000
38	379	2	580.5862	2	11	0	-1	0	0.1594	-1.0000
38	380	2	582.1195	3	6	0	-1	0	0.1594	-1.0000
38	381	2	583.6527	4	5	0	-1	0	0.1594	-1.0000
38	382	2	585.1860	5	7	0	-1	0	0.1594	-1.0000
38	383	2	586.7192	6	3	0	-1	0	0.1594	-1.0000
38	384	2	588.2525	7	9	0	-1	1	0.1571	0.8561
38	385	2	589.7857	8	10	0	-1	0	0.1571	-1.0000
38	386	2	591.3190	9	2	0	-1	0	0.1571	-1.0000
38	387	2	592.8522	10	8	0	-1	0	0.1571	-1.0000
38	388	2	594.3854	11	12	0	-1	0	0.1571	-1.0000
38	389	2	595.9187	12	15	0	-1	0	0.1571	-1.0000
38	390	2	597.4520	13	4	0	-1	0	0.1571	-1.0000
38	391	2	598.9852	11	12	0	-1	0	0.1571	-1.0000
38	392	2	600.5184	10	8	0	-1	0	0.1571	-1.0000
38	393	2	602.0517	11	12	0	-1	0	0.1571	-1.0000
38	394	2	603.5850	12	15	0	-1	0	0.1571	-1.0000
38	395	2	605.1183	10	8	0	-1	0	0.1571	-1.0000
38	396	2	606.6515	13	4	0	-1	0	0.1571	-1.0000
38	397	2	608.1847	11	12	0	-1	0	0.1571	-1.0000
38	398	2	609.7180	9	2	0	-1	0	0.1571	-1.0000
38	399	2	611.2512	11	12	0	-1	0	0.1571	-1.0000
38	400	2	612.7845	10	8	0	-1	0	0.1571	-1.0000
38	401	2	614.3178	12	15	0	-1	0	0.1571	-1.0000
38	402	2	615.8510	9	2	0	-1	0	0.1571	-1.0000
38	403	2	617.3843	11	12	0	-1	0	0.1571	-1.0000
38	404	2	618.9175	12	15	0	-1	0	0.1571	-1.0000
38	405	2	620.4508	13	4	0	-1	1	0.1549	1.0735
38	406	2	621.9840	12	15	0	-1	0	0.1549	-1.0000
38	407	2	623.5173	11	12	0	-1	0	0.1549	-1.0000
38	408	2	625.0505	10	8	0	-1	0	0.1549	-1.0000
38	409	2	626.5838	9	2	0	-1	0	0.1549	-1.0000
38	410	2	628.1170	8	10	0	-1	0	0.1549	-1.0000
38	411	2	629.6503	7	9	0	-1	1	0.1528	1.0086
38	412	2	631.1835	6	3	0	-1	0	0.1528	-1.0000
38	413	2	632.7167	5	7	0	-1	0	0.1528	-1.0000
38	414	2	634.2501	4	5	0	-1	0	0.1528	-1.0000
38	415	2	635.7833	3	6	0	-1	0	0.1528	-1.0000
38	416	2	637.3166	2	11	0	-1	0	0.1528	-1.0000
38	417	2	638.8498	1	1	0	-1	1	0.1507	0.9621
38	418	2	640.3831	15	14	0	-1	0	0.1507	-1.0000
38	419	2	641.9163	14	13	0	-1	0	0.1507	-1.0000
38	420	2	643.4496	13	4	0	-1	0	0.1507	-1.0000
38	421	2	644.9828	12	15	0	-1	1	0.1486	0.9732
38	422	2	646.5161	9	2	0	-1	0	0.1486	-1.0000
38	423	2	648.0493	12	15	0	-1	0	0.1486	-1.0000
38	424	2	649.5826	13	4	0	-1	0	0.1486	-1.0000
38	425	2	651.1158	11	12	0	-1	0	0.1486	-1.0000
38	426	2	652.6491	10	8	0	-1	0	0.1486	-1.0000
38	427	2	654.1823	11	12	0	-1	0	0.1486	-1.0000
38	428	2	655.7156	13	4	0	-1	0	0.1486	-1.0000
38	429	2	657.2488	14	13	0	-1	1	0.1600	0.9154
38	430	2	658.7821	1	1	0	-1	0	0.1600	-1.0000
38	431	2	660.3153	2	11	0	-1	0	0.1600	-1.0000
38	432	2	661.8486	14	13	0	-1	0	0.1600	-1.0000
38	433	2	663.3818	2	11	0	-1	0	0.1600	-1.0000
38	434	2	664.9151	14	13	0	-1	0	0.1600	-1.0000
38	435	2	666.4483	1	1	0	-1	1	0.1579	0.8839
38	436	2	667.9816	15	14	0	-1	0	0.1579	-1.0000
38	437	2	669.5149	14	13	0	-1	0	0.1579	-1.0000
38	438	2	671.0481	13	4	0	-1	0	0.1579	-1.0000
38	439	2	672.5813	12	15	0	-1	0	0.1579	-1.0000
38	440	2	674.1146	11	12	0	-1	0	0.1579	-1.0000
38	441	2	675.6479	10	8	0	-1	0	0.1579	-1.0000
38	442	2	677.1811	9	2	0	-1	0	0.1579	-1.0000
38	443	2	678.7144	8	10	0	-1	0	0.1579	-1.0000
38	444	2	680.2476	7	9	0	-1	1	0.1558	0.7171
38	445	2	681.7808	6	3	0	-1	0	0.1558	-1.0000
38	446	2	683.3141	5	7	0	-1	0	0.1558	-1.0000
38	447	2	684.8474	4	5	0	-1	0	0.1558	-1.0000
38	448	2	686.3806	3	6	0	-1	0	0.1558	-1.0000
38	449	2	687.9139	2	11	0	-1	0	0.1558	-1.0000
38	450	2	689.4471	1	1	0	-1	1	0.1538	0.9092
38	451	2	690.9804	14	13	0	-1	0	0.1538	-1.0000
38	452	2	692.5136	1	1	0	-1	0	0.1538	-1.0000
38	453	2	694.0469	2	11	0	-1	0	0.1538	-1.0000
38	454	2	695.5802	15	14	0	-1	0	0.1538	-1.0000
38	455	2	697.1134	14	13	0	-1	0	0.1538	-1.0000
38	456	2	698.6467	13	4	0	-1	1	0.1646	0.7651
38	457	2	700.1799	12	15	0	-1	0	0.1646	-1.0000
38	458	2	701.7132	9	2	0	-1	0	0.1646	-1.0000
38	459	2	703.2464	8	10	0	-1	0	0.1646	-1.0000
38	460	2	704.7797	9	2	0	-1	0	0.1646	-1.0000
38	461	2	706.3129	10	8	0	-1	0	0.1646	-1.0000
38	462	2	707.8461	12	15	0	-1	0	0.1646	-1.0000
38	463	2	709.3794	11	12	0	-1	0	0.1646	-1.0000
38	464	2	710.9127	10	8	0	-1	0	0.1646	-1.0000
38	465	2	712.4459	11	12	0	-1	0	0.1646	-1.0000
38	466	2	713.9792	12	15	0	-1	0	0.1646	-1.0000
38	467	2	715.5124	13	4	0	-1	0	0.1646	-1.0000
38	468	2	717.0457	14	13	0	-1	0	0.1646	-1.0000
38	469	2	718.5789	15	14	0	-1	0	0.1646	-1.0000
38	470	2	720.1122	1	1	0	-1	0	0.1646	-1.0000
38	471	2	721.6454	2	11	0	-1	0	0.1646	-1.0000
38	472	2	723.1787	3	6	0	-1	0	0.1646	-1.0000
38	473	2	724.7119	4	5	0	-1	0	0.1646	-1.0000
38	474	2	726.2452	5	7	0	-1	1	0.1625	0.8788
38	475	2	727.7785	6	3	0	-1	0	0.1625	-1.0000
38	476	2	729.3117	7	9	0	-1	0	0.1625	-1.0000
38	477	2	730.8450	8	10	0	-1	0	0.1625	-1.0000
38	478	2	732.3782	9	2	0	-1	0	0.1625	-1.0000
38	479	2	733.9115	10	8	0	-1	0	0.1625	-1.0000
38	480	2	735.4447	11	12	0	-1	0	0.1625	-1.0000
38	481	2	736.9780	9	2	0	-1	0	0.1625	-1.0000
38	482	2	738.5112	10	8	0	-1	0	0.1625	-1.0000
38	483	2	740.0445	12	15	0	-1	0	0.1625	-1.0000
38	484	2	741.5777	9	2	0	-1	0	0.1625	-1.0000
38	485	2	743.1110	12	15	0	-1	0	0.1625	-1.0000
38	486	2	744.6442	10	8	0	-1	0	0.1625	-1.0000
38	487	2	746.1775	11	12	0	-1	0	0.1625	-1.0000
38	488	2	747.7108	9	2	0	-1	0	0.1625	-1.0000
38	489	2	749.2440	11	12	0	-1	0	0.1625	-1.0000
38	490	2	750.7773	10	8	0	-1	0	0.1625	-1.0000
38	491	2	752.3105	9	2	0	-1	0	0.1625	-1.0000
38	492	2	753.8437	10	8	0	-1	0	0.1625	-1.0000
38	493	2	755.3770	12	15	0	-1	0	0.1625	-1.0000
38	494	2	756.9103	11	12	0	-1	0	0.1625	-1.0000
38	495	2	758.4435	13	4	0	-1	1	0.1605	0.9849
38	496	2	759.9768	12	15	0	-1	0	0.1605	-1.0000
38	497	2	761.5100	11	12	0	-1	0	0.1605	-1.0000
38	498	2	763.0433	10	8	0	-1	0	0.1605	-1.0000
38	499	2	764.5765	9	2	0	-1	0	0.1605	-1.0000
38	500	2	766.1098	8	10	0	-1	0	0.1605	-1.0000
38	501	2	767.6430	7	9	0	-1	0	0.1605	-1.0000
38	502	2	769.1763	6	3	0	-1	0	0.1605	-1.0000
38	503	2	770.7096	5	7	0	-1	0	0.1605	-1.0000
38	504	2	772.2428	4	5	0	-1	0	0.1605	-1.0000
38	505	2	773.7760	3	6	0	-1	0	0.1605	-1.0000
38	506	2	775.3093	2	11	0	-1	0	0.1605	-1.0000
38	507	2	776.8425	1	1	0	-1	0	0.1605	-1.0000
38	508	2	778.3758	15	14	0	-1	0	0.1605	-1.0000
38	509	2	779.9091	14	13	0	-1	0	0.1605	-1.0000
38	510	2	781.4423	13	4	0	-1	1	0.1707	0.7861
38	511	2	782.9756	10	8	0	-1	0	0.1707	-1.0000
38	512	2	784.5088	11	12	0	-1	0	0.1707	-1.0000
38	513	2	786.0421	12	15	0	-1	0	0.1707	-1.0000
38	514	2	787.5753	11	12	0	-1	0	0.1707	-1.0000
38	515	2	789.1086	13	4	0	-1	0	0.1707	-1.0000
38	516	2	790.6418	10	8	0	-1	0	0.1707	-1.0000
38	517	2	792.1750	13	4	0	-1	0	0.1707	-1.0000
38	518	2	793.7083	11	12	0	-1	0	0.1707	-1.0000
38	519	2	795.2416	12	15	0	-1	0	0.1707	-1.0000
38	520	2	796.7748	10	8	0	-1	0	0.1707	-1.0000
38	521	2	798.3081	11	12	0	-1	0	0.1707	-1.0000
38	522	2	799.8413	13	4	0	-1	0	0.1707	-1.0000
38	523	2	801.3745	10	8	0	-1	0	0.1707	-1.0000
38	524	2	802.9079	11	12	0	-1	0	0.1707	-1.0000
38	525	2	804.4411	9	2	0	-1	1	0.1687	0.7469
38	526	2	805.9743	10	8	0	-1	0	0.1687	-1.0000
38	527	2	807.5076	11	12	0	-1	0	0.1687	-1.0000
38	528	2	809.0408	12	15	0	-1	0	0.1687	-1.0000
38	529	2	810.5741	13	4	0	-1	0	0.1687	-1.0000
38	530	2	812.1073	14	13	0	-1	0	0.1687	-1.0000
38	531	2	813.6406	15	14	0	-1	0	0.1687	-1.0000
38	532	2	815.1739	1	1	0	-1	0	0.1687	-1.0000
38	533	2	816.7071	2	11	0	-1	0	0.1687	-1.0000
38	534	2	818.2404	3	6	0	-1	0	0.1687	-1.0000
38	535	2	819.7736	4	5	0	-1	0	0.1687	-1.0000
38	536	2	821.3069	5	7	0	-1	0	0.1687	-1.0000
38	537	2	822.8401	6	3	0	-1	0	0.1687	-1.0000
38	538	2	824.3734	7	9	0	-1	1	0.1667	0.9268
38	539	2	825.9066	8	10	0	-1	0	0.1667	-1.0000
38	540	2	827.4399	9	2	0	-1	0	0.1667	-1.0000
38	541	2	828.9731	11	12	0	-1	0	0.1667	-1.0000
38	542	2	830.5064	10	8	0	-1	0	0.1667	-1.0000
38	543	2	832.0396	13	4	0	-1	0	0.1667	-1.0000
38	544	2	833.5729	11	12	0	-1	0	0.1667	-1.0000
38	545	2	835.1061	10	8	0	-1	0	0.1667	-1.0000
38	546	2	836.6394	13	4	0	-1	0	0.1667	-1.0000
38	547	2	838.1727	11	12	0	-1	0	0.1667	-1.0000
38	548	2	839.7059	10	8	0	-1	0	0.1667	-1.0000
38	549	2	841.2392	12	15	0	-1	0	0.1667	-1.0000
38	550	2	842.7724	13	4	0	-1	0	0.1667	-1.0000
38	551	2	844.3057	11	12	0	-1	0	0.1667	-1.0000
38	552	2	845.8389	13	4	0	-1	0	0.1667	-1.0000
38	553	2	847.3722	10	8	0	-1	1	0.1647	0.9837
38	554	2	848.9054	13	4	0	-1	0	0.1647	-1.0000
38	555	2	850.4386	10	8	0	-1	0	0.1647	-1.0000
38	556	2	851.9719	11	12	0	-1	0	0.1647	-1.0000
38	557	2	853.5051	12	15	0	-1	0	0.1647	-1.0000
38	558	2	855.0384	13	4	0	-1	0	0.1647	-1.0000
38	559	2	856.5717	14	13	0	-1	0	0.1647	-1.0000
38	560	2	858.1049	15	14	0	-1	1	0.1628	1.0670
38	561	2	859.6382	1	1	0	-1	0	0.1628	-1.0000
38	562	2	861.1714	2	11	0	-1	0	0.1628	-1.0000
38	563	2	862.7047	3	6	0	-1	0	0.1628	-1.0000
38	564	2	864.2379	4	5	0	-1	0	0.1628	-1.0000
38	565	2	865.7712	5	7	0	-1	0	0.1628	-1.0000
38	566	2	867.3045	6	3	0	-1	0	0.1628	-1.0000
38	567	2	868.8377	7	9	0	-1	0	0.1628	-1.0000
38	568	2	870.3709	8	10	0	-1	0	0.1628	-1.0000
38	569	2	871.9042	9	2	0	-1	0	0.1628	-1.0000
38	570	2	873.4375	10	8	0	-1	0	0.1628	-1.0000
38	571	2	874.9707	13	4	0	-1	0	0.1628	-1.0000
38	572	2	876.5039	10	8	0	-1	0	0.1628	-1.0000
38	573	2	878.0372	11	12	0	-1	1	0.1609	0.7668
38	574	2	879.5704	10	8	0	-1	0	0.1609	-1.0000
38	575	2	881.1037	12	15	0	-1	0	0.1609	-1.0000
38	576	2	882.6370	11	12	0	-1	0	0.1609	-1.0000
38	577	2	884.1702	12	15	0	-1	0	0.1609	-1.0000
38	578	2	885.7035	10	8	0	-1	0	0.1609	-1.0000
38	579	2	887.2367	12	15	0	-1	0	0.1609	-1.0000
38	580	2	888.7700	9	2	0	-1	0	0.1609	-1.0000
38	581	2	890.3033	10	8	0	-1	0	0.1609	-1.0000
38	582	2	891.8365	12	15	0	-1	0	0.1609	-1.0000
38	583	2	893.3697	11	12	0	-1	1	0.1591	0.7621
38	584	2	894.9030	13	4	0	-1	0	0.1591	-1.0000
38	585	2	896.4362	12	15	0	-1	0	0.1591	-1.0000
38	586	2	897.9695	13	4	0	-1	0	0.1591	-1.0000
38	587	2	899.5027	14	13	0	-1	0	0.1591	-1.0000
38	588	2	901.0360	15	14	0	-1	0	0.1591	-1.0000
38	589	2	902.5693	1	1	0	-1	0	0.1591	-1.0000
38	590	2	904.1025	2	11	0	-1	0	0.1591	-1.0000
38	591	2	905.6358	3	6	0	-1	0	0.1591	-1.0000
38	592	2	907.1690	4	5	0	-1	0	0.1591	-1.0000
38	593	2	908.7023	5	7	0	-1	1	0.1573	0.8217
38	594	2	910.2355	6	3	0	-1	0	0.1573	-1.0000
38	595	2	911.7688	7	9	0	-1	0	0.1573	-1.0000
38	596	2	913.3020	8	10	0	-1	0	0.1573	-1.0000
38	597	2	914.8353	9	2	0	-1	0	0.1573	-1.0000
38	598	2	916.3685	10	8	0	-1	0	0.1573	-1.0000
38	599	2	917.9018	11	12	0	-1	0	0.1573	-1.0000
38	600	2	919.4351	12	15	0	-1	0	0.1573	-1.0000
Actual parsing ratio
0.1573
Possible node parses
86.0000
 Node parses selected
0.1628
Possible other parses
514.0000
Other parses selected
0.1459
Chance parsing ratio
0.1433
Shock trials
106
300
566
917
1235