*********************************************
* Date/Time: 06-Feb-2020 13:43:19
* Seed: 213547.3
* Subject Number: 045
12	11	4	5	2	7	3	1	10	13	8	15	9	6	14	
*********************************************

Shape exposure time (seconds)
34.1435
subject	trial	phase	onset	node	shape	rotate	acc	resp	total	rt
45	1	1	1.0166	3	4	0	-1	0	0.0000	-1.0000
45	2	1	2.8332	15	14	90	1	1	0.5000	0.7032
45	3	1	4.3831	3	4	90	-1	0	0.3333	-1.0000
45	4	1	6.4330	15	14	0	1	1	0.5000	1.4221
45	5	1	8.0663	2	11	90	-1	0	0.4000	-1.0000
45	6	1	10.1495	14	6	90	-1	0	0.3333	-1.0000
45	7	1	12.1827	15	14	0	1	1	0.4286	0.0169
45	8	1	13.7326	3	4	0	1	1	0.5000	1.0196
45	9	1	15.2826	4	5	0	0	1	0.4444	0.7978
45	10	1	16.8325	6	7	0	0	1	0.4000	1.4239
45	11	1	18.7990	8	1	0	-1	0	0.3636	-1.0000
45	12	1	20.8323	9	10	0	-1	0	0.3333	-1.0000
45	13	1	22.8655	8	1	0	-1	0	0.3077	-1.0000
45	14	1	24.9154	9	10	0	-1	0	0.2857	-1.0000
45	15	1	26.9486	11	8	90	-1	0	0.2667	-1.0000
45	16	1	28.9985	13	9	0	1	1	0.3125	0.1538
45	17	1	30.5484	10	13	0	1	1	0.3529	1.2757
45	18	1	32.0983	11	8	0	1	1	0.3889	1.3582
45	19	1	33.6482	10	13	0	0	1	0.3684	1.4883
45	20	1	35.6982	13	9	0	-1	0	0.3500	-1.0000
45	21	1	37.7314	14	6	0	1	1	0.3810	1.3247
45	22	1	39.2813	2	11	0	0	1	0.3636	1.2458
45	23	1	41.0812	3	4	90	1	1	0.3913	1.2231
45	24	1	42.6311	15	14	0	1	1	0.4167	1.0481
45	25	1	44.1810	1	12	0	1	1	0.4400	0.9862
45	26	1	45.7310	15	14	0	1	1	0.4615	1.0214
45	27	1	47.2809	14	6	0	0	1	0.4444	0.9441
45	28	1	48.8308	1	12	0	1	1	0.4643	1.3458
45	29	1	50.3807	3	4	90	1	1	0.4828	1.1704
45	30	1	51.9306	2	11	0	1	1	0.5000	1.2539
45	31	1	53.4806	15	14	0	0	1	0.4839	1.2225
45	32	1	55.2971	2	11	0	0	1	0.4688	1.2634
45	33	1	57.1470	15	14	0	1	1	0.4848	1.0760
45	34	1	58.6969	2	11	0	1	1	0.5000	1.1596
45	35	1	60.2469	1	12	0	1	1	0.5143	1.3363
45	36	1	61.7968	15	14	0	0	1	0.5000	1.1313
45	37	1	63.4634	1	12	0	1	1	0.5135	0.9368
45	38	1	65.0133	3	4	0	1	1	0.5263	0.8739
45	39	1	66.5632	2	11	0	0	1	0.5128	0.7653
45	40	1	68.1131	3	4	0	1	1	0.5250	0.8632
45	41	1	69.6630	15	14	0	0	1	0.5122	0.9772
45	42	1	71.2130	1	12	0	1	1	0.5238	0.7875
45	43	1	72.7629	14	6	0	1	1	0.5349	0.9656
45	44	1	74.3128	1	12	0	1	1	0.5455	0.8718
45	45	1	75.8627	3	4	0	1	1	0.5556	1.0324
45	46	1	77.4126	15	14	90	1	1	0.5652	1.2434
45	47	1	78.9626	3	4	90	0	1	0.5532	1.0858
45	48	1	80.5625	4	5	90	1	1	0.5625	1.3585
45	49	1	82.1124	6	7	0	1	1	0.5714	0.9280
45	50	1	83.6623	8	1	0	1	1	0.5800	0.6580
45	51	1	85.2122	7	3	0	1	1	0.5882	0.6281
45	52	1	86.7622	6	7	90	0	1	0.5769	0.9009
45	53	1	88.3121	4	5	90	1	1	0.5849	1.4002
45	54	1	89.8620	7	3	0	1	1	0.5926	1.3863
45	55	1	91.4119	4	5	0	0	1	0.5818	1.1485
45	56	1	93.0951	6	7	0	1	1	0.5893	0.8719
45	57	1	94.6451	8	1	0	1	1	0.5965	1.0671
45	58	1	96.1950	7	3	0	1	1	0.6034	1.1816
45	59	1	97.7449	8	1	0	0	1	0.5932	1.2942
45	60	1	99.5948	5	2	0	1	1	0.6000	0.8682
45	61	1	101.1447	6	7	0	1	1	0.6066	1.1905
45	62	1	102.6946	4	5	0	0	1	0.5968	1.2404
45	63	1	104.5279	3	4	90	0	1	0.5873	0.8486
45	64	1	106.0778	2	11	0	1	1	0.5938	1.2344
45	65	1	107.6277	15	14	0	1	1	0.6000	1.1407
45	66	1	109.1776	3	4	0	1	1	0.6061	1.1266
45	67	1	110.7275	2	11	0	1	1	0.6119	0.8890
45	68	1	112.2775	3	4	0	1	1	0.6176	0.8268
45	69	1	113.8274	1	12	90	0	1	0.6087	1.1957
45	70	1	115.5773	2	11	0	1	1	0.6143	1.2378
45	71	1	117.1272	14	6	0	0	1	0.6056	1.0960
45	72	1	118.7271	2	11	0	1	1	0.6111	0.7280
45	73	1	120.2771	3	4	0	1	1	0.6164	0.8918
45	74	1	121.8270	15	14	0	1	1	0.6216	1.1336
45	75	1	123.3769	2	11	0	1	1	0.6267	1.1352
45	76	1	124.9268	14	6	0	1	1	0.6316	1.2499
45	77	1	126.4767	2	11	90	1	1	0.6364	1.1863
45	78	1	128.2266	1	12	0	1	1	0.6410	1.1338
45	79	1	129.7765	14	6	0	1	1	0.6456	1.4240
45	80	1	131.3598	2	11	0	1	1	0.6500	1.0245
45	81	1	132.9097	14	6	0	1	1	0.6543	0.8013
45	82	1	134.4597	13	9	0	1	1	0.6585	0.8687
45	83	1	136.0096	10	13	0	1	1	0.6627	1.2855
45	84	1	137.5595	12	15	0	1	1	0.6667	1.4809
45	85	1	139.1761	10	13	0	0	1	0.6588	1.4810
45	86	1	141.2093	11	8	0	0	1	0.6512	1.3990
45	87	1	143.1592	13	9	0	1	1	0.6552	1.0180
45	88	1	144.7091	12	15	0	1	1	0.6591	1.2269
45	89	1	146.2590	10	13	0	1	1	0.6629	1.3414
45	90	1	147.8089	13	9	0	-1	0	0.6556	-1.0000
45	91	1	149.8422	10	13	0	-1	0	0.6484	-1.0000
45	92	1	151.8754	12	15	0	-1	0	0.6413	-1.0000
45	93	1	153.9253	9	10	0	-1	0	0.6344	-1.0000
45	94	1	155.9752	8	1	0	0	1	0.6277	1.1611
45	95	1	157.6584	9	10	0	-1	0	0.6211	-1.0000
45	96	1	159.6750	8	1	0	-1	0	0.6146	-1.0000
45	97	1	161.7249	9	10	0	1	1	0.6186	0.0676
45	98	1	163.2748	12	15	0	0	1	0.6122	1.2215
45	99	1	165.0747	10	13	0	1	1	0.6162	1.0534
45	100	1	166.6246	13	9	0	1	1	0.6200	1.0399
45	101	1	168.1746	12	15	0	1	1	0.6238	1.0099
45	102	1	169.7245	11	8	90	1	1	0.6275	1.2039
45	103	1	171.2744	13	9	90	0	1	0.6214	1.1100
45	104	1	172.9743	10	13	0	1	1	0.6250	1.3780
45	105	1	174.5242	9	10	0	1	1	0.6286	1.3150
45	106	1	176.0741	8	1	0	1	1	0.6321	1.4460
45	107	1	177.6240	5	2	0	1	1	0.6355	1.3991
45	108	1	179.1740	7	3	90	1	1	0.6389	1.2102
45	109	1	180.7239	8	1	90	0	1	0.6330	1.3233
45	110	1	182.6404	6	7	0	-1	0	0.6273	-1.0000
45	111	1	184.6570	5	2	0	-1	0	0.6216	-1.0000
45	112	1	186.7069	4	5	0	1	1	0.6250	1.2608
45	113	1	188.2568	7	3	0	1	1	0.6283	1.3596
45	114	1	189.8068	5	2	0	1	1	0.6316	1.2653
45	115	1	191.3567	8	1	0	1	1	0.6348	1.2192
45	116	1	192.9066	6	7	0	0	1	0.6293	1.1726
45	117	1	194.6231	5	2	90	0	1	0.6239	0.8479
45	118	1	196.1731	7	3	90	1	1	0.6271	1.2831
45	119	1	197.7230	4	5	90	0	1	0.6218	1.3480
45	120	1	199.6396	3	4	0	1	1	0.6250	1.4328
45	121	1	201.2395	1	12	0	1	1	0.6281	1.0157
45	122	1	202.7894	2	11	90	1	1	0.6311	1.0830
45	123	1	204.3393	15	14	0	1	1	0.6341	0.9731
45	124	1	205.8892	2	11	0	1	1	0.6371	1.0550
45	125	1	207.4392	3	4	90	0	1	0.6320	1.0732
45	126	1	209.1057	1	12	90	0	1	0.6270	1.4214
45	127	1	211.0556	15	14	0	-1	0	0.6220	-1.0000
45	128	1	213.0889	14	6	0	-1	0	0.6172	-1.0000
45	129	1	215.1221	2	11	90	1	1	0.6202	1.1010
45	130	1	216.6720	3	4	0	1	1	0.6231	1.0550
45	131	1	218.2219	2	11	0	1	1	0.6260	1.1706
45	132	1	219.7718	14	6	0	1	1	0.6288	1.2680
45	133	1	221.3218	15	14	90	0	1	0.6241	1.2232
45	134	1	223.1217	1	12	0	1	1	0.6269	1.1495
45	135	1	224.6716	14	6	0	1	1	0.6296	1.1206
45	136	1	226.2215	2	11	0	1	1	0.6324	1.0113
45	137	1	227.7714	1	12	90	0	1	0.6277	1.2367
45	138	1	229.5380	3	4	90	0	1	0.6232	0.8771
45	139	1	231.0879	1	12	90	0	1	0.6187	1.4242
45	140	1	233.0712	2	11	90	1	1	0.6214	1.0572
45	141	1	234.6211	14	6	0	1	1	0.6241	0.7713
45	142	1	236.1710	1	12	0	1	1	0.6268	0.9974
45	143	1	237.7209	14	6	0	1	1	0.6294	1.1748
45	144	1	239.2708	2	11	90	1	1	0.6319	1.1296
45	145	1	240.8207	3	4	0	1	1	0.6345	1.1623
45	146	1	242.3707	15	14	0	1	1	0.6370	1.2936
45	147	1	243.9206	3	4	90	1	1	0.6395	1.2958
45	148	1	245.4705	15	14	0	-1	0	0.6351	-1.0000
45	149	1	247.5370	1	12	90	0	1	0.6309	1.2629
45	150	1	249.3203	2	11	90	0	1	0.6267	1.0641
45	151	1	250.9035	15	14	0	0	1	0.6225	1.1274
45	152	1	252.5701	14	6	0	1	1	0.6250	1.3340
45	153	1	254.1200	1	12	0	0	1	0.6209	1.2882
45	154	1	255.9200	3	4	0	1	1	0.6234	1.1046
45	155	1	257.4699	1	12	90	0	1	0.6194	0.8826
45	156	1	259.0198	2	11	0	-1	0	0.6154	-1.0000
45	157	1	261.1030	14	6	90	0	1	0.6115	0.0978
45	158	1	262.6529	1	12	0	1	1	0.6139	0.7061
45	159	1	264.2028	2	11	0	1	1	0.6164	0.8849
45	160	1	265.7528	15	14	0	1	1	0.6188	1.1274
45	161	1	267.3027	3	4	0	1	1	0.6211	0.9857
45	162	1	268.8526	1	12	0	1	1	0.6235	1.0517
45	163	1	270.4025	3	4	0	1	1	0.6258	1.0539
45	164	1	271.9524	2	11	0	1	1	0.6280	1.1185
45	165	1	273.5023	3	4	0	1	1	0.6303	1.2167
45	166	1	275.0523	15	14	0	1	1	0.6325	1.3960
45	167	1	276.6022	2	11	0	1	1	0.6347	1.2060
45	168	1	278.1521	14	6	0	1	1	0.6369	1.0162
45	169	1	279.7020	1	12	0	1	1	0.6391	0.9382
45	170	1	281.2519	2	11	0	1	1	0.6412	1.0524
45	171	1	282.8019	1	12	0	1	1	0.6433	0.8784
45	172	1	284.3518	3	4	0	1	1	0.6453	0.9123
45	173	1	285.9017	1	12	0	1	1	0.6474	0.8667
45	174	1	287.4516	14	6	90	1	1	0.6494	1.0446
45	175	1	289.0015	15	14	0	1	1	0.6514	1.0945
45	176	1	290.5514	1	12	0	1	1	0.6534	1.2086
45	177	1	292.1014	15	14	0	1	1	0.6554	1.1466
45	178	1	293.6513	2	11	0	1	1	0.6573	1.1168
45	179	1	295.2012	1	12	0	1	1	0.6592	1.0699
45	180	1	296.7511	3	4	90	1	1	0.6611	1.0891
45	181	1	298.3011	2	11	0	1	1	0.6630	0.9619
45	182	1	299.8510	1	12	0	1	1	0.6648	0.9972
45	183	1	301.4009	2	11	0	1	1	0.6667	0.9837
45	184	1	302.9508	14	6	0	1	1	0.6685	0.9531
45	185	1	304.5007	2	11	90	1	1	0.6703	1.2595
45	186	1	306.0506	14	6	0	1	1	0.6720	0.9578
45	187	1	307.6006	1	12	90	1	1	0.6738	1.0722
45	188	1	309.1505	3	4	0	1	1	0.6755	1.0103
45	189	1	310.7004	1	12	0	1	1	0.6772	1.0599
45	190	1	312.2503	2	11	0	1	1	0.6789	1.1726
45	191	1	313.8002	14	6	0	1	1	0.6806	1.1440
45	192	1	315.3502	15	14	0	1	1	0.6823	1.1621
45	193	1	316.9001	1	12	0	1	1	0.6839	1.0681
45	194	1	318.4500	2	11	0	1	1	0.6856	0.9902
45	195	1	319.9999	1	12	90	1	1	0.6872	1.0565
45	196	1	321.5498	2	11	0	1	1	0.6888	0.8023
45	197	1	323.0997	14	6	0	1	1	0.6904	0.7405
45	198	1	324.6497	15	14	90	0	1	0.6869	0.9988
45	199	1	326.2329	2	11	0	-1	0	0.6834	-1.0000
45	200	1	328.2495	15	14	0	1	1	0.6850	0.9508
45	201	1	329.7994	3	4	0	1	1	0.6866	0.7609
45	202	1	331.3493	15	14	0	1	1	0.6881	0.8431
45	203	1	332.8993	14	6	0	1	1	0.6897	0.7163
45	204	1	334.4491	1	12	0	1	1	0.6912	0.5910
45	205	1	335.9991	15	14	0	1	1	0.6927	0.8812
45	206	1	337.5490	14	6	0	1	1	0.6942	0.7380
45	207	1	339.0989	15	14	0	1	1	0.6957	0.7093
45	208	1	340.6488	2	11	0	1	1	0.6971	0.7594
45	209	1	342.1987	1	12	0	1	1	0.6986	1.0002
45	210	1	343.7487	2	11	90	0	1	0.6952	1.4514
45	211	1	345.7319	14	6	0	1	1	0.6967	0.7165
45	212	1	347.2818	15	14	0	1	1	0.6981	0.7825
45	213	1	348.8317	3	4	0	1	1	0.6995	0.5126
45	214	1	350.3817	1	12	90	0	1	0.6963	0.6586
45	215	1	351.9316	14	6	0	1	1	0.6977	0.4207
45	216	1	353.4815	15	14	0	1	1	0.6991	0.7587
45	217	1	355.0314	3	4	0	1	1	0.7005	0.8409
45	218	1	356.5813	4	5	0	1	1	0.7018	1.3864
45	219	1	358.1312	7	3	0	1	1	0.7032	1.0837
45	220	1	359.6812	8	1	0	1	1	0.7045	0.8309
45	221	1	361.2311	5	2	90	1	1	0.7059	0.9920
45	222	1	362.7810	4	5	0	1	1	0.7072	0.8673
45	223	1	364.3309	6	7	0	1	1	0.7085	0.8200
45	224	1	365.8808	4	5	90	0	1	0.7054	0.8879
45	225	1	367.4308	3	4	0	1	1	0.7067	0.6335
45	226	1	368.9807	15	14	0	1	1	0.7080	0.7315
45	227	1	370.5306	3	4	0	1	1	0.7093	0.7638
45	228	1	372.0805	15	14	0	1	1	0.7105	0.8157
45	229	1	373.6304	1	12	90	1	1	0.7118	1.1539
45	230	1	375.1803	14	6	90	1	1	0.7130	1.0266
45	231	1	376.7303	1	12	0	1	1	0.7143	0.7735
45	232	1	378.2802	2	11	0	1	1	0.7155	0.9686
45	233	1	379.8301	14	6	0	1	1	0.7167	0.7791
45	234	1	381.3800	1	12	0	1	1	0.7179	0.9403
45	235	1	382.9299	3	4	0	1	1	0.7191	0.7981
45	236	1	384.4799	1	12	90	1	1	0.7203	0.9603
45	237	1	386.0298	3	4	0	1	1	0.7215	0.8342
45	238	1	387.5797	2	11	0	1	1	0.7227	1.0444
45	239	1	389.1296	3	4	0	1	1	0.7238	0.8226
45	240	1	390.6795	4	5	0	1	1	0.7250	1.0486
45	241	1	392.2294	3	4	0	1	1	0.7261	0.8262
45	242	1	393.7794	1	12	90	1	1	0.7273	0.9237
45	243	1	395.3293	2	11	0	1	1	0.7284	0.8786
45	244	1	396.8792	14	6	0	1	1	0.7295	0.8490
45	245	1	398.4291	1	12	90	1	1	0.7306	1.1059
45	246	1	399.9790	2	11	0	1	1	0.7317	1.0611
45	247	1	401.5290	14	6	0	1	1	0.7328	0.8073
45	248	1	403.0789	1	12	0	1	1	0.7339	0.8409
45	249	1	404.6288	14	6	0	1	1	0.7349	0.6348
45	250	1	406.1787	1	12	0	1	1	0.7360	0.6059
45	251	1	407.7286	3	4	0	1	1	0.7371	0.7036
45	252	1	409.2786	4	5	90	1	1	0.7381	0.8818
45	253	1	410.8285	7	3	0	1	1	0.7391	1.0585
45	254	1	412.3784	6	7	90	0	1	0.7362	1.3018
45	255	1	414.1783	7	3	0	1	1	0.7373	1.1825
45	256	1	415.7282	8	1	0	1	1	0.7383	1.0240
45	257	1	417.2781	7	3	0	0	1	0.7354	1.1221
45	258	1	418.9281	4	5	0	1	1	0.7364	1.1358
45	259	1	420.4780	7	3	0	1	1	0.7375	0.9782
45	260	1	422.0279	5	2	0	1	1	0.7385	1.0910
45	261	1	423.5778	4	5	0	1	1	0.7395	0.8226
45	262	1	425.1277	7	3	90	1	1	0.7405	0.9844
45	263	1	426.6776	4	5	0	1	1	0.7414	0.8745
45	264	1	428.2276	5	2	90	1	1	0.7424	1.2913
45	265	1	429.7775	8	1	0	1	1	0.7434	1.2294
45	266	1	431.3274	7	3	0	1	1	0.7444	0.9436
45	267	1	432.8773	6	7	0	1	1	0.7453	1.4576
45	268	1	434.4772	7	3	0	1	1	0.7463	0.8498
45	269	1	436.0271	6	7	0	1	1	0.7472	0.7570
45	270	1	437.5771	5	2	0	1	1	0.7481	0.8551
45	271	1	439.1270	4	5	0	1	1	0.7491	0.7613
45	272	1	440.6769	5	2	90	0	1	0.7463	0.7952
45	273	1	442.2268	6	7	90	1	1	0.7473	1.1160
45	274	1	443.7767	5	2	0	1	1	0.7482	0.9282
45	275	1	445.3267	4	5	0	1	1	0.7491	0.8335
45	276	1	446.8766	5	2	0	1	1	0.7500	0.7864
45	277	1	448.4265	4	5	0	1	1	0.7509	0.7254
45	278	1	449.9764	3	4	0	1	1	0.7518	0.6625
45	279	1	451.5263	2	11	0	1	1	0.7527	0.8566
45	280	1	453.0763	1	12	0	1	1	0.7536	0.7946
45	281	1	454.6262	14	6	90	1	1	0.7544	1.0702
45	282	1	456.1761	15	14	90	0	1	0.7518	0.9762
45	283	1	457.7427	2	11	0	1	1	0.7527	0.9602
45	284	1	459.2926	3	4	90	1	1	0.7535	1.0105
45	285	1	460.8425	4	5	0	1	1	0.7544	0.8858
45	286	1	462.3924	5	2	0	1	1	0.7552	0.9826
45	287	1	463.9423	7	3	0	1	1	0.7561	0.9218
45	288	1	465.4923	5	2	0	1	1	0.7569	0.9866
45	289	1	467.0422	8	1	0	1	1	0.7578	1.1180
45	290	1	468.5921	7	3	0	1	1	0.7586	0.9439
45	291	1	470.1421	6	7	0	1	1	0.7595	1.0568
45	292	1	471.6919	5	2	0	1	1	0.7603	1.1082
45	293	1	473.2419	4	5	0	1	1	0.7611	0.9012
45	294	1	474.7918	3	4	0	1	1	0.7619	0.6325
45	295	1	476.3417	4	5	0	1	1	0.7627	0.6341
45	296	1	477.8916	3	4	0	1	1	0.7635	0.6527
45	297	1	479.4415	1	12	0	1	1	0.7643	0.9267
45	298	1	480.9914	14	6	0	1	1	0.7651	0.9449
45	299	1	482.5414	1	12	0	1	1	0.7659	0.7563
45	300	1	484.0913	3	4	0	1	1	0.7667	0.8049
45	301	1	485.6412	1	12	0	1	1	0.7674	0.6777
45	302	1	487.1911	2	11	0	1	1	0.7682	0.8717
45	303	1	488.7410	14	6	90	1	1	0.7690	0.8748
45	304	1	490.2910	2	11	0	1	1	0.7697	0.8279
45	305	1	491.8409	1	12	90	1	1	0.7705	0.7832
45	306	1	493.3908	3	4	0	1	1	0.7712	0.6400
45	307	1	494.9407	4	5	0	1	1	0.7720	0.9634
45	308	1	496.4907	5	2	0	1	1	0.7727	0.7562
45	309	1	498.0406	4	5	0	1	1	0.7735	0.7423
45	310	1	499.5905	7	3	0	1	1	0.7742	0.7455
45	311	1	501.1404	4	5	0	1	1	0.7749	0.6665
45	312	1	502.6903	7	3	0	1	1	0.7756	0.5086
45	313	1	504.2402	5	2	0	1	1	0.7764	0.6879
45	314	1	505.7902	4	5	0	1	1	0.7771	0.5783
45	315	1	507.3401	7	3	0	1	1	0.7778	0.6601
45	316	1	508.8900	8	1	90	1	1	0.7785	0.6930
45	317	1	510.4399	5	2	0	1	1	0.7792	0.7429
45	318	1	511.9898	7	3	0	1	1	0.7799	0.5385
45	319	1	513.5398	4	5	0	1	1	0.7806	0.5884
45	320	1	515.0897	5	2	0	1	1	0.7813	0.5572
45	321	1	516.6396	8	1	0	1	1	0.7819	0.9446
45	322	1	518.1895	5	2	0	1	1	0.7826	0.5936
45	323	1	519.7394	6	7	0	1	1	0.7833	1.2208
45	324	1	521.2893	4	5	90	0	1	0.7809	0.6937
45	325	1	522.8393	5	2	0	1	1	0.7815	0.4238
45	326	1	524.3892	6	7	90	1	1	0.7822	0.6817
45	327	1	525.9391	5	2	0	1	1	0.7829	0.7003
45	328	1	527.4890	8	1	0	1	1	0.7835	0.7352
45	329	1	529.0389	5	2	0	1	1	0.7842	0.7050
45	330	1	530.5889	6	7	0	0	1	0.7818	0.8198
45	331	1	532.1388	8	1	90	0	1	0.7795	0.5321
45	332	1	533.6887	6	7	0	0	1	0.7771	1.0955
45	333	1	535.3053	4	5	90	0	1	0.7748	0.6137
45	334	1	536.8552	5	2	0	1	1	0.7754	0.8249
45	335	1	538.4051	7	3	0	1	1	0.7761	0.8898
45	336	1	539.9550	5	2	0	1	1	0.7768	0.7174
45	337	1	541.5049	8	1	0	1	1	0.7774	0.7831
45	338	1	543.0549	9	10	0	1	1	0.7781	1.0732
45	339	1	544.6048	12	15	0	1	1	0.7788	1.0914
45	340	1	546.1547	9	10	0	1	1	0.7794	0.9656
45	341	1	547.7046	11	8	0	1	1	0.7801	1.2396
45	342	1	549.2545	12	15	0	0	1	0.7778	1.1123
45	343	1	550.9044	13	9	0	1	1	0.7784	0.6475
45	344	1	552.4544	14	6	90	0	1	0.7762	0.8577
45	345	1	554.0043	2	11	0	1	1	0.7768	0.6985
45	346	1	555.5542	1	12	0	1	1	0.7775	0.9899
45	347	1	557.1041	3	4	0	1	1	0.7781	0.7040
45	348	1	558.6541	1	12	0	1	1	0.7787	0.6902
45	349	1	560.2040	3	4	0	1	1	0.7794	0.6602
45	350	1	561.7539	4	5	0	1	1	0.7800	0.8211
45	351	1	563.3038	5	2	90	1	1	0.7806	0.8070
45	352	1	564.8537	6	7	0	0	1	0.7784	0.9851
45	353	1	566.6036	5	2	90	0	1	0.7762	0.8209
45	354	1	568.1535	8	1	0	1	1	0.7768	0.9014
45	355	1	569.7035	9	10	0	1	1	0.7775	0.8411
45	356	1	571.2534	12	15	0	1	1	0.7781	1.0974
45	357	1	572.8033	9	10	0	1	1	0.7787	0.9555
45	358	1	574.3532	11	8	0	1	1	0.7793	0.9256
45	359	1	575.9031	13	9	90	0	1	0.7772	1.2331
45	360	1	577.6530	11	8	0	1	1	0.7778	0.8919
45	361	1	579.2030	12	15	90	0	1	0.7756	0.8438
45	362	1	580.7529	11	8	90	0	1	0.7735	0.8299
45	363	1	582.3028	9	10	0	1	1	0.7741	0.6255
45	364	1	583.8527	10	13	0	1	1	0.7747	0.8197
45	365	1	585.4026	12	15	0	1	1	0.7753	1.0136
45	366	1	586.9525	10	13	0	1	1	0.7760	0.9356
45	367	1	588.5025	13	9	0	0	1	0.7738	0.9684
45	368	1	590.0524	14	6	0	1	1	0.7745	0.6202
45	369	1	591.6023	15	14	0	1	1	0.7751	0.7341
45	370	1	593.1522	14	6	0	1	1	0.7757	0.7685
45	371	1	594.7021	15	14	90	0	1	0.7736	0.8500
45	372	1	596.2521	14	6	90	0	1	0.7715	0.5308
45	373	1	597.8020	2	11	0	1	1	0.7721	1.0139
45	374	1	599.3519	1	12	0	1	1	0.7727	0.8403
45	375	1	600.9018	15	14	0	1	1	0.7733	0.8890
45	376	1	602.4518	14	6	0	1	1	0.7739	0.7642
45	377	1	604.0017	13	9	0	1	1	0.7745	0.6531
45	378	1	605.5516	10	13	0	1	1	0.7751	0.8646
45	379	1	607.1015	11	8	0	1	1	0.7757	0.9307
45	380	1	608.6514	9	10	0	1	1	0.7763	0.7075
45	381	1	610.2013	10	13	0	1	1	0.7769	0.8856
45	382	1	611.7513	12	15	0	1	1	0.7775	0.8889
45	383	1	613.3012	11	8	0	1	1	0.7781	0.6988
45	384	1	614.8511	10	13	90	0	1	0.7760	0.5730
45	385	1	616.4010	9	10	0	1	1	0.7766	0.5431
45	386	1	617.9509	10	13	0	0	1	0.7746	1.0731
45	387	1	619.5342	13	9	90	0	1	0.7726	0.5286
45	388	1	621.0841	14	6	0	1	1	0.7732	0.5960
45	389	1	622.6340	2	11	0	1	1	0.7738	0.6461
45	390	1	624.1839	1	12	0	1	1	0.7744	0.6003
45	391	1	625.7338	2	11	90	0	1	0.7724	0.6182
45	392	1	627.2838	3	4	0	1	1	0.7730	0.6364
45	393	1	628.8337	4	5	0	1	1	0.7735	0.6064
45	394	1	630.3836	5	2	0	1	1	0.7741	0.9764
45	395	1	631.9335	6	7	0	0	1	0.7722	1.1706
45	396	1	633.6668	8	1	0	1	1	0.7727	0.8934
45	397	1	635.2167	5	2	0	1	1	0.7733	0.7041
45	398	1	636.7666	8	1	90	0	1	0.7714	0.9455
45	399	1	638.3165	6	7	90	0	1	0.7694	0.9783
45	400	1	639.8831	7	3	0	1	1	0.7700	1.2850
45	401	1	641.4330	6	7	0	0	1	0.7681	0.9657
45	402	1	642.9829	4	5	0	1	1	0.7687	0.5679
45	403	1	644.5329	7	3	0	1	1	0.7692	0.5379
45	404	1	646.0828	6	7	0	1	1	0.7698	0.6374
45	405	1	647.6327	4	5	0	1	1	0.7704	0.5754
45	406	1	649.1826	5	2	90	0	1	0.7685	0.6083
45	407	1	650.7325	6	7	0	1	1	0.7690	0.7393
45	408	1	652.2825	8	1	0	1	1	0.7696	0.7894
45	409	1	653.8324	7	3	0	1	1	0.7702	0.6477
45	410	1	655.3823	6	7	90	0	1	0.7683	0.6486
45	411	1	656.9322	4	5	0	1	1	0.7689	0.4434
45	412	1	658.4821	5	2	0	1	1	0.7694	0.5886
45	413	1	660.0321	8	1	0	1	1	0.7700	0.5760
45	414	1	661.5820	9	10	0	1	1	0.7705	0.7544
45	415	1	663.1319	10	13	0	1	1	0.7711	0.7408
45	416	1	664.6818	9	10	0	1	1	0.7716	0.6941
45	417	1	666.2317	11	8	0	1	1	0.7722	0.9201
45	418	1	667.7817	10	13	0	1	1	0.7727	0.9851
45	419	1	669.3316	12	15	90	1	1	0.7733	1.2133
45	420	1	670.8815	11	8	0	1	1	0.7738	1.0704
45	421	1	672.4314	10	13	0	1	1	0.7743	1.1208
45	422	1	673.9813	9	10	0	1	1	0.7749	1.0427
45	423	1	675.5313	11	8	0	1	1	0.7754	0.9167
45	424	1	677.0812	13	9	0	1	1	0.7759	0.9817
45	425	1	678.6311	10	13	0	1	1	0.7765	1.1292
45	426	1	680.1810	12	15	0	1	1	0.7770	1.2258
45	427	1	681.7309	13	9	0	1	1	0.7775	1.0850
45	428	1	683.2808	14	6	0	1	1	0.7780	0.8953
45	429	1	684.8308	2	11	0	1	1	0.7786	0.7842
45	430	1	686.3807	1	12	0	1	1	0.7791	0.7391
45	431	1	687.9306	3	4	0	1	1	0.7796	0.7419
45	432	1	689.4805	1	12	0	1	1	0.7801	0.8227
45	433	1	691.0304	3	4	90	1	1	0.7806	1.0495
45	434	1	692.5803	15	14	0	1	1	0.7811	1.0517
45	435	1	694.1302	3	4	90	1	1	0.7816	1.1025
45	436	1	695.6802	2	11	0	1	1	0.7821	0.8637
45	437	1	697.2301	3	4	0	1	1	0.7826	1.1062
45	438	1	698.7800	2	11	0	1	1	0.7831	0.9947
45	439	1	700.3299	1	12	90	1	1	0.7836	1.0142
45	440	1	701.8798	3	4	90	1	1	0.7841	1.0169
45	441	1	703.4298	15	14	0	1	1	0.7846	1.0343
45	442	1	704.9797	1	12	90	1	1	0.7851	0.8750
45	443	1	706.5296	15	14	90	0	1	0.7833	0.7018
45	444	1	708.0795	2	11	90	0	1	0.7815	0.6724
45	445	1	709.6294	14	6	0	1	1	0.7820	0.7545
45	446	1	711.1793	1	12	90	1	1	0.7825	0.9486
45	447	1	712.7293	15	14	0	1	1	0.7830	0.8695
45	448	1	714.2792	14	6	90	1	1	0.7835	0.8076
45	449	1	715.8291	15	14	0	1	1	0.7840	0.8596
45	450	1	717.3790	2	11	0	1	1	0.7844	0.7798
45	451	1	718.9290	3	4	0	1	1	0.7849	0.8152
45	452	1	720.4789	2	11	0	1	1	0.7854	0.7528
45	453	1	722.0288	15	14	0	1	1	0.7859	0.8352
45	454	1	723.5787	3	4	0	1	1	0.7863	0.7720
45	455	1	725.1286	4	5	0	1	1	0.7868	0.6635
45	456	1	726.6786	7	3	0	1	1	0.7873	0.6654
45	457	1	728.2285	5	2	0	1	1	0.7877	0.6823
45	458	1	729.7784	6	7	90	0	1	0.7860	0.7666
45	459	1	731.3283	5	2	0	1	1	0.7865	0.5924
45	460	1	732.8782	8	1	0	1	1	0.7870	0.8178
45	461	1	734.4281	9	10	0	1	1	0.7874	0.7404
45	462	1	735.9780	11	8	0	1	1	0.7879	0.6934
45	463	1	737.5280	10	13	0	1	1	0.7883	1.1605
45	464	1	739.0779	13	9	0	1	1	0.7888	0.9381
45	465	1	740.6278	11	8	0	1	1	0.7892	0.7962
45	466	1	742.1777	10	13	0	1	1	0.7897	0.8302
45	467	1	743.7277	12	15	90	0	1	0.7880	1.1030
45	468	1	745.3942	11	8	0	1	1	0.7885	0.6380
45	469	1	746.9441	9	10	90	0	1	0.7868	0.7359
45	470	1	748.4941	8	1	0	1	1	0.7872	0.4657
45	471	1	750.0440	6	7	0	1	1	0.7877	1.0760
45	472	1	751.5939	7	3	0	1	1	0.7881	0.6622
45	473	1	753.1438	4	5	0	1	1	0.7886	0.5844
45	474	1	754.6937	3	4	0	1	1	0.7890	0.6038
45	475	1	756.2437	15	14	0	1	1	0.7895	0.4291
45	476	1	757.7936	2	11	0	1	1	0.7899	0.3491
45	477	1	759.3435	15	14	0	1	1	0.7904	0.6245
45	478	1	760.8934	2	11	90	1	1	0.7908	0.9455
45	479	1	762.4433	15	14	0	1	1	0.7912	0.7567
45	480	1	763.9932	1	12	0	1	1	0.7917	0.9668
45	481	1	765.5432	3	4	0	1	1	0.7921	0.7774
45	482	1	767.0931	2	11	0	1	1	0.7925	0.7777
45	483	1	768.6430	1	12	0	1	1	0.7930	0.7330
45	484	1	770.1929	14	6	0	1	1	0.7934	0.6698
45	485	1	771.7428	13	9	90	0	1	0.7918	0.6413
45	486	1	773.2928	14	6	0	1	1	0.7922	0.5791
45	487	1	774.8427	15	14	0	1	1	0.7926	0.5960
45	488	1	776.3926	1	12	0	1	1	0.7930	0.6954
45	489	1	777.9425	14	6	0	1	1	0.7935	0.6634
45	490	1	779.4924	1	12	90	0	1	0.7918	0.5877
45	491	1	781.0424	15	14	0	1	1	0.7923	0.4923
45	492	1	782.5923	2	11	0	1	1	0.7927	0.5915
45	493	1	784.1422	15	14	0	1	1	0.7931	0.6418
45	494	1	785.6921	2	11	0	1	1	0.7935	0.7071
45	495	1	787.2420	15	14	0	1	1	0.7939	0.7417
45	496	1	788.7920	1	12	0	1	1	0.7944	0.7283
45	497	1	790.3419	14	6	0	1	1	0.7948	0.7622
45	498	1	791.8918	15	14	0	1	1	0.7952	0.8602
45	499	1	793.4417	14	6	90	1	1	0.7956	0.8788
45	500	1	794.9916	1	12	0	1	1	0.7960	0.8324
45	501	1	796.5415	14	6	0	1	1	0.7964	0.9154
45	502	1	798.0914	15	14	0	1	1	0.7968	1.2041
45	503	1	799.6414	3	4	0	1	1	0.7972	0.7745
45	504	1	801.1913	15	14	0	1	1	0.7976	0.6638
45	505	1	802.7412	2	11	0	1	1	0.7980	0.7455
45	506	1	804.2911	14	6	90	1	1	0.7984	0.8448
45	507	1	805.8411	2	11	0	1	1	0.7988	0.8151
45	508	1	807.3910	1	12	0	1	1	0.7992	0.7372
45	509	1	808.9409	2	11	90	0	1	0.7976	0.6592
45	510	1	810.4908	1	12	0	1	1	0.7980	0.5810
45	511	1	812.0407	2	11	0	0	1	0.7965	0.7901
45	512	1	813.5906	14	6	0	1	1	0.7969	0.5853
45	513	1	815.1405	1	12	0	1	1	0.7973	0.7317
45	514	1	816.6905	3	4	0	1	1	0.7977	0.6703
45	515	1	818.2404	4	5	90	1	1	0.7981	0.9758
45	516	1	819.7903	5	2	0	1	1	0.7984	0.8655
45	517	1	821.3402	8	1	0	1	1	0.7988	0.8345
45	518	1	822.8902	9	10	0	1	1	0.7992	0.7897
45	519	1	824.4401	11	8	0	1	1	0.7996	0.7600
45	520	1	825.9900	10	13	0	1	1	0.8000	0.9699
45	521	1	827.5399	9	10	0	1	1	0.8004	0.9559
45	522	1	829.2731	11	8	0	1	1	0.8008	1.0473
45	523	1	830.8231	12	15	0	1	1	0.8011	1.1916
45	524	1	832.3730	11	8	90	1	1	0.8015	1.0337
45	525	1	833.9229	9	10	0	1	1	0.8019	0.9077
45	526	1	835.4728	10	13	0	1	1	0.8023	0.8620
45	527	1	837.0227	11	8	0	1	1	0.8027	1.0081
45	528	1	838.5727	9	10	0	1	1	0.8030	0.8193
45	529	1	840.1226	10	13	0	1	1	0.8034	0.9487
45	530	1	841.6725	11	8	0	1	1	0.8038	0.8721
45	531	1	843.2224	10	13	0	1	1	0.8041	0.9054
45	532	1	844.7723	13	9	0	1	1	0.8045	0.9238
45	533	1	846.3223	12	15	0	0	1	0.8030	0.9564
45	534	1	847.8722	10	13	0	1	1	0.8034	0.6879
45	535	1	849.4221	9	10	0	1	1	0.8037	0.5606
45	536	1	850.9720	11	8	90	0	1	0.8022	0.7879
45	537	1	852.5219	9	10	90	0	1	0.8007	0.4866
45	538	1	854.0719	12	15	0	1	1	0.8011	1.0960
45	539	1	855.6218	11	8	0	1	1	0.8015	0.7622
45	540	1	857.1717	10	13	0	1	1	0.8019	0.8761
45	541	1	858.7216	11	8	0	1	1	0.8022	0.9732
45	542	1	860.2715	13	9	0	1	1	0.8026	0.8471
45	543	1	861.8214	12	15	0	1	1	0.8029	1.0587
45	544	1	863.3714	11	8	0	1	1	0.8033	0.8847
45	545	1	864.9213	10	13	0	1	1	0.8037	0.8225
45	546	1	866.4712	11	8	0	1	1	0.8040	0.7915
45	547	1	868.0211	12	15	0	1	1	0.8044	0.9547
45	548	1	869.5710	11	8	0	1	1	0.8047	0.7811
45	549	1	871.1209	9	10	0	1	1	0.8051	0.7338
45	550	1	872.6709	10	13	0	1	1	0.8055	0.6895
45	551	1	874.2208	12	15	0	1	1	0.8058	0.8033
45	552	1	875.7707	10	13	0	1	1	0.8062	0.6451
45	553	1	877.3206	13	9	0	1	1	0.8065	0.5998
45	554	1	878.8705	14	6	0	1	1	0.8069	0.6014
45	555	1	880.4205	2	11	0	1	1	0.8072	0.5877
45	556	1	881.9704	14	6	0	1	1	0.8076	0.6052
45	557	1	883.5203	2	11	90	1	1	0.8079	0.9117
45	558	1	885.0702	3	4	0	1	1	0.8082	0.6244
45	559	1	886.6201	4	5	0	1	1	0.8086	0.6604
45	560	1	888.1700	5	2	90	0	1	0.8071	0.7259
45	561	1	889.7200	8	1	0	1	1	0.8075	0.8559
45	562	1	891.2699	5	2	0	0	1	0.8060	0.6488
45	563	1	892.8198	7	3	90	0	1	0.8046	0.4122
45	564	1	894.3697	4	5	0	1	1	0.8050	0.5259
45	565	1	895.9197	7	3	0	1	1	0.8053	0.4804
45	566	1	897.4696	5	2	90	1	1	0.8057	1.1052
45	567	1	899.0195	6	7	0	1	1	0.8060	0.9167
45	568	1	900.5694	8	1	0	1	1	0.8063	0.7262
45	569	1	902.1193	9	10	0	1	1	0.8067	0.5835
45	570	1	903.6692	11	8	0	1	1	0.8070	0.5854
45	571	1	905.2192	13	9	90	1	1	0.8074	0.9408
45	572	1	906.7691	14	6	0	1	1	0.8077	0.6069
45	573	1	908.3190	13	9	0	1	1	0.8080	0.7676
45	574	1	909.8689	11	8	0	1	1	0.8084	0.6592
45	575	1	911.4188	10	13	0	1	1	0.8087	0.7728
45	576	1	912.9688	13	9	0	1	1	0.8090	0.6312
45	577	1	914.5187	11	8	0	1	1	0.8094	0.6173
45	578	1	916.0686	12	15	0	1	1	0.8097	0.8740
45	579	1	917.6185	10	13	90	1	1	0.8100	1.0858
45	580	1	919.1684	12	15	0	1	1	0.8103	0.7676
45	581	1	920.7183	13	9	0	1	1	0.8107	0.9444
45	582	1	922.2683	12	15	0	1	1	0.8110	0.7551
45	583	1	923.8182	13	9	0	1	1	0.8113	0.6127
45	584	1	925.3681	10	13	90	0	1	0.8099	0.6636
45	585	1	926.9180	11	8	0	1	1	0.8103	0.3459
45	586	1	928.4679	13	9	0	1	1	0.8106	0.6199
45	587	1	930.0178	12	15	90	1	1	0.8109	0.9737
45	588	1	931.5678	11	8	0	1	1	0.8112	0.7848
45	589	1	933.1177	13	9	0	1	1	0.8115	0.6901
45	590	1	934.6676	14	6	90	1	1	0.8119	0.8830
45	591	1	936.2175	2	11	90	-1	0	0.8105	-1.0000
45	592	1	938.2841	3	4	0	1	1	0.8108	1.1717
45	593	1	939.8340	4	5	0	1	1	0.8111	1.0299
45	594	1	941.3839	5	2	0	1	1	0.8114	0.7909
45	595	1	942.9338	8	1	0	1	1	0.8118	0.8101
45	596	1	944.4838	7	3	90	1	1	0.8121	0.8922
45	597	1	946.0337	6	7	0	0	1	0.8107	1.1180
45	598	1	947.6836	7	3	0	1	1	0.8110	0.7163
45	599	1	949.2335	4	5	90	1	1	0.8114	0.9255
45	600	1	950.7834	3	4	90	1	1	0.8117	0.9606
45	601	1	1034.6123	2	11	0	-1	0	0.8103	-1.0000
45	602	1	1036.6789	3	4	0	-1	0	0.8090	-1.0000
45	603	1	1038.6955	4	5	0	1	1	0.8093	0.9049
45	604	1	1040.2454	7	3	0	1	1	0.8096	0.6985
45	605	1	1041.7953	6	7	0	1	1	0.8099	0.9245
45	606	1	1043.3452	7	3	0	1	1	0.8102	0.6053
45	607	1	1044.8951	4	5	0	1	1	0.8105	0.6727
45	608	1	1046.4450	6	7	90	0	1	0.8092	0.8828
45	609	1	1047.9950	8	1	90	0	1	0.8079	0.7729
45	610	1	1049.5449	6	7	0	1	1	0.8082	0.7097
45	611	1	1051.0948	7	3	0	1	1	0.8085	0.6011
45	612	1	1052.6447	6	7	0	1	1	0.8088	0.7939
45	613	1	1054.1946	7	3	0	1	1	0.8091	0.5578
45	614	1	1055.7446	6	7	90	1	1	0.8094	0.9433
45	615	1	1057.2945	4	5	0	1	1	0.8098	0.6897
45	616	1	1058.8444	3	4	0	1	1	0.8101	0.8982
45	617	1	1060.3943	1	12	0	1	1	0.8104	0.9661
45	618	1	1061.9442	15	14	0	1	1	0.8107	1.0317
45	619	1	1063.4941	14	6	0	1	1	0.8110	0.7455
45	620	1	1065.0441	2	11	0	1	1	0.8113	1.0199
45	621	1	1066.5940	15	14	0	1	1	0.8116	0.8139
45	622	1	1068.1439	2	11	0	1	1	0.8119	0.8640
45	623	1	1069.6938	1	12	0	1	1	0.8122	0.6420
45	624	1	1071.2437	15	14	0	1	1	0.8125	0.8040
45	625	1	1072.7937	14	6	0	1	1	0.8128	0.7569
45	626	1	1074.3436	2	11	0	1	1	0.8131	0.5843
45	627	1	1075.8935	14	6	0	1	1	0.8134	0.6182
45	628	1	1077.4434	1	12	0	1	1	0.8137	0.6528
45	629	1	1078.9933	15	14	0	1	1	0.8140	0.7343
45	630	1	1080.5433	3	4	0	1	1	0.8143	0.9285
45	631	1	1082.0932	1	12	0	1	1	0.8146	0.7067
45	632	1	1083.6431	14	6	0	1	1	0.8149	0.7714
45	633	1	1085.1930	13	9	90	1	1	0.8152	0.9175
45	634	1	1086.7429	10	13	0	1	1	0.8155	1.0489
45	635	1	1088.2929	9	10	0	1	1	0.8157	0.7145
45	636	1	1089.8428	12	15	0	1	1	0.8160	0.9245
45	637	1	1091.3927	10	13	0	1	1	0.8163	0.8791
45	638	1	1092.9426	9	10	0	1	1	0.8166	0.6572
45	639	1	1094.4925	10	13	0	1	1	0.8169	0.5637
45	640	1	1096.0424	12	15	0	1	1	0.8172	0.6773
45	641	1	1097.5924	9	10	90	0	1	0.8159	0.9034
45	642	1	1099.1423	8	1	0	1	1	0.8162	0.5214
45	643	1	1100.6922	9	10	0	1	1	0.8165	0.5384
45	644	1	1102.2421	8	1	90	0	1	0.8152	0.7177
45	645	1	1103.7920	6	7	90	0	1	0.8140	0.4315
45	646	1	1105.3420	5	2	0	1	1	0.8142	0.6086
45	647	1	1106.8919	4	5	0	1	1	0.8145	0.6285
45	648	1	1108.4418	3	4	90	1	1	0.8148	0.9495
45	649	1	1109.9917	4	5	0	1	1	0.8151	0.9668
45	650	1	1111.5416	7	3	0	1	1	0.8154	0.9060
45	651	1	1113.0915	4	5	0	1	1	0.8157	0.6361
45	652	1	1114.6415	7	3	0	1	1	0.8160	0.5731
45	653	1	1116.1914	5	2	0	1	1	0.8162	0.8167
45	654	1	1117.7413	8	1	0	1	1	0.8165	0.8346
45	655	1	1119.2912	7	3	0	1	1	0.8168	0.6273
45	656	1	1120.8411	8	1	0	1	1	0.8171	0.5186
45	657	1	1122.3911	7	3	0	1	1	0.8174	0.4875
45	658	1	1123.9410	6	7	90	0	1	0.8161	1.1776
45	659	1	1125.6409	7	3	90	0	1	0.8149	0.5187
45	660	1	1127.1908	6	7	0	1	1	0.8152	1.0317
45	661	1	1128.7407	8	1	0	1	1	0.8154	0.8258
45	662	1	1130.2906	9	10	0	1	1	0.8157	0.6053
45	663	1	1131.8406	8	1	0	1	1	0.8160	0.7347
45	664	1	1133.3905	6	7	90	0	1	0.8148	1.2161
45	665	1	1135.1237	8	1	0	1	1	0.8150	0.6681
45	666	1	1136.6737	6	7	0	1	1	0.8153	0.8788
45	667	1	1138.2236	4	5	0	1	1	0.8156	0.6403
45	668	1	1139.7735	5	2	90	0	1	0.8144	0.5942
45	669	1	1141.3234	6	7	90	1	1	0.8146	0.9163
45	670	1	1142.8733	5	2	0	1	1	0.8149	0.8213
45	671	1	1144.4232	7	3	0	1	1	0.8152	0.6634
45	672	1	1145.9732	6	7	90	0	1	0.8140	0.6335
45	673	1	1147.5231	5	2	0	1	1	0.8143	0.6368
45	674	1	1149.0730	4	5	0	1	1	0.8145	0.7176
45	675	1	1150.6229	7	3	0	1	1	0.8148	0.6567
45	676	1	1152.1728	5	2	90	0	1	0.8136	0.6587
45	677	1	1153.7228	6	7	0	1	1	0.8139	1.2211
45	678	1	1155.2727	5	2	0	1	1	0.8142	0.9178
45	679	1	1156.8226	8	1	0	1	1	0.8144	0.8093
45	680	1	1158.3725	7	3	0	1	1	0.8147	0.5380
45	681	1	1159.9224	4	5	90	1	1	0.8150	1.0201
45	682	1	1161.4724	7	3	0	1	1	0.8152	0.6541
45	683	1	1163.0223	5	2	0	1	1	0.8155	0.8323
45	684	1	1164.5722	6	7	0	0	1	0.8143	1.4437
45	685	1	1166.6054	4	5	0	1	1	0.8146	0.5611
45	686	1	1168.1553	7	3	90	0	1	0.8134	0.5009
45	687	1	1169.7052	5	2	90	0	1	0.8122	0.5013
45	688	1	1171.2552	4	5	0	1	1	0.8125	0.5834
45	689	1	1172.8051	6	7	0	1	1	0.8128	1.4494
45	690	1	1174.3883	7	3	0	1	1	0.8130	0.8434
45	691	1	1175.9383	6	7	0	1	1	0.8133	0.8296
45	692	1	1177.4882	8	1	0	1	1	0.8136	0.6395
45	693	1	1179.0381	6	7	0	1	1	0.8139	0.6417
45	694	1	1180.5880	4	5	0	1	1	0.8141	0.7239
45	695	1	1182.1379	6	7	0	1	1	0.8144	0.5485
45	696	1	1183.6879	7	3	90	0	1	0.8132	0.3760
45	697	1	1185.2378	5	2	0	1	1	0.8135	0.5539
45	698	1	1186.7877	7	3	90	0	1	0.8123	0.7308
45	699	1	1188.3376	5	2	0	1	1	0.8126	0.5742
45	700	1	1189.8875	7	3	0	1	1	0.8129	0.5121
45	701	1	1191.4375	8	1	0	1	1	0.8131	0.6425
45	702	1	1192.9873	5	2	0	1	1	0.8134	0.6124
45	703	1	1194.5373	7	3	0	1	1	0.8137	0.6772
45	704	1	1196.0872	6	7	0	0	1	0.8125	1.0644
45	705	1	1197.7204	7	3	0	1	1	0.8128	0.5180
45	706	1	1199.2703	8	1	0	1	1	0.8130	0.7131
45	707	1	1200.8203	6	7	0	1	1	0.8133	0.5876
45	708	1	1202.3702	5	2	90	1	1	0.8136	0.9260
45	709	1	1203.9201	7	3	90	1	1	0.8138	0.8465
45	710	1	1205.4700	8	1	90	1	1	0.8141	1.0578
45	711	1	1207.0199	6	7	0	1	1	0.8143	1.3145
45	712	1	1208.5699	4	5	0	1	1	0.8146	0.7409
45	713	1	1210.1198	6	7	0	1	1	0.8149	0.7748
45	714	1	1211.6697	7	3	0	1	1	0.8151	0.6500
45	715	1	1213.2196	6	7	0	1	1	0.8154	0.9562
45	716	1	1214.7696	8	1	0	1	1	0.8156	0.8627
45	717	1	1216.3195	9	10	0	1	1	0.8159	0.7191
45	718	1	1217.8694	12	15	0	1	1	0.8162	0.7703
45	719	1	1219.4193	13	9	0	1	1	0.8164	0.9005
45	720	1	1220.9692	12	15	0	1	1	0.8167	0.8856
45	721	1	1222.5191	9	10	90	1	1	0.8169	0.8886
45	722	1	1224.0691	12	15	0	1	1	0.8172	0.7946
45	723	1	1225.6190	13	9	0	1	1	0.8174	0.6847
45	724	1	1227.1689	14	6	0	1	1	0.8177	0.6388
45	725	1	1228.7188	15	14	0	1	1	0.8179	0.7997
45	726	1	1230.2687	2	11	0	1	1	0.8182	0.6750
45	727	1	1231.8187	3	4	90	1	1	0.8184	0.8697
45	728	1	1233.3686	2	11	0	1	1	0.8187	0.7753
45	729	1	1234.9185	1	12	0	1	1	0.8189	0.7292
45	730	1	1236.4684	15	14	0	1	1	0.8192	0.6980
45	731	1	1238.0183	14	6	0	1	1	0.8194	0.6379
45	732	1	1239.5682	2	11	0	1	1	0.8197	0.6872
45	733	1	1241.1182	14	6	0	1	1	0.8199	0.6563
45	734	1	1242.6681	15	14	0	1	1	0.8202	0.5955
45	735	1	1244.2180	14	6	0	1	1	0.8204	0.5166
45	736	1	1245.7679	15	14	0	1	1	0.8207	0.5838
45	737	1	1247.3178	2	11	0	1	1	0.8209	0.6019
45	738	1	1248.8677	14	6	0	1	1	0.8211	0.6204
45	739	1	1250.4177	15	14	0	1	1	0.8214	0.6066
45	740	1	1251.9676	2	11	0	1	1	0.8216	0.6229
45	741	1	1253.5175	15	14	0	1	1	0.8219	0.7544
45	742	1	1255.0674	1	12	0	1	1	0.8221	0.7402
45	743	1	1256.6173	3	4	0	1	1	0.8223	0.7430
45	744	1	1258.1673	2	11	0	1	1	0.8226	0.7113
45	745	1	1259.7172	1	12	0	1	1	0.8228	0.6332
45	746	1	1261.2671	2	11	0	1	1	0.8231	0.6046
45	747	1	1262.8170	3	4	0	1	1	0.8233	0.5586
45	748	1	1264.3669	2	11	0	1	1	0.8235	0.5436
45	749	1	1265.9169	14	6	90	1	1	0.8238	0.9308
45	750	1	1267.4668	1	12	0	1	1	0.8240	0.6276
45	751	1	1269.0167	15	14	0	1	1	0.8242	0.5505
45	752	1	1270.5666	2	11	0	1	1	0.8245	0.6158
45	753	1	1272.1165	1	12	0	1	1	0.8247	0.5712
45	754	1	1273.6665	14	6	0	1	1	0.8249	0.5571
45	755	1	1275.2164	15	14	0	1	1	0.8252	0.8794
45	756	1	1276.7663	2	11	90	1	1	0.8254	1.2498
45	757	1	1278.3162	15	14	90	1	1	0.8256	1.3955
45	758	1	1279.8661	2	11	0	1	1	0.8259	1.0295
45	759	1	1281.4161	14	6	0	1	1	0.8261	0.6322
45	760	1	1282.9660	13	9	0	1	1	0.8263	0.7779
45	761	1	1284.5159	12	15	0	1	1	0.8265	0.6361
45	762	1	1286.0658	9	10	0	1	1	0.8268	0.6858
45	763	1	1287.6157	8	1	0	1	1	0.8270	0.6561
45	764	1	1289.1656	9	10	0	1	1	0.8272	0.6568
45	765	1	1290.7156	12	15	0	1	1	0.8275	0.6760
45	766	1	1292.2655	10	13	0	1	1	0.8277	0.8530
45	767	1	1293.8154	13	9	0	1	1	0.8279	0.6474
45	768	1	1295.3653	14	6	0	1	1	0.8281	0.6503
45	769	1	1296.9152	13	9	0	1	1	0.8283	0.5874
45	770	1	1298.4652	10	13	0	1	1	0.8286	0.8465
45	771	1	1300.0151	13	9	0	1	1	0.8288	0.6075
45	772	1	1301.5650	12	15	90	1	1	0.8290	0.8186
45	773	1	1303.1149	10	13	0	1	1	0.8292	0.7729
45	774	1	1304.6648	12	15	0	1	1	0.8295	0.6947
45	775	1	1306.2148	10	13	0	1	1	0.8297	0.6650
45	776	1	1307.7647	9	10	0	1	1	0.8299	0.6511
45	777	1	1309.3146	11	8	0	1	1	0.8301	0.7172
45	778	1	1310.8645	13	9	0	1	1	0.8303	0.6554
45	779	1	1312.4144	12	15	0	1	1	0.8306	1.1694
45	780	1	1313.9643	10	13	90	1	1	0.8308	0.8984
45	781	1	1315.5142	9	10	0	1	1	0.8310	0.6454
45	782	1	1317.0642	10	13	0	1	1	0.8312	0.7274
45	783	1	1318.6141	12	15	0	1	1	0.8314	0.6483
45	784	1	1320.1640	9	10	90	0	1	0.8304	0.8264
45	785	1	1321.7139	11	8	90	1	1	0.8306	1.1179
45	786	1	1323.2638	12	15	0	1	1	0.8308	0.9122
45	787	1	1324.8138	13	9	0	1	1	0.8310	0.6412
45	788	1	1326.3637	12	15	0	1	1	0.8312	0.5947
45	789	1	1327.9136	10	13	90	1	1	0.8314	0.8059
45	790	1	1329.4635	13	9	0	1	1	0.8316	0.6002
45	791	1	1331.0134	11	8	0	1	1	0.8319	0.7463
45	792	1	1332.5634	12	15	0	1	1	0.8321	0.6840
45	793	1	1334.1133	9	10	0	1	1	0.8323	0.6372
45	794	1	1335.6632	10	13	0	1	1	0.8325	0.7203
45	795	1	1337.2131	13	9	0	1	1	0.8327	0.5788
45	796	1	1338.7630	14	6	0	1	1	0.8329	0.5954
45	797	1	1340.3129	13	9	0	1	1	0.8331	0.5668
45	798	1	1341.8629	12	15	90	0	1	0.8321	0.6170
45	799	1	1343.4128	10	13	0	1	1	0.8323	0.5217
45	800	1	1344.9627	12	15	0	1	1	0.8325	0.7008
45	801	1	1346.5126	9	10	0	1	1	0.8327	0.6232
45	802	1	1348.0626	11	8	0	1	1	0.8329	0.6732
45	803	1	1349.6125	9	10	0	1	1	0.8331	0.5633
45	804	1	1351.1624	11	8	0	1	1	0.8333	0.6131
45	805	1	1352.7123	10	13	0	1	1	0.8335	0.2636
45	806	1	1354.2622	13	9	0	1	1	0.8337	0.5370
45	807	1	1355.8121	11	8	0	1	1	0.8340	0.6516
45	808	1	1357.3621	12	15	90	1	1	0.8342	0.8622
45	809	1	1358.9120	10	13	0	1	1	0.8344	0.6877
45	810	1	1360.4619	13	9	0	1	1	0.8346	0.9126
45	811	1	1362.0118	10	13	0	1	1	0.8348	0.5959
45	812	1	1363.5617	9	10	90	1	1	0.8350	0.9336
45	813	1	1365.1117	10	13	90	1	1	0.8352	0.9041
45	814	1	1366.6616	13	9	0	1	1	0.8354	0.7143
45	815	1	1368.2115	12	15	0	1	1	0.8356	0.7161
45	816	1	1369.7614	11	8	90	0	1	0.8346	0.8946
45	817	1	1371.3113	10	13	0	1	1	0.8348	0.6241
45	818	1	1372.8613	13	9	0	1	1	0.8350	0.6422
45	819	1	1374.4112	10	13	0	1	1	0.8352	1.1727
45	820	1	1375.9611	9	10	0	1	1	0.8354	0.8213
45	821	1	1377.5110	8	1	0	1	1	0.8356	0.6165
45	822	1	1379.0609	6	7	0	-1	0	0.8345	-1.0000
45	823	1	1381.1441	5	2	0	1	1	0.8348	0.5184
45	824	1	1382.6941	4	5	0	1	1	0.8350	0.6164
45	825	1	1384.2440	7	3	0	1	1	0.8352	0.7798
45	826	1	1385.7939	8	1	0	1	1	0.8354	0.7984
45	827	1	1387.3438	6	7	0	1	1	0.8356	0.7680
45	828	1	1388.8937	4	5	0	1	1	0.8357	0.6407
45	829	1	1390.4437	5	2	90	1	1	0.8359	0.7708
45	830	1	1391.9936	6	7	0	1	1	0.8361	0.8543
45	831	1	1393.5435	7	3	90	1	1	0.8363	0.8562
45	832	1	1395.0934	6	7	0	1	1	0.8365	0.8743
45	833	1	1396.6433	5	2	0	1	1	0.8367	0.7326
45	834	1	1398.1933	7	3	90	1	1	0.8369	0.8611
45	835	1	1399.7432	8	1	0	1	1	0.8371	0.6722
45	836	1	1401.2931	6	7	0	1	1	0.8373	0.8173
45	837	1	1402.8430	8	1	0	1	1	0.8375	0.6126
45	838	1	1404.3929	7	3	0	1	1	0.8377	0.6465
45	839	1	1405.9428	8	1	0	1	1	0.8379	0.7771
45	840	1	1407.4928	6	7	0	0	1	0.8369	0.7777
45	841	1	1409.0427	5	2	0	1	1	0.8371	0.5409
45	842	1	1410.5926	6	7	0	1	1	0.8373	0.5738
45	843	1	1412.1425	7	3	0	1	1	0.8375	0.5438
45	844	1	1413.6925	8	1	0	1	1	0.8377	0.5939
45	845	1	1415.2424	5	2	0	1	1	0.8379	0.6919
45	846	1	1416.7923	4	5	0	1	1	0.8381	0.6958
45	847	1	1418.3422	5	2	90	1	1	0.8383	0.8902
45	848	1	1419.8921	6	7	0	1	1	0.8384	0.8274
45	849	1	1421.4420	4	5	0	1	1	0.8386	0.7016
45	850	1	1422.9919	6	7	0	1	1	0.8388	0.9744
45	851	1	1424.5419	8	1	0	1	1	0.8390	0.6579
45	852	1	1426.0918	7	3	0	1	1	0.8392	0.7079
45	853	1	1427.6417	5	2	0	1	1	0.8394	0.6618
45	854	1	1429.1916	7	3	0	1	1	0.8396	0.5360
45	855	1	1430.7416	5	2	0	1	1	0.8398	0.6344
45	856	1	1432.2914	4	5	0	1	1	0.8400	0.7002
45	857	1	1433.8414	5	2	0	1	1	0.8401	0.5744
45	858	1	1435.3913	4	5	0	1	1	0.8403	0.8150
45	859	1	1436.9412	7	3	0	1	1	0.8405	0.5622
45	860	1	1438.4912	8	1	0	1	1	0.8407	0.6433
45	861	1	1440.0411	5	2	90	1	1	0.8409	0.7899
45	862	1	1441.5910	8	1	0	1	1	0.8411	0.6005
45	863	1	1443.1409	6	7	0	1	1	0.8413	0.9874
45	864	1	1444.6908	5	2	90	1	1	0.8414	0.7966
45	865	1	1446.2407	6	7	0	1	1	0.8416	0.6709
45	866	1	1447.7906	5	2	90	1	1	0.8418	0.5439
45	867	1	1449.3406	4	5	0	1	1	0.8420	0.6110
45	868	1	1450.8905	6	7	0	1	1	0.8422	0.8847
45	869	1	1452.4404	7	3	90	1	1	0.8423	0.9023
45	870	1	1453.9903	5	2	0	1	1	0.8425	0.7284
45	871	1	1455.5402	4	5	0	1	1	0.8427	0.6193
45	872	1	1457.0902	5	2	0	1	1	0.8429	0.7334
45	873	1	1458.6401	8	1	0	1	1	0.8431	0.6224
45	874	1	1460.1900	6	7	0	1	1	0.8432	0.9776
45	875	1	1461.7399	8	1	0	1	1	0.8434	0.6119
45	876	1	1463.2898	5	2	0	1	1	0.8436	0.6302
45	877	1	1464.8398	6	7	0	1	1	0.8438	0.5518
45	878	1	1466.3897	7	3	0	1	1	0.8440	0.5527
45	879	1	1467.9396	6	7	0	1	1	0.8441	0.5227
45	880	1	1469.4895	7	3	0	1	1	0.8443	0.4299
45	881	1	1471.0394	4	5	0	1	1	0.8445	0.7681
45	882	1	1472.5893	5	2	0	1	1	0.8447	0.6262
45	883	1	1474.1393	6	7	0	1	1	0.8448	0.8522
45	884	1	1475.6892	4	5	0	1	1	0.8450	0.6945
45	885	1	1477.2391	7	3	0	1	1	0.8452	0.6472
45	886	1	1478.7890	6	7	0	1	1	0.8454	0.6505
45	887	1	1480.3389	8	1	0	1	1	0.8455	0.5074
45	888	1	1481.8889	5	2	0	1	1	0.8457	0.6545
45	889	1	1483.4388	6	7	0	1	1	0.8459	0.7195
45	890	1	1484.9887	4	5	0	1	1	0.8461	0.6107
45	891	1	1486.5386	7	3	90	0	1	0.8451	0.5171
45	892	1	1488.0885	5	2	0	1	1	0.8453	0.4712
45	893	1	1489.6385	6	7	0	1	1	0.8455	0.7127
45	894	1	1491.1884	5	2	0	1	1	0.8456	0.5551
45	895	1	1492.7383	8	1	0	1	1	0.8458	0.6521
45	896	1	1494.2882	5	2	0	1	1	0.8460	0.6221
45	897	1	1495.8381	8	1	0	1	1	0.8462	0.5773
45	898	1	1497.3880	9	10	0	1	1	0.8463	0.4197
45	899	1	1498.9380	8	1	0	1	1	0.8465	0.5014
45	900	1	1500.4879	6	7	0	1	1	0.8467	0.7437
45	901	1	1502.0378	5	2	0	1	1	0.8468	0.5855
45	902	1	1503.5877	7	3	0	1	1	0.8470	0.5878
45	903	1	1505.1376	5	2	0	1	1	0.8472	0.5259
45	904	1	1506.6876	4	5	90	1	1	0.8473	0.7668
45	905	1	1508.2375	5	2	0	1	1	0.8475	0.6098
45	906	1	1509.7874	8	1	0	1	1	0.8477	0.6443
45	907	1	1511.3373	5	2	0	1	1	0.8479	0.5330
45	908	1	1512.8872	4	5	90	1	1	0.8480	0.6630
45	909	1	1514.4372	7	3	0	1	1	0.8482	0.5852
45	910	1	1515.9871	5	2	0	1	1	0.8484	0.5250
45	911	1	1517.5370	7	3	0	1	1	0.8485	0.6853
45	912	1	1519.0869	4	5	0	1	1	0.8487	0.6404
45	913	1	1520.6368	3	4	0	1	1	0.8488	0.8668
45	914	1	1522.1867	1	12	0	1	1	0.8490	0.7568
45	915	1	1523.7367	14	6	0	1	1	0.8492	0.7576
45	916	1	1525.2866	1	12	0	1	1	0.8493	0.6650
45	917	1	1526.8365	2	11	0	1	1	0.8495	0.8588
45	918	1	1528.3864	3	4	0	1	1	0.8497	0.6529
45	919	1	1529.9363	15	14	0	1	1	0.8498	0.7832
45	920	1	1531.4863	14	6	0	1	1	0.8500	0.7360
45	921	1	1533.0362	15	14	90	1	1	0.8502	0.8821
45	922	1	1534.5861	2	11	0	1	1	0.8503	0.7561
45	923	1	1536.1360	1	12	0	1	1	0.8505	0.7915
45	924	1	1537.6859	2	11	0	1	1	0.8506	0.6164
45	925	1	1539.2358	14	6	90	1	1	0.8508	0.8592
45	926	1	1540.7858	13	9	90	1	1	0.8510	0.8285
45	927	1	1542.3357	10	13	90	1	1	0.8511	1.0405
45	928	1	1543.8856	11	8	0	1	1	0.8513	0.8807
45	929	1	1545.4355	10	13	0	1	1	0.8515	1.0440
45	930	1	1546.9854	13	9	0	1	1	0.8516	0.8863
45	931	1	1548.5353	10	13	0	1	1	0.8518	0.7614
45	932	1	1550.0853	13	9	90	0	1	0.8509	0.6650
45	933	1	1551.6352	14	6	90	0	1	0.8499	0.6030
45	934	1	1553.1851	2	11	0	1	1	0.8501	0.7345
45	935	1	1554.7350	1	12	0	1	1	0.8503	0.6885
45	936	1	1556.2850	14	6	0	1	1	0.8504	0.6102
45	937	1	1557.8349	1	12	90	1	1	0.8506	0.8527
45	938	1	1559.3848	2	11	0	1	1	0.8507	0.7748
45	939	1	1561.1347	3	4	0	1	1	0.8509	0.8316
45	940	1	1562.6846	2	11	0	1	1	0.8511	0.9468
45	941	1	1564.2345	15	14	0	1	1	0.8512	1.2197
45	942	1	1565.7844	2	11	0	1	1	0.8514	0.8716
45	943	1	1567.3344	1	12	0	1	1	0.8515	0.6480
45	944	1	1568.8843	3	4	0	1	1	0.8517	0.5871
45	945	1	1570.4342	15	14	0	1	1	0.8519	0.8440
45	946	1	1571.9841	3	4	0	1	1	0.8520	0.5902
45	947	1	1573.5341	15	14	0	1	1	0.8522	0.7215
45	948	1	1575.0839	14	6	0	1	1	0.8523	0.7076
45	949	1	1576.6339	15	14	0	1	1	0.8525	0.6457
45	950	1	1578.1838	14	6	0	1	1	0.8526	0.5199
45	951	1	1579.7337	2	11	0	1	1	0.8528	0.6344
45	952	1	1581.2836	14	6	0	1	1	0.8529	0.6839
45	953	1	1582.8336	2	11	0	1	1	0.8531	0.6860
45	954	1	1584.3835	14	6	0	1	1	0.8532	0.6879
45	955	1	1585.9334	13	9	0	1	1	0.8534	0.7529
45	956	1	1587.4833	10	13	0	1	1	0.8536	0.8362
45	957	1	1589.0332	12	15	0	1	1	0.8537	0.7730
45	958	1	1590.5831	11	8	0	1	1	0.8539	0.7113
45	959	1	1592.1331	13	9	0	1	1	0.8540	0.8103
45	960	1	1593.6830	12	15	90	1	1	0.8542	0.8609
45	961	1	1595.2329	11	8	0	1	1	0.8543	0.8947
45	962	1	1596.7828	9	10	0	1	1	0.8545	0.8802
45	963	1	1598.3327	12	15	0	1	1	0.8546	0.8829
45	964	1	1599.8827	11	8	0	1	1	0.8548	0.7409
45	965	1	1601.4326	12	15	0	1	1	0.8549	0.7737
45	966	1	1602.9825	9	10	90	0	1	0.8540	1.0650
45	967	1	1604.6157	10	13	0	1	1	0.8542	0.7266
45	968	1	1606.1656	11	8	90	1	1	0.8543	1.0499
45	969	1	1607.7156	12	15	90	1	1	0.8545	0.8919
45	970	1	1609.2655	13	9	90	1	1	0.8546	0.8288
45	971	1	1610.8154	10	13	0	1	1	0.8548	0.7672
45	972	1	1612.3653	13	9	0	1	1	0.8549	0.8009
45	973	1	1613.9152	10	13	0	1	1	0.8551	0.6443
45	974	1	1615.4652	12	15	0	1	1	0.8552	0.6451
45	975	1	1617.0151	11	8	0	1	1	0.8554	0.6311
45	976	1	1618.5650	12	15	0	1	1	0.8555	0.6498
45	977	1	1620.1149	10	13	0	1	1	0.8557	0.6528
45	978	1	1621.6648	13	9	0	1	1	0.8558	0.5426
45	979	1	1623.2148	11	8	0	1	1	0.8560	0.4956
45	980	1	1624.7647	12	15	90	1	1	0.8561	0.9615
45	981	1	1626.3146	13	9	0	1	1	0.8563	0.7407
45	982	1	1627.8645	14	6	90	1	1	0.8564	0.8720
45	983	1	1629.4144	1	12	0	1	1	0.8566	0.8238
45	984	1	1630.9644	14	6	0	1	1	0.8567	0.6833
45	985	1	1632.5143	2	11	90	1	1	0.8569	1.1961
45	986	1	1634.0642	3	4	0	1	1	0.8570	0.8152
45	987	1	1635.6141	2	11	0	1	1	0.8571	0.6093
45	988	1	1637.1640	15	14	0	1	1	0.8573	0.6267
45	989	1	1638.7139	1	12	0	1	1	0.8574	0.6132
45	990	1	1640.2639	3	4	0	1	1	0.8576	0.6798
45	991	1	1641.8138	2	11	90	0	1	0.8567	0.5866
45	992	1	1643.3637	3	4	0	1	1	0.8569	0.5078
45	993	1	1644.9136	2	11	0	1	1	0.8570	0.7816
45	994	1	1646.4635	14	6	0	1	1	0.8571	0.7039
45	995	1	1648.0135	15	14	0	1	1	0.8573	0.7542
45	996	1	1649.5634	2	11	0	1	1	0.8574	0.6758
45	997	1	1651.1133	3	4	0	1	1	0.8576	0.5983
45	998	1	1652.6632	1	12	0	1	1	0.8577	0.6639
45	999	1	1654.2131	3	4	0	1	1	0.8579	0.6343
45	1000	1	1655.7631	1	12	90	1	1	0.8580	0.8433
45	1001	1	1657.3130	3	4	90	0	1	0.8571	0.9746
45	1002	1	1658.8629	15	14	0	1	1	0.8573	0.8008
45	1003	1	1660.4128	3	4	0	1	1	0.8574	0.9776
45	1004	1	1661.9627	15	14	0	1	1	0.8576	0.7555
45	1005	1	1663.5126	14	6	0	1	1	0.8577	0.6456
45	1006	1	1665.0626	2	11	0	1	1	0.8579	0.6170
45	1007	1	1666.6125	15	14	90	1	1	0.8580	1.1630
45	1008	1	1668.1624	14	6	0	1	1	0.8581	0.6678
45	1009	1	1669.7123	1	12	0	1	1	0.8583	0.6071
45	1010	1	1671.2623	15	14	0	1	1	0.8584	0.6401
45	1011	1	1672.8122	2	11	90	1	1	0.8586	0.9942
45	1012	1	1674.3621	1	12	0	1	1	0.8587	0.6929
45	1013	1	1675.9120	15	14	90	1	1	0.8588	0.8394
45	1014	1	1677.4619	2	11	0	1	1	0.8590	0.7127
45	1015	1	1679.0118	1	12	90	0	1	0.8581	0.7633
45	1016	1	1680.5618	3	4	0	1	1	0.8583	0.7646
45	1017	1	1682.1117	2	11	90	1	1	0.8584	1.1677
45	1018	1	1683.6616	14	6	0	1	1	0.8585	0.6905
45	1019	1	1685.2115	13	9	0	1	1	0.8587	0.9800
45	1020	1	1686.7614	10	13	0	1	1	0.8588	0.6621
45	1021	1	1688.3113	11	8	0	1	1	0.8590	0.7122
45	1022	1	1689.8613	13	9	0	1	1	0.8591	0.7145
45	1023	1	1691.4112	11	8	0	1	1	0.8592	0.7319
45	1024	1	1692.9611	9	10	0	1	1	0.8594	0.8302
45	1025	1	1694.5110	11	8	0	1	1	0.8595	0.7991
45	1026	1	1696.0609	9	10	0	1	1	0.8596	0.6252
45	1027	1	1697.6108	12	15	0	1	1	0.8598	0.7888
45	1028	1	1699.1608	10	13	90	1	1	0.8599	0.8068
45	1029	1	1700.7107	11	8	0	1	1	0.8601	0.7130
45	1030	1	1702.2606	12	15	90	1	1	0.8602	0.8898
45	1031	1	1703.8105	10	13	0	1	1	0.8603	0.7970
45	1032	1	1705.3604	11	8	90	1	1	0.8605	0.7991
45	1033	1	1706.9104	10	13	0	1	1	0.8606	0.6879
45	1034	1	1708.4603	11	8	0	0	1	0.8598	0.5779
45	1035	1	1710.0102	9	10	0	1	1	0.8599	0.5812
45	1036	1	1711.5601	12	15	0	1	1	0.8600	0.8713
45	1037	1	1713.1100	13	9	0	1	1	0.8602	0.6972
45	1038	1	1714.6600	14	6	0	1	1	0.8603	0.6194
45	1039	1	1716.2099	15	14	90	1	1	0.8604	0.9895
45	1040	1	1717.7598	1	12	0	1	1	0.8606	0.7984
45	1041	1	1719.3097	2	11	0	1	1	0.8607	1.0424
45	1042	1	1720.8596	3	4	90	1	1	0.8608	0.8199
45	1043	1	1722.4096	4	5	0	1	1	0.8610	0.6774
45	1044	1	1723.9595	6	7	0	1	1	0.8611	1.3987
45	1045	1	1725.5094	8	1	0	1	1	0.8612	0.6330
45	1046	1	1727.0593	9	10	90	0	1	0.8604	0.6040
45	1047	1	1728.6092	11	8	90	1	1	0.8606	0.9089
45	1048	1	1730.1591	13	9	0	1	1	0.8607	0.8157
45	1049	1	1731.7091	11	8	90	1	1	0.8608	1.0745
45	1050	1	1733.2590	12	15	0	1	1	0.8610	0.8044
45	1051	1	1734.8089	10	13	0	1	1	0.8611	0.6453
45	1052	1	1736.3588	12	15	0	1	1	0.8612	0.5833
45	1053	1	1737.9088	10	13	0	1	1	0.8613	0.7454
45	1054	1	1739.4587	12	15	0	1	1	0.8615	0.6528
45	1055	1	1741.0086	13	9	0	1	1	0.8616	0.7351
45	1056	1	1742.5585	11	8	0	1	1	0.8617	0.7530
45	1057	1	1744.1084	13	9	0	1	1	0.8619	0.6430
45	1058	1	1745.6583	12	15	90	1	1	0.8620	0.8051
45	1059	1	1747.2082	13	9	90	1	1	0.8621	0.9674
45	1060	1	1748.7582	11	8	0	1	1	0.8623	0.7453
45	1061	1	1750.3081	13	9	0	1	1	0.8624	0.7955
45	1062	1	1751.8580	10	13	0	-1	0	0.8616	-1.0000
45	1063	1	1753.8746	13	9	0	1	1	0.8617	0.7968
45	1064	1	1755.4245	11	8	90	1	1	0.8618	1.0390
45	1065	1	1756.9744	9	10	0	1	1	0.8620	0.7357
45	1066	1	1758.5243	10	13	90	1	1	0.8621	1.1060
45	1067	1	1760.0742	13	9	0	1	1	0.8622	0.8211
45	1068	1	1761.6241	10	13	0	1	1	0.8624	0.7419
45	1069	1	1763.1741	13	9	0	1	1	0.8625	0.6322
45	1070	1	1764.7240	14	6	0	1	1	0.8626	0.6517
45	1071	1	1766.2739	2	11	0	1	1	0.8627	0.9104
45	1072	1	1767.8238	3	4	0	1	1	0.8629	0.7036
45	1073	1	1769.3737	2	11	0	1	1	0.8630	0.7684
45	1074	1	1770.9237	15	14	0	1	1	0.8631	0.9158
45	1075	1	1772.4736	1	12	0	1	1	0.8633	0.7259
45	1076	1	1774.0235	2	11	0	1	1	0.8634	0.8719
45	1077	1	1775.5734	15	14	0	1	1	0.8635	0.8727
45	1078	1	1777.1233	14	6	0	1	1	0.8636	0.7641
45	1079	1	1778.6733	2	11	0	1	1	0.8638	0.7822
45	1080	1	1780.2232	14	6	90	0	1	0.8630	0.6550
45	1081	1	1781.7731	13	9	90	1	1	0.8631	0.8351
45	1082	1	1783.3230	12	15	0	1	1	0.8632	0.9806
45	1083	1	1784.8729	11	8	90	1	1	0.8633	0.8065
45	1084	1	1786.4229	12	15	0	1	1	0.8635	0.7433
45	1085	1	1787.9728	9	10	0	1	1	0.8636	0.6664
45	1086	1	1789.5227	10	13	0	1	1	0.8637	0.7324
45	1087	1	1791.0726	12	15	0	1	1	0.8638	0.7495
45	1088	1	1792.6225	10	13	90	1	1	0.8640	1.1052
45	1089	1	1794.1724	11	8	0	1	1	0.8641	0.8826
45	1090	1	1795.7224	13	9	0	1	1	0.8642	0.6299
45	1091	1	1797.2723	10	13	0	1	1	0.8643	0.6312
45	1092	1	1798.8222	11	8	0	1	1	0.8645	0.6013
45	1093	1	1800.3721	9	10	0	1	1	0.8646	0.6674
45	1094	1	1801.9220	10	13	0	1	1	0.8647	0.7323
45	1095	1	1803.4720	12	15	0	1	1	0.8648	0.8143
45	1096	1	1805.0219	10	13	0	1	1	0.8650	0.6896
45	1097	1	1806.5718	12	15	0	1	1	0.8651	0.7724
45	1098	1	1808.1217	11	8	0	1	1	0.8652	1.0458
45	1099	1	1809.6716	13	9	0	1	1	0.8653	0.8065
45	1100	1	1811.2216	10	13	0	1	1	0.8655	0.6015
45	1101	1	1812.7715	13	9	0	1	1	0.8656	0.5079
45	1102	1	1814.3214	12	15	0	1	1	0.8657	0.4780
45	1103	1	1815.8713	11	8	0	1	1	0.8658	0.5125
45	1104	1	1817.4212	10	13	0	1	1	0.8659	0.5142
45	1105	1	1818.9712	11	8	0	1	1	0.8661	0.3556
45	1106	1	1820.5211	12	15	0	1	1	0.8662	0.5331
45	1107	1	1822.0710	13	9	0	1	1	0.8663	0.5990
45	1108	1	1823.6209	11	8	0	1	1	0.8664	0.5225
45	1109	1	1825.1708	10	13	0	1	1	0.8665	0.4449
45	1110	1	1826.7207	13	9	0	1	1	0.8667	0.5268
45	1111	1	1828.2707	11	8	0	1	1	0.8668	0.3852
45	1112	1	1829.8206	10	13	90	0	1	0.8660	0.4341
45	1113	1	1831.3705	11	8	0	1	1	0.8661	0.4037
45	1114	1	1832.9204	13	9	0	1	1	0.8662	0.6950
45	1115	1	1834.4704	14	6	0	1	1	0.8664	0.7130
45	1116	1	1836.0203	1	12	90	1	1	0.8665	0.8591
45	1117	1	1837.5702	3	4	90	1	1	0.8666	0.7972
45	1118	1	1839.1201	4	5	0	1	1	0.8667	0.6862
45	1119	1	1840.6700	5	2	0	1	1	0.8668	0.7049
45	1120	1	1842.2199	8	1	0	1	1	0.8670	0.7393
45	1121	1	1843.7699	5	2	0	1	1	0.8671	0.5981
45	1122	1	1845.3198	7	3	0	1	1	0.8672	0.6475
45	1123	1	1846.8697	5	2	0	1	1	0.8673	0.6005
45	1124	1	1848.4196	7	3	0	1	1	0.8674	0.6038
45	1125	1	1849.9695	4	5	0	1	1	0.8676	0.6385
45	1126	1	1851.5194	6	7	0	1	1	0.8677	1.0880
45	1127	1	1853.0693	5	2	0	1	1	0.8678	0.7858
45	1128	1	1854.6193	8	1	0	1	1	0.8679	0.6761
45	1129	1	1856.1692	7	3	0	1	1	0.8680	0.6467
45	1130	1	1857.7191	5	2	90	1	1	0.8681	0.8723
45	1131	1	1859.2690	8	1	0	1	1	0.8683	0.6492
45	1132	1	1860.8189	7	3	0	1	1	0.8684	0.5733
45	1133	1	1862.3689	6	7	0	1	1	0.8685	0.7666
45	1134	1	1863.9188	8	1	0	1	1	0.8686	0.6074
45	1135	1	1865.4687	5	2	0	1	1	0.8687	0.5625
45	1136	1	1867.0186	8	1	0	1	1	0.8688	0.5646
45	1137	1	1868.5686	5	2	0	1	1	0.8690	0.5029
45	1138	1	1870.1185	4	5	0	1	1	0.8691	0.6010
45	1139	1	1871.6684	6	7	0	1	1	0.8692	0.8097
45	1140	1	1873.2183	5	2	0	1	1	0.8693	0.7333
45	1141	1	1874.7682	4	5	0	-1	0	0.8685	-1.0000
45	1142	1	1876.8348	7	3	0	1	1	0.8687	0.7968
45	1143	1	1878.3847	6	7	0	1	1	0.8688	1.0547
45	1144	1	1879.9346	4	5	90	1	1	0.8689	0.7850
45	1145	1	1881.4846	7	3	0	1	1	0.8690	0.5936
45	1146	1	1883.0344	8	1	0	1	1	0.8691	0.6129
45	1147	1	1884.5844	7	3	90	0	1	0.8684	0.6792
45	1148	1	1886.1343	6	7	90	1	1	0.8685	0.8730
45	1149	1	1887.6842	5	2	0	1	1	0.8686	0.6180
45	1150	1	1889.2341	6	7	0	1	1	0.8687	0.7493
45	1151	1	1890.7841	8	1	90	1	1	0.8688	0.8151
45	1152	1	1892.3339	7	3	0	1	1	0.8689	0.6415
45	1153	1	1893.8839	6	7	0	1	1	0.8690	0.8182
45	1154	1	1895.4338	8	1	0	1	1	0.8692	0.5815
45	1155	1	1896.9837	9	10	0	0	1	0.8684	0.9024
45	1156	1	1898.5336	10	13	0	1	1	0.8685	0.6325
45	1157	1	1900.0836	13	9	0	1	1	0.8686	0.8585
45	1158	1	1901.6335	12	15	0	1	1	0.8687	0.7006
45	1159	1	1903.1834	9	10	90	1	1	0.8689	0.9587
45	1160	1	1904.7333	8	1	0	1	1	0.8690	0.6427
45	1161	1	1906.2832	6	7	0	1	1	0.8691	0.7720
45	1162	1	1907.8332	4	5	0	1	1	0.8692	0.6131
45	1163	1	1909.3831	7	3	90	1	1	0.8693	0.8402
45	1164	1	1910.9330	5	2	90	1	1	0.8694	0.8577
45	1165	1	1912.4829	8	1	90	1	1	0.8695	0.8131
45	1166	1	1914.0328	6	7	0	1	1	0.8696	0.7654
45	1167	1	1915.5827	4	5	0	1	1	0.8698	0.6724
45	1168	1	1917.1327	5	2	0	1	1	0.8699	0.5950
45	1169	1	1918.6826	4	5	0	1	1	0.8700	0.5808
45	1170	1	1920.2325	3	4	90	1	1	0.8701	0.8230
45	1171	1	1921.7824	4	5	90	1	1	0.8702	0.9215
45	1172	1	1923.3323	5	2	0	1	1	0.8703	0.7458
45	1173	1	1924.8822	6	7	0	1	1	0.8704	1.3893
45	1174	1	1926.4322	8	1	0	1	1	0.8705	0.7501
45	1175	1	1927.9821	7	3	0	1	1	0.8706	0.6412
45	1176	1	1929.5320	8	1	0	1	1	0.8707	0.5951
45	1177	1	1931.0819	7	3	0	1	1	0.8709	0.5003
45	1178	1	1932.6319	8	1	90	1	1	0.8710	0.6313
45	1179	1	1934.1818	6	7	0	1	1	0.8711	0.7933
45	1180	1	1935.7317	5	2	0	1	1	0.8712	0.6836
45	1181	1	1937.2816	4	5	0	1	1	0.8713	0.7017
45	1182	1	1938.8315	6	7	0	1	1	0.8714	0.9105
45	1183	1	1940.3814	5	2	0	1	1	0.8715	0.6088
45	1184	1	1941.9314	8	1	0	1	1	0.8716	0.6128
45	1185	1	1943.4813	6	7	0	0	1	0.8709	0.7099
45	1186	1	1945.0312	4	5	0	1	1	0.8710	0.4401
45	1187	1	1946.5811	5	2	0	1	1	0.8711	0.5210
45	1188	1	1948.1310	7	3	90	0	1	0.8704	0.7631
45	1189	1	1949.6809	6	7	0	1	1	0.8705	0.8145
45	1190	1	1951.2309	5	2	0	1	1	0.8706	0.5766
45	1191	1	1952.7808	6	7	90	1	1	0.8707	0.9614
45	1192	1	1954.3307	5	2	0	1	1	0.8708	0.5968
45	1193	1	1955.8806	6	7	0	1	1	0.8709	0.6949
45	1194	1	1957.4305	5	2	0	1	1	0.8710	0.5849
45	1195	1	1958.9805	4	5	90	0	1	0.8703	0.7308
45	1196	1	1960.5304	7	3	0	1	1	0.8704	0.6370
45	1197	1	1962.0803	5	2	0	1	1	0.8705	0.7349
45	1198	1	1963.6302	7	3	0	1	1	0.8706	0.7533
45	1199	1	1965.1801	6	7	0	1	1	0.8707	0.8512
45	1200	1	1966.7300	4	5	0	1	1	0.8708	0.7242
45	1201	1	1968.2800	5	2	0	1	1	0.8709	0.6794
45	1202	1	1969.8299	7	3	0	1	1	0.8710	0.5694
45	1203	1	1971.3798	4	5	0	1	1	0.8712	0.6029
45	1204	1	1972.9297	7	3	0	1	1	0.8713	0.4936
45	1205	1	1974.4796	4	5	0	1	1	0.8714	0.5915
45	1206	1	1976.0295	5	2	0	1	1	0.8715	0.6425
45	1207	1	1977.5795	8	1	0	1	1	0.8716	0.6118
45	1208	1	1979.1294	6	7	0	1	1	0.8717	0.7420
45	1209	1	1980.6793	5	2	90	1	1	0.8718	0.8396
45	1210	1	1982.2292	8	1	0	1	1	0.8719	0.6662
45	1211	1	1983.7792	7	3	0	1	1	0.8720	0.5879
45	1212	1	1985.3291	5	2	0	1	1	0.8721	0.6370
45	1213	1	1986.8790	7	3	0	1	1	0.8722	0.7990
45	1214	1	1988.4289	4	5	0	1	1	0.8723	0.6573
45	1215	1	1989.9788	3	4	0	1	1	0.8724	0.8526
45	1216	1	1991.5288	15	14	0	1	1	0.8725	0.8373
45	1217	1	1993.0787	3	4	90	0	1	0.8718	1.1767
45	1218	1	1994.8119	2	11	0	1	1	0.8719	0.9782
45	1219	1	1996.3618	3	4	0	1	1	0.8720	0.9174
45	1220	1	1997.9117	2	11	0	1	1	0.8721	0.6945
45	1221	1	1999.4616	3	4	0	1	1	0.8722	0.5535
45	1222	1	2001.0116	2	11	90	0	1	0.8715	0.6679
45	1223	1	2002.5615	15	14	0	1	1	0.8716	0.7177
45	1224	1	2004.1114	2	11	0	1	1	0.8717	0.7518
45	1225	1	2005.6613	14	6	90	1	1	0.8718	0.8327
45	1226	1	2007.2112	1	12	0	1	1	0.8719	0.6761
45	1227	1	2008.7612	3	4	0	1	1	0.8720	0.6942
45	1228	1	2010.3111	4	5	0	1	1	0.8721	0.6489
45	1229	1	2011.8610	7	3	0	1	1	0.8723	0.5862
45	1230	1	2013.4110	6	7	90	0	1	0.8715	0.7005
45	1231	1	2014.9608	8	1	90	0	1	0.8708	0.5423
45	1232	1	2016.5108	9	10	0	1	1	0.8709	0.7844
45	1233	1	2018.0607	12	15	0	1	1	0.8710	0.8187
45	1234	1	2019.6106	10	13	0	1	1	0.8712	0.6766
45	1235	1	2021.1605	12	15	90	1	1	0.8713	0.8055
45	1236	1	2022.7104	10	13	0	1	1	0.8714	0.7928
45	1237	1	2024.2603	12	15	0	1	1	0.8715	0.8430
45	1238	1	2025.8103	10	13	0	1	1	0.8716	0.7649
45	1239	1	2027.3602	11	8	90	1	1	0.8717	0.8474
45	1240	1	2028.9101	13	9	90	1	1	0.8718	0.9132
45	1241	1	2030.4600	10	13	0	1	1	0.8719	0.6593
45	1242	1	2032.0100	9	10	0	1	1	0.8720	0.6780
45	1243	1	2033.5599	10	13	90	1	1	0.8721	0.8395
45	1244	1	2035.1098	9	10	0	1	1	0.8722	0.6977
45	1245	1	2036.6597	11	8	0	1	1	0.8723	0.8117
45	1246	1	2038.2096	10	13	0	1	1	0.8724	0.7017
45	1247	1	2039.7596	9	10	0	1	1	0.8725	0.6719
45	1248	1	2041.3094	11	8	0	1	1	0.8726	0.7206
45	1249	1	2042.8594	10	13	0	1	1	0.8727	0.6279
45	1250	1	2044.4093	9	10	0	1	1	0.8728	0.5008
45	1251	1	2045.9592	12	15	0	1	1	0.8729	0.6318
45	1252	1	2047.5091	13	9	0	1	1	0.8730	1.0181
45	1253	1	2049.0590	12	15	0	1	1	0.8731	0.7964
45	1254	1	2050.6090	9	10	90	0	1	0.8724	0.8152
45	1255	1	2052.1589	10	13	0	1	1	0.8725	0.6397
45	1256	1	2053.7088	9	10	0	1	1	0.8726	0.7705
45	1257	1	2055.2587	10	13	0	1	1	0.8727	0.6445
45	1258	1	2056.8086	12	15	0	1	1	0.8728	0.6629
45	1259	1	2058.3586	13	9	0	1	1	0.8729	0.6794
45	1260	1	2059.9085	10	13	0	1	1	0.8730	0.6668
45	1261	1	2061.4584	11	8	0	1	1	0.8731	0.7168
45	1262	1	2063.0083	10	13	0	1	1	0.8732	0.6711
45	1263	1	2064.5582	13	9	0	1	1	0.8733	0.6398
45	1264	1	2066.1082	11	8	0	1	1	0.8734	0.6580
45	1265	1	2067.6581	9	10	90	1	1	0.8735	1.1892
45	1266	1	2069.2080	12	15	0	1	1	0.8736	0.6631
45	1267	1	2070.7579	11	8	0	1	1	0.8737	0.6334
45	1268	1	2072.3078	9	10	0	1	1	0.8738	0.6356
45	1269	1	2073.8578	10	13	0	1	1	0.8739	0.5888
45	1270	1	2075.4077	12	15	0	1	1	0.8740	0.5917
45	1271	1	2076.9576	9	10	0	1	1	0.8741	0.6097
45	1272	1	2078.5075	8	1	0	1	1	0.8742	0.6105
45	1273	1	2080.0574	6	7	0	1	1	0.8743	0.8846
45	1274	1	2081.6073	5	2	0	1	1	0.8744	0.8078
45	1275	1	2083.1573	4	5	0	1	1	0.8745	0.6985
45	1276	1	2084.7072	6	7	90	1	1	0.8746	1.1482
45	1277	1	2086.2571	5	2	0	1	1	0.8747	0.7503
45	1278	1	2087.8070	8	1	0	1	1	0.8748	0.6401
45	1279	1	2089.3569	9	10	0	1	1	0.8749	0.5785
45	1280	1	2090.9068	8	1	0	1	1	0.8750	0.7242
45	1281	1	2092.4568	5	2	90	1	1	0.8751	0.7904
45	1282	1	2094.0067	6	7	90	1	1	0.8752	1.0008
45	1283	1	2095.5566	8	1	0	1	1	0.8753	0.6346
45	1284	1	2097.1065	6	7	90	1	1	0.8754	0.8607
45	1285	1	2098.6564	4	5	0	1	1	0.8755	0.6220
45	1286	1	2100.2063	6	7	90	1	1	0.8756	0.9607
45	1287	1	2101.7563	5	2	0	1	1	0.8757	0.6115
45	1288	1	2103.3062	4	5	90	1	1	0.8758	0.9170
45	1289	1	2105.0561	3	4	0	1	1	0.8759	0.7832
45	1290	1	2106.6060	15	14	0	1	1	0.8760	0.8159
45	1291	1	2108.1559	14	6	0	1	1	0.8761	0.7394
45	1292	1	2109.7059	13	9	0	1	1	0.8762	0.6933
45	1293	1	2111.2558	14	6	0	1	1	0.8763	0.5825
45	1294	1	2112.8057	15	14	90	0	1	0.8756	0.5054
45	1295	1	2114.3556	14	6	0	1	1	0.8757	0.5225
45	1296	1	2115.9055	1	12	0	1	1	0.8758	0.5735
45	1297	1	2117.4554	3	4	90	1	1	0.8759	0.9920
45	1298	1	2119.0054	4	5	0	1	1	0.8760	0.8339
45	1299	1	2120.5553	5	2	0	1	1	0.8761	0.7238
45	1300	1	2122.1052	7	3	90	1	1	0.8762	0.7738
45	1301	1	2123.6551	5	2	0	1	1	0.8762	0.6163
45	1302	1	2125.2050	7	3	0	1	1	0.8763	0.6177
45	1303	1	2126.7550	6	7	0	0	1	0.8757	0.6363
45	1304	1	2128.3049	8	1	0	1	1	0.8758	0.5590
45	1305	1	2129.8548	6	7	0	1	1	0.8759	0.6723
45	1306	1	2131.4047	4	5	0	1	1	0.8760	0.6104
45	1307	1	2132.9546	7	3	0	1	1	0.8761	0.5965
45	1308	1	2134.5046	5	2	0	1	1	0.8761	0.5987
45	1309	1	2136.0545	7	3	0	1	1	0.8762	0.8406
45	1310	1	2137.6044	5	2	0	1	1	0.8763	0.7309
45	1311	1	2139.1543	7	3	0	1	1	0.8764	0.6049
45	1312	1	2140.7042	4	5	0	1	1	0.8765	0.6227
45	1313	1	2142.2541	3	4	0	1	1	0.8766	0.7838
45	1314	1	2143.8041	1	12	0	1	1	0.8767	0.7219
45	1315	1	2145.3540	3	4	0	1	1	0.8768	0.6453
45	1316	1	2146.9039	1	12	0	1	1	0.8769	0.7580
45	1317	1	2148.4538	3	4	0	1	1	0.8770	0.7602
45	1318	1	2150.0037	1	12	0	1	1	0.8771	0.6199
45	1319	1	2151.5536	3	4	0	1	1	0.8772	0.5097
45	1320	1	2153.1036	4	5	90	1	1	0.8773	0.8319
45	1321	1	2154.6535	7	3	0	1	1	0.8774	0.6417
45	1322	1	2156.2034	8	1	0	1	1	0.8775	0.8837
45	1323	1	2157.7533	5	2	0	-1	0	0.8768	-1.0000
45	1324	1	2159.8366	6	7	0	-1	0	0.8761	-1.0000
45	1325	1	2161.8865	4	5	90	1	1	0.8762	1.3925
45	1326	1	2163.4697	3	4	0	1	1	0.8763	0.7375
45	1327	1	2165.0196	15	14	0	1	1	0.8764	0.8983
45	1328	1	2166.5695	1	12	0	1	1	0.8765	0.6137
45	1329	1	2168.1195	15	14	90	1	1	0.8766	0.8556
45	1330	1	2169.6694	2	11	0	1	1	0.8767	0.6819
45	1331	1	2171.2193	15	14	0	1	1	0.8768	0.8440
45	1332	1	2172.7692	14	6	0	1	1	0.8769	0.6687
45	1333	1	2174.3191	2	11	90	1	1	0.8770	0.9919
45	1334	1	2175.8691	14	6	0	1	1	0.8771	0.7060
45	1335	1	2177.4190	15	14	0	1	1	0.8772	0.7070
45	1336	1	2178.9689	3	4	0	1	1	0.8772	0.8543
45	1337	1	2180.5188	4	5	0	1	1	0.8773	0.7605
45	1338	1	2182.0687	5	2	0	1	1	0.8774	0.6502
45	1339	1	2183.6187	6	7	0	1	1	0.8775	0.8443
45	1340	1	2185.1685	4	5	90	1	1	0.8776	0.7829
45	1341	1	2186.7185	6	7	0	1	1	0.8777	0.6887
45	1342	1	2188.2684	5	2	0	1	1	0.8778	0.6269
45	1343	1	2189.8183	4	5	0	1	1	0.8779	0.6765
45	1344	1	2191.3682	3	4	0	1	1	0.8780	0.8218
45	1345	1	2192.9182	15	14	0	1	1	0.8781	0.6329
45	1346	1	2194.4681	14	6	0	1	1	0.8782	0.6032
45	1347	1	2196.0180	2	11	0	1	1	0.8782	0.8279
45	1348	1	2197.5679	15	14	0	1	1	0.8783	0.6394
45	1349	1	2199.1178	2	11	0	1	1	0.8784	0.5762
45	1350	1	2200.6678	14	6	0	1	1	0.8785	0.5305
45	1351	1	2202.2177	13	9	0	1	1	0.8786	0.6621
45	1352	1	2203.7676	11	8	90	1	1	0.8787	1.0638
45	1353	1	2205.3175	13	9	0	1	1	0.8788	0.7942
45	1354	1	2206.8674	12	15	0	1	1	0.8789	0.7307
45	1355	1	2208.4174	9	10	0	1	1	0.8790	0.6218
45	1356	1	2209.9673	11	8	0	1	1	0.8791	0.7519
45	1357	1	2211.5172	13	9	0	1	1	0.8791	0.6100
45	1358	1	2213.0671	14	6	0	1	1	0.8792	0.5963
45	1359	1	2214.6170	13	9	0	1	1	0.8793	0.5343
45	1360	1	2216.1669	11	8	0	1	1	0.8794	0.4389
45	1361	1	2217.7169	10	13	90	1	1	0.8795	0.8101
45	1362	1	2219.2668	12	15	0	1	1	0.8796	0.6683
45	1363	1	2220.8167	10	13	0	1	1	0.8797	0.7985
45	1364	1	2222.3666	13	9	0	1	1	0.8798	0.6395
45	1365	1	2223.9165	14	6	0	1	1	0.8799	0.7059
45	1366	1	2225.4665	1	12	0	1	1	0.8799	0.6609
45	1367	1	2227.0164	14	6	90	0	1	0.8793	0.6309
45	1368	1	2228.5663	13	9	0	1	1	0.8794	0.6329
45	1369	1	2230.1162	14	6	0	1	1	0.8795	0.6030
45	1370	1	2231.6661	2	11	0	1	1	0.8796	0.6691
45	1371	1	2233.2160	3	4	0	1	1	0.8796	0.5911
45	1372	1	2234.7659	15	14	0	1	1	0.8797	0.6733
45	1373	1	2236.3159	1	12	0	1	1	0.8798	0.7074
45	1374	1	2237.8658	2	11	0	1	1	0.8799	0.7082
45	1375	1	2239.4157	15	14	0	1	1	0.8800	0.7422
45	1376	1	2240.9656	3	4	90	1	1	0.8801	0.9520
45	1377	1	2242.5155	1	12	0	1	1	0.8802	0.9396
45	1378	1	2244.0655	14	6	0	1	1	0.8803	0.7177
45	1379	1	2245.6154	15	14	0	1	1	0.8803	0.7985
45	1380	1	2247.1653	2	11	0	1	1	0.8804	0.7059
45	1381	1	2248.7152	3	4	0	1	1	0.8805	0.6437
45	1382	1	2250.2651	15	14	0	1	1	0.8806	0.5820
45	1383	1	2251.8151	14	6	0	1	1	0.8807	0.6949
45	1384	1	2253.3650	1	12	0	1	1	0.8808	0.8264
45	1385	1	2254.9149	3	4	90	1	1	0.8809	0.8750
45	1386	1	2256.4648	15	14	0	1	1	0.8810	0.7665
45	1387	1	2258.0147	3	4	0	1	1	0.8810	0.6568
45	1388	1	2259.5646	4	5	0	1	1	0.8811	0.6092
45	1389	1	2261.1146	3	4	0	1	1	0.8812	0.5327
45	1390	1	2262.6645	2	11	90	1	1	0.8813	0.9027
45	1391	1	2264.2144	1	12	0	1	1	0.8814	0.8875
45	1392	1	2265.7643	15	14	0	1	1	0.8815	0.7297
45	1393	1	2267.3142	2	11	0	1	1	0.8816	0.6056
45	1394	1	2268.8641	3	4	0	1	1	0.8816	0.6230
45	1395	1	2270.4141	1	12	90	0	1	0.8810	0.7360
45	1396	1	2271.9640	15	14	90	1	1	0.8811	0.8351
45	1397	1	2273.5139	1	12	0	1	1	0.8812	0.7573
45	1398	1	2275.0638	14	6	0	1	1	0.8813	0.6622
45	1399	1	2276.6137	15	14	0	1	1	0.8813	0.9202
45	1400	1	2278.1637	3	4	0	1	1	0.8814	0.6996
45	1	2	1.0166	3	4	0	-1	0	NaN	-1.0000
45	2	2	2.5499	2	11	0	-1	0	NaN	-1.0000
45	3	2	4.0831	3	4	0	-1	0	NaN	-1.0000
45	4	2	5.6164	1	12	0	-1	0	NaN	-1.0000
45	5	2	7.1496	15	14	0	-1	0	NaN	-1.0000
45	6	2	8.6829	14	6	0	-1	0	NaN	-1.0000
45	7	2	10.2161	13	9	0	-1	0	NaN	-1.0000
45	8	2	11.7494	12	15	0	-1	0	NaN	-1.0000
45	9	2	13.2826	13	9	0	-1	0	NaN	-1.0000
45	10	2	14.8159	11	8	0	-1	0	NaN	-1.0000
45	11	2	16.3491	10	13	0	-1	0	NaN	-1.0000
45	12	2	17.8824	12	15	0	-1	0	NaN	-1.0000
45	13	2	19.4157	9	10	0	-1	0	NaN	-1.0000
45	14	2	20.9489	8	1	0	-1	0	NaN	-1.0000
45	15	2	22.4822	7	3	0	-1	0	NaN	-1.0000
45	16	2	24.0154	6	7	0	-1	0	NaN	-1.0000
45	17	2	25.5487	5	2	0	-1	0	NaN	-1.0000
45	18	2	27.0819	4	5	0	-1	0	NaN	-1.0000
45	19	2	28.6152	3	4	0	-1	0	NaN	-1.0000
45	20	2	30.1484	2	11	0	-1	0	NaN	-1.0000
45	21	2	31.6817	1	12	0	-1	0	NaN	-1.0000
45	22	2	33.2149	15	14	0	-1	0	NaN	-1.0000
45	23	2	34.7482	14	6	0	-1	0	NaN	-1.0000
45	24	2	36.2815	13	9	0	-1	0	NaN	-1.0000
45	25	2	37.8147	12	15	0	-1	0	NaN	-1.0000
45	26	2	39.3479	11	8	0	-1	0	NaN	-1.0000
45	27	2	40.8812	10	13	0	-1	0	NaN	-1.0000
45	28	2	42.4144	9	10	0	-1	0	NaN	-1.0000
45	29	2	43.9477	8	1	0	-1	0	NaN	-1.0000
45	30	2	45.4810	7	3	0	-1	0	NaN	-1.0000
45	31	2	47.0142	8	1	0	-1	0	NaN	-1.0000
45	32	2	48.5475	7	3	0	-1	0	NaN	-1.0000
45	33	2	50.0807	6	7	0	-1	0	NaN	-1.0000
45	34	2	51.6140	8	1	0	-1	0	NaN	-1.0000
45	35	2	53.1472	7	3	0	-1	0	NaN	-1.0000
45	36	2	54.6805	4	5	0	-1	0	NaN	-1.0000
45	37	2	56.2137	5	2	0	-1	0	NaN	-1.0000
45	38	2	57.7470	7	3	0	-1	0	NaN	-1.0000
45	39	2	59.2802	5	2	0	-1	0	NaN	-1.0000
45	40	2	60.8135	6	7	0	-1	0	NaN	-1.0000
45	41	2	62.3467	4	5	0	-1	0	NaN	-1.0000
45	42	2	63.8800	3	4	0	-1	0	NaN	-1.0000
45	43	2	65.4132	1	12	0	-1	0	NaN	-1.0000
45	44	2	66.9465	2	11	0	-1	0	NaN	-1.0000
45	45	2	68.4798	14	6	0	-1	0	NaN	-1.0000
45	46	2	70.0130	15	14	0	-1	0	NaN	-1.0000
45	47	2	71.5463	1	12	0	-1	0	NaN	-1.0000
45	48	2	73.0795	2	11	0	-1	0	NaN	-1.0000
45	49	2	74.6128	3	4	0	-1	0	NaN	-1.0000
45	50	2	76.1460	4	5	0	-1	0	NaN	-1.0000
45	51	2	77.6793	5	2	0	-1	0	NaN	-1.0000
45	52	2	79.2125	6	7	0	-1	0	NaN	-1.0000
45	53	2	80.7458	7	3	0	-1	0	NaN	-1.0000
45	54	2	82.2790	8	1	0	-1	0	NaN	-1.0000
45	55	2	83.8123	9	10	0	-1	0	NaN	-1.0000
45	56	2	85.3455	10	13	0	-1	0	NaN	-1.0000
45	57	2	86.8788	11	8	0	-1	0	NaN	-1.0000
45	58	2	88.4120	12	15	0	-1	0	NaN	-1.0000
45	59	2	89.9453	13	9	0	-1	1	0.0000	0.6784
45	60	2	91.4786	14	6	0	-1	0	0.0000	-1.0000
45	61	2	93.0118	15	14	0	-1	0	0.0000	-1.0000
45	62	2	94.5451	3	4	0	-1	0	0.0000	-1.0000
45	63	2	96.0783	1	12	0	-1	0	0.0000	-1.0000
45	64	2	97.6115	2	11	0	-1	0	0.0000	-1.0000
45	65	2	99.1448	15	14	0	-1	0	0.0000	-1.0000
45	66	2	100.6781	1	12	0	-1	0	0.0000	-1.0000
45	67	2	102.2113	14	6	0	-1	0	0.0000	-1.0000
45	68	2	103.7446	2	11	0	-1	0	0.0000	-1.0000
45	69	2	105.2778	1	12	0	-1	0	0.0000	-1.0000
45	70	2	106.8111	2	11	0	-1	0	0.0000	-1.0000
45	71	2	108.3443	3	4	0	-1	1	0.0000	0.9174
45	72	2	109.8776	1	12	0	-1	0	0.0000	-1.0000
45	73	2	111.4108	14	6	0	-1	0	0.0000	-1.0000
45	74	2	112.9441	15	14	0	-1	0	0.0000	-1.0000
45	75	2	114.4773	14	6	0	-1	0	0.0000	-1.0000
45	76	2	116.0106	15	14	0	-1	0	0.0000	-1.0000
45	77	2	117.5438	1	12	0	-1	0	0.0000	-1.0000
45	78	2	119.0771	2	11	0	-1	0	0.0000	-1.0000
45	79	2	120.6103	3	4	0	-1	1	0.0000	0.7643
45	80	2	122.1436	4	5	0	-1	0	0.0000	-1.0000
45	81	2	123.6769	5	2	0	-1	0	0.0000	-1.0000
45	82	2	125.2101	6	7	0	-1	1	0.0000	0.7724
45	83	2	126.7434	7	3	0	-1	1	0.0000	1.4154
45	84	2	128.2766	8	1	0	-1	0	0.0000	-1.0000
45	85	2	129.8099	9	10	0	-1	0	0.0000	-1.0000
45	86	2	131.3431	10	13	0	-1	0	0.0000	-1.0000
45	87	2	132.8764	11	8	0	-1	1	0.0000	0.8827
45	88	2	134.4096	12	15	0	-1	0	0.0000	-1.0000
45	89	2	135.9429	13	9	0	-1	1	0.0000	1.2404
45	90	2	137.4761	14	6	0	-1	0	0.0000	-1.0000
45	91	2	139.0094	13	9	0	-1	1	0.1250	0.6855
45	92	2	140.5427	11	8	0	-1	0	0.1250	-1.0000
45	93	2	142.0759	13	9	0	-1	1	0.1111	0.7058
45	94	2	143.6092	14	6	0	-1	0	0.1111	-1.0000
45	95	2	145.1424	15	14	0	-1	0	0.1111	-1.0000
45	96	2	146.6757	3	4	0	-1	1	0.1000	0.7150
45	97	2	148.2089	2	11	0	-1	0	0.1000	-1.0000
45	98	2	149.7422	3	4	0	-1	1	0.0909	0.8807
45	99	2	151.2754	2	11	0	-1	0	0.0909	-1.0000
45	100	2	152.8087	14	6	0	-1	0	0.0909	-1.0000
45	101	2	154.3419	13	9	0	-1	1	0.1667	0.7768
45	102	2	155.8752	11	8	0	-1	0	0.1667	-1.0000
45	103	2	157.4084	13	9	0	-1	1	0.1538	0.8950
45	104	2	158.9417	12	15	0	-1	0	0.1538	-1.0000
45	105	2	160.4749	11	8	0	-1	1	0.1429	0.8676
45	106	2	162.0082	12	15	0	-1	0	0.1429	-1.0000
45	107	2	163.5414	13	9	0	-1	1	0.1333	0.7613
45	108	2	165.0747	14	6	0	-1	0	0.1333	-1.0000
45	109	2	166.6079	15	14	0	-1	0	0.1333	-1.0000
45	110	2	168.1412	1	12	0	-1	0	0.1333	-1.0000
45	111	2	169.6744	2	11	0	-1	0	0.1333	-1.0000
45	112	2	171.2077	3	4	0	-1	1	0.1250	0.7909
45	113	2	172.7410	4	5	0	-1	1	0.1765	1.3058
45	114	2	174.2742	5	2	0	-1	0	0.1765	-1.0000
45	115	2	175.8074	6	7	0	-1	1	0.1667	1.0395
45	116	2	177.3407	7	3	0	-1	0	0.1667	-1.0000
45	117	2	178.8740	8	1	0	-1	0	0.1667	-1.0000
45	118	2	180.4072	9	10	0	-1	0	0.1667	-1.0000
45	119	2	181.9405	10	13	0	-1	0	0.1667	-1.0000
45	120	2	183.4737	11	8	0	-1	0	0.1667	-1.0000
45	121	2	185.0070	13	9	0	-1	1	0.1579	0.6718
45	122	2	186.5402	14	6	0	-1	0	0.1579	-1.0000
45	123	2	188.0735	13	9	0	-1	1	0.2000	0.7093
45	124	2	189.6068	10	13	0	-1	0	0.2000	-1.0000
45	125	2	191.1400	12	15	0	-1	1	0.1905	0.9069
45	126	2	192.6732	13	9	0	-1	1	0.1818	1.3253
45	127	2	194.2065	10	13	0	-1	0	0.1818	-1.0000
45	128	2	195.7398	9	10	0	-1	0	0.1818	-1.0000
45	129	2	197.2730	12	15	0	-1	1	0.1739	0.7257
45	130	2	198.8063	11	8	0	-1	0	0.1739	-1.0000
45	131	2	200.3395	13	9	0	-1	1	0.1667	0.7305
45	132	2	201.8728	14	6	0	-1	0	0.1667	-1.0000
45	133	2	203.4060	15	14	0	-1	0	0.1667	-1.0000
45	134	2	204.9393	3	4	0	-1	1	0.1600	0.8356
45	135	2	206.4725	1	12	0	-1	0	0.1600	-1.0000
45	136	2	208.0058	2	11	0	-1	0	0.1600	-1.0000
45	137	2	209.5390	3	4	0	-1	1	0.1538	0.7798
45	138	2	211.0723	4	5	0	-1	1	0.1852	1.0065
45	139	2	212.6055	5	2	0	-1	0	0.1852	-1.0000
45	140	2	214.1388	6	7	0	-1	1	0.1786	0.8679
45	141	2	215.6721	7	3	0	-1	0	0.1786	-1.0000
45	142	2	217.2053	8	1	0	-1	0	0.1786	-1.0000
45	143	2	218.7385	9	10	0	-1	0	0.1786	-1.0000
45	144	2	220.2718	10	13	0	-1	0	0.1786	-1.0000
45	145	2	221.8051	11	8	0	-1	1	0.1724	0.8657
45	146	2	223.3383	12	15	0	-1	1	0.1667	0.8204
45	147	2	224.8715	13	9	0	-1	1	0.1613	0.8233
45	148	2	226.4048	14	6	0	-1	0	0.1613	-1.0000
45	149	2	227.9381	15	14	0	-1	0	0.1613	-1.0000
45	150	2	229.4713	1	12	0	-1	0	0.1613	-1.0000
45	151	2	231.0046	2	11	0	-1	0	0.1613	-1.0000
45	152	2	232.5378	15	14	0	-1	0	0.1613	-1.0000
45	153	2	234.0711	14	6	0	-1	0	0.1613	-1.0000
45	154	2	235.6043	1	12	0	-1	0	0.1613	-1.0000
45	155	2	237.1376	2	11	0	-1	0	0.1613	-1.0000
45	156	2	238.6708	15	14	0	-1	0	0.1613	-1.0000
45	157	2	240.2041	2	11	0	-1	0	0.1613	-1.0000
45	158	2	241.7373	14	6	0	-1	0	0.1613	-1.0000
45	159	2	243.2706	15	14	0	-1	0	0.1613	-1.0000
45	160	2	244.8038	3	4	0	-1	1	0.1563	0.7637
45	161	2	246.3371	4	5	0	-1	1	0.1818	0.9405
45	162	2	247.8703	3	4	0	-1	1	0.2059	0.9117
45	163	2	249.4036	2	11	0	-1	0	0.2059	-1.0000
45	164	2	250.9369	1	12	0	-1	0	0.2059	-1.0000
45	165	2	252.4701	2	11	0	-1	0	0.2059	-1.0000
45	166	2	254.0034	1	12	0	-1	0	0.2059	-1.0000
45	167	2	255.5366	15	14	0	-1	0	0.2059	-1.0000
45	168	2	257.0699	14	6	0	-1	0	0.2059	-1.0000
45	169	2	258.6031	13	9	0	-1	1	0.2286	0.9945
45	170	2	260.1364	12	15	0	-1	1	0.2222	1.1105
45	171	2	261.6696	11	8	0	-1	0	0.2222	-1.0000
45	172	2	263.2029	10	13	0	-1	0	0.2222	-1.0000
45	173	2	264.7361	9	10	0	-1	0	0.2222	-1.0000
45	174	2	266.2694	8	1	0	-1	0	0.2222	-1.0000
45	175	2	267.8026	7	3	0	-1	0	0.2222	-1.0000
45	176	2	269.3359	6	7	0	-1	1	0.2162	0.9829
45	177	2	270.8691	5	2	0	-1	0	0.2162	-1.0000
45	178	2	272.4024	4	5	0	-1	0	0.2162	-1.0000
45	179	2	273.9356	3	4	0	-1	1	0.2368	1.4225
45	180	2	275.4689	2	11	0	-1	1	0.2308	0.0169
45	181	2	277.0022	3	4	0	-1	0	0.2308	-1.0000
45	182	2	278.5354	15	14	0	-1	0	0.2308	-1.0000
45	183	2	280.0686	1	12	0	-1	0	0.2308	-1.0000
45	184	2	281.6019	2	11	0	-1	0	0.2308	-1.0000
45	185	2	283.1352	3	4	0	-1	1	0.2250	0.7035
45	186	2	284.6684	2	11	0	-1	0	0.2250	-1.0000
45	187	2	286.2017	15	14	0	-1	0	0.2250	-1.0000
45	188	2	287.7349	2	11	0	-1	0	0.2250	-1.0000
45	189	2	289.2682	15	14	0	-1	0	0.2250	-1.0000
45	190	2	290.8014	3	4	0	-1	1	0.2195	0.9735
45	191	2	292.3347	15	14	0	-1	0	0.2195	-1.0000
45	192	2	293.8679	1	12	0	-1	0	0.2195	-1.0000
45	193	2	295.4012	14	6	0	-1	0	0.2195	-1.0000
45	194	2	296.9344	1	12	0	-1	0	0.2195	-1.0000
45	195	2	298.4677	2	11	0	-1	0	0.2195	-1.0000
45	196	2	300.0009	1	12	0	-1	0	0.2195	-1.0000
45	197	2	301.5342	15	14	0	-1	0	0.2195	-1.0000
45	198	2	303.0674	14	6	0	-1	0	0.2195	-1.0000
45	199	2	304.6007	13	9	0	-1	1	0.2381	1.1901
45	200	2	306.1339	12	15	0	-1	0	0.2381	-1.0000
45	201	2	307.6672	11	8	0	-1	0	0.2381	-1.0000
45	202	2	309.2005	10	13	0	-1	1	0.2326	0.7982
45	203	2	310.7337	9	10	0	-1	0	0.2326	-1.0000
45	204	2	312.2670	8	1	0	-1	0	0.2326	-1.0000
45	205	2	313.8002	7	3	0	-1	0	0.2326	-1.0000
45	206	2	315.3335	6	7	0	-1	1	0.2273	0.8899
45	207	2	316.8667	5	2	0	-1	0	0.2273	-1.0000
45	208	2	318.4000	4	5	0	-1	0	0.2273	-1.0000
45	209	2	319.9332	3	4	0	-1	0	0.2273	-1.0000
45	210	2	321.4665	2	11	0	-1	1	0.2222	0.6443
45	211	2	322.9997	3	4	0	-1	0	0.2222	-1.0000
45	212	2	324.5330	1	12	0	-1	0	0.2222	-1.0000
45	213	2	326.0662	15	14	0	-1	0	0.2222	-1.0000
45	214	2	327.5995	1	12	0	-1	0	0.2222	-1.0000
45	215	2	329.1327	14	6	0	-1	0	0.2222	-1.0000
45	216	2	330.6660	2	11	0	-1	0	0.2222	-1.0000
45	217	2	332.1992	14	6	0	-1	0	0.2222	-1.0000
45	218	2	333.7325	1	12	0	-1	0	0.2222	-1.0000
45	219	2	335.2658	3	4	0	-1	1	0.2174	0.9251
45	220	2	336.7990	15	14	0	-1	0	0.2174	-1.0000
45	221	2	338.3322	2	11	0	-1	0	0.2174	-1.0000
45	222	2	339.8655	3	4	0	-1	0	0.2174	-1.0000
45	223	2	341.3988	1	12	0	-1	0	0.2174	-1.0000
45	224	2	342.9320	14	6	0	-1	0	0.2174	-1.0000
45	225	2	344.4653	1	12	0	-1	0	0.2174	-1.0000
45	226	2	345.9985	2	11	0	-1	0	0.2174	-1.0000
45	227	2	347.5318	3	4	0	-1	1	0.2128	0.7071
45	228	2	349.0650	4	5	0	-1	0	0.2128	-1.0000
45	229	2	350.5983	5	2	0	-1	0	0.2128	-1.0000
45	230	2	352.1315	6	7	0	-1	1	0.2083	1.0192
45	231	2	353.6648	7	3	0	-1	0	0.2083	-1.0000
45	232	2	355.1980	8	1	0	-1	0	0.2083	-1.0000
45	233	2	356.7313	9	10	0	-1	0	0.2083	-1.0000
45	234	2	358.2646	10	13	0	-1	0	0.2083	-1.0000
45	235	2	359.7978	11	8	0	-1	1	0.2041	0.9849
45	236	2	361.3310	12	15	0	-1	1	0.2000	0.8919
45	237	2	362.8643	13	9	0	-1	0	0.2000	-1.0000
45	238	2	364.3976	14	6	0	-1	0	0.2000	-1.0000
45	239	2	365.9308	15	14	0	-1	0	0.2000	-1.0000
45	240	2	367.4641	1	12	0	-1	1	0.1961	0.0168
45	241	2	368.9974	2	11	0	-1	0	0.1961	-1.0000
45	242	2	370.5306	15	14	0	-1	0	0.1961	-1.0000
45	243	2	372.0638	3	4	0	-1	1	0.1923	1.3588
45	244	2	373.5971	4	5	0	-1	0	0.1923	-1.0000
45	245	2	375.1303	3	4	0	-1	1	0.2075	1.1887
45	246	2	376.6636	2	11	0	-1	0	0.2075	-1.0000
45	247	2	378.1968	14	6	0	-1	0	0.2075	-1.0000
45	248	2	379.7301	1	12	0	-1	0	0.2075	-1.0000
45	249	2	381.2633	2	11	0	-1	0	0.2075	-1.0000
45	250	2	382.7966	15	14	0	-1	0	0.2075	-1.0000
45	251	2	384.3299	14	6	0	-1	0	0.2075	-1.0000
45	252	2	385.8631	15	14	0	-1	0	0.2075	-1.0000
45	253	2	387.3964	3	4	0	-1	0	0.2075	-1.0000
45	254	2	388.9296	15	14	0	-1	0	0.2075	-1.0000
45	255	2	390.4629	1	12	0	-1	0	0.2075	-1.0000
45	256	2	391.9961	2	11	0	-1	0	0.2075	-1.0000
45	257	2	393.5294	3	4	0	-1	1	0.2037	0.7577
45	258	2	395.0626	4	5	0	-1	0	0.2037	-1.0000
45	259	2	396.5959	5	2	0	-1	0	0.2037	-1.0000
45	260	2	398.1291	6	7	0	-1	1	0.2000	1.1003
45	261	2	399.6624	7	3	0	-1	0	0.2000	-1.0000
45	262	2	401.1956	8	1	0	-1	0	0.2000	-1.0000
45	263	2	402.7289	9	10	0	-1	0	0.2000	-1.0000
45	264	2	404.2621	10	13	0	-1	0	0.2000	-1.0000
45	265	2	405.7954	11	8	0	-1	1	0.1964	0.8113
45	266	2	407.3286	12	15	0	-1	1	0.1930	0.8781
45	267	2	408.8619	13	9	0	-1	0	0.1930	-1.0000
45	268	2	410.3952	14	6	0	-1	0	0.1930	-1.0000
45	269	2	411.9284	15	14	0	-1	1	0.1897	0.5666
45	270	2	413.4617	1	12	0	-1	0	0.1897	-1.0000
45	271	2	414.9949	15	14	0	-1	0	0.1897	-1.0000
45	272	2	416.5282	14	6	0	-1	0	0.1897	-1.0000
45	273	2	418.0614	1	12	0	-1	0	0.1897	-1.0000
45	274	2	419.5947	3	4	0	-1	1	0.1864	0.9799
45	275	2	421.1279	1	12	0	-1	0	0.1864	-1.0000
45	276	2	422.6612	15	14	0	-1	0	0.1864	-1.0000
45	277	2	424.1944	14	6	0	-1	0	0.1864	-1.0000
45	278	2	425.7277	15	14	0	-1	0	0.1864	-1.0000
45	279	2	427.2609	14	6	0	-1	0	0.1864	-1.0000
45	280	2	428.7942	13	9	0	-1	1	0.2000	0.9165
45	281	2	430.3275	14	6	0	-1	0	0.2000	-1.0000
45	282	2	431.8607	13	9	0	-1	1	0.2131	0.6981
45	283	2	433.3939	10	13	0	-1	0	0.2131	-1.0000
45	284	2	434.9272	11	8	0	-1	1	0.2097	0.8947
45	285	2	436.4604	10	13	0	-1	0	0.2097	-1.0000
45	286	2	437.9937	9	10	0	-1	0	0.2097	-1.0000
45	287	2	439.5270	8	1	0	-1	0	0.2097	-1.0000
45	288	2	441.0602	7	3	0	-1	0	0.2097	-1.0000
45	289	2	442.5935	6	7	0	-1	1	0.2063	0.8132
45	290	2	444.1267	5	2	0	-1	0	0.2063	-1.0000
45	291	2	445.6600	4	5	0	-1	0	0.2063	-1.0000
45	292	2	447.1932	3	4	0	-1	1	0.2188	1.1729
45	293	2	448.7265	2	11	0	-1	0	0.2188	-1.0000
45	294	2	450.2597	1	12	0	-1	0	0.2188	-1.0000
45	295	2	451.7930	15	14	0	-1	0	0.2188	-1.0000
45	296	2	453.3262	14	6	0	-1	0	0.2188	-1.0000
45	297	2	454.8595	13	9	0	-1	1	0.2308	0.7390
45	298	2	456.3927	12	15	0	-1	0	0.2308	-1.0000
45	299	2	457.9260	11	8	0	-1	1	0.2273	1.1454
45	300	2	459.4592	10	13	0	-1	0	0.2273	-1.0000
45	301	2	460.9925	11	8	0	-1	1	0.2239	0.7507
45	302	2	462.5257	10	13	0	-1	0	0.2239	-1.0000
45	303	2	464.0590	13	9	0	-1	1	0.2206	0.6597
45	304	2	465.5923	14	6	0	-1	0	0.2206	-1.0000
45	305	2	467.1255	2	11	0	-1	0	0.2206	-1.0000
45	306	2	468.6587	1	12	0	-1	0	0.2206	-1.0000
45	307	2	470.1920	3	4	0	-1	1	0.2174	0.8947
45	308	2	471.7253	1	12	0	-1	0	0.2174	-1.0000
45	309	2	473.2585	2	11	0	-1	0	0.2174	-1.0000
45	310	2	474.7918	15	14	0	-1	0	0.2174	-1.0000
45	311	2	476.3250	3	4	0	-1	0	0.2174	-1.0000
45	312	2	477.8583	1	12	0	-1	0	0.2174	-1.0000
45	313	2	479.3915	15	14	0	-1	0	0.2174	-1.0000
45	314	2	480.9248	1	12	0	-1	0	0.2174	-1.0000
45	315	2	482.4580	14	6	0	-1	0	0.2174	-1.0000
45	316	2	483.9913	15	14	0	-1	0	0.2174	-1.0000
45	317	2	485.5245	1	12	0	-1	0	0.2174	-1.0000
45	318	2	487.0578	2	11	0	-1	0	0.2174	-1.0000
45	319	2	488.5910	3	4	0	-1	1	0.2143	0.6558
45	320	2	490.1243	4	5	0	-1	0	0.2143	-1.0000
45	321	2	491.6575	5	2	0	-1	0	0.2143	-1.0000
45	322	2	493.1908	6	7	0	-1	0	0.2143	-1.0000
45	323	2	494.7241	7	3	0	-1	0	0.2143	-1.0000
45	324	2	496.2573	8	1	0	-1	0	0.2143	-1.0000
45	325	2	497.7906	9	10	0	-1	1	0.2254	0.6400
45	326	2	499.3238	10	13	0	-1	0	0.2254	-1.0000
45	327	2	500.8571	11	8	0	-1	1	0.2222	0.9656
45	328	2	502.3903	12	15	0	-1	0	0.2222	-1.0000
45	329	2	503.9236	13	9	0	-1	1	0.2192	0.6671
45	330	2	505.4568	14	6	0	-1	0	0.2192	-1.0000
45	331	2	506.9901	15	14	0	-1	0	0.2192	-1.0000
45	332	2	508.5233	2	11	0	-1	0	0.2192	-1.0000
45	333	2	510.0566	1	12	0	-1	1	0.2162	0.9657
45	334	2	511.5898	14	6	0	-1	0	0.2162	-1.0000
45	335	2	513.1231	1	12	0	-1	0	0.2162	-1.0000
45	336	2	514.6563	3	4	0	-1	0	0.2162	-1.0000
45	337	2	516.1896	15	14	0	-1	0	0.2162	-1.0000
45	338	2	517.7228	14	6	0	-1	0	0.2162	-1.0000
45	339	2	519.2561	2	11	0	-1	0	0.2162	-1.0000
45	340	2	520.7893	14	6	0	-1	0	0.2162	-1.0000
45	341	2	522.3226	15	14	0	-1	0	0.2162	-1.0000
45	342	2	523.8559	14	6	0	-1	0	0.2162	-1.0000
45	343	2	525.3891	15	14	0	-1	0	0.2162	-1.0000
45	344	2	526.9223	2	11	0	-1	0	0.2162	-1.0000
45	345	2	528.4556	3	4	0	-1	1	0.2133	0.7592
45	346	2	529.9889	2	11	0	-1	0	0.2133	-1.0000
45	347	2	531.5221	1	12	0	-1	0	0.2133	-1.0000
45	348	2	533.0554	15	14	0	-1	0	0.2133	-1.0000
45	349	2	534.5886	14	6	0	-1	0	0.2133	-1.0000
45	350	2	536.1219	13	9	0	-1	1	0.2237	1.0916
45	351	2	537.6551	12	15	0	-1	0	0.2237	-1.0000
45	352	2	539.1884	11	8	0	-1	0	0.2237	-1.0000
45	353	2	540.7216	10	13	0	-1	0	0.2237	-1.0000
45	354	2	542.2549	9	10	0	-1	0	0.2237	-1.0000
45	355	2	543.7881	8	1	0	-1	0	0.2237	-1.0000
45	356	2	545.3214	7	3	0	-1	0	0.2237	-1.0000
45	357	2	546.8546	6	7	0	-1	1	0.2208	0.7921
45	358	2	548.3879	5	2	0	-1	0	0.2208	-1.0000
45	359	2	549.9211	4	5	0	-1	1	0.2179	0.8456
45	360	2	551.4544	3	4	0	-1	1	0.2278	0.7359
45	361	2	552.9877	1	12	0	-1	0	0.2278	-1.0000
45	362	2	554.5209	3	4	0	-1	1	0.2250	0.6458
45	363	2	556.0542	15	14	0	-1	0	0.2250	-1.0000
45	364	2	557.5874	3	4	0	-1	1	0.2222	0.7470
45	365	2	559.1207	4	5	0	-1	0	0.2222	-1.0000
45	366	2	560.6539	5	2	0	-1	1	0.2195	0.5606
45	367	2	562.1872	8	1	0	-1	0	0.2195	-1.0000
45	368	2	563.7204	7	3	0	-1	0	0.2195	-1.0000
45	369	2	565.2537	4	5	0	-1	1	0.2169	0.8727
45	370	2	566.7869	7	3	0	-1	0	0.2169	-1.0000
45	371	2	568.3202	6	7	0	-1	1	0.2143	0.8463
45	372	2	569.8534	7	3	0	-1	0	0.2143	-1.0000
45	373	2	571.3867	8	1	0	-1	0	0.2143	-1.0000
45	374	2	572.9200	7	3	0	-1	0	0.2143	-1.0000
45	375	2	574.4532	8	1	0	-1	0	0.2143	-1.0000
45	376	2	575.9864	7	3	0	-1	0	0.2143	-1.0000
45	377	2	577.5197	6	7	0	-1	1	0.2118	0.6384
45	378	2	579.0530	5	2	0	-1	0	0.2118	-1.0000
45	379	2	580.5862	4	5	0	-1	0	0.2118	-1.0000
45	380	2	582.1195	3	4	0	-1	1	0.2209	0.5344
45	381	2	583.6527	2	11	0	-1	0	0.2209	-1.0000
45	382	2	585.1860	1	12	0	-1	0	0.2209	-1.0000
45	383	2	586.7192	15	14	0	-1	0	0.2209	-1.0000
45	384	2	588.2525	14	6	0	-1	0	0.2209	-1.0000
45	385	2	589.7857	13	9	0	-1	1	0.2299	0.8206
45	386	2	591.3190	12	15	0	-1	0	0.2299	-1.0000
45	387	2	592.8522	11	8	0	-1	1	0.2273	1.2109
45	388	2	594.3855	10	13	0	-1	0	0.2273	-1.0000
45	389	2	595.9187	9	10	0	-1	0	0.2273	-1.0000
45	390	2	597.4520	8	1	0	-1	0	0.2273	-1.0000
45	391	2	598.9852	7	3	0	-1	0	0.2273	-1.0000
45	392	2	600.5185	6	7	0	-1	1	0.2247	0.8083
45	393	2	602.0517	5	2	0	-1	0	0.2247	-1.0000
45	394	2	603.5850	8	1	0	-1	0	0.2247	-1.0000
45	395	2	605.1182	5	2	0	-1	0	0.2247	-1.0000
45	396	2	606.6515	8	1	0	-1	0	0.2247	-1.0000
45	397	2	608.1847	7	3	0	-1	0	0.2247	-1.0000
45	398	2	609.7180	4	5	0	-1	1	0.2222	0.8874
45	399	2	611.2513	6	7	0	-1	0	0.2222	-1.0000
45	400	2	612.7845	8	1	0	-1	1	0.2198	0.0301
45	401	2	614.3178	7	3	0	-1	0	0.2198	-1.0000
45	402	2	615.8510	6	7	0	-1	1	0.2174	1.0275
45	403	2	617.3843	4	5	0	-1	0	0.2174	-1.0000
45	404	2	618.9175	6	7	0	-1	1	0.2151	0.7286
45	405	2	620.4508	8	1	0	-1	0	0.2151	-1.0000
45	406	2	621.9840	7	3	0	-1	0	0.2151	-1.0000
45	407	2	623.5173	6	7	0	-1	1	0.2128	0.7537
45	408	2	625.0505	5	2	0	-1	0	0.2128	-1.0000
45	409	2	626.5838	4	5	0	-1	1	0.2105	1.3816
45	410	2	628.1170	3	4	0	-1	1	0.2188	0.6817
45	411	2	629.6503	2	11	0	-1	0	0.2188	-1.0000
45	412	2	631.1835	1	12	0	-1	0	0.2188	-1.0000
45	413	2	632.7168	15	14	0	-1	0	0.2188	-1.0000
45	414	2	634.2501	14	6	0	-1	0	0.2188	-1.0000
45	415	2	635.7833	13	9	0	-1	1	0.2268	0.7752
45	416	2	637.3165	12	15	0	-1	0	0.2268	-1.0000
45	417	2	638.8498	11	8	0	-1	1	0.2245	0.5566
45	418	2	640.3831	10	13	0	-1	0	0.2245	-1.0000
45	419	2	641.9163	9	10	0	-1	0	0.2245	-1.0000
45	420	2	643.4496	8	1	0	-1	0	0.2245	-1.0000
45	421	2	644.9828	7	3	0	-1	0	0.2245	-1.0000
45	422	2	646.5161	6	7	0	-1	1	0.2222	0.7306
45	423	2	648.0493	7	3	0	-1	0	0.2222	-1.0000
45	424	2	649.5826	5	2	0	-1	0	0.2222	-1.0000
45	425	2	651.1158	4	5	0	-1	1	0.2200	1.1867
45	426	2	652.6491	6	7	0	-1	1	0.2178	0.8053
45	427	2	654.1824	5	2	0	-1	0	0.2178	-1.0000
45	428	2	655.7156	4	5	0	-1	0	0.2178	-1.0000
45	429	2	657.2488	6	7	0	-1	1	0.2157	0.8780
45	430	2	658.7821	5	2	0	-1	0	0.2157	-1.0000
45	431	2	660.3153	4	5	0	-1	0	0.2157	-1.0000
45	432	2	661.8486	7	3	0	-1	0	0.2157	-1.0000
45	433	2	663.3818	5	2	0	-1	0	0.2157	-1.0000
45	434	2	664.9151	8	1	0	-1	0	0.2157	-1.0000
45	435	2	666.4484	7	3	0	-1	0	0.2157	-1.0000
45	436	2	667.9816	8	1	0	-1	0	0.2157	-1.0000
45	437	2	669.5149	9	10	0	-1	0	0.2157	-1.0000
45	438	2	671.0481	10	13	0	-1	0	0.2157	-1.0000
45	439	2	672.5814	11	8	0	-1	1	0.2136	0.7452
45	440	2	674.1146	12	15	0	-1	1	0.2115	0.9237
45	441	2	675.6479	13	9	0	-1	1	0.2095	0.7662
45	442	2	677.1811	14	6	0	-1	0	0.2095	-1.0000
45	443	2	678.7144	15	14	0	-1	0	0.2095	-1.0000
45	444	2	680.2476	1	12	0	-1	0	0.2095	-1.0000
45	445	2	681.7809	2	11	0	-1	0	0.2095	-1.0000
45	446	2	683.3141	3	4	0	-1	1	0.2075	0.8124
45	447	2	684.8474	4	5	0	-1	1	0.2150	1.3760
45	448	2	686.3806	5	2	0	-1	0	0.2150	-1.0000
45	449	2	687.9139	6	7	0	-1	1	0.2130	0.5653
45	450	2	689.4471	7	3	0	-1	0	0.2130	-1.0000
45	451	2	690.9804	8	1	0	-1	0	0.2130	-1.0000
45	452	2	692.5137	9	10	0	-1	0	0.2130	-1.0000
45	453	2	694.0469	10	13	0	-1	0	0.2130	-1.0000
45	454	2	695.5802	12	15	0	-1	1	0.2110	0.6425
45	455	2	697.1134	10	13	0	-1	0	0.2110	-1.0000
45	456	2	698.6467	11	8	0	-1	1	0.2091	0.7923
45	457	2	700.1799	9	10	0	-1	0	0.2091	-1.0000
45	458	2	701.7132	11	8	0	-1	1	0.2072	0.8776
45	459	2	703.2465	9	10	0	-1	0	0.2072	-1.0000
45	460	2	704.7797	8	1	0	-1	0	0.2072	-1.0000
45	461	2	706.3129	5	2	0	-1	0	0.2072	-1.0000
45	462	2	707.8462	7	3	0	-1	0	0.2072	-1.0000
45	463	2	709.3794	5	2	0	-1	0	0.2072	-1.0000
45	464	2	710.9127	8	1	0	-1	0	0.2072	-1.0000
45	465	2	712.4459	6	7	0	-1	1	0.2054	0.7207
45	466	2	713.9792	7	3	0	-1	0	0.2054	-1.0000
45	467	2	715.5124	8	1	0	-1	0	0.2054	-1.0000
45	468	2	717.0457	9	10	0	-1	0	0.2054	-1.0000
45	469	2	718.5789	10	13	0	-1	0	0.2054	-1.0000
45	470	2	720.1122	11	8	0	-1	1	0.2035	0.8142
45	471	2	721.6455	12	15	0	-1	1	0.2018	1.1691
45	472	2	723.1787	13	9	0	-1	0	0.2018	-1.0000
45	473	2	724.7120	14	6	0	-1	0	0.2018	-1.0000
45	474	2	726.2452	15	14	0	-1	0	0.2018	-1.0000
45	475	2	727.7785	1	12	0	-1	0	0.2018	-1.0000
45	476	2	729.3117	2	11	0	-1	0	0.2018	-1.0000
45	477	2	730.8450	3	4	0	-1	1	0.2000	1.0576
45	478	2	732.3782	4	5	0	-1	0	0.2000	-1.0000
45	479	2	733.9115	5	2	0	-1	0	0.2000	-1.0000
45	480	2	735.4447	6	7	0	-1	1	0.1983	0.8265
45	481	2	736.9780	8	1	0	-1	0	0.1983	-1.0000
45	482	2	738.5112	6	7	0	-1	1	0.1966	0.9592
45	483	2	740.0445	5	2	0	-1	0	0.1966	-1.0000
45	484	2	741.5777	6	7	0	-1	1	0.1949	0.8693
45	485	2	743.1110	8	1	0	-1	0	0.1949	-1.0000
45	486	2	744.6442	5	2	0	-1	0	0.1949	-1.0000
45	487	2	746.1775	4	5	0	-1	1	0.1933	1.2608
45	488	2	747.7107	7	3	0	-1	0	0.1933	-1.0000
45	489	2	749.2440	8	1	0	-1	0	0.1933	-1.0000
45	490	2	750.7773	9	10	0	-1	0	0.1933	-1.0000
45	491	2	752.3105	11	8	0	-1	1	0.1917	0.7749
45	492	2	753.8438	9	10	0	-1	0	0.1917	-1.0000
45	493	2	755.3770	11	8	0	-1	0	0.1917	-1.0000
45	494	2	756.9103	9	10	0	-1	0	0.1917	-1.0000
45	495	2	758.4435	11	8	0	-1	0	0.1917	-1.0000
45	496	2	759.9768	12	15	0	-1	0	0.1917	-1.0000
45	497	2	761.5100	13	9	0	-1	1	0.1901	0.8091
45	498	2	763.0433	14	6	0	-1	0	0.1901	-1.0000
45	499	2	764.5765	15	14	0	-1	0	0.1901	-1.0000
45	500	2	766.1098	1	12	0	-1	0	0.1901	-1.0000
45	501	2	767.6430	2	11	0	-1	0	0.1901	-1.0000
45	502	2	769.1763	3	4	0	-1	1	0.1885	0.8702
45	503	2	770.7095	4	5	0	-1	1	0.1951	0.8412
45	504	2	772.2428	5	2	0	-1	0	0.1951	-1.0000
45	505	2	773.7761	6	7	0	-1	1	0.1935	0.9583
45	506	2	775.3093	7	3	0	-1	1	0.1920	1.2809
45	507	2	776.8425	8	1	0	-1	0	0.1920	-1.0000
45	508	2	778.3758	9	10	0	-1	0	0.1920	-1.0000
45	509	2	779.9091	10	13	0	-1	0	0.1920	-1.0000
45	510	2	781.4423	11	8	0	-1	1	0.1905	1.0204
45	511	2	782.9756	12	15	0	-1	1	0.1890	0.8310
45	512	2	784.5088	13	9	0	-1	1	0.1875	0.7543
45	513	2	786.0421	14	6	0	-1	0	0.1875	-1.0000
45	514	2	787.5753	13	9	0	-1	0	0.1875	-1.0000
45	515	2	789.1086	10	13	0	-1	0	0.1875	-1.0000
45	516	2	790.6418	13	9	0	-1	1	0.1860	0.9725
45	517	2	792.1751	10	13	0	-1	0	0.1860	-1.0000
45	518	2	793.7083	9	10	0	-1	0	0.1860	-1.0000
45	519	2	795.2416	11	8	0	-1	1	0.1846	0.8209
45	520	2	796.7748	12	15	0	-1	1	0.1832	0.9357
45	521	2	798.3081	13	9	0	-1	0	0.1832	-1.0000
45	522	2	799.8413	10	13	0	-1	0	0.1832	-1.0000
45	523	2	801.3746	12	15	0	-1	0	0.1832	-1.0000
45	524	2	802.9079	11	8	0	-1	1	0.1818	0.9618
45	525	2	804.4411	12	15	0	-1	1	0.1805	0.6295
45	526	2	805.9743	11	8	0	-1	1	0.1791	0.7921
45	527	2	807.5076	10	13	0	-1	0	0.1791	-1.0000
45	528	2	809.0409	9	10	0	-1	0	0.1791	-1.0000
45	529	2	810.5741	8	1	0	-1	0	0.1791	-1.0000
45	530	2	812.1074	7	3	0	-1	0	0.1791	-1.0000
45	531	2	813.6406	6	7	0	-1	1	0.1778	0.8700
45	532	2	815.1739	5	2	0	-1	0	0.1778	-1.0000
45	533	2	816.7071	4	5	0	-1	1	0.1765	0.8595
45	534	2	818.2404	3	4	0	-1	1	0.1825	0.8620
45	535	2	819.7736	2	11	0	-1	0	0.1825	-1.0000
45	536	2	821.3069	1	12	0	-1	0	0.1825	-1.0000
45	537	2	822.8401	15	14	0	-1	0	0.1825	-1.0000
45	538	2	824.3733	14	6	0	-1	0	0.1825	-1.0000
45	539	2	825.9067	13	9	0	-1	1	0.1884	0.7479
45	540	2	827.4399	12	15	0	-1	1	0.1871	0.7826
45	541	2	828.9732	13	9	0	-1	1	0.1857	0.9288
45	542	2	830.5064	12	15	0	-1	1	0.1844	1.2205
45	543	2	832.0397	9	10	0	-1	1	0.1831	0.9989
45	544	2	833.5729	11	8	0	-1	1	0.1818	1.1457
45	545	2	835.1062	13	9	0	-1	0	0.1818	-1.0000
45	546	2	836.6394	14	6	0	-1	0	0.1818	-1.0000
45	547	2	838.1727	1	12	0	-1	0	0.1818	-1.0000
45	548	2	839.7059	3	4	0	-1	1	0.1806	1.0446
45	549	2	841.2392	2	11	0	-1	0	0.1806	-1.0000
45	550	2	842.7724	1	12	0	-1	0	0.1806	-1.0000
45	551	2	844.3057	15	14	0	-1	0	0.1806	-1.0000
45	552	2	845.8389	1	12	0	-1	0	0.1806	-1.0000
45	553	2	847.3722	14	6	0	-1	0	0.1806	-1.0000
45	554	2	848.9054	1	12	0	-1	0	0.1806	-1.0000
45	555	2	850.4387	2	11	0	-1	0	0.1806	-1.0000
45	556	2	851.9719	1	12	0	-1	0	0.1806	-1.0000
45	557	2	853.5052	15	14	0	-1	0	0.1806	-1.0000
45	558	2	855.0384	14	6	0	-1	0	0.1806	-1.0000
45	559	2	856.5717	13	9	0	-1	0	0.1806	-1.0000
45	560	2	858.1050	12	15	0	-1	0	0.1806	-1.0000
45	561	2	859.6382	11	8	0	-1	1	0.1793	0.6644
45	562	2	861.1715	10	13	0	-1	0	0.1793	-1.0000
45	563	2	862.7047	9	10	0	-1	0	0.1793	-1.0000
45	564	2	864.2380	8	1	0	-1	0	0.1793	-1.0000
45	565	2	865.7712	7	3	0	-1	0	0.1793	-1.0000
45	566	2	867.3045	6	7	0	-1	1	0.1781	0.6779
45	567	2	868.8377	5	2	0	-1	1	0.1769	1.2075
45	568	2	870.3710	4	5	0	-1	1	0.1757	1.4516
45	569	2	871.9042	3	4	0	-1	1	0.1812	0.0169
45	570	2	873.4375	2	11	0	-1	1	0.1800	1.0890
45	571	2	874.9707	3	4	0	-1	0	0.1800	-1.0000
45	572	2	876.5040	1	12	0	-1	0	0.1800	-1.0000
45	573	2	878.0372	2	11	0	-1	0	0.1800	-1.0000
45	574	2	879.5705	15	14	0	-1	0	0.1800	-1.0000
45	575	2	881.1037	2	11	0	-1	0	0.1800	-1.0000
45	576	2	882.6370	1	12	0	-1	0	0.1800	-1.0000
45	577	2	884.1703	14	6	0	-1	0	0.1800	-1.0000
45	578	2	885.7035	1	12	0	-1	0	0.1800	-1.0000
45	579	2	887.2368	14	6	0	-1	0	0.1800	-1.0000
45	580	2	888.7700	15	14	0	-1	0	0.1800	-1.0000
45	581	2	890.3033	2	11	0	-1	0	0.1800	-1.0000
45	582	2	891.8365	15	14	0	-1	0	0.1800	-1.0000
45	583	2	893.3698	14	6	0	-1	0	0.1800	-1.0000
45	584	2	894.9030	15	14	0	-1	0	0.1800	-1.0000
45	585	2	896.4363	14	6	0	-1	0	0.1800	-1.0000
45	586	2	897.9695	15	14	0	-1	0	0.1800	-1.0000
45	587	2	899.5028	1	12	0	-1	0	0.1800	-1.0000
45	588	2	901.0360	2	11	0	-1	0	0.1800	-1.0000
45	589	2	902.5693	3	4	0	-1	1	0.1788	0.8693
45	590	2	904.1025	4	5	0	-1	1	0.1842	0.9039
45	591	2	905.6358	5	2	0	-1	0	0.1842	-1.0000
45	592	2	907.1690	6	7	0	-1	1	0.1830	0.9574
45	593	2	908.7023	7	3	0	-1	0	0.1830	-1.0000
45	594	2	910.2356	8	1	0	-1	0	0.1830	-1.0000
45	595	2	911.7688	9	10	0	-1	0	0.1830	-1.0000
45	596	2	913.3020	10	13	0	-1	0	0.1830	-1.0000
45	597	2	914.8353	11	8	0	-1	1	0.1818	0.7797
45	598	2	916.3686	12	15	0	-1	1	0.1806	0.9742
45	599	2	917.9018	13	9	0	-1	0	0.1806	-1.0000
45	600	2	919.4351	14	6	0	-1	0	0.1806	-1.0000
Actual parsing ratio
0.1806
Possible node parses
84.0000
 Node parses selected
0.3333
Possible other parses
516.0000
Other parses selected
0.2461
Chance parsing ratio
0.1400
Shock trials
78
353
522
939
1289