*********************************************
* Date/Time: 11-Feb-2020 12:41:19
* Seed: 213778.6
* Subject Number: 048
13	1	2	14	9	7	8	11	15	6	5	4	12	3	10	
*********************************************

Shape exposure time (seconds)
23.0106
subject	trial	phase	onset	node	shape	rotate	acc	resp	total	rt
48	1	1	1.0166	2	1	0	1	1	1.0000	1.2048
48	2	1	2.5665	1	13	0	-1	0	0.5000	-1.0000
48	3	1	4.4331	14	3	0	-1	0	0.3333	-1.0000
48	4	1	6.4997	2	1	0	1	1	0.5000	1.2566
48	5	1	8.0496	14	3	0	-1	1	0.4000	-1.0000
48	6	1	10.1328	15	10	90	0	1	0.3333	1.4316
48	7	1	12.0827	14	3	0	-1	0	0.2857	-1.0000
48	8	1	14.2493	13	12	0	-1	1	0.2500	-1.0000
48	9	1	16.3492	10	6	0	-1	0	0.2222	-1.0000
48	10	1	18.3824	13	12	90	0	1	0.2000	1.1819
48	11	1	20.0823	11	5	90	-1	1	0.1818	-1.0000
48	12	1	22.1155	13	12	0	1	1	0.2500	1.1447
48	13	1	23.6654	12	4	0	1	1	0.3077	1.3403
48	14	1	25.2153	11	5	0	1	1	0.3571	1.0220
48	15	1	26.7653	13	12	90	0	1	0.3333	0.7682
48	16	1	28.3152	11	5	0	-1	1	0.3125	-1.0000
48	17	1	30.3651	12	4	0	1	1	0.3529	0.3684
48	18	1	31.9150	13	12	0	1	1	0.3889	0.6431
48	19	1	33.4649	10	6	0	1	1	0.4211	0.4525
48	20	1	35.0148	13	12	90	-1	1	0.4000	-1.0000
48	21	1	37.0647	10	6	0	1	1	0.4286	0.5475
48	22	1	38.6146	11	5	0	1	1	0.4545	0.7111
48	23	1	40.1646	10	6	0	1	1	0.4783	0.5528
48	24	1	41.7145	12	4	90	0	1	0.4583	0.7791
48	25	1	43.2644	9	15	0	-1	0	0.4400	-1.0000
48	26	1	45.3310	12	4	0	1	1	0.4615	1.1304
48	27	1	46.8809	11	5	0	-1	1	0.4444	-1.0000
48	28	1	48.9474	13	12	0	-1	1	0.4286	-1.0000
48	29	1	50.9973	11	5	0	1	1	0.4483	0.5839
48	30	1	52.5473	13	12	0	1	1	0.4667	0.7930
48	31	1	54.0972	10	6	0	-1	1	0.4516	-1.0000
48	32	1	56.0971	11	5	0	1	1	0.4688	0.7152
48	33	1	57.6470	12	4	0	1	1	0.4848	0.7666
48	34	1	59.1969	11	5	90	0	1	0.4706	0.8314
48	35	1	60.7468	10	6	0	1	1	0.4857	1.4266
48	36	1	62.3801	11	5	0	-1	1	0.4722	-1.0000
48	37	1	64.4633	10	6	90	0	1	0.4595	1.3089
48	38	1	66.3299	9	15	0	1	1	0.4737	1.1869
48	39	1	67.8798	10	6	0	-1	1	0.4615	-1.0000
48	40	1	69.9463	12	4	90	0	1	0.4500	0.6588
48	41	1	71.4963	13	12	90	-1	1	0.4390	-1.0000
48	42	1	73.5628	14	3	0	1	1	0.4524	0.3054
48	43	1	75.1127	15	10	90	0	1	0.4419	0.8035
48	44	1	76.6627	2	1	0	1	1	0.4545	1.3017
48	45	1	78.2126	3	2	0	1	1	0.4667	1.1287
48	46	1	79.7625	4	14	90	-1	1	0.4565	-1.0000
48	47	1	81.8291	3	2	0	1	1	0.4681	1.2720
48	48	1	83.3790	15	10	0	-1	1	0.4583	-1.0000
48	49	1	85.4456	1	13	0	1	1	0.4694	0.7906
48	50	1	86.9955	2	1	0	1	1	0.4800	0.7302
48	51	1	88.5454	15	10	0	1	1	0.4902	1.0359
48	52	1	90.0953	3	2	0	1	1	0.5000	0.8621
48	53	1	91.6452	15	10	90	0	1	0.4906	0.4804
48	54	1	93.1951	2	1	0	1	1	0.5000	0.6263
48	55	1	94.7451	3	2	0	1	1	0.5091	0.5484
48	56	1	96.2950	1	13	0	1	1	0.5179	0.2943
48	57	1	97.8449	15	10	0	1	1	0.5263	1.1610
48	58	1	99.3948	3	2	0	1	1	0.5345	0.7136
48	59	1	100.9447	2	1	90	-1	1	0.5254	-1.0000
48	60	1	103.0113	14	3	0	1	1	0.5333	0.6821
48	61	1	104.5612	2	1	0	1	1	0.5410	0.3323
48	62	1	106.1111	3	2	0	1	1	0.5484	0.3330
48	63	1	107.6611	2	1	90	0	1	0.5397	0.2732
48	64	1	109.2110	14	3	0	-1	1	0.5313	-1.0000
48	65	1	111.2609	1	13	0	1	1	0.5385	0.4649
48	66	1	112.8108	2	1	90	0	1	0.5303	1.3455
48	67	1	114.7273	14	3	0	-1	1	0.5224	-1.0000
48	68	1	116.7439	15	10	0	1	1	0.5294	0.3884
48	69	1	118.2938	2	1	0	1	1	0.5362	0.4557
48	70	1	119.8437	3	2	0	1	1	0.5429	0.5366
48	71	1	121.3937	2	1	90	0	1	0.5352	0.3637
48	72	1	122.9436	15	10	0	1	1	0.5417	0.2219
48	73	1	124.4935	14	3	0	1	1	0.5479	0.3827
48	74	1	126.0434	1	13	0	1	1	0.5541	0.4328
48	75	1	127.5933	3	2	0	1	1	0.5600	0.3555
48	76	1	129.1433	15	10	0	1	1	0.5658	0.3423
48	77	1	130.6932	2	1	0	-1	1	0.5584	-1.0000
48	78	1	132.7264	3	2	90	0	1	0.5513	0.3432
48	79	1	134.2763	4	14	0	1	1	0.5570	0.3295
48	80	1	135.8262	6	7	0	1	1	0.5625	0.6181
48	81	1	137.3762	8	11	90	0	1	0.5556	1.0846
48	82	1	139.0594	7	8	0	1	1	0.5610	1.0821
48	83	1	140.6093	5	9	0	1	1	0.5663	1.1158
48	84	1	142.1592	8	11	0	1	1	0.5714	0.6211
48	85	1	143.7092	9	15	0	1	1	0.5765	0.3043
48	86	1	145.2591	11	5	90	0	1	0.5698	0.2891
48	87	1	146.8090	9	15	90	0	1	0.5632	0.3556
48	88	1	148.3589	8	11	0	1	1	0.5682	0.4067
48	89	1	149.9088	9	15	0	1	1	0.5730	0.3913
48	90	1	151.4588	12	4	0	1	1	0.5778	0.3307
48	91	1	153.0087	9	15	90	0	1	0.5714	0.3155
48	92	1	154.5586	11	5	0	1	1	0.5761	0.2709
48	93	1	156.3085	13	12	0	1	1	0.5806	1.0174
48	94	1	157.8584	14	3	0	1	1	0.5851	1.3231
48	95	1	159.4083	15	10	0	1	1	0.5895	1.3250
48	96	1	160.9583	2	1	0	1	1	0.5938	1.3429
48	97	1	162.5082	15	10	0	1	1	0.5979	1.3773
48	98	1	164.0747	14	3	0	1	1	0.6020	1.0586
48	99	1	165.6247	15	10	90	0	1	0.5960	0.9648
48	100	1	167.1746	1	13	0	1	1	0.6000	1.0777
48	101	1	168.7245	2	1	0	1	1	0.6040	1.2558
48	102	1	170.2744	14	3	0	-1	1	0.5980	-1.0000
48	103	1	172.2910	13	12	0	1	1	0.6019	0.4892
48	104	1	173.8409	12	4	90	0	1	0.5962	0.9072
48	105	1	175.3908	11	5	0	-1	0	0.5905	-1.0000
48	106	1	177.5074	13	12	90	0	1	0.5849	0.9528
48	107	1	179.0573	11	5	0	1	1	0.5888	0.7788
48	108	1	180.6072	13	12	0	1	1	0.5926	0.6378
48	109	1	182.1571	12	4	0	1	1	0.5963	0.8162
48	110	1	183.7070	11	5	0	1	1	0.6000	0.9943
48	111	1	185.2570	12	4	0	1	1	0.6036	1.2048
48	112	1	186.8069	9	15	0	1	1	0.6071	0.8706
48	113	1	188.3568	10	6	0	-1	0	0.6018	-1.0000
48	114	1	190.4067	11	5	0	-1	0	0.5965	-1.0000
48	115	1	192.4399	13	12	0	1	1	0.6000	0.8203
48	116	1	193.9899	10	6	90	0	1	0.5948	0.7274
48	117	1	195.5398	12	4	90	0	1	0.5897	0.5844
48	118	1	197.0897	9	15	90	-1	0	0.5847	-1.0000
48	119	1	199.1396	8	11	0	1	1	0.5882	0.5369
48	120	1	200.6895	9	15	0	1	1	0.5917	1.2280
48	121	1	202.2394	12	4	0	1	1	0.5950	0.6221
48	122	1	203.7893	13	12	0	1	1	0.5984	0.5428
48	123	1	205.3393	10	6	90	0	1	0.5935	0.4489
48	124	1	206.8892	9	15	0	1	1	0.5968	0.6602
48	125	1	208.4391	8	11	0	1	1	0.6000	0.5984
48	126	1	209.9890	7	8	90	0	1	0.5952	0.8072
48	127	1	211.5389	4	14	90	-1	1	0.5906	-1.0000
48	128	1	213.6221	3	2	0	1	1	0.5938	0.5834
48	129	1	215.1721	15	10	90	0	1	0.5891	0.4738
48	130	1	216.7220	3	2	0	-1	1	0.5846	-1.0000
48	131	1	218.7386	2	1	90	-1	0	0.5802	-1.0000
48	132	1	220.7718	15	10	0	-1	0	0.5758	-1.0000
48	133	1	222.8217	14	3	0	1	1	0.5789	0.9355
48	134	1	224.3716	13	12	0	-1	1	0.5746	-1.0000
48	135	1	226.4382	12	4	0	1	1	0.5778	0.7754
48	136	1	227.9881	9	15	90	0	1	0.5735	1.1452
48	137	1	229.7047	10	6	0	-1	1	0.5693	-1.0000
48	138	1	231.7379	11	5	90	-1	0	0.5652	-1.0000
48	139	1	233.7711	9	15	0	-1	0	0.5612	-1.0000
48	140	1	235.8210	12	4	0	-1	1	0.5571	-1.0000
48	141	1	237.8709	11	5	0	1	1	0.5603	0.7183
48	142	1	239.4208	9	15	90	0	1	0.5563	0.8805
48	143	1	240.9707	8	11	0	-1	1	0.5524	-1.0000
48	144	1	243.0706	5	9	0	1	1	0.5556	0.7988
48	145	1	244.6205	8	11	0	1	1	0.5586	1.0397
48	146	1	246.1704	5	9	90	0	1	0.5548	0.7231
48	147	1	247.7204	8	11	0	1	1	0.5578	0.8690
48	148	1	249.2703	6	7	0	-1	1	0.5541	-1.0000
48	149	1	251.3368	7	8	0	1	1	0.5570	0.9646
48	150	1	252.8868	5	9	0	1	1	0.5600	0.7752
48	151	1	254.4367	6	7	0	-1	1	0.5563	-1.0000
48	152	1	256.4366	8	11	0	1	1	0.5592	0.5529
48	153	1	257.9865	9	15	90	0	1	0.5556	1.2749
48	154	1	259.8031	11	5	0	1	1	0.5584	1.3303
48	155	1	261.3530	13	12	0	1	1	0.5613	1.3165
48	156	1	262.9029	14	3	0	1	1	0.5641	0.9830
48	157	1	264.4528	15	10	0	1	1	0.5669	1.1132
48	158	1	266.0027	1	13	0	1	1	0.5696	1.0185
48	159	1	267.5527	3	2	0	1	1	0.5723	0.8607
48	160	1	269.1026	4	14	0	-1	1	0.5687	-1.0000
48	161	1	271.1191	5	9	0	1	1	0.5714	1.0065
48	162	1	272.6691	8	11	90	0	1	0.5679	0.9444
48	163	1	274.2190	5	9	0	1	1	0.5706	1.4424
48	164	1	275.8022	6	7	90	0	1	0.5671	0.8513
48	165	1	277.3521	7	8	0	-1	1	0.5636	-1.0000
48	166	1	279.3854	4	14	0	1	1	0.5663	0.4204
48	167	1	280.9353	3	2	90	0	1	0.5629	0.7408
48	168	1	282.4852	1	13	90	-1	1	0.5595	-1.0000
48	169	1	284.4851	3	2	0	1	1	0.5621	1.2561
48	170	1	286.0350	1	13	0	1	1	0.5647	1.3224
48	171	1	287.5850	2	1	0	1	1	0.5673	1.1805
48	172	1	289.1349	1	13	0	1	1	0.5698	0.6382
48	173	1	290.6848	3	2	0	1	1	0.5723	0.2886
48	174	1	292.2347	4	14	90	0	1	0.5690	0.2267
48	175	1	293.7846	3	2	0	-1	1	0.5657	-1.0000
48	176	1	295.8179	1	13	0	1	1	0.5682	0.2104
48	177	1	297.3678	2	1	0	1	1	0.5706	0.5804
48	178	1	298.9177	3	2	0	1	1	0.5730	0.5190
48	179	1	300.4676	4	14	0	1	1	0.5754	0.4738
48	180	1	302.0175	7	8	0	1	1	0.5778	0.4909
48	181	1	303.5674	6	7	0	1	1	0.5801	0.3985
48	182	1	305.1174	7	8	0	1	1	0.5824	0.3359
48	183	1	306.6673	5	9	0	1	1	0.5847	0.2568
48	184	1	308.2172	6	7	0	1	1	0.5870	0.2284
48	185	1	309.7671	5	9	90	0	1	0.5838	0.1665
48	186	1	311.3170	6	7	0	1	1	0.5860	0.5671
48	187	1	312.8669	4	14	0	1	1	0.5882	0.3612
48	188	1	314.4169	3	2	90	0	1	0.5851	0.3003
48	189	1	315.9668	1	13	0	-1	1	0.5820	-1.0000
48	190	1	318.0167	2	1	0	1	1	0.5842	0.2034
48	191	1	319.5666	14	3	0	-1	1	0.5812	-1.0000
48	192	1	321.6498	13	12	0	1	1	0.5833	0.1876
48	193	1	323.1997	14	3	0	1	1	0.5855	0.3003
48	194	1	324.7497	2	1	0	1	1	0.5876	0.6075
48	195	1	326.2996	1	13	0	1	1	0.5897	0.5458
48	196	1	327.8495	14	3	0	1	1	0.5918	0.9641
48	197	1	329.3994	2	1	90	0	1	0.5888	0.6300
48	198	1	330.9493	3	2	0	-1	1	0.5859	-1.0000
48	199	1	332.9659	2	1	0	1	1	0.5879	0.2952
48	200	1	334.5158	1	13	0	1	1	0.5900	0.2814
48	201	1	336.0658	15	10	0	1	1	0.5920	0.4436
48	202	1	337.6157	14	3	90	0	1	0.5891	0.3004
48	203	1	339.1656	2	1	90	0	1	0.5862	1.1186
48	204	1	340.8822	14	3	0	1	1	0.5882	0.8753
48	205	1	342.4321	1	13	0	1	1	0.5902	0.8931
48	206	1	343.9820	2	1	90	0	1	0.5874	0.8781
48	207	1	345.5319	14	3	90	-1	1	0.5845	-1.0000
48	208	1	347.5485	1	13	90	-1	1	0.5817	-1.0000
48	209	1	349.5983	15	10	0	1	1	0.5837	0.6711
48	210	1	351.1483	3	2	0	1	1	0.5857	0.3998
48	211	1	352.6982	1	13	0	1	1	0.5877	0.2910
48	212	1	354.2481	2	1	0	1	1	0.5896	0.2762
48	213	1	355.7980	3	2	90	0	1	0.5869	0.2476
48	214	1	357.3479	2	1	0	-1	1	0.5841	-1.0000
48	215	1	359.3479	15	10	90	0	1	0.5814	0.5054
48	216	1	360.8978	3	2	0	1	1	0.5833	0.6836
48	217	1	362.4477	4	14	90	-1	1	0.5806	-1.0000
48	218	1	364.4643	3	2	0	1	1	0.5826	0.6215
48	219	1	366.0142	4	14	90	0	1	0.5799	0.3990
48	220	1	367.5641	7	8	90	-1	1	0.5773	-1.0000
48	221	1	369.6640	6	7	90	0	1	0.5747	0.3814
48	222	1	371.2139	4	14	0	-1	1	0.5721	-1.0000
48	223	1	373.2805	5	9	0	1	1	0.5740	0.5237
48	224	1	374.8304	7	8	0	1	1	0.5759	0.9268
48	225	1	376.3803	8	11	0	1	1	0.5778	0.7530
48	226	1	377.9302	7	8	0	1	1	0.5796	0.7699
48	227	1	379.4801	5	9	0	1	1	0.5815	0.8841
48	228	1	381.0300	8	11	0	1	1	0.5833	0.7580
48	229	1	382.5800	7	8	0	1	1	0.5852	0.7456
48	230	1	384.1299	5	9	0	1	1	0.5870	0.7622
48	231	1	385.6798	7	8	0	1	1	0.5887	0.6211
48	232	1	387.2297	8	11	90	0	1	0.5862	0.6395
48	233	1	388.7796	9	15	0	-1	1	0.5837	-1.0000
48	234	1	390.8295	10	6	0	1	1	0.5855	0.6227
48	235	1	392.3794	12	4	0	1	1	0.5872	0.7366
48	236	1	393.9294	11	5	0	1	1	0.5890	0.7561
48	237	1	395.4793	12	4	0	1	1	0.5907	0.8368
48	238	1	397.0292	10	6	0	1	1	0.5924	0.8241
48	239	1	398.5791	9	15	0	1	1	0.5941	1.0970
48	240	1	400.1290	10	6	0	1	1	0.5958	0.7470
48	241	1	401.6790	12	4	0	1	1	0.5975	0.7504
48	242	1	403.2289	11	5	0	1	1	0.5992	0.6406
48	243	1	404.7788	10	6	90	0	1	0.5967	0.7544
48	244	1	406.3287	12	4	0	1	1	0.5984	1.0768
48	245	1	407.8786	9	15	90	0	1	0.5959	0.9827
48	246	1	409.4286	10	6	90	-1	1	0.5935	-1.0000
48	247	1	411.4618	9	15	0	1	1	0.5951	0.7903
48	248	1	413.0117	12	4	0	1	1	0.5968	0.9223
48	249	1	414.5616	11	5	0	1	1	0.5984	0.8120
48	250	1	416.1115	13	12	0	1	1	0.6000	0.9417
48	251	1	417.6615	14	3	90	0	1	0.5976	0.6879
48	252	1	419.2114	1	13	0	1	1	0.5992	0.9297
48	253	1	420.7613	2	1	90	0	1	0.5968	0.7081
48	254	1	422.3112	14	3	90	-1	1	0.5945	-1.0000
48	255	1	424.3778	1	13	0	-1	1	0.5922	-1.0000
48	256	1	426.4110	15	10	0	1	1	0.5938	0.3702
48	257	1	427.9609	14	3	0	1	1	0.5953	0.6593
48	258	1	429.5108	13	12	0	1	1	0.5969	0.8864
48	259	1	431.0607	14	3	90	0	1	0.5946	1.1446
48	260	1	432.7440	15	10	90	-1	1	0.5923	-1.0000
48	261	1	434.7772	3	2	0	1	1	0.5939	0.4989
48	262	1	436.3271	2	1	90	0	1	0.5916	0.3423
48	263	1	437.8771	15	10	0	-1	1	0.5894	-1.0000
48	264	1	439.9770	2	1	0	1	1	0.5909	1.0922
48	265	1	441.5269	1	13	0	-1	0	0.5887	-1.0000
48	266	1	443.5934	14	3	90	0	1	0.5865	0.8202
48	267	1	445.1434	13	12	0	1	1	0.5880	1.3822
48	268	1	446.6933	10	6	0	1	1	0.5896	0.9988
48	269	1	448.2432	13	12	0	1	1	0.5911	0.8741
48	270	1	449.7931	10	6	0	1	1	0.5926	0.6680
48	271	1	451.3430	11	5	0	1	1	0.5941	0.7182
48	272	1	452.8929	10	6	0	1	1	0.5956	0.5590
48	273	1	454.4429	13	12	0	1	1	0.5971	0.4182
48	274	1	455.9928	14	3	90	0	1	0.5949	0.4206
48	275	1	457.5427	13	12	90	-1	1	0.5927	-1.0000
48	276	1	459.5759	12	4	90	0	1	0.5906	0.6458
48	277	1	461.1258	10	6	0	1	1	0.5921	0.8711
48	278	1	462.6757	12	4	0	1	1	0.5935	1.0657
48	279	1	464.2257	9	15	0	1	1	0.5950	0.9077
48	280	1	465.7756	11	5	0	1	1	0.5964	0.6700
48	281	1	467.3255	10	6	0	1	1	0.5979	0.4316
48	282	1	468.8754	13	12	0	1	1	0.5993	1.0256
48	283	1	470.4254	12	4	90	0	1	0.5972	0.8044
48	284	1	471.9753	10	6	0	-1	1	0.5951	-1.0000
48	285	1	474.0585	11	5	0	1	1	0.5965	0.5790
48	286	1	475.6084	13	12	0	1	1	0.5979	1.3647
48	287	1	477.1583	12	4	0	-1	0	0.5958	-1.0000
48	288	1	479.1582	13	12	0	1	1	0.5972	1.4298
48	289	1	480.7415	11	5	90	-1	1	0.5952	-1.0000
48	290	1	482.7914	12	4	0	1	1	0.5966	0.5021
48	291	1	484.3413	11	5	0	1	1	0.5979	0.9668
48	292	1	485.8912	9	15	90	0	1	0.5959	1.2418
48	293	1	487.7244	8	11	0	-1	1	0.5939	-1.0000
48	294	1	489.7577	5	9	0	1	1	0.5952	1.1030
48	295	1	491.3076	6	7	0	1	1	0.5966	0.9285
48	296	1	492.8575	4	14	0	-1	1	0.5946	-1.0000
48	297	1	494.8574	3	2	90	0	1	0.5926	0.5319
48	298	1	496.4073	4	14	90	0	1	0.5906	0.9339
48	299	1	497.9572	6	7	0	-1	1	0.5886	-1.0000
48	300	1	499.9738	4	14	90	0	1	0.5867	0.4222
48	301	1	501.7237	7	8	0	-1	1	0.5847	-1.0000
48	302	1	503.7736	5	9	0	-1	0	0.5828	-1.0000
48	303	1	505.8235	6	7	0	-1	0	0.5809	-1.0000
48	304	1	507.8734	5	9	0	1	1	0.5822	0.3158
48	305	1	509.4233	7	8	0	1	1	0.5836	0.0767
48	306	1	510.9732	4	14	0	1	1	0.5850	0.6239
48	307	1	512.5231	7	8	0	1	1	0.5863	0.9300
48	308	1	514.0731	6	7	90	0	1	0.5844	0.4522
48	309	1	515.6230	8	11	0	1	1	0.5858	0.3103
48	310	1	517.1729	6	7	0	1	1	0.5871	0.5363
48	311	1	518.7228	7	8	0	1	1	0.5884	0.4427
48	312	1	520.2727	5	9	90	0	1	0.5865	0.3326
48	313	1	521.8226	6	7	0	1	1	0.5879	0.1255
48	314	1	523.3726	8	11	0	1	1	0.5892	0.2248
48	315	1	524.9225	9	15	0	1	1	0.5905	0.4505
48	316	1	526.4724	10	6	0	1	1	0.5918	0.2447
48	317	1	528.0223	9	15	0	1	1	0.5931	0.0219
48	318	1	529.5723	10	6	0	1	1	0.5943	1.0170
48	319	1	531.1222	9	15	0	1	1	0.5956	0.4578
48	320	1	532.6721	8	11	0	1	1	0.5969	0.2851
48	321	1	534.2220	5	9	0	1	1	0.5981	0.2392
48	322	1	535.7719	7	8	0	1	1	0.5994	0.2253
48	323	1	537.3219	5	9	0	1	1	0.6006	0.4514
48	324	1	538.8718	6	7	0	1	1	0.6019	0.3403
48	325	1	540.4217	7	8	0	1	1	0.6031	0.2946
48	326	1	541.9716	8	11	0	1	1	0.6043	0.3444
48	327	1	543.5215	9	15	0	1	1	0.6055	0.5241
48	328	1	545.0715	11	5	90	0	1	0.6037	0.6699
48	329	1	546.6214	12	4	0	1	1	0.6049	0.6706
48	330	1	548.1713	11	5	90	0	1	0.6030	0.3689
48	331	1	549.7212	10	6	0	1	1	0.6042	0.5160
48	332	1	551.2711	9	15	90	0	1	0.6024	0.8860
48	333	1	552.8210	8	11	0	1	1	0.6036	1.0645
48	334	1	554.3709	7	8	0	1	1	0.6048	1.0011
48	335	1	555.9209	4	14	0	1	1	0.6060	1.1323
48	336	1	557.4708	5	9	0	1	1	0.6071	0.8782
48	337	1	559.0207	6	7	0	1	1	0.6083	0.8962
48	338	1	560.5706	5	9	0	1	1	0.6095	0.8015
48	339	1	562.1205	6	7	0	1	1	0.6106	0.8687
48	340	1	563.6704	7	8	0	1	1	0.6118	0.6786
48	341	1	565.2204	6	7	90	0	1	0.6100	0.8074
48	342	1	566.7703	7	8	0	1	1	0.6111	0.6507
48	343	1	568.3202	5	9	90	0	1	0.6093	0.7172
48	344	1	569.8701	7	8	90	-1	0	0.6076	-1.0000
48	345	1	571.9534	4	14	90	-1	0	0.6058	-1.0000
48	346	1	574.0033	6	7	90	0	1	0.6040	0.8900
48	347	1	575.5532	5	9	0	1	1	0.6052	1.4349
48	348	1	577.1197	6	7	0	1	1	0.6063	0.7962
48	349	1	578.6697	5	9	0	1	1	0.6074	0.4796
48	350	1	580.2196	6	7	90	0	1	0.6057	0.3377
48	351	1	581.7695	8	11	0	1	1	0.6068	0.0680
48	352	1	583.3194	6	7	0	1	1	0.6080	0.4045
48	353	1	584.8693	4	14	0	1	1	0.6091	0.3586
48	354	1	586.4193	3	2	0	1	1	0.6102	0.2818
48	355	1	587.9692	1	13	90	0	1	0.6085	0.3318
48	356	1	589.5191	14	3	0	1	1	0.6096	0.3665
48	357	1	591.0690	1	13	0	1	1	0.6106	1.0882
48	358	1	592.6189	2	1	90	0	1	0.6089	1.1065
48	359	1	594.2522	15	10	0	1	1	0.6100	1.3918
48	360	1	595.8021	14	3	0	-1	0	0.6083	-1.0000
48	361	1	597.8687	13	12	90	0	1	0.6066	0.0808
48	362	1	599.4186	10	6	0	-1	1	0.6050	-1.0000
48	363	1	601.4852	13	12	0	1	1	0.6061	0.4481
48	364	1	603.0351	14	3	0	1	1	0.6071	0.5461
48	365	1	604.5850	15	10	90	0	1	0.6055	0.8523
48	366	1	606.1349	3	2	0	-1	1	0.6038	-1.0000
48	367	1	608.1681	15	10	0	1	1	0.6049	0.5177
48	368	1	609.7181	14	3	0	1	1	0.6060	0.5820
48	369	1	611.2680	2	1	0	1	1	0.6070	0.4240
48	370	1	612.8179	14	3	90	0	1	0.6054	0.5393
48	371	1	614.3678	13	12	0	-1	1	0.6038	-1.0000
48	372	1	616.4344	10	6	0	1	1	0.6048	0.3296
48	373	1	617.9843	13	12	0	-1	0	0.6032	-1.0000
48	374	1	620.0675	14	3	0	1	1	0.6043	1.2085
48	375	1	621.6174	15	10	0	1	1	0.6053	0.7799
48	376	1	623.1673	14	3	0	1	1	0.6064	1.0704
48	377	1	624.7172	15	10	0	1	1	0.6074	1.3599
48	378	1	626.2838	3	2	0	1	1	0.6085	0.7214
48	379	1	627.8337	15	10	0	1	1	0.6095	0.4360
48	380	1	629.3837	2	1	90	0	1	0.6079	0.3883
48	381	1	630.9336	1	13	0	1	1	0.6089	0.5995
48	382	1	632.4835	15	10	0	1	1	0.6099	0.4091
48	383	1	634.0334	14	3	90	0	1	0.6084	0.4586
48	384	1	635.5833	2	1	0	1	1	0.6094	0.1897
48	385	1	637.1333	1	13	0	1	1	0.6104	0.4148
48	386	1	638.6832	2	1	90	0	1	0.6088	0.4008
48	387	1	640.2331	15	10	0	1	1	0.6098	0.3560
48	388	1	641.7830	14	3	0	1	1	0.6108	0.8224
48	389	1	643.3329	2	1	0	1	1	0.6118	0.6160
48	390	1	644.8828	1	13	0	1	1	0.6128	0.3636
48	391	1	646.4328	2	1	0	1	1	0.6138	0.2048
48	392	1	648.0494	3	2	0	1	1	0.6148	0.6999
48	393	1	649.5993	2	1	0	1	1	0.6158	0.2860
48	394	1	651.1492	1	13	0	1	1	0.6168	0.0168
48	395	1	652.6991	3	2	90	0	1	0.6152	0.8661
48	396	1	654.2490	1	13	0	1	1	0.6162	0.3721
48	397	1	655.7990	2	1	90	-1	1	0.6146	-1.0000
48	398	1	657.8655	1	13	90	0	1	0.6131	0.1955
48	399	1	659.4154	14	3	0	1	1	0.6140	0.4525
48	400	1	660.9653	1	13	0	1	1	0.6150	0.4878
48	401	1	662.5153	2	1	0	1	1	0.6160	0.9058
48	402	1	664.0652	1	13	0	1	1	0.6169	0.3479
48	403	1	665.6151	2	1	0	1	1	0.6179	0.2703
48	404	1	667.1650	15	10	0	1	1	0.6188	0.2720
48	405	1	668.7149	14	3	0	1	1	0.6198	0.3379
48	406	1	670.2649	13	12	0	1	1	0.6207	0.2442
48	407	1	671.8148	14	3	0	1	1	0.6216	0.3583
48	408	1	673.3647	13	12	0	1	1	0.6225	0.2488
48	409	1	674.9146	11	5	0	1	1	0.6235	0.3308
48	410	1	676.5645	12	4	0	1	1	0.6244	0.6955
48	411	1	678.1144	11	5	0	1	1	0.6253	0.2986
48	412	1	679.6644	10	6	0	1	1	0.6262	0.4128
48	413	1	681.2143	11	5	0	1	1	0.6271	0.3016
48	414	1	682.9142	10	6	0	1	1	0.6280	0.5869
48	415	1	684.4641	12	4	90	0	1	0.6265	0.2838
48	416	1	686.0140	11	5	0	1	1	0.6274	0.2869
48	417	1	687.5640	9	15	90	-1	1	0.6259	-1.0000
48	418	1	689.6305	10	6	0	1	1	0.6268	0.7665
48	419	1	691.1804	11	5	0	1	1	0.6277	0.8165
48	420	1	692.7303	10	6	0	1	1	0.6286	0.8507
48	421	1	694.2803	11	5	0	1	1	0.6295	0.5317
48	422	1	695.8302	10	6	0	1	1	0.6303	0.7429
48	423	1	697.3801	13	12	0	1	1	0.6312	0.3928
48	424	1	698.9300	10	6	90	0	1	0.6297	0.8110
48	425	1	700.4799	11	5	0	1	1	0.6306	0.7320
48	426	1	702.0299	13	12	0	1	1	0.6315	0.5420
48	427	1	703.5798	12	4	90	0	1	0.6300	0.3694
48	428	1	705.1297	11	5	90	-1	1	0.6285	-1.0000
48	429	1	707.1796	10	6	0	1	1	0.6294	0.2735
48	430	1	708.7295	9	15	90	0	1	0.6279	0.3237
48	431	1	710.2794	12	4	90	-1	1	0.6265	-1.0000
48	432	1	712.2960	11	5	0	1	1	0.6273	0.2772
48	433	1	713.8459	10	6	90	0	1	0.6259	0.5340
48	434	1	715.3958	13	12	0	-1	1	0.6244	-1.0000
48	435	1	717.3957	12	4	0	1	1	0.6253	0.4248
48	436	1	718.9456	11	5	0	1	1	0.6261	0.4423
48	437	1	720.4956	10	6	90	0	1	0.6247	0.3816
48	438	1	722.0455	12	4	0	-1	1	0.6233	-1.0000
48	439	1	724.0954	13	12	0	1	1	0.6241	0.5416
48	440	1	725.6453	10	6	0	1	1	0.6250	0.8157
48	441	1	727.1952	12	4	0	1	1	0.6259	0.5778
48	442	1	728.7451	10	6	90	0	1	0.6244	0.4519
48	443	1	730.2950	12	4	0	1	1	0.6253	0.4861
48	444	1	731.8450	11	5	90	0	1	0.6239	0.4229
48	445	1	733.3949	12	4	0	1	1	0.6247	0.4410
48	446	1	734.9448	9	15	0	1	1	0.6256	0.7961
48	447	1	736.4947	12	4	0	1	1	0.6264	0.5425
48	448	1	738.0446	10	6	90	0	1	0.6250	0.4964
48	449	1	739.5946	13	12	90	0	1	0.6236	0.9773
48	450	1	741.1445	11	5	0	1	1	0.6244	1.2355
48	451	1	742.6944	10	6	0	1	1	0.6253	0.8228
48	452	1	744.2443	13	12	0	1	1	0.6261	0.4248
48	453	1	745.7943	14	3	90	0	1	0.6247	0.3145
48	454	1	747.3441	15	10	0	1	1	0.6256	0.5557
48	455	1	748.8941	2	1	0	1	1	0.6264	0.6229
48	456	1	750.4440	1	13	90	0	1	0.6250	0.6250
48	457	1	751.9939	2	1	0	-1	1	0.6236	-1.0000
48	458	1	754.0938	15	10	0	1	1	0.6245	0.5747
48	459	1	755.6437	14	3	90	-1	1	0.6231	-1.0000
48	460	1	757.7103	13	12	90	0	1	0.6217	0.4151
48	461	1	759.2602	10	6	0	1	1	0.6226	0.7206
48	462	1	760.8101	9	15	0	1	1	0.6234	0.6751
48	463	1	762.3600	11	5	0	1	1	0.6242	0.6931
48	464	1	763.9099	13	12	90	0	1	0.6228	0.7099
48	465	1	765.4599	10	6	90	0	1	0.6215	0.7611
48	466	1	767.0098	11	5	0	-1	1	0.6202	-1.0000
48	467	1	769.0430	10	6	0	1	1	0.6210	0.5857
48	468	1	770.5929	11	5	0	1	1	0.6218	0.6201
48	469	1	772.1428	9	15	90	0	1	0.6205	0.5741
48	470	1	773.6928	8	11	0	1	1	0.6213	0.8797
48	471	1	775.2427	9	15	0	1	1	0.6221	0.6742
48	472	1	776.7926	10	6	90	0	1	0.6208	0.5326
48	473	1	778.3425	12	4	0	-1	1	0.6195	-1.0000
48	474	1	780.3757	10	6	0	1	1	0.6203	0.0170
48	475	1	781.9257	9	15	0	1	1	0.6211	0.4875
48	476	1	783.4756	11	5	0	1	1	0.6218	0.6495
48	477	1	785.0255	9	15	0	1	1	0.6226	0.3785
48	478	1	786.5754	10	6	0	1	1	0.6234	0.3485
48	479	1	788.1253	13	12	0	1	1	0.6242	0.5916
48	480	1	789.6752	14	3	0	1	1	0.6250	0.0818
48	481	1	791.2252	13	12	0	1	1	0.6258	0.7882
48	482	1	792.7751	12	4	0	1	1	0.6266	0.6768
48	483	1	794.3250	11	5	90	-1	0	0.6253	-1.0000
48	484	1	796.3582	9	15	0	1	1	0.6260	0.6788
48	485	1	797.9081	10	6	0	1	1	0.6268	0.4558
48	486	1	799.4581	9	15	0	1	1	0.6276	0.4274
48	487	1	801.0080	12	4	0	1	1	0.6283	0.4772
48	488	1	802.5579	10	6	90	0	1	0.6270	0.4940
48	489	1	804.1078	9	15	0	1	1	0.6278	0.2252
48	490	1	805.6577	8	11	0	1	1	0.6286	0.9632
48	491	1	807.2077	7	8	90	0	1	0.6273	0.8362
48	492	1	808.7576	6	7	90	0	1	0.6260	0.6152
48	493	1	810.3075	4	14	90	0	1	0.6247	0.4725
48	494	1	811.8574	7	8	0	1	1	0.6255	0.2998
48	495	1	813.4074	5	9	0	1	1	0.6263	0.8297
48	496	1	814.9573	7	8	0	1	1	0.6270	0.5444
48	497	1	816.5072	4	14	0	1	1	0.6278	0.6897
48	498	1	818.0571	6	7	0	-1	1	0.6265	-1.0000
48	499	1	820.1237	5	9	0	1	1	0.6273	0.6563
48	500	1	821.6736	4	14	0	1	1	0.6280	0.7711
48	501	1	823.2235	6	7	90	0	1	0.6267	0.8056
48	502	1	824.7734	4	14	0	1	1	0.6275	0.7753
48	503	1	826.3233	7	8	0	1	1	0.6282	0.8576
48	504	1	827.8732	5	9	0	1	1	0.6290	0.6843
48	505	1	829.4232	4	14	0	-1	1	0.6277	-1.0000
48	506	1	831.6564	3	2	0	1	1	0.6285	1.2046
48	507	1	833.2063	1	13	0	-1	0	0.6272	-1.0000
48	508	1	835.2729	14	3	90	-1	1	0.6260	-1.0000
48	509	1	837.3061	2	1	0	1	1	0.6267	0.8352
48	510	1	838.8560	1	13	0	1	1	0.6275	0.6610
48	511	1	840.4059	3	2	0	1	1	0.6282	0.5832
48	512	1	841.9558	1	13	90	0	1	0.6270	0.5691
48	513	1	843.5058	14	3	0	1	1	0.6277	0.4592
48	514	1	845.0557	2	1	90	0	1	0.6265	0.4934
48	515	1	846.6056	1	13	0	1	1	0.6272	0.6236
48	516	1	848.1555	2	1	90	0	1	0.6260	0.7216
48	517	1	849.7054	3	2	90	0	1	0.6248	0.6277
48	518	1	851.2553	1	13	90	-1	1	0.6236	-1.0000
48	519	1	853.2886	14	3	0	1	1	0.6243	0.2924
48	520	1	854.8385	15	10	0	1	1	0.6250	0.6941
48	521	1	856.3884	1	13	0	1	1	0.6257	0.5843
48	522	1	857.9383	3	2	0	1	1	0.6264	1.1935
48	523	1	859.4882	15	10	0	1	1	0.6272	1.2768
48	524	1	861.0382	2	1	0	1	1	0.6279	1.4873
48	525	1	862.6714	1	13	0	1	1	0.6286	1.3266
48	526	1	864.2213	2	1	0	1	1	0.6293	1.1996
48	527	1	865.7712	1	13	90	0	1	0.6281	1.4577
48	528	1	867.7878	2	1	0	1	1	0.6288	0.8009
48	529	1	869.3377	3	2	90	0	1	0.6276	0.5634
48	530	1	870.8877	2	1	0	-1	1	0.6264	-1.0000
48	531	1	872.9709	15	10	0	1	1	0.6271	0.2745
48	532	1	874.5208	14	3	90	0	1	0.6259	0.3723
48	533	1	876.0707	1	13	90	-1	1	0.6248	-1.0000
48	534	1	878.0873	14	3	0	1	1	0.6255	0.5645
48	535	1	879.6372	15	10	0	1	1	0.6262	0.5360
48	536	1	881.1871	1	13	90	-1	1	0.6250	-1.0000
48	537	1	883.1870	15	10	0	1	1	0.6257	0.0568
48	538	1	884.7369	14	3	0	1	1	0.6264	0.0168
48	539	1	886.2869	1	13	90	0	1	0.6252	0.3984
48	540	1	887.8368	2	1	90	0	1	0.6241	0.4647
48	541	1	889.3867	3	2	0	-1	1	0.6229	-1.0000
48	542	1	891.4699	4	14	0	1	1	0.6236	0.2379
48	543	1	893.0198	7	8	0	1	1	0.6243	0.3531
48	544	1	894.5697	4	14	0	1	1	0.6250	0.2913
48	545	1	896.1196	7	8	90	0	1	0.6239	0.5002
48	546	1	897.6696	5	9	0	1	1	0.6245	0.6943
48	547	1	899.2195	7	8	90	0	1	0.6234	0.8403
48	548	1	900.7694	5	9	0	1	1	0.6241	0.6344
48	549	1	902.3193	6	7	0	1	1	0.6248	0.9405
48	550	1	903.8692	8	11	0	1	1	0.6255	0.9117
48	551	1	905.4192	7	8	0	1	1	0.6261	0.8486
48	552	1	906.9691	5	9	0	1	1	0.6268	0.5964
48	553	1	908.5190	7	8	0	1	1	0.6275	0.6778
48	554	1	910.0689	8	11	90	0	1	0.6264	0.9669
48	555	1	911.6355	7	8	0	1	1	0.6270	0.8573
48	556	1	913.1854	4	14	0	1	1	0.6277	0.7637
48	557	1	914.7354	3	2	0	1	1	0.6284	0.7816
48	558	1	916.2853	2	1	0	1	1	0.6290	0.7838
48	559	1	917.8352	1	13	0	1	1	0.6297	0.9139
48	560	1	919.3851	15	10	0	1	1	0.6304	1.2369
48	561	1	920.9350	14	3	0	1	1	0.6310	1.0288
48	562	1	922.4849	13	12	90	0	1	0.6299	0.9510
48	563	1	924.0349	12	4	90	0	1	0.6288	0.9050
48	564	1	925.5848	10	6	0	1	1	0.6294	0.7950
48	565	1	927.1347	12	4	90	0	1	0.6283	0.6864
48	566	1	928.6846	11	5	0	-1	1	0.6272	-1.0000
48	567	1	930.7512	13	12	0	1	1	0.6279	0.9418
48	568	1	932.3011	11	5	0	1	1	0.6285	1.4558
48	569	1	933.9010	9	15	90	-1	0	0.6274	-1.0000
48	570	1	935.9509	12	4	0	1	1	0.6281	0.4620
48	571	1	937.5008	10	6	0	1	1	0.6287	0.1589
48	572	1	939.0507	9	15	0	1	1	0.6294	0.1296
48	573	1	940.7673	11	5	0	1	1	0.6300	1.0685
48	574	1	942.3172	9	15	90	0	1	0.6289	1.2319
48	575	1	944.1338	8	11	0	1	1	0.6296	1.3350
48	576	1	945.6837	9	15	90	0	1	0.6285	1.2417
48	577	1	947.4837	11	5	0	-1	1	0.6274	-1.0000
48	578	1	949.5169	12	4	0	1	1	0.6280	0.4321
48	579	1	951.0668	10	6	0	1	1	0.6287	0.7211
48	580	1	952.6167	12	4	0	1	1	0.6293	0.4042
48	581	1	954.1666	10	6	90	0	1	0.6282	0.3264
48	582	1	955.7165	13	12	0	1	1	0.6289	0.4402
48	583	1	957.2664	11	5	0	1	1	0.6295	0.8591
48	584	1	958.8164	13	12	0	-1	1	0.6284	-1.0000
48	585	1	960.8496	14	3	0	1	1	0.6291	0.4583
48	586	1	962.3995	1	13	0	1	1	0.6297	0.3802
48	587	1	963.9494	15	10	0	1	1	0.6303	0.0170
48	588	1	965.4993	14	3	90	0	1	0.6293	0.3697
48	589	1	967.0493	13	12	0	1	1	0.6299	1.4585
48	590	1	968.6992	14	3	0	1	1	0.6305	1.1377
48	591	1	970.2491	13	12	0	-1	0	0.6294	-1.0000
48	592	1	972.2657	10	6	0	-1	0	0.6284	-1.0000
48	593	1	974.3155	11	5	90	-1	1	0.6273	-1.0000
48	594	1	976.3488	9	15	0	1	1	0.6279	0.8162
48	595	1	977.8987	11	5	0	1	1	0.6286	0.4971
48	596	1	979.4486	9	15	0	1	1	0.6292	1.3325
48	597	1	980.9985	11	5	0	1	1	0.6298	1.4470
48	598	1	982.6150	12	4	0	1	1	0.6304	1.3659
48	599	1	984.1650	13	12	0	1	1	0.6311	0.9520
48	600	1	985.7149	12	4	0	1	1	0.6317	0.4260
48	601	1	1072.6936	10	6	0	-1	0	0.6306	-1.0000
48	602	1	1074.7103	9	15	0	1	1	0.6312	0.0170
48	603	1	1076.2602	11	5	0	1	1	0.6318	0.9680
48	604	1	1077.8101	13	12	0	1	1	0.6325	1.0025
48	605	1	1079.3600	14	3	0	1	1	0.6331	0.6208
48	606	1	1080.9099	2	1	0	1	1	0.6337	0.7031
48	607	1	1082.4598	14	3	0	1	1	0.6343	0.5453
48	608	1	1084.0098	1	13	0	1	1	0.6349	0.3219
48	609	1	1085.5597	2	1	0	1	1	0.6355	0.4855
48	610	1	1087.1096	15	10	90	0	1	0.6344	0.5993
48	611	1	1088.6595	2	1	0	1	1	0.6350	0.3456
48	612	1	1090.2094	14	3	0	1	1	0.6356	0.1075
48	613	1	1091.7594	2	1	0	1	1	0.6362	0.4295
48	614	1	1093.3093	3	2	0	1	1	0.6368	0.2076
48	615	1	1094.9425	2	1	0	1	1	0.6374	1.1505
48	616	1	1096.4924	1	13	90	-1	0	0.6364	-1.0000
48	617	1	1098.5923	15	10	0	1	1	0.6370	0.5407
48	618	1	1100.1423	3	2	0	1	1	0.6375	0.2864
48	619	1	1101.6922	2	1	0	1	1	0.6381	0.0644
48	620	1	1103.2421	3	2	0	1	1	0.6387	0.8508
48	621	1	1104.7920	4	14	0	1	1	0.6393	0.8837
48	622	1	1106.3419	6	7	90	0	1	0.6383	0.5183
48	623	1	1107.8918	8	11	0	1	1	0.6388	0.2489
48	624	1	1109.4418	6	7	90	-1	1	0.6378	-1.0000
48	625	1	1111.4917	4	14	0	1	1	0.6384	0.6322
48	626	1	1113.0416	3	2	0	1	1	0.6390	0.3794
48	627	1	1114.5915	15	10	0	1	1	0.6396	0.3173
48	628	1	1116.1414	14	3	0	1	1	0.6401	0.1441
48	629	1	1117.6913	13	12	0	1	1	0.6407	0.5942
48	630	1	1119.2412	12	4	0	1	1	0.6413	0.3704
48	631	1	1120.7912	13	12	0	1	1	0.6418	0.0223
48	632	1	1122.3411	11	5	0	1	1	0.6424	0.3906
48	633	1	1123.8910	13	12	90	0	1	0.6414	0.0169
48	634	1	1125.4409	14	3	0	1	1	0.6420	0.0169
48	635	1	1126.9909	1	13	0	1	1	0.6425	0.5889
48	636	1	1128.5408	2	1	90	0	1	0.6415	0.2869
48	637	1	1130.0907	15	10	0	1	1	0.6421	0.8171
48	638	1	1131.6406	3	2	0	1	1	0.6426	0.5322
48	639	1	1133.1905	15	10	0	1	1	0.6432	0.3747
48	640	1	1134.7404	1	13	0	1	1	0.6438	0.4083
48	641	1	1136.2904	14	3	0	1	1	0.6443	0.0170
48	642	1	1137.8403	1	13	0	1	1	0.6449	0.8451
48	643	1	1139.3902	2	1	0	1	1	0.6454	1.0549
48	644	1	1140.9401	1	13	0	1	1	0.6460	0.8489
48	645	1	1142.4900	3	2	0	1	1	0.6465	1.1709
48	646	1	1144.0399	1	13	0	1	1	0.6471	1.3969
48	647	1	1145.6065	2	1	0	1	1	0.6476	0.6931
48	648	1	1147.1565	3	2	0	1	1	0.6481	0.2474
48	649	1	1148.7064	1	13	0	1	1	0.6487	0.0592
48	650	1	1150.2563	3	2	0	1	1	0.6492	1.2597
48	651	1	1151.8062	15	10	0	1	1	0.6498	0.6706
48	652	1	1153.3561	1	13	0	1	1	0.6503	0.3049
48	653	1	1154.9060	15	10	0	1	1	0.6508	0.1468
48	654	1	1156.5060	1	13	0	1	1	0.6514	1.1870
48	655	1	1158.0559	2	1	0	1	1	0.6519	0.5170
48	656	1	1159.6058	1	13	0	1	1	0.6524	0.4060
48	657	1	1161.1557	14	3	0	1	1	0.6530	0.0168
48	658	1	1162.7056	2	1	0	1	1	0.6535	0.0280
48	659	1	1164.2889	14	3	0	1	1	0.6540	1.1001
48	660	1	1165.8388	15	10	90	0	1	0.6530	0.5101
48	661	1	1167.3887	2	1	90	0	1	0.6520	0.5280
48	662	1	1168.9387	1	13	0	1	1	0.6526	0.4665
48	663	1	1170.4886	14	3	0	1	1	0.6531	0.2923
48	664	1	1172.0385	1	13	0	1	1	0.6536	0.1823
48	665	1	1173.5884	2	1	0	1	1	0.6541	0.3282
48	666	1	1175.1383	3	2	90	0	1	0.6532	0.2013
48	667	1	1176.6882	1	13	0	-1	1	0.6522	-1.0000
48	668	1	1178.7381	15	10	90	-1	1	0.6512	-1.0000
48	669	1	1180.7880	1	13	90	0	1	0.6502	0.4077
48	670	1	1182.3379	15	10	0	1	1	0.6507	0.4747
48	671	1	1183.8879	1	13	0	1	1	0.6513	0.3496
48	672	1	1185.4378	2	1	0	1	1	0.6518	0.3031
48	673	1	1186.9877	3	2	0	1	1	0.6523	0.4161
48	674	1	1188.5376	4	14	0	1	1	0.6528	0.4991
48	675	1	1190.0875	7	8	0	1	1	0.6533	0.3242
48	676	1	1191.6374	4	14	0	1	1	0.6538	0.2952
48	677	1	1193.1874	3	2	0	1	1	0.6544	0.3444
48	678	1	1194.7373	1	13	0	1	1	0.6549	0.3316
48	679	1	1196.2872	14	3	0	1	1	0.6554	0.2856
48	680	1	1197.8371	2	1	0	1	1	0.6559	0.2558
48	681	1	1199.3870	14	3	90	-1	0	0.6549	-1.0000
48	682	1	1201.4036	15	10	0	-1	1	0.6540	-1.0000
48	683	1	1203.4368	2	1	0	1	1	0.6545	0.5108
48	684	1	1204.9867	1	13	0	1	1	0.6550	0.1145
48	685	1	1206.5367	2	1	0	1	1	0.6555	1.2351
48	686	1	1208.0866	3	2	0	1	1	0.6560	0.7101
48	687	1	1209.6365	1	13	0	1	1	0.6565	0.2965
48	688	1	1211.1864	2	1	0	1	1	0.6570	0.2338
48	689	1	1212.7363	3	2	0	1	1	0.6575	0.3154
48	690	1	1214.2863	2	1	0	1	1	0.6580	0.2864
48	691	1	1215.8362	14	3	0	1	1	0.6585	0.2566
48	692	1	1217.3861	2	1	90	0	1	0.6575	0.2589
48	693	1	1218.9360	3	2	0	1	1	0.6580	0.5956
48	694	1	1220.4859	15	10	90	0	1	0.6571	0.9978
48	695	1	1222.0359	14	3	0	1	1	0.6576	0.9851
48	696	1	1223.5858	1	13	0	1	1	0.6580	0.7477
48	697	1	1225.1357	14	3	0	1	1	0.6585	0.7161
48	698	1	1226.6856	15	10	0	1	1	0.6590	0.7826
48	699	1	1228.2355	2	1	0	1	1	0.6595	0.7373
48	700	1	1229.7855	15	10	90	0	1	0.6586	0.6755
48	701	1	1231.3354	1	13	0	1	1	0.6591	0.7722
48	702	1	1232.8853	3	2	0	1	1	0.6595	0.7113
48	703	1	1234.4352	4	14	90	0	1	0.6586	0.9204
48	704	1	1235.9851	7	8	0	1	1	0.6591	1.1796
48	705	1	1237.5351	8	11	0	1	1	0.6596	1.1657
48	706	1	1239.0850	9	15	0	1	1	0.6601	0.8628
48	707	1	1240.6349	10	6	0	1	1	0.6605	0.3367
48	708	1	1242.1848	9	15	0	1	1	0.6610	0.7877
48	709	1	1243.7347	8	11	0	1	1	0.6615	0.5340
48	710	1	1245.2846	9	15	90	0	1	0.6606	0.3439
48	711	1	1246.8346	10	6	90	0	1	0.6596	1.1931
48	712	1	1248.6011	9	15	90	0	1	0.6587	0.9956
48	713	1	1250.1677	10	6	0	1	1	0.6592	0.8690
48	714	1	1251.7176	11	5	90	0	1	0.6583	0.7111
48	715	1	1253.2675	10	6	0	1	1	0.6587	0.4412
48	716	1	1254.8175	12	4	0	1	1	0.6592	0.3782
48	717	1	1256.3674	11	5	0	1	1	0.6597	0.3977
48	718	1	1257.9173	10	6	0	1	1	0.6602	0.3836
48	719	1	1259.4672	12	4	0	1	1	0.6606	0.0170
48	720	1	1261.0171	11	5	0	1	1	0.6611	1.2356
48	721	1	1262.5670	9	15	90	0	1	0.6602	0.6136
48	722	1	1264.1170	8	11	0	1	1	0.6607	0.3426
48	723	1	1265.6669	6	7	0	1	1	0.6611	0.6506
48	724	1	1267.2168	5	9	0	1	1	0.6616	0.2995
48	725	1	1268.7667	7	8	0	1	1	0.6621	0.3983
48	726	1	1270.3166	4	14	0	1	1	0.6625	0.4159
48	727	1	1271.8666	5	9	0	1	1	0.6630	0.4185
48	728	1	1273.4165	8	11	0	1	1	0.6635	0.5484
48	729	1	1274.9664	7	8	0	1	1	0.6639	0.3093
48	730	1	1276.5163	6	7	0	1	1	0.6644	1.1446
48	731	1	1278.0662	5	9	0	1	1	0.6648	0.6668
48	732	1	1279.6162	7	8	90	0	1	0.6639	0.7966
48	733	1	1281.1661	4	14	0	1	1	0.6644	0.5108
48	734	1	1282.7160	3	2	0	1	1	0.6649	0.3517
48	735	1	1284.2659	4	14	0	1	1	0.6653	0.3869
48	736	1	1285.8158	7	8	0	1	1	0.6658	0.6438
48	737	1	1287.3657	8	11	0	1	1	0.6662	0.4391
48	738	1	1288.9157	6	7	90	0	1	0.6653	0.2651
48	739	1	1290.4656	8	11	0	1	1	0.6658	0.0595
48	740	1	1292.0155	6	7	0	1	1	0.6662	0.2366
48	741	1	1293.5654	5	9	90	0	1	0.6653	0.2702
48	742	1	1295.1153	4	14	0	1	1	0.6658	0.0814
48	743	1	1296.6653	6	7	0	1	1	0.6662	0.2264
48	744	1	1298.2152	5	9	0	1	1	0.6667	0.6452
48	745	1	1299.7651	6	7	90	0	1	0.6658	0.4546
48	746	1	1301.3150	4	14	0	1	1	0.6662	0.0169
48	747	1	1302.8650	7	8	0	1	1	0.6667	1.0519
48	748	1	1304.4149	8	11	0	1	1	0.6671	0.4777
48	749	1	1305.9648	6	7	0	1	1	0.6676	0.3678
48	750	1	1307.5147	4	14	0	1	1	0.6680	0.4169
48	751	1	1309.0646	5	9	90	0	1	0.6671	0.5322
48	752	1	1310.6145	6	7	0	1	1	0.6676	0.2941
48	753	1	1312.1644	4	14	0	1	1	0.6680	0.4077
48	754	1	1313.7144	3	2	90	0	1	0.6671	0.7306
48	755	1	1315.2643	1	13	0	1	1	0.6675	0.8283
48	756	1	1316.8142	2	1	0	1	1	0.6680	0.6213
48	757	1	1318.3642	15	10	0	1	1	0.6684	0.2241
48	758	1	1319.9141	3	2	90	0	1	0.6675	0.7227
48	759	1	1321.4640	1	13	0	1	1	0.6680	0.2916
48	760	1	1323.0139	2	1	0	1	1	0.6684	0.2297
48	761	1	1324.5638	15	10	0	1	1	0.6689	0.3451
48	762	1	1326.1137	2	1	90	0	1	0.6680	0.3790
48	763	1	1327.6636	15	10	0	1	1	0.6684	0.3172
48	764	1	1329.2136	2	1	0	1	1	0.6688	0.2546
48	765	1	1330.7635	14	3	0	1	1	0.6693	0.5134
48	766	1	1332.3134	13	12	0	1	1	0.6697	0.4033
48	767	1	1333.8633	12	4	0	1	1	0.6701	0.4202
48	768	1	1335.4132	11	5	90	0	1	0.6693	0.4555
48	769	1	1336.9632	10	6	0	1	1	0.6697	0.1855
48	770	1	1338.5131	13	12	0	1	1	0.6701	0.3798
48	771	1	1340.0630	11	5	0	1	1	0.6706	0.6377
48	772	1	1341.6129	10	6	0	1	1	0.6710	0.6726
48	773	1	1343.1628	9	15	0	1	1	0.6714	0.6258
48	774	1	1344.7127	12	4	90	0	1	0.6705	0.5637
48	775	1	1346.2627	9	15	0	1	1	0.6710	0.3261
48	776	1	1347.8126	8	11	0	1	1	0.6714	0.2478
48	777	1	1349.3625	7	8	90	0	1	0.6705	0.1704
48	778	1	1350.9124	8	11	0	1	1	0.6710	0.2192
48	779	1	1352.4623	5	9	90	0	1	0.6701	1.4062
48	780	1	1354.3789	7	8	0	1	1	0.6705	0.6896
48	781	1	1355.9288	6	7	0	1	1	0.6709	0.8667
48	782	1	1357.4787	7	8	0	1	1	0.6714	0.6608
48	783	1	1359.0287	4	14	0	1	1	0.6718	0.6962
48	784	1	1360.5786	7	8	0	1	1	0.6722	0.8742
48	785	1	1362.1285	5	9	0	1	1	0.6726	1.1155
48	786	1	1363.6784	6	7	0	1	1	0.6730	1.4704
48	787	1	1365.3116	7	8	0	1	1	0.6734	1.3411
48	788	1	1366.8616	5	9	0	1	1	0.6739	1.0700
48	789	1	1368.4115	6	7	0	1	1	0.6743	0.8494
48	790	1	1369.9614	8	11	0	1	1	0.6747	0.4352
48	791	1	1371.5113	6	7	90	0	1	0.6738	0.2615
48	792	1	1373.0613	5	9	0	1	1	0.6742	0.3914
48	793	1	1374.6112	6	7	0	1	1	0.6747	0.2495
48	794	1	1376.1611	7	8	0	1	1	0.6751	0.1705
48	795	1	1377.7110	4	14	0	1	1	0.6755	0.1731
48	796	1	1379.2609	5	9	90	0	1	0.6746	0.0168
48	797	1	1380.8108	6	7	0	1	1	0.6750	0.7861
48	798	1	1382.3608	8	11	90	0	1	0.6742	0.5469
48	799	1	1383.9107	5	9	0	1	1	0.6746	0.4543
48	800	1	1385.4606	8	11	90	0	1	0.6737	0.7280
48	801	1	1387.0105	5	9	0	1	1	0.6742	0.7931
48	802	1	1388.5605	7	8	0	1	1	0.6746	0.6510
48	803	1	1390.1104	5	9	0	1	1	0.6750	0.5419
48	804	1	1391.6603	4	14	0	1	1	0.6754	0.6242
48	805	1	1393.2102	7	8	0	1	1	0.6758	0.6903
48	806	1	1394.7601	8	11	90	0	1	0.6749	0.7242
48	807	1	1396.3100	6	7	0	1	1	0.6753	0.3585
48	808	1	1397.8599	8	11	90	0	1	0.6745	0.3452
48	809	1	1399.4099	5	9	0	1	1	0.6749	0.6177
48	810	1	1400.9598	4	14	0	1	1	0.6753	0.6210
48	811	1	1402.5097	7	8	0	1	1	0.6757	0.5755
48	812	1	1404.0596	4	14	0	1	1	0.6761	0.4492
48	813	1	1405.6095	6	7	0	1	1	0.6765	0.3380
48	814	1	1407.2428	4	14	0	1	1	0.6769	1.2339
48	815	1	1408.7927	5	9	0	1	1	0.6773	0.7228
48	816	1	1410.3426	4	14	0	1	1	0.6777	0.3740
48	817	1	1411.8926	7	8	0	1	1	0.6781	0.2482
48	818	1	1413.4425	5	9	90	0	1	0.6773	0.2666
48	819	1	1414.9924	4	14	0	1	1	0.6777	0.6192
48	820	1	1416.5423	5	9	0	1	1	0.6780	0.4937
48	821	1	1418.0922	8	11	90	0	1	0.6772	0.3514
48	822	1	1419.6421	7	8	0	1	1	0.6776	0.4186
48	823	1	1421.1921	6	7	90	0	1	0.6768	0.3555
48	824	1	1422.7420	7	8	90	-1	1	0.6760	-1.0000
48	825	1	1424.7752	8	11	0	1	1	0.6764	1.3324
48	826	1	1426.3251	5	9	90	0	1	0.6755	1.0316
48	827	1	1427.9417	8	11	0	1	1	0.6759	0.8218
48	828	1	1429.4916	5	9	0	1	1	0.6763	1.0492
48	829	1	1431.0415	4	14	0	1	1	0.6767	0.7460
48	830	1	1432.5915	7	8	0	1	1	0.6771	0.5413
48	831	1	1434.1414	4	14	0	1	1	0.6775	0.4466
48	832	1	1435.6913	5	9	90	0	1	0.6767	1.2338
48	833	1	1437.5079	7	8	0	1	1	0.6771	0.7596
48	834	1	1439.0578	5	9	0	1	1	0.6775	0.3628
48	835	1	1440.6077	7	8	0	1	1	0.6778	0.2850
48	836	1	1442.1576	5	9	0	1	1	0.6782	0.3832
48	837	1	1443.7075	4	14	0	1	1	0.6786	0.6080
48	838	1	1445.2575	6	7	0	1	1	0.6790	0.4500
48	839	1	1446.8074	8	11	90	0	1	0.6782	0.6761
48	840	1	1448.3573	5	9	90	0	1	0.6774	0.8881
48	841	1	1449.9072	4	14	90	-1	1	0.6766	-1.0000
48	842	1	1451.9904	5	9	0	1	1	0.6770	0.2931
48	843	1	1453.5404	6	7	0	1	1	0.6773	0.7281
48	844	1	1455.0903	4	14	0	1	1	0.6777	0.5548
48	845	1	1456.6402	7	8	90	0	1	0.6769	0.3954
48	846	1	1458.1901	6	7	0	1	1	0.6773	1.2787
48	847	1	1459.7400	4	14	0	1	1	0.6777	0.8648
48	848	1	1461.2899	7	8	0	1	1	0.6781	0.7867
48	849	1	1462.8399	8	11	0	1	1	0.6784	0.9476
48	850	1	1464.3898	7	8	0	1	1	0.6788	0.6310
48	851	1	1465.9397	5	9	0	1	1	0.6792	0.5051
48	852	1	1467.4896	4	14	0	1	1	0.6796	0.3310
48	853	1	1469.0395	7	8	0	1	1	0.6800	0.3319
48	854	1	1470.5895	6	7	0	1	1	0.6803	0.4633
48	855	1	1472.1394	7	8	0	1	1	0.6807	0.7048
48	856	1	1473.6893	8	11	0	1	1	0.6811	0.5157
48	857	1	1475.2392	7	8	0	1	1	0.6814	0.5658
48	858	1	1476.7892	8	11	0	1	1	0.6818	0.5663
48	859	1	1478.3391	6	7	90	0	1	0.6810	0.6499
48	860	1	1479.8890	8	11	0	1	1	0.6814	0.9242
48	861	1	1481.4389	9	15	0	-1	1	0.6806	-1.0000
48	862	1	1483.4721	8	11	0	1	1	0.6810	0.4607
48	863	1	1485.0221	7	8	90	-1	1	0.6802	-1.0000
48	864	1	1487.0886	6	7	0	1	1	0.6806	0.4762
48	865	1	1488.6385	4	14	0	1	1	0.6809	1.2457
48	866	1	1490.1884	3	2	0	1	1	0.6813	0.9282
48	867	1	1491.7383	2	1	90	0	1	0.6805	0.7705
48	868	1	1493.2883	3	2	0	1	1	0.6809	0.7232
48	869	1	1494.8382	4	14	0	1	1	0.6812	0.6786
48	870	1	1496.3881	6	7	0	1	1	0.6816	0.8246
48	871	1	1497.9380	4	14	90	0	1	0.6808	0.7146
48	872	1	1499.4879	7	8	0	-1	1	0.6800	-1.0000
48	873	1	1501.5878	4	14	0	1	1	0.6804	0.2323
48	874	1	1503.1378	6	7	90	0	1	0.6796	0.8417
48	875	1	1504.6877	4	14	0	1	1	0.6800	1.0529
48	876	1	1506.2376	3	2	0	1	1	0.6804	0.8950
48	877	1	1507.7875	1	13	90	0	1	0.6796	0.5605
48	878	1	1509.3374	14	3	0	-1	1	0.6788	-1.0000
48	879	1	1511.3373	1	13	0	-1	1	0.6780	-1.0000
48	880	1	1513.3872	3	2	0	1	1	0.6784	0.7362
48	881	1	1514.9371	2	1	0	1	1	0.6788	0.8356
48	882	1	1516.4871	3	2	0	1	1	0.6791	0.4696
48	883	1	1518.0370	15	10	0	1	1	0.6795	0.4718
48	884	1	1519.5869	2	1	0	1	1	0.6799	0.7138
48	885	1	1521.1368	3	2	0	1	1	0.6802	0.8106
48	886	1	1522.6867	2	1	0	-1	0	0.6795	-1.0000
48	887	1	1524.7200	15	10	0	1	1	0.6798	0.8756
48	888	1	1526.2699	3	2	0	1	1	0.6802	0.2868
48	889	1	1527.8198	4	14	0	1	1	0.6805	0.0169
48	890	1	1529.3697	3	2	0	1	1	0.6809	0.8827
48	891	1	1530.9196	1	13	90	0	1	0.6801	0.9010
48	892	1	1532.4695	3	2	90	0	1	0.6794	0.7900
48	893	1	1534.0195	1	13	0	-1	1	0.6786	-1.0000
48	894	1	1536.0527	14	3	0	1	1	0.6790	0.5029
48	895	1	1537.6026	13	12	0	1	1	0.6793	0.5225
48	896	1	1539.1525	12	4	0	1	1	0.6797	0.4923
48	897	1	1540.7024	11	5	90	0	1	0.6789	0.4141
48	898	1	1542.2524	12	4	0	1	1	0.6793	0.4803
48	899	1	1543.8023	11	5	0	1	1	0.6796	0.6264
48	900	1	1545.3522	10	6	0	1	1	0.6800	0.4833
48	901	1	1546.9021	12	4	0	1	1	0.6804	0.3412
48	902	1	1548.4520	11	5	0	1	1	0.6807	0.5359
48	903	1	1550.0020	12	4	90	0	1	0.6800	0.6031
48	904	1	1551.5519	11	5	0	1	1	0.6803	0.5088
48	905	1	1553.1018	12	4	0	1	1	0.6807	0.3661
48	906	1	1554.6517	10	6	0	1	1	0.6810	0.3050
48	907	1	1556.2016	11	5	90	0	1	0.6803	0.3870
48	908	1	1557.7516	9	15	0	1	1	0.6806	0.4692
48	909	1	1559.3015	11	5	0	1	1	0.6810	0.5180
48	910	1	1560.8514	12	4	0	1	1	0.6813	0.4730
48	911	1	1562.4013	11	5	90	0	1	0.6806	0.4589
48	912	1	1563.9512	10	6	0	1	1	0.6809	1.1163
48	913	1	1565.5012	9	15	0	1	1	0.6813	0.9424
48	914	1	1567.0511	10	6	0	1	1	0.6816	0.7858
48	915	1	1568.6010	13	12	0	1	1	0.6820	0.8995
48	916	1	1570.1509	14	3	0	1	1	0.6823	0.7258
48	917	1	1571.7008	15	10	0	1	1	0.6827	0.8082
48	918	1	1573.2507	2	1	0	1	1	0.6830	0.8087
48	919	1	1574.8007	3	2	0	1	1	0.6834	0.8606
48	920	1	1576.3506	4	14	90	0	1	0.6826	0.7500
48	921	1	1577.9005	7	8	0	1	1	0.6830	1.0720
48	922	1	1579.4504	5	9	0	1	1	0.6833	0.9782
48	923	1	1581.0003	6	7	0	1	1	0.6836	1.3009
48	924	1	1582.5503	4	14	0	-1	0	0.6829	-1.0000
48	925	1	1584.6168	3	2	0	1	1	0.6832	1.0918
48	926	1	1586.1667	4	14	0	1	1	0.6836	0.9975
48	927	1	1587.7166	5	9	0	1	1	0.6839	0.7748
48	928	1	1589.2666	7	8	0	1	1	0.6843	1.2420
48	929	1	1590.8165	4	14	0	1	1	0.6846	0.9082
48	930	1	1592.3664	3	2	90	0	1	0.6839	0.9901
48	931	1	1593.9163	4	14	0	1	1	0.6842	0.6391
48	932	1	1595.4662	5	9	0	1	1	0.6845	0.4025
48	933	1	1597.0161	7	8	0	1	1	0.6849	0.3394
48	934	1	1598.5661	8	11	0	1	1	0.6852	0.5333
48	935	1	1600.1160	6	7	90	0	1	0.6845	0.4564
48	936	1	1601.8659	7	8	0	1	1	0.6848	1.1383
48	937	1	1603.4158	8	11	0	1	1	0.6852	0.5475
48	938	1	1604.9657	5	9	0	1	1	0.6855	0.2467
48	939	1	1606.5157	8	11	0	1	1	0.6858	0.0169
48	940	1	1608.0656	5	9	90	0	1	0.6851	0.2196
48	941	1	1609.6155	8	11	0	1	1	0.6854	0.7481
48	942	1	1611.1654	5	9	0	1	1	0.6858	1.1512
48	943	1	1612.7153	7	8	90	0	1	0.6850	0.8653
48	944	1	1614.2653	5	9	0	1	1	0.6854	0.3875
48	945	1	1615.8152	8	11	0	1	1	0.6857	0.2137
48	946	1	1617.3651	6	7	0	1	1	0.6860	0.1835
48	947	1	1618.9150	8	11	0	1	1	0.6864	0.0742
48	948	1	1620.4649	9	15	90	0	1	0.6857	0.0585
48	949	1	1622.0148	8	11	90	0	1	0.6849	0.0170
48	950	1	1623.5648	5	9	0	1	1	0.6853	0.3679
48	951	1	1625.1147	6	7	90	0	1	0.6845	0.2901
48	952	1	1626.6646	8	11	0	1	1	0.6849	0.1308
48	953	1	1628.2145	7	8	0	1	1	0.6852	0.6129
48	954	1	1629.7644	5	9	90	0	1	0.6845	0.4407
48	955	1	1631.3144	7	8	0	1	1	0.6848	0.4422
48	956	1	1632.8643	6	7	90	0	1	0.6841	0.6683
48	957	1	1634.4142	8	11	0	1	1	0.6844	0.5413
48	958	1	1635.9641	9	15	0	1	1	0.6848	0.4965
48	959	1	1637.5140	10	6	90	0	1	0.6840	0.8026
48	960	1	1639.0639	13	12	0	1	1	0.6844	0.9487
48	961	1	1640.6139	12	4	0	1	1	0.6847	0.5988
48	962	1	1642.1638	9	15	90	0	1	0.6840	0.7128
48	963	1	1643.7137	11	5	90	0	1	0.6833	0.8419
48	964	1	1645.2636	13	12	0	1	1	0.6836	0.9078
48	965	1	1646.8135	10	6	0	1	1	0.6839	0.7992
48	966	1	1648.3635	9	15	0	1	1	0.6843	0.7839
48	967	1	1649.9134	12	4	0	1	1	0.6846	0.7540
48	968	1	1651.4633	11	5	0	1	1	0.6849	0.9481
48	969	1	1653.0132	12	4	0	1	1	0.6852	0.9663
48	970	1	1654.5631	11	5	0	1	1	0.6856	1.2254
48	971	1	1656.1131	10	6	0	1	1	0.6859	0.7955
48	972	1	1657.6630	9	15	0	1	1	0.6862	0.6537
48	973	1	1659.2129	12	4	0	1	1	0.6865	0.6877
48	974	1	1660.7628	13	12	0	1	1	0.6869	0.7537
48	975	1	1662.3127	14	3	90	0	1	0.6862	0.9159
48	976	1	1663.8626	2	1	90	0	1	0.6855	0.8378
48	977	1	1665.4126	15	10	0	1	1	0.6858	1.3524
48	978	1	1666.9625	1	13	0	1	1	0.6861	1.1143
48	979	1	1668.5124	14	3	0	-1	0	0.6854	-1.0000
48	980	1	1670.5290	15	10	0	1	1	0.6857	1.4504
48	981	1	1672.0789	3	2	90	0	1	0.6850	0.7969
48	982	1	1673.6288	2	1	0	1	1	0.6853	0.6078
48	983	1	1675.1787	15	10	0	1	1	0.6857	0.3366
48	984	1	1676.7286	3	2	90	0	1	0.6850	0.2602
48	985	1	1678.2786	1	13	0	1	1	0.6853	0.6128
48	986	1	1679.8285	15	10	90	0	1	0.6846	0.9521
48	987	1	1681.3784	1	13	0	-1	1	0.6839	-1.0000
48	988	1	1683.4450	15	10	0	1	1	0.6842	0.4081
48	989	1	1684.9948	2	1	0	1	1	0.6845	1.0176
48	990	1	1686.5448	1	13	0	-1	0	0.6838	-1.0000
48	991	1	1688.5447	2	1	0	1	1	0.6842	1.1960
48	992	1	1690.0946	3	2	90	0	1	0.6835	0.7180
48	993	1	1691.6445	15	10	0	-1	1	0.6828	-1.0000
48	994	1	1693.6611	2	1	90	0	1	0.6821	0.4624
48	995	1	1695.2110	15	10	90	0	1	0.6814	0.8816
48	996	1	1696.7609	2	1	0	-1	0	0.6807	-1.0000
48	997	1	1698.7608	15	10	0	-1	0	0.6800	-1.0000
48	998	1	1700.8107	14	3	0	1	1	0.6804	0.8500
48	999	1	1702.3606	1	13	0	1	1	0.6807	0.8994
48	1000	1	1703.9106	14	3	0	1	1	0.6810	0.5817
48	1001	1	1705.4605	15	10	0	1	1	0.6813	1.0479
48	1002	1	1707.0104	2	1	0	1	1	0.6816	0.7301
48	1003	1	1708.5603	14	3	0	1	1	0.6820	0.4596
48	1004	1	1710.1102	15	10	0	1	1	0.6823	0.3971
48	1005	1	1711.6601	2	1	90	0	1	0.6816	0.2394
48	1006	1	1713.2100	14	3	90	0	1	0.6809	0.4024
48	1007	1	1714.7600	13	12	0	-1	1	0.6802	-1.0000
48	1008	1	1716.7932	14	3	0	1	1	0.6806	0.7222
48	1009	1	1718.3431	15	10	0	1	1	0.6809	0.8694
48	1010	1	1719.8930	1	13	0	1	1	0.6812	0.5355
48	1011	1	1721.4430	2	1	0	1	1	0.6815	0.4258
48	1012	1	1722.9929	1	13	0	1	1	0.6818	0.2346
48	1013	1	1724.5428	3	2	0	1	1	0.6821	0.4621
48	1014	1	1726.0927	15	10	0	1	1	0.6824	0.4476
48	1015	1	1727.6426	1	13	0	1	1	0.6828	0.2727
48	1016	1	1729.1925	2	1	0	1	1	0.6831	0.1161
48	1017	1	1730.7425	1	13	0	1	1	0.6834	0.0369
48	1018	1	1732.2924	2	1	0	1	1	0.6837	0.0408
48	1019	1	1733.8423	15	10	0	1	1	0.6840	0.0913
48	1020	1	1735.3922	3	2	0	1	1	0.6843	0.2040
48	1021	1	1736.9588	1	13	0	1	1	0.6846	1.4375
48	1022	1	1738.5254	15	10	0	1	1	0.6849	1.3272
48	1023	1	1740.0753	3	2	0	1	1	0.6852	1.3296
48	1024	1	1741.6252	2	1	0	1	1	0.6855	0.8197
48	1025	1	1743.1751	14	3	0	1	1	0.6859	0.3254
48	1026	1	1744.8084	15	10	0	1	1	0.6862	1.3480
48	1027	1	1746.3583	1	13	90	0	1	0.6855	0.6941
48	1028	1	1747.9082	15	10	0	1	1	0.6858	0.5684
48	1029	1	1749.4581	2	1	0	1	1	0.6861	0.6021
48	1030	1	1751.0080	15	10	0	1	1	0.6864	1.4358
48	1031	1	1752.5913	3	2	0	1	1	0.6867	1.2121
48	1032	1	1754.1412	4	14	0	1	1	0.6870	1.1193
48	1033	1	1755.6911	7	8	0	1	1	0.6873	0.5137
48	1034	1	1757.2411	6	7	0	1	1	0.6876	0.0170
48	1035	1	1758.7910	8	11	90	0	1	0.6870	0.3411
48	1036	1	1760.3409	7	8	90	0	1	0.6863	0.7440
48	1037	1	1761.8908	4	14	0	1	1	0.6866	0.4417
48	1038	1	1763.4407	5	9	0	1	1	0.6869	0.3639
48	1039	1	1764.9907	4	14	0	1	1	0.6872	0.5418
48	1040	1	1766.5406	5	9	90	0	1	0.6865	0.1267
48	1041	1	1768.0905	6	7	0	1	1	0.6868	0.8661
48	1042	1	1769.6404	7	8	0	1	1	0.6871	0.4043
48	1043	1	1771.1903	5	9	0	1	1	0.6874	0.2144
48	1044	1	1772.7403	6	7	0	1	1	0.6877	0.2804
48	1045	1	1774.2902	7	8	0	1	1	0.6880	1.1784
48	1046	1	1775.8401	6	7	0	1	1	0.6883	0.7474
48	1047	1	1777.3900	8	11	0	1	1	0.6886	0.3346
48	1048	1	1778.9733	7	8	0	1	1	0.6889	0.9917
48	1049	1	1780.5232	5	9	0	1	1	0.6892	0.4329
48	1050	1	1782.0731	8	11	0	1	1	0.6895	0.2117
48	1051	1	1783.6230	9	15	90	0	1	0.6889	0.0168
48	1052	1	1785.1729	11	5	90	0	1	0.6882	0.4235
48	1053	1	1786.7228	13	12	0	1	1	0.6885	0.2818
48	1054	1	1788.2728	12	4	0	1	1	0.6888	0.3945
48	1055	1	1789.8227	13	12	0	1	1	0.6891	0.8298
48	1056	1	1791.3726	14	3	0	1	1	0.6894	0.5122
48	1057	1	1792.9225	1	13	90	0	1	0.6887	0.3700
48	1058	1	1794.4725	2	1	0	1	1	0.6890	0.8668
48	1059	1	1796.0224	1	13	0	1	1	0.6893	0.5009
48	1060	1	1797.5723	15	10	0	1	1	0.6896	0.9040
48	1061	1	1799.1222	2	1	90	0	1	0.6890	0.9695
48	1062	1	1800.6721	3	2	0	1	1	0.6893	1.1313
48	1063	1	1802.2220	1	13	0	1	1	0.6896	1.1827
48	1064	1	1803.7720	15	10	90	0	1	0.6889	0.4793
48	1065	1	1805.3219	3	2	0	1	1	0.6892	0.1627
48	1066	1	1806.8718	4	14	90	0	1	0.6886	0.1487
48	1067	1	1808.4217	7	8	0	1	1	0.6888	0.0235
48	1068	1	1809.9716	4	14	0	1	1	0.6891	0.6170
48	1069	1	1811.5215	7	8	0	1	1	0.6894	0.3149
48	1070	1	1813.0715	6	7	0	1	1	0.6897	0.3164
48	1071	1	1814.6214	4	14	0	1	1	0.6900	0.3672
48	1072	1	1816.1713	7	8	0	1	1	0.6903	0.3360
48	1073	1	1817.7212	5	9	90	0	1	0.6897	0.4512
48	1074	1	1819.2711	4	14	0	1	1	0.6899	0.5974
48	1075	1	1820.8211	6	7	0	-1	0	0.6893	-1.0000
48	1076	1	1822.8543	7	8	0	1	1	0.6896	0.1822
48	1077	1	1824.4042	6	7	0	-1	0	0.6890	-1.0000
48	1078	1	1826.4874	8	11	0	1	1	0.6892	0.3728
48	1079	1	1828.0374	6	7	0	1	1	0.6895	0.9192
48	1080	1	1829.5873	5	9	90	0	1	0.6889	1.4814
48	1081	1	1831.6038	6	7	90	0	1	0.6883	0.9524
48	1082	1	1833.1537	5	9	90	0	1	0.6876	0.7312
48	1083	1	1834.7036	8	11	0	1	1	0.6879	0.8927
48	1084	1	1836.2536	5	9	0	-1	0	0.6873	-1.0000
48	1085	1	1838.2701	7	8	0	1	1	0.6876	0.8943
48	1086	1	1839.8200	8	11	90	0	1	0.6869	0.7840
48	1087	1	1841.3700	5	9	0	-1	0	0.6863	-1.0000
48	1088	1	1843.3865	4	14	0	-1	0	0.6857	-1.0000
48	1089	1	1845.4198	3	2	0	-1	0	0.6850	-1.0000
48	1090	1	1847.4697	1	13	0	1	1	0.6853	0.4136
48	1091	1	1849.0196	14	3	0	0	1	0.6847	0.5769
48	1092	1	1850.5695	1	13	0	1	1	0.6850	0.5141
48	1093	1	1852.1194	2	1	0	1	1	0.6853	1.0449
48	1094	1	1853.6693	1	13	0	1	1	0.6856	1.3036
48	1095	1	1855.2192	14	3	0	1	1	0.6858	1.3040
48	1096	1	1856.7692	1	13	0	1	1	0.6861	0.8592
48	1097	1	1858.3191	14	3	0	1	1	0.6864	0.5723
48	1098	1	1859.8690	2	1	0	1	1	0.6867	0.3504
48	1099	1	1861.4189	1	13	0	1	1	0.6870	0.2894
48	1100	1	1862.9688	15	10	0	0	1	0.6864	0.3384
48	1101	1	1864.5188	14	3	0	1	1	0.6866	0.2936
48	1102	1	1866.0687	1	13	90	0	1	0.6860	0.4561
48	1103	1	1867.6186	14	3	0	1	1	0.6863	0.5060
48	1104	1	1869.1685	1	13	0	1	1	0.6866	0.4765
48	1105	1	1870.7184	2	1	0	1	1	0.6869	0.6381
48	1106	1	1872.2684	15	10	0	1	1	0.6872	0.8964
48	1107	1	1873.8183	1	13	0	1	1	0.6874	0.9780
48	1108	1	1875.3682	15	10	0	1	1	0.6877	0.8203
48	1109	1	1876.9181	3	2	0	1	1	0.6880	0.8372
48	1110	1	1878.4680	15	10	90	0	1	0.6874	0.6646
48	1111	1	1880.0180	14	3	0	1	1	0.6877	1.3225
48	1112	1	1881.5679	13	12	0	1	1	0.6879	0.9074
48	1113	1	1883.1178	11	5	0	1	1	0.6882	0.8304
48	1114	1	1884.6677	9	15	90	0	1	0.6876	1.0729
48	1115	1	1886.3009	10	6	0	-1	0	0.6870	-1.0000
48	1116	1	1888.3342	11	5	0	1	1	0.6873	1.1011
48	1117	1	1889.8841	10	6	0	1	1	0.6876	0.9432
48	1118	1	1891.4340	12	4	0	1	1	0.6878	0.7372
48	1119	1	1892.9839	10	6	0	1	1	0.6881	0.7883
48	1120	1	1894.5338	11	5	0	1	1	0.6884	0.6943
48	1121	1	1896.0838	9	15	0	1	1	0.6887	0.5514
48	1122	1	1897.6337	8	11	0	1	1	0.6889	0.5228
48	1123	1	1899.1836	6	7	0	1	1	0.6892	0.5729
48	1124	1	1900.7335	4	14	0	1	1	0.6895	0.3668
48	1125	1	1902.2834	5	9	0	1	1	0.6898	0.6413
48	1126	1	1903.8334	6	7	90	0	1	0.6892	0.5148
48	1127	1	1905.3833	7	8	90	1	1	0.6894	1.0608
48	1128	1	1906.9332	8	11	90	0	1	0.6888	0.3900
48	1129	1	1908.4831	5	9	90	0	1	0.6882	0.4572
48	1130	1	1910.0330	8	11	0	1	1	0.6885	0.0263
48	1131	1	1911.5829	7	8	0	1	1	0.6888	0.3804
48	1132	1	1913.1329	8	11	0	1	1	0.6890	0.2236
48	1133	1	1914.6828	6	7	0	1	1	0.6893	0.4335
48	1134	1	1916.2327	5	9	0	1	1	0.6896	0.4517
48	1135	1	1917.7826	8	11	0	1	1	0.6899	0.3576
48	1136	1	1919.3325	9	15	0	1	1	0.6901	0.0867
48	1137	1	1920.8825	10	6	0	1	1	0.6904	0.7617
48	1138	1	1922.4324	13	12	0	1	1	0.6907	0.2843
48	1139	1	1923.9990	12	4	0	1	1	0.6910	0.8613
48	1140	1	1925.5489	13	12	0	1	1	0.6912	0.3663
48	1141	1	1927.0988	12	4	0	1	1	0.6915	0.2416
48	1142	1	1928.6487	11	5	0	1	1	0.6918	0.0511
48	1143	1	1930.1987	9	15	0	1	1	0.6920	0.2767
48	1144	1	1931.7486	11	5	0	1	1	0.6923	0.2798
48	1145	1	1933.2985	12	4	0	1	1	0.6926	0.3608
48	1146	1	1934.8484	9	15	90	0	1	0.6920	0.3148
48	1147	1	1936.3983	10	6	0	1	1	0.6922	0.4609
48	1148	1	1937.9482	9	15	90	0	1	0.6916	0.2721
48	1149	1	1939.4982	12	4	0	1	1	0.6919	0.6102
48	1150	1	1941.0481	9	15	0	1	1	0.6922	0.9804
48	1151	1	1942.5980	12	4	0	1	1	0.6924	0.7585
48	1152	1	1944.1479	13	12	0	1	1	0.6927	0.6325
48	1153	1	1945.6978	12	4	0	1	1	0.6930	0.4425
48	1154	1	1947.2477	9	15	0	1	1	0.6932	0.9246
48	1155	1	1948.7977	12	4	0	1	1	0.6935	0.7508
48	1156	1	1950.3476	9	15	0	1	1	0.6938	0.6247
48	1157	1	1951.8975	10	6	0	1	1	0.6940	0.5629
48	1158	1	1953.4474	9	15	0	1	1	0.6943	0.6449
48	1159	1	1954.9973	12	4	0	1	1	0.6946	0.6790
48	1160	1	1956.5473	9	15	0	1	1	0.6948	0.4400
48	1161	1	1958.0972	12	4	0	1	1	0.6951	0.4751
48	1162	1	1959.6471	13	12	0	1	1	0.6954	0.3013
48	1163	1	1961.1970	11	5	0	1	1	0.6956	0.1120
48	1164	1	1962.7469	12	4	0	1	1	0.6959	0.2896
48	1165	1	1964.2968	11	5	0	1	1	0.6961	0.5796
48	1166	1	1965.8468	9	15	90	0	1	0.6955	0.8852
48	1167	1	1967.3967	10	6	0	1	1	0.6958	1.4797
48	1168	1	1968.9799	12	4	0	1	1	0.6961	0.9195
48	1169	1	1970.5299	10	6	0	1	1	0.6963	0.7790
48	1170	1	1972.0798	9	15	0	1	1	0.6966	0.7316
48	1171	1	1973.6297	8	11	90	0	1	0.6960	0.4308
48	1172	1	1975.1796	7	8	0	1	1	0.6962	0.5452
48	1173	1	1976.7295	6	7	0	1	1	0.6965	1.1549
48	1174	1	1978.2795	5	9	0	1	1	0.6968	0.7889
48	1175	1	1979.8294	6	7	0	1	1	0.6970	0.5671
48	1176	1	1981.3793	7	8	90	0	1	0.6964	0.4894
48	1177	1	1982.9292	8	11	0	1	1	0.6967	0.8900
48	1178	1	1984.4791	9	15	0	1	1	0.6969	0.8773
48	1179	1	1986.0290	11	5	0	1	1	0.6972	0.5432
48	1180	1	1987.5790	12	4	0	1	1	0.6975	0.6094
48	1181	1	1989.1289	13	12	90	0	1	0.6969	0.5463
48	1182	1	1990.6788	11	5	0	1	1	0.6971	0.5176
48	1183	1	1992.2287	13	12	0	1	1	0.6974	0.4238
48	1184	1	1993.7787	14	3	0	1	1	0.6976	0.2807
48	1185	1	1995.3285	15	10	0	1	1	0.6979	0.6828
48	1186	1	1996.8785	1	13	0	1	1	0.6981	0.6701
48	1187	1	1998.4284	3	2	0	1	1	0.6984	0.7513
48	1188	1	1999.9783	4	14	0	1	1	0.6987	0.7542
48	1189	1	2001.5282	6	7	0	1	1	0.6989	0.3881
48	1190	1	2003.0781	8	11	0	1	1	0.6992	0.5020
48	1191	1	2004.6281	9	15	0	1	1	0.6994	0.5998
48	1192	1	2006.1779	8	11	90	0	1	0.6988	0.6665
48	1193	1	2007.7279	6	7	0	1	1	0.6991	0.3486
48	1194	1	2009.2778	8	11	0	1	1	0.6993	0.4943
48	1195	1	2010.8278	5	9	0	1	1	0.6996	0.5770
48	1196	1	2012.3777	8	11	90	0	1	0.6990	0.8349
48	1197	1	2013.9276	7	8	0	1	1	0.6992	0.5316
48	1198	1	2015.4775	4	14	0	1	1	0.6995	0.5659
48	1199	1	2017.0274	6	7	90	0	1	0.6989	0.4560
48	1200	1	2018.5773	7	8	90	0	1	0.6983	0.7144
48	1201	1	2020.1273	5	9	0	1	1	0.6986	0.4940
48	1202	1	2021.6772	4	14	0	1	1	0.6988	0.5432
48	1203	1	2023.4271	5	9	0	1	1	0.6991	0.9537
48	1204	1	2024.9770	6	7	0	1	1	0.6993	0.7625
48	1205	1	2026.5269	8	11	0	1	1	0.6996	0.8133
48	1206	1	2028.0768	6	7	0	1	1	0.6998	0.5917
48	1207	1	2029.6267	4	14	0	1	1	0.7001	0.4014
48	1208	1	2031.1767	7	8	0	1	1	0.7003	0.7546
48	1209	1	2032.7266	6	7	0	1	1	0.7006	0.4218
48	1210	1	2034.2765	5	9	0	1	1	0.7008	0.3599
48	1211	1	2035.8264	7	8	0	1	1	0.7011	0.5858
48	1212	1	2037.3763	6	7	90	0	1	0.7005	0.5083
48	1213	1	2038.9263	4	14	0	1	1	0.7007	0.4931
48	1214	1	2040.4762	5	9	0	1	1	0.7010	0.3842
48	1215	1	2042.0261	8	11	0	1	1	0.7012	0.3050
48	1216	1	2043.5760	6	7	0	1	1	0.7015	0.3244
48	1217	1	2045.1259	8	11	90	0	1	0.7009	0.4542
48	1218	1	2046.6759	5	9	0	1	1	0.7011	0.7131
48	1219	1	2048.2258	6	7	0	1	1	0.7014	1.3544
48	1220	1	2049.7757	4	14	0	1	1	0.7016	0.9715
48	1221	1	2051.3256	5	9	90	0	1	0.7011	0.5588
48	1222	1	2052.8755	7	8	0	1	1	0.7013	0.7210
48	1223	1	2054.4255	8	11	90	0	1	0.7007	0.7057
48	1224	1	2055.9754	5	9	0	1	1	0.7010	0.7085
48	1225	1	2057.5253	6	7	0	1	1	0.7012	0.8220
48	1226	1	2059.0752	4	14	0	1	1	0.7015	0.4719
48	1227	1	2060.6251	3	2	0	1	1	0.7017	0.2834
48	1228	1	2062.2250	1	13	90	0	1	0.7011	0.9072
48	1229	1	2063.7750	15	10	0	1	1	0.7014	0.4763
48	1230	1	2065.3249	14	3	0	1	1	0.7016	0.3354
48	1231	1	2066.8748	13	12	0	1	1	0.7019	0.4975
48	1232	1	2068.4247	12	4	90	0	1	0.7013	0.4035
48	1233	1	2069.9746	10	6	0	1	1	0.7015	0.2292
48	1234	1	2071.5246	11	5	90	0	1	0.7010	0.0723
48	1235	1	2073.0745	9	15	0	1	1	0.7012	1.4176
48	1236	1	2074.6244	12	4	90	0	1	0.7006	1.3227
48	1237	1	2076.5243	11	5	0	1	1	0.7009	0.4643
48	1238	1	2078.0742	12	4	0	1	1	0.7011	0.5779
48	1239	1	2079.6241	13	12	0	1	1	0.7014	0.4831
48	1240	1	2081.1741	10	6	0	1	1	0.7016	0.6461
48	1241	1	2082.7239	13	12	0	-1	0	0.7010	-1.0000
48	1242	1	2084.7738	11	5	0	1	1	0.7013	0.9334
48	1243	1	2086.3238	9	15	0	1	1	0.7015	0.8554
48	1244	1	2087.8737	10	6	0	1	1	0.7018	1.2106
48	1245	1	2089.4236	13	12	0	-1	0	0.7012	-1.0000
48	1246	1	2091.4735	12	4	90	0	1	0.7006	0.0170
48	1247	1	2093.0234	10	6	0	1	1	0.7009	0.4611
48	1248	1	2094.5733	13	12	0	1	1	0.7011	0.6700
48	1249	1	2096.1233	14	3	0	1	1	0.7014	1.0399
48	1250	1	2097.6731	2	1	0	-1	0	0.7008	-1.0000
48	1251	1	2099.7397	1	13	0	1	1	0.7010	0.1934
48	1252	1	2101.2896	3	2	0	1	1	0.7013	0.8508
48	1253	1	2102.8396	4	14	0	1	1	0.7015	0.3252
48	1254	1	2104.3895	6	7	0	1	1	0.7018	0.1496
48	1255	1	2105.9394	7	8	0	1	1	0.7020	0.0879
48	1256	1	2107.4893	4	14	90	0	1	0.7014	0.2988
48	1257	1	2109.0392	5	9	0	1	1	0.7017	0.0777
48	1258	1	2110.5892	4	14	0	1	1	0.7019	0.1591
48	1259	1	2112.1391	3	2	0	1	1	0.7021	0.1772
48	1260	1	2113.6890	4	14	90	0	1	0.7016	0.2443
48	1261	1	2115.2389	6	7	0	1	1	0.7018	0.4852
48	1262	1	2116.7888	5	9	0	1	1	0.7021	0.4396
48	1263	1	2118.3388	6	7	0	1	1	0.7023	0.3296
48	1264	1	2119.8887	7	8	0	1	1	0.7025	0.4587
48	1265	1	2121.4386	4	14	0	1	1	0.7028	0.3645
48	1266	1	2122.9885	3	2	0	1	1	0.7030	0.3506
48	1267	1	2124.5384	1	13	90	0	1	0.7024	0.9768
48	1268	1	2126.0883	15	10	0	1	1	0.7027	0.5798
48	1269	1	2127.6383	1	13	0	1	1	0.7029	0.3889
48	1270	1	2129.1882	3	2	0	1	1	0.7031	0.2471
48	1271	1	2130.7381	15	10	0	1	1	0.7034	0.2499
48	1272	1	2132.3380	1	13	0	1	1	0.7036	1.0668
48	1273	1	2133.8879	15	10	0	1	1	0.7038	0.7003
48	1274	1	2135.4378	14	3	0	1	1	0.7041	0.3492
48	1275	1	2136.9878	2	1	90	0	1	0.7035	0.3523
48	1276	1	2138.5377	3	2	0	1	1	0.7038	0.1471
48	1277	1	2140.0876	4	14	0	1	1	0.7040	0.3876
48	1278	1	2141.6375	3	2	0	1	1	0.7042	0.3746
48	1279	1	2143.1874	2	1	0	1	1	0.7045	0.3288
48	1280	1	2144.7374	1	13	0	1	1	0.7047	0.0589
48	1281	1	2146.2873	15	10	90	0	1	0.7041	0.8439
48	1282	1	2147.8372	1	13	0	1	1	0.7044	0.2238
48	1283	1	2149.3871	15	10	0	1	1	0.7046	1.3932
48	1284	1	2150.9370	14	3	0	1	1	0.7048	1.4754
48	1285	1	2152.5036	2	1	90	0	1	0.7043	0.8213
48	1286	1	2154.0535	1	13	90	0	1	0.7037	0.2629
48	1287	1	2155.6035	14	3	0	1	1	0.7040	0.7769
48	1288	1	2157.1534	2	1	0	1	1	0.7042	0.9057
48	1289	1	2158.7033	1	13	0	1	1	0.7044	0.8294
48	1290	1	2160.2532	14	3	90	0	1	0.7039	0.7351
48	1291	1	2161.8031	15	10	0	1	1	0.7041	0.7041
48	1292	1	2163.3530	3	2	0	1	1	0.7043	0.3711
48	1293	1	2164.9030	4	14	0	1	1	0.7046	0.2442
48	1294	1	2166.4529	5	9	0	1	1	0.7048	0.3118
48	1295	1	2168.0028	4	14	0	1	1	0.7050	0.2819
48	1296	1	2169.5527	5	9	0	1	1	0.7052	0.2515
48	1297	1	2171.1360	8	11	0	1	1	0.7055	1.4032
48	1298	1	2172.7026	9	15	90	0	1	0.7049	0.8458
48	1299	1	2174.2525	11	5	0	1	1	0.7052	0.4325
48	1300	1	2175.8024	12	4	0	1	1	0.7054	0.3527
48	1301	1	2177.3523	10	6	90	0	1	0.7048	0.2760
48	1302	1	2178.9022	9	15	0	1	1	0.7051	0.3100
48	1303	1	2180.4521	12	4	0	1	1	0.7053	0.7761
48	1304	1	2182.0021	10	6	0	1	1	0.7055	0.6492
48	1305	1	2183.5520	11	5	0	1	1	0.7057	0.5884
48	1306	1	2185.1019	10	6	0	1	1	0.7060	0.3013
48	1307	1	2186.6518	12	4	0	1	1	0.7062	0.3367
48	1308	1	2188.2017	13	12	90	0	1	0.7057	0.2733
48	1309	1	2189.7517	12	4	0	1	1	0.7059	0.3714
48	1310	1	2191.3682	11	5	0	1	1	0.7061	1.1561
48	1311	1	2192.9182	12	4	0	1	1	0.7063	0.6302
48	1312	1	2194.4681	10	6	0	1	1	0.7066	0.5043
48	1313	1	2196.0513	9	15	90	0	1	0.7060	0.8731
48	1314	1	2197.6013	10	6	0	1	1	0.7062	0.3791
48	1315	1	2199.1512	13	12	0	1	1	0.7065	0.3967
48	1316	1	2200.7011	12	4	0	1	1	0.7067	0.1434
48	1317	1	2202.2510	10	6	90	0	1	0.7062	0.8651
48	1318	1	2203.8009	12	4	0	1	1	0.7064	0.2435
48	1319	1	2205.3508	13	12	0	1	1	0.7066	0.4695
48	1320	1	2206.9007	10	6	0	1	1	0.7068	0.6634
48	1321	1	2208.4507	12	4	0	1	1	0.7070	0.0172
48	1322	1	2210.0006	10	6	0	1	1	0.7073	0.1239
48	1323	1	2211.5505	9	15	0	1	1	0.7075	0.7325
48	1324	1	2213.1005	8	11	0	1	1	0.7077	0.6547
48	1325	1	2214.6504	9	15	0	1	1	0.7079	0.3544
48	1326	1	2216.2003	11	5	0	1	1	0.7081	0.1484
48	1327	1	2217.7502	10	6	0	1	1	0.7084	0.7107
48	1328	1	2219.3001	11	5	90	0	1	0.7078	0.1200
48	1329	1	2220.8500	9	15	90	0	1	0.7073	0.3949
48	1330	1	2222.4000	10	6	0	1	1	0.7075	0.1884
48	1331	1	2223.9498	9	15	0	1	1	0.7077	0.6704
48	1332	1	2225.4998	8	11	90	0	1	0.7072	0.7046
48	1333	1	2227.0497	9	15	0	1	1	0.7074	0.4030
48	1334	1	2228.5996	12	4	0	1	1	0.7076	0.2608
48	1335	1	2230.2162	11	5	90	0	1	0.7071	1.2510
48	1336	1	2231.9994	10	6	90	0	1	0.7066	0.4128
48	1337	1	2233.5494	11	5	0	-1	1	0.7061	-1.0000
48	1338	1	2235.6159	13	12	0	-1	1	0.7055	-1.0000
48	1339	1	2237.6658	10	6	0	1	1	0.7058	0.2824
48	1340	1	2239.2157	13	12	0	1	1	0.7060	0.2046
48	1341	1	2240.7657	11	5	0	-1	1	0.7054	-1.0000
48	1342	1	2242.8655	9	15	90	0	1	0.7049	0.4267
48	1343	1	2244.4154	11	5	90	0	1	0.7044	0.5568
48	1344	1	2245.9654	9	15	0	1	1	0.7046	0.4618
48	1345	1	2247.5153	8	11	0	1	1	0.7048	0.4809
48	1346	1	2249.0652	7	8	0	1	1	0.7051	0.3396
48	1347	1	2250.6151	6	7	0	1	1	0.7053	0.6281
48	1348	1	2252.1650	7	8	0	1	1	0.7055	0.2300
48	1349	1	2253.7150	5	9	0	1	1	0.7057	0.8246
48	1350	1	2255.2649	4	14	0	1	1	0.7059	0.4431
48	1351	1	2256.8148	5	9	0	1	1	0.7061	0.4778
48	1352	1	2258.3647	8	11	0	1	1	0.7064	0.5107
48	1353	1	2259.9146	5	9	0	1	1	0.7066	0.3699
48	1354	1	2261.4645	4	14	0	1	1	0.7068	0.2105
48	1355	1	2263.0145	7	8	0	1	1	0.7070	0.1978
48	1356	1	2264.5644	4	14	0	1	1	0.7072	0.0553
48	1357	1	2266.1143	5	9	0	1	1	0.7074	0.9209
48	1358	1	2267.6643	4	14	0	1	1	0.7077	0.6840
48	1359	1	2269.2141	7	8	0	1	1	0.7079	0.7501
48	1360	1	2270.7641	8	11	0	1	1	0.7081	0.5925
48	1361	1	2272.3140	9	15	0	1	1	0.7083	0.7696
48	1362	1	2273.8639	12	4	90	0	1	0.7078	0.6441
48	1363	1	2275.4138	9	15	0	1	1	0.7080	1.3355
48	1364	1	2276.9637	11	5	0	1	1	0.7082	0.7609
48	1365	1	2278.5137	12	4	0	1	1	0.7084	0.5214
48	1366	1	2280.0636	10	6	0	1	1	0.7086	0.5577
48	1367	1	2281.6135	11	5	90	0	1	0.7081	0.3977
48	1368	1	2283.1634	12	4	0	1	1	0.7083	0.2889
48	1369	1	2284.7133	11	5	90	0	1	0.7078	0.3869
48	1370	1	2286.2633	9	15	90	0	1	0.7073	0.3246
48	1371	1	2287.8132	10	6	0	1	1	0.7075	0.1191
48	1372	1	2289.3631	11	5	0	1	1	0.7077	0.6970
48	1373	1	2290.9130	12	4	0	1	1	0.7079	0.6180
48	1374	1	2292.4629	10	6	0	1	1	0.7082	0.6854
48	1375	1	2294.0129	13	12	0	1	1	0.7084	0.4782
48	1376	1	2295.5628	14	3	90	0	1	0.7078	0.4162
48	1377	1	2297.1127	1	13	0	1	1	0.7081	0.5321
48	1378	1	2298.6626	15	10	0	1	1	0.7083	0.3736
48	1379	1	2300.2125	2	1	0	1	1	0.7085	0.5354
48	1380	1	2301.7624	14	3	0	1	1	0.7087	0.7778
48	1381	1	2303.3124	13	12	0	1	1	0.7089	0.4760
48	1382	1	2304.8623	11	5	0	1	1	0.7091	0.3328
48	1383	1	2306.4122	10	6	90	0	1	0.7086	0.0800
48	1384	1	2307.9621	12	4	0	1	1	0.7088	0.2741
48	1385	1	2309.5120	11	5	90	0	1	0.7083	0.3564
48	1386	1	2311.0619	12	4	0	1	1	0.7085	0.1980
48	1387	1	2312.6285	11	5	0	1	1	0.7087	1.2397
48	1388	1	2314.1785	9	15	0	1	1	0.7089	1.1777
48	1389	1	2315.7284	8	11	90	0	1	0.7084	1.2438
48	1390	1	2317.5449	7	8	0	-1	0	0.7079	-1.0000
48	1391	1	2319.6282	6	7	0	-1	0	0.7074	-1.0000
48	1392	1	2321.7114	4	14	0	1	1	0.7076	1.3396
48	1393	1	2323.2613	6	7	0	1	1	0.7078	0.8786
48	1394	1	2324.8112	7	8	0	1	1	0.7080	1.2010
48	1395	1	2326.3611	4	14	0	1	1	0.7082	0.7705
48	1396	1	2327.9111	5	9	90	0	1	0.7077	0.6611
48	1397	1	2329.4610	8	11	0	1	1	0.7079	0.4541
48	1398	1	2331.0109	5	9	90	0	1	0.7074	0.6653
48	1399	1	2332.5608	8	11	0	1	1	0.7076	0.6674
48	1400	1	2334.1107	6	7	0	1	1	0.7079	0.2523
48	1	2	1.0166	10	6	0	-1	1	0.0000	0.7643
48	2	2	2.5499	11	5	0	-1	0	0.0000	-1.0000
48	3	2	4.0831	12	4	0	-1	0	0.0000	-1.0000
48	4	2	5.6164	11	5	0	-1	0	0.0000	-1.0000
48	5	2	7.1496	10	6	0	-1	0	0.0000	-1.0000
48	6	2	8.6829	12	4	0	-1	0	0.0000	-1.0000
48	7	2	10.2161	9	15	0	-1	0	0.0000	-1.0000
48	8	2	11.7494	10	6	0	-1	1	0.0000	1.1997
48	9	2	13.2826	13	12	0	-1	0	0.0000	-1.0000
48	10	2	14.8159	11	5	0	-1	0	0.0000	-1.0000
48	11	2	16.3491	9	15	0	-1	0	0.0000	-1.0000
48	12	2	17.8824	12	4	0	-1	0	0.0000	-1.0000
48	13	2	19.4156	11	5	0	-1	0	0.0000	-1.0000
48	14	2	20.9489	12	4	0	-1	0	0.0000	-1.0000
48	15	2	22.4822	11	5	0	-1	0	0.0000	-1.0000
48	16	2	24.0154	10	6	0	-1	1	0.0000	1.0138
48	17	2	25.5487	9	15	0	-1	0	0.0000	-1.0000
48	18	2	27.0819	8	11	0	-1	0	0.0000	-1.0000
48	19	2	28.6152	7	8	0	-1	0	0.0000	-1.0000
48	20	2	30.1484	6	7	0	-1	1	0.0000	0.0649
48	21	2	31.6817	5	9	0	-1	0	0.0000	-1.0000
48	22	2	33.2149	4	14	0	-1	0	0.0000	-1.0000
48	23	2	34.7482	3	2	0	-1	0	0.0000	-1.0000
48	24	2	36.2814	2	1	0	-1	0	0.0000	-1.0000
48	25	2	37.8147	1	13	0	-1	0	0.0000	-1.0000
48	26	2	39.3479	15	10	0	-1	0	0.0000	-1.0000
48	27	2	40.8812	14	3	0	-1	0	0.0000	-1.0000
48	28	2	42.4145	13	12	0	-1	0	0.0000	-1.0000
48	29	2	43.9477	12	4	0	-1	0	0.0000	-1.0000
48	30	2	45.4810	11	5	0	-1	0	0.0000	-1.0000
48	31	2	47.0142	9	15	0	-1	1	0.0000	1.1350
48	32	2	48.5475	8	11	0	-1	0	0.0000	-1.0000
48	33	2	50.0807	7	8	0	-1	1	0.0000	1.3481
48	34	2	51.6140	6	7	0	-1	0	0.0000	-1.0000
48	35	2	53.1472	8	11	0	-1	0	0.0000	-1.0000
48	36	2	54.6805	7	8	0	-1	1	0.0000	0.6045
48	37	2	56.2137	8	11	0	-1	0	0.0000	-1.0000
48	38	2	57.7470	5	9	0	-1	0	0.0000	-1.0000
48	39	2	59.2802	4	14	0	-1	0	0.0000	-1.0000
48	40	2	60.8135	7	8	0	-1	1	0.0000	0.7435
48	41	2	62.3468	4	14	0	-1	0	0.0000	-1.0000
48	42	2	63.8800	3	2	0	-1	0	0.0000	-1.0000
48	43	2	65.4133	15	10	0	-1	0	0.0000	-1.0000
48	44	2	66.9465	2	1	0	-1	0	0.0000	-1.0000
48	45	2	68.4798	3	2	0	-1	0	0.0000	-1.0000
48	46	2	70.0130	4	14	0	-1	0	0.0000	-1.0000
48	47	2	71.5463	5	9	0	-1	0	0.0000	-1.0000
48	48	2	73.0795	6	7	0	-1	1	0.0000	1.3734
48	49	2	74.6128	7	8	0	-1	1	0.0000	0.8320
48	50	2	76.1460	8	11	0	-1	0	0.0000	-1.0000
48	51	2	77.6793	9	15	0	-1	0	0.0000	-1.0000
48	52	2	79.2125	10	6	0	-1	0	0.0000	-1.0000
48	53	2	80.7458	11	5	0	-1	1	0.0000	0.1222
48	54	2	82.2790	12	4	0	-1	0	0.0000	-1.0000
48	55	2	83.8123	13	12	0	-1	0	0.0000	-1.0000
48	56	2	85.3455	14	3	0	-1	0	0.0000	-1.0000
48	57	2	86.8788	15	10	0	-1	0	0.0000	-1.0000
48	58	2	88.4121	1	13	0	-1	0	0.0000	-1.0000
48	59	2	89.9453	2	1	0	-1	0	0.0000	-1.0000
48	60	2	91.4785	3	2	0	-1	0	0.0000	-1.0000
48	61	2	93.0118	1	13	0	-1	0	0.0000	-1.0000
48	62	2	94.5450	14	3	0	-1	0	0.0000	-1.0000
48	63	2	96.0783	13	12	0	-1	0	0.0000	-1.0000
48	64	2	97.6116	11	5	0	-1	0	0.0000	-1.0000
48	65	2	99.1448	10	6	0	-1	1	0.0000	1.0681
48	66	2	100.6781	11	5	0	-1	0	0.0000	-1.0000
48	67	2	102.2113	13	12	0	-1	0	0.0000	-1.0000
48	68	2	103.7446	14	3	0	-1	0	0.0000	-1.0000
48	69	2	105.2778	2	1	0	-1	0	0.0000	-1.0000
48	70	2	106.8111	14	3	0	-1	0	0.0000	-1.0000
48	71	2	108.3443	15	10	0	-1	0	0.0000	-1.0000
48	72	2	109.8776	2	1	0	-1	0	0.0000	-1.0000
48	73	2	111.4109	14	3	0	-1	0	0.0000	-1.0000
48	74	2	112.9441	15	10	0	-1	1	0.0000	0.7569
48	75	2	114.4774	14	3	0	-1	0	0.0000	-1.0000
48	76	2	116.0106	15	10	0	-1	0	0.0000	-1.0000
48	77	2	117.5439	1	13	0	-1	0	0.0000	-1.0000
48	78	2	119.0771	2	1	0	-1	0	0.0000	-1.0000
48	79	2	120.6104	3	2	0	-1	0	0.0000	-1.0000
48	80	2	122.1436	4	14	0	-1	0	0.0000	-1.0000
48	81	2	123.6769	5	9	0	-1	0	0.0000	-1.0000
48	82	2	125.2101	6	7	0	-1	0	0.0000	-1.0000
48	83	2	126.7434	7	8	0	-1	1	0.0000	0.8135
48	84	2	128.2766	8	11	0	-1	0	0.0000	-1.0000
48	85	2	129.8099	9	15	0	-1	0	0.0000	-1.0000
48	86	2	131.3431	10	6	0	-1	0	0.0000	-1.0000
48	87	2	132.8764	11	5	0	-1	0	0.0000	-1.0000
48	88	2	134.4096	12	4	0	-1	0	0.0000	-1.0000
48	89	2	135.9429	13	12	0	-1	0	0.0000	-1.0000
48	90	2	137.4761	14	3	0	-1	0	0.0000	-1.0000
48	91	2	139.0094	15	10	0	-1	0	0.0000	-1.0000
48	92	2	140.5427	14	3	0	-1	1	0.0000	0.8383
48	93	2	142.0759	2	1	0	-1	0	0.0000	-1.0000
48	94	2	143.6092	15	10	0	-1	0	0.0000	-1.0000
48	95	2	145.1424	3	2	0	-1	1	0.0000	0.6705
48	96	2	146.6757	4	14	0	-1	0	0.0000	-1.0000
48	97	2	148.2089	7	8	0	-1	1	0.0000	1.0430
48	98	2	149.7422	5	9	0	-1	0	0.0000	-1.0000
48	99	2	151.2754	7	8	0	-1	1	0.0000	1.2577
48	100	2	152.8087	6	7	0	-1	0	0.0000	-1.0000
48	101	2	154.3419	7	8	0	-1	1	0.0000	0.7665
48	102	2	155.8752	8	11	0	-1	0	0.0000	-1.0000
48	103	2	157.4084	9	15	0	-1	0	0.0000	-1.0000
48	104	2	158.9417	8	11	0	-1	0	0.0000	-1.0000
48	105	2	160.4750	6	7	0	-1	0	0.0000	-1.0000
48	106	2	162.0082	7	8	0	-1	1	0.0000	1.1806
48	107	2	163.5414	8	11	0	-1	0	0.0000	-1.0000
48	108	2	165.0747	9	15	0	-1	0	0.0000	-1.0000
48	109	2	166.6080	10	6	0	-1	1	0.0000	0.7889
48	110	2	168.1412	11	5	0	-1	0	0.0000	-1.0000
48	111	2	169.6745	12	4	0	-1	0	0.0000	-1.0000
48	112	2	171.2077	13	12	0	-1	0	0.0000	-1.0000
48	113	2	172.7410	14	3	0	-1	1	0.0455	1.2636
48	114	2	174.2742	15	10	0	-1	0	0.0455	-1.0000
48	115	2	175.8075	1	13	0	-1	1	0.0435	1.3973
48	116	2	177.3407	2	1	0	-1	0	0.0435	-1.0000
48	117	2	178.8740	3	2	0	-1	0	0.0435	-1.0000
48	118	2	180.4072	4	14	0	-1	0	0.0435	-1.0000
48	119	2	181.9405	5	9	0	-1	0	0.0435	-1.0000
48	120	2	183.4737	6	7	0	-1	0	0.0435	-1.0000
48	121	2	185.0070	5	9	0	-1	0	0.0435	-1.0000
48	122	2	186.5402	4	14	0	-1	0	0.0435	-1.0000
48	123	2	188.0735	7	8	0	-1	1	0.0417	0.8755
48	124	2	189.6067	6	7	0	-1	0	0.0417	-1.0000
48	125	2	191.1400	4	14	0	-1	1	0.0400	0.7854
48	126	2	192.6733	7	8	0	-1	1	0.0385	0.9318
48	127	2	194.2065	5	9	0	-1	0	0.0385	-1.0000
48	128	2	195.7398	8	11	0	-1	1	0.0370	0.1213
48	129	2	197.2730	7	8	0	-1	0	0.0370	-1.0000
48	130	2	198.8063	8	11	0	-1	1	0.0357	1.0866
48	131	2	200.3395	7	8	0	-1	0	0.0357	-1.0000
48	132	2	201.8728	6	7	0	-1	1	0.0345	0.5641
48	133	2	203.4060	5	9	0	-1	0	0.0345	-1.0000
48	134	2	204.9393	7	8	0	-1	1	0.0333	0.4096
48	135	2	206.4725	5	9	0	-1	1	0.0323	0.5571
48	136	2	208.0058	6	7	0	-1	0	0.0323	-1.0000
48	137	2	209.5390	7	8	0	-1	0	0.0323	-1.0000
48	138	2	211.0723	8	11	0	-1	1	0.0313	0.7726
48	139	2	212.6055	9	15	0	-1	0	0.0313	-1.0000
48	140	2	214.1388	10	6	0	-1	1	0.0303	1.2747
48	141	2	215.6720	11	5	0	-1	1	0.0294	0.7970
48	142	2	217.2053	12	4	0	-1	1	0.0286	0.3517
48	143	2	218.7386	13	12	0	-1	1	0.0278	0.2747
48	144	2	220.2718	14	3	0	-1	1	0.0541	0.4372
48	145	2	221.8051	15	10	0	-1	1	0.0526	0.5199
48	146	2	223.3383	1	13	0	-1	1	0.0513	0.4748
48	147	2	224.8716	2	1	0	-1	1	0.0500	0.0618
48	148	2	226.4048	3	2	0	-1	1	0.0488	0.2886
48	149	2	227.9381	4	14	0	-1	1	0.0714	0.4668
48	150	2	229.4713	5	9	0	-1	1	0.0698	0.4219
48	151	2	231.0046	6	7	0	-1	1	0.0682	0.5513
48	152	2	232.5378	5	9	0	-1	1	0.0667	0.4283
48	153	2	234.0711	4	14	0	-1	1	0.0652	0.7177
48	154	2	235.6043	7	8	0	-1	1	0.0638	0.7848
48	155	2	237.1376	4	14	0	-1	0	0.0638	-1.0000
48	156	2	238.6708	6	7	0	-1	0	0.0638	-1.0000
48	157	2	240.2041	5	9	0	-1	0	0.0638	-1.0000
48	158	2	241.7374	8	11	0	-1	0	0.0638	-1.0000
48	159	2	243.2706	6	7	0	-1	0	0.0638	-1.0000
48	160	2	244.8038	4	14	0	-1	0	0.0638	-1.0000
48	161	2	246.3371	7	8	0	-1	1	0.0625	0.9959
48	162	2	247.8704	8	11	0	-1	0	0.0625	-1.0000
48	163	2	249.4036	7	8	0	-1	1	0.0259	1.0333
48	164	2	250.9369	8	11	0	-1	0	0.0259	-1.0000
48	165	2	252.4701	5	9	0	-1	0	0.0259	-1.0000
48	166	2	254.0034	6	7	0	-1	0	0.0259	-1.0000
48	167	2	255.5366	7	8	0	-1	1	0.0256	1.0432
48	168	2	257.0699	8	11	0	-1	0	0.0256	-1.0000
48	169	2	258.6031	9	15	0	-1	0	0.0256	-1.0000
48	170	2	260.1364	10	6	0	-1	0	0.0256	-1.0000
48	171	2	261.6696	11	5	0	-1	0	0.0256	-1.0000
48	172	2	263.2029	12	4	0	-1	0	0.0256	-1.0000
48	173	2	264.7361	13	12	0	-1	0	0.0256	-1.0000
48	174	2	266.2694	14	3	0	-1	0	0.0256	-1.0000
48	175	2	267.8026	15	10	0	-1	0	0.0256	-1.0000
48	176	2	269.3359	1	13	0	-1	0	0.0256	-1.0000
48	177	2	270.8691	2	1	0	-1	0	0.0256	-1.0000
48	178	2	272.4024	3	2	0	-1	0	0.0256	-1.0000
48	179	2	273.9357	4	14	0	-1	0	0.0256	-1.0000
48	180	2	275.4689	5	9	0	-1	0	0.0256	-1.0000
48	181	2	277.0022	7	8	0	-1	1	0.0254	0.7788
48	182	2	278.5354	5	9	0	-1	0	0.0254	-1.0000
48	183	2	280.0687	7	8	0	-1	1	0.0252	0.8003
48	184	2	281.6019	8	11	0	-1	0	0.0252	-1.0000
48	185	2	283.1352	6	7	0	-1	0	0.0252	-1.0000
48	186	2	284.6684	4	14	0	-1	0	0.0252	-1.0000
48	187	2	286.2017	5	9	0	-1	0	0.0252	-1.0000
48	188	2	287.7349	6	7	0	-1	0	0.0252	-1.0000
48	189	2	289.2682	5	9	0	-1	0	0.0252	-1.0000
48	190	2	290.8014	4	14	0	-1	0	0.0252	-1.0000
48	191	2	292.3347	5	9	0	-1	0	0.0252	-1.0000
48	192	2	293.8680	8	11	0	-1	0	0.0252	-1.0000
48	193	2	295.4012	7	8	0	-1	1	0.0250	0.5557
48	194	2	296.9344	8	11	0	-1	0	0.0250	-1.0000
48	195	2	298.4677	9	15	0	-1	0	0.0250	-1.0000
48	196	2	300.0010	8	11	0	-1	0	0.0250	-1.0000
48	197	2	301.5342	7	8	0	-1	1	0.0248	1.1428
48	198	2	303.0675	6	7	0	-1	0	0.0248	-1.0000
48	199	2	304.6007	5	9	0	-1	0	0.0248	-1.0000
48	200	2	306.1340	4	14	0	-1	0	0.0248	-1.0000
48	201	2	307.6672	3	2	0	-1	1	0.0328	1.1537
48	202	2	309.2005	2	1	0	-1	0	0.0328	-1.0000
48	203	2	310.7337	1	13	0	-1	0	0.0328	-1.0000
48	204	2	312.2670	15	10	0	-1	1	0.0325	0.9862
48	205	2	313.8003	14	3	0	-1	0	0.0325	-1.0000
48	206	2	315.3335	13	12	0	-1	0	0.0325	-1.0000
48	207	2	316.8667	12	4	0	-1	1	0.0323	0.3221
48	208	2	318.4000	11	5	0	-1	1	0.0320	1.3651
48	209	2	319.9333	10	6	0	-1	0	0.0320	-1.0000
48	210	2	321.4665	9	15	0	-1	0	0.0320	-1.0000
48	211	2	322.9997	11	5	0	-1	1	0.0317	0.4772
48	212	2	324.5330	13	12	0	-1	1	0.0315	1.1840
48	213	2	326.0662	12	4	0	-1	0	0.0315	-1.0000
48	214	2	327.5995	11	5	0	-1	0	0.0315	-1.0000
48	215	2	329.1328	12	4	0	-1	0	0.0315	-1.0000
48	216	2	330.6660	9	15	0	-1	0	0.0315	-1.0000
48	217	2	332.1993	12	4	0	-1	0	0.0315	-1.0000
48	218	2	333.7325	13	12	0	-1	0	0.0315	-1.0000
48	219	2	335.2658	12	4	0	-1	0	0.0315	-1.0000
48	220	2	336.7990	11	5	0	-1	0	0.0315	-1.0000
48	221	2	338.3323	9	15	0	-1	0	0.0315	-1.0000
48	222	2	339.8655	11	5	0	-1	0	0.0315	-1.0000
48	223	2	341.3988	9	15	0	-1	0	0.0315	-1.0000
48	224	2	342.9320	11	5	0	-1	1	0.0313	0.4489
48	225	2	344.4653	13	12	0	-1	0	0.0313	-1.0000
48	226	2	345.9985	12	4	0	-1	0	0.0313	-1.0000
48	227	2	347.5318	11	5	0	-1	0	0.0313	-1.0000
48	228	2	349.0650	10	6	0	-1	0	0.0313	-1.0000
48	229	2	350.5983	9	15	0	-1	0	0.0313	-1.0000
48	230	2	352.1315	8	11	0	-1	0	0.0313	-1.0000
48	231	2	353.6648	7	8	0	-1	1	0.0310	0.6920
48	232	2	355.1981	6	7	0	-1	0	0.0310	-1.0000
48	233	2	356.7313	5	9	0	-1	0	0.0310	-1.0000
48	234	2	358.2646	4	14	0	-1	0	0.0310	-1.0000
48	235	2	359.7978	3	2	0	-1	0	0.0310	-1.0000
48	236	2	361.3311	2	1	0	-1	0	0.0310	-1.0000
48	237	2	362.8643	1	13	0	-1	0	0.0310	-1.0000
48	238	2	364.3976	15	10	0	-1	0	0.0310	-1.0000
48	239	2	365.9308	14	3	0	-1	0	0.0310	-1.0000
48	240	2	367.4641	13	12	0	-1	0	0.0310	-1.0000
48	241	2	368.9973	11	5	0	-1	0	0.0310	-1.0000
48	242	2	370.5306	10	6	0	-1	1	0.0308	0.9943
48	243	2	372.0638	11	5	0	-1	0	0.0308	-1.0000
48	244	2	373.5971	10	6	0	-1	1	0.0305	0.6476
48	245	2	375.1304	9	15	0	-1	0	0.0305	-1.0000
48	246	2	376.6636	10	6	0	-1	0	0.0305	-1.0000
48	247	2	378.1968	9	15	0	-1	0	0.0305	-1.0000
48	248	2	379.7301	10	6	0	-1	1	0.0303	0.7543
48	249	2	381.2634	13	12	0	-1	0	0.0303	-1.0000
48	250	2	382.7966	11	5	0	-1	0	0.0303	-1.0000
48	251	2	384.3299	13	12	0	-1	0	0.0303	-1.0000
48	252	2	385.8631	10	6	0	-1	1	0.0301	0.7977
48	253	2	387.3964	9	15	0	-1	0	0.0301	-1.0000
48	254	2	388.9296	12	4	0	-1	0	0.0301	-1.0000
48	255	2	390.4629	11	5	0	-1	0	0.0301	-1.0000
48	256	2	391.9961	12	4	0	-1	1	0.0299	0.5045
48	257	2	393.5294	13	12	0	-1	0	0.0299	-1.0000
48	258	2	395.0626	14	3	0	-1	0	0.0299	-1.0000
48	259	2	396.5959	15	10	0	-1	0	0.0299	-1.0000
48	260	2	398.1291	1	13	0	-1	0	0.0299	-1.0000
48	261	2	399.6624	2	1	0	-1	0	0.0299	-1.0000
48	262	2	401.1956	3	2	0	-1	1	0.0296	1.1122
48	263	2	402.7289	4	14	0	-1	0	0.0296	-1.0000
48	264	2	404.2622	5	9	0	-1	0	0.0296	-1.0000
48	265	2	405.7954	6	7	0	-1	0	0.0296	-1.0000
48	266	2	407.3286	7	8	0	-1	1	0.0294	0.7880
48	267	2	408.8619	8	11	0	-1	0	0.0294	-1.0000
48	268	2	410.3952	9	15	0	-1	0	0.0294	-1.0000
48	269	2	411.9284	10	6	0	-1	0	0.0294	-1.0000
48	270	2	413.4617	11	5	0	-1	1	0.0292	0.0793
48	271	2	414.9949	9	15	0	-1	0	0.0292	-1.0000
48	272	2	416.5282	12	4	0	-1	0	0.0292	-1.0000
48	273	2	418.0614	11	5	0	-1	0	0.0292	-1.0000
48	274	2	419.5947	13	12	0	-1	0	0.0292	-1.0000
48	275	2	421.1279	12	4	0	-1	1	0.0290	1.3408
48	276	2	422.6612	11	5	0	-1	0	0.0290	-1.0000
48	277	2	424.1944	13	12	0	-1	0	0.0290	-1.0000
48	278	2	425.7277	14	3	0	-1	0	0.0290	-1.0000
48	279	2	427.2609	15	10	0	-1	0	0.0290	-1.0000
48	280	2	428.7942	2	1	0	-1	0	0.0290	-1.0000
48	281	2	430.3274	15	10	0	-1	0	0.0290	-1.0000
48	282	2	431.8607	2	1	0	-1	0	0.0290	-1.0000
48	283	2	433.3939	1	13	0	-1	0	0.0290	-1.0000
48	284	2	434.9272	2	1	0	-1	0	0.0290	-1.0000
48	285	2	436.4605	1	13	0	-1	0	0.0290	-1.0000
48	286	2	437.9937	2	1	0	-1	0	0.0290	-1.0000
48	287	2	439.5270	3	2	0	-1	0	0.0290	-1.0000
48	288	2	441.0602	4	14	0	-1	0	0.0290	-1.0000
48	289	2	442.5935	5	9	0	-1	0	0.0290	-1.0000
48	290	2	444.1267	6	7	0	-1	0	0.0290	-1.0000
48	291	2	445.6600	7	8	0	-1	1	0.0288	0.7767
48	292	2	447.1932	8	11	0	-1	0	0.0288	-1.0000
48	293	2	448.7265	9	15	0	-1	0	0.0288	-1.0000
48	294	2	450.2597	10	6	0	-1	0	0.0288	-1.0000
48	295	2	451.7930	11	5	0	-1	0	0.0288	-1.0000
48	296	2	453.3262	12	4	0	-1	0	0.0288	-1.0000
48	297	2	454.8595	13	12	0	-1	1	0.0286	0.0892
48	298	2	456.3927	14	3	0	-1	0	0.0286	-1.0000
48	299	2	457.9260	15	10	0	-1	0	0.0286	-1.0000
48	300	2	459.4592	1	13	0	-1	0	0.0286	-1.0000
48	301	2	460.9925	14	3	0	-1	0	0.0286	-1.0000
48	302	2	462.5257	2	1	0	-1	0	0.0286	-1.0000
48	303	2	464.0590	3	2	0	-1	0	0.0286	-1.0000
48	304	2	465.5923	15	10	0	-1	0	0.0286	-1.0000
48	305	2	467.1255	1	13	0	-1	0	0.0286	-1.0000
48	306	2	468.6588	2	1	0	-1	0	0.0286	-1.0000
48	307	2	470.1920	3	2	0	-1	0	0.0286	-1.0000
48	308	2	471.7253	1	13	0	-1	0	0.0286	-1.0000
48	309	2	473.2585	15	10	0	-1	0	0.0286	-1.0000
48	310	2	474.7918	1	13	0	-1	0	0.0286	-1.0000
48	311	2	476.3250	2	1	0	-1	0	0.0286	-1.0000
48	312	2	477.8583	14	3	0	-1	0	0.0286	-1.0000
48	313	2	479.3915	1	13	0	-1	0	0.0286	-1.0000
48	314	2	480.9248	15	10	0	-1	0	0.0286	-1.0000
48	315	2	482.4580	2	1	0	-1	0	0.0286	-1.0000
48	316	2	483.9913	3	2	0	-1	0	0.0286	-1.0000
48	317	2	485.5245	4	14	0	-1	0	0.0286	-1.0000
48	318	2	487.0578	5	9	0	-1	0	0.0286	-1.0000
48	319	2	488.5910	6	7	0	-1	0	0.0286	-1.0000
48	320	2	490.1243	7	8	0	-1	1	0.0284	0.5526
48	321	2	491.6576	8	11	0	-1	0	0.0284	-1.0000
48	322	2	493.1908	9	15	0	-1	0	0.0284	-1.0000
48	323	2	494.7241	10	6	0	-1	0	0.0284	-1.0000
48	324	2	496.2573	11	5	0	-1	0	0.0284	-1.0000
48	325	2	497.7906	12	4	0	-1	0	0.0284	-1.0000
48	326	2	499.3238	13	12	0	-1	0	0.0284	-1.0000
48	327	2	500.8571	14	3	0	-1	0	0.0284	-1.0000
48	328	2	502.3903	15	10	0	-1	0	0.0284	-1.0000
48	329	2	503.9236	1	13	0	-1	0	0.0284	-1.0000
48	330	2	505.4568	2	1	0	-1	0	0.0284	-1.0000
48	331	2	506.9901	3	2	0	-1	0	0.0284	-1.0000
48	332	2	508.5233	1	13	0	-1	0	0.0284	-1.0000
48	333	2	510.0566	2	1	0	-1	0	0.0284	-1.0000
48	334	2	511.5898	3	2	0	-1	0	0.0284	-1.0000
48	335	2	513.1231	15	10	0	-1	0	0.0284	-1.0000
48	336	2	514.6563	3	2	0	-1	0	0.0284	-1.0000
48	337	2	516.1896	15	10	0	-1	0	0.0284	-1.0000
48	338	2	517.7228	1	13	0	-1	0	0.0284	-1.0000
48	339	2	519.2561	15	10	0	-1	0	0.0284	-1.0000
48	340	2	520.7894	2	1	0	-1	0	0.0284	-1.0000
48	341	2	522.3226	1	13	0	-1	0	0.0284	-1.0000
48	342	2	523.8558	14	3	0	-1	0	0.0284	-1.0000
48	343	2	525.3891	2	1	0	-1	0	0.0284	-1.0000
48	344	2	526.9224	3	2	0	-1	1	0.0282	1.0509
48	345	2	528.4556	2	1	0	-1	0	0.0282	-1.0000
48	346	2	529.9889	3	2	0	-1	1	0.0280	0.7517
48	347	2	531.5221	4	14	0	-1	0	0.0280	-1.0000
48	348	2	533.0554	5	9	0	-1	0	0.0280	-1.0000
48	349	2	534.5886	6	7	0	-1	0	0.0280	-1.0000
48	350	2	536.1219	7	8	0	-1	0	0.0280	-1.0000
48	351	2	537.6551	8	11	0	-1	1	0.0278	0.2541
48	352	2	539.1884	9	15	0	-1	0	0.0278	-1.0000
48	353	2	540.7216	10	6	0	-1	0	0.0278	-1.0000
48	354	2	542.2549	11	5	0	-1	0	0.0278	-1.0000
48	355	2	543.7881	12	4	0	-1	0	0.0278	-1.0000
48	356	2	545.3214	13	12	0	-1	0	0.0278	-1.0000
48	357	2	546.8547	14	3	0	-1	0	0.0278	-1.0000
48	358	2	548.3879	15	10	0	-1	0	0.0278	-1.0000
48	359	2	549.9212	1	13	0	-1	0	0.0278	-1.0000
48	360	2	551.4544	2	1	0	-1	0	0.0278	-1.0000
48	361	2	552.9877	1	13	0	-1	0	0.0278	-1.0000
48	362	2	554.5209	15	10	0	-1	0	0.0278	-1.0000
48	363	2	556.0542	1	13	0	-1	0	0.0278	-1.0000
48	364	2	557.5874	15	10	0	-1	0	0.0278	-1.0000
48	365	2	559.1207	2	1	0	-1	1	0.0276	1.1567
48	366	2	560.6539	1	13	0	-1	0	0.0276	-1.0000
48	367	2	562.1872	3	2	0	-1	0	0.0276	-1.0000
48	368	2	563.7204	2	1	0	-1	0	0.0276	-1.0000
48	369	2	565.2537	14	3	0	-1	0	0.0276	-1.0000
48	370	2	566.7869	2	1	0	-1	1	0.0274	0.0977
48	371	2	568.3202	3	2	0	-1	1	0.0272	0.9965
48	372	2	569.8535	15	10	0	-1	0	0.0272	-1.0000
48	373	2	571.3867	14	3	0	-1	1	0.0270	0.0421
48	374	2	572.9199	13	12	0	-1	1	0.0336	0.7334
48	375	2	574.4532	10	6	0	-1	1	0.0333	0.5119
48	376	2	575.9864	11	5	0	-1	1	0.0331	1.2186
48	377	2	577.5197	12	4	0	-1	0	0.0331	-1.0000
48	378	2	579.0530	13	12	0	-1	1	0.0329	1.1759
48	379	2	580.5862	14	3	0	-1	0	0.0329	-1.0000
48	380	2	582.1195	15	10	0	-1	0	0.0329	-1.0000
48	381	2	583.6527	1	13	0	-1	0	0.0329	-1.0000
48	382	2	585.1860	2	1	0	-1	0	0.0329	-1.0000
48	383	2	586.7192	3	2	0	-1	1	0.0327	0.7571
48	384	2	588.2525	4	14	0	-1	1	0.0390	0.9682
48	385	2	589.7857	5	9	0	-1	0	0.0390	-1.0000
48	386	2	591.3190	6	7	0	-1	0	0.0390	-1.0000
48	387	2	592.8522	7	8	0	-1	1	0.0387	1.4892
48	388	2	594.3855	8	11	0	-1	1	0.0385	0.0169
48	389	2	595.9187	9	15	0	-1	0	0.0385	-1.0000
48	390	2	597.4520	10	6	0	-1	0	0.0385	-1.0000
48	391	2	598.9852	12	4	0	-1	0	0.0385	-1.0000
48	392	2	600.5185	9	15	0	-1	0	0.0385	-1.0000
48	393	2	602.0518	10	6	0	-1	0	0.0385	-1.0000
48	394	2	603.5850	13	12	0	-1	1	0.0382	0.1798
48	395	2	605.1182	11	5	0	-1	0	0.0382	-1.0000
48	396	2	606.6515	9	15	0	-1	0	0.0382	-1.0000
48	397	2	608.1848	12	4	0	-1	1	0.0380	0.8602
48	398	2	609.7180	10	6	0	-1	0	0.0380	-1.0000
48	399	2	611.2513	11	5	0	-1	1	0.0377	0.4176
48	400	2	612.7845	9	15	0	-1	0	0.0377	-1.0000
48	401	2	614.3178	10	6	0	-1	0	0.0377	-1.0000
48	402	2	615.8510	11	5	0	-1	0	0.0377	-1.0000
48	403	2	617.3843	10	6	0	-1	0	0.0377	-1.0000
48	404	2	618.9175	11	5	0	-1	0	0.0377	-1.0000
48	405	2	620.4508	10	6	0	-1	0	0.0377	-1.0000
48	406	2	621.9840	9	15	0	-1	0	0.0377	-1.0000
48	407	2	623.5173	8	11	0	-1	0	0.0377	-1.0000
48	408	2	625.0505	7	8	0	-1	0	0.0377	-1.0000
48	409	2	626.5838	6	7	0	-1	1	0.0375	0.2209
48	410	2	628.1170	5	9	0	-1	0	0.0375	-1.0000
48	411	2	629.6503	4	14	0	-1	0	0.0375	-1.0000
48	412	2	631.1836	3	2	0	-1	0	0.0375	-1.0000
48	413	2	632.7168	2	1	0	-1	0	0.0375	-1.0000
48	414	2	634.2501	1	13	0	-1	0	0.0375	-1.0000
48	415	2	635.7833	15	10	0	-1	0	0.0375	-1.0000
48	416	2	637.3166	14	3	0	-1	0	0.0375	-1.0000
48	417	2	638.8498	13	12	0	-1	0	0.0375	-1.0000
48	418	2	640.3831	12	4	0	-1	0	0.0375	-1.0000
48	419	2	641.9163	11	5	0	-1	0	0.0375	-1.0000
48	420	2	643.4496	10	6	0	-1	0	0.0375	-1.0000
48	421	2	644.9828	12	4	0	-1	0	0.0375	-1.0000
48	422	2	646.5161	13	12	0	-1	0	0.0375	-1.0000
48	423	2	648.0493	11	5	0	-1	0	0.0375	-1.0000
48	424	2	649.5826	12	4	0	-1	0	0.0375	-1.0000
48	425	2	651.1158	13	12	0	-1	0	0.0375	-1.0000
48	426	2	652.6491	11	5	0	-1	0	0.0375	-1.0000
48	427	2	654.1823	10	6	0	-1	0	0.0375	-1.0000
48	428	2	655.7156	13	12	0	-1	0	0.0375	-1.0000
48	429	2	657.2488	10	6	0	-1	0	0.0375	-1.0000
48	430	2	658.7821	9	15	0	-1	0	0.0375	-1.0000
48	431	2	660.3153	8	11	0	-1	0	0.0375	-1.0000
48	432	2	661.8486	7	8	0	-1	1	0.0373	0.5883
48	433	2	663.3819	5	9	0	-1	0	0.0373	-1.0000
48	434	2	664.9151	7	8	0	-1	1	0.0370	0.7377
48	435	2	666.4484	6	7	0	-1	0	0.0370	-1.0000
48	436	2	667.9816	5	9	0	-1	0	0.0370	-1.0000
48	437	2	669.5149	4	14	0	-1	0	0.0370	-1.0000
48	438	2	671.0481	3	2	0	-1	1	0.0429	1.2925
48	439	2	672.5814	2	1	0	-1	0	0.0429	-1.0000
48	440	2	674.1146	1	13	0	-1	0	0.0429	-1.0000
48	441	2	675.6479	15	10	0	-1	0	0.0429	-1.0000
48	442	2	677.1811	14	3	0	-1	0	0.0429	-1.0000
48	443	2	678.7144	13	12	0	-1	0	0.0429	-1.0000
48	444	2	680.2476	12	4	0	-1	0	0.0429	-1.0000
48	445	2	681.7809	11	5	0	-1	0	0.0429	-1.0000
48	446	2	683.3141	10	6	0	-1	0	0.0429	-1.0000
48	447	2	684.8474	9	15	0	-1	0	0.0429	-1.0000
48	448	2	686.3806	8	11	0	-1	0	0.0429	-1.0000
48	449	2	687.9139	7	8	0	-1	1	0.0427	0.5705
48	450	2	689.4471	6	7	0	-1	0	0.0427	-1.0000
48	451	2	690.9804	4	14	0	-1	0	0.0427	-1.0000
48	452	2	692.5137	7	8	0	-1	1	0.0424	1.3305
48	453	2	694.0469	4	14	0	-1	0	0.0424	-1.0000
48	454	2	695.5802	6	7	0	-1	0	0.0424	-1.0000
48	455	2	697.1134	5	9	0	-1	0	0.0424	-1.0000
48	456	2	698.6467	6	7	0	-1	0	0.0424	-1.0000
48	457	2	700.1799	4	14	0	-1	0	0.0424	-1.0000
48	458	2	701.7132	6	7	0	-1	1	0.0422	0.8835
48	459	2	703.2464	5	9	0	-1	0	0.0422	-1.0000
48	460	2	704.7797	4	14	0	-1	0	0.0422	-1.0000
48	461	2	706.3129	5	9	0	-1	0	0.0422	-1.0000
48	462	2	707.8462	4	14	0	-1	0	0.0422	-1.0000
48	463	2	709.3794	3	2	0	-1	1	0.0479	1.2172
48	464	2	710.9127	4	14	0	-1	0	0.0479	-1.0000
48	465	2	712.4459	6	7	0	-1	0	0.0479	-1.0000
48	466	2	713.9792	5	9	0	-1	0	0.0479	-1.0000
48	467	2	715.5124	4	14	0	-1	0	0.0479	-1.0000
48	468	2	717.0457	3	2	0	-1	1	0.0536	0.8148
48	469	2	718.5790	2	1	0	-1	0	0.0536	-1.0000
48	470	2	720.1122	1	13	0	-1	1	0.0533	1.3007
48	471	2	721.6455	15	10	0	-1	0	0.0533	-1.0000
48	472	2	723.1787	14	3	0	-1	1	0.0529	1.0344
48	473	2	724.7120	13	12	0	-1	0	0.0529	-1.0000
48	474	2	726.2452	12	4	0	-1	0	0.0529	-1.0000
48	475	2	727.7785	11	5	0	-1	1	0.0526	0.9458
48	476	2	729.3117	10	6	0	-1	0	0.0526	-1.0000
48	477	2	730.8450	9	15	0	-1	0	0.0526	-1.0000
48	478	2	732.3782	8	11	0	-1	0	0.0526	-1.0000
48	479	2	733.9115	7	8	0	-1	1	0.0523	0.8290
48	480	2	735.4447	6	7	0	-1	0	0.0523	-1.0000
48	481	2	736.9780	5	9	0	-1	0	0.0523	-1.0000
48	482	2	738.5112	6	7	0	-1	0	0.0523	-1.0000
48	483	2	740.0445	8	11	0	-1	0	0.0523	-1.0000
48	484	2	741.5777	5	9	0	-1	1	0.0520	0.3629
48	485	2	743.1110	4	14	0	-1	1	0.0517	1.3738
48	486	2	744.6442	5	9	0	-1	0	0.0517	-1.0000
48	487	2	746.1775	6	7	0	-1	0	0.0517	-1.0000
48	488	2	747.7108	7	8	0	-1	1	0.0514	1.0619
48	489	2	749.2440	4	14	0	-1	0	0.0514	-1.0000
48	490	2	750.7773	6	7	0	-1	0	0.0514	-1.0000
48	491	2	752.3105	8	11	0	-1	0	0.0514	-1.0000
48	492	2	753.8438	9	15	0	-1	0	0.0514	-1.0000
48	493	2	755.3770	10	6	0	-1	0	0.0514	-1.0000
48	494	2	756.9103	13	12	0	-1	0	0.0514	-1.0000
48	495	2	758.4435	14	3	0	-1	0	0.0514	-1.0000
48	496	2	759.9768	13	12	0	-1	0	0.0514	-1.0000
48	497	2	761.5100	12	4	0	-1	0	0.0514	-1.0000
48	498	2	763.0433	11	5	0	-1	0	0.0514	-1.0000
48	499	2	764.5765	10	6	0	-1	1	0.0511	0.9963
48	500	2	766.1098	9	15	0	-1	0	0.0511	-1.0000
48	501	2	767.6430	8	11	0	-1	0	0.0511	-1.0000
48	502	2	769.1763	7	8	0	-1	0	0.0511	-1.0000
48	503	2	770.7095	6	7	0	-1	1	0.0508	0.3340
48	504	2	772.2428	5	9	0	-1	0	0.0508	-1.0000
48	505	2	773.7760	4	14	0	-1	0	0.0508	-1.0000
48	506	2	775.3093	3	2	0	-1	0	0.0508	-1.0000
48	507	2	776.8426	2	1	0	-1	1	0.0506	0.1210
48	508	2	778.3758	1	13	0	-1	0	0.0506	-1.0000
48	509	2	779.9091	15	10	0	-1	0	0.0506	-1.0000
48	510	2	781.4423	14	3	0	-1	0	0.0506	-1.0000
48	511	2	782.9756	15	10	0	-1	1	0.0503	1.1089
48	512	2	784.5088	1	13	0	-1	0	0.0503	-1.0000
48	513	2	786.0421	3	2	0	-1	0	0.0503	-1.0000
48	514	2	787.5753	15	10	0	-1	1	0.0500	0.4613
48	515	2	789.1086	3	2	0	-1	0	0.0500	-1.0000
48	516	2	790.6418	15	10	0	-1	1	0.0497	0.3713
48	517	2	792.1751	14	3	0	-1	0	0.0497	-1.0000
48	518	2	793.7083	2	1	0	-1	0	0.0497	-1.0000
48	519	2	795.2416	15	10	0	-1	0	0.0497	-1.0000
48	520	2	796.7748	3	2	0	-1	0	0.0497	-1.0000
48	521	2	798.3081	2	1	0	-1	0	0.0497	-1.0000
48	522	2	799.8413	15	10	0	-1	0	0.0497	-1.0000
48	523	2	801.3746	3	2	0	-1	1	0.0495	0.1183
48	524	2	802.9079	2	1	0	-1	0	0.0495	-1.0000
48	525	2	804.4411	1	13	0	-1	0	0.0495	-1.0000
48	526	2	805.9744	15	10	0	-1	0	0.0495	-1.0000
48	527	2	807.5076	14	3	0	-1	0	0.0495	-1.0000
48	528	2	809.0409	13	12	0	-1	1	0.0546	0.1639
48	529	2	810.5741	12	4	0	-1	0	0.0546	-1.0000
48	530	2	812.1074	11	5	0	-1	0	0.0546	-1.0000
48	531	2	813.6406	10	6	0	-1	0	0.0546	-1.0000
48	532	2	815.1739	9	15	0	-1	0	0.0546	-1.0000
48	533	2	816.7071	8	11	0	-1	0	0.0546	-1.0000
48	534	2	818.2404	7	8	0	-1	1	0.0543	1.0762
48	535	2	819.7737	6	7	0	-1	0	0.0543	-1.0000
48	536	2	821.3069	5	9	0	-1	0	0.0543	-1.0000
48	537	2	822.8401	4	14	0	-1	0	0.0543	-1.0000
48	538	2	824.3734	3	2	0	-1	0	0.0543	-1.0000
48	539	2	825.9066	2	1	0	-1	0	0.0543	-1.0000
48	540	2	827.4399	1	13	0	-1	0	0.0543	-1.0000
48	541	2	828.9732	15	10	0	-1	0	0.0543	-1.0000
48	542	2	830.5064	1	13	0	-1	0	0.0543	-1.0000
48	543	2	832.0397	14	3	0	-1	0	0.0543	-1.0000
48	544	2	833.5729	13	12	0	-1	0	0.0543	-1.0000
48	545	2	835.1062	11	5	0	-1	0	0.0543	-1.0000
48	546	2	836.6394	12	4	0	-1	0	0.0543	-1.0000
48	547	2	838.1727	10	6	0	-1	0	0.0543	-1.0000
48	548	2	839.7059	11	5	0	-1	1	0.0541	0.2348
48	549	2	841.2392	12	4	0	-1	0	0.0541	-1.0000
48	550	2	842.7724	9	15	0	-1	0	0.0541	-1.0000
48	551	2	844.3057	10	6	0	-1	0	0.0541	-1.0000
48	552	2	845.8390	12	4	0	-1	0	0.0541	-1.0000
48	553	2	847.3722	13	12	0	-1	0	0.0541	-1.0000
48	554	2	848.9054	12	4	0	-1	0	0.0541	-1.0000
48	555	2	850.4387	10	6	0	-1	1	0.0538	1.3093
48	556	2	851.9719	9	15	0	-1	0	0.0538	-1.0000
48	557	2	853.5052	8	11	0	-1	0	0.0538	-1.0000
48	558	2	855.0384	7	8	0	-1	0	0.0538	-1.0000
48	559	2	856.5717	6	7	0	-1	0	0.0538	-1.0000
48	560	2	858.1050	5	9	0	-1	0	0.0538	-1.0000
48	561	2	859.6382	4	14	0	-1	0	0.0538	-1.0000
48	562	2	861.1714	3	2	0	-1	0	0.0538	-1.0000
48	563	2	862.7047	2	1	0	-1	0	0.0538	-1.0000
48	564	2	864.2380	1	13	0	-1	0	0.0538	-1.0000
48	565	2	865.7712	15	10	0	-1	0	0.0538	-1.0000
48	566	2	867.3045	14	3	0	-1	0	0.0538	-1.0000
48	567	2	868.8377	13	12	0	-1	0	0.0538	-1.0000
48	568	2	870.3710	12	4	0	-1	1	0.0535	1.0565
48	569	2	871.9042	11	5	0	-1	0	0.0535	-1.0000
48	570	2	873.4375	10	6	0	-1	0	0.0535	-1.0000
48	571	2	874.9707	12	4	0	-1	0	0.0535	-1.0000
48	572	2	876.5040	13	12	0	-1	0	0.0535	-1.0000
48	573	2	878.0372	12	4	0	-1	0	0.0535	-1.0000
48	574	2	879.5705	9	15	0	-1	0	0.0535	-1.0000
48	575	2	881.1037	8	11	0	-1	0	0.0535	-1.0000
48	576	2	882.6370	7	8	0	-1	1	0.0532	0.9675
48	577	2	884.1703	4	14	0	-1	0	0.0532	-1.0000
48	578	2	885.7035	5	9	0	-1	0	0.0532	-1.0000
48	579	2	887.2367	8	11	0	-1	0	0.0532	-1.0000
48	580	2	888.7700	7	8	0	-1	0	0.0532	-1.0000
48	581	2	890.3032	6	7	0	-1	0	0.0532	-1.0000
48	582	2	891.8365	7	8	0	-1	1	0.0529	0.7441
48	583	2	893.3698	5	9	0	-1	0	0.0529	-1.0000
48	584	2	894.9030	6	7	0	-1	0	0.0529	-1.0000
48	585	2	896.4363	5	9	0	-1	0	0.0529	-1.0000
48	586	2	897.9695	6	7	0	-1	0	0.0529	-1.0000
48	587	2	899.5028	7	8	0	-1	1	0.0526	0.4697
48	588	2	901.0360	8	11	0	-1	0	0.0526	-1.0000
48	589	2	902.5693	9	15	0	-1	0	0.0526	-1.0000
48	590	2	904.1025	10	6	0	-1	0	0.0526	-1.0000
48	591	2	905.6358	11	5	0	-1	0	0.0526	-1.0000
48	592	2	907.1690	12	4	0	-1	0	0.0526	-1.0000
48	593	2	908.7023	13	12	0	-1	1	0.0524	0.0860
48	594	2	910.2356	14	3	0	-1	0	0.0524	-1.0000
48	595	2	911.7688	15	10	0	-1	0	0.0524	-1.0000
48	596	2	913.3020	1	13	0	-1	0	0.0524	-1.0000
48	597	2	914.8353	2	1	0	-1	1	0.0521	0.3054
48	598	2	916.3685	3	2	0	-1	0	0.0521	-1.0000
48	599	2	917.9018	4	14	0	-1	0	0.0521	-1.0000
48	600	2	919.4351	5	9	0	-1	0	0.0521	-1.0000
Actual parsing ratio
0.0521
Possible node parses
77.0000
 Node parses selected
0.1299
Possible other parses
523.0000
Other parses selected
0.3480
Chance parsing ratio
0.1283
Shock trials
93
301
506
936
1203