*********************************************
* Date/Time: 04-Feb-2020 12:18:21
* Seed: 210888.6
* Subject Number: 044
9	3	13	14	11	5	10	6	8	15	7	12	1	4	2	
*********************************************

Shape exposure time (seconds)
59.1958
subject	trial	phase	onset	node	shape	rotate	acc	resp	total	rt
44	1	1	1.0166	15	2	0	1	1	1.0000	1.4703
44	2	1	2.6165	1	9	0	-1	0	0.5000	-1.0000
44	3	1	4.4831	2	3	0	0	1	0.3333	0.0713
44	4	1	6.0330	1	9	0	0	1	0.2500	1.3990
44	5	1	7.9329	14	4	0	1	1	0.4000	1.3392
44	6	1	9.4828	15	2	0	1	1	0.5000	1.1491
44	7	1	11.0327	1	9	0	1	1	0.5714	1.0881
44	8	1	12.5827	15	2	0	1	1	0.6250	0.9761
44	9	1	14.1326	14	4	0	-1	0	0.5556	-1.0000
44	10	1	16.1824	2	3	0	1	1	0.6000	0.0484
44	11	1	17.7324	1	9	0	1	1	0.6364	0.7706
44	12	1	19.2823	14	4	0	1	1	0.6667	0.7100
44	13	1	20.8322	2	3	0	1	1	0.6923	0.5685
44	14	1	22.3821	3	13	0	1	1	0.7143	1.0967
44	15	1	23.9321	2	3	90	1	1	0.7333	0.9079
44	16	1	25.4820	14	4	0	1	1	0.7500	0.8769
44	17	1	27.0319	1	9	0	1	1	0.7647	0.8643
44	18	1	28.5819	2	3	90	1	1	0.7778	0.9769
44	19	1	30.1318	14	4	90	1	1	0.7895	1.0110
44	20	1	31.6817	13	1	0	1	1	0.8000	0.8385
44	21	1	33.2316	11	7	0	1	1	0.8095	0.8238
44	22	1	34.7815	10	15	90	0	1	0.7727	1.0333
44	23	1	36.3648	12	12	0	1	1	0.7826	1.2274
44	24	1	37.9147	11	7	0	1	1	0.7917	1.3413
44	25	1	39.4646	12	12	0	1	1	0.8000	0.9599
44	26	1	41.0146	9	8	90	1	1	0.8077	1.0741
44	27	1	42.5645	12	12	90	0	1	0.7778	0.9630
44	28	1	44.1144	13	1	0	1	1	0.7857	0.9648
44	29	1	45.6643	14	4	0	1	1	0.7931	0.8706
44	30	1	47.2142	1	9	0	1	1	0.8000	0.6502
44	31	1	48.7641	14	4	0	1	1	0.8065	0.6681
44	32	1	50.3140	1	9	0	1	1	0.8125	0.6861
44	33	1	51.8639	15	2	0	1	1	0.8182	0.6077
44	34	1	53.4139	3	13	0	1	1	0.8235	1.2649
44	35	1	54.9638	15	2	0	1	1	0.8286	1.3801
44	36	1	56.5138	3	13	0	1	1	0.8333	0.8061
44	37	1	58.0637	1	9	0	1	1	0.8378	0.5843
44	38	1	59.6136	3	13	0	1	1	0.8421	0.7134
44	39	1	61.1635	1	9	0	1	1	0.8462	0.6687
44	40	1	62.7134	15	2	0	1	1	0.8500	0.5574
44	41	1	64.2634	14	4	0	1	1	0.8537	0.6091
44	42	1	65.8133	15	2	90	0	1	0.8333	0.6110
44	43	1	67.3632	1	9	90	1	1	0.8372	0.9316
44	44	1	68.9131	14	4	0	1	1	0.8409	0.8218
44	45	1	70.4630	1	9	0	1	1	0.8444	0.6964
44	46	1	72.0129	2	3	90	1	1	0.8478	1.0659
44	47	1	73.5629	14	4	0	1	1	0.8511	0.6839
44	48	1	75.1128	13	1	0	1	1	0.8542	0.7192
44	49	1	76.6627	14	4	0	1	1	0.8571	0.4962
44	50	1	78.2126	15	2	0	1	1	0.8600	0.6273
44	51	1	79.7626	3	13	0	1	1	0.8627	0.6458
44	52	1	81.3125	4	14	0	0	1	0.8462	1.3198
44	53	1	83.1624	6	5	90	1	1	0.8491	1.4375
44	54	1	84.7123	8	6	0	1	1	0.8519	1.0726
44	55	1	86.2622	9	8	0	1	1	0.8545	0.8807
44	56	1	87.8121	8	6	0	1	1	0.8571	0.6748
44	57	1	89.3621	7	10	0	1	1	0.8596	0.8220
44	58	1	90.9120	8	6	0	1	1	0.8621	0.6789
44	59	1	92.4619	6	5	90	1	1	0.8644	1.2741
44	60	1	94.0118	7	10	0	1	1	0.8667	0.8603
44	61	1	95.5617	4	14	0	-1	0	0.8525	-1.0000
44	62	1	97.6449	7	10	0	1	1	0.8548	0.8418
44	63	1	99.1949	4	14	0	0	1	0.8413	1.1653
44	64	1	100.9115	7	10	0	1	1	0.8438	0.7924
44	65	1	102.4614	4	14	0	1	1	0.8462	0.7148
44	66	1	104.0113	5	11	0	-1	0	0.8333	-1.0000
44	67	1	106.0945	7	10	0	1	1	0.8358	0.6662
44	68	1	107.6445	6	5	0	-1	0	0.8235	-1.0000
44	69	1	109.7277	5	11	0	1	1	0.8261	0.7922
44	70	1	111.2776	4	14	0	1	1	0.8286	0.8093
44	71	1	112.8275	7	10	0	1	1	0.8310	0.5872
44	72	1	114.3775	5	11	0	1	1	0.8333	0.5269
44	73	1	115.9274	4	14	0	1	1	0.8356	0.7685
44	74	1	117.4773	3	13	90	0	1	0.8243	0.6913
44	75	1	119.0272	15	2	0	1	1	0.8267	0.4847
44	76	1	120.5771	2	3	90	0	1	0.8158	0.6795
44	77	1	122.1271	15	2	0	1	1	0.8182	0.4736
44	78	1	123.6770	14	4	0	1	1	0.8205	0.5231
44	79	1	125.2269	1	9	0	1	1	0.8228	0.5720
44	80	1	126.7768	14	4	0	1	1	0.8250	0.5271
44	81	1	128.3267	13	1	0	-1	0	0.8148	-1.0000
44	82	1	130.3433	11	7	0	1	1	0.8171	0.7853
44	83	1	131.8932	13	1	0	1	1	0.8193	0.7072
44	84	1	133.4431	12	12	0	1	1	0.8214	1.0449
44	85	1	134.9930	9	8	90	1	1	0.8235	0.8857
44	86	1	136.5430	11	7	0	-1	0	0.8140	-1.0000
44	87	1	138.6095	10	15	0	1	1	0.8161	1.3343
44	88	1	140.1594	13	1	90	0	1	0.8068	0.9992
44	89	1	141.7094	12	12	0	0	1	0.7978	1.3394
44	90	1	143.6426	9	8	0	1	1	0.8000	0.7801
44	91	1	145.1925	10	15	0	1	1	0.8022	0.7840
44	92	1	146.7424	9	8	0	1	1	0.8043	0.6892
44	93	1	148.2923	11	7	90	1	1	0.8065	1.2992
44	94	1	149.8423	9	8	0	1	1	0.8085	0.6139
44	95	1	151.3922	12	12	0	-1	0	0.8000	-1.0000
44	96	1	153.4587	10	15	90	0	1	0.7917	1.2521
44	97	1	155.2420	11	7	0	1	1	0.7938	0.9888
44	98	1	156.7919	9	8	0	1	1	0.7959	0.5918
44	99	1	158.3418	12	12	0	0	1	0.7879	1.1858
44	100	1	160.0751	9	8	0	1	1	0.7900	0.6374
44	101	1	161.6250	8	6	90	0	1	0.7822	0.6395
44	102	1	163.1749	6	5	0	-1	0	0.7745	-1.0000
44	103	1	165.2581	5	11	0	1	1	0.7767	0.5730
44	104	1	166.8081	4	14	0	1	1	0.7788	0.1438
44	105	1	168.3580	3	13	0	1	1	0.7810	0.0346
44	106	1	169.9079	4	14	0	1	1	0.7830	0.0213
44	107	1	171.4579	5	11	90	0	1	0.7757	0.0228
44	108	1	173.0078	4	14	0	1	1	0.7778	0.6471
44	109	1	174.5576	6	5	90	0	1	0.7706	1.2572
44	110	1	176.3243	4	14	0	1	1	0.7727	0.5957
44	111	1	177.8742	3	13	0	1	1	0.7748	0.6458
44	112	1	179.4241	1	9	0	1	1	0.7768	0.6786
44	113	1	180.9740	15	2	0	1	1	0.7788	0.6820
44	114	1	182.5239	3	13	90	0	1	0.7719	0.6525
44	115	1	184.0738	15	2	0	1	1	0.7739	0.7974
44	116	1	185.6238	2	3	0	1	1	0.7759	1.1681
44	117	1	187.1737	15	2	0	1	1	0.7778	0.7549
44	118	1	188.7236	3	13	0	1	1	0.7797	0.5963
44	119	1	190.2735	4	14	0	1	1	0.7815	0.5819
44	120	1	191.8234	6	5	0	1	1	0.7833	1.2566
44	121	1	193.3734	5	11	90	0	1	0.7769	1.0186
44	122	1	194.9233	7	10	0	1	1	0.7787	0.6355
44	123	1	196.4732	6	5	0	1	1	0.7805	0.8789
44	124	1	198.0231	8	6	0	1	1	0.7823	0.5768
44	125	1	199.5730	5	11	0	1	1	0.7840	0.6267
44	126	1	201.1230	6	5	90	1	1	0.7857	0.7397
44	127	1	202.6729	7	10	0	1	1	0.7874	0.5989
44	128	1	204.2228	4	14	0	1	1	0.7891	0.5370
44	129	1	205.7727	3	13	0	1	1	0.7907	0.5557
44	130	1	207.3226	2	3	0	1	1	0.7923	1.0049
44	131	1	208.8726	1	9	0	1	1	0.7939	0.5591
44	132	1	210.4225	14	4	0	1	1	0.7955	0.4813
44	133	1	211.9724	13	1	0	1	1	0.7970	0.7704
44	134	1	213.5223	10	15	0	1	1	0.7985	0.6460
44	135	1	215.0722	13	1	0	1	1	0.8000	0.5197
44	136	1	216.6221	10	15	0	1	1	0.8015	0.7767
44	137	1	218.1721	11	7	90	0	1	0.7956	0.8266
44	138	1	219.7220	10	15	0	1	1	0.7971	0.5582
44	139	1	221.2719	11	7	0	1	1	0.7986	0.7687
44	140	1	222.8218	13	1	0	1	1	0.8000	0.6418
44	141	1	224.3718	14	4	0	1	1	0.8014	0.5479
44	142	1	225.9217	2	3	0	1	1	0.8028	0.6770
44	143	1	227.4716	3	13	0	1	1	0.8042	0.6792
44	144	1	229.0215	2	3	90	1	1	0.8056	1.1149
44	145	1	230.5714	15	2	0	1	1	0.8069	1.3887
44	146	1	232.1214	2	3	90	1	1	0.8082	0.8624
44	147	1	233.6713	1	9	0	1	1	0.8095	0.6087
44	148	1	235.2212	2	3	0	1	1	0.8108	0.7225
44	149	1	236.7711	15	2	90	0	1	0.8054	0.6775
44	150	1	238.3210	1	9	0	1	1	0.8067	0.6136
44	151	1	239.8709	14	4	0	1	1	0.8079	0.5209
44	152	1	241.4209	1	9	0	1	1	0.8092	0.5714
44	153	1	242.9708	15	2	0	1	1	0.8105	0.6209
44	154	1	244.5207	3	13	0	1	1	0.8117	0.5580
44	155	1	246.0706	2	3	0	1	1	0.8129	0.7530
44	156	1	247.6206	1	9	90	1	1	0.8141	0.7554
44	157	1	249.1705	3	13	0	1	1	0.8153	1.3177
44	158	1	250.7204	15	2	90	0	1	0.8101	0.7436
44	159	1	252.2703	1	9	0	1	1	0.8113	0.5218
44	160	1	253.8202	3	13	0	1	1	0.8125	0.6506
44	161	1	255.3702	15	2	0	1	1	0.8137	0.6856
44	162	1	256.9200	14	4	0	1	1	0.8148	0.5588
44	163	1	258.4700	1	9	90	0	1	0.8098	0.6261
44	164	1	260.0199	2	3	0	1	1	0.8110	0.6107
44	165	1	261.5698	15	2	0	1	1	0.8121	0.6464
44	166	1	263.1198	2	3	0	1	1	0.8133	0.6629
44	167	1	264.6697	1	9	0	1	1	0.8144	0.6019
44	168	1	266.2196	14	4	0	1	1	0.8155	0.5721
44	169	1	267.7695	15	2	0	0	1	0.8107	1.1990
44	170	1	269.4861	3	13	0	1	1	0.8118	0.9697
44	171	1	271.0360	4	14	0	1	1	0.8129	0.6997
44	172	1	272.5859	5	11	0	1	1	0.8140	1.1968
44	173	1	274.1359	7	10	90	1	1	0.8150	1.2148
44	174	1	275.6858	6	5	90	1	1	0.8161	1.2009
44	175	1	277.2357	8	6	0	1	1	0.8171	1.1872
44	176	1	278.7856	5	11	90	0	1	0.8125	1.1102
44	177	1	280.4522	4	14	0	1	1	0.8136	0.5477
44	178	1	282.0021	5	11	0	0	1	0.8090	0.6447
44	179	1	283.5520	4	14	90	0	1	0.8045	0.8228
44	180	1	285.1019	5	11	0	-1	0	0.8000	-1.0000
44	181	1	287.1185	6	5	90	1	1	0.8011	1.3219
44	182	1	288.6684	4	14	0	1	1	0.8022	0.5718
44	183	1	290.2184	5	11	0	1	1	0.8033	0.8615
44	184	1	291.7683	8	6	0	1	1	0.8043	0.5122
44	185	1	293.3182	5	11	0	1	1	0.8054	0.5941
44	186	1	294.8681	7	10	0	-1	0	0.8011	-1.0000
44	187	1	297.0847	4	14	0	1	1	0.8021	1.0996
44	188	1	298.6346	7	10	0	-1	0	0.7979	-1.0000
44	189	1	300.6845	6	5	0	-1	0	0.7937	-1.0000
44	190	1	302.7177	5	11	90	0	1	0.7895	0.9060
44	191	1	304.2676	6	5	0	1	1	0.7906	1.0511
44	192	1	305.8176	8	6	0	1	1	0.7917	0.4942
44	193	1	307.3674	7	10	0	1	1	0.7927	0.8801
44	194	1	308.9174	6	5	0	1	1	0.7938	1.3465
44	195	1	310.4672	7	10	0	1	1	0.7949	0.5490
44	196	1	312.0172	8	6	90	0	1	0.7908	0.5523
44	197	1	313.5672	7	10	0	1	1	0.7919	0.6008
44	198	1	315.1171	6	5	0	1	1	0.7929	1.0354
44	199	1	316.6670	7	10	0	1	1	0.7940	0.4757
44	200	1	318.2169	6	5	0	1	1	0.7950	0.4951
44	201	1	319.7668	4	14	90	0	1	0.7910	0.6239
44	202	1	321.3168	5	11	0	1	1	0.7921	0.7540
44	203	1	322.8667	6	5	0	1	1	0.7931	0.6759
44	204	1	324.4166	4	14	0	1	1	0.7941	0.6476
44	205	1	325.9665	3	13	0	1	1	0.7951	0.8561
44	206	1	327.5164	4	14	0	1	1	0.7961	0.7154
44	207	1	329.0663	6	5	0	1	1	0.7971	1.0695
44	208	1	330.6163	4	14	0	1	1	0.7981	0.5762
44	209	1	332.1662	7	10	90	1	1	0.7990	0.8804
44	210	1	333.7161	5	11	0	1	1	0.8000	0.6916
44	211	1	335.2660	8	6	0	1	1	0.8009	0.5659
44	212	1	336.8159	9	8	0	1	1	0.8019	0.7588
44	213	1	338.3659	12	12	0	1	1	0.8028	1.2259
44	214	1	339.9158	10	15	0	1	1	0.8037	1.0360
44	215	1	341.4657	13	1	0	1	1	0.8047	0.5410
44	216	1	343.0156	12	12	0	1	1	0.8056	0.8801
44	217	1	344.5655	10	15	0	1	1	0.8065	0.8665
44	218	1	346.1155	9	8	90	1	1	0.8073	0.8032
44	219	1	347.6654	8	6	0	1	1	0.8082	0.5826
44	220	1	349.2153	9	8	0	1	1	0.8091	0.6644
44	221	1	350.7652	10	15	0	1	1	0.8100	0.6664
44	222	1	352.3151	9	8	90	1	1	0.8108	0.7015
44	223	1	353.8651	11	7	0	1	1	0.8117	1.2617
44	224	1	355.4150	9	8	90	1	1	0.8125	0.7050
44	225	1	356.9649	8	6	90	0	1	0.8089	0.5470
44	226	1	358.5148	9	8	90	-1	0	0.8053	-1.0000
44	227	1	360.5981	11	7	90	0	1	0.8018	1.0566
44	228	1	362.1813	10	15	0	1	1	0.8026	1.1391
44	229	1	363.7312	13	1	90	0	1	0.7991	0.8692
44	230	1	365.2811	10	15	0	1	1	0.8000	0.6308
44	231	1	366.8311	13	1	0	0	1	0.7965	1.2076
44	232	1	368.5976	10	15	0	1	1	0.7974	0.5309
44	233	1	370.1475	13	1	0	1	1	0.7983	0.6605
44	234	1	371.6975	12	12	0	0	1	0.7949	1.4630
44	235	1	373.6974	11	7	0	1	1	0.7957	0.5672
44	236	1	375.2473	12	12	0	1	1	0.7966	0.5364
44	237	1	376.7972	13	1	0	1	1	0.7975	0.4908
44	238	1	378.3471	12	12	0	1	1	0.7983	0.4608
44	239	1	379.8971	11	7	0	1	1	0.7992	0.5432
44	240	1	381.4470	13	1	0	1	1	0.8000	0.5116
44	241	1	382.9969	11	7	0	1	1	0.8008	0.5617
44	242	1	384.5468	9	8	0	1	1	0.8017	0.6295
44	243	1	386.0967	11	7	90	0	1	0.7984	0.7748
44	244	1	387.6467	13	1	0	1	1	0.7992	0.5378
44	245	1	389.1966	14	4	0	1	1	0.8000	0.6188
44	246	1	390.7465	13	1	0	1	1	0.8008	0.5893
44	247	1	392.2964	12	12	0	1	1	0.8016	1.0554
44	248	1	393.8463	13	1	0	1	1	0.8024	0.5296
44	249	1	395.3962	14	4	0	1	1	0.8032	0.5636
44	250	1	396.9462	13	1	0	1	1	0.8040	0.6456
44	251	1	398.4961	14	4	0	1	1	0.8048	0.5195
44	252	1	400.0460	2	3	0	1	1	0.8056	0.9384
44	253	1	401.5959	3	13	0	1	1	0.8063	0.9546
44	254	1	403.1458	15	2	0	1	1	0.8071	0.9579
44	255	1	404.6958	3	13	0	1	1	0.8078	1.1044
44	256	1	406.2456	4	14	90	1	1	0.8086	1.2170
44	257	1	407.7956	6	5	0	1	1	0.8093	0.9801
44	258	1	409.3455	5	11	0	1	1	0.8101	0.7110
44	259	1	410.8954	7	10	90	1	1	0.8108	0.8391
44	260	1	412.4453	6	5	0	1	1	0.8115	0.9706
44	261	1	413.9953	4	14	0	0	1	0.8084	0.7808
44	262	1	415.5452	5	11	0	1	1	0.8092	0.6873
44	263	1	417.0951	4	14	0	1	1	0.8099	0.5928
44	264	1	418.6450	3	13	0	0	1	0.8068	0.9307
44	265	1	420.1949	2	3	0	1	1	0.8075	0.5317
44	266	1	421.7449	1	9	0	1	1	0.8083	0.8075
44	267	1	423.2948	14	4	0	1	1	0.8090	0.5210
44	268	1	424.8447	13	1	0	1	1	0.8097	0.6339
44	269	1	426.3946	10	15	0	1	1	0.8104	0.6373
44	270	1	427.9445	11	7	0	1	1	0.8111	0.7340
44	271	1	429.4945	13	1	0	1	1	0.8118	0.7361
44	272	1	431.0444	14	4	0	1	1	0.8125	0.5795
44	273	1	432.5943	15	2	0	1	1	0.8132	0.7416
44	274	1	434.1442	14	4	0	1	1	0.8139	0.5355
44	275	1	435.6942	13	1	0	1	1	0.8145	0.6494
44	276	1	437.2441	10	15	0	1	1	0.8152	0.6688
44	277	1	438.7940	11	7	0	1	1	0.8159	0.7006
44	278	1	440.3439	10	15	90	1	1	0.8165	1.0722
44	279	1	441.8938	9	8	0	1	1	0.8172	0.8010
44	280	1	443.4437	12	12	0	1	1	0.8179	0.8524
44	281	1	444.9937	11	7	0	1	1	0.8185	0.5810
44	282	1	446.5435	9	8	90	1	1	0.8191	0.7124
44	283	1	448.0935	12	12	0	1	1	0.8198	0.6491
44	284	1	449.6434	9	8	0	1	1	0.8204	0.5082
44	285	1	451.1933	12	12	90	1	1	0.8211	1.1025
44	286	1	452.7433	11	7	90	1	1	0.8217	1.4399
44	287	1	454.4265	10	15	0	1	1	0.8223	0.8132
44	288	1	455.9764	12	12	0	1	1	0.8229	0.7355
44	289	1	457.5264	11	7	0	1	1	0.8235	0.8971
44	290	1	459.0763	9	8	0	1	1	0.8241	0.6757
44	291	1	460.6262	10	15	90	1	1	0.8247	0.9164
44	292	1	462.1761	12	12	90	0	1	0.8219	0.6464
44	293	1	463.7260	9	8	0	1	1	0.8225	0.5533
44	294	1	465.2759	10	15	0	1	1	0.8231	0.8759
44	295	1	466.8259	12	12	90	0	1	0.8203	0.7502
44	296	1	468.3758	13	1	0	1	1	0.8209	0.5279
44	297	1	469.9257	14	4	0	1	1	0.8215	0.5466
44	298	1	471.4756	2	3	0	1	1	0.8221	0.6927
44	299	1	473.0255	15	2	90	0	1	0.8194	0.8370
44	300	1	474.5754	1	9	0	1	1	0.8200	0.5525
44	301	1	476.1253	14	4	0	1	1	0.8206	0.5212
44	302	1	477.6753	13	1	0	1	1	0.8212	0.6688
44	303	1	479.2252	11	7	90	1	1	0.8218	0.7990
44	304	1	480.7751	12	12	0	1	1	0.8224	0.7994
44	305	1	482.3251	11	7	90	1	1	0.8230	0.7389
44	306	1	483.8750	10	15	0	1	1	0.8235	0.6780
44	307	1	485.4249	11	7	0	1	1	0.8241	1.0792
44	308	1	486.9748	12	12	90	0	1	0.8214	1.3197
44	309	1	488.8747	10	15	0	1	1	0.8220	0.6691
44	310	1	490.4246	9	8	0	1	1	0.8226	0.5739
44	311	1	491.9746	12	12	0	1	1	0.8232	0.5757
44	312	1	493.5245	11	7	90	1	1	0.8237	0.7222
44	313	1	495.0744	12	12	0	1	1	0.8243	0.7090
44	314	1	496.6243	11	7	0	1	1	0.8248	1.2073
44	315	1	498.1742	9	8	0	1	1	0.8254	0.7139
44	316	1	499.7242	11	7	0	1	1	0.8259	0.6672
44	317	1	501.2741	10	15	0	1	1	0.8265	0.9096
44	318	1	502.8240	11	7	0	1	1	0.8270	0.8786
44	319	1	504.3739	9	8	0	1	1	0.8276	0.5926
44	320	1	505.9238	10	15	0	1	1	0.8281	0.7551
44	321	1	507.4738	9	8	90	1	1	0.8287	0.8061
44	322	1	509.0237	8	6	0	-1	0	0.8261	-1.0000
44	323	1	511.0569	7	10	0	0	1	0.8235	0.0169
44	324	1	512.6068	5	11	0	1	1	0.8241	1.3357
44	325	1	514.1567	8	6	0	1	1	0.8246	0.8898
44	326	1	515.7066	5	11	0	1	1	0.8252	0.6692
44	327	1	517.2566	8	6	0	1	1	0.8257	0.7659
44	328	1	518.8065	9	8	90	1	1	0.8262	0.7841
44	329	1	520.3564	11	7	0	1	1	0.8267	1.0268
44	330	1	521.9063	12	12	0	1	1	0.8273	0.5969
44	331	1	523.4563	9	8	0	1	1	0.8278	0.6782
44	332	1	525.0062	11	7	0	1	1	0.8283	0.5850
44	333	1	526.5561	10	15	0	1	1	0.8288	0.6986
44	334	1	528.1059	12	12	0	1	1	0.8293	1.0066
44	335	1	529.6559	10	15	0	1	1	0.8299	0.6883
44	336	1	531.2059	12	12	90	0	1	0.8274	0.5464
44	337	1	532.7558	10	15	0	1	1	0.8279	0.6599
44	338	1	534.3057	9	8	90	1	1	0.8284	0.7579
44	339	1	535.8556	8	6	0	1	1	0.8289	0.7429
44	340	1	537.4055	9	8	0	1	1	0.8294	0.6490
44	341	1	538.9555	12	12	0	1	1	0.8299	0.6192
44	342	1	540.5054	10	15	90	1	1	0.8304	0.9427
44	343	1	542.0553	9	8	90	1	1	0.8309	0.7367
44	344	1	543.6052	12	12	90	0	1	0.8285	0.6913
44	345	1	545.1551	9	8	0	1	1	0.8290	0.5326
44	346	1	546.7050	11	7	0	1	1	0.8295	0.8696
44	347	1	548.2550	10	15	0	1	1	0.8300	0.6648
44	348	1	549.8049	13	1	90	1	1	0.8305	1.0827
44	349	1	551.3548	12	12	0	1	1	0.8309	0.7970
44	350	1	552.9047	13	1	0	1	1	0.8314	0.8632
44	351	1	554.4547	10	15	0	1	1	0.8319	0.6560
44	352	1	556.0046	11	7	0	1	1	0.8324	0.8179
44	353	1	557.5545	10	15	0	1	1	0.8329	0.8053
44	354	1	559.1044	9	8	0	1	1	0.8333	0.5674
44	355	1	560.6543	11	7	0	1	1	0.8338	0.7775
44	356	1	562.2042	13	1	0	1	1	0.8343	0.7637
44	357	1	563.7542	11	7	0	1	1	0.8347	0.7500
44	358	1	565.3041	12	12	0	1	1	0.8352	0.7186
44	359	1	566.8540	10	15	0	1	1	0.8357	0.7205
44	360	1	568.4039	9	8	0	1	1	0.8361	0.5635
44	361	1	569.9538	8	6	90	0	1	0.8338	0.9819
44	362	1	571.5038	6	5	90	1	1	0.8343	0.9829
44	363	1	573.0537	8	6	0	1	1	0.8347	1.1620
44	364	1	574.6036	7	10	0	1	1	0.8352	0.9070
44	365	1	576.1535	6	5	0	1	1	0.8356	0.8131
44	366	1	577.7034	4	14	0	1	1	0.8361	1.0243
44	367	1	579.2534	7	10	0	1	1	0.8365	0.6422
44	368	1	580.8033	8	6	90	0	1	0.8342	0.7724
44	369	1	582.3532	9	8	0	1	1	0.8347	0.5334
44	370	1	583.9031	8	6	0	1	1	0.8351	0.7451
44	371	1	585.4530	6	5	90	1	1	0.8356	0.9374
44	372	1	587.0030	7	10	90	1	1	0.8360	0.7489
44	373	1	588.5529	4	14	90	0	1	0.8338	1.1354
44	374	1	590.2028	6	5	0	1	1	0.8342	0.6678
44	375	1	591.7527	4	14	0	1	1	0.8347	0.5272
44	376	1	593.3026	5	11	0	1	1	0.8351	0.8176
44	377	1	594.8526	7	10	0	1	1	0.8355	0.7229
44	378	1	596.4025	6	5	0	1	1	0.8360	0.6132
44	379	1	597.9524	8	6	0	1	1	0.8364	0.6945
44	380	1	599.5023	7	10	0	1	1	0.8368	0.5845
44	381	1	601.0522	4	14	0	1	1	0.8373	0.6187
44	382	1	602.6021	7	10	0	1	1	0.8377	0.5565
44	383	1	604.1520	5	11	90	0	1	0.8355	0.6065
44	384	1	605.7020	4	14	90	1	1	0.8359	0.9298
44	385	1	607.2519	3	13	90	0	1	0.8338	1.1246
44	386	1	608.9685	2	3	0	1	1	0.8342	0.9900
44	387	1	610.5184	15	2	90	0	1	0.8320	0.6577
44	388	1	612.0683	2	3	0	1	1	0.8325	0.5303
44	389	1	613.6182	1	9	90	1	1	0.8329	0.7897
44	390	1	615.3681	15	2	0	1	1	0.8333	1.2480
44	391	1	616.9181	1	9	0	1	1	0.8338	0.6413
44	392	1	618.4680	14	4	90	1	1	0.8342	1.1875
44	393	1	620.0179	15	2	90	0	1	0.8321	0.8046
44	394	1	621.5678	2	3	0	1	1	0.8325	0.5828
44	395	1	623.1178	3	13	0	0	1	0.8304	1.1620
44	396	1	624.8510	15	2	0	1	1	0.8308	0.7574
44	397	1	626.4009	1	9	0	1	1	0.8312	0.6788
44	398	1	627.9508	15	2	90	0	1	0.8291	0.6971
44	399	1	629.5007	14	4	90	1	1	0.8296	0.7778
44	400	1	631.0507	1	9	0	1	1	0.8300	0.7010
44	401	1	632.6006	2	3	0	1	1	0.8304	0.5915
44	402	1	634.1505	1	9	0	1	1	0.8308	0.5610
44	403	1	635.7004	15	2	90	0	1	0.8288	0.6441
44	404	1	637.2504	14	4	0	1	1	0.8292	0.7401
44	405	1	638.8003	1	9	0	1	1	0.8296	0.5675
44	406	1	640.3502	14	4	0	1	1	0.8300	0.5371
44	407	1	641.9001	13	1	0	1	1	0.8305	0.7963
44	408	1	643.4500	12	12	90	1	1	0.8309	0.8604
44	409	1	644.9999	10	15	0	1	1	0.8313	0.8794
44	410	1	646.5499	12	12	0	1	1	0.8317	0.6887
44	411	1	648.0998	9	8	90	1	1	0.8321	0.7717
44	412	1	649.6497	8	6	0	1	1	0.8325	0.9167
44	413	1	651.1996	6	5	0	1	1	0.8329	0.7602
44	414	1	652.7495	4	14	0	1	1	0.8333	0.6021
44	415	1	654.2995	3	13	0	0	1	0.8313	1.0511
44	416	1	655.8660	4	14	0	1	1	0.8317	0.5245
44	417	1	657.4160	5	11	0	1	1	0.8321	0.6399
44	418	1	658.9659	4	14	0	1	1	0.8325	0.5125
44	419	1	660.5158	5	11	0	1	1	0.8329	0.6598
44	420	1	662.0657	7	10	0	1	1	0.8333	0.6447
44	421	1	663.6156	6	5	0	1	1	0.8337	0.6322
44	422	1	665.1656	4	14	0	1	1	0.8341	0.6982
44	423	1	666.7155	7	10	0	1	1	0.8345	0.5389
44	424	1	668.2654	8	6	90	0	1	0.8325	0.7173
44	425	1	669.8153	6	5	90	1	1	0.8329	0.7379
44	426	1	671.3652	7	10	90	1	1	0.8333	0.7224
44	427	1	672.9152	6	5	0	1	1	0.8337	0.6443
44	428	1	674.4651	7	10	0	1	1	0.8341	0.5834
44	429	1	676.0150	8	6	90	1	1	0.8345	0.8245
44	430	1	677.5649	5	11	0	1	1	0.8349	0.6511
44	431	1	679.1149	4	14	0	1	1	0.8353	0.6037
44	432	1	680.6648	7	10	0	1	1	0.8356	0.7194
44	433	1	682.2147	5	11	0	0	1	0.8337	0.9772
44	434	1	683.7646	7	10	0	1	1	0.8341	0.5638
44	435	1	685.3145	6	5	90	1	1	0.8345	0.7412
44	436	1	686.8644	8	6	0	1	1	0.8349	0.6621
44	437	1	688.4143	7	10	90	1	1	0.8352	0.7294
44	438	1	689.9643	5	11	0	1	1	0.8356	0.6821
44	439	1	691.5142	7	10	0	1	1	0.8360	0.5564
44	440	1	693.0641	8	6	0	1	1	0.8364	0.6397
44	441	1	694.6140	6	5	0	1	1	0.8367	0.7206
44	442	1	696.1639	5	11	0	1	1	0.8371	0.6117
44	443	1	697.7139	8	6	90	1	1	0.8375	0.7098
44	444	1	699.2638	6	5	0	1	1	0.8378	0.6315
44	445	1	700.8137	7	10	0	1	1	0.8382	0.5541
44	446	1	702.3636	6	5	0	1	1	0.8386	0.5549
44	447	1	703.9136	8	6	0	1	1	0.8389	0.6382
44	448	1	705.4635	7	10	0	1	1	0.8393	0.5605
44	449	1	707.0134	4	14	0	1	1	0.8396	0.6262
44	450	1	708.5633	6	5	90	1	1	0.8400	0.7082
44	451	1	710.1132	4	14	90	1	1	0.8404	0.8693
44	452	1	711.6631	5	11	0	1	1	0.8407	0.6644
44	453	1	713.2131	4	14	0	1	1	0.8411	0.6815
44	454	1	714.7629	3	13	90	1	1	0.8414	1.0202
44	455	1	716.3129	4	14	0	1	1	0.8418	0.8315
44	456	1	717.8628	7	10	0	1	1	0.8421	0.6236
44	457	1	719.4127	5	11	90	0	1	0.8403	0.6097
44	458	1	720.9627	8	6	0	1	1	0.8406	0.7078
44	459	1	722.5126	7	10	0	1	1	0.8410	0.7259
44	460	1	724.0625	4	14	0	1	1	0.8413	0.5840
44	461	1	725.6124	3	13	0	1	1	0.8416	0.9867
44	462	1	727.1623	15	2	0	1	1	0.8420	0.9094
44	463	1	728.7123	14	4	90	1	1	0.8423	0.7821
44	464	1	730.2622	13	1	0	1	1	0.8427	0.8649
44	465	1	731.8121	10	15	0	1	1	0.8430	0.8196
44	466	1	733.3620	13	1	0	1	1	0.8433	0.6781
44	467	1	734.9119	10	15	90	1	1	0.8437	0.8397
44	468	1	736.4619	13	1	0	1	1	0.8440	0.5532
44	469	1	738.0118	14	4	0	1	1	0.8443	0.6360
44	470	1	739.5617	15	2	0	1	1	0.8447	0.6858
44	471	1	741.1116	14	4	90	1	1	0.8450	0.6880
44	472	1	742.6615	1	9	0	1	1	0.8453	0.7860
44	473	1	744.2115	2	3	0	1	1	0.8457	0.5800
44	474	1	745.7614	3	13	0	0	1	0.8439	1.0149
44	475	1	747.3613	2	3	0	1	1	0.8442	0.5824
44	476	1	748.9112	14	4	90	1	1	0.8445	0.8243
44	477	1	750.4611	2	3	0	1	1	0.8449	0.5693
44	478	1	752.0111	1	9	0	1	1	0.8452	0.5553
44	479	1	753.5610	3	13	0	1	1	0.8455	1.2949
44	480	1	755.1108	15	2	0	1	1	0.8458	0.9126
44	481	1	756.6608	14	4	0	1	1	0.8462	0.5627
44	482	1	758.2107	2	3	0	1	1	0.8465	0.5808
44	483	1	759.7606	1	9	0	1	1	0.8468	0.5990
44	484	1	761.3106	3	13	0	1	1	0.8471	1.2079
44	485	1	762.8605	2	3	0	1	1	0.8474	0.4739
44	486	1	764.4104	1	9	0	1	1	0.8477	0.5576
44	487	1	765.9603	2	3	0	1	1	0.8480	0.5102
44	488	1	767.5102	3	13	0	1	1	0.8484	0.9137
44	489	1	769.0602	4	14	0	1	1	0.8487	0.7719
44	490	1	770.6101	7	10	90	0	1	0.8469	0.6454
44	491	1	772.1600	6	5	0	1	1	0.8473	0.6955
44	492	1	773.7099	8	6	0	1	1	0.8476	0.7926
44	493	1	775.2598	5	11	0	1	1	0.8479	1.3395
44	494	1	776.8098	6	5	0	1	1	0.8482	0.7658
44	495	1	778.3597	7	10	0	1	1	0.8485	0.7524
44	496	1	779.9096	5	11	0	1	1	0.8488	0.9130
44	497	1	781.4595	4	14	90	1	1	0.8491	0.9160
44	498	1	783.0095	6	5	90	1	1	0.8494	0.7103
44	499	1	784.5594	5	11	0	1	1	0.8497	0.8412
44	500	1	786.1093	7	10	0	1	1	0.8500	0.5852
44	501	1	787.6592	4	14	90	1	1	0.8503	0.8122
44	502	1	789.2091	7	10	0	1	1	0.8506	0.9893
44	503	1	790.7590	4	14	90	1	1	0.8509	0.9764
44	504	1	792.3090	3	13	0	1	1	0.8512	1.0754
44	505	1	793.8588	15	2	90	1	1	0.8515	0.9170
44	506	1	795.4088	1	9	0	1	1	0.8518	0.5977
44	507	1	796.9587	2	3	0	1	1	0.8521	0.5847
44	508	1	798.5086	15	2	0	1	1	0.8524	0.6511
44	509	1	800.0585	14	4	0	1	1	0.8527	0.6693
44	510	1	801.6085	1	9	0	1	1	0.8529	0.6219
44	511	1	803.1584	2	3	0	1	1	0.8532	0.6080
44	512	1	804.7083	15	2	90	0	1	0.8516	0.5959
44	513	1	806.2582	2	3	0	1	1	0.8519	0.7242
44	514	1	807.8081	15	2	90	1	1	0.8521	0.6462
44	515	1	809.3581	1	9	90	1	1	0.8524	0.7444
44	516	1	810.9080	3	13	0	1	1	0.8527	0.7155
44	517	1	812.4579	15	2	0	1	1	0.8530	0.5736
44	518	1	814.0078	14	4	0	1	1	0.8533	0.5267
44	519	1	815.5577	1	9	0	1	1	0.8536	0.5777
44	520	1	817.1077	14	4	0	1	1	0.8538	0.5788
44	521	1	818.6576	15	2	0	1	1	0.8541	0.6301
44	522	1	820.2075	2	3	0	1	1	0.8544	0.5510
44	523	1	821.7574	3	13	0	1	1	0.8547	0.5063
44	524	1	823.5240	2	3	90	0	1	0.8531	0.6263
44	525	1	825.0739	14	4	0	1	1	0.8533	0.9813
44	526	1	826.6238	15	2	0	1	1	0.8536	0.7905
44	527	1	828.1738	1	9	90	1	1	0.8539	0.5858
44	528	1	829.7237	2	3	0	1	1	0.8542	0.5238
44	529	1	831.2736	15	2	0	1	1	0.8544	0.7186
44	530	1	832.8235	1	9	0	1	1	0.8547	0.5108
44	531	1	834.3734	2	3	0	1	1	0.8550	0.5142
44	532	1	835.9233	3	13	0	1	1	0.8553	0.9644
44	533	1	837.4732	1	9	0	1	1	0.8555	0.5812
44	534	1	839.0231	14	4	0	1	1	0.8558	0.6802
44	535	1	840.5731	1	9	0	1	1	0.8561	0.5387
44	536	1	842.1230	14	4	0	1	1	0.8563	0.5890
44	537	1	843.6729	2	3	0	1	1	0.8566	0.6375
44	538	1	845.2228	1	9	90	1	1	0.8569	0.6555
44	539	1	846.7728	3	13	0	1	1	0.8571	0.8028
44	540	1	848.3227	1	9	0	1	1	0.8574	0.5328
44	541	1	849.8726	2	3	90	1	1	0.8577	0.7909
44	542	1	851.4225	1	9	0	1	1	0.8579	0.9200
44	543	1	852.9724	3	13	90	0	1	0.8564	0.8582
44	544	1	854.5224	1	9	0	1	1	0.8566	0.6200
44	545	1	856.0723	14	4	0	1	1	0.8569	0.5755
44	546	1	857.6222	15	2	0	1	1	0.8571	0.6411
44	547	1	859.1721	3	13	0	1	1	0.8574	0.6594
44	548	1	860.7221	2	3	90	1	1	0.8577	0.8542
44	549	1	862.2720	15	2	0	1	1	0.8579	0.5039
44	550	1	863.8219	14	4	0	1	1	0.8582	0.5376
44	551	1	865.3718	2	3	0	1	1	0.8584	0.5396
44	552	1	866.9217	14	4	0	1	1	0.8587	0.5262
44	553	1	868.4717	15	2	0	1	1	0.8590	0.7667
44	554	1	870.0216	14	4	90	1	1	0.8592	0.7370
44	555	1	871.5715	15	2	0	1	1	0.8595	0.6441
44	556	1	873.1214	14	4	90	1	1	0.8597	0.6308
44	557	1	874.6713	13	1	0	1	1	0.8600	0.7609
44	558	1	876.2212	12	12	0	1	1	0.8602	0.7627
44	559	1	877.7712	9	8	0	1	1	0.8605	0.5872
44	560	1	879.3211	11	7	0	0	1	0.8589	1.1025
44	561	1	881.0042	10	15	90	1	1	0.8592	0.8591
44	562	1	882.5543	9	8	0	1	1	0.8594	0.7333
44	563	1	884.1042	8	6	0	1	1	0.8597	0.9262
44	564	1	885.6541	5	11	0	1	1	0.8599	0.7064
44	565	1	887.2040	8	6	0	1	1	0.8602	0.4663
44	566	1	888.7539	6	5	0	1	1	0.8604	0.6777
44	567	1	890.3039	8	6	0	1	1	0.8607	0.5356
44	568	1	891.8538	5	11	90	0	1	0.8592	0.6821
44	569	1	893.4037	4	14	0	1	1	0.8594	0.5720
44	570	1	894.9536	5	11	0	1	1	0.8596	0.7661
44	571	1	896.5035	6	5	90	1	1	0.8599	0.7206
44	572	1	898.0534	8	6	0	1	1	0.8601	0.6568
44	573	1	899.6034	9	8	90	1	1	0.8604	0.7080
44	574	1	901.1533	12	12	0	1	1	0.8606	0.6612
44	575	1	902.7032	10	15	0	1	1	0.8609	0.7271
44	576	1	904.2531	13	1	0	1	1	0.8611	0.6342
44	577	1	905.8031	10	15	0	1	1	0.8614	0.5553
44	578	1	907.3530	12	12	0	1	1	0.8616	0.5734
44	579	1	908.9028	13	1	0	1	1	0.8618	0.6091
44	580	1	910.4528	11	7	0	1	1	0.8621	0.5138
44	581	1	912.0027	9	8	90	1	1	0.8623	0.6617
44	582	1	913.5526	10	15	0	1	1	0.8625	0.5817
44	583	1	915.1026	12	12	0	1	1	0.8628	0.8412
44	584	1	916.6525	13	1	0	1	1	0.8630	0.5554
44	585	1	918.2024	11	7	0	0	1	0.8615	0.9254
44	586	1	919.7523	12	12	0	1	1	0.8618	0.5103
44	587	1	921.3022	9	8	90	1	1	0.8620	0.7041
44	588	1	922.8522	8	6	90	0	1	0.8605	0.6431
44	589	1	924.4021	6	5	0	1	1	0.8608	0.6292
44	590	1	925.9520	7	10	0	1	1	0.8610	0.7274
44	591	1	927.5019	8	6	0	1	1	0.8613	0.7444
44	592	1	929.0518	5	11	0	1	1	0.8615	0.7785
44	593	1	930.6017	7	10	0	1	1	0.8617	0.5730
44	594	1	932.1517	8	6	0	0	1	0.8603	0.8147
44	595	1	933.7016	7	10	0	1	1	0.8605	0.5138
44	596	1	935.2515	6	5	90	1	1	0.8607	0.6749
44	597	1	936.8014	7	10	0	1	1	0.8610	0.7102
44	598	1	938.3513	8	6	0	1	1	0.8612	0.6326
44	599	1	939.9013	7	10	0	1	1	0.8614	0.5540
44	600	1	941.4512	5	11	0	1	1	0.8617	0.4763
44	601	1	1026.5299	4	14	0	1	1	0.8619	1.2524
44	602	1	1028.0800	7	10	0	1	1	0.8621	0.6464
44	603	1	1029.6299	6	5	90	1	1	0.8624	0.6964
44	604	1	1031.1798	8	6	0	1	1	0.8626	0.8752
44	605	1	1032.7297	9	8	0	1	1	0.8628	0.5897
44	606	1	1034.2797	8	6	90	1	1	0.8630	0.8959
44	607	1	1035.8296	9	8	0	1	1	0.8633	0.8167
44	608	1	1037.3795	11	7	0	1	1	0.8635	1.0598
44	609	1	1038.9294	10	15	90	1	1	0.8637	0.9329
44	610	1	1040.4793	12	12	0	1	1	0.8639	0.6151
44	611	1	1042.0293	13	1	0	1	1	0.8642	0.5696
44	612	1	1043.5792	12	12	0	1	1	0.8644	0.6531
44	613	1	1045.1291	11	7	0	1	1	0.8646	0.8132
44	614	1	1046.6790	13	1	0	1	1	0.8648	0.6727
44	615	1	1048.2289	14	4	0	1	1	0.8650	0.6106
44	616	1	1049.7789	2	3	0	1	1	0.8653	0.5812
44	617	1	1051.3288	1	9	0	1	1	0.8655	0.6135
44	618	1	1052.8787	3	13	0	1	1	0.8657	1.0010
44	619	1	1054.4286	15	2	0	1	1	0.8659	0.6995
44	620	1	1055.9785	3	13	0	1	1	0.8661	0.9089
44	621	1	1057.5285	15	2	0	1	1	0.8663	0.6870
44	622	1	1059.0784	2	3	0	1	1	0.8666	0.5772
44	623	1	1060.6283	14	4	0	1	1	0.8668	0.5955
44	624	1	1062.1782	15	2	0	1	1	0.8670	0.6446
44	625	1	1063.7281	1	9	90	1	1	0.8672	0.6639
44	626	1	1065.2780	2	3	90	1	1	0.8674	0.7935
44	627	1	1066.8280	14	4	0	1	1	0.8676	0.6366
44	628	1	1068.3779	15	2	0	1	1	0.8678	0.5417
44	629	1	1069.9278	2	3	0	1	1	0.8680	0.6077
44	630	1	1071.4777	15	2	0	1	1	0.8683	0.5926
44	631	1	1073.0276	1	9	0	1	1	0.8685	0.5786
44	632	1	1074.5776	2	3	90	1	1	0.8687	0.8388
44	633	1	1076.1275	14	4	0	1	1	0.8689	0.5840
44	634	1	1077.6774	1	9	90	1	1	0.8691	0.9208
44	635	1	1079.2273	3	13	0	1	1	0.8693	1.3406
44	636	1	1080.7772	4	14	90	1	1	0.8695	1.1344
44	637	1	1082.3271	3	13	90	0	1	0.8681	1.0245
44	638	1	1083.8771	2	3	0	1	1	0.8683	0.6411
44	639	1	1085.4270	1	9	0	1	1	0.8685	0.6272
44	640	1	1086.9769	2	3	0	1	1	0.8688	0.5180
44	641	1	1088.5268	14	4	0	1	1	0.8690	0.5210
44	642	1	1090.0768	2	3	0	1	1	0.8692	0.5375
44	643	1	1091.6267	1	9	0	1	1	0.8694	0.6366
44	644	1	1093.1766	2	3	0	1	1	0.8696	0.5897
44	645	1	1094.7265	3	13	90	0	1	0.8682	0.7528
44	646	1	1096.2764	4	14	0	1	1	0.8684	0.6577
44	647	1	1097.8263	5	11	0	1	1	0.8686	0.7079
44	648	1	1099.3763	4	14	0	1	1	0.8688	0.7430
44	649	1	1100.9262	6	5	0	1	1	0.8690	0.7129
44	650	1	1102.4761	5	11	0	1	1	0.8692	0.6677
44	651	1	1104.0260	4	14	0	1	1	0.8694	0.5095
44	652	1	1105.5759	6	5	0	1	1	0.8696	0.6068
44	653	1	1107.1258	7	10	0	1	1	0.8698	0.6738
44	654	1	1108.6758	6	5	0	1	1	0.8700	0.6104
44	655	1	1110.2257	7	10	90	0	1	0.8687	0.5504
44	656	1	1111.7756	6	5	0	1	1	0.8689	0.6636
44	657	1	1113.3255	5	11	0	1	1	0.8691	0.5688
44	658	1	1114.8754	8	6	0	1	1	0.8693	0.6843
44	659	1	1116.4254	7	10	0	1	1	0.8695	0.4934
44	660	1	1117.9753	4	14	0	1	1	0.8697	0.5602
44	661	1	1119.5252	6	5	90	1	1	0.8699	0.7210
44	662	1	1121.0751	8	6	0	1	1	0.8701	0.4842
44	663	1	1122.6250	9	8	0	1	1	0.8703	0.8385
44	664	1	1124.1750	12	12	0	1	1	0.8705	0.7762
44	665	1	1125.7248	13	1	90	-1	0	0.8692	-1.0000
44	666	1	1127.7748	14	4	0	1	1	0.8694	0.9849
44	667	1	1129.3247	15	2	0	1	1	0.8696	0.7787
44	668	1	1130.8746	1	9	90	1	1	0.8698	0.6372
44	669	1	1132.4245	14	4	0	1	1	0.8700	0.5736
44	670	1	1133.9745	1	9	0	1	1	0.8701	0.8648
44	671	1	1135.5244	3	13	0	1	1	0.8703	1.0588
44	672	1	1137.0743	1	9	90	1	1	0.8705	0.6603
44	673	1	1138.6242	14	4	0	1	1	0.8707	0.6321
44	674	1	1140.1741	2	3	0	1	1	0.8709	0.6016
44	675	1	1141.7241	3	13	90	0	1	0.8696	0.7303
44	676	1	1143.2740	2	3	0	1	1	0.8698	0.5737
44	677	1	1144.8239	15	2	0	1	1	0.8700	0.5912
44	678	1	1146.3738	1	9	90	1	1	0.8702	0.6082
44	679	1	1147.9237	3	13	0	1	1	0.8704	0.9305
44	680	1	1149.4737	2	3	0	1	1	0.8706	0.8057
44	681	1	1151.0236	1	9	90	1	1	0.8708	1.0485
44	682	1	1152.5735	15	2	0	1	1	0.8710	0.6487
44	683	1	1154.1234	3	13	90	1	1	0.8712	0.9069
44	684	1	1155.6733	2	3	0	1	1	0.8713	0.8627
44	685	1	1157.2233	15	2	0	1	1	0.8715	0.5762
44	686	1	1158.7731	3	13	0	1	1	0.8717	0.9450
44	687	1	1160.3231	1	9	0	1	1	0.8719	0.8363
44	688	1	1161.8730	15	2	0	1	1	0.8721	0.6623
44	689	1	1163.4229	1	9	90	1	1	0.8723	0.9053
44	690	1	1164.9729	15	2	90	1	1	0.8725	1.0672
44	691	1	1166.5228	14	4	0	1	1	0.8726	0.5725
44	692	1	1168.0727	1	9	0	1	1	0.8728	0.6066
44	693	1	1169.6226	15	2	90	1	1	0.8730	0.7524
44	694	1	1171.1725	2	3	90	1	1	0.8732	0.7217
44	695	1	1172.7224	1	9	0	1	1	0.8734	0.5817
44	696	1	1174.2724	15	2	0	1	1	0.8736	0.5991
44	697	1	1175.8223	1	9	0	1	1	0.8737	0.5050
44	698	1	1177.3722	15	2	0	1	1	0.8739	0.5393
44	699	1	1178.9221	2	3	0	1	1	0.8741	0.5560
44	700	1	1180.4720	15	2	0	1	1	0.8743	0.6719
44	701	1	1182.0220	14	4	0	1	1	0.8745	0.5295
44	702	1	1183.5719	2	3	0	1	1	0.8746	0.8023
44	703	1	1185.1218	3	13	0	0	1	0.8734	0.9172
44	704	1	1186.6717	2	3	90	0	1	0.8722	0.7443
44	705	1	1188.2216	1	9	0	1	1	0.8723	0.5525
44	706	1	1189.7716	3	13	0	1	1	0.8725	1.3398
44	707	1	1191.3215	1	9	90	1	1	0.8727	0.8460
44	708	1	1192.8714	2	3	90	1	1	0.8729	1.1678
44	709	1	1194.4213	15	2	0	1	1	0.8731	0.8340
44	710	1	1195.9712	14	4	90	1	1	0.8732	1.3963
44	711	1	1197.5211	1	9	0	1	1	0.8734	0.5504
44	712	1	1199.0711	3	13	0	1	1	0.8736	1.0644
44	713	1	1200.6210	4	14	0	1	1	0.8738	0.7132
44	714	1	1202.1709	6	5	0	1	1	0.8739	0.6523
44	715	1	1203.7208	4	14	0	1	1	0.8741	0.6064
44	716	1	1205.2708	3	13	0	1	1	0.8743	0.7684
44	717	1	1206.8207	1	9	0	1	1	0.8745	0.6587
44	718	1	1208.3706	3	13	0	1	1	0.8747	0.5802
44	719	1	1209.9205	4	14	0	1	1	0.8748	0.5672
44	720	1	1211.4704	6	5	0	1	1	0.8750	0.5359
44	721	1	1213.0203	5	11	0	1	1	0.8752	0.6192
44	722	1	1214.5703	6	5	0	1	1	0.8753	0.5411
44	723	1	1216.1202	8	6	0	1	1	0.8755	0.6399
44	724	1	1217.6701	9	8	90	1	1	0.8757	0.7213
44	725	1	1219.2200	8	6	90	1	1	0.8759	0.7553
44	726	1	1220.7699	7	10	0	1	1	0.8760	0.7892
44	727	1	1222.3199	5	11	0	1	1	0.8762	0.6635
44	728	1	1223.8698	6	5	0	1	1	0.8764	0.6015
44	729	1	1225.4197	5	11	0	1	1	0.8765	0.5864
44	730	1	1226.9696	8	6	0	1	1	0.8767	0.6063
44	731	1	1228.5195	6	5	0	1	1	0.8769	0.5277
44	732	1	1230.0695	4	14	0	1	1	0.8770	0.5299
44	733	1	1231.6194	3	13	0	1	1	0.8772	0.6588
44	734	1	1233.1693	2	3	90	1	1	0.8774	0.7097
44	735	1	1234.7192	14	4	90	1	1	0.8776	0.7429
44	736	1	1236.2691	15	2	90	1	1	0.8777	0.9542
44	737	1	1237.8190	3	13	0	1	1	0.8779	0.7322
44	738	1	1239.3690	15	2	0	1	1	0.8780	0.7343
44	739	1	1240.9189	14	4	0	1	1	0.8782	0.5762
44	740	1	1242.4688	15	2	0	1	1	0.8784	0.6413
44	741	1	1244.0187	14	4	0	1	1	0.8785	0.5813
44	742	1	1245.5687	1	9	0	0	1	0.8774	0.5987
44	743	1	1247.1186	3	13	0	1	1	0.8775	0.5848
44	744	1	1248.6685	4	14	0	1	1	0.8777	0.6497
44	745	1	1250.2184	5	11	0	1	1	0.8779	0.6844
44	746	1	1251.7683	8	6	0	1	1	0.8780	0.9112
44	747	1	1253.3183	7	10	0	1	1	0.8782	0.7060
44	748	1	1254.8682	6	5	0	1	1	0.8783	0.6902
44	749	1	1256.4181	7	10	0	1	1	0.8785	0.5961
44	750	1	1257.9680	5	11	0	1	1	0.8787	0.6319
44	751	1	1259.5179	7	10	0	1	1	0.8788	0.6322
44	752	1	1261.0678	4	14	0	1	1	0.8790	0.5560
44	753	1	1262.6178	3	13	0	1	1	0.8792	0.7015
44	754	1	1264.1677	4	14	0	1	1	0.8793	0.5917
44	755	1	1265.7176	5	11	90	0	1	0.8781	0.7687
44	756	1	1267.2675	4	14	0	1	1	0.8783	0.6586
44	757	1	1268.8174	6	5	0	1	1	0.8785	0.6784
44	758	1	1270.3674	7	10	0	1	1	0.8786	0.5687
44	759	1	1271.9172	5	11	90	1	1	0.8788	0.8105
44	760	1	1273.4672	7	10	0	1	1	0.8789	0.8282
44	761	1	1275.0171	4	14	0	1	1	0.8791	0.6543
44	762	1	1276.5670	3	13	0	1	1	0.8793	0.7203
44	763	1	1278.1169	4	14	0	1	1	0.8794	0.6253
44	764	1	1279.6669	5	11	0	1	1	0.8796	0.6272
44	765	1	1281.2168	6	5	0	1	1	0.8797	0.7110
44	766	1	1282.7667	4	14	0	1	1	0.8799	0.6648
44	767	1	1284.3166	5	11	0	1	1	0.8801	0.8256
44	768	1	1285.8666	8	6	0	1	1	0.8802	0.7955
44	769	1	1287.4165	7	10	0	1	1	0.8804	0.7032
44	770	1	1288.9664	5	11	0	1	1	0.8805	0.7366
44	771	1	1290.5163	6	5	0	1	1	0.8807	0.7228
44	772	1	1292.0662	7	10	0	1	1	0.8808	0.7239
44	773	1	1293.6161	4	14	0	1	1	0.8810	0.6791
44	774	1	1295.1661	6	5	0	1	1	0.8811	0.6653
44	775	1	1296.7160	7	10	0	1	1	0.8813	0.5861
44	776	1	1298.2659	4	14	0	1	1	0.8814	0.5254
44	777	1	1299.8157	6	5	90	1	1	0.8816	0.7358
44	778	1	1301.3657	7	10	0	1	1	0.8817	0.5765
44	779	1	1302.9157	5	11	90	1	1	0.8819	0.9944
44	780	1	1304.4656	4	14	0	1	1	0.8821	0.6460
44	781	1	1306.0155	6	5	0	1	1	0.8822	0.7433
44	782	1	1307.5654	8	6	0	1	1	0.8824	0.7767
44	783	1	1309.1153	9	8	0	1	1	0.8825	0.7001
44	784	1	1310.6653	10	15	0	1	1	0.8827	0.9897
44	785	1	1312.2152	11	7	0	1	1	0.8828	1.3439
44	786	1	1313.7651	9	8	0	1	1	0.8830	0.6908
44	787	1	1315.3150	10	15	0	1	1	0.8831	1.0912
44	788	1	1316.8649	13	1	90	1	1	0.8832	1.0619
44	789	1	1318.4148	10	15	0	1	1	0.8834	0.9046
44	790	1	1319.9648	13	1	0	1	1	0.8835	0.8415
44	791	1	1321.5147	11	7	90	1	1	0.8837	1.0686
44	792	1	1323.0646	9	8	90	1	1	0.8838	0.9109
44	793	1	1324.6145	10	15	0	1	1	0.8840	0.7516
44	794	1	1326.1644	11	7	0	1	1	0.8841	1.0269
44	795	1	1327.7144	13	1	0	1	1	0.8843	0.7571
44	796	1	1329.2643	10	15	0	1	1	0.8844	0.7109
44	797	1	1330.8142	9	8	0	1	1	0.8846	0.5998
44	798	1	1332.3641	11	7	90	1	1	0.8847	0.7790
44	799	1	1333.9140	10	15	90	1	1	0.8849	0.8291
44	800	1	1335.4640	13	1	0	1	1	0.8850	0.6712
44	801	1	1337.0139	11	7	0	1	1	0.8851	0.9763
44	802	1	1338.5638	13	1	0	1	1	0.8853	0.5784
44	803	1	1340.1137	12	12	0	1	1	0.8854	0.6145
44	804	1	1341.6636	11	7	0	1	1	0.8856	1.0164
44	805	1	1343.2136	9	8	0	1	1	0.8857	0.6495
44	806	1	1344.7635	12	12	0	1	1	0.8859	0.6683
44	807	1	1346.3134	9	8	0	1	1	0.8860	0.5579
44	808	1	1347.8633	11	7	0	1	1	0.8861	0.8164
44	809	1	1349.4132	12	12	0	1	1	0.8863	0.7848
44	810	1	1350.9632	10	15	0	1	1	0.8864	0.7562
44	811	1	1352.5131	11	7	90	1	1	0.8866	0.8384
44	812	1	1354.0630	10	15	0	1	1	0.8867	0.7911
44	813	1	1355.6129	9	8	0	1	1	0.8868	0.6506
44	814	1	1357.1628	8	6	90	1	1	0.8870	0.8764
44	815	1	1358.7127	6	5	0	1	1	0.8871	0.8133
44	816	1	1360.2626	8	6	0	1	1	0.8873	0.7034
44	817	1	1361.8126	7	10	0	1	1	0.8874	0.7542
44	818	1	1363.3625	6	5	0	1	1	0.8875	0.6610
44	819	1	1364.9124	4	14	0	1	1	0.8877	0.7429
44	820	1	1366.4623	7	10	0	1	1	0.8878	0.6645
44	821	1	1368.0123	6	5	0	1	1	0.8879	0.6017
44	822	1	1369.5622	5	11	0	1	1	0.8881	0.7959
44	823	1	1371.1121	7	10	0	1	1	0.8882	0.6539
44	824	1	1372.6620	5	11	90	1	1	0.8883	0.8176
44	825	1	1374.2119	7	10	90	0	1	0.8873	0.6752
44	826	1	1375.7618	5	11	90	0	1	0.8862	0.7097
44	827	1	1377.3118	4	14	0	1	1	0.8863	0.8394
44	828	1	1378.8617	3	13	0	1	1	0.8865	0.9363
44	829	1	1380.4116	2	3	90	1	1	0.8866	1.0194
44	830	1	1381.9615	14	4	90	1	1	0.8867	0.7338
44	831	1	1383.5114	1	9	0	0	1	0.8857	0.6876
44	832	1	1385.0614	3	13	0	1	1	0.8858	0.7540
44	833	1	1386.6113	1	9	0	1	1	0.8860	0.5959
44	834	1	1388.1612	3	13	0	1	1	0.8861	0.7262
44	835	1	1389.7111	2	3	0	1	1	0.8862	0.6478
44	836	1	1391.2610	3	13	0	1	1	0.8864	0.6981
44	837	1	1392.8110	2	3	0	1	1	0.8865	0.7152
44	838	1	1394.3609	3	13	0	1	1	0.8866	0.7013
44	839	1	1395.9108	4	14	0	1	1	0.8868	0.8154
44	840	1	1397.4607	5	11	0	1	1	0.8869	0.8824
44	841	1	1399.0106	7	10	90	1	1	0.8870	0.7726
44	842	1	1400.5606	8	6	0	1	1	0.8872	0.7435
44	843	1	1402.1105	5	11	0	1	1	0.8873	0.7128
44	844	1	1403.6604	6	5	90	1	1	0.8874	0.7148
44	845	1	1405.2103	7	10	0	1	1	0.8876	0.6849
44	846	1	1406.7602	4	14	0	1	1	0.8877	0.5750
44	847	1	1408.3102	3	13	0	1	1	0.8878	0.6575
44	848	1	1409.8601	1	9	0	1	1	0.8880	0.6101
44	849	1	1411.4100	15	2	0	1	1	0.8881	0.6762
44	850	1	1412.9599	14	4	90	1	1	0.8882	0.6954
44	851	1	1414.5098	13	1	0	1	1	0.8884	0.6491
44	852	1	1416.0598	14	4	0	1	1	0.8885	0.6672
44	853	1	1417.6097	15	2	0	1	1	0.8886	0.6542
44	854	1	1419.1596	1	9	0	1	1	0.8888	0.6077
44	855	1	1420.7095	15	2	0	1	1	0.8889	0.5779
44	856	1	1422.2594	3	13	0	1	1	0.8890	0.6602
44	857	1	1423.8093	2	3	90	1	1	0.8891	0.8207
44	858	1	1425.3592	3	13	90	1	1	0.8893	0.9201
44	859	1	1426.9092	4	14	0	1	1	0.8894	0.7940
44	860	1	1428.4591	6	5	0	1	1	0.8895	0.7168
44	861	1	1430.0090	7	10	0	1	1	0.8897	0.6226
44	862	1	1431.5589	5	11	0	1	1	0.8898	0.9765
44	863	1	1433.1089	8	6	90	1	1	0.8899	0.8492
44	864	1	1434.6588	6	5	0	1	1	0.8900	0.7084
44	865	1	1436.2087	5	11	0	1	1	0.8902	0.6144
44	866	1	1437.7586	4	14	90	0	1	0.8891	0.6006
44	867	1	1439.3085	5	11	0	1	1	0.8893	0.5216
44	868	1	1440.8584	4	14	90	1	1	0.8894	0.8597
44	869	1	1442.4084	3	13	0	1	1	0.8895	0.7355
44	870	1	1443.9583	15	2	0	1	1	0.8897	0.7197
44	871	1	1445.5082	2	3	0	1	1	0.8898	0.7872
44	872	1	1447.0581	3	13	0	0	1	0.8888	0.7251
44	873	1	1448.6081	15	2	0	1	1	0.8889	0.6140
44	874	1	1450.1580	2	3	90	1	1	0.8890	0.6338
44	875	1	1451.7079	1	9	0	1	1	0.8891	0.6021
44	876	1	1453.2578	3	13	0	1	1	0.8893	0.8922
44	877	1	1454.8077	4	14	90	1	1	0.8894	1.2796
44	878	1	1456.3576	7	10	90	1	1	0.8895	0.7369
44	879	1	1457.9076	6	5	0	1	1	0.8896	0.6452
44	880	1	1459.4575	4	14	90	1	1	0.8898	0.8206
44	881	1	1461.0074	7	10	0	1	1	0.8899	0.7107
44	882	1	1462.5573	8	6	0	1	1	0.8900	0.7140
44	883	1	1464.1073	7	10	0	1	1	0.8901	0.6208
44	884	1	1465.6572	4	14	0	1	1	0.8903	1.0861
44	885	1	1467.2071	5	11	0	1	1	0.8904	0.7519
44	886	1	1468.7570	8	6	0	1	1	0.8905	0.6730
44	887	1	1470.3069	6	5	0	1	1	0.8906	0.6285
44	888	1	1471.8568	5	11	90	1	1	0.8908	0.8227
44	889	1	1473.4068	4	14	90	1	1	0.8909	0.8882
44	890	1	1474.9567	3	13	0	1	1	0.8910	0.7946
44	891	1	1476.5066	1	9	0	1	1	0.8911	0.6050
44	892	1	1478.0565	3	13	0	1	1	0.8913	0.7336
44	893	1	1479.6064	4	14	90	1	1	0.8914	0.9130
44	894	1	1481.1564	5	11	0	1	1	0.8915	0.6430
44	895	1	1482.7063	8	6	90	1	1	0.8916	0.7733
44	896	1	1484.2562	6	5	0	1	1	0.8917	0.7430
44	897	1	1485.8061	8	6	0	1	1	0.8919	0.6479
44	898	1	1487.3560	5	11	90	1	1	0.8920	0.8261
44	899	1	1488.9060	8	6	0	1	1	0.8921	0.6840
44	900	1	1490.4559	5	11	0	1	1	0.8922	0.7023
44	901	1	1492.0058	6	5	0	1	1	0.8923	0.6735
44	902	1	1493.5557	4	14	90	1	1	0.8925	0.7543
44	903	1	1495.1056	5	11	0	1	1	0.8926	0.7096
44	904	1	1496.6555	7	10	0	1	1	0.8927	0.7435
44	905	1	1498.2055	4	14	0	0	1	0.8917	0.8727
44	906	1	1499.7554	6	5	90	1	1	0.8918	0.7466
44	907	1	1501.3053	7	10	0	1	1	0.8920	0.6057
44	908	1	1502.8552	5	11	0	1	1	0.8921	1.0891
44	909	1	1504.4051	6	5	90	1	1	0.8922	0.6904
44	910	1	1505.9551	8	6	0	1	1	0.8923	0.7229
44	911	1	1507.5050	5	11	0	1	1	0.8924	0.6141
44	912	1	1509.0549	8	6	0	1	1	0.8925	0.5833
44	913	1	1510.6048	7	10	0	1	1	0.8927	0.6025
44	914	1	1512.1547	5	11	90	1	1	0.8928	0.8914
44	915	1	1513.7047	6	5	0	1	1	0.8929	0.6704
44	916	1	1515.2546	8	6	0	1	1	0.8930	0.6394
44	917	1	1516.8045	5	11	90	1	1	0.8931	0.7706
44	918	1	1518.3544	7	10	0	1	1	0.8932	0.6121
44	919	1	1519.9043	6	5	0	1	1	0.8934	0.6786
44	920	1	1521.4543	8	6	0	1	1	0.8935	0.6328
44	921	1	1523.0042	6	5	90	1	1	0.8936	0.6664
44	922	1	1524.5541	7	10	0	1	1	0.8937	0.5245
44	923	1	1526.1040	4	14	90	1	1	0.8938	0.8473
44	924	1	1527.6539	7	10	90	1	1	0.8939	0.7854
44	925	1	1529.2039	8	6	0	1	1	0.8941	0.6272
44	926	1	1530.7538	9	8	0	1	1	0.8942	0.6602
44	927	1	1532.3037	8	6	90	1	1	0.8943	0.7759
44	928	1	1533.8536	9	8	0	1	1	0.8944	0.7141
44	929	1	1535.4035	8	6	0	1	1	0.8945	0.6362
44	930	1	1536.9534	7	10	0	1	1	0.8946	1.0070
44	931	1	1538.5034	6	5	0	1	1	0.8947	0.6246
44	932	1	1540.0533	5	11	0	1	1	0.8948	0.6422
44	933	1	1541.6032	6	5	0	1	1	0.8950	0.9160
44	934	1	1543.1531	4	14	0	1	1	0.8951	1.0458
44	935	1	1544.7030	3	13	90	0	1	0.8941	1.1437
44	936	1	1546.4030	15	2	0	1	1	0.8942	0.8830
44	937	1	1547.9529	14	4	0	1	1	0.8943	0.6148
44	938	1	1549.5028	1	9	90	1	1	0.8945	0.7433
44	939	1	1551.0527	2	3	0	1	1	0.8946	0.6676
44	940	1	1552.6026	3	13	0	1	1	0.8947	0.7484
44	941	1	1554.1525	2	3	0	1	1	0.8948	0.5751
44	942	1	1555.7025	14	4	0	1	1	0.8949	0.5596
44	943	1	1557.2524	15	2	0	1	1	0.8950	0.6114
44	944	1	1558.8023	1	9	0	1	1	0.8951	0.5971
44	945	1	1560.3522	2	3	90	1	1	0.8952	0.8070
44	946	1	1561.9021	14	4	0	1	1	0.8953	0.6318
44	947	1	1563.4520	15	2	0	1	1	0.8955	0.5873
44	948	1	1565.0020	1	9	0	1	1	0.8956	0.5880
44	949	1	1566.5519	3	13	0	1	1	0.8957	0.7826
44	950	1	1568.1018	1	9	0	1	1	0.8958	0.5775
44	951	1	1569.6517	2	3	0	1	1	0.8959	0.5800
44	952	1	1571.2016	14	4	0	1	1	0.8960	0.5964
44	953	1	1572.7516	2	3	0	1	1	0.8961	0.5504
44	954	1	1574.3012	1	9	0	1	1	0.8962	0.5553
44	955	1	1576.0514	15	2	0	1	1	0.8963	0.7073
44	956	1	1577.6013	2	3	0	1	1	0.8964	0.6619
44	957	1	1579.1512	14	4	0	1	1	0.8966	0.5364
44	958	1	1580.7011	13	1	0	1	1	0.8967	0.7145
44	959	1	1582.2511	12	12	0	1	1	0.8968	0.5720
44	960	1	1583.8010	11	7	0	0	1	0.8958	1.1490
44	961	1	1585.5009	9	8	0	1	1	0.8959	0.0432
44	962	1	1587.0508	12	12	0	1	1	0.8960	0.6853
44	963	1	1588.6007	10	15	0	1	1	0.8962	0.7658
44	964	1	1590.1507	9	8	0	1	1	0.8963	0.4792
44	965	1	1591.7006	11	7	0	1	1	0.8964	1.2014
44	966	1	1593.2505	12	12	0	1	1	0.8965	0.5794
44	967	1	1594.8004	10	15	90	1	1	0.8966	0.7426
44	968	1	1596.3503	9	8	0	1	1	0.8967	0.5532
44	969	1	1597.9002	10	15	0	1	1	0.8968	0.7313
44	970	1	1599.4501	9	8	0	1	1	0.8969	0.4759
44	971	1	1601.0001	8	6	0	1	1	0.8970	0.7671
44	972	1	1602.5500	7	10	0	1	1	0.8971	0.6239
44	973	1	1604.0999	8	6	0	1	1	0.8972	0.6122
44	974	1	1605.6498	7	10	0	1	1	0.8973	0.5976
44	975	1	1607.1998	8	6	0	1	1	0.8974	0.5677
44	976	1	1608.7497	9	8	90	1	1	0.8975	0.7935
44	977	1	1610.2996	10	15	0	1	1	0.8976	0.6999
44	978	1	1611.8495	13	1	0	1	1	0.8978	0.7655
44	979	1	1613.3994	14	4	0	1	1	0.8979	0.6384
44	980	1	1614.9493	13	1	0	1	1	0.8980	0.7526
44	981	1	1616.4993	11	7	0	1	1	0.8981	0.8851
44	982	1	1618.0492	10	15	0	1	1	0.8982	0.6288
44	983	1	1619.5991	9	8	0	1	1	0.8983	0.5189
44	984	1	1621.1490	8	6	0	1	1	0.8984	0.6020
44	985	1	1622.6989	6	5	0	1	1	0.8985	0.6362
44	986	1	1624.2488	7	10	0	1	1	0.8986	0.6061
44	987	1	1625.7987	6	5	0	1	1	0.8987	0.6087
44	988	1	1627.3487	5	11	90	1	1	0.8988	0.9452
44	989	1	1628.8986	4	14	0	1	1	0.8989	0.8218
44	990	1	1630.4485	6	5	0	1	1	0.8990	0.5665
44	991	1	1631.9984	8	6	0	1	1	0.8991	0.6325
44	992	1	1633.5483	7	10	0	1	1	0.8992	0.4896
44	993	1	1635.0983	5	11	90	1	1	0.8993	0.8295
44	994	1	1636.6482	6	5	90	1	1	0.8994	0.7189
44	995	1	1638.1981	4	14	0	1	1	0.8995	0.9122
44	996	1	1639.7480	7	10	0	1	1	0.8996	0.5309
44	997	1	1641.2979	4	14	0	1	1	0.8997	0.5161
44	998	1	1642.8479	6	5	0	1	1	0.8998	0.5672
44	999	1	1644.3978	5	11	90	1	1	0.8999	0.7291
44	1000	1	1645.9477	8	6	90	1	1	0.9000	0.9070
44	1001	1	1647.4976	6	5	0	1	1	0.9001	0.6856
44	1002	1	1649.0475	7	10	90	1	1	0.9002	0.7837
44	1003	1	1650.5975	8	6	0	1	1	0.9003	0.7387
44	1004	1	1652.1474	6	5	90	1	1	0.9004	0.7394
44	1005	1	1653.6973	8	6	0	1	1	0.9005	0.6616
44	1006	1	1655.2472	6	5	0	1	1	0.9006	0.5998
44	1007	1	1656.7971	8	6	0	1	1	0.9007	0.5857
44	1008	1	1658.3471	9	8	0	1	1	0.9008	0.6029
44	1009	1	1659.8970	11	7	0	1	1	0.9009	0.8795
44	1010	1	1661.4469	10	15	0	1	1	0.9010	0.6398
44	1011	1	1662.9968	12	12	90	1	1	0.9011	0.9783
44	1012	1	1664.5467	13	1	0	1	1	0.9012	0.5971
44	1013	1	1666.0967	14	4	0	1	1	0.9013	0.7102
44	1014	1	1667.6466	2	3	0	1	1	0.9014	0.6002
44	1015	1	1669.1965	14	4	0	1	1	0.9015	0.5389
44	1016	1	1670.7464	13	1	0	1	1	0.9016	0.6515
44	1017	1	1672.2963	10	15	0	1	1	0.9017	0.6865
44	1018	1	1673.8462	13	1	0	1	1	0.9018	0.5611
44	1019	1	1675.3962	10	15	0	1	1	0.9019	0.6586
44	1020	1	1676.9461	9	8	0	1	1	0.9020	0.5478
44	1021	1	1678.4960	11	7	0	1	1	0.9021	0.7751
44	1022	1	1680.0459	9	8	0	1	1	0.9022	0.5536
44	1023	1	1681.5958	11	7	0	1	1	0.9022	0.6986
44	1024	1	1683.1458	9	8	90	1	1	0.9023	0.7801
44	1025	1	1684.6957	8	6	0	1	1	0.9024	0.7512
44	1026	1	1686.2456	9	8	0	1	1	0.9025	0.6094
44	1027	1	1687.7955	11	7	0	1	1	0.9026	0.7075
44	1028	1	1689.3454	10	15	90	1	1	0.9027	0.7256
44	1029	1	1690.8953	9	8	0	1	1	0.9028	0.6640
44	1030	1	1692.4452	11	7	0	1	1	0.9029	0.8246
44	1031	1	1693.9952	10	15	0	1	1	0.9030	0.6837
44	1032	1	1695.5451	11	7	0	1	1	0.9031	0.7023
44	1033	1	1697.0950	13	1	0	1	1	0.9032	0.7204
44	1034	1	1698.6449	14	4	0	1	1	0.9033	0.6262
44	1035	1	1700.1949	15	2	0	1	1	0.9034	0.6910
44	1036	1	1701.7448	14	4	0	1	1	0.9035	0.5196
44	1037	1	1703.2947	1	9	90	1	1	0.9036	0.7273
44	1038	1	1704.8446	2	3	0	1	1	0.9037	0.6183
44	1039	1	1706.3945	14	4	90	1	1	0.9038	0.8114
44	1040	1	1707.9445	13	1	0	1	1	0.9038	0.7351
44	1041	1	1709.4944	10	15	0	1	1	0.9039	0.6737
44	1042	1	1711.0443	13	1	0	1	1	0.9040	0.6584
44	1043	1	1712.5942	11	7	0	1	1	0.9041	0.7099
44	1044	1	1714.1441	13	1	0	1	1	0.9042	0.5349
44	1045	1	1715.6941	14	4	0	1	1	0.9043	0.6000
44	1046	1	1717.2440	1	9	0	1	1	0.9044	0.6815
44	1047	1	1718.7939	14	4	0	1	1	0.9045	0.6690
44	1048	1	1720.3438	1	9	90	1	1	0.9046	0.6394
44	1049	1	1721.8937	2	3	0	1	1	0.9047	0.5934
44	1050	1	1723.4437	15	2	0	1	1	0.9048	0.6902
44	1051	1	1724.9936	1	9	0	1	1	0.9049	0.5803
44	1052	1	1726.5434	3	13	0	1	1	0.9049	0.8545
44	1053	1	1728.0934	15	2	0	1	1	0.9050	0.6341
44	1054	1	1729.6433	3	13	90	1	1	0.9051	0.8279
44	1055	1	1731.1932	1	9	0	1	1	0.9052	0.6207
44	1056	1	1732.7432	14	4	0	1	1	0.9053	0.6245
44	1057	1	1734.2931	15	2	0	1	1	0.9054	0.6419
44	1058	1	1735.8430	3	13	0	1	1	0.9055	0.8837
44	1059	1	1737.3928	1	9	0	1	1	0.9056	0.5987
44	1060	1	1738.9428	2	3	90	1	1	0.9057	0.7271
44	1061	1	1740.4927	14	4	0	1	1	0.9057	0.7795
44	1062	1	1742.0426	13	1	0	1	1	0.9058	0.7472
44	1063	1	1743.5926	12	12	0	1	1	0.9059	0.6718
44	1064	1	1745.1425	9	8	0	1	1	0.9060	0.6087
44	1065	1	1746.6924	10	15	90	1	1	0.9061	0.7541
44	1066	1	1748.2424	13	1	0	1	1	0.9062	0.5955
44	1067	1	1749.7923	11	7	0	1	1	0.9063	0.8706
44	1068	1	1751.3422	13	1	90	1	1	0.9064	0.8262
44	1069	1	1752.8921	14	4	90	1	1	0.9065	0.8595
44	1070	1	1754.4420	15	2	0	1	1	0.9065	0.8930
44	1071	1	1755.9919	1	9	0	1	1	0.9066	0.7361
44	1072	1	1757.6085	14	4	0	-1	0	0.9058	-1.0000
44	1073	1	1759.6584	1	9	0	1	1	0.9059	0.9724
44	1074	1	1761.2750	14	4	0	1	1	0.9060	0.7972
44	1075	1	1762.8249	1	9	0	1	1	0.9060	0.6225
44	1076	1	1764.3748	3	13	0	1	1	0.9061	0.7830
44	1077	1	1765.9248	15	2	0	1	1	0.9062	0.6424
44	1078	1	1767.4747	1	9	0	1	1	0.9063	0.5951
44	1079	1	1769.0246	3	13	0	1	1	0.9064	0.6802
44	1080	1	1770.5745	4	14	90	1	1	0.9065	0.8242
44	1081	1	1772.1245	7	10	0	1	1	0.9066	0.7308
44	1082	1	1773.6743	4	14	90	1	1	0.9067	1.1635
44	1083	1	1775.2243	5	11	0	1	1	0.9067	0.9752
44	1084	1	1776.7742	7	10	0	1	1	0.9068	0.6398
44	1085	1	1778.3241	6	5	0	1	1	0.9069	0.6441
44	1086	1	1779.8740	5	11	0	1	1	0.9070	0.6922
44	1087	1	1781.4239	7	10	0	1	1	0.9071	0.5979
44	1088	1	1782.9739	5	11	0	1	1	0.9072	0.6491
44	1089	1	1784.5238	7	10	0	-1	0	0.9063	-1.0000
44	1090	1	1786.8921	8	6	0	-1	0	0.9055	-1.0000
44	1091	1	1821.0880	6	5	0	-1	1	0.9047	-1.0000
44	1092	1	1823.1211	4	14	0	-1	0	0.9038	-1.0000
44	1093	1	1825.1543	5	11	0	-1	0	0.9030	-1.0000
44	1094	1	1827.2042	6	5	0	-1	0	0.9022	-1.0000
44	1095	1	1829.2374	4	14	0	-1	0	0.9014	-1.0000
44	1096	1	1831.2874	7	10	90	-1	0	0.9005	-1.0000
44	1097	1	1833.3208	5	11	0	-1	0	0.8997	-1.0000
44	1098	1	1835.3704	7	10	90	-1	0	0.8989	-1.0000
44	1099	1	1837.4705	8	6	0	1	1	0.8990	0.9993
44	1100	1	1839.0203	7	10	0	1	1	0.8991	0.6333
44	1101	1	1840.5702	6	5	0	1	1	0.8992	0.6344
44	1102	1	1842.1201	8	6	0	1	1	0.8993	0.7644
44	1103	1	1843.6700	5	11	0	1	1	0.8994	0.7997
44	1104	1	1845.2199	8	6	0	1	1	0.8995	0.7047
44	1105	1	1846.7699	5	11	0	1	1	0.8995	0.7878
44	1106	1	1848.3198	6	5	0	1	1	0.8996	0.7089
44	1107	1	1849.8697	8	6	0	1	1	0.8997	0.6002
44	1108	1	1851.4196	7	10	0	1	1	0.8998	0.7460
44	1109	1	1852.9695	8	6	0	1	1	0.8999	0.6839
44	1110	1	1854.5194	7	10	0	1	1	0.9000	0.6221
44	1111	1	1856.0694	8	6	90	1	1	0.9001	0.7841
44	1112	1	1857.6193	6	5	0	1	1	0.9002	0.7543
44	1113	1	1859.1692	4	14	0	1	1	0.9003	0.9966
44	1114	1	1860.7191	6	5	0	1	1	0.9004	0.5986
44	1115	1	1862.2690	4	14	90	1	1	0.9004	0.8247
44	1116	1	1863.8190	7	10	90	0	1	0.8996	0.5073
44	1117	1	1865.3689	5	11	90	1	1	0.8997	0.9086
44	1118	1	1866.9188	4	14	90	1	1	0.8998	0.9587
44	1119	1	1868.4687	3	13	90	1	1	0.8999	0.7999
44	1120	1	1870.0186	4	14	0	1	1	0.9000	0.8030
44	1121	1	1871.5685	7	10	90	0	1	0.8992	0.5481
44	1122	1	1873.1185	6	5	0	1	1	0.8993	0.7433
44	1123	1	1874.6684	8	6	90	1	1	0.8994	1.0653
44	1124	1	1876.2183	6	5	0	1	1	0.8995	0.6515
44	1125	1	1877.7682	4	14	0	1	1	0.8996	0.6851
44	1126	1	1879.3181	3	13	0	1	1	0.8996	0.7673
44	1127	1	1880.8681	2	3	0	1	1	0.8997	0.7695
44	1128	1	1882.4180	1	9	0	1	1	0.8998	0.6437
44	1129	1	1883.9679	14	4	0	1	1	0.8999	0.7258
44	1130	1	1885.5178	1	9	0	1	1	0.9000	0.5987
44	1131	1	1887.0677	3	13	0	1	1	0.9001	0.7128
44	1132	1	1888.6176	4	14	0	1	1	0.9002	0.7002
44	1133	1	1890.1676	6	5	0	1	1	0.9003	0.5740
44	1134	1	1891.7175	7	10	0	1	1	0.9004	0.6401
44	1135	1	1893.2674	8	6	0	1	1	0.9004	0.6583
44	1136	1	1894.8173	5	11	0	1	1	0.9005	0.7081
44	1137	1	1896.3672	8	6	0	1	1	0.9006	0.6293
44	1138	1	1897.9172	6	5	90	1	1	0.9007	0.7604
44	1139	1	1899.4671	4	14	0	1	1	0.9008	0.7462
44	1140	1	1901.0170	7	10	0	1	1	0.9009	0.6198
44	1141	1	1902.5669	6	5	90	1	1	0.9010	0.6868
44	1142	1	1904.1168	5	11	0	1	1	0.9011	1.0397
44	1143	1	1905.6667	7	10	0	1	1	0.9011	0.6111
44	1144	1	1907.2167	4	14	0	1	1	0.9012	0.7730
44	1145	1	1908.7666	7	10	0	1	1	0.9013	0.6301
44	1146	1	1910.3165	8	6	0	1	1	0.9014	0.6651
44	1147	1	1911.8664	5	11	0	1	1	0.9015	0.6674
44	1148	1	1913.4163	8	6	0	1	1	0.9016	0.6051
44	1149	1	1914.9663	9	8	0	1	1	0.9017	0.5916
44	1150	1	1916.5162	12	12	0	1	1	0.9017	0.6095
44	1151	1	1918.0661	10	15	0	1	1	0.9018	0.7237
44	1152	1	1919.6160	13	1	90	1	1	0.9019	0.8697
44	1153	1	1921.1659	10	15	0	1	1	0.9020	0.7437
44	1154	1	1922.7159	13	1	90	1	1	0.9021	0.7296
44	1155	1	1924.2658	14	4	0	1	1	0.9022	0.6358
44	1156	1	1925.8157	15	2	0	1	1	0.9022	0.6698
44	1157	1	1927.3656	3	13	0	1	1	0.9023	0.6401
44	1158	1	1928.9155	4	14	90	1	1	0.9024	0.7860
44	1159	1	1930.4654	3	13	0	1	1	0.9025	0.7083
44	1160	1	1932.0154	2	3	0	1	1	0.9026	0.6611
44	1161	1	1933.5653	3	13	90	1	1	0.9027	0.7602
44	1162	1	1935.1152	1	9	0	1	1	0.9028	0.6504
44	1163	1	1936.6651	2	3	0	1	1	0.9028	0.6514
44	1164	1	1938.2150	15	2	90	1	1	0.9029	0.7664
44	1165	1	1939.7649	2	3	0	1	1	0.9030	0.6088
44	1166	1	1941.3149	1	9	0	1	1	0.9031	0.6590
44	1167	1	1942.8648	15	2	0	1	1	0.9032	0.6766
44	1168	1	1944.4147	3	13	90	1	1	0.9033	0.9029
44	1169	1	1945.9646	15	2	90	0	1	0.9025	0.5852
44	1170	1	1947.5145	2	3	0	1	1	0.9026	0.5872
44	1171	1	1949.0645	3	13	0	1	1	0.9026	0.8612
44	1172	1	1950.6144	4	14	0	0	1	0.9019	0.9432
44	1173	1	1952.1643	5	11	0	1	1	0.9020	0.6253
44	1174	1	1953.7142	8	6	0	1	1	0.9020	0.8034
44	1175	1	1955.2641	5	11	0	1	1	0.9021	0.6614
44	1176	1	1956.8141	7	10	0	1	1	0.9022	0.6156
44	1177	1	1958.3640	4	14	0	1	1	0.9023	0.5046
44	1178	1	1959.9139	5	11	90	1	1	0.9024	0.8119
44	1179	1	1961.4638	6	5	0	1	1	0.9025	0.7014
44	1180	1	1963.0137	7	10	0	1	1	0.9025	0.6398
44	1181	1	1964.5637	8	6	0	1	1	0.9026	0.6099
44	1182	1	1966.1136	5	11	0	1	1	0.9027	0.6430
44	1183	1	1967.6635	8	6	0	1	1	0.9028	0.6450
44	1184	1	1969.2134	6	5	0	1	1	0.9029	0.6311
44	1185	1	1970.7633	7	10	0	1	1	0.9030	0.6022
44	1186	1	1972.3132	8	6	0	1	1	0.9030	0.5873
44	1187	1	1973.8632	7	10	0	1	1	0.9031	0.5417
44	1188	1	1975.4131	4	14	0	1	1	0.9032	0.8006
44	1189	1	1976.9630	7	10	0	1	1	0.9033	0.5947
44	1190	1	1978.5129	6	5	0	1	1	0.9034	0.6448
44	1191	1	1980.0628	5	11	90	0	1	0.9026	1.0790
44	1192	1	1981.6794	4	14	0	1	1	0.9027	0.5189
44	1193	1	1983.2293	3	13	0	1	1	0.9028	0.8072
44	1194	1	1984.7793	15	2	0	1	1	0.9028	0.6504
44	1195	1	1986.3292	2	3	0	1	1	0.9029	0.6193
44	1196	1	1987.8791	14	4	0	1	1	0.9030	0.5904
44	1197	1	1989.4290	2	3	0	1	1	0.9031	0.6075
44	1198	1	1990.9789	3	13	90	1	1	0.9032	0.7547
44	1199	1	1992.5288	4	14	0	1	1	0.9033	0.8047
44	1200	1	1994.0788	5	11	90	1	1	0.9033	1.3018
44	1201	1	1995.6287	4	14	90	0	1	0.9026	0.7929
44	1202	1	1997.1786	7	10	0	1	1	0.9027	0.6030
44	1203	1	1998.7285	4	14	0	1	1	0.9027	0.5723
44	1204	1	2000.2784	3	13	0	1	1	0.9028	0.7180
44	1205	1	2001.8284	15	2	0	1	1	0.9029	0.6253
44	1206	1	2003.3783	14	4	0	1	1	0.9030	0.5313
44	1207	1	2004.9282	1	9	0	1	1	0.9031	0.5802
44	1208	1	2006.4781	14	4	90	1	1	0.9031	0.7273
44	1209	1	2008.0280	1	9	0	1	1	0.9032	0.6965
44	1210	1	2009.5779	2	3	0	1	1	0.9033	0.6197
44	1211	1	2011.1279	3	13	0	1	1	0.9034	0.7017
44	1212	1	2012.6778	15	2	0	1	1	0.9035	0.6706
44	1213	1	2014.2277	1	9	90	1	1	0.9035	0.7059
44	1214	1	2015.7776	14	4	0	1	1	0.9036	0.6281
44	1215	1	2017.3275	1	9	0	1	1	0.9037	0.5020
44	1216	1	2018.8775	3	13	90	1	1	0.9038	0.6642
44	1217	1	2020.4274	2	3	0	1	1	0.9039	0.5850
44	1218	1	2021.9773	3	13	0	1	1	0.9039	0.8124
44	1219	1	2023.5272	15	2	0	1	1	0.9040	0.7024
44	1220	1	2025.0771	1	9	0	1	1	0.9041	0.6393
44	1221	1	2026.6271	3	13	90	1	1	0.9042	0.9466
44	1222	1	2028.1770	1	9	0	1	1	0.9043	0.6446
44	1223	1	2029.7269	14	4	0	1	1	0.9043	0.6461
44	1224	1	2031.2768	1	9	0	1	1	0.9044	0.5049
44	1225	1	2032.8267	15	2	0	1	1	0.9045	0.6182
44	1226	1	2034.3766	3	13	0	1	1	0.9046	0.8607
44	1227	1	2035.9266	1	9	0	1	1	0.9046	0.5579
44	1228	1	2037.4765	2	3	0	1	1	0.9047	0.5440
44	1229	1	2039.0264	15	2	0	1	1	0.9048	0.6742
44	1230	1	2040.5763	3	13	0	1	1	0.9049	0.6934
44	1231	1	2042.1262	2	3	0	1	1	0.9050	0.5022
44	1232	1	2043.6761	3	13	0	1	1	0.9050	0.6324
44	1233	1	2045.2261	15	2	0	1	1	0.9051	0.5865
44	1234	1	2046.7760	2	3	0	1	1	0.9052	0.7343
44	1235	1	2048.3259	3	13	0	1	1	0.9053	0.5757
44	1236	1	2049.8758	15	2	0	1	1	0.9053	0.5618
44	1237	1	2051.4257	2	3	0	1	1	0.9054	0.4668
44	1238	1	2052.9757	1	9	90	1	1	0.9055	0.5819
44	1239	1	2054.5256	3	13	0	1	1	0.9056	0.5839
44	1240	1	2056.0755	4	14	0	1	1	0.9056	0.9057
44	1241	1	2057.6254	6	5	90	1	1	0.9057	0.7003
44	1242	1	2059.1753	8	6	0	1	1	0.9058	0.7183
44	1243	1	2060.7253	7	10	0	1	1	0.9059	0.6724
44	1244	1	2062.2752	8	6	90	1	1	0.9059	1.0585
44	1245	1	2063.8251	6	5	90	1	1	0.9060	0.7074
44	1246	1	2065.3750	8	6	0	1	1	0.9061	0.6944
44	1247	1	2066.9249	6	5	0	1	1	0.9062	0.6955
44	1248	1	2068.4748	5	11	0	1	1	0.9063	1.1309
44	1249	1	2070.0248	7	10	90	0	1	0.9055	0.6527
44	1250	1	2071.5747	4	14	90	1	1	0.9056	0.7986
44	1251	1	2073.1246	7	10	0	1	1	0.9057	0.6079
44	1252	1	2074.6745	6	5	0	1	1	0.9058	0.5779
44	1253	1	2076.2244	5	11	0	1	1	0.9058	0.7239
44	1254	1	2077.7743	4	14	0	1	1	0.9059	1.1262
44	1255	1	2079.3243	6	5	0	1	1	0.9060	0.6171
44	1256	1	2080.8742	7	10	0	1	1	0.9061	0.6034
44	1257	1	2082.4241	5	11	90	1	1	0.9061	1.0695
44	1258	1	2083.9740	7	10	0	1	1	0.9062	0.7513
44	1259	1	2085.5239	4	14	90	1	1	0.9063	0.8019
44	1260	1	2087.0739	7	10	0	1	1	0.9063	0.5318
44	1261	1	2088.6238	5	11	0	1	1	0.9064	0.6446
44	1262	1	2090.1737	7	10	0	1	1	0.9065	0.5517
44	1263	1	2091.7236	6	5	0	1	1	0.9066	0.7618
44	1264	1	2093.2735	8	6	0	1	1	0.9066	0.6198
44	1265	1	2094.8235	9	8	0	1	1	0.9067	0.6060
44	1266	1	2096.3734	12	12	0	1	1	0.9068	0.7842
44	1267	1	2097.9233	9	8	0	1	1	0.9069	0.5785
44	1268	1	2099.4732	12	12	0	1	1	0.9069	0.7392
44	1269	1	2101.0231	11	7	0	1	1	0.9070	0.9493
44	1270	1	2102.5731	9	8	0	1	1	0.9071	0.5033
44	1271	1	2104.1230	12	12	90	0	1	0.9064	0.6983
44	1272	1	2106.0062	9	8	0	1	1	0.9064	0.6075
44	1273	1	2107.5561	11	7	90	1	1	0.9065	0.9296
44	1274	1	2109.1060	12	12	0	1	1	0.9066	0.5474
44	1275	1	2110.6559	10	15	0	1	1	0.9067	0.7404
44	1276	1	2112.2059	11	7	90	1	1	0.9067	0.7601
44	1277	1	2113.7558	9	8	0	1	1	0.9068	0.5218
44	1278	1	2115.3057	10	15	0	1	1	0.9069	0.5876
44	1279	1	2116.8556	11	7	0	1	1	0.9070	0.8459
44	1280	1	2118.4056	9	8	90	1	1	0.9070	1.0077
44	1281	1	2119.9555	10	15	0	1	1	0.9071	0.7218
44	1282	1	2121.5054	11	7	90	1	1	0.9072	0.8042
44	1283	1	2123.0553	12	12	0	1	1	0.9072	0.6462
44	1284	1	2124.6052	10	15	0	1	1	0.9073	0.5991
44	1285	1	2126.1551	12	12	0	1	1	0.9074	0.9384
44	1286	1	2127.7051	11	7	0	1	1	0.9075	0.8125
44	1287	1	2129.2550	10	15	0	1	1	0.9075	0.5575
44	1288	1	2130.8049	9	8	0	1	1	0.9076	0.5127
44	1289	1	2132.3548	12	12	0	1	1	0.9077	0.6104
44	1290	1	2133.9047	11	7	0	1	1	0.9078	0.6290
44	1291	1	2135.4546	9	8	0	1	1	0.9078	0.5508
44	1292	1	2137.0046	10	15	90	1	1	0.9079	0.8569
44	1293	1	2138.5545	13	1	0	1	1	0.9080	0.6990
44	1294	1	2140.1044	11	7	90	1	1	0.9080	0.6850
44	1295	1	2141.6543	10	15	0	1	1	0.9081	0.5100
44	1296	1	2143.2042	9	8	0	1	1	0.9082	0.5453
44	1297	1	2144.7542	8	6	0	1	1	0.9082	0.6915
44	1298	1	2146.3041	7	10	90	0	1	0.9076	0.5975
44	1299	1	2147.8540	8	6	0	1	1	0.9076	0.6475
44	1300	1	2149.4039	7	10	0	1	1	0.9077	0.5046
44	1301	1	2150.9538	5	11	0	1	1	0.9078	0.6665
44	1302	1	2152.5037	4	14	90	1	1	0.9078	0.7978
44	1303	1	2154.0537	6	5	90	1	1	0.9079	0.7517
44	1304	1	2155.6036	4	14	0	1	1	0.9080	0.8499
44	1305	1	2157.1535	6	5	0	1	1	0.9080	0.5630
44	1306	1	2158.7034	4	14	0	0	1	0.9074	0.5811
44	1307	1	2160.2534	7	10	0	1	1	0.9074	0.1521
44	1308	1	2161.8033	6	5	0	1	1	0.9075	0.0168
44	1309	1	2163.3532	8	6	0	1	1	0.9076	0.0168
44	1310	1	2164.9031	9	8	0	1	1	0.9076	0.4781
44	1311	1	2166.4530	8	6	0	1	1	0.9077	0.5285
44	1312	1	2168.0030	7	10	0	1	1	0.9078	0.5135
44	1313	1	2169.5529	6	5	0	1	1	0.9078	0.5007
44	1314	1	2171.1028	7	10	0	1	1	0.9079	0.5028
44	1315	1	2172.6527	4	14	0	1	1	0.9080	1.1932
44	1316	1	2174.2026	3	13	0	1	1	0.9081	0.7789
44	1317	1	2175.7525	2	3	90	1	1	0.9081	0.7326
44	1318	1	2177.3024	3	13	0	1	1	0.9082	0.6860
44	1319	1	2178.8524	2	3	90	1	1	0.9083	0.6725
44	1320	1	2180.4023	14	4	0	1	1	0.9083	0.5477
44	1321	1	2181.9522	1	9	0	1	1	0.9084	0.5650
44	1322	1	2183.5021	3	13	0	1	1	0.9085	0.6634
44	1323	1	2185.0520	15	2	0	1	1	0.9085	0.6496
44	1324	1	2186.6020	3	13	0	1	1	0.9086	0.4425
44	1325	1	2188.1519	4	14	0	1	1	0.9087	0.6217
44	1326	1	2189.7018	6	5	90	1	1	0.9087	0.6396
44	1327	1	2191.2517	5	11	0	1	1	0.9088	0.6726
44	1328	1	2192.8016	7	10	0	1	1	0.9089	0.5157
44	1329	1	2194.3515	4	14	0	1	1	0.9090	0.6140
44	1330	1	2195.9015	3	13	0	1	1	0.9090	0.6321
44	1331	1	2197.4514	4	14	0	1	1	0.9091	0.5381
44	1332	1	2199.0013	5	11	90	1	1	0.9092	0.8282
44	1333	1	2200.5512	6	5	0	1	1	0.9092	0.6381
44	1334	1	2202.1011	5	11	0	1	1	0.9093	0.7672
44	1335	1	2203.6510	8	6	0	1	1	0.9094	0.7066
44	1336	1	2205.2010	5	11	0	1	1	0.9094	0.5004
44	1337	1	2206.7509	4	14	0	1	1	0.9095	0.5334
44	1338	1	2208.3008	6	5	0	1	1	0.9096	0.5688
44	1339	1	2209.8507	5	11	90	1	1	0.9096	0.9068
44	1340	1	2211.4006	7	10	0	1	1	0.9097	0.5250
44	1341	1	2212.9506	4	14	0	1	1	0.9098	0.5910
44	1342	1	2214.5005	3	13	90	1	1	0.9098	0.7853
44	1343	1	2216.0504	2	3	0	1	1	0.9099	0.5940
44	1344	1	2217.6003	14	4	0	1	1	0.9100	0.5801
44	1345	1	2219.1502	15	2	90	1	1	0.9100	0.7594
44	1346	1	2220.7002	1	9	0	1	1	0.9101	0.6491
44	1347	1	2222.2501	3	13	0	1	1	0.9102	0.6514
44	1348	1	2223.8000	4	14	0	1	1	0.9102	0.5726
44	1349	1	2225.3499	7	10	90	1	1	0.9103	0.7034
44	1350	1	2226.8998	8	6	0	1	1	0.9104	0.6885
44	1351	1	2228.4497	6	5	90	1	1	0.9104	0.6586
44	1352	1	2229.9997	4	14	90	1	1	0.9105	1.2057
44	1353	1	2231.5496	7	10	0	1	1	0.9106	0.5840
44	1354	1	2233.0995	4	14	0	1	1	0.9106	0.6503
44	1355	1	2234.6494	3	13	0	1	1	0.9107	0.6841
44	1356	1	2236.1993	2	3	90	1	1	0.9108	0.6860
44	1357	1	2237.7493	3	13	0	1	1	0.9108	0.7841
44	1358	1	2239.2991	1	9	0	1	1	0.9109	0.6424
44	1359	1	2240.8491	14	4	0	1	1	0.9110	0.5484
44	1360	1	2242.3990	2	3	0	1	1	0.9110	0.5824
44	1361	1	2243.9489	14	4	0	1	1	0.9111	0.5515
44	1362	1	2245.4988	2	3	0	1	1	0.9112	0.5864
44	1363	1	2247.0488	15	2	90	0	1	0.9105	0.5567
44	1364	1	2248.5987	1	9	0	1	1	0.9106	0.5736
44	1365	1	2250.1486	3	13	0	1	1	0.9106	0.6238
44	1366	1	2251.6985	15	2	0	1	1	0.9107	1.0589
44	1367	1	2253.2484	1	9	0	1	1	0.9108	0.6132
44	1368	1	2254.7984	2	3	90	1	1	0.9108	0.6301
44	1369	1	2256.3483	1	9	0	1	1	0.9109	0.5691
44	1370	1	2257.8982	3	13	0	1	1	0.9109	1.1311
44	1371	1	2259.4481	15	2	0	1	1	0.9110	0.6202
44	1372	1	2260.9980	2	3	0	1	1	0.9111	0.6384
44	1373	1	2262.5480	14	4	0	1	1	0.9111	0.6091
44	1374	1	2264.0979	1	9	0	1	1	0.9112	0.5156
44	1375	1	2265.6478	14	4	90	1	1	0.9113	0.6614
44	1376	1	2267.1977	2	3	0	1	1	0.9113	0.5198
44	1377	1	2268.7476	14	4	90	1	1	0.9114	0.6169
44	1378	1	2270.2975	15	2	0	1	1	0.9115	0.6028
44	1379	1	2271.8475	3	13	0	1	1	0.9115	0.5897
44	1380	1	2273.3974	4	14	0	1	1	0.9116	0.6239
44	1381	1	2274.9473	5	11	0	1	1	0.9117	0.6090
44	1382	1	2276.4972	6	5	0	1	1	0.9117	0.6602
44	1383	1	2278.0471	4	14	0	1	1	0.9118	0.5344
44	1384	1	2279.5970	3	13	90	1	1	0.9118	0.7121
44	1385	1	2281.1470	4	14	0	1	1	0.9119	0.6185
44	1386	1	2282.6969	3	13	0	1	1	0.9120	0.7321
44	1387	1	2284.2468	1	9	0	1	1	0.9120	0.5266
44	1388	1	2285.7967	15	2	0	1	1	0.9121	0.6396
44	1389	1	2287.3466	2	3	90	1	1	0.9122	0.6097
44	1390	1	2288.8966	3	13	0	1	1	0.9122	0.5969
44	1391	1	2290.4465	1	9	0	1	1	0.9123	0.5831
44	1392	1	2291.9964	3	13	0	1	1	0.9124	0.5679
44	1393	1	2293.5463	1	9	0	1	1	0.9124	0.5382
44	1394	1	2295.0962	3	13	0	1	1	0.9125	0.4291
44	1395	1	2296.6461	1	9	90	1	1	0.9125	0.8952
44	1396	1	2298.1961	3	13	0	-1	0	0.9119	-1.0000
44	1397	1	2300.2293	4	14	0	1	1	0.9120	0.9921
44	1398	1	2301.7792	7	10	0	1	1	0.9120	0.6736
44	1399	1	2303.3291	6	5	0	1	1	0.9121	0.8523
44	1400	1	2304.8790	5	11	0	1	1	0.9121	0.6304
44	1	2	1.0166	11	7	0	-1	0	NaN	-1.0000
44	2	2	2.5499	13	1	0	-1	0	NaN	-1.0000
44	3	2	4.0831	11	7	0	-1	0	NaN	-1.0000
44	4	2	5.6164	13	1	0	-1	0	NaN	-1.0000
44	5	2	7.1496	12	12	0	-1	0	NaN	-1.0000
44	6	2	8.6829	10	15	0	-1	0	NaN	-1.0000
44	7	2	10.2161	11	7	0	-1	0	NaN	-1.0000
44	8	2	11.7494	13	1	0	-1	0	NaN	-1.0000
44	9	2	13.2826	11	7	0	-1	0	NaN	-1.0000
44	10	2	14.8159	13	1	0	-1	0	NaN	-1.0000
44	11	2	16.3491	14	4	0	-1	0	NaN	-1.0000
44	12	2	17.8824	2	3	0	-1	0	NaN	-1.0000
44	13	2	19.4156	3	13	0	-1	0	NaN	-1.0000
44	14	2	20.9489	2	3	0	-1	0	NaN	-1.0000
44	15	2	22.4822	14	4	0	-1	1	0.0000	1.1070
44	16	2	24.0154	15	2	0	-1	0	0.0000	-1.0000
44	17	2	25.5487	1	9	0	-1	1	0.0000	1.1447
44	18	2	27.0819	2	3	0	-1	0	0.0000	-1.0000
44	19	2	28.6152	3	13	0	-1	0	0.0000	-1.0000
44	20	2	30.1484	4	14	0	-1	1	0.3333	0.7530
44	21	2	31.6817	5	11	0	-1	1	0.2500	0.8840
44	22	2	33.2149	6	5	0	-1	1	0.2000	0.9187
44	23	2	34.7482	7	10	0	-1	1	0.1667	0.8414
44	24	2	36.2814	8	6	0	-1	1	0.1429	0.8441
44	25	2	37.8147	9	8	0	-1	1	0.2500	0.7187
44	26	2	39.3479	10	15	0	-1	0	0.2500	-1.0000
44	27	2	40.8812	11	7	0	-1	0	0.2500	-1.0000
44	28	2	42.4144	12	12	0	-1	0	0.2500	-1.0000
44	29	2	43.9477	13	1	0	-1	0	0.2500	-1.0000
44	30	2	45.4809	14	4	0	-1	0	0.2500	-1.0000
44	31	2	47.0142	15	2	0	-1	0	0.2500	-1.0000
44	32	2	48.5474	14	4	0	-1	0	0.2500	-1.0000
44	33	2	50.0807	13	1	0	-1	0	0.2500	-1.0000
44	34	2	51.6140	11	7	0	-1	0	0.2500	-1.0000
44	35	2	53.1472	9	8	0	-1	0	0.2500	-1.0000
44	36	2	54.6805	12	12	0	-1	0	0.2500	-1.0000
44	37	2	56.2137	10	15	0	-1	0	0.2500	-1.0000
44	38	2	57.7470	11	7	0	-1	0	0.2500	-1.0000
44	39	2	59.2802	10	15	0	-1	0	0.2500	-1.0000
44	40	2	60.8135	13	1	0	-1	0	0.2500	-1.0000
44	41	2	62.3467	10	15	0	-1	0	0.2500	-1.0000
44	42	2	63.8800	13	1	0	-1	0	0.2500	-1.0000
44	43	2	65.4132	12	12	0	-1	0	0.2500	-1.0000
44	44	2	66.9465	10	15	0	-1	0	0.2500	-1.0000
44	45	2	68.4797	11	7	0	-1	0	0.2500	-1.0000
44	46	2	70.0130	12	12	0	-1	0	0.2500	-1.0000
44	47	2	71.5462	13	1	0	-1	0	0.2500	-1.0000
44	48	2	73.0795	14	4	0	-1	0	0.2500	-1.0000
44	49	2	74.6127	15	2	0	-1	0	0.2500	-1.0000
44	50	2	76.1460	1	9	0	-1	0	0.2500	-1.0000
44	51	2	77.6792	2	3	0	-1	0	0.2500	-1.0000
44	52	2	79.2125	3	13	0	-1	0	0.2500	-1.0000
44	53	2	80.7458	4	14	0	-1	0	0.2500	-1.0000
44	54	2	82.2790	5	11	0	-1	0	0.2500	-1.0000
44	55	2	83.8123	6	5	0	-1	0	0.2500	-1.0000
44	56	2	85.3455	7	10	0	-1	1	0.2222	1.1879
44	57	2	86.8788	8	6	0	-1	0	0.2222	-1.0000
44	58	2	88.4120	9	8	0	-1	0	0.2222	-1.0000
44	59	2	89.9453	10	15	0	-1	0	0.2222	-1.0000
44	60	2	91.4785	11	7	0	-1	0	0.2222	-1.0000
44	61	2	93.0118	9	8	0	-1	0	0.2222	-1.0000
44	62	2	94.5450	12	12	0	-1	0	0.2222	-1.0000
44	63	2	96.0783	10	15	0	-1	0	0.2222	-1.0000
44	64	2	97.6115	13	1	0	-1	0	0.2222	-1.0000
44	65	2	99.1448	11	7	0	-1	0	0.2222	-1.0000
44	66	2	100.6780	10	15	0	-1	0	0.2222	-1.0000
44	67	2	102.2113	12	12	0	-1	0	0.2222	-1.0000
44	68	2	103.7445	10	15	0	-1	0	0.2222	-1.0000
44	69	2	105.2778	9	8	0	-1	0	0.2222	-1.0000
44	70	2	106.8110	12	12	0	-1	0	0.2222	-1.0000
44	71	2	108.3443	13	1	0	-1	0	0.2222	-1.0000
44	72	2	109.8776	14	4	0	-1	0	0.2222	-1.0000
44	73	2	111.4108	1	9	0	-1	1	0.2000	0.9306
44	74	2	112.9441	15	2	0	-1	0	0.2000	-1.0000
44	75	2	114.4773	1	9	0	-1	0	0.2000	-1.0000
44	76	2	116.0106	2	3	0	-1	0	0.2000	-1.0000
44	77	2	117.5438	3	13	0	-1	0	0.2000	-1.0000
44	78	2	119.0771	4	14	0	-1	1	0.2727	0.8323
44	79	2	120.6103	5	11	0	-1	0	0.2727	-1.0000
44	80	2	122.1436	6	5	0	-1	0	0.2727	-1.0000
44	81	2	123.6768	7	10	0	-1	0	0.2727	-1.0000
44	82	2	125.2101	8	6	0	-1	0	0.2727	-1.0000
44	83	2	126.7433	9	8	0	-1	0	0.2727	-1.0000
44	84	2	128.2766	10	15	0	-1	0	0.2727	-1.0000
44	85	2	129.8098	11	7	0	-1	0	0.2727	-1.0000
44	86	2	131.3431	12	12	0	-1	0	0.2727	-1.0000
44	87	2	132.8763	13	1	0	-1	1	0.2500	1.3212
44	88	2	134.4096	14	4	0	-1	1	0.3077	0.0168
44	89	2	135.9428	15	2	0	-1	0	0.3077	-1.0000
44	90	2	137.4761	1	9	0	-1	1	0.2857	0.9616
44	91	2	139.0093	14	4	0	-1	0	0.2857	-1.0000
44	92	2	140.5426	2	3	0	-1	0	0.2857	-1.0000
44	93	2	142.0759	14	4	0	-1	0	0.2857	-1.0000
44	94	2	143.6091	13	1	0	-1	1	0.3333	0.9565
44	95	2	145.1424	11	7	0	-1	0	0.3333	-1.0000
44	96	2	146.6756	13	1	0	-1	0	0.3333	-1.0000
44	97	2	148.2089	12	12	0	-1	0	0.3333	-1.0000
44	98	2	149.7421	11	7	0	-1	0	0.3333	-1.0000
44	99	2	151.2754	9	8	0	-1	0	0.3333	-1.0000
44	100	2	152.8086	12	12	0	-1	1	0.3125	0.6686
44	101	2	154.3419	13	1	0	-1	0	0.3125	-1.0000
44	102	2	155.8751	12	12	0	-1	0	0.3125	-1.0000
44	103	2	157.4084	13	1	0	-1	0	0.3125	-1.0000
44	104	2	158.9416	11	7	0	-1	0	0.3125	-1.0000
44	105	2	160.4749	10	15	0	-1	1	0.2941	0.7149
44	106	2	162.0081	9	8	0	-1	0	0.2941	-1.0000
44	107	2	163.5414	8	6	0	-1	0	0.2941	-1.0000
44	108	2	165.0746	7	10	0	-1	0	0.2941	-1.0000
44	109	2	166.6079	6	5	0	-1	0	0.2941	-1.0000
44	110	2	168.1411	5	11	0	-1	0	0.2941	-1.0000
44	111	2	169.6744	4	14	0	-1	0	0.2941	-1.0000
44	112	2	171.2076	3	13	0	-1	0	0.2941	-1.0000
44	113	2	172.7409	2	3	0	-1	0	0.2941	-1.0000
44	114	2	174.2741	1	9	0	-1	1	0.2778	1.0911
44	115	2	175.8074	15	2	0	-1	0	0.2778	-1.0000
44	116	2	177.3406	14	4	0	-1	0	0.2778	-1.0000
44	117	2	178.8739	13	1	0	-1	0	0.2778	-1.0000
44	118	2	180.4072	12	12	0	-1	0	0.2778	-1.0000
44	119	2	181.9405	11	7	0	-1	0	0.2778	-1.0000
44	120	2	183.4737	10	15	0	-1	0	0.2778	-1.0000
44	121	2	185.0069	12	12	0	-1	0	0.2778	-1.0000
44	122	2	186.5402	9	8	0	-1	0	0.2778	-1.0000
44	123	2	188.0734	8	6	0	-1	1	0.3158	0.8760
44	124	2	189.6067	9	8	0	-1	0	0.3158	-1.0000
44	125	2	191.1399	8	6	0	-1	1	0.3500	1.4095
44	126	2	192.6732	9	8	0	-1	1	0.3810	0.0168
44	127	2	194.2064	8	6	0	-1	1	0.4091	0.1834
44	128	2	195.7397	5	11	0	-1	0	0.4091	-1.0000
44	129	2	197.2729	8	6	0	-1	0	0.4091	-1.0000
44	130	2	198.8062	5	11	0	-1	0	0.4091	-1.0000
44	131	2	200.3394	7	10	0	-1	1	0.3913	0.6422
44	132	2	201.8727	6	5	0	-1	0	0.3913	-1.0000
44	133	2	203.4059	5	11	0	-1	0	0.3913	-1.0000
44	134	2	204.9392	6	5	0	-1	0	0.3913	-1.0000
44	135	2	206.4724	5	11	0	-1	0	0.3913	-1.0000
44	136	2	208.0057	4	14	0	-1	0	0.3913	-1.0000
44	137	2	209.5390	3	13	0	-1	0	0.3913	-1.0000
44	138	2	211.0722	2	3	0	-1	0	0.3913	-1.0000
44	139	2	212.6055	1	9	0	-1	1	0.3750	0.8723
44	140	2	214.1387	15	2	0	-1	0	0.3750	-1.0000
44	141	2	215.6720	14	4	0	-1	0	0.3750	-1.0000
44	142	2	217.2052	13	1	0	-1	0	0.3750	-1.0000
44	143	2	218.7385	12	12	0	-1	0	0.3750	-1.0000
44	144	2	220.2717	11	7	0	-1	0	0.3750	-1.0000
44	145	2	221.8050	10	15	0	-1	0	0.3750	-1.0000
44	146	2	223.3382	9	8	0	-1	0	0.3750	-1.0000
44	147	2	224.8715	8	6	0	-1	0	0.3750	-1.0000
44	148	2	226.4047	7	10	0	-1	0	0.3750	-1.0000
44	149	2	227.9380	6	5	0	-1	0	0.3750	-1.0000
44	150	2	229.4712	5	11	0	-1	0	0.3750	-1.0000
44	151	2	231.0045	4	14	0	-1	0	0.3750	-1.0000
44	152	2	232.5377	6	5	0	-1	1	0.3600	0.8603
44	153	2	234.0710	4	14	0	-1	0	0.3600	-1.0000
44	154	2	235.6042	7	10	0	-1	1	0.3462	0.6893
44	155	2	237.1375	8	6	0	-1	1	0.3333	0.6430
44	156	2	238.6707	5	11	0	-1	0	0.3333	-1.0000
44	157	2	240.2040	7	10	0	-1	1	0.3214	0.5695
44	158	2	241.7372	8	6	0	-1	1	0.3103	0.6684
44	159	2	243.2705	9	8	0	-1	1	0.3333	0.6230
44	160	2	244.8038	8	6	0	-1	1	0.3548	0.5776
44	161	2	246.3370	5	11	0	-1	0	0.3548	-1.0000
44	162	2	247.8703	7	10	0	-1	1	0.3438	0.6312
44	163	2	249.4035	8	6	0	-1	1	0.3333	0.8902
44	164	2	250.9368	6	5	0	-1	1	0.3235	0.6049
44	165	2	252.4700	7	10	0	-1	1	0.3143	0.5434
44	166	2	254.0033	6	5	0	-1	1	0.3056	0.6583
44	167	2	255.5365	5	11	0	-1	0	0.3056	-1.0000
44	168	2	257.0698	4	14	0	-1	0	0.3056	-1.0000
44	169	2	258.6030	3	13	0	-1	0	0.3056	-1.0000
44	170	2	260.1363	2	3	0	-1	1	0.2973	0.6846
44	171	2	261.6695	1	9	0	-1	1	0.2895	0.7041
44	172	2	263.2028	15	2	0	-1	1	0.2821	0.9948
44	173	2	264.7360	14	4	0	-1	0	0.2821	-1.0000
44	174	2	266.2693	13	1	0	-1	1	0.3000	1.0962
44	175	2	267.8025	12	12	0	-1	1	0.2927	0.7629
44	176	2	269.3358	11	7	0	-1	0	0.2927	-1.0000
44	177	2	270.8690	10	15	0	-1	0	0.2927	-1.0000
44	178	2	272.4023	9	8	0	-1	1	0.2857	0.8672
44	179	2	273.9355	8	6	0	-1	1	0.3023	0.6781
44	180	2	275.4688	7	10	0	-1	1	0.2955	0.8728
44	181	2	277.0021	8	6	0	-1	1	0.2889	0.7633
44	182	2	278.5353	5	11	0	-1	0	0.2889	-1.0000
44	183	2	280.0686	7	10	0	-1	1	0.2826	0.6887
44	184	2	281.6018	8	6	0	-1	1	0.2766	0.7238
44	185	2	283.1351	9	8	0	-1	0	0.2766	-1.0000
44	186	2	284.6683	8	6	0	-1	1	0.2917	0.6811
44	187	2	286.2016	9	8	0	-1	1	0.3061	0.6678
44	188	2	287.7348	8	6	0	-1	0	0.3061	-1.0000
44	189	2	289.2681	7	10	0	-1	0	0.3061	-1.0000
44	190	2	290.8013	6	5	0	-1	1	0.3000	0.6922
44	191	2	292.3346	8	6	0	-1	1	0.2941	0.7429
44	192	2	293.8678	6	5	0	-1	1	0.2885	0.7135
44	193	2	295.4011	4	14	0	-1	1	0.2830	0.7008
44	194	2	296.9343	7	10	0	-1	1	0.2778	0.6711
44	195	2	298.4676	5	11	0	-1	0	0.2778	-1.0000
44	196	2	300.0008	4	14	0	-1	1	0.2727	0.8845
44	197	2	301.5341	3	13	0	-1	1	0.2857	1.0313
44	198	2	303.0673	2	3	0	-1	1	0.2807	0.8100
44	199	2	304.6006	1	9	0	-1	1	0.2759	0.8449
44	200	2	306.1338	15	2	0	-1	1	0.2712	1.0718
44	201	2	307.6671	14	4	0	-1	1	0.2667	0.8184
44	202	2	309.2003	13	1	0	-1	0	0.2667	-1.0000
44	203	2	310.7336	12	12	0	-1	1	0.2623	0.6959
44	204	2	312.2668	11	7	0	-1	1	0.2581	1.1308
44	205	2	313.8001	10	15	0	-1	0	0.2581	-1.0000
44	206	2	315.3334	9	8	0	-1	1	0.2540	0.7520
44	207	2	316.8666	8	6	0	-1	1	0.2656	0.8668
44	208	2	318.3999	7	10	0	-1	1	0.2615	0.7257
44	209	2	319.9331	6	5	0	-1	0	0.2615	-1.0000
44	210	2	321.4664	5	11	0	-1	0	0.2615	-1.0000
44	211	2	322.9996	4	14	0	-1	1	0.2576	0.7980
44	212	2	324.5329	3	13	0	-1	0	0.2576	-1.0000
44	213	2	326.0661	1	9	0	-1	1	0.2537	0.8191
44	214	2	327.5994	15	2	0	-1	0	0.2537	-1.0000
44	215	2	329.1326	2	3	0	-1	0	0.2537	-1.0000
44	216	2	330.6659	15	2	0	-1	0	0.2537	-1.0000
44	217	2	332.1991	3	13	0	-1	0	0.2537	-1.0000
44	218	2	333.7324	4	14	0	-1	0	0.2537	-1.0000
44	219	2	335.2656	7	10	0	-1	1	0.2500	1.4119
44	220	2	336.7989	6	5	0	-1	0	0.2500	-1.0000
44	221	2	338.3321	4	14	0	-1	0	0.2500	-1.0000
44	222	2	339.8654	6	5	0	-1	0	0.2500	-1.0000
44	223	2	341.3986	5	11	0	-1	0	0.2500	-1.0000
44	224	2	342.9319	6	5	0	-1	0	0.2500	-1.0000
44	225	2	344.4651	4	14	0	-1	1	0.2464	0.5001
44	226	2	345.9984	3	13	0	-1	0	0.2464	-1.0000
44	227	2	347.5317	2	3	0	-1	0	0.2464	-1.0000
44	228	2	349.0649	1	9	0	-1	0	0.2464	-1.0000
44	229	2	350.5982	15	2	0	-1	0	0.2464	-1.0000
44	230	2	352.1314	14	4	0	-1	0	0.2464	-1.0000
44	231	2	353.6647	13	1	0	-1	0	0.2464	-1.0000
44	232	2	355.1979	12	12	0	-1	0	0.2464	-1.0000
44	233	2	356.7312	11	7	0	-1	1	0.2429	0.8424
44	234	2	358.2644	10	15	0	-1	0	0.2429	-1.0000
44	235	2	359.7977	9	8	0	-1	0	0.2429	-1.0000
44	236	2	361.3309	8	6	0	-1	1	0.2535	1.2830
44	237	2	362.8642	7	10	0	-1	0	0.2535	-1.0000
44	238	2	364.3974	6	5	0	-1	0	0.2535	-1.0000
44	239	2	365.9307	5	11	0	-1	0	0.2535	-1.0000
44	240	2	367.4639	4	14	0	-1	0	0.2535	-1.0000
44	241	2	368.9972	7	10	0	-1	0	0.2535	-1.0000
44	242	2	370.5304	4	14	0	-1	0	0.2535	-1.0000
44	243	2	372.0637	5	11	0	-1	0	0.2535	-1.0000
44	244	2	373.5969	8	6	0	-1	0	0.2535	-1.0000
44	245	2	375.1302	7	10	0	-1	0	0.2535	-1.0000
44	246	2	376.6635	8	6	0	-1	0	0.2535	-1.0000
44	247	2	378.1967	6	5	0	-1	0	0.2535	-1.0000
44	248	2	379.7300	4	14	0	-1	0	0.2535	-1.0000
44	249	2	381.2632	5	11	0	-1	0	0.2535	-1.0000
44	250	2	382.7965	4	14	0	-1	1	0.2500	1.3531
44	251	2	384.3297	7	10	0	-1	0	0.2500	-1.0000
44	252	2	385.8630	6	5	0	-1	0	0.2500	-1.0000
44	253	2	387.3962	5	11	0	-1	0	0.2500	-1.0000
44	254	2	388.9295	8	6	0	-1	0	0.2500	-1.0000
44	255	2	390.4627	5	11	0	-1	0	0.2500	-1.0000
44	256	2	391.9960	4	14	0	-1	0	0.2500	-1.0000
44	257	2	393.5292	3	13	0	-1	0	0.2500	-1.0000
44	258	2	395.0625	2	3	0	-1	0	0.2500	-1.0000
44	259	2	396.5957	1	9	0	-1	1	0.2466	0.3379
44	260	2	398.1290	15	2	0	-1	0	0.2466	-1.0000
44	261	2	399.6622	14	4	0	-1	0	0.2466	-1.0000
44	262	2	401.1955	13	1	0	-1	0	0.2466	-1.0000
44	263	2	402.7287	12	12	0	-1	0	0.2466	-1.0000
44	264	2	404.2620	11	7	0	-1	0	0.2466	-1.0000
44	265	2	405.7952	10	15	0	-1	0	0.2466	-1.0000
44	266	2	407.3285	9	8	0	-1	0	0.2466	-1.0000
44	267	2	408.8617	8	6	0	-1	0	0.2466	-1.0000
44	268	2	410.3950	7	10	0	-1	0	0.2466	-1.0000
44	269	2	411.9283	6	5	0	-1	0	0.2466	-1.0000
44	270	2	413.4615	5	11	0	-1	0	0.2466	-1.0000
44	271	2	414.9948	4	14	0	-1	0	0.2466	-1.0000
44	272	2	416.5280	6	5	0	-1	0	0.2466	-1.0000
44	273	2	418.0613	8	6	0	-1	0	0.2466	-1.0000
44	274	2	419.5945	6	5	0	-1	0	0.2466	-1.0000
44	275	2	421.1278	4	14	0	-1	0	0.2466	-1.0000
44	276	2	422.6610	7	10	0	-1	0	0.2466	-1.0000
44	277	2	424.1943	4	14	0	-1	0	0.2466	-1.0000
44	278	2	425.7275	5	11	0	-1	0	0.2466	-1.0000
44	279	2	427.2608	6	5	0	-1	0	0.2466	-1.0000
44	280	2	428.7940	4	14	0	-1	0	0.2466	-1.0000
44	281	2	430.3273	6	5	0	-1	0	0.2466	-1.0000
44	282	2	431.8605	5	11	0	-1	0	0.2466	-1.0000
44	283	2	433.3938	7	10	0	-1	0	0.2466	-1.0000
44	284	2	434.9270	5	11	0	-1	1	0.2432	1.1423
44	285	2	436.4603	6	5	0	-1	0	0.2432	-1.0000
44	286	2	437.9935	5	11	0	-1	0	0.2432	-1.0000
44	287	2	439.5268	4	14	0	-1	0	0.2432	-1.0000
44	288	2	441.0600	3	13	0	-1	0	0.2432	-1.0000
44	289	2	442.5933	2	3	0	-1	1	0.2400	0.7561
44	290	2	444.1266	1	9	0	-1	0	0.2400	-1.0000
44	291	2	445.6598	15	2	0	-1	0	0.2400	-1.0000
44	292	2	447.1931	14	4	0	-1	0	0.2400	-1.0000
44	293	2	448.7263	13	1	0	-1	0	0.2400	-1.0000
44	294	2	450.2596	12	12	0	-1	0	0.2400	-1.0000
44	295	2	451.7928	11	7	0	-1	0	0.2400	-1.0000
44	296	2	453.3261	10	15	0	-1	0	0.2400	-1.0000
44	297	2	454.8593	9	8	0	-1	0	0.2400	-1.0000
44	298	2	456.3926	8	6	0	-1	0	0.2400	-1.0000
44	299	2	457.9258	7	10	0	-1	0	0.2400	-1.0000
44	300	2	459.4591	6	5	0	-1	0	0.2400	-1.0000
44	301	2	460.9923	7	10	0	-1	0	0.2400	-1.0000
44	302	2	462.5256	8	6	0	-1	0	0.2400	-1.0000
44	303	2	464.0588	6	5	0	-1	0	0.2400	-1.0000
44	304	2	465.5921	5	11	0	-1	0	0.2400	-1.0000
44	305	2	467.1253	4	14	0	-1	0	0.2400	-1.0000
44	306	2	468.6586	7	10	0	-1	0	0.2400	-1.0000
44	307	2	470.1918	6	5	0	-1	0	0.2400	-1.0000
44	308	2	471.7251	7	10	0	-1	0	0.2400	-1.0000
44	309	2	473.2583	4	14	0	-1	0	0.2400	-1.0000
44	310	2	474.7916	7	10	0	-1	0	0.2400	-1.0000
44	311	2	476.3249	6	5	0	-1	0	0.2400	-1.0000
44	312	2	477.8581	4	14	0	-1	1	0.2368	1.0274
44	313	2	479.3913	7	10	0	-1	1	0.2338	0.5819
44	314	2	480.9246	6	5	0	-1	0	0.2338	-1.0000
44	315	2	482.4579	5	11	0	-1	0	0.2338	-1.0000
44	316	2	483.9911	6	5	0	-1	0	0.2338	-1.0000
44	317	2	485.5244	7	10	0	-1	0	0.2338	-1.0000
44	318	2	487.0576	8	6	0	-1	1	0.2308	0.8997
44	319	2	488.5909	9	8	0	-1	1	0.2405	0.5665
44	320	2	490.1241	10	15	0	-1	0	0.2405	-1.0000
44	321	2	491.6574	11	7	0	-1	0	0.2405	-1.0000
44	322	2	493.1906	12	12	0	-1	0	0.2405	-1.0000
44	323	2	494.7239	13	1	0	-1	0	0.2405	-1.0000
44	324	2	496.2571	14	4	0	-1	0	0.2405	-1.0000
44	325	2	497.7904	15	2	0	-1	0	0.2405	-1.0000
44	326	2	499.3236	1	9	0	-1	0	0.2405	-1.0000
44	327	2	500.8569	2	3	0	-1	1	0.2375	1.3403
44	328	2	502.3901	3	13	0	-1	1	0.2346	0.0168
44	329	2	503.9234	4	14	0	-1	0	0.2346	-1.0000
44	330	2	505.4566	5	11	0	-1	0	0.2346	-1.0000
44	331	2	506.9899	6	5	0	-1	0	0.2346	-1.0000
44	332	2	508.5232	8	6	0	-1	0	0.2346	-1.0000
44	333	2	510.0564	5	11	0	-1	0	0.2346	-1.0000
44	334	2	511.5896	7	10	0	-1	0	0.2346	-1.0000
44	335	2	513.1229	4	14	0	-1	0	0.2346	-1.0000
44	336	2	514.6562	7	10	0	-1	0	0.2346	-1.0000
44	337	2	516.1894	6	5	0	-1	0	0.2346	-1.0000
44	338	2	517.7227	4	14	0	-1	0	0.2346	-1.0000
44	339	2	519.2559	6	5	0	-1	0	0.2346	-1.0000
44	340	2	520.7892	8	6	0	-1	0	0.2346	-1.0000
44	341	2	522.3224	7	10	0	-1	0	0.2346	-1.0000
44	342	2	523.8557	4	14	0	-1	0	0.2346	-1.0000
44	343	2	525.3889	6	5	0	-1	0	0.2346	-1.0000
44	344	2	526.9222	7	10	0	-1	0	0.2346	-1.0000
44	345	2	528.4554	4	14	0	-1	0	0.2346	-1.0000
44	346	2	529.9887	5	11	0	-1	1	0.2317	0.8487
44	347	2	531.5219	6	5	0	-1	0	0.2317	-1.0000
44	348	2	533.0552	7	10	0	-1	0	0.2317	-1.0000
44	349	2	534.5884	8	6	0	-1	0	0.2317	-1.0000
44	350	2	536.1217	9	8	0	-1	1	0.2410	1.1956
44	351	2	537.6549	10	15	0	-1	1	0.2381	0.9584
44	352	2	539.1882	11	7	0	-1	0	0.2381	-1.0000
44	353	2	540.7214	12	12	0	-1	0	0.2381	-1.0000
44	354	2	542.2547	13	1	0	-1	0	0.2381	-1.0000
44	355	2	543.7880	14	4	0	-1	0	0.2381	-1.0000
44	356	2	545.3212	15	2	0	-1	0	0.2381	-1.0000
44	357	2	546.8545	1	9	0	-1	0	0.2381	-1.0000
44	358	2	548.3877	2	3	0	-1	0	0.2381	-1.0000
44	359	2	549.9210	3	13	0	-1	0	0.2381	-1.0000
44	360	2	551.4542	4	14	0	-1	0	0.2381	-1.0000
44	361	2	552.9875	5	11	0	-1	0	0.2381	-1.0000
44	362	2	554.5207	8	6	0	-1	0	0.2381	-1.0000
44	363	2	556.0539	5	11	0	-1	0	0.2381	-1.0000
44	364	2	557.5872	6	5	0	-1	0	0.2381	-1.0000
44	365	2	559.1205	7	10	0	-1	0	0.2381	-1.0000
44	366	2	560.6537	6	5	0	-1	0	0.2381	-1.0000
44	367	2	562.1870	7	10	0	-1	0	0.2381	-1.0000
44	368	2	563.7202	5	11	0	-1	0	0.2381	-1.0000
44	369	2	565.2535	7	10	0	-1	0	0.2381	-1.0000
44	370	2	566.7867	6	5	0	-1	0	0.2381	-1.0000
44	371	2	568.3200	5	11	0	-1	0	0.2381	-1.0000
44	372	2	569.8532	6	5	0	-1	0	0.2381	-1.0000
44	373	2	571.3865	5	11	0	-1	0	0.2381	-1.0000
44	374	2	572.9197	4	14	0	-1	0	0.2381	-1.0000
44	375	2	574.4530	3	13	0	-1	0	0.2381	-1.0000
44	376	2	575.9862	2	3	0	-1	0	0.2381	-1.0000
44	377	2	577.5195	1	9	0	-1	1	0.2353	0.0219
44	378	2	579.0527	15	2	0	-1	1	0.2326	0.7126
44	379	2	580.5860	14	4	0	-1	0	0.2326	-1.0000
44	380	2	582.1193	13	1	0	-1	0	0.2326	-1.0000
44	381	2	583.6525	12	12	0	-1	0	0.2326	-1.0000
44	382	2	585.1858	11	7	0	-1	0	0.2326	-1.0000
44	383	2	586.7190	10	15	0	-1	0	0.2326	-1.0000
44	384	2	588.2523	9	8	0	-1	0	0.2326	-1.0000
44	385	2	589.7855	8	6	0	-1	0	0.2326	-1.0000
44	386	2	591.3188	7	10	0	-1	0	0.2326	-1.0000
44	387	2	592.8520	6	5	0	-1	0	0.2326	-1.0000
44	388	2	594.3853	5	11	0	-1	0	0.2326	-1.0000
44	389	2	595.9185	4	14	0	-1	0	0.2326	-1.0000
44	390	2	597.4518	3	13	0	-1	0	0.2326	-1.0000
44	391	2	598.9850	4	14	0	-1	0	0.2326	-1.0000
44	392	2	600.5183	5	11	0	-1	0	0.2326	-1.0000
44	393	2	602.0515	6	5	0	-1	0	0.2326	-1.0000
44	394	2	603.5848	5	11	0	-1	0	0.2326	-1.0000
44	395	2	605.1180	4	14	0	-1	1	0.2299	0.9042
44	396	2	606.6513	3	13	0	-1	0	0.2299	-1.0000
44	397	2	608.1845	4	14	0	-1	0	0.2299	-1.0000
44	398	2	609.7178	5	11	0	-1	0	0.2299	-1.0000
44	399	2	611.2511	4	14	0	-1	1	0.2273	0.4664
44	400	2	612.7843	7	10	0	-1	0	0.2273	-1.0000
44	401	2	614.3176	4	14	0	-1	0	0.2273	-1.0000
44	402	2	615.8508	5	11	0	-1	0	0.2273	-1.0000
44	403	2	617.3840	8	6	0	-1	0	0.2273	-1.0000
44	404	2	618.9173	5	11	0	-1	0	0.2273	-1.0000
44	405	2	620.4506	7	10	0	-1	0	0.2273	-1.0000
44	406	2	621.9838	6	5	0	-1	0	0.2273	-1.0000
44	407	2	623.5171	5	11	0	-1	0	0.2273	-1.0000
44	408	2	625.0503	4	14	0	-1	0	0.2273	-1.0000
44	409	2	626.5836	3	13	0	-1	0	0.2273	-1.0000
44	410	2	628.1168	2	3	0	-1	1	0.2247	0.3363
44	411	2	629.6501	1	9	0	-1	0	0.2247	-1.0000
44	412	2	631.1833	15	2	0	-1	0	0.2247	-1.0000
44	413	2	632.7166	14	4	0	-1	0	0.2247	-1.0000
44	414	2	634.2498	13	1	0	-1	0	0.2247	-1.0000
44	415	2	635.7831	12	12	0	-1	1	0.2222	1.0220
44	416	2	637.3163	11	7	0	-1	0	0.2222	-1.0000
44	417	2	638.8496	10	15	0	-1	0	0.2222	-1.0000
44	418	2	640.3828	9	8	0	-1	0	0.2222	-1.0000
44	419	2	641.9161	8	6	0	-1	1	0.2308	1.0333
44	420	2	643.4493	7	10	0	-1	0	0.2308	-1.0000
44	421	2	644.9826	8	6	0	-1	0	0.2308	-1.0000
44	422	2	646.5158	7	10	0	-1	0	0.2308	-1.0000
44	423	2	648.0491	6	5	0	-1	0	0.2308	-1.0000
44	424	2	649.5824	7	10	0	-1	0	0.2308	-1.0000
44	425	2	651.1156	5	11	0	-1	0	0.2308	-1.0000
44	426	2	652.6489	6	5	0	-1	0	0.2308	-1.0000
44	427	2	654.1821	4	14	0	-1	0	0.2308	-1.0000
44	428	2	655.7154	5	11	0	-1	0	0.2308	-1.0000
44	429	2	657.2486	8	6	0	-1	0	0.2308	-1.0000
44	430	2	658.7819	6	5	0	-1	0	0.2308	-1.0000
44	431	2	660.3151	5	11	0	-1	0	0.2308	-1.0000
44	432	2	661.8484	4	14	0	-1	0	0.2308	-1.0000
44	433	2	663.3816	6	5	0	-1	0	0.2308	-1.0000
44	434	2	664.9149	4	14	0	-1	1	0.2283	1.4424
44	435	2	666.4481	3	13	0	-1	1	0.2366	0.0169
44	436	2	667.9814	2	3	0	-1	1	0.2340	0.8399
44	437	2	669.5146	1	9	0	-1	1	0.2316	1.3068
44	438	2	671.0479	15	2	0	-1	1	0.2292	0.0168
44	439	2	672.5811	14	4	0	-1	1	0.2268	0.7362
44	440	2	674.1144	13	1	0	-1	1	0.2347	1.2671
44	441	2	675.6476	12	12	0	-1	1	0.2323	1.1095
44	442	2	677.1809	11	7	0	-1	1	0.2300	1.1606
44	443	2	678.7141	10	15	0	-1	1	0.2277	0.6673
44	444	2	680.2474	9	8	0	-1	1	0.2255	1.0218
44	445	2	681.7806	8	6	0	-1	1	0.2330	0.7687
44	446	2	683.3139	7	10	0	-1	0	0.2330	-1.0000
44	447	2	684.8472	6	5	0	-1	0	0.2330	-1.0000
44	448	2	686.3804	5	11	0	-1	0	0.2330	-1.0000
44	449	2	687.9136	4	14	0	-1	0	0.2330	-1.0000
44	450	2	689.4469	3	13	0	-1	0	0.2330	-1.0000
44	451	2	690.9802	4	14	0	-1	0	0.2330	-1.0000
44	452	2	692.5134	5	11	0	-1	0	0.2330	-1.0000
44	453	2	694.0467	7	10	0	-1	0	0.2330	-1.0000
44	454	2	695.5799	5	11	0	-1	0	0.2330	-1.0000
44	455	2	697.1132	4	14	0	-1	0	0.2330	-1.0000
44	456	2	698.6464	5	11	0	-1	0	0.2330	-1.0000
44	457	2	700.1797	6	5	0	-1	0	0.2330	-1.0000
44	458	2	701.7129	7	10	0	-1	0	0.2330	-1.0000
44	459	2	703.2462	6	5	0	-1	0	0.2330	-1.0000
44	460	2	704.7794	4	14	0	-1	0	0.2330	-1.0000
44	461	2	706.3127	6	5	0	-1	0	0.2330	-1.0000
44	462	2	707.8459	8	6	0	-1	0	0.2330	-1.0000
44	463	2	709.3792	5	11	0	-1	0	0.2330	-1.0000
44	464	2	710.9124	6	5	0	-1	0	0.2330	-1.0000
44	465	2	712.4457	4	14	0	-1	0	0.2330	-1.0000
44	466	2	713.9789	5	11	0	-1	0	0.2330	-1.0000
44	467	2	715.5122	6	5	0	-1	0	0.2330	-1.0000
44	468	2	717.0454	7	10	0	-1	0	0.2330	-1.0000
44	469	2	718.5787	8	6	0	-1	0	0.2330	-1.0000
44	470	2	720.1119	9	8	0	-1	0	0.2330	-1.0000
44	471	2	721.6452	10	15	0	-1	0	0.2330	-1.0000
44	472	2	723.1785	11	7	0	-1	0	0.2330	-1.0000
44	473	2	724.7117	12	12	0	-1	0	0.2330	-1.0000
44	474	2	726.2450	13	1	0	-1	0	0.2330	-1.0000
44	475	2	727.7782	14	4	0	-1	0	0.2330	-1.0000
44	476	2	729.3115	15	2	0	-1	0	0.2330	-1.0000
44	477	2	730.8447	1	9	0	-1	0	0.2330	-1.0000
44	478	2	732.3780	2	3	0	-1	1	0.2308	0.6032
44	479	2	733.9112	3	13	0	-1	0	0.2308	-1.0000
44	480	2	735.4445	4	14	0	-1	0	0.2308	-1.0000
44	481	2	736.9777	3	13	0	-1	0	0.2308	-1.0000
44	482	2	738.5110	2	3	0	-1	1	0.2286	0.7264
44	483	2	740.0442	3	13	0	-1	0	0.2286	-1.0000
44	484	2	741.5775	1	9	0	-1	0	0.2286	-1.0000
44	485	2	743.1107	15	2	0	-1	0	0.2286	-1.0000
44	486	2	744.6440	2	3	0	-1	1	0.2264	0.4807
44	487	2	746.1772	15	2	0	-1	0	0.2264	-1.0000
44	488	2	747.7105	2	3	0	-1	1	0.2243	0.4228
44	489	2	749.2437	1	9	0	-1	0	0.2243	-1.0000
44	490	2	750.7770	3	13	0	-1	0	0.2243	-1.0000
44	491	2	752.3102	1	9	0	-1	0	0.2243	-1.0000
44	492	2	753.8435	2	3	0	-1	1	0.2222	0.7374
44	493	2	755.3767	14	4	0	-1	0	0.2222	-1.0000
44	494	2	756.9100	1	9	0	-1	0	0.2222	-1.0000
44	495	2	758.4432	2	3	0	-1	1	0.2202	1.2261
44	496	2	759.9765	1	9	0	-1	0	0.2202	-1.0000
44	497	2	761.5097	15	2	0	-1	0	0.2202	-1.0000
44	498	2	763.0430	14	4	0	-1	0	0.2202	-1.0000
44	499	2	764.5763	13	1	0	-1	0	0.2202	-1.0000
44	500	2	766.1095	12	12	0	-1	0	0.2202	-1.0000
44	501	2	767.6428	11	7	0	-1	0	0.2202	-1.0000
44	502	2	769.1760	10	15	0	-1	0	0.2202	-1.0000
44	503	2	770.7093	9	8	0	-1	0	0.2202	-1.0000
44	504	2	772.2425	8	6	0	-1	0	0.2202	-1.0000
44	505	2	773.7758	7	10	0	-1	0	0.2202	-1.0000
44	506	2	775.3090	6	5	0	-1	0	0.2202	-1.0000
44	507	2	776.8423	5	11	0	-1	0	0.2202	-1.0000
44	508	2	778.3755	4	14	0	-1	0	0.2202	-1.0000
44	509	2	779.9088	3	13	0	-1	0	0.2202	-1.0000
44	510	2	781.4420	2	3	0	-1	1	0.2182	1.3631
44	511	2	782.9753	1	9	0	-1	1	0.2162	0.0169
44	512	2	784.5085	2	3	0	-1	1	0.2143	1.2408
44	513	2	786.0418	15	2	0	-1	0	0.2143	-1.0000
44	514	2	787.5750	3	13	0	-1	0	0.2143	-1.0000
44	515	2	789.1083	4	14	0	-1	0	0.2143	-1.0000
44	516	2	790.6416	7	10	0	-1	0	0.2143	-1.0000
44	517	2	792.1748	8	6	0	-1	0	0.2143	-1.0000
44	518	2	793.7081	9	8	0	-1	0	0.2143	-1.0000
44	519	2	795.2413	8	6	0	-1	0	0.2143	-1.0000
44	520	2	796.7746	7	10	0	-1	0	0.2143	-1.0000
44	521	2	798.3078	8	6	0	-1	0	0.2143	-1.0000
44	522	2	799.8411	6	5	0	-1	0	0.2143	-1.0000
44	523	2	801.3743	8	6	0	-1	0	0.2143	-1.0000
44	524	2	802.9076	9	8	0	-1	0	0.2143	-1.0000
44	525	2	804.4408	12	12	0	-1	0	0.2143	-1.0000
44	526	2	805.9741	13	1	0	-1	0	0.2143	-1.0000
44	527	2	807.5073	14	4	0	-1	0	0.2143	-1.0000
44	528	2	809.0406	15	2	0	-1	0	0.2143	-1.0000
44	529	2	810.5738	1	9	0	-1	0	0.2143	-1.0000
44	530	2	812.1071	2	3	0	-1	1	0.2124	0.4101
44	531	2	813.6403	3	13	0	-1	0	0.2124	-1.0000
44	532	2	815.1736	4	14	0	-1	0	0.2124	-1.0000
44	533	2	816.7068	5	11	0	-1	0	0.2124	-1.0000
44	534	2	818.2401	6	5	0	-1	0	0.2124	-1.0000
44	535	2	819.7733	7	10	0	-1	0	0.2124	-1.0000
44	536	2	821.3066	8	6	0	-1	0	0.2124	-1.0000
44	537	2	822.8398	9	8	0	-1	0	0.2124	-1.0000
44	538	2	824.3731	10	15	0	-1	0	0.2124	-1.0000
44	539	2	825.9063	11	7	0	-1	0	0.2124	-1.0000
44	540	2	827.4396	12	12	0	-1	0	0.2124	-1.0000
44	541	2	828.9729	13	1	0	-1	0	0.2124	-1.0000
44	542	2	830.5061	10	15	0	-1	0	0.2124	-1.0000
44	543	2	832.0394	9	8	0	-1	0	0.2124	-1.0000
44	544	2	833.5726	11	7	0	-1	0	0.2124	-1.0000
44	545	2	835.1059	10	15	0	-1	0	0.2124	-1.0000
44	546	2	836.6391	9	8	0	-1	0	0.2124	-1.0000
44	547	2	838.1724	10	15	0	-1	0	0.2124	-1.0000
44	548	2	839.7056	11	7	0	-1	0	0.2124	-1.0000
44	549	2	841.2389	9	8	0	-1	1	0.2105	0.5904
44	550	2	842.7721	8	6	0	-1	1	0.2174	1.2652
44	551	2	844.3054	6	5	0	-1	1	0.2155	0.9478
44	552	2	845.8386	8	6	0	-1	1	0.2137	0.5505
44	553	2	847.3719	5	11	0	-1	1	0.2119	0.7934
44	554	2	848.9051	6	5	0	-1	0	0.2119	-1.0000
44	555	2	850.4384	5	11	0	-1	1	0.2101	0.6868
44	556	2	851.9716	4	14	0	-1	1	0.2083	1.1694
44	557	2	853.5049	3	13	0	-1	1	0.2149	0.8033
44	558	2	855.0381	2	3	0	-1	1	0.2131	0.9512
44	559	2	856.5714	1	9	0	-1	0	0.2131	-1.0000
44	560	2	858.1046	15	2	0	-1	0	0.2131	-1.0000
44	561	2	859.6379	14	4	0	-1	0	0.2131	-1.0000
44	562	2	861.1712	13	1	0	-1	0	0.2131	-1.0000
44	563	2	862.7044	12	12	0	-1	0	0.2131	-1.0000
44	564	2	864.2377	11	7	0	-1	0	0.2131	-1.0000
44	565	2	865.7709	10	15	0	-1	1	0.2114	1.1300
44	566	2	867.3042	9	8	0	-1	1	0.2097	0.6370
44	567	2	868.8374	8	6	0	-1	1	0.2160	0.6875
44	568	2	870.3707	7	10	0	-1	1	0.2143	0.6745
44	569	2	871.9039	6	5	0	-1	1	0.2126	0.8854
44	570	2	873.4372	5	11	0	-1	0	0.2126	-1.0000
44	571	2	874.9704	7	10	0	-1	0	0.2126	-1.0000
44	572	2	876.5037	8	6	0	-1	0	0.2126	-1.0000
44	573	2	878.0369	6	5	0	-1	0	0.2126	-1.0000
44	574	2	879.5702	7	10	0	-1	0	0.2126	-1.0000
44	575	2	881.1034	5	11	0	-1	0	0.2126	-1.0000
44	576	2	882.6367	4	14	0	-1	0	0.2126	-1.0000
44	577	2	884.1699	7	10	0	-1	0	0.2126	-1.0000
44	578	2	885.7032	6	5	0	-1	0	0.2126	-1.0000
44	579	2	887.2364	5	11	0	-1	0	0.2126	-1.0000
44	580	2	888.7697	6	5	0	-1	0	0.2126	-1.0000
44	581	2	890.3029	8	6	0	-1	0	0.2126	-1.0000
44	582	2	891.8362	6	5	0	-1	0	0.2126	-1.0000
44	583	2	893.3694	4	14	0	-1	1	0.2109	0.7316
44	584	2	894.9027	7	10	0	-1	0	0.2109	-1.0000
44	585	2	896.4359	5	11	0	-1	0	0.2109	-1.0000
44	586	2	897.9692	6	5	0	-1	0	0.2109	-1.0000
44	587	2	899.5025	7	10	0	-1	0	0.2109	-1.0000
44	588	2	901.0357	8	6	0	-1	0	0.2109	-1.0000
44	589	2	902.5690	9	8	0	-1	0	0.2109	-1.0000
44	590	2	904.1022	10	15	0	-1	0	0.2109	-1.0000
44	591	2	905.6355	11	7	0	-1	0	0.2109	-1.0000
44	592	2	907.1687	12	12	0	-1	0	0.2109	-1.0000
44	593	2	908.7020	13	1	0	-1	0	0.2109	-1.0000
44	594	2	910.2352	14	4	0	-1	1	0.2171	0.7460
44	595	2	911.7685	15	2	0	-1	0	0.2171	-1.0000
44	596	2	913.3017	1	9	0	-1	1	0.2154	0.9111
44	597	2	914.8350	2	3	0	-1	1	0.2137	0.7062
44	598	2	916.3682	3	13	0	-1	0	0.2137	-1.0000
44	599	2	917.9015	4	14	0	-1	0	0.2137	-1.0000
44	600	2	919.4347	5	11	0	-1	0	0.2137	-1.0000
Actual parsing ratio
0.2137
Possible node parses
89.0000
 Node parses selected
0.3146
Possible other parses
511.0000
Other parses selected
0.2016
Chance parsing ratio
0.1483
Shock trials
187
390
524
955
1272