*********************************************
* Date/Time: 22-Jan-2021 10:13:14
* Seed: 207628.9
* Subject Number: 077
1	14	10	6	2	5	9	8	11	3	12	15	7	13	4	
*********************************************

Shape exposure time (seconds)
63.9884
subject	trial	phase	onset	node	shape	rotate	acc	resp	total	rt
77	1	1	1.0167	6	5	90	1	1	1.0000	1.1045
77	2	1	2.5833	7	9	0	1	1	1.0000	1.0425
77	3	1	4.1333	5	2	0	1	1	1.0000	0.8525
77	4	1	5.6834	4	6	0	1	1	1.0000	1.0459
77	5	1	7.2333	3	10	0	1	1	1.0000	0.8720
77	6	1	8.7833	1	1	0	0	1	0.8333	1.4660
77	7	1	10.6666	15	4	0	1	1	0.8571	1.2146
77	8	1	12.2166	1	1	90	0	1	0.7500	1.2325
77	9	1	13.7666	3	10	90	0	1	0.6667	1.3142
77	10	1	15.3166	15	4	0	1	1	0.7000	0.9647
77	11	1	16.8666	14	13	0	0	1	0.6364	0.9343
77	12	1	18.4165	2	14	0	1	1	0.6667	0.9849
77	13	1	19.9666	14	13	0	1	1	0.6923	1.0826
77	14	1	21.5165	2	14	90	1	1	0.7143	1.0687
77	15	1	23.0665	14	13	0	1	1	0.7333	0.9585
77	16	1	24.6165	1	1	90	1	1	0.7500	0.9767
77	17	1	26.1665	3	10	90	-1	0	0.7059	-1.0000
77	18	1	27.9665	15	4	0	1	1	0.7222	1.1143
77	19	1	29.5165	3	10	0	1	1	0.7368	1.0526
77	20	1	31.0665	15	4	0	1	1	0.7500	1.1503
77	21	1	32.6165	1	1	0	0	1	0.7143	1.3923
77	22	1	34.2498	14	13	0	1	1	0.7273	1.1830
77	23	1	35.7998	2	14	0	1	1	0.7391	1.2333
77	24	1	37.3499	1	1	0	1	1	0.7500	0.8990
77	25	1	38.8998	3	10	0	1	1	0.7600	1.0934
77	26	1	40.4498	2	14	90	0	1	0.7308	1.3033
77	27	1	41.9998	15	4	90	0	1	0.7037	1.0176
77	28	1	43.5498	1	1	0	1	1	0.7143	0.8114
77	29	1	45.0997	14	13	90	-1	0	0.6897	-1.0000
77	30	1	46.8331	15	4	0	1	1	0.7000	1.2238
77	31	1	48.3831	2	14	0	1	1	0.7097	0.8103
77	32	1	49.9330	3	10	0	1	1	0.7188	1.3243
77	33	1	51.4830	2	14	0	1	1	0.7273	0.7022
77	34	1	53.0330	3	10	0	1	1	0.7353	0.8644
77	35	1	54.5830	2	14	0	1	1	0.7429	0.5778
77	36	1	56.1331	1	1	90	1	1	0.7500	1.1399
77	37	1	57.6830	3	10	90	1	1	0.7568	1.2221
77	38	1	59.2330	2	14	0	1	1	0.7632	0.7120
77	39	1	60.7830	14	13	90	-1	0	0.7436	-1.0000
77	40	1	62.5163	13	7	0	0	1	0.7250	1.3325
77	41	1	64.0830	10	3	0	-1	0	0.7073	-1.0000
77	42	1	65.8164	9	11	0	1	1	0.7143	0.1290
77	43	1	67.3663	8	8	0	0	1	0.6977	0.8186
77	44	1	68.9163	7	9	0	1	1	0.7045	0.6769
77	45	1	70.4663	8	8	90	1	1	0.7111	0.9188
77	46	1	72.0163	6	5	0	0	1	0.6957	1.0325
77	47	1	73.5663	5	2	0	1	1	0.7021	0.9867
77	48	1	75.1163	8	8	90	1	1	0.7083	1.4848
77	49	1	76.7163	6	5	0	0	1	0.6939	1.0211
77	50	1	78.2663	5	2	0	1	1	0.7000	1.0388
77	51	1	79.8163	7	9	0	1	1	0.7059	0.6411
77	52	1	81.3662	8	8	0	1	1	0.7115	0.7867
77	53	1	82.9163	7	9	0	1	1	0.7170	0.6289
77	54	1	84.4662	5	2	90	1	1	0.7222	0.8386
77	55	1	86.0162	4	6	0	0	1	0.7091	0.7928
77	56	1	87.5662	6	5	90	1	1	0.7143	1.0190
77	57	1	89.1163	7	9	0	1	1	0.7193	0.7969
77	58	1	90.6662	4	6	0	0	1	0.7069	1.1028
77	59	1	92.2162	7	9	0	1	1	0.7119	0.6086
77	60	1	93.7662	6	5	0	0	1	0.7000	0.8830
77	61	1	95.3162	8	8	0	1	1	0.7049	0.6606
77	62	1	96.8662	7	9	0	1	1	0.7097	0.7110
77	63	1	98.4161	8	8	0	1	1	0.7143	0.8090
77	64	1	99.9661	7	9	0	1	1	0.7188	0.6828
77	65	1	101.5162	6	5	0	1	1	0.7231	0.9886
77	66	1	103.0662	5	2	0	1	1	0.7273	0.8147
77	67	1	104.6161	7	9	0	1	1	0.7313	0.5767
77	68	1	106.1662	8	8	0	1	1	0.7353	0.6107
77	69	1	107.7161	9	11	0	1	1	0.7391	1.0290
77	70	1	109.2661	10	3	0	1	1	0.7429	0.7910
77	71	1	110.8160	11	12	0	1	1	0.7465	0.7291
77	72	1	112.3661	13	7	0	1	1	0.7500	1.0351
77	73	1	113.9161	12	15	0	1	1	0.7534	1.1648
77	74	1	115.4661	11	12	90	0	1	0.7432	0.8629
77	75	1	117.0161	10	3	0	1	1	0.7467	0.8171
77	76	1	118.5661	12	15	0	0	1	0.7368	1.4587
77	77	1	120.2661	9	11	0	-1	0	0.7273	-1.0000
77	78	1	121.9994	10	3	90	0	1	0.7179	0.8257
77	79	1	123.5493	13	7	90	0	1	0.7089	0.8595
77	80	1	125.0993	12	15	0	1	1	0.7125	1.1979
77	81	1	126.6493	10	3	0	1	1	0.7160	0.8639
77	82	1	128.1993	13	7	0	0	1	0.7073	0.6902
77	83	1	129.7493	14	13	0	1	1	0.7108	1.1721
77	84	1	131.2993	1	1	0	1	1	0.7143	0.9661
77	85	1	132.8493	3	10	0	1	1	0.7176	1.3996
77	86	1	134.3993	2	14	0	1	1	0.7209	0.9059
77	87	1	135.9493	14	13	0	-1	0	0.7126	-1.0000
77	88	1	137.6826	15	4	0	1	1	0.7159	1.1103
77	89	1	139.2326	2	14	0	1	1	0.7191	0.7122
77	90	1	140.7826	15	4	0	1	1	0.7222	1.0666
77	91	1	142.3326	14	13	0	0	1	0.7143	0.9722
77	92	1	143.8827	13	7	90	1	1	0.7174	1.0385
77	93	1	145.4326	10	3	0	1	1	0.7204	0.7367
77	94	1	146.9826	12	15	0	1	1	0.7234	1.1225
77	95	1	148.5325	9	11	0	1	1	0.7263	0.8846
77	96	1	150.0825	10	3	0	0	1	0.7188	0.9345
77	97	1	151.6326	9	11	0	1	1	0.7216	0.6806
77	98	1	153.1825	11	12	0	1	1	0.7245	0.9225
77	99	1	154.7325	13	7	0	1	1	0.7273	0.7487
77	100	1	156.2825	12	15	0	0	1	0.7200	0.9908
77	101	1	157.8325	11	12	90	0	1	0.7129	0.4966
77	102	1	159.3825	13	7	0	1	1	0.7157	1.2023
77	103	1	160.9325	14	13	0	1	1	0.7184	1.4924
77	104	1	162.5325	15	4	0	1	1	0.7212	0.5963
77	105	1	164.0825	14	13	90	0	1	0.7143	0.8226
77	106	1	165.6325	2	14	90	0	1	0.7075	1.0009
77	107	1	167.1825	14	13	0	0	1	0.7009	0.9067
77	108	1	168.7324	1	1	90	0	1	0.6944	0.8283
77	109	1	170.2825	15	4	0	1	1	0.6972	0.7828
77	110	1	171.8324	2	14	0	1	1	0.7000	0.6563
77	111	1	173.3824	3	10	0	1	1	0.7027	0.7549
77	112	1	174.9324	15	4	0	1	1	0.7054	0.7083
77	113	1	176.4824	14	13	90	1	1	0.7080	0.7269
77	114	1	178.0324	2	14	0	1	1	0.7105	0.6327
77	115	1	179.5824	15	4	0	1	1	0.7130	0.7947
77	116	1	181.1324	3	10	0	0	1	0.7069	0.7484
77	117	1	182.6824	2	14	90	1	1	0.7094	1.4224
77	118	1	184.2324	14	13	90	1	1	0.7119	1.1207
77	119	1	185.7824	1	1	0	0	1	0.7059	0.9626
77	120	1	187.3324	14	13	90	1	1	0.7083	1.1089
77	121	1	188.8823	13	7	0	0	1	0.7025	1.1107
77	122	1	190.4323	14	13	0	1	1	0.7049	0.8887
77	123	1	191.9823	13	7	0	1	1	0.7073	1.2747
77	124	1	193.5323	14	13	0	1	1	0.7097	0.8607
77	125	1	195.0823	13	7	90	0	1	0.7040	0.5748
77	126	1	196.6323	12	15	0	0	1	0.6984	1.2170
77	127	1	198.1823	13	7	0	1	1	0.7008	1.0430
77	128	1	199.7323	14	13	90	1	1	0.7031	1.1405
77	129	1	201.2823	15	4	0	1	1	0.7054	0.7428
77	130	1	202.8323	2	14	0	1	1	0.7077	0.7769
77	131	1	204.3823	1	1	0	0	1	0.7023	1.4825
77	132	1	206.0989	15	4	0	1	1	0.7045	0.7100
77	133	1	207.6489	3	10	0	1	1	0.7068	0.9519
77	134	1	209.1989	2	14	90	0	1	0.7015	0.7783
77	135	1	210.7489	3	10	0	-1	0	0.6963	-1.0000
77	136	1	212.5489	15	4	0	1	1	0.6985	0.6121
77	137	1	214.0989	1	1	0	1	1	0.7007	1.4463
77	138	1	215.6822	2	14	0	1	1	0.7029	0.5988
77	139	1	217.2322	3	10	90	0	1	0.6978	0.8889
77	140	1	218.7822	4	6	90	0	1	0.6929	1.3869
77	141	1	220.4156	3	10	0	-1	0	0.6879	-1.0000
77	142	1	222.1489	1	1	0	-1	0	0.6831	-1.0000
77	143	1	223.8822	2	14	90	-1	0	0.6783	-1.0000
77	144	1	225.6322	15	4	0	1	1	0.6806	1.2248
77	145	1	227.1822	2	14	0	1	1	0.6828	0.7786
77	146	1	228.7321	1	1	0	1	1	0.6849	1.4849
77	147	1	230.3655	15	4	0	1	1	0.6871	0.9072
77	148	1	231.9155	14	13	90	0	1	0.6824	1.2292
77	149	1	233.4655	15	4	0	1	1	0.6846	0.7513
77	150	1	235.0154	1	1	0	0	1	0.6800	0.9298
77	151	1	236.5654	14	13	0	1	1	0.6821	0.7556
77	152	1	238.1154	15	4	0	1	1	0.6842	0.6776
77	153	1	239.6654	1	1	90	1	1	0.6863	0.9198
77	154	1	241.2154	14	13	90	0	1	0.6818	0.8253
77	155	1	242.7654	2	14	90	0	1	0.6774	0.9554
77	156	1	244.3154	14	13	0	-1	0	0.6731	-1.0000
77	157	1	246.0487	2	14	0	1	1	0.6752	0.0565
77	158	1	247.5987	14	13	0	0	1	0.6709	0.6980
77	159	1	249.1487	2	14	90	0	1	0.6667	0.7808
77	160	1	250.6987	3	10	0	-1	0	0.6625	-1.0000
77	161	1	252.4154	15	4	0	1	1	0.6646	0.0167
77	162	1	253.9653	1	1	0	1	1	0.6667	0.7158
77	163	1	255.5154	14	13	0	1	1	0.6687	0.9574
77	164	1	257.0653	1	1	0	1	1	0.6707	0.9598
77	165	1	258.6153	15	4	90	1	1	0.6727	1.0258
77	166	1	260.1653	3	10	0	1	1	0.6747	1.1235
77	167	1	261.7153	4	6	0	0	1	0.6707	1.3176
77	168	1	263.2653	7	9	0	1	1	0.6726	0.6794
77	169	1	264.8153	8	8	0	1	1	0.6746	0.8740
77	170	1	266.3653	7	9	90	0	1	0.6706	0.7314
77	171	1	267.9153	5	2	0	-1	0	0.6667	-1.0000
77	172	1	269.6486	8	8	90	0	1	0.6628	0.0564
77	173	1	271.1987	7	9	0	1	1	0.6647	0.6345
77	174	1	272.7486	8	8	0	1	1	0.6667	0.6841
77	175	1	274.2986	5	2	90	1	1	0.6686	1.0226
77	176	1	275.8486	8	8	0	1	1	0.6705	0.6567
77	177	1	277.3986	9	11	0	0	1	0.6667	1.3941
77	178	1	279.0152	8	8	0	1	1	0.6685	0.6418
77	179	1	280.5652	5	2	90	1	1	0.6704	1.1075
77	180	1	282.1152	6	5	0	0	1	0.6667	1.2535
77	181	1	283.6652	4	6	0	1	1	0.6685	1.1436
77	182	1	285.2152	6	5	0	1	1	0.6703	1.0500
77	183	1	286.7652	5	2	90	1	1	0.6721	1.2921
77	184	1	288.3152	7	9	90	1	1	0.6739	0.8619
77	185	1	289.8652	6	5	0	1	1	0.6757	1.0398
77	186	1	291.4151	4	6	0	1	1	0.6774	0.8501
77	187	1	292.9651	7	9	0	1	1	0.6791	0.7876
77	188	1	294.7819	8	8	0	-1	0	0.6755	-1.0000
77	189	1	296.6152	7	9	0	-1	0	0.6720	-1.0000
77	190	1	298.3485	8	8	0	-1	0	0.6684	-1.0000
77	191	1	300.0652	9	11	0	-1	0	0.6649	-1.0000
77	192	1	301.8485	10	3	0	1	1	0.6667	0.8164
77	193	1	303.3985	12	15	0	1	1	0.6684	1.0742
77	194	1	304.9485	13	7	0	0	1	0.6649	0.8682
77	195	1	306.4985	10	3	0	1	1	0.6667	0.7262
77	196	1	308.0484	13	7	0	-1	0	0.6633	-1.0000
77	197	1	309.7818	11	12	0	0	1	0.6599	1.0592
77	198	1	311.3317	10	3	0	1	1	0.6616	0.5493
77	199	1	312.8817	9	11	0	1	1	0.6633	0.9990
77	200	1	314.4318	10	3	0	1	1	0.6650	0.6011
77	201	1	315.9817	11	12	0	0	1	0.6617	0.8916
77	202	1	317.5317	9	11	90	0	1	0.6584	0.5094
77	203	1	319.0817	12	15	0	0	1	0.6552	1.2150
77	204	1	320.6318	13	7	90	0	1	0.6520	1.4096
77	205	1	322.2650	11	12	90	1	1	0.6537	1.1680
77	206	1	323.8150	12	15	0	0	1	0.6505	1.2980
77	207	1	325.3651	13	7	0	0	1	0.6473	1.2681
77	208	1	326.9150	11	12	0	0	1	0.6442	1.2223
77	209	1	328.4650	9	11	0	1	1	0.6459	1.4161
77	210	1	330.0150	8	8	90	1	1	0.6476	0.9542
77	211	1	331.5650	6	5	0	1	1	0.6493	0.8597
77	212	1	333.1150	5	2	90	1	1	0.6509	0.8942
77	213	1	334.6649	7	9	90	1	1	0.6526	0.8002
77	214	1	336.2150	5	2	0	1	1	0.6542	1.2182
77	215	1	337.7649	6	5	0	1	1	0.6558	0.7558
77	216	1	339.3149	8	8	90	1	1	0.6574	0.7740
77	217	1	340.8649	6	5	0	1	1	0.6590	0.6157
77	218	1	342.4149	7	9	0	1	1	0.6606	0.9222
77	219	1	343.9649	8	8	0	1	1	0.6621	0.6358
77	220	1	345.5149	5	2	90	1	1	0.6636	0.7982
77	221	1	347.0649	4	6	0	1	1	0.6652	0.6878
77	222	1	348.6149	3	10	0	0	1	0.6622	0.6905
77	223	1	350.1649	15	4	0	1	1	0.6637	0.8362
77	224	1	351.7149	1	1	0	0	1	0.6607	0.7903
77	225	1	353.2649	14	13	0	1	1	0.6622	0.7603
77	226	1	354.8148	15	4	90	1	1	0.6637	0.8259
77	227	1	356.3648	14	13	0	1	1	0.6652	0.6842
77	228	1	357.9148	15	4	0	1	1	0.6667	0.6541
77	229	1	359.4648	1	1	90	0	1	0.6638	1.0565
77	230	1	361.0148	2	14	90	-1	0	0.6609	-1.0000
77	231	1	362.7481	15	4	0	1	1	0.6623	0.7010
77	232	1	364.2981	14	13	0	-1	0	0.6595	-1.0000
77	233	1	366.0481	2	14	90	0	1	0.6567	1.0329
77	234	1	367.5981	14	13	0	-1	0	0.6538	-1.0000
77	235	1	369.3148	1	1	0	1	1	0.6553	0.0167
77	236	1	370.8647	3	10	0	1	1	0.6568	0.0167
77	237	1	372.4148	4	6	0	1	1	0.6582	0.9387
77	238	1	373.9647	6	5	0	1	1	0.6597	0.7966
77	239	1	375.5147	5	2	0	1	1	0.6611	1.4545
77	240	1	377.0814	7	9	0	1	1	0.6625	0.7997
77	241	1	378.6314	6	5	0	1	1	0.6639	1.2982
77	242	1	380.1814	5	2	90	1	1	0.6653	0.8034
77	243	1	381.7314	7	9	0	1	1	0.6667	0.6937
77	244	1	383.2813	5	2	0	1	1	0.6680	0.5994
77	245	1	384.8313	8	8	0	1	1	0.6694	0.6659
77	246	1	386.3813	7	9	0	1	1	0.6707	0.6034
77	247	1	387.9313	4	6	0	1	1	0.6721	0.7336
77	248	1	389.4813	7	9	0	1	1	0.6734	0.6077
77	249	1	391.0313	8	8	90	1	1	0.6747	0.8496
77	250	1	392.5813	9	11	90	1	1	0.6760	1.4122
77	251	1	394.1313	10	3	90	1	1	0.6773	0.8056
77	252	1	395.6813	12	15	0	1	1	0.6786	1.1114
77	253	1	397.2312	13	7	0	1	1	0.6798	1.4017
77	254	1	398.7813	12	15	0	1	1	0.6811	0.8761
77	255	1	400.3313	9	11	90	1	1	0.6824	1.0700
77	256	1	401.8812	10	3	90	1	1	0.6836	1.2316
77	257	1	403.4312	12	15	0	1	1	0.6848	0.7055
77	258	1	404.9813	13	7	0	0	1	0.6822	1.4118
77	259	1	406.6312	10	3	0	1	1	0.6834	0.7219
77	260	1	408.1812	11	12	0	0	1	0.6808	1.1558
77	261	1	409.7312	13	7	0	1	1	0.6820	0.8695
77	262	1	411.2812	12	15	0	1	1	0.6832	0.6797
77	263	1	412.8312	10	3	0	1	1	0.6844	0.5858
77	264	1	414.6479	11	12	0	-1	0	0.6818	-1.0000
77	265	1	416.3812	10	3	0	1	1	0.6830	0.6195
77	266	1	417.9312	11	12	0	0	1	0.6805	0.7658
77	267	1	419.4812	12	15	90	1	1	0.6816	0.9438
77	268	1	421.0311	13	7	0	0	1	0.6791	0.7216
77	269	1	422.5811	12	15	0	1	1	0.6803	0.7395
77	270	1	424.1311	11	12	90	1	1	0.6815	1.0455
77	271	1	425.6811	13	7	0	-1	0	0.6790	-1.0000
77	272	1	427.4311	11	12	0	1	1	0.6801	0.9776
77	273	1	428.9811	9	11	0	1	1	0.6813	1.0759
77	274	1	430.5311	11	12	0	0	1	0.6788	0.8056
77	275	1	432.0811	9	11	0	1	1	0.6800	1.2239
77	276	1	433.6311	12	15	90	1	1	0.6812	0.8739
77	277	1	435.1811	11	12	0	1	1	0.6823	0.9882
77	278	1	436.7311	13	7	0	1	1	0.6835	0.9896
77	279	1	438.2811	12	15	0	1	1	0.6846	0.6559
77	280	1	439.8310	9	11	0	1	1	0.6857	0.7540
77	281	1	441.3810	11	12	0	1	1	0.6868	0.6923
77	282	1	442.9310	10	3	0	1	1	0.6879	0.6296
77	283	1	444.4810	12	15	0	1	1	0.6890	0.6316
77	284	1	446.0310	10	3	0	-1	0	0.6866	-1.0000
77	285	1	447.7810	11	12	0	-1	0	0.6842	-1.0000
77	286	1	449.4977	9	11	90	-1	0	0.6818	-1.0000
77	287	1	451.2310	8	8	0	1	1	0.6829	0.9058
77	288	1	452.7810	7	9	0	1	1	0.6840	0.6203
77	289	1	454.3310	5	2	0	1	1	0.6851	0.5901
77	290	1	455.8810	8	8	0	1	1	0.6862	0.5597
77	291	1	457.4310	5	2	90	0	1	0.6838	0.7060
77	292	1	458.9810	7	9	0	1	1	0.6849	0.6119
77	293	1	460.5310	5	2	0	1	1	0.6860	0.7258
77	294	1	462.0809	8	8	0	1	1	0.6871	0.5841
77	295	1	463.6309	6	5	0	1	1	0.6881	0.6179
77	296	1	465.1809	8	8	0	1	1	0.6892	0.5720
77	297	1	466.7309	7	9	0	1	1	0.6902	0.5261
77	298	1	468.2809	6	5	0	1	1	0.6913	0.5601
77	299	1	469.8309	5	2	0	1	1	0.6923	0.9622
77	300	1	471.3809	7	9	90	0	1	0.6900	0.6918
77	301	1	472.9309	5	2	90	0	1	0.6877	1.0621
77	302	1	474.4809	4	6	0	1	1	0.6887	0.6324
77	303	1	476.0308	6	5	0	1	1	0.6898	0.6018
77	304	1	477.5808	7	9	0	1	1	0.6908	0.5881
77	305	1	479.1308	6	5	0	1	1	0.6918	0.7343
77	306	1	480.6809	7	9	0	1	1	0.6928	0.7038
77	307	1	482.2308	8	8	0	1	1	0.6938	0.6263
77	308	1	483.7808	9	11	90	0	1	0.6916	0.7242
77	309	1	485.3308	10	3	90	1	1	0.6926	0.9503
77	310	1	486.8808	13	7	0	0	1	0.6903	0.8719
77	311	1	488.4308	10	3	90	1	1	0.6913	1.1141
77	312	1	489.9807	9	11	0	1	1	0.6923	1.0359
77	313	1	491.5308	8	8	90	1	1	0.6933	1.0862
77	314	1	493.0808	7	9	0	1	1	0.6943	0.6083
77	315	1	494.6307	6	5	0	1	1	0.6952	0.6582
77	316	1	496.1807	8	8	90	1	1	0.6962	0.6762
77	317	1	497.7307	9	11	0	1	1	0.6972	0.5979
77	318	1	499.2807	10	3	90	1	1	0.6981	0.7439
77	319	1	500.8307	13	7	90	0	1	0.6959	0.6823
77	320	1	502.3807	11	12	0	1	1	0.6969	0.7959
77	321	1	503.9307	9	11	0	1	1	0.6978	0.8303
77	322	1	505.4807	8	8	0	1	1	0.6988	0.7680
77	323	1	507.0307	7	9	0	1	1	0.6997	0.6100
77	324	1	508.5807	5	2	0	1	1	0.7006	0.8362
77	325	1	510.1307	7	9	90	0	1	0.6985	0.7903
77	326	1	511.6807	4	6	90	0	1	0.6963	1.4006
77	327	1	513.2974	5	2	0	1	1	0.6972	0.6473
77	328	1	514.8474	8	8	0	1	1	0.6982	0.6014
77	329	1	516.3973	6	5	0	0	1	0.6960	1.4519
77	330	1	518.0973	4	6	0	1	1	0.6970	0.6313
77	331	1	519.6473	6	5	0	1	1	0.6979	0.7134
77	332	1	521.1973	5	2	0	1	1	0.6988	0.6197
77	333	1	522.7473	7	9	90	1	1	0.6997	0.8298
77	334	1	524.2973	8	8	0	1	1	0.7006	0.6237
77	335	1	525.8472	9	11	0	1	1	0.7015	1.1377
77	336	1	527.3972	10	3	0	1	1	0.7024	1.0277
77	337	1	528.9472	12	15	0	1	1	0.7033	0.9817
77	338	1	530.4973	11	12	0	1	1	0.7041	0.8396
77	339	1	532.0472	13	7	90	0	1	0.7021	1.0021
77	340	1	533.5972	11	12	0	1	1	0.7029	0.6039
77	341	1	535.1472	10	3	0	1	1	0.7038	0.6541
77	342	1	536.6972	12	15	0	1	1	0.7047	0.8319
77	343	1	538.2472	11	12	90	1	1	0.7055	1.1214
77	344	1	539.7972	10	3	0	1	1	0.7064	1.2360
77	345	1	541.3472	9	11	0	1	1	0.7072	0.9174
77	346	1	542.8971	8	8	0	1	1	0.7081	0.6160
77	347	1	544.4472	7	9	0	1	1	0.7089	0.7618
77	348	1	545.9972	5	2	0	1	1	0.7098	0.6357
77	349	1	547.5471	4	6	0	1	1	0.7106	0.5415
77	350	1	549.0971	3	10	0	1	1	0.7114	0.8316
77	351	1	550.6471	4	6	0	1	1	0.7123	0.6415
77	352	1	552.1971	5	2	90	0	1	0.7102	0.6599
77	353	1	553.7471	6	5	90	1	1	0.7110	0.9179
77	354	1	555.2971	7	9	0	1	1	0.7119	0.7762
77	355	1	556.8471	5	2	0	1	1	0.7127	1.0340
77	356	1	558.3971	6	5	0	1	1	0.7135	0.7484
77	357	1	559.9471	5	2	0	1	1	0.7143	0.6539
77	358	1	561.4971	8	8	0	1	1	0.7151	0.8475
77	359	1	563.0470	5	2	0	1	1	0.7159	0.8339
77	360	1	564.5970	8	8	0	1	1	0.7167	0.7720
77	361	1	566.1470	7	9	0	1	1	0.7175	0.6138
77	362	1	567.6970	5	2	0	1	1	0.7182	1.0636
77	363	1	569.2470	6	5	0	1	1	0.7190	0.7299
77	364	1	570.7970	7	9	0	1	1	0.7198	0.5719
77	365	1	572.3470	8	8	0	1	1	0.7205	0.6059
77	366	1	573.8970	5	2	0	1	1	0.7213	0.5116
77	367	1	575.4470	8	8	0	1	1	0.7221	0.5779
77	368	1	576.9970	6	5	0	1	1	0.7228	0.5640
77	369	1	578.5470	4	6	0	1	1	0.7236	0.4862
77	370	1	580.0970	3	10	0	1	1	0.7243	0.6161
77	371	1	581.6469	1	1	90	0	1	0.7224	1.2896
77	372	1	583.1970	2	14	90	0	1	0.7204	1.0519
77	373	1	584.7470	15	4	90	0	1	0.7185	0.7179
77	374	1	586.2969	1	1	0	1	1	0.7193	0.8323
77	375	1	587.8469	15	4	0	1	1	0.7200	0.7220
77	376	1	589.3969	3	10	0	1	1	0.7207	0.7397
77	377	1	590.9469	1	1	0	0	1	0.7188	1.0622
77	378	1	592.4969	2	14	90	1	1	0.7196	1.2396
77	379	1	594.0469	3	10	0	1	1	0.7203	0.8258
77	380	1	595.5969	1	1	0	1	1	0.7211	1.0518
77	381	1	597.1469	3	10	90	1	1	0.7218	1.1342
77	382	1	598.6968	1	1	0	1	1	0.7225	1.0077
77	383	1	600.2469	14	13	0	1	1	0.7232	1.0581
77	384	1	601.7968	15	4	90	1	1	0.7240	0.8841
77	385	1	603.3468	2	14	90	0	1	0.7221	1.1260
77	386	1	604.8968	1	1	0	1	1	0.7228	0.6959
77	387	1	606.4468	2	14	0	0	1	0.7209	1.0180
77	388	1	607.9968	1	1	0	1	1	0.7216	0.7480
77	389	1	609.5468	14	13	0	1	1	0.7224	0.7498
77	390	1	611.0968	15	4	0	1	1	0.7231	0.7522
77	391	1	612.6468	3	10	0	1	1	0.7238	0.7859
77	392	1	614.1968	2	14	0	1	1	0.7245	0.8679
77	393	1	615.7468	3	10	0	1	1	0.7252	0.7101
77	394	1	617.2967	15	4	0	1	1	0.7259	0.6318
77	395	1	618.8467	2	14	90	1	1	0.7266	1.0183
77	396	1	620.3968	15	4	0	1	1	0.7273	0.5880
77	397	1	621.9467	1	1	0	1	1	0.7280	0.7502
77	398	1	623.4967	15	4	0	1	1	0.7286	1.1359
77	399	1	625.0467	3	10	0	1	1	0.7293	0.6581
77	400	1	626.5967	1	1	0	1	1	0.7300	0.7401
77	401	1	628.1467	3	10	0	1	1	0.7307	0.5978
77	402	1	629.6967	15	4	90	1	1	0.7313	0.8399
77	403	1	631.2467	14	13	0	1	1	0.7320	0.7939
77	404	1	632.7967	13	7	0	0	1	0.7302	1.3563
77	405	1	634.3633	14	13	0	1	1	0.7309	0.7652
77	406	1	635.9133	13	7	0	1	1	0.7315	1.0552
77	407	1	637.4633	14	13	0	1	1	0.7322	0.7056
77	408	1	639.0133	2	14	0	1	1	0.7328	1.0753
77	409	1	640.5633	14	13	0	1	1	0.7335	0.7098
77	410	1	642.1133	15	4	0	1	1	0.7341	0.6792
77	411	1	643.6632	2	14	0	0	1	0.7324	0.9060
77	412	1	645.2134	14	13	0	1	1	0.7330	1.1635
77	413	1	646.7633	13	7	0	0	1	0.7312	0.8135
77	414	1	648.3132	11	12	0	1	1	0.7319	0.9278
77	415	1	649.8633	12	15	0	1	1	0.7325	1.1215
77	416	1	651.4132	9	11	0	1	1	0.7332	1.2357
77	417	1	652.9633	10	3	0	1	1	0.7338	0.6936
77	418	1	654.5132	9	11	0	1	1	0.7344	1.0640
77	419	1	656.0632	12	15	0	1	1	0.7351	0.7137
77	420	1	657.6132	11	12	0	1	1	0.7357	0.7158
77	421	1	659.1632	12	15	0	1	1	0.7363	0.5897
77	422	1	660.7132	9	11	0	1	1	0.7370	0.7038
77	423	1	662.2632	12	15	0	1	1	0.7376	0.6420
77	424	1	663.8132	9	11	90	0	1	0.7358	0.9794
77	425	1	665.3632	8	8	0	1	1	0.7365	0.6938
77	426	1	666.9131	9	11	90	0	1	0.7347	0.7274
77	427	1	668.4631	12	15	90	1	1	0.7354	0.9214
77	428	1	670.0132	11	12	0	1	1	0.7360	0.9559
77	429	1	671.5631	10	3	0	1	1	0.7366	0.7820
77	430	1	673.1131	11	12	0	-1	0	0.7349	-1.0000
77	431	1	674.8465	10	3	0	1	1	0.7355	0.0426
77	432	1	676.3964	12	15	0	1	1	0.7361	0.9401
77	433	1	677.9464	9	11	0	1	1	0.7367	0.7342
77	434	1	679.4964	8	8	90	1	1	0.7373	0.8322
77	435	1	681.0464	5	2	0	1	1	0.7379	0.8983
77	436	1	682.5964	8	8	0	1	1	0.7385	0.4845
77	437	1	684.1463	6	5	0	1	1	0.7391	0.7905
77	438	1	685.6964	5	2	0	-1	0	0.7374	-1.0000
77	439	1	687.4130	7	9	90	1	1	0.7380	1.1715
77	440	1	688.9630	4	6	0	1	1	0.7386	1.4299
77	441	1	690.5130	7	9	90	1	1	0.7392	0.8399
77	442	1	692.0630	8	8	0	1	1	0.7398	0.6339
77	443	1	693.6130	6	5	0	0	1	0.7381	0.6839
77	444	1	695.1630	5	2	0	1	1	0.7387	0.6859
77	445	1	696.7130	4	6	0	1	1	0.7393	0.9598
77	446	1	698.2630	3	10	0	1	1	0.7399	0.8181
77	447	1	699.8130	4	6	90	0	1	0.7383	0.9316
77	448	1	701.3629	6	5	90	1	1	0.7388	0.8856
77	449	1	702.9129	7	9	0	1	1	0.7394	0.9840
77	450	1	704.4629	6	5	0	1	1	0.7400	1.1941
77	451	1	706.0129	5	2	0	1	1	0.7406	1.0036
77	452	1	707.5629	8	8	0	1	1	0.7412	0.7499
77	453	1	709.1129	7	9	0	1	1	0.7417	0.7200
77	454	1	710.6629	6	5	0	1	1	0.7423	0.8017
77	455	1	712.2128	8	8	0	1	1	0.7429	0.5957
77	456	1	713.7629	9	11	90	0	1	0.7412	1.3496
77	457	1	715.3296	10	3	0	1	1	0.7418	0.4550
77	458	1	716.8795	9	11	90	1	1	0.7424	1.3690
77	459	1	718.4296	11	12	0	1	1	0.7429	0.8911
77	460	1	719.9795	10	3	0	1	1	0.7435	0.5894
77	461	1	721.5295	9	11	90	-1	0	0.7419	-1.0000
77	462	1	723.3795	8	8	0	1	1	0.7424	0.9332
77	463	1	724.9295	9	11	0	1	1	0.7430	0.7756
77	464	1	726.4795	12	15	0	1	1	0.7435	0.9051
77	465	1	728.0295	10	3	0	1	1	0.7441	0.7634
77	466	1	729.5795	13	7	0	0	1	0.7425	0.8934
77	467	1	731.1295	12	15	0	1	1	0.7430	0.7350
77	468	1	732.6795	10	3	0	1	1	0.7436	0.7055
77	469	1	734.2294	11	12	90	1	1	0.7441	1.1714
77	470	1	735.7794	9	11	90	0	1	0.7426	1.3010
77	471	1	737.3294	12	15	0	1	1	0.7431	0.6316
77	472	1	738.8794	10	3	0	1	1	0.7436	0.7136
77	473	1	740.4294	13	7	90	-1	0	0.7421	-1.0000
77	474	1	742.1627	12	15	0	1	1	0.7426	0.5818
77	475	1	743.7127	9	11	0	1	1	0.7432	0.8238
77	476	1	745.2627	12	15	0	1	1	0.7437	0.7138
77	477	1	746.8127	13	7	90	0	1	0.7421	0.6684
77	478	1	748.3627	11	12	90	1	1	0.7427	1.4221
77	479	1	749.9126	10	3	0	1	1	0.7432	0.7359
77	480	1	751.4627	9	11	0	1	1	0.7438	0.7859
77	481	1	753.0127	11	12	0	1	1	0.7443	0.7722
77	482	1	754.5626	12	15	0	1	1	0.7448	0.6782
77	483	1	756.1126	13	7	0	0	1	0.7433	0.9364
77	484	1	757.6627	12	15	0	1	1	0.7438	0.5386
77	485	1	759.2126	10	3	0	1	1	0.7443	0.7004
77	486	1	760.7626	11	12	90	-1	0	0.7428	-1.0000
77	487	1	762.4793	12	15	0	1	1	0.7433	0.8737
77	488	1	764.0293	11	12	0	1	1	0.7439	0.9395
77	489	1	765.5793	10	3	0	1	1	0.7444	0.5898
77	490	1	767.1293	11	12	0	1	1	0.7449	0.7995
77	491	1	768.6792	12	15	0	1	1	0.7454	0.7217
77	492	1	770.2293	9	11	0	1	1	0.7459	1.1874
77	493	1	771.7792	8	8	90	1	1	0.7465	0.9976
77	494	1	773.3292	6	5	0	1	1	0.7470	0.6798
77	495	1	774.8792	4	6	0	1	1	0.7475	0.7293
77	496	1	776.4292	7	9	90	1	1	0.7480	0.8757
77	497	1	777.9792	6	5	0	1	1	0.7485	0.6377
77	498	1	779.5292	5	2	90	1	1	0.7490	0.9438
77	499	1	781.0792	6	5	0	1	1	0.7495	0.7373
77	500	1	782.6292	4	6	90	0	1	0.7480	0.7395
77	501	1	784.1791	6	5	0	1	1	0.7485	0.7100
77	502	1	785.7291	7	9	0	1	1	0.7490	0.6800
77	503	1	787.2791	4	6	0	1	1	0.7495	0.6021
77	504	1	788.8291	6	5	0	1	1	0.7500	0.5397
77	505	1	790.3791	4	6	0	1	1	0.7505	0.6216
77	506	1	791.9291	5	2	0	1	1	0.7510	0.7841
77	507	1	793.4791	7	9	90	1	1	0.7515	0.9138
77	508	1	795.0291	5	2	90	-1	0	0.7500	-1.0000
77	509	1	796.7624	7	9	0	1	1	0.7505	0.5905
77	510	1	798.3124	4	6	0	1	1	0.7510	0.7363
77	511	1	799.8624	5	2	0	1	1	0.7515	0.9464
77	512	1	801.4124	8	8	0	1	1	0.7520	0.8845
77	513	1	802.9624	7	9	0	1	1	0.7524	0.6624
77	514	1	804.5124	4	6	0	1	1	0.7529	0.6323
77	515	1	806.0624	5	2	0	1	1	0.7534	0.6986
77	516	1	807.6124	8	8	90	1	1	0.7539	0.7161
77	517	1	809.1623	5	2	0	1	1	0.7544	0.5421
77	518	1	810.7123	8	8	0	1	1	0.7548	0.8165
77	519	1	812.2623	5	2	0	1	1	0.7553	0.7865
77	520	1	813.8123	7	9	0	1	1	0.7558	0.6768
77	521	1	815.3623	8	8	0	1	1	0.7562	0.6150
77	522	1	816.9123	9	11	0	1	1	0.7567	0.8564
77	523	1	818.4623	10	3	0	1	1	0.7572	0.7622
77	524	1	820.0123	9	11	0	1	1	0.7576	0.6526
77	525	1	821.5623	12	15	0	1	1	0.7581	0.7186
77	526	1	823.1123	13	7	90	0	1	0.7567	0.7045
77	527	1	824.6622	10	3	0	1	1	0.7571	0.5945
77	528	1	826.2122	9	11	90	0	1	0.7557	1.2687
77	529	1	827.7623	11	12	0	1	1	0.7561	0.6787
77	530	1	829.3122	12	15	0	1	1	0.7566	0.6003
77	531	1	830.8622	11	12	0	1	1	0.7571	0.7945
77	532	1	832.4122	10	3	90	1	1	0.7575	1.0206
77	533	1	833.9622	13	7	90	0	1	0.7561	0.7503
77	534	1	835.5122	10	3	0	1	1	0.7566	0.6889
77	535	1	837.0622	11	12	0	0	1	0.7551	0.8503
77	536	1	838.6122	12	15	0	1	1	0.7556	0.7086
77	537	1	840.1622	9	11	0	1	1	0.7561	0.6307
77	538	1	841.7122	8	8	0	1	1	0.7565	0.7771
77	539	1	843.2621	5	2	0	1	1	0.7570	0.6827
77	540	1	844.8121	7	9	0	1	1	0.7574	0.6690
77	541	1	846.3621	4	6	0	1	1	0.7579	0.6384
77	542	1	847.9121	6	5	0	0	1	0.7565	1.3604
77	543	1	849.4955	4	6	0	1	1	0.7569	0.4013
77	544	1	851.0454	7	9	0	1	1	0.7574	0.7871
77	545	1	852.5954	6	5	0	1	1	0.7578	0.6291
77	546	1	854.1454	4	6	0	1	1	0.7582	1.2878
77	547	1	855.6954	7	9	0	1	1	0.7587	0.9855
77	548	1	857.2455	6	5	90	1	1	0.7591	1.0193
77	549	1	858.7954	7	9	90	1	1	0.7596	0.8131
77	550	1	860.3454	6	5	0	1	1	0.7600	0.6393
77	551	1	861.8954	8	8	0	1	1	0.7604	1.0411
77	552	1	863.4454	5	2	0	1	1	0.7609	0.7555
77	553	1	864.9954	6	5	0	1	1	0.7613	0.6613
77	554	1	866.5453	4	6	0	1	1	0.7617	0.7274
77	555	1	868.0953	7	9	0	1	1	0.7622	0.7779
77	556	1	869.6454	8	8	0	1	1	0.7626	0.7153
77	557	1	871.1953	7	9	0	1	1	0.7630	0.7972
77	558	1	872.7453	6	5	0	1	1	0.7634	0.5752
77	559	1	874.2953	7	9	0	1	1	0.7639	0.6891
77	560	1	876.1121	8	8	0	1	1	0.7643	1.3690
77	561	1	877.6620	5	2	0	1	1	0.7647	0.8429
77	562	1	879.2120	8	8	0	1	1	0.7651	0.5569
77	563	1	880.7619	5	2	0	1	1	0.7655	0.7349
77	564	1	882.3120	8	8	0	1	1	0.7660	0.6565
77	565	1	883.8619	7	9	0	1	1	0.7664	0.6909
77	566	1	885.4119	4	6	0	1	1	0.7668	0.6928
77	567	1	886.9619	6	5	0	1	1	0.7672	0.6626
77	568	1	888.5119	4	6	0	1	1	0.7676	0.6805
77	569	1	890.0619	5	2	0	1	1	0.7680	0.6188
77	570	1	891.6119	4	6	90	0	1	0.7667	0.6208
77	571	1	893.1619	7	9	90	0	1	0.7653	0.6871
77	572	1	894.7118	6	5	0	1	1	0.7657	0.6250
77	573	1	896.2619	5	2	0	1	1	0.7661	0.6589
77	574	1	897.8118	6	5	0	1	1	0.7666	1.1251
77	575	1	899.3618	5	2	90	1	1	0.7670	0.9826
77	576	1	900.9118	6	5	0	1	1	0.7674	0.8249
77	577	1	902.4618	4	6	90	0	1	0.7660	0.8752
77	578	1	904.0118	7	9	0	1	1	0.7664	0.7171
77	579	1	905.5618	5	2	0	1	1	0.7668	0.7348
77	580	1	907.1118	8	8	90	1	1	0.7672	0.9290
77	581	1	908.6618	9	11	0	1	1	0.7676	0.8671
77	582	1	910.2118	12	15	0	1	1	0.7680	0.7250
77	583	1	911.7617	9	11	0	1	1	0.7684	0.5990
77	584	1	913.3117	10	3	90	1	1	0.7688	0.9370
77	585	1	914.8617	9	11	0	1	1	0.7692	0.7152
77	586	1	916.4117	10	3	0	1	1	0.7696	0.5728
77	587	1	917.9617	11	12	0	1	1	0.7700	0.8951
77	588	1	919.5117	12	15	0	1	1	0.7704	0.7535
77	589	1	921.0617	11	12	0	1	1	0.7708	0.7710
77	590	1	922.6117	13	7	0	0	1	0.7695	1.0292
77	591	1	924.1617	10	3	0	1	1	0.7699	0.5990
77	592	1	925.7117	9	11	90	1	1	0.7703	1.3852
77	593	1	927.2617	12	15	90	1	1	0.7707	0.9548
77	594	1	928.8117	13	7	0	-1	0	0.7694	-1.0000
77	595	1	930.6283	11	12	90	1	1	0.7697	0.9961
77	596	1	932.1783	9	11	0	1	1	0.7701	0.9981
77	597	1	933.7283	12	15	0	1	1	0.7705	0.6486
77	598	1	935.2783	13	7	90	0	1	0.7692	0.7303
77	599	1	936.8283	14	13	0	1	1	0.7696	1.1007
77	600	1	938.3783	2	14	0	1	1	0.7700	1.2468
77	601	1	1087.1107	14	13	0	-1	0	0.7687	-1.0000
77	602	1	1088.8607	15	4	0	1	1	0.7691	1.0999
77	603	1	1090.4107	14	13	0	-1	0	0.7678	-1.0000
77	604	1	1092.1607	2	14	0	1	1	0.7682	0.8237
77	605	1	1093.7107	1	1	0	1	1	0.7686	0.7300
77	606	1	1095.2607	3	10	0	1	1	0.7690	1.0357
77	607	1	1096.8107	2	14	0	1	1	0.7694	0.9905
77	608	1	1098.3606	14	13	0	-1	0	0.7681	-1.0000
77	609	1	1100.0940	2	14	90	1	1	0.7685	0.9711
77	610	1	1101.6440	14	13	0	1	1	0.7689	0.8604
77	611	1	1103.1940	13	7	0	0	1	0.7676	0.9753
77	612	1	1104.7440	14	13	0	1	1	0.7680	0.6567
77	613	1	1106.2939	15	4	0	1	1	0.7684	0.7387
77	614	1	1107.8439	3	10	0	1	1	0.7687	0.7726
77	615	1	1109.3939	2	14	0	1	1	0.7691	0.7750
77	616	1	1110.9440	15	4	0	1	1	0.7695	0.6804
77	617	1	1112.4939	2	14	0	1	1	0.7699	0.6509
77	618	1	1114.0439	3	10	0	1	1	0.7702	0.7811
77	619	1	1115.5939	1	1	90	0	1	0.7690	1.0228
77	620	1	1117.1439	15	4	0	1	1	0.7694	0.6729
77	621	1	1118.6939	2	14	0	1	1	0.7697	0.7866
77	622	1	1120.2438	15	4	0	1	1	0.7701	0.5965
77	623	1	1121.7938	1	1	90	0	1	0.7689	0.7265
77	624	1	1123.3438	3	10	0	1	1	0.7692	0.6971
77	625	1	1124.8938	15	4	0	1	1	0.7696	0.8430
77	626	1	1126.4438	14	13	0	1	1	0.7700	0.7329
77	627	1	1127.9938	2	14	0	1	1	0.7703	0.6229
77	628	1	1129.5438	15	4	0	1	1	0.7707	0.6251
77	629	1	1131.0938	1	1	90	0	1	0.7695	0.6752
77	630	1	1132.6438	2	14	0	1	1	0.7698	0.5806
77	631	1	1134.1938	1	1	90	0	1	0.7686	0.8871
77	632	1	1135.7438	15	4	0	1	1	0.7690	0.6648
77	633	1	1137.2937	14	13	0	1	1	0.7694	0.6668
77	634	1	1138.8437	13	7	90	0	1	0.7681	0.8289
77	635	1	1140.3937	14	13	0	1	1	0.7685	0.6706
77	636	1	1141.9437	2	14	0	1	1	0.7689	0.9287
77	637	1	1143.4937	1	1	0	1	1	0.7692	0.6752
77	638	1	1145.0437	15	4	0	1	1	0.7696	0.5967
77	639	1	1146.5937	14	13	0	-1	0	0.7684	-1.0000
77	640	1	1148.3770	13	7	0	1	1	0.7688	0.9918
77	641	1	1149.9270	14	13	0	1	1	0.7691	0.8814
77	642	1	1151.4770	15	4	0	1	1	0.7695	0.6756
77	643	1	1153.0270	2	14	0	1	1	0.7698	0.7420
77	644	1	1154.5770	15	4	90	1	1	0.7702	0.7754
77	645	1	1156.1270	3	10	0	1	1	0.7705	0.7299
77	646	1	1157.6770	4	6	90	0	1	0.7693	0.7473
77	647	1	1159.2270	5	2	0	1	1	0.7697	0.9257
77	648	1	1160.7769	8	8	90	0	1	0.7685	0.9114
77	649	1	1162.3269	6	5	0	1	1	0.7689	0.6737
77	650	1	1163.8769	7	9	0	1	1	0.7692	0.7080
77	651	1	1165.4269	6	5	0	1	1	0.7696	0.9657
77	652	1	1166.9769	8	8	0	1	1	0.7699	1.0960
77	653	1	1168.5269	7	9	0	1	1	0.7703	0.6335
77	654	1	1170.0769	8	8	0	1	1	0.7706	0.7315
77	655	1	1171.6269	5	2	0	1	1	0.7710	0.6055
77	656	1	1173.1769	6	5	0	1	1	0.7713	0.5758
77	657	1	1174.7269	4	6	90	0	1	0.7702	0.8339
77	658	1	1176.2768	6	5	90	1	1	0.7705	0.8995
77	659	1	1177.8268	4	6	0	1	1	0.7709	1.1735
77	660	1	1179.3768	6	5	0	1	1	0.7712	0.7755
77	661	1	1180.9268	4	6	0	1	1	0.7716	0.8098
77	662	1	1182.4768	7	9	0	1	1	0.7719	0.7157
77	663	1	1184.0268	4	6	0	1	1	0.7722	0.7980
77	664	1	1185.5768	3	10	0	1	1	0.7726	0.6079
77	665	1	1187.1268	2	14	0	1	1	0.7729	0.8335
77	666	1	1188.6768	15	4	0	1	1	0.7733	0.7075
77	667	1	1190.2268	1	1	0	1	1	0.7736	1.0939
77	668	1	1191.7768	2	14	0	1	1	0.7740	0.7756
77	669	1	1193.3268	3	10	0	1	1	0.7743	0.7136
77	670	1	1194.8767	1	1	0	1	1	0.7746	0.7156
77	671	1	1196.4267	15	4	0	1	1	0.7750	0.5896
77	672	1	1197.9767	2	14	0	1	1	0.7753	0.6876
77	673	1	1199.5267	15	4	0	1	1	0.7756	0.5780
77	674	1	1201.0767	3	10	0	1	1	0.7760	0.7880
77	675	1	1202.6267	2	14	0	1	1	0.7763	0.7576
77	676	1	1204.1767	3	10	0	1	1	0.7766	0.5836
77	677	1	1205.7267	15	4	0	1	1	0.7770	0.5696
77	678	1	1207.2767	2	14	0	1	1	0.7773	0.5879
77	679	1	1208.8267	15	4	0	1	1	0.7776	0.8143
77	680	1	1210.3767	14	13	0	1	1	0.7779	0.7520
77	681	1	1211.9267	1	1	90	0	1	0.7768	1.2016
77	682	1	1213.4767	15	4	0	1	1	0.7771	0.8517
77	683	1	1215.0266	1	1	0	1	1	0.7775	0.6457
77	684	1	1216.5766	2	14	0	1	1	0.7778	0.7762
77	685	1	1218.1266	15	4	0	1	1	0.7781	0.6017
77	686	1	1219.6766	2	14	0	1	1	0.7784	0.5883
77	687	1	1221.2266	3	10	0	1	1	0.7787	0.6385
77	688	1	1222.7766	2	14	90	1	1	0.7791	1.4243
77	689	1	1224.3266	3	10	90	-1	0	0.7779	-1.0000
77	690	1	1226.0599	4	6	0	0	1	0.7768	0.1087
77	691	1	1227.6100	6	5	0	1	1	0.7771	0.6224
77	692	1	1229.1599	8	8	0	1	1	0.7775	0.6725
77	693	1	1230.7099	6	5	0	1	1	0.7778	0.5945
77	694	1	1232.2599	5	2	0	1	1	0.7781	1.2367
77	695	1	1233.8098	8	8	90	1	1	0.7784	1.2705
77	696	1	1235.3598	9	11	0	1	1	0.7787	1.3205
77	697	1	1236.9098	11	12	90	-1	0	0.7776	-1.0000
77	698	1	1238.7432	12	15	0	1	1	0.7779	0.7374
77	699	1	1240.2931	13	7	0	1	1	0.7783	1.0276
77	700	1	1241.8431	10	3	90	0	1	0.7771	0.7098
77	701	1	1243.3931	11	12	0	1	1	0.7775	0.9352
77	702	1	1244.9431	12	15	0	1	1	0.7778	0.7132
77	703	1	1246.4931	9	11	0	1	1	0.7781	0.7477
77	704	1	1248.0431	10	3	0	1	1	0.7784	0.7177
77	705	1	1249.5931	13	7	90	0	1	0.7773	0.8956
77	706	1	1251.1431	11	12	0	1	1	0.7776	0.9612
77	707	1	1252.6931	9	11	0	1	1	0.7779	0.8031
77	708	1	1254.2431	10	3	0	1	1	0.7782	0.6135
77	709	1	1255.7931	9	11	0	1	1	0.7786	0.7277
77	710	1	1257.3431	10	3	0	1	1	0.7789	0.6655
77	711	1	1258.8931	11	12	0	1	1	0.7792	0.6997
77	712	1	1260.4430	12	15	0	1	1	0.7795	0.6693
77	713	1	1261.9930	13	7	0	0	1	0.7784	1.0236
77	714	1	1263.5430	10	3	0	1	1	0.7787	0.6258
77	715	1	1265.0930	11	12	0	1	1	0.7790	0.6914
77	716	1	1266.6430	13	7	0	0	1	0.7779	1.2059
77	717	1	1268.1930	12	15	0	1	1	0.7782	0.6314
77	718	1	1269.7430	13	7	0	1	1	0.7786	0.9852
77	719	1	1271.2929	10	3	90	1	1	0.7789	0.7793
77	720	1	1272.8430	13	7	0	1	1	0.7792	0.8460
77	721	1	1274.3930	12	15	0	1	1	0.7795	0.8640
77	722	1	1275.9429	9	11	0	1	1	0.7798	0.7377
77	723	1	1277.4929	8	8	90	1	1	0.7801	0.8038
77	724	1	1279.0429	5	2	0	1	1	0.7804	0.6301
77	725	1	1280.5929	4	6	0	1	1	0.7807	1.1434
77	726	1	1282.1429	3	10	0	1	1	0.7810	0.9535
77	727	1	1283.6929	1	1	0	1	1	0.7813	0.9393
77	728	1	1285.2429	2	14	0	-1	0	0.7802	-1.0000
77	729	1	1286.9929	3	10	90	1	1	0.7805	1.1436
77	730	1	1288.5429	15	4	0	1	1	0.7808	0.6340
77	731	1	1290.0929	2	14	0	1	1	0.7811	0.8601
77	732	1	1291.6429	1	1	0	1	1	0.7814	0.7335
77	733	1	1293.1928	15	4	90	1	1	0.7817	0.8958
77	734	1	1294.7429	3	10	0	1	1	0.7820	0.6099
77	735	1	1296.2929	15	4	0	1	1	0.7823	0.8034
77	736	1	1297.8429	14	13	0	1	1	0.7826	0.7735
77	737	1	1299.3928	2	14	90	0	1	0.7815	0.9839
77	738	1	1300.9428	3	10	0	1	1	0.7818	0.5697
77	739	1	1302.4929	4	6	0	1	1	0.7821	0.9077
77	740	1	1304.0428	5	2	0	1	1	0.7824	0.6057
77	741	1	1305.5928	6	5	90	0	1	0.7814	0.6078
77	742	1	1307.1427	5	2	90	1	1	0.7817	0.8655
77	743	1	1308.6928	6	5	0	1	1	0.7820	0.7079
77	744	1	1310.2427	8	8	0	1	1	0.7823	0.8056
77	745	1	1311.7927	9	11	0	1	1	0.7826	0.8076
77	746	1	1313.3427	10	3	90	1	1	0.7828	0.8576
77	747	1	1314.8927	12	15	0	1	1	0.7831	0.6839
77	748	1	1316.4427	10	3	90	1	1	0.7834	0.7656
77	749	1	1317.9927	12	15	0	1	1	0.7837	0.8002
77	750	1	1319.5427	13	7	0	1	1	0.7840	1.0420
77	751	1	1321.0927	12	15	0	1	1	0.7843	0.7239
77	752	1	1322.6427	10	3	0	1	1	0.7846	0.6300
77	753	1	1324.1927	13	7	0	1	1	0.7849	0.7923
77	754	1	1325.7427	10	3	0	1	1	0.7851	0.6179
77	755	1	1327.2926	13	7	0	1	1	0.7854	0.7960
77	756	1	1328.8426	12	15	0	1	1	0.7857	0.6061
77	757	1	1330.3926	10	3	0	1	1	0.7860	0.6724
77	758	1	1331.9427	13	7	0	1	1	0.7863	0.6742
77	759	1	1333.4926	11	12	0	1	1	0.7866	0.6758
77	760	1	1335.0426	13	7	90	0	1	0.7855	0.9019
77	761	1	1336.5926	11	12	0	1	1	0.7858	0.5996
77	762	1	1338.1426	13	7	0	1	1	0.7861	0.6817
77	763	1	1339.6926	11	12	0	1	1	0.7864	0.5722
77	764	1	1341.2426	12	15	0	1	1	0.7866	0.6700
77	765	1	1342.7925	9	11	0	1	1	0.7869	0.7202
77	766	1	1344.3426	11	12	0	1	1	0.7872	0.5940
77	767	1	1345.8925	13	7	0	1	1	0.7875	0.7560
77	768	1	1347.4425	10	3	90	0	1	0.7865	0.5659
77	769	1	1348.9925	13	7	0	1	1	0.7867	0.6319
77	770	1	1350.5425	10	3	90	1	1	0.7870	0.8260
77	771	1	1352.0925	11	12	0	1	1	0.7873	0.6997
77	772	1	1353.6425	12	15	0	1	1	0.7876	0.7980
77	773	1	1355.1925	13	7	0	1	1	0.7878	0.9764
77	774	1	1356.7425	11	12	90	1	1	0.7881	1.0582
77	775	1	1358.2925	12	15	0	1	1	0.7884	0.6443
77	776	1	1359.8425	13	7	0	1	1	0.7887	0.6782
77	777	1	1361.3924	12	15	0	1	1	0.7889	0.6478
77	778	1	1362.9424	10	3	90	1	1	0.7892	0.7942
77	779	1	1364.4924	9	11	0	1	1	0.7895	0.7000
77	780	1	1366.0424	12	15	0	1	1	0.7897	0.6064
77	781	1	1367.5924	9	11	90	1	1	0.7900	1.1204
77	782	1	1369.1424	8	8	0	1	1	0.7903	0.7859
77	783	1	1370.6924	7	9	0	1	1	0.7905	0.6598
77	784	1	1372.2424	6	5	0	1	1	0.7908	0.6943
77	785	1	1373.7924	5	2	0	1	1	0.7911	0.6799
77	786	1	1375.3424	4	6	0	1	1	0.7913	0.9698
77	787	1	1376.8924	5	2	90	0	1	0.7903	1.0522
77	788	1	1378.4423	7	9	90	1	1	0.7906	0.7983
77	789	1	1379.9923	6	5	90	1	1	0.7909	0.7682
77	790	1	1381.5423	5	2	0	1	1	0.7911	0.8500
77	791	1	1383.0923	6	5	0	1	1	0.7914	0.6283
77	792	1	1384.6423	8	8	0	1	1	0.7917	0.5979
77	793	1	1386.1924	7	9	0	1	1	0.7919	0.6319
77	794	1	1387.7423	8	8	0	1	1	0.7922	0.9545
77	795	1	1389.2923	5	2	0	1	1	0.7925	0.9566
77	796	1	1390.8423	4	6	0	1	1	0.7927	0.7344
77	797	1	1392.3923	7	9	90	1	1	0.7930	0.9123
77	798	1	1393.9423	6	5	0	1	1	0.7932	0.7702
77	799	1	1395.4922	8	8	0	1	1	0.7935	0.6765
77	800	1	1397.0422	6	5	0	1	1	0.7937	0.7423
77	801	1	1398.5923	8	8	90	1	1	0.7940	0.9526
77	802	1	1400.1422	7	9	0	1	1	0.7943	0.8264
77	803	1	1401.6922	8	8	0	1	1	0.7945	0.7804
77	804	1	1403.2422	7	9	0	1	1	0.7948	0.6860
77	805	1	1404.7922	8	8	0	1	1	0.7950	0.5920
77	806	1	1406.3422	5	2	90	1	1	0.7953	0.9305
77	807	1	1407.8922	8	8	0	1	1	0.7955	0.6766
77	808	1	1409.4422	9	11	0	1	1	0.7958	0.7267
77	809	1	1410.9922	11	12	0	1	1	0.7960	0.7607
77	810	1	1412.5422	9	11	0	1	1	0.7963	0.7302
77	811	1	1414.0921	8	8	0	1	1	0.7965	0.6361
77	812	1	1415.6421	9	11	0	1	1	0.7968	0.5901
77	813	1	1417.1921	11	12	0	1	1	0.7970	0.7363
77	814	1	1418.7421	13	7	0	0	1	0.7961	0.7705
77	815	1	1420.2921	10	3	90	-1	0	0.7951	-1.0000
77	816	1	1422.0255	13	7	0	1	1	0.7953	0.7509
77	817	1	1423.5754	12	15	0	1	1	0.7956	0.7688
77	818	1	1425.1254	10	3	0	1	1	0.7958	0.6432
77	819	1	1426.6755	12	15	0	1	1	0.7961	0.6772
77	820	1	1428.2254	13	7	0	0	1	0.7951	0.6791
77	821	1	1429.7754	12	15	90	1	1	0.7954	0.9852
77	822	1	1431.3254	9	11	0	1	1	0.7956	0.9071
77	823	1	1432.8754	11	12	0	1	1	0.7959	1.0533
77	824	1	1434.4254	13	7	90	0	1	0.7949	0.7989
77	825	1	1435.9754	10	3	0	1	1	0.7952	0.6889
77	826	1	1437.5253	9	11	0	1	1	0.7954	0.6912
77	827	1	1439.0753	8	8	90	1	1	0.7956	1.1251
77	828	1	1440.6254	5	2	0	1	1	0.7959	0.7748
77	829	1	1442.1753	7	9	0	1	1	0.7961	0.7454
77	830	1	1443.7253	4	6	0	1	1	0.7964	0.8915
77	831	1	1445.2753	5	2	90	1	1	0.7966	0.9733
77	832	1	1446.8253	4	6	90	1	1	0.7969	1.2311
77	833	1	1448.3753	3	10	0	1	1	0.7971	0.9930
77	834	1	1449.9253	4	6	0	1	1	0.7974	0.8990
77	835	1	1451.4753	3	10	0	1	1	0.7976	0.7889
77	836	1	1453.0252	15	4	0	1	1	0.7978	0.9354
77	837	1	1454.5752	1	1	0	1	1	0.7981	0.7131
77	838	1	1456.1253	14	13	0	1	1	0.7983	0.6834
77	839	1	1457.6752	15	4	0	1	1	0.7986	0.6374
77	840	1	1459.2253	3	10	0	1	1	0.7988	0.6712
77	841	1	1460.7752	4	6	0	1	1	0.7990	1.0891
77	842	1	1462.3252	5	2	0	1	1	0.7993	0.7070
77	843	1	1463.8752	8	8	0	1	1	0.7995	0.6130
77	844	1	1465.4252	7	9	0	1	1	0.7998	0.9511
77	845	1	1466.9752	5	2	0	1	1	0.8000	0.6177
77	846	1	1468.5252	6	5	0	1	1	0.8002	0.6833
77	847	1	1470.0752	4	6	0	1	1	0.8005	0.8454
77	848	1	1471.6251	7	9	0	1	1	0.8007	0.6231
77	849	1	1473.1752	4	6	0	1	1	0.8009	0.7214
77	850	1	1474.7252	5	2	0	1	1	0.8012	1.0270
77	851	1	1476.2751	6	5	0	1	1	0.8014	0.6938
77	852	1	1477.8251	5	2	0	1	1	0.8016	0.5512
77	853	1	1479.3751	7	9	0	1	1	0.8019	0.6331
77	854	1	1480.9251	4	6	0	1	1	0.8021	0.6354
77	855	1	1482.4751	6	5	90	1	1	0.8023	0.7818
77	856	1	1484.0251	4	6	90	1	1	0.8026	0.8634
77	857	1	1485.5751	6	5	0	1	1	0.8028	0.6896
77	858	1	1487.1251	5	2	0	1	1	0.8030	0.6754
77	859	1	1488.6750	4	6	0	1	1	0.8033	1.0297
77	860	1	1490.2250	6	5	90	1	1	0.8035	0.7432
77	861	1	1491.7750	5	2	0	1	1	0.8037	0.7455
77	862	1	1493.3250	7	9	0	1	1	0.8039	0.6834
77	863	1	1494.8750	6	5	0	0	1	0.8030	0.6852
77	864	1	1496.4250	7	9	0	1	1	0.8032	0.6072
77	865	1	1497.9750	4	6	0	1	1	0.8035	0.8172
77	866	1	1499.5250	3	10	0	1	1	0.8037	0.8197
77	867	1	1501.0750	15	4	0	1	1	0.8039	0.6456
77	868	1	1502.6250	1	1	0	1	1	0.8041	0.7753
77	869	1	1504.1750	2	14	0	1	1	0.8044	0.8897
77	870	1	1505.7249	14	13	0	1	1	0.8046	1.0353
77	871	1	1507.2749	2	14	0	1	1	0.8048	0.8938
77	872	1	1508.8250	15	4	0	1	1	0.8050	0.7676
77	873	1	1510.3749	3	10	0	1	1	0.8053	0.7052
77	874	1	1511.9249	2	14	0	1	1	0.8055	0.8038
77	875	1	1513.4749	14	13	0	1	1	0.8057	0.7741
77	876	1	1515.0249	1	1	0	1	1	0.8059	0.8397
77	877	1	1516.5749	14	13	0	1	1	0.8062	0.6973
77	878	1	1518.1249	15	4	0	1	1	0.8064	0.6992
77	879	1	1519.9416	14	13	0	1	1	0.8066	1.0268
77	880	1	1521.4915	2	14	0	1	1	0.8068	0.5806
77	881	1	1523.0415	14	13	0	1	1	0.8070	0.6791
77	882	1	1524.5915	13	7	90	0	1	0.8061	0.7286
77	883	1	1526.1415	10	3	0	1	1	0.8063	0.7309
77	884	1	1527.6915	12	15	0	1	1	0.8066	0.8452
77	885	1	1529.2415	9	11	90	0	1	0.8056	1.1832
77	886	1	1530.7915	10	3	0	1	1	0.8059	0.5289
77	887	1	1532.3415	12	15	0	1	1	0.8061	0.7236
77	888	1	1533.8914	9	11	90	0	1	0.8052	1.2851
77	889	1	1535.4414	8	8	0	1	1	0.8054	0.6789
77	890	1	1536.9915	6	5	0	1	1	0.8056	1.1294
77	891	1	1538.5414	7	9	0	1	1	0.8058	0.6831
77	892	1	1540.0914	8	8	90	1	1	0.8061	0.7488
77	893	1	1541.6414	7	9	0	1	1	0.8063	0.6391
77	894	1	1543.1914	4	6	0	1	1	0.8065	0.9293
77	895	1	1544.7414	6	5	90	1	1	0.8067	0.8352
77	896	1	1546.2914	4	6	0	1	1	0.8069	0.8055
77	897	1	1547.8414	3	10	0	1	1	0.8071	0.7908
77	898	1	1549.3913	4	6	0	1	1	0.8073	0.8088
77	899	1	1550.9413	3	10	90	1	1	0.8076	1.1628
77	900	1	1552.4913	4	6	0	1	1	0.8078	0.7648
77	901	1	1554.0413	3	10	0	1	1	0.8080	0.7191
77	902	1	1555.5913	1	1	0	1	1	0.8082	0.7369
77	903	1	1557.1413	14	13	0	1	1	0.8084	0.7229
77	904	1	1558.6913	13	7	0	0	1	0.8075	0.8373
77	905	1	1560.2413	11	12	0	1	1	0.8077	0.8069
77	906	1	1561.7913	10	3	0	1	1	0.8079	0.6333
77	907	1	1563.3413	11	12	0	1	1	0.8082	0.6669
77	908	1	1564.8913	13	7	0	1	1	0.8084	0.6852
77	909	1	1566.4413	12	15	0	1	1	0.8086	0.6712
77	910	1	1567.9912	9	11	0	1	1	0.8088	0.7049
77	911	1	1569.5412	10	3	90	1	1	0.8090	0.8189
77	912	1	1571.0912	13	7	0	1	1	0.8092	0.7733
77	913	1	1572.6412	11	12	0	1	1	0.8094	0.7592
77	914	1	1574.1912	10	3	0	1	1	0.8096	0.6011
77	915	1	1575.7412	12	15	0	1	1	0.8098	0.6194
77	916	1	1577.2912	11	12	0	1	1	0.8100	0.6697
77	917	1	1578.8412	10	3	0	1	1	0.8103	0.5750
77	918	1	1580.3912	11	12	0	1	1	0.8105	0.5613
77	919	1	1581.9412	12	15	0	1	1	0.8107	0.5954
77	920	1	1583.4912	11	12	0	1	1	0.8109	0.6930
77	921	1	1585.0411	9	11	0	1	1	0.8111	0.6313
77	922	1	1586.5911	8	8	0	1	1	0.8113	0.6498
77	923	1	1588.1412	6	5	0	1	1	0.8115	0.6515
77	924	1	1589.6911	5	2	0	1	1	0.8117	0.6850
77	925	1	1591.2411	4	6	0	1	1	0.8119	0.8151
77	926	1	1592.7911	6	5	0	1	1	0.8121	0.7855
77	927	1	1594.3411	8	8	0	1	1	0.8123	0.5795
77	928	1	1595.8911	6	5	0	1	1	0.8125	0.6934
77	929	1	1597.4411	8	8	0	1	1	0.8127	0.6631
77	930	1	1598.9911	9	11	0	1	1	0.8129	0.6332
77	931	1	1600.5410	11	12	0	1	1	0.8131	0.6993
77	932	1	1602.0910	12	15	0	1	1	0.8133	0.6534
77	933	1	1603.6411	9	11	90	0	1	0.8124	1.3595
77	934	1	1605.2244	10	3	0	1	1	0.8126	0.5760
77	935	1	1606.7743	12	15	0	1	1	0.8128	0.8498
77	936	1	1608.3243	9	11	90	-1	0	0.8120	-1.0000
77	937	1	1610.0577	12	15	0	1	1	0.8122	0.7508
77	938	1	1611.6077	9	11	0	1	1	0.8124	0.7688
77	939	1	1613.1577	10	3	0	1	1	0.8126	0.6593
77	940	1	1614.7077	13	7	90	0	1	0.8117	0.9645
77	941	1	1616.2576	14	13	0	1	1	0.8119	0.6466
77	942	1	1617.8077	2	14	0	1	1	0.8121	0.7285
77	943	1	1619.3576	14	13	90	1	1	0.8123	0.9546
77	944	1	1620.9076	15	4	0	1	1	0.8125	0.6205
77	945	1	1622.4576	3	10	0	1	1	0.8127	0.7510
77	946	1	1624.0076	15	4	0	1	1	0.8129	0.6250
77	947	1	1625.5576	14	13	0	1	1	0.8131	0.7069
77	948	1	1627.1076	15	4	90	1	1	0.8133	0.9968
77	949	1	1628.6576	3	10	0	1	1	0.8135	0.6792
77	950	1	1630.2076	1	1	90	1	1	0.8137	0.9372
77	951	1	1631.7575	15	4	90	1	1	0.8139	0.8110
77	952	1	1633.3076	2	14	0	1	1	0.8141	0.8926
77	953	1	1634.8575	15	4	0	1	1	0.8143	1.0066
77	954	1	1636.4075	14	13	0	1	1	0.8145	0.7211
77	955	1	1637.9575	1	1	0	1	1	0.8147	0.6906
77	956	1	1639.5075	14	13	0	1	1	0.8149	0.7730
77	957	1	1641.0575	1	1	0	1	1	0.8150	0.6471
77	958	1	1642.6075	15	4	0	1	1	0.8152	0.6173
77	959	1	1644.1575	3	10	0	1	1	0.8154	0.7789
77	960	1	1645.7075	2	14	0	1	1	0.8156	0.7967
77	961	1	1647.2575	15	4	90	-1	0	0.8148	-1.0000
77	962	1	1648.9741	3	10	90	1	1	0.8150	1.4988
77	963	1	1650.6074	4	6	0	1	1	0.8152	0.9850
77	964	1	1652.1574	6	5	90	1	1	0.8154	0.8912
77	965	1	1653.7075	7	9	0	1	1	0.8155	0.7170
77	966	1	1655.2574	6	5	0	1	1	0.8157	0.7511
77	967	1	1656.8074	8	8	90	1	1	0.8159	0.7209
77	968	1	1658.3574	9	11	0	1	1	0.8161	0.9787
77	969	1	1659.9074	8	8	0	1	1	0.8163	0.6447
77	970	1	1661.4574	9	11	0	1	1	0.8165	0.8228
77	971	1	1663.0073	12	15	0	1	1	0.8167	0.6968
77	972	1	1664.5574	10	3	0	1	1	0.8169	0.7310
77	973	1	1666.1073	12	15	0	1	1	0.8171	0.6048
77	974	1	1667.6573	10	3	90	1	1	0.8172	0.6554
77	975	1	1669.2073	9	11	0	1	1	0.8174	0.4648
77	976	1	1670.7573	12	15	0	1	1	0.8176	0.5628
77	977	1	1672.3073	13	7	0	0	1	0.8168	0.8212
77	978	1	1673.8573	14	13	90	1	1	0.8170	1.0148
77	979	1	1675.4073	1	1	0	1	1	0.8172	0.8088
77	980	1	1676.9573	2	14	0	1	1	0.8173	0.7629
77	981	1	1678.5073	3	10	90	1	1	0.8175	0.8614
77	982	1	1680.0573	2	14	0	1	1	0.8177	0.8635
77	983	1	1681.6073	14	13	0	1	1	0.8179	0.7372
77	984	1	1683.1572	2	14	0	1	1	0.8181	0.7549
77	985	1	1684.7072	15	4	0	1	1	0.8183	0.6932
77	986	1	1686.2572	14	13	0	1	1	0.8185	0.8072
77	987	1	1687.8072	2	14	0	1	1	0.8186	0.6969
77	988	1	1689.3572	3	10	0	1	1	0.8188	1.0669
77	989	1	1690.9072	1	1	0	1	1	0.8190	0.7173
77	990	1	1692.4572	14	13	0	1	1	0.8192	0.6712
77	991	1	1694.0072	2	14	0	1	1	0.8194	0.6092
77	992	1	1695.5572	14	13	0	1	1	0.8196	0.7716
77	993	1	1697.1072	1	1	90	1	1	0.8197	0.8210
77	994	1	1698.6572	3	10	0	1	1	0.8199	0.8393
77	995	1	1700.2072	2	14	0	1	1	0.8201	0.7133
77	996	1	1701.7572	14	13	0	1	1	0.8203	0.6190
77	997	1	1703.3071	2	14	0	1	1	0.8205	0.6215
77	998	1	1704.8572	1	1	0	1	1	0.8206	0.5912
77	999	1	1706.4071	2	14	0	1	1	0.8208	0.4973
77	1000	1	1707.9572	1	1	0	1	1	0.8210	0.5479
77	1001	1	1709.5071	2	14	90	1	1	0.8212	1.1254
77	1002	1	1711.0571	14	13	0	1	1	0.8214	0.7749
77	1003	1	1712.6071	2	14	0	1	1	0.8215	0.7934
77	1004	1	1714.1571	3	10	0	1	1	0.8217	0.7954
77	1005	1	1715.7072	1	1	0	1	1	0.8219	0.6530
77	1006	1	1717.2570	15	4	0	1	1	0.8221	0.7519
77	1007	1	1718.8070	1	1	0	1	1	0.8222	0.7371
77	1008	1	1720.3571	2	14	0	1	1	0.8224	0.7714
77	1009	1	1721.9070	14	13	0	1	1	0.8226	0.6775
77	1010	1	1723.4570	2	14	0	1	1	0.8228	0.6636
77	1011	1	1725.0070	14	13	90	1	1	0.8229	0.9694
77	1012	1	1726.5570	1	1	0	1	1	0.8231	0.6834
77	1013	1	1728.1070	15	4	90	1	1	0.8233	0.7815
77	1014	1	1729.6570	14	13	0	1	1	0.8235	0.6399
77	1015	1	1731.2070	13	7	90	0	1	0.8227	0.9296
77	1016	1	1732.7570	11	12	0	-1	0	0.8219	-1.0000
77	1017	1	1734.4904	10	3	0	1	1	0.8220	1.2145
77	1018	1	1736.0403	11	12	0	1	1	0.8222	0.6244
77	1019	1	1737.5903	10	3	0	1	1	0.8224	0.6102
77	1020	1	1739.1403	9	11	0	1	1	0.8225	0.7882
77	1021	1	1740.6903	10	3	0	1	1	0.8227	0.8539
77	1022	1	1742.2403	13	7	0	0	1	0.8219	1.0639
77	1023	1	1743.7902	10	3	90	0	1	0.8211	0.5706
77	1024	1	1745.3402	13	7	0	1	1	0.8213	0.8759
77	1025	1	1746.8902	14	13	0	1	1	0.8215	0.7823
77	1026	1	1748.4402	13	7	0	1	1	0.8216	0.6719
77	1027	1	1749.9902	11	12	90	1	1	0.8218	1.0424
77	1028	1	1751.5402	13	7	0	1	1	0.8220	0.9962
77	1029	1	1753.0902	11	12	0	1	1	0.8222	0.8380
77	1030	1	1754.6402	13	7	0	1	1	0.8223	0.7282
77	1031	1	1756.1902	14	13	0	1	1	0.8225	0.8423
77	1032	1	1757.7402	15	4	90	1	1	0.8227	0.8768
77	1033	1	1759.2901	14	13	0	1	1	0.8228	0.7184
77	1034	1	1760.8401	2	14	0	1	1	0.8230	0.7360
77	1035	1	1762.3901	15	4	0	1	1	0.8232	0.6580
77	1036	1	1763.9401	3	10	0	1	1	0.8234	0.7563
77	1037	1	1765.4901	4	6	0	1	1	0.8235	0.9028
77	1038	1	1767.0401	3	10	0	1	1	0.8237	0.8564
77	1039	1	1768.5901	1	1	0	1	1	0.8239	0.6823
77	1040	1	1770.1401	3	10	0	1	1	0.8240	0.6048
77	1041	1	1771.6901	15	4	0	1	1	0.8242	0.6388
77	1042	1	1773.2401	14	13	0	1	1	0.8244	0.7686
77	1043	1	1774.7901	2	14	90	1	1	0.8245	0.9304
77	1044	1	1776.3400	14	13	0	1	1	0.8247	0.6764
77	1045	1	1777.8900	13	7	0	1	1	0.8249	0.8704
77	1046	1	1779.4400	11	12	0	1	1	0.8250	0.6970
77	1047	1	1780.9900	9	11	90	1	1	0.8252	1.3550
77	1048	1	1782.5400	11	12	0	1	1	0.8254	0.7330
77	1049	1	1784.0901	13	7	90	1	1	0.8255	0.9584
77	1050	1	1785.6400	12	15	0	1	1	0.8257	0.7530
77	1051	1	1787.1900	13	7	0	1	1	0.8259	0.8351
77	1052	1	1788.7400	10	3	0	1	1	0.8260	0.7885
77	1053	1	1790.2900	11	12	0	1	1	0.8262	0.8226
77	1054	1	1791.8400	12	15	0	1	1	0.8264	0.7441
77	1055	1	1793.3899	9	11	0	1	1	0.8265	0.8270
77	1056	1	1794.9399	12	15	0	1	1	0.8267	0.7329
77	1057	1	1796.4899	11	12	0	1	1	0.8269	0.7828
77	1058	1	1798.0399	10	3	0	1	1	0.8270	0.6410
77	1059	1	1799.5899	13	7	90	1	1	0.8272	0.8025
77	1060	1	1801.1399	10	3	0	1	1	0.8274	0.7725
77	1061	1	1802.6899	12	15	90	1	1	0.8275	0.7905
77	1062	1	1804.2399	9	11	0	1	1	0.8277	0.6802
77	1063	1	1805.7899	12	15	90	1	1	0.8278	0.7782
77	1064	1	1807.3399	10	3	90	0	1	0.8271	0.7806
77	1065	1	1808.8899	12	15	0	1	1	0.8272	0.7346
77	1066	1	1810.4398	13	7	0	1	1	0.8274	0.8331
77	1067	1	1811.9898	12	15	0	1	1	0.8276	0.9303
77	1068	1	1813.5399	10	3	0	1	1	0.8277	0.7086
77	1069	1	1815.0899	12	15	0	1	1	0.8279	0.6628
77	1070	1	1816.6398	13	7	0	1	1	0.8280	0.7771
77	1071	1	1818.1898	14	13	0	1	1	0.8282	0.7147
77	1072	1	1819.7398	15	4	0	1	1	0.8284	0.6684
77	1073	1	1821.2898	3	10	0	1	1	0.8285	0.6707
77	1074	1	1822.8398	1	1	0	1	1	0.8287	0.7207
77	1075	1	1824.3898	2	14	90	1	1	0.8288	0.8827
77	1076	1	1825.9398	15	4	0	1	1	0.8290	0.8690
77	1077	1	1827.4898	3	10	0	1	1	0.8292	0.8070
77	1078	1	1829.0398	15	4	0	1	1	0.8293	0.7283
77	1079	1	1830.5897	2	14	90	0	1	0.8285	1.1147
77	1080	1	1832.1397	3	10	0	1	1	0.8287	1.0369
77	1081	1	1833.6897	2	14	0	1	1	0.8289	1.1188
77	1082	1	1835.2397	15	4	0	-1	0	0.8281	-1.0000
77	1083	1	1836.9731	3	10	0	1	1	0.8283	0.7318
77	1084	1	1838.5230	15	4	0	1	1	0.8284	0.6375
77	1085	1	1840.0730	14	13	0	1	1	0.8286	0.7191
77	1086	1	1841.6230	13	7	0	1	1	0.8287	1.3460
77	1087	1	1843.1730	11	12	0	1	1	0.8289	0.6591
77	1088	1	1844.7230	9	11	90	1	1	0.8290	1.0614
77	1089	1	1846.2730	10	3	0	1	1	0.8292	0.7431
77	1090	1	1847.8230	13	7	0	1	1	0.8294	0.8259
77	1091	1	1849.3730	12	15	90	1	1	0.8295	0.9240
77	1092	1	1850.9230	10	3	0	1	1	0.8297	0.8934
77	1093	1	1852.4729	9	11	0	1	1	0.8298	0.8475
77	1094	1	1854.0229	12	15	0	1	1	0.8300	0.7055
77	1095	1	1855.5729	13	7	90	1	1	0.8301	1.0756
77	1096	1	1857.1229	11	12	0	1	1	0.8303	0.7574
77	1097	1	1858.6729	13	7	0	1	1	0.8304	0.9036
77	1098	1	1860.2229	10	3	0	1	1	0.8306	0.6180
77	1099	1	1861.7729	13	7	0	1	1	0.8308	0.6992
77	1100	1	1863.3229	14	13	0	1	1	0.8309	0.7018
77	1101	1	1864.8729	15	4	90	1	1	0.8311	0.7521
77	1102	1	1866.4229	2	14	0	1	1	0.8312	0.9456
77	1103	1	1867.9729	3	10	90	1	1	0.8314	1.0601
77	1104	1	1869.5228	2	14	0	1	1	0.8315	0.7093
77	1105	1	1871.0728	15	4	90	1	1	0.8317	0.6800
77	1106	1	1872.6228	1	1	0	1	1	0.8318	0.7292
77	1107	1	1874.1728	2	14	0	1	1	0.8320	0.8436
77	1108	1	1875.7228	15	4	90	1	1	0.8321	0.7497
77	1109	1	1877.2728	14	13	0	1	1	0.8323	0.6236
77	1110	1	1878.8228	13	7	0	1	1	0.8324	0.7538
77	1111	1	1880.3728	14	13	0	1	1	0.8326	0.6276
77	1112	1	1881.9228	2	14	0	1	1	0.8327	0.6138
77	1113	1	1883.4728	14	13	0	1	1	0.8329	0.6477
77	1114	1	1885.0228	1	1	0	1	1	0.8330	0.6662
77	1115	1	1886.5727	2	14	90	1	1	0.8332	1.0676
77	1116	1	1888.1227	14	13	0	1	1	0.8333	0.6701
77	1117	1	1889.6727	1	1	90	1	1	0.8335	0.9599
77	1118	1	1891.2227	3	10	0	1	1	0.8336	0.7217
77	1119	1	1892.7727	4	6	0	1	1	0.8338	0.8037
77	1120	1	1894.3227	6	5	0	1	1	0.8339	0.7414
77	1121	1	1895.8727	5	2	90	1	1	0.8341	0.8237
77	1122	1	1897.4227	8	8	90	1	1	0.8342	0.9055
77	1123	1	1898.9726	5	2	0	1	1	0.8344	1.0034
77	1124	1	1900.5227	6	5	90	1	1	0.8345	0.7823
77	1125	1	1902.0727	7	9	90	1	1	0.8347	0.7683
77	1126	1	1903.6227	6	5	0	1	1	0.8348	0.6258
77	1127	1	1905.1726	4	6	0	1	1	0.8350	0.7394
77	1128	1	1906.7226	5	2	0	1	1	0.8351	0.7734
77	1129	1	1908.2726	7	9	0	1	1	0.8353	0.7760
77	1130	1	1909.8226	6	5	0	1	1	0.8354	0.7623
77	1131	1	1911.3726	8	8	0	1	1	0.8355	0.8921
77	1132	1	1912.9226	5	2	0	1	1	0.8357	0.7334
77	1133	1	1914.4726	8	8	90	1	1	0.8358	0.9119
77	1134	1	1916.0225	9	11	90	1	1	0.8360	1.4424
77	1135	1	1917.5726	12	15	0	1	1	0.8361	0.7555
77	1136	1	1919.1226	11	12	90	1	1	0.8363	0.8543
77	1137	1	1920.6726	12	15	0	1	1	0.8364	1.1283
77	1138	1	1922.2225	13	7	90	1	1	0.8366	0.8905
77	1139	1	1923.7725	10	3	0	1	1	0.8367	0.7319
77	1140	1	1925.3225	13	7	0	1	1	0.8368	0.7815
77	1141	1	1926.8725	11	12	90	1	1	0.8370	0.9600
77	1142	1	1928.4225	9	11	0	1	1	0.8371	0.8495
77	1143	1	1929.9725	8	8	0	1	1	0.8373	0.8359
77	1144	1	1931.5225	6	5	0	1	1	0.8374	0.7747
77	1145	1	1933.0725	8	8	0	1	1	0.8376	0.9190
77	1146	1	1934.6225	5	2	0	1	1	0.8377	0.9385
77	1147	1	1936.1725	8	8	0	1	1	0.8378	1.0360
77	1148	1	1937.7225	9	11	90	1	1	0.8380	1.0224
77	1149	1	1939.2724	11	12	90	1	1	0.8381	1.0716
77	1150	1	1940.8224	12	15	90	1	1	0.8383	1.0420
77	1151	1	1942.3724	9	11	0	1	1	0.8384	1.0279
77	1152	1	1943.9224	12	15	90	1	1	0.8385	1.0616
77	1153	1	1945.4724	10	3	0	1	1	0.8387	1.0966
77	1154	1	1947.0224	9	11	0	1	1	0.8388	1.0981
77	1155	1	1948.5724	8	8	90	1	1	0.8390	1.0837
77	1156	1	1950.1224	7	9	0	1	1	0.8391	1.0376
77	1157	1	1951.6724	5	2	90	1	1	0.8392	0.9601
77	1158	1	1953.2224	8	8	0	1	1	0.8394	0.7865
77	1159	1	1954.7724	6	5	0	1	1	0.8395	0.8520
77	1160	1	1956.3223	8	8	0	1	1	0.8397	0.9016
77	1161	1	1957.8723	5	2	0	1	1	0.8398	0.9840
77	1162	1	1959.4223	7	9	0	1	1	0.8399	1.2588
77	1163	1	1960.9723	4	6	90	1	1	0.8401	1.1157
77	1164	1	1962.5223	6	5	0	1	1	0.8402	1.0226
77	1165	1	1964.0723	7	9	0	1	1	0.8403	0.9927
77	1166	1	1965.6223	6	5	90	1	1	0.8405	1.2017
77	1167	1	1967.1723	5	2	0	1	1	0.8406	0.9637
77	1168	1	1968.7222	8	8	90	1	1	0.8408	0.8222
77	1169	1	1970.2723	5	2	0	1	1	0.8409	0.7126
77	1170	1	1971.8223	7	9	90	1	1	0.8410	0.7462
77	1171	1	1973.3722	8	8	0	1	1	0.8412	0.6688
77	1172	1	1974.9222	9	11	0	1	1	0.8413	0.7661
77	1173	1	1976.4722	10	3	0	1	1	0.8414	0.6886
77	1174	1	1978.0222	13	7	90	1	1	0.8416	0.7703
77	1175	1	1979.5722	10	3	0	1	1	0.8417	0.7878
77	1176	1	1981.1222	9	11	0	1	1	0.8418	0.7418
77	1177	1	1982.6722	10	3	0	1	1	0.8420	0.6641
77	1178	1	1984.2222	13	7	0	1	1	0.8421	0.9541
77	1179	1	1985.7722	10	3	90	1	1	0.8422	0.8287
77	1180	1	1987.3222	9	11	90	1	1	0.8424	1.0538
77	1181	1	1988.8722	12	15	0	1	1	0.8425	0.9449
77	1182	1	1990.4222	9	11	0	1	1	0.8426	0.7387
77	1183	1	1991.9721	8	8	0	1	1	0.8428	0.6602
77	1184	1	1993.5221	7	9	0	1	1	0.8429	0.6619
77	1185	1	1995.0721	6	5	0	1	1	0.8430	0.6159
77	1186	1	1996.6221	5	2	0	1	1	0.8432	0.6346
77	1187	1	1998.1721	8	8	0	1	1	0.8433	0.6039
77	1188	1	1999.7221	5	2	0	1	1	0.8434	0.4939
77	1189	1	2001.2721	7	9	0	1	1	0.8436	0.6083
77	1190	1	2002.8221	8	8	0	1	1	0.8437	0.4831
77	1191	1	2004.3721	9	11	0	1	1	0.8438	0.5005
77	1192	1	2005.9221	11	12	0	1	1	0.8440	0.6624
77	1193	1	2007.7387	13	7	0	1	1	0.8441	0.9733
77	1194	1	2009.2887	12	15	0	1	1	0.8442	0.6397
77	1195	1	2010.8387	13	7	90	1	1	0.8444	0.9461
77	1196	1	2012.3887	12	15	0	1	1	0.8445	0.7081
77	1197	1	2013.9387	10	3	0	1	1	0.8446	0.6781
77	1198	1	2015.4887	9	11	0	1	1	0.8447	0.7913
77	1199	1	2017.0387	8	8	0	1	1	0.8449	0.6177
77	1200	1	2018.5887	9	11	0	1	1	0.8450	0.5877
77	1201	1	2020.1387	8	8	90	1	1	0.8451	0.8133
77	1202	1	2021.6886	6	5	90	1	1	0.8453	0.7998
77	1203	1	2023.2386	8	8	0	1	1	0.8454	0.6098
77	1204	1	2024.7886	7	9	0	1	1	0.8455	0.7077
77	1205	1	2026.3386	6	5	0	1	1	0.8456	0.7254
77	1206	1	2027.8886	8	8	90	1	1	0.8458	0.6314
77	1207	1	2029.4386	6	5	0	1	1	0.8459	0.9374
77	1208	1	2030.9886	8	8	0	1	1	0.8460	0.9718
77	1209	1	2032.5386	9	11	90	1	1	0.8462	0.9263
77	1210	1	2034.0886	11	12	0	1	1	0.8463	0.9603
77	1211	1	2035.6386	13	7	0	1	1	0.8464	0.8662
77	1212	1	2037.1886	11	12	0	1	1	0.8465	0.6434
77	1213	1	2038.7385	13	7	0	1	1	0.8467	0.7423
77	1214	1	2040.2885	10	3	0	1	1	0.8468	0.6955
77	1215	1	2041.8385	11	12	0	1	1	0.8469	0.6338
77	1216	1	2043.3885	12	15	0	1	1	0.8470	0.7003
77	1217	1	2044.9385	10	3	90	1	1	0.8472	0.8454
77	1218	1	2046.4885	11	12	90	1	1	0.8473	0.9755
77	1219	1	2048.0385	12	15	0	1	1	0.8474	0.8022
77	1220	1	2049.5885	10	3	0	1	1	0.8475	0.7235
77	1221	1	2051.1385	13	7	0	1	1	0.8477	0.8698
77	1222	1	2052.6885	10	3	90	1	1	0.8478	1.2559
77	1223	1	2054.2385	9	11	0	1	1	0.8479	0.9699
77	1224	1	2055.7884	10	3	0	1	1	0.8480	0.7643
77	1225	1	2057.3384	12	15	0	1	1	0.8482	0.7976
77	1226	1	2058.8884	11	12	0	1	1	0.8483	0.9445
77	1227	1	2060.4384	13	7	0	1	1	0.8484	0.7216
77	1228	1	2061.9884	14	13	90	1	1	0.8485	0.8355
77	1229	1	2063.5384	15	4	0	1	1	0.8487	0.8536
77	1230	1	2065.0884	1	1	0	1	1	0.8488	0.9360
77	1231	1	2066.6384	15	4	0	1	1	0.8489	0.7142
77	1232	1	2068.1884	3	10	0	1	1	0.8490	0.8763
77	1233	1	2069.7384	2	14	0	1	1	0.8491	0.7824
77	1234	1	2071.2884	15	4	0	1	1	0.8493	0.6396
77	1235	1	2072.8383	14	13	0	1	1	0.8494	0.7702
77	1236	1	2074.3883	13	7	0	1	1	0.8495	0.7400
77	1237	1	2075.9383	11	12	0	1	1	0.8496	0.7421
77	1238	1	2077.4884	9	11	0	1	1	0.8498	0.6961
77	1239	1	2079.0383	11	12	0	1	1	0.8499	0.6021
77	1240	1	2080.5883	13	7	0	1	1	0.8500	0.7637
77	1241	1	2082.1383	14	13	0	1	1	0.8501	0.7337
77	1242	1	2083.6883	1	1	0	1	1	0.8502	0.6561
77	1243	1	2085.2383	14	13	0	1	1	0.8504	0.7060
77	1244	1	2086.7883	1	1	90	1	1	0.8505	0.9480
77	1245	1	2088.3383	3	10	0	1	1	0.8506	0.9823
77	1246	1	2089.8883	2	14	90	1	1	0.8507	1.0163
77	1247	1	2091.4383	3	10	0	1	1	0.8508	0.6981
77	1248	1	2092.9882	15	4	0	1	1	0.8510	0.6517
77	1249	1	2094.5382	2	14	0	1	1	0.8511	0.8618
77	1250	1	2096.0882	14	13	0	1	1	0.8512	0.7846
77	1251	1	2097.6382	13	7	0	1	1	0.8513	0.7546
77	1252	1	2099.1882	12	15	0	1	1	0.8514	0.7246
77	1253	1	2100.7382	11	12	0	1	1	0.8516	0.7101
77	1254	1	2102.2882	9	11	0	1	1	0.8517	0.6323
77	1255	1	2103.8382	10	3	0	1	1	0.8518	0.6022
77	1256	1	2105.3882	13	7	90	0	1	0.8511	0.6054
77	1257	1	2106.9382	12	15	0	1	1	0.8512	0.7027
77	1258	1	2108.4882	9	11	0	1	1	0.8514	0.6568
77	1259	1	2110.0381	11	12	0	1	1	0.8515	0.6738
77	1260	1	2111.5881	12	15	90	1	1	0.8516	0.8682
77	1261	1	2113.1381	10	3	90	1	1	0.8517	0.9178
77	1262	1	2114.6881	9	11	0	1	1	0.8518	0.6802
77	1263	1	2116.2381	11	12	0	1	1	0.8519	0.8582
77	1264	1	2117.7881	9	11	0	1	1	0.8521	0.7163
77	1265	1	2119.3381	11	12	0	1	1	0.8522	0.6067
77	1266	1	2120.8881	12	15	0	1	1	0.8523	0.6882
77	1267	1	2122.4381	11	12	0	1	1	0.8524	0.8023
77	1268	1	2123.9881	10	3	0	1	1	0.8525	0.6283
77	1269	1	2125.5381	12	15	0	1	1	0.8526	0.6459
77	1270	1	2127.0881	13	7	90	1	1	0.8528	0.7447
77	1271	1	2128.6380	12	15	0	1	1	0.8529	0.6182
77	1272	1	2130.1880	10	3	0	1	1	0.8530	0.6364
77	1273	1	2131.7380	9	11	90	1	1	0.8531	1.0864
77	1274	1	2133.2880	8	8	0	1	1	0.8532	0.6723
77	1275	1	2134.8380	5	2	0	1	1	0.8533	0.6584
77	1276	1	2136.3880	4	6	0	1	1	0.8534	0.8205
77	1277	1	2137.9380	7	9	0	1	1	0.8536	0.7904
77	1278	1	2139.4880	4	6	0	1	1	0.8537	0.7600
77	1279	1	2141.0380	3	10	0	1	1	0.8538	0.7779
77	1280	1	2142.5880	4	6	0	1	1	0.8539	0.6520
77	1281	1	2144.1380	7	9	0	1	1	0.8540	0.6704
77	1282	1	2145.6879	4	6	0	1	1	0.8541	0.6084
77	1283	1	2147.2379	5	2	0	1	1	0.8542	0.6270
77	1284	1	2148.7879	4	6	0	1	1	0.8544	0.6129
77	1285	1	2150.3379	6	5	0	1	1	0.8545	0.6789
77	1286	1	2151.8879	5	2	0	1	1	0.8546	0.5683
77	1287	1	2153.4379	4	6	0	1	1	0.8547	0.6340
77	1288	1	2154.9879	6	5	0	1	1	0.8548	0.6049
77	1289	1	2156.5379	8	8	0	1	1	0.8549	0.7349
77	1290	1	2158.0879	7	9	0	1	1	0.8550	0.6887
77	1291	1	2159.6379	8	8	0	1	1	0.8552	0.6261
77	1292	1	2161.1879	7	9	0	1	1	0.8553	0.5961
77	1293	1	2162.7379	6	5	0	1	1	0.8554	0.5981
77	1294	1	2164.2879	8	8	0	1	1	0.8555	0.5370
77	1295	1	2165.8378	6	5	90	0	1	0.8548	0.6988
77	1296	1	2167.3879	5	2	0	1	1	0.8549	0.7170
77	1297	1	2168.9378	7	9	0	1	1	0.8551	0.6070
77	1298	1	2170.4878	5	2	0	1	1	0.8552	0.6241
77	1299	1	2172.0378	7	9	0	1	1	0.8553	0.6265
77	1300	1	2173.5878	5	2	0	1	1	0.8554	0.5966
77	1301	1	2175.1378	7	9	90	1	1	0.8555	0.7906
77	1302	1	2176.6878	5	2	90	0	1	0.8548	0.6326
77	1303	1	2178.2378	6	5	0	1	1	0.8550	0.9221
77	1304	1	2179.7878	7	9	0	1	1	0.8551	1.0205
77	1305	1	2181.3378	5	2	0	1	1	0.8552	0.7194
77	1306	1	2182.8877	6	5	90	1	1	0.8553	0.8802
77	1307	1	2184.4377	5	2	0	1	1	0.8554	0.6586
77	1308	1	2185.9877	7	9	90	1	1	0.8555	0.7566
77	1309	1	2187.5377	6	5	0	1	1	0.8556	0.9662
77	1310	1	2189.0877	5	2	0	1	1	0.8557	0.6162
77	1311	1	2190.6377	6	5	0	1	1	0.8558	0.6346
77	1312	1	2192.1877	5	2	0	1	1	0.8559	0.6531
77	1313	1	2193.7377	6	5	0	1	1	0.8561	0.7349
77	1314	1	2195.2877	7	9	0	1	1	0.8562	0.6245
77	1315	1	2196.8377	6	5	90	1	1	0.8563	0.7872
77	1316	1	2198.3877	7	9	90	1	1	0.8564	0.8207
77	1317	1	2199.9377	6	5	0	1	1	0.8565	0.6783
77	1318	1	2201.4876	4	6	0	1	1	0.8566	0.7283
77	1319	1	2203.0376	3	10	90	1	1	0.8567	0.9867
77	1320	1	2204.5876	1	1	90	0	1	0.8561	1.0043
77	1321	1	2206.1376	3	10	0	1	1	0.8562	1.0223
77	1322	1	2207.6876	1	1	0	1	1	0.8563	0.6087
77	1323	1	2209.2376	14	13	0	1	1	0.8564	0.7064
77	1324	1	2210.7876	13	7	90	1	1	0.8565	1.3163
77	1325	1	2212.3376	14	13	90	1	1	0.8566	0.9827
77	1326	1	2213.8876	15	4	0	1	1	0.8567	0.8568
77	1327	1	2215.4376	2	14	0	1	1	0.8568	1.0987
77	1328	1	2216.9876	14	13	0	1	1	0.8569	0.7007
77	1329	1	2218.5375	15	4	90	1	1	0.8570	0.7347
77	1330	1	2220.0875	2	14	90	0	1	0.8564	1.1690
77	1331	1	2221.6375	3	10	0	1	1	0.8565	1.2993
77	1332	1	2223.1875	15	4	0	1	1	0.8566	0.6448
77	1333	1	2224.7375	1	1	90	1	1	0.8567	0.8068
77	1334	1	2226.2875	15	4	0	1	1	0.8568	0.6170
77	1335	1	2227.8375	3	10	90	1	1	0.8569	0.8432
77	1336	1	2229.3875	15	4	0	1	1	0.8570	0.6698
77	1337	1	2230.9375	14	13	0	1	1	0.8571	0.9105
77	1338	1	2232.4875	15	4	0	1	1	0.8572	0.7368
77	1339	1	2234.0375	2	14	0	1	1	0.8574	0.8350
77	1340	1	2235.5875	14	13	0	1	1	0.8575	0.6612
77	1341	1	2237.1374	2	14	0	1	1	0.8576	0.6954
77	1342	1	2238.6874	14	13	0	1	1	0.8577	0.6168
77	1343	1	2240.2374	13	7	0	1	1	0.8578	0.9385
77	1344	1	2241.7874	14	13	90	1	1	0.8579	1.0845
77	1345	1	2243.3374	2	14	0	1	1	0.8580	0.8149
77	1346	1	2244.8874	15	4	0	1	1	0.8581	0.6413
77	1347	1	2246.4374	2	14	0	1	1	0.8582	0.7551
77	1348	1	2247.9874	1	1	0	1	1	0.8583	0.8209
77	1349	1	2249.5374	3	10	0	1	1	0.8584	0.7269
77	1350	1	2251.0874	15	4	0	1	1	0.8585	0.6329
77	1351	1	2252.6374	1	1	0	1	1	0.8586	0.6989
77	1352	1	2254.1874	15	4	0	1	1	0.8587	0.8925
77	1353	1	2255.7373	3	10	0	1	1	0.8588	0.7029
77	1354	1	2257.2873	1	1	90	1	1	0.8589	0.8969
77	1355	1	2258.8373	15	4	0	1	1	0.8590	0.8186
77	1356	1	2260.3873	3	10	0	1	1	0.8591	0.7089
77	1357	1	2261.9373	1	1	0	1	1	0.8592	0.8550
77	1358	1	2263.4873	15	4	0	1	1	0.8594	1.0166
77	1359	1	2265.0373	3	10	0	1	1	0.8595	0.7153
77	1360	1	2266.5873	2	14	0	1	1	0.8596	0.9254
77	1361	1	2268.1373	14	13	0	1	1	0.8597	0.8631
77	1362	1	2269.6874	1	1	0	1	1	0.8598	0.8014
77	1363	1	2271.2373	2	14	90	1	1	0.8599	0.9150
77	1364	1	2272.7872	15	4	0	1	1	0.8600	0.6291
77	1365	1	2274.3372	3	10	0	1	1	0.8601	0.6626
77	1366	1	2275.8872	1	1	90	1	1	0.8602	0.9210
77	1367	1	2277.4372	15	4	0	1	1	0.8603	0.6346
77	1368	1	2278.9872	14	13	0	1	1	0.8604	0.6055
77	1369	1	2280.5372	1	1	0	1	1	0.8605	0.6067
77	1370	1	2282.0872	2	14	0	1	1	0.8606	0.7056
77	1371	1	2283.6372	15	4	0	1	1	0.8607	0.5790
77	1372	1	2285.1872	3	10	0	1	1	0.8608	0.8537
77	1373	1	2286.7372	4	6	90	1	1	0.8609	0.9027
77	1374	1	2288.2872	3	10	0	1	1	0.8610	0.6647
77	1375	1	2289.8372	4	6	0	1	1	0.8611	0.9230
77	1376	1	2291.3871	6	5	0	1	1	0.8612	0.7007
77	1377	1	2292.9372	4	6	0	1	1	0.8613	0.6871
77	1378	1	2294.4871	5	2	90	1	1	0.8614	0.9452
77	1379	1	2296.0371	4	6	0	1	1	0.8615	0.6272
77	1380	1	2297.5871	6	5	0	1	1	0.8616	0.6132
77	1381	1	2299.1371	5	2	90	1	1	0.8617	1.0636
77	1382	1	2300.6871	7	9	0	1	1	0.8618	0.7937
77	1383	1	2302.2371	6	5	0	1	1	0.8619	0.6032
77	1384	1	2303.7871	7	9	0	1	1	0.8620	0.6212
77	1385	1	2305.3371	4	6	0	1	1	0.8621	0.6868
77	1386	1	2306.8871	3	10	0	1	1	0.8622	0.8328
77	1387	1	2308.4371	4	6	0	1	1	0.8623	0.7233
77	1388	1	2309.9870	7	9	90	1	1	0.8624	0.7891
77	1389	1	2311.5370	8	8	0	1	1	0.8625	0.7112
77	1390	1	2313.0870	9	11	0	1	1	0.8626	0.7613
77	1391	1	2314.6370	12	15	90	1	1	0.8627	0.9397
77	1392	1	2316.1870	10	3	0	1	1	0.8628	0.7816
77	1393	1	2317.7370	12	15	0	1	1	0.8629	0.6869
77	1394	1	2319.2870	11	12	0	1	1	0.8630	0.7692
77	1395	1	2320.8370	13	7	0	1	1	0.8631	0.9472
77	1396	1	2322.3870	10	3	0	1	1	0.8632	0.7733
77	1397	1	2323.9370	12	15	0	1	1	0.8633	0.7434
77	1398	1	2325.4870	11	12	0	1	1	0.8634	0.6973
77	1399	1	2327.0370	13	7	0	1	1	0.8635	0.7629
77	1400	1	2328.5869	11	12	0	1	1	0.8636	0.6696
77	1	2	1.0166	8	8	0	-1	1	0.0000	0.4565
77	2	2	2.5499	6	5	0	-1	1	0.0000	1.2114
77	3	2	4.0833	5	2	0	-1	1	0.0000	0.8779
77	4	2	5.6166	7	9	0	-1	1	0.0000	0.7209
77	5	2	7.1499	5	2	0	-1	1	0.0000	0.5789
77	6	2	8.6832	7	9	0	-1	1	0.0000	1.4785
77	7	2	10.2165	6	5	0	-1	1	0.0000	0.0167
77	8	2	11.7499	7	9	0	-1	0	0.0000	-1.0000
77	9	2	13.2832	5	2	0	-1	1	0.0000	0.6696
77	10	2	14.8165	8	8	0	-1	1	0.0000	0.9607
77	11	2	16.3499	6	5	0	-1	1	0.0000	1.0759
77	12	2	17.8832	7	9	0	-1	1	0.0000	1.3185
77	13	2	19.4165	5	2	0	-1	1	0.0000	1.4327
77	14	2	20.9498	8	8	0	-1	1	0.0000	1.4355
77	15	2	22.4832	9	11	0	-1	1	0.0714	1.2620
77	16	2	24.0165	10	3	0	-1	1	0.0667	1.1367
77	17	2	25.5499	11	12	0	-1	1	0.0625	1.0269
77	18	2	27.0832	12	15	0	-1	1	0.0588	1.2063
77	19	2	28.6164	13	7	0	-1	1	0.0556	1.1287
77	20	2	30.1498	14	13	0	-1	1	0.1053	1.0194
77	21	2	31.6831	15	4	0	-1	1	0.1000	0.9102
77	22	2	33.2164	1	1	0	-1	1	0.0952	1.0892
77	23	2	34.7498	2	14	0	-1	1	0.0909	1.2037
77	24	2	36.2830	3	10	0	-1	1	0.0870	1.3026
77	25	2	37.8164	4	6	0	-1	1	0.1250	1.4334
77	26	2	39.3497	5	2	0	-1	0	0.1250	-1.0000
77	27	2	40.8830	6	5	0	-1	1	0.1200	0.0943
77	28	2	42.4164	7	9	0	-1	1	0.1154	0.0168
77	29	2	43.9497	8	8	0	-1	1	0.1111	1.2518
77	30	2	45.4830	9	11	0	-1	1	0.1429	1.4787
77	31	2	47.0163	8	8	0	-1	1	0.1724	0.0167
77	32	2	48.5497	9	11	0	-1	1	0.2000	0.0167
77	33	2	50.0830	11	12	0	-1	1	0.1935	0.0167
77	34	2	51.6163	9	11	0	-1	1	0.1875	1.2172
77	35	2	53.1497	11	12	0	-1	1	0.1818	1.2514
77	36	2	54.6830	13	7	0	-1	1	0.1765	1.2382
77	37	2	56.2163	14	13	0	-1	1	0.2000	1.2085
77	38	2	57.7497	1	1	0	-1	1	0.1944	1.2115
77	39	2	59.2829	15	4	0	-1	1	0.1892	1.1346
77	40	2	60.8163	14	13	0	-1	1	0.1842	1.2333
77	41	2	62.3496	13	7	0	-1	1	0.2051	1.2672
77	42	2	63.8829	14	13	0	-1	1	0.2250	1.2226
77	43	2	65.4162	13	7	0	-1	1	0.2439	1.2566
77	44	2	66.9496	10	3	0	-1	1	0.2381	1.1957
77	45	2	68.4829	12	15	0	-1	1	0.2326	1.2139
77	46	2	70.0162	11	12	0	-1	1	0.2273	1.2815
77	47	2	71.5495	10	3	0	-1	1	0.2222	1.2673
77	48	2	73.0829	9	11	0	-1	0	0.2222	-1.0000
77	49	2	74.6162	8	8	0	-1	1	0.2391	0.0168
77	50	2	76.1495	7	9	0	-1	1	0.2340	1.3722
77	51	2	77.6828	6	5	0	-1	1	0.2292	1.3903
77	52	2	79.2161	5	2	0	-1	1	0.2245	1.4890
77	53	2	80.7495	4	6	0	-1	1	0.2200	0.0168
77	54	2	82.2828	3	10	0	-1	1	0.2353	0.0167
77	55	2	83.8161	2	14	0	-1	1	0.2308	0.0167
77	56	2	85.3495	1	1	0	-1	1	0.2264	0.0167
77	57	2	86.8828	15	4	0	-1	0	0.2264	-1.0000
77	58	2	88.4161	14	13	0	-1	1	0.2222	1.3771
77	59	2	89.9494	13	7	0	-1	1	0.2364	1.4273
77	60	2	91.4828	12	15	0	-1	1	0.2321	1.3825
77	61	2	93.0161	13	7	0	-1	1	0.2281	1.2251
77	62	2	94.5494	12	15	0	-1	1	0.2241	1.2123
77	63	2	96.0827	10	3	0	-1	1	0.2203	1.1183
77	64	2	97.6161	13	7	0	-1	1	0.2167	0.9776
77	65	2	99.1494	11	12	0	-1	1	0.2131	0.9956
77	66	2	100.6827	13	7	0	-1	1	0.2097	0.9513
77	67	2	102.2161	11	12	0	-1	1	0.2063	0.8891
77	68	2	103.7494	10	3	0	-1	1	0.2031	0.8117
77	69	2	105.2827	13	7	0	-1	1	0.2000	0.7985
77	70	2	106.8160	10	3	0	-1	1	0.1970	0.7213
77	71	2	108.3493	11	12	0	-1	1	0.1940	1.0438
77	72	2	109.8826	10	3	0	-1	1	0.1912	1.2865
77	73	2	111.4160	9	11	0	-1	0	0.1912	-1.0000
77	74	2	112.9493	11	12	0	-1	1	0.1884	0.0167
77	75	2	114.4826	9	11	0	-1	1	0.1857	0.1751
77	76	2	116.0160	8	8	0	-1	1	0.1972	1.2651
77	77	2	117.5493	7	9	0	-1	1	0.1944	1.3795
77	78	2	119.0826	6	5	0	-1	1	0.1918	1.4782
77	79	2	120.6159	5	2	0	-1	1	0.1892	0.0167
77	80	2	122.1493	4	6	0	-1	1	0.1867	0.0168
77	81	2	123.6826	3	10	0	-1	1	0.1974	0.0167
77	82	2	125.2159	2	14	0	-1	1	0.1948	0.0168
77	83	2	126.7492	1	1	0	-1	1	0.1923	0.0167
77	84	2	128.2827	15	4	0	-1	1	0.1899	0.0167
77	85	2	129.8159	14	13	0	-1	1	0.1875	0.0417
77	86	2	131.3492	13	7	0	-1	1	0.1975	1.3235
77	87	2	132.8826	12	15	0	-1	1	0.1951	1.1991
77	88	2	134.4159	11	12	0	-1	1	0.1928	1.2492
77	89	2	135.9492	10	3	0	-1	1	0.1905	1.2040
77	90	2	137.4825	9	11	0	-1	1	0.1882	1.2067
77	91	2	139.0159	11	12	0	-1	1	0.1860	1.2572
77	92	2	140.5492	13	7	0	-1	1	0.1839	1.3241
77	93	2	142.0825	12	15	0	-1	1	0.1818	1.1991
77	94	2	143.6158	10	3	0	-1	1	0.1798	1.1058
77	95	2	145.1491	12	15	0	-1	1	0.1778	0.8036
77	96	2	146.6825	9	11	0	-1	1	0.1758	0.8233
77	97	2	148.2158	8	8	0	-1	1	0.1848	0.8738
77	98	2	149.7491	7	9	0	-1	1	0.1828	0.9396
77	99	2	151.2825	5	2	0	-1	1	0.1809	0.9103
77	100	2	152.8158	7	9	0	-1	1	0.1789	1.2652
77	101	2	154.3491	6	5	0	-1	1	0.1771	1.3316
77	102	2	155.8824	8	8	0	-1	1	0.1753	1.2551
77	103	2	157.4158	7	9	0	-1	1	0.1735	1.2253
77	104	2	158.9491	4	6	0	-1	1	0.1717	1.3559
77	105	2	160.4825	3	10	0	-1	1	0.1800	1.4228
77	106	2	162.0157	2	14	0	-1	1	0.1782	1.4739
77	107	2	163.5490	1	1	0	-1	1	0.1765	0.0168
77	108	2	165.0824	15	4	0	-1	1	0.1748	0.0168
77	109	2	166.6157	14	13	0	-1	1	0.1731	0.0168
77	110	2	168.1490	13	7	0	-1	1	0.1810	1.1321
77	111	2	169.6823	12	15	0	-1	1	0.1792	0.9593
77	112	2	171.2157	11	12	0	-1	1	0.1776	1.0254
77	113	2	172.7490	10	3	0	-1	1	0.1759	0.9001
77	114	2	174.2823	9	11	0	-1	1	0.1743	0.8873
77	115	2	175.8157	8	8	0	-1	1	0.1818	1.0664
77	116	2	177.3490	7	9	0	-1	1	0.1802	0.9563
77	117	2	178.8823	6	5	0	-1	1	0.1786	0.9112
77	118	2	180.4156	5	2	0	-1	1	0.1770	0.8976
77	119	2	181.9489	4	6	0	-1	1	0.1754	0.7887
77	120	2	183.4823	3	10	0	-1	1	0.1826	0.7908
77	121	2	185.0156	4	6	0	-1	1	0.1897	0.7135
77	122	2	186.5489	3	10	0	-1	1	0.1966	0.8922
77	123	2	188.0823	1	1	0	-1	1	0.1949	0.7669
77	124	2	189.6156	2	14	0	-1	1	0.1933	0.7377
77	125	2	191.1489	14	13	0	-1	1	0.1917	0.7083
77	126	2	192.6822	1	1	0	-1	1	0.1901	0.6633
77	127	2	194.2156	14	13	0	-1	1	0.1885	0.5855
77	128	2	195.7489	2	14	0	-1	1	0.1870	0.7005
77	129	2	197.2822	3	10	0	-1	1	0.1855	0.7988
77	130	2	198.8155	1	1	0	-1	1	0.1840	0.7060
77	131	2	200.3489	3	10	0	-1	1	0.1825	0.9648
77	132	2	201.8822	4	6	0	-1	1	0.1890	0.8710
77	133	2	203.4156	6	5	0	-1	1	0.1875	0.7455
77	134	2	204.9488	7	9	0	-1	1	0.1860	0.7008
77	135	2	206.4822	4	6	0	-1	1	0.1846	0.6715
77	136	2	208.0155	3	10	0	-1	1	0.1908	0.7382
77	137	2	209.5488	2	14	0	-1	1	0.1894	0.6763
77	138	2	211.0821	1	1	0	-1	1	0.1880	0.3589
77	139	2	212.6155	15	4	0	-1	1	0.1866	0.7456
77	140	2	214.1488	14	13	0	-1	1	0.1852	1.1643
77	141	2	215.6821	13	7	0	-1	1	0.1912	1.1831
77	142	2	217.2154	12	15	0	-1	0	0.1912	-1.0000
77	143	2	218.7488	11	12	0	-1	1	0.1898	0.1484
77	144	2	220.2821	10	3	0	-1	1	0.1884	0.1190
77	145	2	221.8154	9	11	0	-1	1	0.1871	1.2733
77	146	2	223.3487	8	8	0	-1	1	0.1929	1.4685
77	147	2	224.8821	7	9	0	-1	1	0.1915	1.4231
77	148	2	226.4154	6	5	0	-1	1	0.1901	0.0167
77	149	2	227.9487	5	2	0	-1	1	0.1888	0.0168
77	150	2	229.4820	4	6	0	-1	1	0.1875	0.0167
77	151	2	231.0154	3	10	0	-1	1	0.1931	0.0168
77	152	2	232.5487	1	1	0	-1	1	0.1918	1.4204
77	153	2	234.0821	14	13	0	-1	0	0.1918	-1.0000
77	154	2	235.6153	2	14	0	-1	1	0.1905	0.1142
77	155	2	237.1487	3	10	0	-1	1	0.1892	0.0167
77	156	2	238.6820	1	1	0	-1	1	0.1879	1.2871
77	157	2	240.2153	15	4	0	-1	1	0.1867	1.3857
77	158	2	241.7486	1	1	0	-1	1	0.1854	1.4361
77	159	2	243.2820	15	4	0	-1	0	0.1854	-1.0000
77	160	2	244.8153	14	13	0	-1	1	0.1842	0.0338
77	161	2	246.3486	13	7	0	-1	1	0.1895	0.0167
77	162	2	247.8820	14	13	0	-1	1	0.1948	1.3192
77	163	2	249.4153	15	4	0	-1	1	0.1935	1.2098
77	164	2	250.9486	1	1	0	-1	1	0.1923	1.3406
77	165	2	252.4819	2	14	0	-1	1	0.1911	1.1036
77	166	2	254.0152	3	10	0	-1	1	0.1899	1.3144
77	167	2	255.5486	4	6	0	-1	1	0.1950	1.1885
77	168	2	257.0819	5	2	0	-1	1	0.1938	1.0637
77	169	2	258.6152	6	5	0	-1	1	0.1925	0.4104
77	170	2	260.1486	7	9	0	-1	1	0.1914	0.5884
77	171	2	261.6819	8	8	0	-1	1	0.1902	1.0557
77	172	2	263.2152	9	11	0	-1	1	0.1951	1.3141
77	173	2	264.7485	10	3	0	-1	1	0.1939	1.2847
77	174	2	266.2819	11	12	0	-1	1	0.1928	1.3193
77	175	2	267.8152	12	15	0	-1	1	0.1916	1.3535
77	176	2	269.3485	13	7	0	-1	1	0.1905	1.3732
77	177	2	270.8819	14	13	0	-1	1	0.1953	0.0167
77	178	2	272.4152	15	4	0	-1	1	0.1941	1.2823
77	179	2	273.9485	1	1	0	-1	1	0.1930	1.2366
77	180	2	275.4818	2	14	0	-1	1	0.1919	1.1913
77	181	2	277.0152	15	4	0	-1	1	0.1908	1.2739
77	182	2	278.5485	3	10	0	-1	1	0.1897	1.0847
77	183	2	280.0818	2	14	0	-1	1	0.1886	1.0709
77	184	2	281.6151	3	10	0	-1	1	0.1875	1.1544
77	185	2	283.1484	1	1	0	-1	1	0.1864	1.1885
77	186	2	284.6818	14	13	0	-1	1	0.1854	1.1592
77	187	2	286.2151	2	14	0	-1	1	0.1844	1.0822
77	188	2	287.7484	14	13	0	-1	1	0.1833	1.0206
77	189	2	289.2817	2	14	0	-1	1	0.1823	1.1349
77	190	2	290.8151	14	13	0	-1	1	0.1813	1.1540
77	191	2	292.3485	1	1	0	-1	1	0.1803	1.1565
77	192	2	293.8817	14	13	0	-1	1	0.1793	1.1594
77	193	2	295.4150	1	1	0	-1	1	0.1784	1.1306
77	194	2	296.9484	2	14	0	-1	1	0.1774	1.1652
77	195	2	298.4817	1	1	0	-1	1	0.1765	1.1995
77	196	2	300.0150	15	4	0	-1	1	0.1755	0.0167
77	197	2	301.5483	14	13	0	-1	1	0.1746	1.1727
77	198	2	303.0817	13	7	0	-1	1	0.1789	1.2554
77	199	2	304.6150	12	15	0	-1	1	0.1780	1.2421
77	200	2	306.1483	11	12	0	-1	1	0.1771	1.1807
77	201	2	307.6817	10	3	0	-1	1	0.1762	1.0718
77	202	2	309.2150	9	11	0	-1	1	0.1753	1.2342
77	203	2	310.7483	8	8	0	-1	1	0.1795	1.3809
77	204	2	312.2816	7	9	0	-1	1	0.1786	1.4794
77	205	2	313.8149	6	5	0	-1	0	0.1786	-1.0000
77	206	2	315.3483	5	2	0	-1	1	0.1777	0.0167
77	207	2	316.8816	4	6	0	-1	1	0.1768	0.0480
77	208	2	318.4150	3	10	0	-1	1	0.1809	0.0167
77	209	2	319.9482	2	14	0	-1	1	0.1800	1.3969
77	210	2	321.4816	1	1	0	-1	1	0.1791	1.3841
77	211	2	323.0149	3	10	0	-1	1	0.1782	1.2742
77	212	2	324.5482	4	6	0	-1	1	0.1823	1.1808
77	213	2	326.0815	6	5	0	-1	1	0.1814	1.1035
77	214	2	327.6149	7	9	0	-1	1	0.1805	1.0582
77	215	2	329.1482	4	6	0	-1	1	0.1796	0.9008
77	216	2	330.6815	6	5	0	-1	1	0.1787	0.8076
77	217	2	332.2148	7	9	0	-1	1	0.1779	0.7301
77	218	2	333.7482	4	6	0	-1	1	0.1770	0.6852
77	219	2	335.2815	7	9	0	-1	1	0.1762	0.6076
77	220	2	336.8148	5	2	0	-1	1	0.1754	0.6261
77	221	2	338.3481	4	6	0	-1	1	0.1745	0.6129
77	222	2	339.8815	6	5	0	-1	1	0.1737	0.6959
77	223	2	341.4148	8	8	0	-1	1	0.1729	1.2579
77	224	2	342.9481	6	5	0	-1	0	0.1729	-1.0000
77	225	2	344.4814	5	2	0	-1	1	0.1721	0.1272
77	226	2	346.0148	6	5	0	-1	1	0.1713	1.3779
77	227	2	347.5481	7	9	0	-1	1	0.1705	1.3170
77	228	2	349.0814	8	8	0	-1	1	0.1697	1.3512
77	229	2	350.6147	9	11	0	-1	1	0.1735	1.3703
77	230	2	352.1481	10	3	0	-1	1	0.1727	1.4694
77	231	2	353.6814	11	12	0	-1	1	0.1719	0.0167
77	232	2	355.2147	12	15	0	-1	1	0.1712	0.0168
77	233	2	356.7480	13	7	0	-1	1	0.1704	0.0168
77	234	2	358.2814	14	13	0	-1	1	0.1741	0.0167
77	235	2	359.8147	15	4	0	-1	1	0.1733	0.0168
77	236	2	361.3480	1	1	0	-1	1	0.1726	1.2614
77	237	2	362.8813	2	14	0	-1	1	0.1718	0.8636
77	238	2	364.4147	3	10	0	-1	1	0.1711	0.6583
77	239	2	365.9480	4	6	0	-1	1	0.1747	0.6136
77	240	2	367.4813	5	2	0	-1	1	0.1739	1.0642
77	241	2	369.0147	7	9	0	-1	1	0.1732	1.2903
77	242	2	370.5479	6	5	0	-1	1	0.1724	1.3412
77	243	2	372.0813	4	6	0	-1	1	0.1717	0.0168
77	244	2	373.6146	7	9	0	-1	1	0.1709	0.9304
77	245	2	375.1479	6	5	0	-1	1	0.1702	0.5976
77	246	2	376.6813	5	2	0	-1	1	0.1695	0.9518
77	247	2	378.2146	7	9	0	-1	1	0.1688	1.3545
77	248	2	379.7479	4	6	0	-1	1	0.1681	1.4530
77	249	2	381.2813	7	9	0	-1	1	0.1674	0.0167
77	250	2	382.8146	6	5	0	-1	1	0.1667	1.2664
77	251	2	384.3479	5	2	0	-1	1	0.1660	1.1731
77	252	2	385.8812	4	6	0	-1	1	0.1653	1.2559
77	253	2	387.4146	3	10	0	-1	1	0.1687	1.2585
77	254	2	388.9479	1	1	0	-1	1	0.1680	0.9257
77	255	2	390.4812	15	4	0	-1	1	0.1673	1.0402
77	256	2	392.0145	14	13	0	-1	1	0.1667	1.0265
77	257	2	393.5479	13	7	0	-1	1	0.1700	1.1735
77	258	2	395.0812	12	15	0	-1	1	0.1694	1.2239
77	259	2	396.6145	11	12	0	-1	1	0.1687	1.2430
77	260	2	398.1478	10	3	0	-1	1	0.1680	1.1817
77	261	2	399.6812	9	11	0	-1	1	0.1673	1.1203
77	262	2	401.2145	8	8	0	-1	1	0.1706	1.1702
77	263	2	402.7478	7	9	0	-1	1	0.1700	1.1248
77	264	2	404.2811	6	5	0	-1	1	0.1693	1.0955
77	265	2	405.8145	5	2	0	-1	1	0.1686	0.9222
77	266	2	407.3478	4	6	0	-1	1	0.1680	1.0212
77	267	2	408.8811	3	10	0	-1	1	0.1712	0.9918
77	268	2	410.4144	2	14	0	-1	1	0.1705	1.0590
77	269	2	411.9478	1	1	0	-1	1	0.1699	1.1093
77	270	2	413.4811	15	4	0	-1	1	0.1692	1.0316
77	271	2	415.0144	14	13	0	-1	1	0.1686	0.9233
77	272	2	416.5477	2	14	0	-1	1	0.1679	0.8129
77	273	2	418.0811	1	1	0	-1	1	0.1673	0.7198
77	274	2	419.6144	3	10	0	-1	1	0.1667	0.6746
77	275	2	421.1477	4	6	0	-1	1	0.1698	0.8693
77	276	2	422.6810	5	2	0	-1	1	0.1692	0.9996
77	277	2	424.2144	8	8	0	-1	0	0.1692	-1.0000
77	278	2	425.7477	5	2	0	-1	1	0.1685	0.0299
77	279	2	427.2810	6	5	0	-1	1	0.1679	1.2006
77	280	2	428.8143	8	8	0	-1	1	0.1673	1.3142
77	281	2	430.3477	5	2	0	-1	0	0.1673	-1.0000
77	282	2	431.8810	4	6	0	-1	1	0.1667	0.2643
77	283	2	433.4143	7	9	0	-1	1	0.1661	0.2508
77	284	2	434.9476	6	5	0	-1	1	0.1654	0.9260
77	285	2	436.4810	5	2	0	-1	1	0.1648	1.2320
77	286	2	438.0143	6	5	0	-1	1	0.1642	1.2666
77	287	2	439.5476	7	9	0	-1	1	0.1636	1.4773
77	288	2	441.0809	8	8	0	-1	1	0.1630	0.0167
77	289	2	442.6143	9	11	0	-1	1	0.1661	0.0592
77	290	2	444.1476	10	3	0	-1	1	0.1655	0.0298
77	291	2	445.6809	11	12	0	-1	1	0.1649	1.2317
77	292	2	447.2143	12	15	0	-1	1	0.1643	1.2028
77	293	2	448.7476	13	7	0	-1	1	0.1637	1.2215
77	294	2	450.2809	14	13	0	-1	1	0.1667	1.4160
77	295	2	451.8142	15	4	0	-1	0	0.1667	-1.0000
77	296	2	453.3475	1	1	0	-1	0	0.1667	-1.0000
77	297	2	454.8809	2	14	0	-1	1	0.1661	1.4081
77	298	2	456.4142	3	10	0	-1	1	0.1655	1.3789
77	299	2	457.9475	4	6	0	-1	1	0.1684	1.2694
77	300	2	459.4809	5	2	0	-1	1	0.1678	1.2727
77	301	2	461.0142	7	9	0	-1	1	0.1672	1.3228
77	302	2	462.5475	5	2	0	-1	1	0.1667	1.4059
77	303	2	464.0808	4	6	0	-1	1	0.1661	1.3442
77	304	2	465.6142	5	2	0	-1	1	0.1655	1.3147
77	305	2	467.1474	8	8	0	-1	1	0.1649	1.2692
77	306	2	468.6808	9	11	0	-1	1	0.1678	1.3040
77	307	2	470.2141	12	15	0	-1	1	0.1672	1.3554
77	308	2	471.7475	13	7	0	-1	1	0.1667	1.4056
77	309	2	473.2809	10	3	0	-1	0	0.1667	-1.0000
77	310	2	474.8141	9	11	0	-1	1	0.1661	0.0167
77	311	2	476.3474	12	15	0	-1	1	0.1655	0.0536
77	312	2	477.8807	11	12	0	-1	1	0.1650	0.1685
77	313	2	479.4141	12	15	0	-1	1	0.1644	0.2029
77	314	2	480.9474	13	7	0	-1	1	0.1639	0.2696
77	315	2	482.4807	12	15	0	-1	1	0.1633	0.0167
77	316	2	484.0140	11	12	0	-1	1	0.1628	0.0167
77	317	2	485.5474	10	3	0	-1	1	0.1623	0.0167
77	318	2	487.0807	9	11	0	-1	1	0.1617	1.4004
77	319	2	488.6140	8	8	0	-1	1	0.1645	1.4356
77	320	2	490.1473	7	9	0	-1	1	0.1639	0.0168
77	321	2	491.6807	6	5	0	-1	1	0.1634	1.2168
77	322	2	493.2140	5	2	0	-1	1	0.1629	1.2670
77	323	2	494.7473	4	6	0	-1	1	0.1623	1.1101
77	324	2	496.2807	3	10	0	-1	1	0.1650	1.1766
77	325	2	497.8140	2	14	0	-1	1	0.1645	1.2589
77	326	2	499.3473	1	1	0	-1	1	0.1640	1.3417
77	327	2	500.8806	15	4	0	-1	1	0.1635	1.3924
77	328	2	502.4140	14	13	0	-1	1	0.1629	1.2991
77	329	2	503.9473	13	7	0	-1	1	0.1656	1.3657
77	330	2	505.4806	12	15	0	-1	1	0.1651	1.3208
77	331	2	507.0139	11	12	0	-1	1	0.1646	1.3711
77	332	2	508.5473	10	3	0	-1	1	0.1640	1.3101
77	333	2	510.0806	12	15	0	-1	1	0.1635	1.1688
77	334	2	511.6139	10	3	0	-1	1	0.1630	1.3791
77	335	2	513.1472	13	7	0	-1	1	0.1625	1.3178
77	336	2	514.6806	12	15	0	-1	1	0.1620	1.3043
77	337	2	516.2138	10	3	0	-1	1	0.1615	1.2752
77	338	2	517.7472	9	11	0	-1	1	0.1610	1.1978
77	339	2	519.2805	11	12	0	-1	1	0.1605	1.1049
77	340	2	520.8139	12	15	0	-1	1	0.1600	1.0597
77	341	2	522.3472	10	3	0	-1	1	0.1595	1.0454
77	342	2	523.8806	13	7	0	-1	1	0.1590	0.9529
77	343	2	525.4138	14	13	0	-1	1	0.1616	0.9397
77	344	2	526.9471	13	7	0	-1	1	0.1641	1.1659
77	345	2	528.4805	14	13	0	-1	1	0.1667	1.0721
77	346	2	530.0138	15	4	0	-1	1	0.1662	1.0912
77	347	2	531.5471	1	1	0	-1	1	0.1657	1.1418
77	348	2	533.0805	2	14	0	-1	1	0.1652	0.9365
77	349	2	534.6138	3	10	0	-1	1	0.1647	1.2271
77	350	2	536.1471	4	6	0	-1	0	0.1647	-1.0000
77	351	2	537.6804	5	2	0	-1	1	0.1642	0.0167
77	352	2	539.2138	6	5	0	-1	1	0.1637	0.1637
77	353	2	540.7471	7	9	0	-1	1	0.1632	0.1015
77	354	2	542.2804	8	8	0	-1	1	0.1627	1.1770
77	355	2	543.8138	9	11	0	-1	1	0.1652	1.1152
77	356	2	545.3471	10	3	0	-1	1	0.1647	1.2785
77	357	2	546.8804	11	12	0	-1	1	0.1642	1.0407
77	358	2	548.4137	12	15	0	-1	1	0.1637	0.7718
77	359	2	549.9471	13	7	0	-1	1	0.1633	0.9178
77	360	2	551.4807	14	13	0	-1	1	0.1657	0.8884
77	361	2	553.0137	1	1	0	-1	1	0.1652	0.7633
77	362	2	554.5470	2	14	0	-1	1	0.1647	0.5579
77	363	2	556.0803	15	4	0	-1	1	0.1643	0.7205
77	364	2	557.6137	14	13	0	-1	1	0.1638	0.7558
77	365	2	559.1470	15	4	0	-1	1	0.1633	0.6299
77	366	2	560.6804	14	13	0	-1	1	0.1629	0.7926
77	367	2	562.2136	1	1	0	-1	1	0.1624	1.0509
77	368	2	563.7470	3	10	0	-1	1	0.1619	1.0060
77	369	2	565.2803	1	1	0	-1	1	0.1615	1.1851
77	370	2	566.8136	3	10	0	-1	1	0.1610	1.2513
77	371	2	568.3470	15	4	0	-1	1	0.1606	1.2221
77	372	2	569.8803	2	14	0	-1	1	0.1601	1.0487
77	373	2	571.4136	3	10	0	-1	1	0.1597	0.9394
77	374	2	572.9470	15	4	0	-1	1	0.1592	0.7985
77	375	2	574.4802	3	10	0	-1	1	0.1588	0.5451
77	376	2	576.0136	4	6	0	-1	1	0.1611	0.5314
77	377	2	577.5469	5	2	0	-1	1	0.1607	0.5182
77	378	2	579.0802	6	5	0	-1	1	0.1602	0.7607
77	379	2	580.6135	7	9	0	-1	1	0.1598	0.8439
77	380	2	582.1469	8	8	0	-1	1	0.1593	0.8781
77	381	2	583.6802	9	11	0	-1	1	0.1616	0.8328
77	382	2	585.2135	10	3	0	-1	1	0.1612	1.0115
77	383	2	586.7469	11	12	0	-1	1	0.1608	1.1421
77	384	2	588.2801	12	15	0	-1	1	0.1603	1.2404
77	385	2	589.8135	13	7	0	-1	1	0.1599	1.4516
77	386	2	591.3468	14	13	0	-1	1	0.1622	0.0167
77	387	2	592.8801	15	4	0	-1	1	0.1617	0.1933
77	388	2	594.4135	1	1	0	-1	1	0.1613	0.1635
77	389	2	595.9468	2	14	0	-1	1	0.1609	0.1666
77	390	2	597.4801	3	10	0	-1	1	0.1604	0.0167
77	391	2	599.0134	15	4	0	-1	1	0.1600	0.0168
77	392	2	600.5468	3	10	0	-1	1	0.1596	1.3418
77	393	2	602.0801	15	4	0	-1	1	0.1592	1.3128
77	394	2	603.6134	2	14	0	-1	1	0.1587	1.2997
77	395	2	605.1467	14	13	0	-1	1	0.1583	1.3342
77	396	2	606.6801	13	7	0	-1	1	0.1605	1.3213
77	397	2	608.2134	14	13	0	-1	1	0.1627	1.2596
77	398	2	609.7467	1	1	0	-1	1	0.1623	1.1502
77	399	2	611.2800	14	13	0	-1	1	0.1619	1.2968
77	400	2	612.8134	15	4	0	-1	1	0.1615	1.2672
77	401	2	614.3467	14	13	0	-1	1	0.1610	1.2383
77	402	2	615.8800	13	7	0	-1	1	0.1632	1.3055
77	403	2	617.4133	10	3	0	-1	1	0.1628	1.1796
77	404	2	618.9467	13	7	0	-1	1	0.1624	1.3263
77	405	2	620.4800	11	12	0	-1	1	0.1620	1.4408
77	406	2	622.0133	12	15	0	-1	1	0.1615	1.1877
77	407	2	623.5467	13	7	0	-1	0	0.1615	-1.0000
77	408	2	625.0800	14	13	0	-1	1	0.1637	1.4966
77	409	2	626.6133	15	4	0	-1	1	0.1633	0.0168
77	410	2	628.1466	1	1	0	-1	1	0.1628	0.1426
77	411	2	629.6800	2	14	0	-1	1	0.1624	0.0333
77	412	2	631.2133	3	10	0	-1	1	0.1620	0.1640
77	413	2	632.7466	4	6	0	-1	1	0.1641	0.0228
77	414	2	634.2799	5	2	0	-1	1	0.1637	0.1851
77	415	2	635.8132	6	5	0	-1	1	0.1633	0.0168
77	416	2	637.3466	7	9	0	-1	1	0.1629	0.0168
77	417	2	638.8799	8	8	0	-1	1	0.1625	0.2409
77	418	2	640.4132	9	11	0	-1	1	0.1646	0.2917
77	419	2	641.9465	10	3	0	-1	1	0.1642	0.5023
77	420	2	643.4799	11	12	0	-1	1	0.1638	0.7446
77	421	2	645.0132	13	7	0	-1	1	0.1634	1.2916
77	422	2	646.5465	12	15	0	-1	1	0.1630	1.2305
77	423	2	648.0799	9	11	0	-1	1	0.1626	1.0891
77	424	2	649.6132	12	15	0	-1	1	0.1622	1.2998
77	425	2	651.1465	10	3	0	-1	1	0.1618	1.2544
77	426	2	652.6799	11	12	0	-1	1	0.1614	1.1130
77	427	2	654.2131	13	7	0	-1	1	0.1610	0.9874
77	428	2	655.7465	12	15	0	-1	1	0.1606	0.9270
77	429	2	657.2798	9	11	0	-1	1	0.1602	0.8495
77	430	2	658.8131	8	8	0	-1	1	0.1622	0.7398
77	431	2	660.3464	9	11	0	-1	0	0.1622	-1.0000
77	432	2	661.8798	8	8	0	-1	1	0.1643	0.5051
77	433	2	663.4131	7	9	0	-1	1	0.1639	0.6999
77	434	2	664.9464	8	8	0	-1	0	0.1639	-1.0000
77	435	2	666.4797	5	2	0	-1	0	0.1639	-1.0000
77	436	2	668.0131	4	6	0	-1	0	0.1639	-1.0000
77	437	2	669.5464	3	10	0	-1	0	0.1639	-1.0000
77	438	2	671.0797	2	14	0	-1	0	0.1639	-1.0000
77	439	2	672.6131	1	1	0	-1	0	0.1639	-1.0000
77	440	2	674.1464	15	4	0	-1	1	0.1635	1.1825
77	441	2	675.6797	14	13	0	-1	0	0.1635	-1.0000
77	442	2	677.2130	13	7	0	-1	0	0.1635	-1.0000
77	443	2	678.7464	12	15	0	-1	0	0.1635	-1.0000
77	444	2	680.2796	11	12	0	-1	0	0.1635	-1.0000
77	445	2	681.8130	10	3	0	-1	0	0.1635	-1.0000
77	446	2	683.3463	9	11	0	-1	0	0.1635	-1.0000
77	447	2	684.8797	8	8	0	-1	0	0.1635	-1.0000
77	448	2	686.4130	7	9	0	-1	0	0.1635	-1.0000
77	449	2	687.9463	6	5	0	-1	0	0.1635	-1.0000
77	450	2	689.4797	5	2	0	-1	0	0.1635	-1.0000
77	451	2	691.0130	6	5	0	-1	0	0.1635	-1.0000
77	452	2	692.5463	7	9	0	-1	0	0.1635	-1.0000
77	453	2	694.0797	5	2	0	-1	0	0.1635	-1.0000
77	454	2	695.6129	7	9	0	-1	0	0.1635	-1.0000
77	455	2	697.1463	4	6	0	-1	0	0.1635	-1.0000
77	456	2	698.6796	5	2	0	-1	0	0.1635	-1.0000
77	457	2	700.2129	6	5	0	-1	0	0.1635	-1.0000
77	458	2	701.7462	5	2	0	-1	0	0.1635	-1.0000
77	459	2	703.2796	6	5	0	-1	0	0.1635	-1.0000
77	460	2	704.8129	7	9	0	-1	1	0.1631	1.4121
77	461	2	706.3462	8	8	0	-1	1	0.1627	1.3352
77	462	2	707.8795	9	11	0	-1	0	0.1627	-1.0000
77	463	2	709.4128	8	8	0	-1	1	0.1647	0.2041
77	464	2	710.9462	9	11	0	-1	1	0.1667	0.1903
77	465	2	712.4795	8	8	0	-1	1	0.1686	1.2979
77	466	2	714.0129	7	9	0	-1	1	0.1682	1.1716
77	467	2	715.5462	6	5	0	-1	1	0.1678	1.0947
77	468	2	717.0795	5	2	0	-1	1	0.1675	1.0815
77	469	2	718.6128	4	6	0	-1	1	0.1671	1.1481
77	470	2	720.1461	3	10	0	-1	1	0.1690	1.1672
77	471	2	721.6796	2	14	0	-1	1	0.1686	1.1213
77	472	2	723.2128	1	1	0	-1	1	0.1682	1.1721
77	473	2	724.7461	15	4	0	-1	1	0.1678	0.9670
77	474	2	726.2795	14	13	0	-1	1	0.1674	1.1295
77	475	2	727.8128	13	7	0	-1	1	0.1694	1.0841
77	476	2	729.3461	12	15	0	-1	1	0.1690	1.0232
77	477	2	730.8794	11	12	0	-1	1	0.1686	1.0736
77	478	2	732.4127	10	3	0	-1	1	0.1682	0.8841
77	479	2	733.9461	9	11	0	-1	1	0.1678	0.9189
77	480	2	735.4794	8	8	0	-1	1	0.1697	1.0654
77	481	2	737.0127	5	2	0	-1	1	0.1693	0.9401
77	482	2	738.5460	7	9	0	-1	1	0.1689	0.7829
77	483	2	740.0794	8	8	0	-1	1	0.1686	1.1378
77	484	2	741.6127	5	2	0	-1	1	0.1682	1.0923
77	485	2	743.1460	8	8	0	-1	1	0.1678	0.6950
77	486	2	744.6793	5	2	0	-1	1	0.1674	1.0812
77	487	2	746.2127	7	9	0	-1	1	0.1670	1.1478
77	488	2	747.7460	8	8	0	-1	1	0.1667	0.8948
77	489	2	749.2793	9	11	0	-1	1	0.1685	0.8976
77	490	2	750.8127	12	15	0	-1	1	0.1682	0.9800
77	491	2	752.3460	11	12	0	-1	1	0.1678	0.9830
77	492	2	753.8793	9	11	0	-1	1	0.1674	1.0021
77	493	2	755.4126	10	3	0	-1	1	0.1670	0.8926
77	494	2	756.9459	11	12	0	-1	1	0.1667	0.8785
77	495	2	758.4793	12	15	0	-1	1	0.1663	0.8495
77	496	2	760.0126	13	7	0	-1	1	0.1659	0.7248
77	497	2	761.5459	14	13	0	-1	1	0.1678	0.7429
77	498	2	763.0792	15	4	0	-1	1	0.1674	0.8262
77	499	2	764.6126	1	1	0	-1	1	0.1670	0.7967
77	500	2	766.1459	2	14	0	-1	0	0.1670	-1.0000
77	501	2	767.6793	3	10	0	-1	0	0.1670	-1.0000
77	502	2	769.2125	4	6	0	-1	0	0.1670	-1.0000
77	503	2	770.7459	5	2	0	-1	0	0.1670	-1.0000
77	504	2	772.2792	6	5	0	-1	0	0.1670	-1.0000
77	505	2	773.8125	7	9	0	-1	0	0.1670	-1.0000
77	506	2	775.3458	8	8	0	-1	0	0.1670	-1.0000
77	507	2	776.8791	9	11	0	-1	0	0.1670	-1.0000
77	508	2	778.4125	10	3	0	-1	0	0.1670	-1.0000
77	509	2	779.9458	11	12	0	-1	0	0.1670	-1.0000
77	510	2	781.4791	12	15	0	-1	1	0.1667	0.0584
77	511	2	783.0125	11	12	0	-1	1	0.1663	0.0167
77	512	2	784.5458	12	15	0	-1	1	0.1659	0.0167
77	513	2	786.0791	10	3	0	-1	1	0.1656	0.0167
77	514	2	787.6124	13	7	0	-1	1	0.1652	1.3484
77	515	2	789.1458	10	3	0	-1	1	0.1649	1.2710
77	516	2	790.6790	9	11	0	-1	1	0.1645	1.1778
77	517	2	792.2124	12	15	0	-1	1	0.1641	1.1160
77	518	2	793.7457	10	3	0	-1	1	0.1638	1.0388
77	519	2	795.2791	9	11	0	-1	1	0.1634	0.8338
77	520	2	796.8124	12	15	0	-1	1	0.1631	1.3324
77	521	2	798.3457	9	11	0	-1	1	0.1627	1.2551
77	522	2	799.8790	12	15	0	-1	1	0.1624	1.3865
77	523	2	801.4124	13	7	0	-1	1	0.1620	0.0167
77	524	2	802.9457	14	13	0	-1	1	0.1638	0.0168
77	525	2	804.4790	13	7	0	-1	1	0.1656	0.0167
77	526	2	806.0123	14	13	0	-1	1	0.1674	0.0210
77	527	2	807.5457	15	4	0	-1	1	0.1670	0.0168
77	528	2	809.0790	1	1	0	-1	1	0.1667	1.1937
77	529	2	810.6123	2	14	0	-1	1	0.1663	1.0045
77	530	2	812.1456	3	10	0	-1	1	0.1660	1.2792
77	531	2	813.6790	4	6	0	-1	0	0.1660	-1.0000
77	532	2	815.2123	5	2	0	-1	1	0.1656	0.0167
77	533	2	816.7456	6	5	0	-1	1	0.1653	0.0168
77	534	2	818.2789	7	9	0	-1	1	0.1649	0.0167
77	535	2	819.8122	8	8	0	-1	1	0.1646	0.0167
77	536	2	821.3456	9	11	0	-1	1	0.1663	0.0168
77	537	2	822.8789	10	3	0	-1	1	0.1660	0.0168
77	538	2	824.4122	11	12	0	-1	1	0.1656	0.0167
77	539	2	825.9456	12	15	0	-1	1	0.1653	1.1433
77	540	2	827.4789	13	7	0	-1	1	0.1649	1.0819
77	541	2	829.0122	14	13	0	-1	1	0.1667	1.0686
77	542	2	830.5456	2	14	0	-1	1	0.1663	1.0069
77	543	2	832.0789	3	10	0	-1	1	0.1660	1.0100
77	544	2	833.6122	1	1	0	-1	1	0.1656	0.9807
77	545	2	835.1455	2	14	0	-1	1	0.1653	0.9997
77	546	2	836.6788	3	10	0	-1	1	0.1650	0.9696
77	547	2	838.2121	2	14	0	-1	1	0.1646	0.9407
77	548	2	839.7455	15	4	0	-1	1	0.1643	0.8635
77	549	2	841.2788	14	13	0	-1	1	0.1640	1.0420
77	550	2	842.8121	2	14	0	-1	1	0.1636	1.0286
77	551	2	844.3455	1	1	0	-1	1	0.1633	1.0155
77	552	2	845.8788	14	13	0	-1	1	0.1630	1.1142
77	553	2	847.4121	15	4	0	-1	1	0.1627	1.1972
77	554	2	848.9455	2	14	0	-1	1	0.1623	1.2954
77	555	2	850.4787	15	4	0	-1	1	0.1620	1.2987
77	556	2	852.0121	1	1	0	-1	1	0.1617	1.2367
77	557	2	853.5454	2	14	0	-1	1	0.1614	1.2550
77	558	2	855.0787	3	10	0	-1	1	0.1610	1.2744
77	559	2	856.6120	4	6	0	-1	1	0.1627	1.2609
77	560	2	858.1454	5	2	0	-1	1	0.1624	1.2638
77	561	2	859.6787	6	5	0	-1	1	0.1621	1.1706
77	562	2	861.2120	7	9	0	-1	1	0.1617	1.1888
77	563	2	862.7453	8	8	0	-1	1	0.1614	1.1915
77	564	2	864.2787	9	11	0	-1	1	0.1631	1.1781
77	565	2	865.8120	10	3	0	-1	1	0.1627	1.1168
77	566	2	867.3453	11	12	0	-1	1	0.1624	1.1194
77	567	2	868.8786	12	15	0	-1	1	0.1621	1.1545
77	568	2	870.4120	13	7	0	-1	1	0.1618	1.1089
77	569	2	871.9453	14	13	0	-1	1	0.1634	1.1275
77	570	2	873.4786	15	4	0	-1	1	0.1631	1.0347
77	571	2	875.0119	2	14	0	-1	1	0.1628	1.0375
77	572	2	876.5453	14	13	0	-1	1	0.1625	1.0075
77	573	2	878.0786	1	1	0	-1	1	0.1622	0.9623
77	574	2	879.6119	15	4	0	-1	1	0.1618	0.9648
77	575	2	881.1452	14	13	0	-1	1	0.1615	1.0314
77	576	2	882.6786	15	4	0	-1	1	0.1612	1.0338
77	577	2	884.2119	1	1	0	-1	1	0.1609	0.9889
77	578	2	885.7452	3	10	0	-1	1	0.1606	1.0395
77	579	2	887.2785	1	1	0	-1	1	0.1603	1.0424
77	580	2	888.8119	3	10	0	-1	1	0.1600	0.9970
77	581	2	890.3452	2	14	0	-1	1	0.1597	1.0641
77	582	2	891.8785	15	4	0	-1	1	0.1594	1.0659
77	583	2	893.4118	2	14	0	-1	1	0.1591	1.0046
77	584	2	894.9452	15	4	0	-1	1	0.1588	1.0236
77	585	2	896.4785	2	14	0	-1	1	0.1585	0.9787
77	586	2	898.0118	3	10	0	-1	1	0.1582	0.9488
77	587	2	899.5451	4	6	0	-1	1	0.1598	0.9197
77	588	2	901.0785	5	2	0	-1	1	0.1595	1.0184
77	589	2	902.6118	6	5	0	-1	1	0.1592	1.1326
77	590	2	904.1451	7	9	0	-1	1	0.1589	1.2482
77	591	2	905.6784	8	8	0	-1	1	0.1586	1.3308
77	592	2	907.2117	9	11	0	-1	1	0.1601	0.0167
77	593	2	908.7451	10	3	0	-1	1	0.1599	0.0401
77	594	2	910.2784	11	12	0	-1	1	0.1596	0.2182
77	595	2	911.8117	12	15	0	-1	1	0.1593	0.3010
77	596	2	913.3450	13	7	0	-1	1	0.1590	0.4482
77	597	2	914.8784	14	13	0	-1	0	0.1590	-1.0000
77	598	2	916.4117	15	4	0	-1	1	0.1587	0.0167
77	599	2	917.9451	1	1	0	-1	1	0.1584	0.0166
77	600	2	919.4783	2	14	0	-1	1	0.1581	0.1870
Actual parsing ratio
0.1581
Possible node parses
96.0000
 Node parses selected
0.8958
Possible other parses
504.0000
Other parses selected
0.9087
Chance parsing ratio
0.1600
Shock trials
188
264
560
879
1193