*********************************************
* Date/Time: 14-Oct-2020 12:09:57
* Seed: 211788.6
* Subject Number: 066
9	5	15	6	13	10	11	3	1	7	8	2	12	4	14	
*********************************************

Shape exposure time (seconds)
53.4621
subject	trial	phase	onset	node	shape	rotate	acc	resp	total	rt
66	1	1	1.0167	13	12	0	1	1	1.0000	1.2317
66	2	1	2.5834	10	7	0	0	1	0.5000	1.2003
66	3	1	4.1500	12	2	0	-1	0	0.3333	-1.0000
66	4	1	5.9000	13	12	0	0	1	0.2500	0.2354
66	5	1	7.4499	10	7	0	0	1	0.2000	0.7974
66	6	1	8.9999	9	1	0	-1	0	0.1667	-1.0000
66	7	1	10.7333	8	3	90	-1	0	0.1429	-1.0000
66	8	1	12.5332	6	10	0	0	1	0.1250	1.4750
66	9	1	14.2332	5	13	0	-1	0	0.1111	-1.0000
66	10	1	15.9666	6	10	0	1	1	0.2000	0.8567
66	11	1	17.5165	8	3	0	1	1	0.2727	1.0512
66	12	1	19.0665	6	10	0	1	1	0.3333	1.1808
66	13	1	20.6165	8	3	0	1	1	0.3846	0.9748
66	14	1	22.1665	7	11	0	0	1	0.3571	1.2492
66	15	1	23.9831	5	13	0	-1	0	0.3333	-1.0000
66	16	1	25.6998	8	3	0	1	1	0.3750	0.9164
66	17	1	27.2498	7	11	0	1	1	0.4118	1.0295
66	18	1	28.7998	6	10	90	1	1	0.4444	1.0968
66	19	1	30.3498	8	3	0	1	1	0.4737	0.6984
66	20	1	31.8998	6	10	0	1	1	0.5000	1.2124
66	21	1	33.4497	5	13	0	-1	0	0.4762	-1.0000
66	22	1	35.1831	4	6	0	1	1	0.5000	0.7766
66	23	1	36.7330	7	11	0	1	1	0.5217	1.1943
66	24	1	38.2830	5	13	0	0	1	0.5000	1.0683
66	25	1	39.8330	8	3	90	0	1	0.4800	0.7343
66	26	1	41.3830	6	10	90	0	1	0.4615	1.4730
66	27	1	43.0830	5	13	0	-1	0	0.4444	-1.0000
66	28	1	44.8163	6	10	0	1	1	0.4643	0.0399
66	29	1	46.3663	8	3	0	1	1	0.4828	0.7776
66	30	1	47.9163	9	1	0	1	1	0.5000	1.2439
66	31	1	49.4663	10	7	0	0	1	0.4839	0.9090
66	32	1	51.0163	11	8	0	-1	0	0.4688	-1.0000
66	33	1	52.7496	13	12	0	1	1	0.4848	1.4344
66	34	1	54.2996	14	4	0	-1	0	0.4706	-1.0000
66	35	1	56.0496	13	12	0	1	1	0.4857	1.4306
66	36	1	57.5995	11	8	0	1	1	0.5000	0.9200
66	37	1	59.1495	9	1	90	0	1	0.4865	1.2417
66	38	1	60.6995	11	8	0	1	1	0.5000	0.6364
66	39	1	62.2495	9	1	90	1	1	0.5128	1.2941
66	40	1	63.7995	11	8	0	1	1	0.5250	0.7366
66	41	1	65.3495	9	1	0	0	1	0.5122	1.1701
66	42	1	66.8995	12	2	90	0	1	0.5000	0.8997
66	43	1	68.4495	13	12	0	1	1	0.5116	1.2221
66	44	1	69.9994	11	8	0	1	1	0.5227	0.7280
66	45	1	71.5495	12	2	0	0	1	0.5111	0.9057
66	46	1	73.0994	11	8	90	1	1	0.5217	1.0207
66	47	1	74.6494	9	1	0	0	1	0.5106	1.3746
66	48	1	76.2660	12	2	90	0	1	0.5000	1.0220
66	49	1	77.8160	10	7	0	0	1	0.4898	1.4711
66	50	1	79.5327	12	2	0	0	1	0.4800	1.4994
66	51	1	81.2494	9	1	0	-1	0	0.4706	-1.0000
66	52	1	82.9994	10	7	0	1	1	0.4808	1.4722
66	53	1	84.6160	9	1	90	1	1	0.4906	1.4241
66	54	1	86.1660	8	3	0	1	1	0.5000	0.7212
66	55	1	87.7160	9	1	0	0	1	0.4909	0.9001
66	56	1	89.2660	8	3	0	1	1	0.5000	0.5976
66	57	1	90.8160	9	1	0	1	1	0.5088	0.7920
66	58	1	92.3660	10	7	0	0	1	0.5000	1.3061
66	59	1	93.9160	11	8	90	1	1	0.5085	1.0041
66	60	1	95.4660	12	2	90	-1	0	0.5000	-1.0000
66	61	1	97.1826	10	7	0	-1	0	0.4918	-1.0000
66	62	1	98.9159	9	1	0	1	1	0.5000	1.0592
66	63	1	100.4659	10	7	0	1	1	0.5079	0.9341
66	64	1	102.0159	12	2	0	1	1	0.5156	1.0314
66	65	1	103.5658	13	12	90	1	1	0.5231	1.0493
66	66	1	105.1159	11	8	0	1	1	0.5303	0.6992
66	67	1	106.6659	12	2	90	0	1	0.5224	1.1977
66	68	1	108.2158	10	7	0	-1	0	0.5147	-1.0000
66	69	1	109.9658	11	8	0	1	1	0.5217	0.6021
66	70	1	111.5158	10	7	0	0	1	0.5143	0.8273
66	71	1	113.0658	12	2	0	1	1	0.5211	1.0058
66	72	1	114.6158	13	12	0	1	1	0.5278	1.1362
66	73	1	116.1658	10	7	0	1	1	0.5342	0.7053
66	74	1	117.7157	9	1	0	0	1	0.5270	1.0759
66	75	1	119.2658	10	7	0	1	1	0.5333	0.5502
66	76	1	120.8157	9	1	0	1	1	0.5395	0.7114
66	77	1	122.3657	10	7	0	1	1	0.5455	1.2573
66	78	1	123.9157	13	12	0	1	1	0.5513	0.9081
66	79	1	125.4657	14	4	0	1	1	0.5570	1.0213
66	80	1	127.0157	1	9	0	1	1	0.5625	0.9762
66	81	1	128.5657	15	14	90	1	1	0.5679	1.4417
66	82	1	130.1157	1	9	90	0	1	0.5610	1.1563
66	83	1	131.6656	14	4	0	1	1	0.5663	0.9503
66	84	1	133.2156	1	9	0	1	1	0.5714	0.7922
66	85	1	134.7656	14	4	0	1	1	0.5765	0.8263
66	86	1	136.3156	13	12	90	1	1	0.5814	1.3724
66	87	1	137.8656	14	4	0	1	1	0.5862	0.7977
66	88	1	139.4156	13	12	0	1	1	0.5909	0.9114
66	89	1	140.9656	14	4	0	1	1	0.5955	0.6262
66	90	1	142.5156	1	9	0	1	1	0.6000	0.9634
66	91	1	144.0656	14	4	0	1	1	0.6044	0.7578
66	92	1	145.6155	13	12	90	1	1	0.6087	1.2715
66	93	1	147.1656	12	2	0	1	1	0.6129	1.3694
66	94	1	148.7156	9	1	0	1	1	0.6170	1.0675
66	95	1	150.2656	8	3	0	1	1	0.6211	0.6854
66	96	1	151.8155	9	1	0	1	1	0.6250	0.5761
66	97	1	153.3655	11	8	0	1	1	0.6289	0.6577
66	98	1	154.9156	12	2	0	1	1	0.6327	1.0763
66	99	1	156.4655	11	8	90	1	1	0.6364	0.8215
66	100	1	158.0155	13	12	0	1	1	0.6400	1.1441
66	101	1	159.5654	12	2	90	0	1	0.6337	1.0664
66	102	1	161.1154	11	8	90	1	1	0.6373	1.0684
66	103	1	162.6654	12	2	0	1	1	0.6408	1.0061
66	104	1	164.2155	11	8	90	1	1	0.6442	0.9763
66	105	1	165.7654	10	7	0	1	1	0.6476	0.9785
66	106	1	167.3154	12	2	0	1	1	0.6509	1.1084
66	107	1	168.8654	11	8	0	1	1	0.6542	0.7906
66	108	1	170.4154	9	1	0	1	1	0.6574	1.0486
66	109	1	171.9654	10	7	0	1	1	0.6606	1.3056
66	110	1	173.5153	13	12	0	1	1	0.6636	1.3880
66	111	1	175.0653	11	8	0	1	1	0.6667	0.6225
66	112	1	176.6153	13	12	90	1	1	0.6696	0.9125
66	113	1	178.1653	12	2	0	1	1	0.6726	0.9302
66	114	1	179.7154	9	1	0	1	1	0.6754	0.8843
66	115	1	181.2653	11	8	0	1	1	0.6783	0.7096
66	116	1	182.8153	12	2	0	1	1	0.6810	1.3837
66	117	1	184.3653	10	7	0	1	1	0.6838	1.0982
66	118	1	185.9153	9	1	0	1	1	0.6864	0.9236
66	119	1	187.4653	11	8	0	1	1	0.6891	0.6066
66	120	1	189.0152	12	2	0	1	1	0.6917	0.9766
66	121	1	190.5652	11	8	0	1	1	0.6942	0.6260
66	122	1	192.1152	13	12	0	1	1	0.6967	1.0123
66	123	1	193.6652	10	7	0	1	1	0.6992	0.9977
66	124	1	195.2152	13	12	90	1	1	0.7016	0.9526
66	125	1	196.7652	11	8	0	1	1	0.7040	0.6985
66	126	1	198.3151	12	2	0	1	1	0.7063	0.8287
66	127	1	199.8651	11	8	90	1	1	0.7087	0.8305
66	128	1	201.4151	13	12	0	1	1	0.7109	0.9118
66	129	1	202.9652	14	4	0	1	1	0.7132	0.8666
66	130	1	204.5151	13	12	0	1	1	0.7154	0.9806
66	131	1	206.0651	11	8	0	1	1	0.7176	0.7098
66	132	1	207.6151	10	7	0	1	1	0.7197	0.9205
66	133	1	209.1651	11	8	90	1	1	0.7218	0.7938
66	134	1	210.7151	13	12	0	1	1	0.7239	0.7007
66	135	1	212.2651	10	7	90	1	1	0.7259	1.0387
66	136	1	213.8150	12	2	0	1	1	0.7279	0.8638
66	137	1	215.3650	10	7	0	1	1	0.7299	1.1543
66	138	1	216.9150	13	12	0	1	1	0.7319	1.0288
66	139	1	218.4652	14	4	0	1	1	0.7338	0.8537
66	140	1	220.0150	13	12	0	1	1	0.7357	0.7923
66	141	1	221.5650	10	7	0	1	1	0.7376	0.8582
66	142	1	223.1150	9	1	0	1	1	0.7394	0.8605
66	143	1	224.6650	12	2	0	1	1	0.7413	0.7979
66	144	1	226.2150	10	7	90	1	1	0.7431	0.8005
66	145	1	227.7649	11	8	0	1	1	0.7448	0.6588
66	146	1	229.3149	13	12	0	1	1	0.7466	0.8201
66	147	1	230.8649	12	2	90	0	1	0.7415	0.8547
66	148	1	232.4149	9	1	90	1	1	0.7432	0.9204
66	149	1	233.9649	11	8	0	1	1	0.7450	1.0349
66	150	1	235.5149	10	7	0	1	1	0.7467	1.1168
66	151	1	237.0649	9	1	0	1	1	0.7483	0.9748
66	152	1	238.6148	10	7	0	1	1	0.7500	1.0245
66	153	1	240.1649	11	8	0	1	1	0.7516	0.8349
66	154	1	241.7148	13	12	0	1	1	0.7532	0.8366
66	155	1	243.2649	12	2	0	1	1	0.7548	0.7099
66	156	1	244.8148	11	8	0	1	1	0.7564	0.6808
66	157	1	246.3648	13	12	0	1	1	0.7580	0.6827
66	158	1	247.9148	12	2	0	0	1	0.7532	0.7808
66	159	1	249.4648	11	8	0	1	1	0.7547	0.8629
66	160	1	251.0150	9	1	0	1	1	0.7562	0.7523
66	161	1	252.5647	11	8	0	1	1	0.7578	0.7700
66	162	1	254.1147	12	2	0	1	1	0.7593	0.8040
66	163	1	255.6647	9	1	0	1	1	0.7607	0.7269
66	164	1	257.2148	12	2	0	1	1	0.7622	0.6805
66	165	1	258.7647	9	1	0	1	1	0.7636	0.5869
66	166	1	260.3147	11	8	0	1	1	0.7651	0.6200
66	167	1	261.8647	10	7	90	1	1	0.7665	0.8145
66	168	1	263.4147	12	2	0	1	1	0.7679	0.6889
66	169	1	264.9647	13	12	90	1	1	0.7692	1.0270
66	170	1	266.5146	14	4	0	1	1	0.7706	0.7730
66	171	1	268.0647	15	14	90	-1	0	0.7661	-1.0000
66	172	1	269.7980	1	9	0	1	1	0.7674	1.1048
66	173	1	271.3479	14	4	90	1	1	0.7688	0.8832
66	174	1	272.8980	15	14	0	1	1	0.7701	1.1577
66	175	1	274.4479	14	4	0	1	1	0.7714	0.7588
66	176	1	275.9979	1	9	0	1	1	0.7727	0.9537
66	177	1	277.5479	14	4	90	1	1	0.7740	0.7467
66	178	1	279.0979	1	9	0	1	1	0.7753	0.8128
66	179	1	280.6479	2	5	0	1	1	0.7765	1.1833
66	180	1	282.1979	14	4	0	1	1	0.7778	0.9611
66	181	1	283.7478	2	5	0	1	1	0.7790	0.6908
66	182	1	285.2978	1	9	0	1	1	0.7802	0.6775
66	183	1	286.8478	14	4	0	1	1	0.7814	0.5512
66	184	1	288.3978	2	5	0	1	1	0.7826	0.4893
66	185	1	289.9478	14	4	0	1	1	0.7838	0.5717
66	186	1	291.4978	1	9	0	1	1	0.7849	0.6697
66	187	1	293.0478	15	14	0	-1	0	0.7807	-1.0000
66	188	1	294.7644	14	4	90	0	1	0.7766	0.9062
66	189	1	296.3144	2	5	90	1	1	0.7778	1.1169
66	190	1	297.8644	1	9	0	1	1	0.7789	0.9591
66	191	1	299.4144	2	5	0	1	1	0.7801	0.8327
66	192	1	300.9644	14	4	0	1	1	0.7813	0.6112
66	193	1	302.5144	1	9	0	1	1	0.7824	0.6603
66	194	1	304.0644	3	15	0	0	1	0.7784	1.3673
66	195	1	305.6477	2	5	0	1	1	0.7795	0.9675
66	196	1	307.1977	3	15	0	1	1	0.7806	0.9375
66	197	1	308.7477	2	5	0	1	1	0.7817	1.0033
66	198	1	310.2976	15	14	0	1	1	0.7828	1.0059
66	199	1	311.8476	3	15	0	1	1	0.7839	1.0230
66	200	1	313.3976	4	6	0	1	1	0.7850	1.0250
66	201	1	314.9476	7	11	0	1	1	0.7861	1.2198
66	202	1	316.4976	5	13	0	-1	0	0.7822	-1.0000
66	203	1	318.2643	6	10	0	1	1	0.7833	0.8792
66	204	1	319.8142	4	6	0	1	1	0.7843	0.8811
66	205	1	321.3642	7	11	0	1	1	0.7854	1.0909
66	206	1	322.9142	8	3	0	1	1	0.7864	0.8688
66	207	1	324.4642	9	1	0	1	1	0.7874	0.6786
66	208	1	326.0142	10	7	0	0	1	0.7837	1.3211
66	209	1	327.5643	11	8	0	1	1	0.7847	0.6988
66	210	1	329.1142	12	2	90	1	1	0.7857	1.1652
66	211	1	330.6642	10	7	0	1	1	0.7867	1.3108
66	212	1	332.2141	11	8	0	1	1	0.7877	0.9133
66	213	1	333.7642	10	7	0	1	1	0.7887	0.6915
66	214	1	335.3141	9	1	0	1	1	0.7897	0.6458
66	215	1	336.8641	11	8	0	1	1	0.7907	0.6155
66	216	1	338.4141	13	12	90	1	1	0.7917	0.8729
66	217	1	339.9641	10	7	0	1	1	0.7926	0.7305
66	218	1	341.5141	9	1	90	0	1	0.7890	0.5569
66	219	1	343.0641	12	2	0	1	1	0.7900	0.7024
66	220	1	344.6141	10	7	0	1	1	0.7909	0.8494
66	221	1	346.1641	9	1	0	1	1	0.7919	0.6429
66	222	1	347.7141	11	8	0	1	1	0.7928	0.6134
66	223	1	349.2641	13	12	0	1	1	0.7937	1.0472
66	224	1	350.8141	10	7	0	1	1	0.7946	0.7449
66	225	1	352.3641	11	8	90	1	1	0.7956	0.7632
66	226	1	353.9141	12	2	0	1	1	0.7965	0.6851
66	227	1	355.4640	10	7	0	1	1	0.7974	0.5913
66	228	1	357.0140	9	1	0	1	1	0.7982	0.7371
66	229	1	358.5640	10	7	0	1	1	0.7991	0.5785
66	230	1	360.1139	13	12	90	1	1	0.8000	0.7890
66	231	1	361.6640	12	2	0	1	1	0.8009	0.8560
66	232	1	363.2139	10	7	0	1	1	0.8017	0.6486
66	233	1	364.7639	12	2	0	1	1	0.8026	0.5554
66	234	1	366.3139	13	12	0	1	1	0.8034	1.1166
66	235	1	367.8639	14	4	0	1	1	0.8043	0.7355
66	236	1	369.4139	2	5	90	1	1	0.8051	0.8009
66	237	1	370.9639	14	4	0	1	1	0.8059	0.6269
66	238	1	372.5138	15	14	0	1	1	0.8067	1.0295
66	239	1	374.0638	2	5	0	1	1	0.8075	0.6786
66	240	1	375.6138	14	4	0	1	1	0.8083	0.6496
66	241	1	377.1638	1	9	0	1	1	0.8091	1.0029
66	242	1	378.7138	2	5	0	1	1	0.8099	0.9254
66	243	1	380.2639	3	15	0	0	1	0.8066	1.2157
66	244	1	381.8138	15	14	0	1	1	0.8074	1.0895
66	245	1	383.3638	2	5	0	1	1	0.8082	0.8191
66	246	1	384.9137	14	4	0	1	1	0.8089	0.7568
66	247	1	386.4637	15	14	0	1	1	0.8097	0.7915
66	248	1	388.0137	14	4	0	1	1	0.8105	0.7292
66	249	1	389.5637	15	14	0	1	1	0.8112	0.7308
66	250	1	391.1137	14	4	0	1	1	0.8120	0.6536
66	251	1	392.6637	1	9	0	1	1	0.8127	1.1348
66	252	1	394.2137	14	4	90	1	1	0.8135	0.9457
66	253	1	395.7637	1	9	0	1	1	0.8142	0.7717
66	254	1	397.3136	14	4	0	1	1	0.8150	1.1254
66	255	1	398.8636	2	5	0	1	1	0.8157	0.8868
66	256	1	400.4136	14	4	0	1	1	0.8164	0.7128
66	257	1	401.9636	2	5	0	1	1	0.8171	0.6837
66	258	1	403.5136	14	4	0	1	1	0.8178	0.6371
66	259	1	405.0636	2	5	0	1	1	0.8185	0.7197
66	260	1	406.6136	14	4	0	1	1	0.8192	0.6733
66	261	1	408.1636	1	9	0	1	1	0.8199	0.6748
66	262	1	409.7136	2	5	0	1	1	0.8206	0.6288
66	263	1	411.2635	15	14	0	1	1	0.8213	1.0155
66	264	1	412.8135	1	9	0	1	1	0.8220	1.0338
66	265	1	414.3635	2	5	90	1	1	0.8226	0.8278
66	266	1	415.9135	3	15	0	1	1	0.8233	0.9252
66	267	1	417.4635	1	9	0	1	1	0.8240	0.7677
66	268	1	419.0135	2	5	0	1	1	0.8246	0.6249
66	269	1	420.5635	15	14	0	1	1	0.8253	0.6438
66	270	1	422.1135	2	5	0	1	1	0.8259	0.6613
66	271	1	423.6635	15	14	90	1	1	0.8266	0.8229
66	272	1	425.2134	2	5	0	1	1	0.8272	0.6338
66	273	1	426.7634	3	15	90	1	1	0.8278	1.0838
66	274	1	428.3135	15	14	0	1	1	0.8285	0.7973
66	275	1	429.8634	2	5	0	1	1	0.8291	0.5598
66	276	1	431.4134	3	15	0	0	1	0.8261	0.6729
66	277	1	432.9634	4	6	0	1	1	0.8267	1.0429
66	278	1	434.5134	6	10	0	1	1	0.8273	1.0779
66	279	1	436.0634	8	3	0	1	1	0.8280	0.8878
66	280	1	437.6133	7	11	0	-1	0	0.8250	-1.0000
66	281	1	439.3467	4	6	90	0	1	0.8221	0.6917
66	282	1	440.8966	5	13	0	0	1	0.8191	1.3508
66	283	1	442.4800	8	3	0	1	1	0.8198	0.6631
66	284	1	444.0300	9	1	90	1	1	0.8204	1.0169
66	285	1	445.5799	8	3	0	1	1	0.8211	0.6028
66	286	1	447.1299	5	13	0	1	1	0.8217	1.0855
66	287	1	448.6799	4	6	0	1	1	0.8223	0.8624
66	288	1	450.2299	3	15	0	1	1	0.8229	1.2492
66	289	1	451.7799	1	9	0	1	1	0.8235	0.9304
66	290	1	453.3299	14	4	0	1	1	0.8241	0.6772
66	291	1	454.8799	1	9	0	1	1	0.8247	0.6149
66	292	1	456.4299	3	15	0	1	1	0.8253	0.9204
66	293	1	457.9798	15	14	0	1	1	0.8259	0.6993
66	294	1	459.5298	1	9	90	1	1	0.8265	0.8294
66	295	1	461.0798	14	4	0	1	1	0.8271	0.7193
66	296	1	462.6298	2	5	0	1	1	0.8277	0.6413
66	297	1	464.1798	14	4	0	1	1	0.8283	0.6434
66	298	1	466.0132	13	12	0	1	1	0.8289	1.0490
66	299	1	467.5631	11	8	0	1	1	0.8294	0.7794
66	300	1	469.1131	9	1	0	-1	0	0.8267	-1.0000
66	301	1	470.8631	8	3	0	1	1	0.8272	0.0168
66	302	1	472.4131	5	13	0	1	1	0.8278	1.0660
66	303	1	473.9631	4	6	0	1	1	0.8284	0.6832
66	304	1	475.5130	5	13	0	1	1	0.8289	0.7021
66	305	1	477.0630	8	3	90	1	1	0.8295	0.8482
66	306	1	478.6130	6	10	90	1	1	0.8301	0.9936
66	307	1	480.1630	4	6	0	1	1	0.8306	0.8040
66	308	1	481.7130	5	13	0	1	1	0.8312	0.7741
66	309	1	483.2630	6	10	0	1	1	0.8317	0.8072
66	310	1	484.8130	8	3	0	1	1	0.8323	0.7456
66	311	1	486.3630	7	11	0	1	1	0.8328	1.3396
66	312	1	487.9130	6	10	0	1	1	0.8333	1.3262
66	313	1	489.4629	7	11	90	0	1	0.8307	1.3117
66	314	1	491.0129	8	3	90	0	1	0.8280	0.6732
66	315	1	492.5629	7	11	0	0	1	0.8254	0.9634
66	316	1	494.1129	8	3	0	1	1	0.8259	0.9493
66	317	1	495.6629	5	13	90	1	1	0.8265	1.1441
66	318	1	497.2129	7	11	0	1	1	0.8270	1.0822
66	319	1	498.7629	5	13	0	0	1	0.8245	1.2604
66	320	1	500.3129	7	11	0	1	1	0.8250	1.2297
66	321	1	501.8628	4	6	90	0	1	0.8224	0.8163
66	322	1	503.4128	6	10	0	1	1	0.8230	1.2814
66	323	1	504.9628	7	11	0	1	1	0.8235	0.8838
66	324	1	506.5128	5	13	0	1	1	0.8241	1.2057
66	325	1	508.0628	6	10	0	1	1	0.8246	0.9363
66	326	1	509.6128	8	3	0	1	1	0.8252	0.7453
66	327	1	511.1628	6	10	90	0	1	0.8226	1.1962
66	328	1	512.7128	8	3	0	1	1	0.8232	0.7822
66	329	1	514.2627	5	13	0	1	1	0.8237	1.0085
66	330	1	515.8127	6	10	0	1	1	0.8242	1.1218
66	331	1	517.3627	7	11	0	1	1	0.8248	0.9474
66	332	1	518.9127	5	13	0	1	1	0.8253	0.9494
66	333	1	520.4627	4	6	0	1	1	0.8258	0.9199
66	334	1	522.0127	6	10	90	0	1	0.8234	1.0983
66	335	1	523.5627	7	11	0	-1	0	0.8209	-1.0000
66	336	1	525.2793	8	3	0	1	1	0.8214	1.1276
66	337	1	526.8293	6	10	0	1	1	0.8220	1.1768
66	338	1	528.3793	7	11	0	1	1	0.8225	1.1157
66	339	1	529.9293	5	13	0	1	1	0.8230	1.3096
66	340	1	531.4793	4	6	0	1	1	0.8235	1.2312
66	341	1	533.0293	3	15	90	1	1	0.8240	0.9449
66	342	1	534.5793	15	14	90	1	1	0.8246	1.1718
66	343	1	536.1293	1	9	0	-1	0	0.8222	-1.0000
66	344	1	537.9292	14	4	90	1	1	0.8227	1.3417
66	345	1	539.4792	1	9	0	1	1	0.8232	1.2956
66	346	1	541.0292	2	5	0	1	1	0.8237	0.9459
66	347	1	542.5792	15	14	0	1	1	0.8242	0.7549
66	348	1	544.1292	14	4	0	1	1	0.8247	0.8532
66	349	1	545.6792	1	9	90	1	1	0.8252	0.9509
66	350	1	547.2292	14	4	90	1	1	0.8257	0.8889
66	351	1	548.7791	13	12	0	1	1	0.8262	1.1637
66	352	1	550.3292	10	7	90	1	1	0.8267	0.8938
66	353	1	551.8791	12	2	90	-1	0	0.8244	-1.0000
66	354	1	553.6291	10	7	0	-1	0	0.8220	-1.0000
66	355	1	555.3791	11	8	0	1	1	0.8225	0.0350
66	356	1	556.9291	13	12	0	1	1	0.8230	1.0777
66	357	1	558.4791	11	8	0	1	1	0.8235	0.6638
66	358	1	560.0291	13	12	0	1	1	0.8240	0.6810
66	359	1	561.5791	12	2	90	0	1	0.8217	1.0358
66	360	1	563.1290	13	12	0	1	1	0.8222	0.9090
66	361	1	564.6790	11	8	0	1	1	0.8227	0.6074
66	362	1	566.2290	9	1	0	1	1	0.8232	0.8494
66	363	1	567.7790	11	8	0	1	1	0.8237	0.6270
66	364	1	569.3290	13	12	0	1	1	0.8242	1.0770
66	365	1	570.8790	10	7	90	1	1	0.8247	1.0959
66	366	1	572.4290	13	12	0	1	1	0.8251	0.9220
66	367	1	573.9790	10	7	0	1	1	0.8256	0.7158
66	368	1	575.5290	12	2	0	1	1	0.8261	0.7660
66	369	1	577.0789	13	12	0	1	1	0.8266	0.9595
66	370	1	578.6289	11	8	0	1	1	0.8270	0.8179
66	371	1	580.1789	13	12	0	1	1	0.8275	0.7235
66	372	1	581.7289	10	7	0	1	1	0.8280	0.7411
66	373	1	583.2789	9	1	0	1	1	0.8284	0.6640
66	374	1	584.8289	8	3	0	1	1	0.8289	0.5860
66	375	1	586.3789	6	10	0	1	1	0.8293	1.1631
66	376	1	587.9289	5	13	0	1	1	0.8298	0.9736
66	377	1	589.4788	8	3	90	1	1	0.8302	0.8319
66	378	1	591.0288	5	13	90	1	1	0.8307	0.8820
66	379	1	592.5788	6	10	0	1	1	0.8311	1.1711
66	380	1	594.1288	8	3	0	1	1	0.8316	0.9491
66	381	1	595.6788	9	1	0	1	1	0.8320	0.9518
66	382	1	597.2288	12	2	0	1	1	0.8325	0.8252
66	383	1	598.7788	13	12	0	1	1	0.8329	0.7952
66	384	1	600.3287	10	7	0	1	1	0.8333	0.7341
66	385	1	601.8788	11	8	0	1	1	0.8338	0.5915
66	386	1	603.4287	9	1	0	1	1	0.8342	0.6742
66	387	1	604.9787	12	2	0	1	1	0.8346	0.6600
66	388	1	606.5287	13	12	0	1	1	0.8351	0.7903
66	389	1	608.0787	12	2	0	1	1	0.8355	0.8552
66	390	1	609.6287	9	1	0	1	1	0.8359	0.8419
66	391	1	611.1787	12	2	0	1	1	0.8363	0.8112
66	392	1	612.7287	10	7	90	1	1	0.8367	0.9092
66	393	1	614.2787	12	2	0	1	1	0.8372	0.8472
66	394	1	615.8286	10	7	0	1	1	0.8376	0.7060
66	395	1	617.3786	12	2	0	1	1	0.8380	0.7073
66	396	1	618.9286	13	12	0	1	1	0.8384	0.7253
66	397	1	620.4786	11	8	90	1	1	0.8388	0.7916
66	398	1	622.0286	12	2	0	1	1	0.8392	0.6973
66	399	1	623.5786	13	12	0	1	1	0.8396	0.9073
66	400	1	625.1286	10	7	0	1	1	0.8400	1.1021
66	401	1	626.6786	9	1	0	1	1	0.8404	0.9282
66	402	1	628.2286	12	2	0	1	1	0.8408	0.7373
66	403	1	629.7785	10	7	0	1	1	0.8412	0.7073
66	404	1	631.3285	11	8	0	1	1	0.8416	0.8378
66	405	1	632.8785	13	12	0	1	1	0.8420	0.7438
66	406	1	634.4285	14	4	0	1	1	0.8424	0.7617
66	407	1	635.9785	1	9	0	0	1	0.8403	1.0517
66	408	1	637.5285	15	14	0	1	1	0.8407	0.8781
66	409	1	639.0785	3	15	0	0	1	0.8386	1.1843
66	410	1	640.6285	4	6	0	1	1	0.8390	0.7214
66	411	1	642.1784	7	11	90	0	1	0.8370	1.0123
66	412	1	643.7284	6	10	0	1	1	0.8374	1.3658
66	413	1	645.2784	7	11	90	0	1	0.8354	1.1437
66	414	1	646.8284	6	10	0	1	1	0.8357	1.1134
66	415	1	648.3784	4	6	0	1	1	0.8361	0.8599
66	416	1	649.9284	5	13	0	1	1	0.8365	1.1494
66	417	1	651.4784	8	3	0	1	1	0.8369	0.8324
66	418	1	653.0284	9	1	0	1	1	0.8373	0.8983
66	419	1	654.5784	10	7	90	1	1	0.8377	0.7875
66	420	1	656.1283	9	1	0	1	1	0.8381	0.6939
66	421	1	657.6783	11	8	90	1	1	0.8385	0.7279
66	422	1	659.2283	10	7	0	1	1	0.8389	0.6499
66	423	1	660.7783	12	2	0	1	1	0.8392	1.0523
66	424	1	662.3283	11	8	0	1	1	0.8396	0.8303
66	425	1	663.8783	10	7	90	1	1	0.8400	0.7195
66	426	1	665.4282	13	12	0	1	1	0.8404	0.7699
66	427	1	666.9782	11	8	90	1	1	0.8407	0.7405
66	428	1	668.5282	12	2	0	1	1	0.8411	0.7429
66	429	1	670.0782	10	7	0	1	1	0.8415	1.1444
66	430	1	671.6282	12	2	0	1	1	0.8419	0.8104
66	431	1	673.1782	11	8	0	1	1	0.8422	0.6677
66	432	1	674.7282	9	1	0	1	1	0.8426	0.7019
66	433	1	676.2782	12	2	0	1	1	0.8430	0.5761
66	434	1	677.8282	10	7	0	1	1	0.8433	0.6422
66	435	1	679.3782	12	2	90	0	1	0.8414	0.5644
66	436	1	680.9282	10	7	0	1	1	0.8417	0.6461
66	437	1	682.4781	13	12	0	1	1	0.8421	0.6796
66	438	1	684.0281	14	4	0	1	1	0.8425	0.6820
66	439	1	685.5781	2	5	0	1	1	0.8428	0.7477
66	440	1	687.1281	3	15	0	0	1	0.8409	1.3428
66	441	1	688.6948	2	5	90	1	1	0.8413	0.8799
66	442	1	690.2447	3	15	0	0	1	0.8394	0.6890
66	443	1	691.7948	1	9	0	1	1	0.8397	0.8834
66	444	1	693.3447	15	14	0	1	1	0.8401	0.6458
66	445	1	694.8947	1	9	90	0	1	0.8382	0.6958
66	446	1	696.4447	15	14	0	1	1	0.8386	0.7458
66	447	1	697.9947	1	9	0	1	1	0.8389	0.8750
66	448	1	699.5447	15	14	0	1	1	0.8393	0.9579
66	449	1	701.0946	14	4	0	1	1	0.8396	0.8790
66	450	1	702.6446	1	9	0	1	1	0.8400	1.1370
66	451	1	704.1946	2	5	0	1	1	0.8404	0.6916
66	452	1	705.7447	15	14	0	1	1	0.8407	0.6779
66	453	1	707.2946	1	9	0	1	1	0.8411	0.7431
66	454	1	708.8447	15	14	0	1	1	0.8414	0.7131
66	455	1	710.3946	3	15	90	1	1	0.8418	1.0031
66	456	1	711.9446	15	14	0	1	1	0.8421	0.8141
66	457	1	713.4946	14	4	0	1	1	0.8425	0.6071
66	458	1	715.0445	1	9	90	1	1	0.8428	0.8819
66	459	1	716.5946	3	15	0	1	1	0.8431	1.0431
66	460	1	718.1446	2	5	0	1	1	0.8435	0.7899
66	461	1	719.6945	15	14	0	1	1	0.8438	0.6318
66	462	1	721.5112	2	5	0	1	1	0.8442	0.9264
66	463	1	723.0612	14	4	90	1	1	0.8445	0.8328
66	464	1	724.6111	13	12	0	1	1	0.8448	0.7545
66	465	1	726.1611	12	2	0	1	1	0.8452	0.9970
66	466	1	727.7111	9	1	0	1	1	0.8455	0.7755
66	467	1	729.2611	8	3	0	1	1	0.8458	0.6654
66	468	1	730.8111	9	1	0	1	1	0.8462	0.7470
66	469	1	732.3611	12	2	0	1	1	0.8465	0.6694
66	470	1	733.9111	9	1	90	1	1	0.8468	0.8306
66	471	1	735.4611	10	7	0	1	1	0.8471	0.8334
66	472	1	737.0111	13	12	90	1	1	0.8475	0.9636
66	473	1	738.5610	14	4	0	1	1	0.8478	1.0766
66	474	1	740.1110	2	5	90	1	1	0.8481	0.8075
66	475	1	741.6610	15	14	0	1	1	0.8484	0.6166
66	476	1	743.2110	3	15	0	1	1	0.8487	0.8752
66	477	1	744.7610	4	6	90	1	1	0.8491	1.0526
66	478	1	746.3110	6	10	90	-1	0	0.8473	-1.0000
66	479	1	748.0777	4	6	0	1	1	0.8476	1.2087
66	480	1	749.6276	3	15	90	-1	0	0.8458	-1.0000
66	481	1	751.3443	2	5	0	1	1	0.8462	0.6783
66	482	1	752.8942	14	4	0	1	1	0.8465	0.7922
66	483	1	754.4444	13	12	0	1	1	0.8468	0.8572
66	484	1	755.9943	12	2	0	1	1	0.8471	0.8433
66	485	1	757.5442	10	7	0	1	1	0.8474	0.9254
66	486	1	759.0943	9	1	0	1	1	0.8477	0.8482
66	487	1	760.6442	12	2	0	1	1	0.8480	0.7213
66	488	1	762.1942	10	7	90	1	1	0.8484	1.1878
66	489	1	763.7442	13	12	0	1	1	0.8487	0.8373
66	490	1	765.2942	10	7	0	1	1	0.8490	0.9683
66	491	1	766.8442	12	2	90	1	1	0.8493	0.9858
66	492	1	768.3942	10	7	0	1	1	0.8496	0.7314
66	493	1	769.9442	11	8	0	1	1	0.8499	0.7334
66	494	1	771.4941	9	1	90	0	1	0.8482	1.1834
66	495	1	773.0441	10	7	0	1	1	0.8485	1.1858
66	496	1	774.5941	13	12	0	1	1	0.8488	0.7714
66	497	1	776.1442	14	4	0	1	1	0.8491	0.6778
66	498	1	777.6941	2	5	0	1	1	0.8494	0.5834
66	499	1	779.2441	14	4	0	1	1	0.8497	0.6183
66	500	1	780.7941	1	9	0	1	1	0.8500	0.7474
66	501	1	782.3440	14	4	0	1	1	0.8503	0.6705
66	502	1	783.8940	13	12	0	1	1	0.8506	0.6244
66	503	1	785.4441	10	7	0	1	1	0.8509	0.8495
66	504	1	786.9940	9	1	0	1	1	0.8512	0.6921
66	505	1	788.5440	12	2	0	1	1	0.8515	0.7104
66	506	1	790.0941	13	12	0	1	1	0.8518	0.6643
66	507	1	791.6440	14	4	0	1	1	0.8521	0.5535
66	508	1	793.1940	2	5	0	1	1	0.8524	0.5875
66	509	1	794.7439	3	15	0	0	1	0.8507	0.7666
66	510	1	796.2939	2	5	0	1	1	0.8510	0.6399
66	511	1	797.8440	15	14	0	1	1	0.8513	0.5944
66	512	1	799.3939	14	4	0	1	1	0.8516	1.0115
66	513	1	800.9439	13	12	0	1	1	0.8519	0.6623
66	514	1	802.4939	14	4	0	1	1	0.8521	0.5841
66	515	1	804.0439	2	5	0	1	1	0.8524	0.6024
66	516	1	805.5939	14	4	0	1	1	0.8527	0.5079
66	517	1	807.1438	13	12	90	1	1	0.8530	0.8616
66	518	1	808.6938	11	8	0	1	1	0.8533	0.6404
66	519	1	810.2438	13	12	0	1	1	0.8536	0.6260
66	520	1	811.7938	14	4	0	1	1	0.8538	0.6282
66	521	1	813.3438	1	9	0	1	1	0.8541	0.6620
66	522	1	814.8938	2	5	0	1	1	0.8544	0.5845
66	523	1	816.4438	15	14	0	1	1	0.8547	0.5865
66	524	1	817.9938	1	9	90	1	1	0.8550	0.8756
66	525	1	819.5437	14	4	0	1	1	0.8552	0.8947
66	526	1	821.0938	15	14	0	1	1	0.8555	0.7045
66	527	1	822.6437	14	4	0	1	1	0.8558	0.7226
66	528	1	824.1938	15	14	0	1	1	0.8561	0.5796
66	529	1	825.7437	2	5	90	1	1	0.8563	0.7738
66	530	1	827.2937	15	14	0	1	1	0.8566	0.6321
66	531	1	828.8437	3	15	90	0	1	0.8550	1.2257
66	532	1	830.3937	15	14	90	0	1	0.8534	0.6046
66	533	1	831.9436	3	15	90	1	1	0.8537	1.1497
66	534	1	833.4936	1	9	90	1	1	0.8539	1.1206
66	535	1	835.0436	2	5	0	1	1	0.8542	0.9137
66	536	1	836.5936	1	9	90	1	1	0.8545	0.9323
66	537	1	838.1436	2	5	0	1	1	0.8547	0.5502
66	538	1	839.6936	1	9	0	0	1	0.8532	0.8878
66	539	1	841.2436	15	14	0	1	1	0.8534	0.6024
66	540	1	842.7936	1	9	0	1	1	0.8537	0.7163
66	541	1	844.3436	15	14	0	1	1	0.8540	0.6384
66	542	1	845.8936	1	9	0	1	1	0.8542	0.5278
66	543	1	847.4436	3	15	90	1	1	0.8545	1.3143
66	544	1	848.9935	4	6	0	1	1	0.8548	1.0118
66	545	1	850.5435	3	15	0	1	1	0.8550	0.8702
66	546	1	852.0935	4	6	0	1	1	0.8553	0.7448
66	547	1	853.6435	6	10	0	1	1	0.8556	1.3219
66	548	1	855.1935	4	6	0	1	1	0.8558	0.9403
66	549	1	856.7435	5	13	0	1	1	0.8561	1.1988
66	550	1	858.2935	8	3	0	1	1	0.8564	0.8322
66	551	1	859.8435	9	1	0	1	1	0.8566	0.7866
66	552	1	861.3934	11	8	90	1	1	0.8569	0.7888
66	553	1	862.9435	13	12	0	1	1	0.8571	0.6458
66	554	1	864.4934	12	2	90	0	1	0.8556	0.6003
66	555	1	866.0434	13	12	0	1	1	0.8559	0.6033
66	556	1	867.5934	10	7	0	1	1	0.8561	0.7643
66	557	1	869.1434	9	1	0	1	1	0.8564	0.6539
66	558	1	870.6934	10	7	90	1	1	0.8566	0.7848
66	559	1	872.2433	11	8	0	1	1	0.8569	0.6899
66	560	1	873.7933	13	12	0	1	1	0.8571	0.6284
66	561	1	875.3433	14	4	0	1	1	0.8574	0.7420
66	562	1	876.8933	1	9	90	1	1	0.8577	0.9046
66	563	1	878.4433	14	4	90	1	1	0.8579	0.9229
66	564	1	879.9933	15	14	0	1	1	0.8582	0.7489
66	565	1	881.5433	3	15	0	1	1	0.8584	0.8147
66	566	1	883.0933	4	6	0	1	1	0.8587	0.7209
66	567	1	884.6432	7	11	0	1	1	0.8589	0.9143
66	568	1	886.1932	5	13	0	1	1	0.8592	1.0449
66	569	1	887.7432	4	6	0	1	1	0.8594	0.9673
66	570	1	889.2932	6	10	0	1	1	0.8596	0.9044
66	571	1	890.8432	5	13	0	1	1	0.8599	1.3541
66	572	1	892.3932	7	11	0	1	1	0.8601	1.1005
66	573	1	893.9432	5	13	0	1	1	0.8604	1.3430
66	574	1	895.4932	4	6	0	1	1	0.8606	0.8961
66	575	1	897.0432	7	11	0	1	1	0.8609	0.7709
66	576	1	898.5931	6	10	0	1	1	0.8611	0.6927
66	577	1	900.1431	7	11	0	1	1	0.8614	0.6790
66	578	1	901.6931	4	6	0	1	1	0.8616	0.6491
66	579	1	903.2431	5	13	0	1	1	0.8618	0.7146
66	580	1	904.7931	8	3	0	1	1	0.8621	0.6531
66	581	1	906.3431	6	10	0	1	1	0.8623	0.9426
66	582	1	907.8931	4	6	0	1	1	0.8625	0.7205
66	583	1	909.4431	5	13	0	1	1	0.8628	0.7701
66	584	1	910.9930	7	11	0	1	1	0.8630	0.7251
66	585	1	912.5430	5	13	0	1	1	0.8632	0.7746
66	586	1	914.0931	4	6	0	1	1	0.8635	0.6011
66	587	1	915.6430	5	13	0	1	1	0.8637	0.7951
66	588	1	917.1930	4	6	90	1	1	0.8639	0.9731
66	589	1	918.7430	3	15	0	1	1	0.8642	0.9107
66	590	1	920.2930	4	6	0	1	1	0.8644	0.7531
66	591	1	921.8430	3	15	0	1	1	0.8646	0.7550
66	592	1	923.3930	1	9	0	1	1	0.8649	0.7726
66	593	1	924.9429	3	15	90	1	1	0.8651	0.8387
66	594	1	926.4929	1	9	0	1	1	0.8653	0.7452
66	595	1	928.0430	15	14	0	1	1	0.8655	0.6031
66	596	1	929.5929	3	15	0	1	1	0.8658	0.7167
66	597	1	931.1429	2	5	0	1	1	0.8660	0.7032
66	598	1	932.6929	1	9	0	1	1	0.8662	0.7683
66	599	1	934.2429	15	14	90	1	1	0.8664	0.7711
66	600	1	935.7928	1	9	0	1	1	0.8667	0.5973
66	601	1	1090.0250	3	15	0	1	1	0.8669	1.4998
66	602	1	1091.6416	2	5	90	1	1	0.8671	0.8601
66	603	1	1093.1916	1	9	0	1	1	0.8673	0.7976
66	604	1	1094.7416	3	15	0	1	1	0.8675	0.9112
66	605	1	1096.2916	2	5	0	1	1	0.8678	0.7532
66	606	1	1097.8416	14	4	90	1	1	0.8680	0.8033
66	607	1	1099.3916	2	5	0	1	1	0.8682	0.7252
66	608	1	1100.9416	3	15	0	1	1	0.8684	0.6480
66	609	1	1102.4915	4	6	90	1	1	0.8686	0.7457
66	610	1	1104.0415	3	15	0	1	1	0.8689	0.7644
66	611	1	1105.5915	4	6	0	1	1	0.8691	0.6213
66	612	1	1107.1415	5	13	90	1	1	0.8693	0.9112
66	613	1	1108.6915	4	6	90	1	1	0.8695	0.8172
66	614	1	1110.2415	3	15	90	1	1	0.8697	0.7723
66	615	1	1111.7915	1	9	0	1	1	0.8699	0.8060
66	616	1	1113.3415	3	15	90	1	1	0.8701	0.9041
66	617	1	1114.8915	15	14	0	1	1	0.8703	0.8896
66	618	1	1116.4414	1	9	90	1	1	0.8706	0.7957
66	619	1	1117.9914	3	15	0	1	1	0.8708	0.8461
66	620	1	1119.5414	15	14	0	1	1	0.8710	0.7353
66	621	1	1121.0914	2	5	0	1	1	0.8712	0.7377
66	622	1	1122.6414	1	9	0	1	1	0.8714	0.8033
66	623	1	1124.1914	2	5	0	1	1	0.8716	0.7893
66	624	1	1125.7414	14	4	90	1	1	0.8718	0.7597
66	625	1	1127.2913	13	12	0	1	1	0.8720	0.7142
66	626	1	1128.8414	14	4	90	1	1	0.8722	0.7641
66	627	1	1130.3913	1	9	0	1	1	0.8724	0.7503
66	628	1	1131.9413	3	15	90	1	1	0.8726	0.7674
66	629	1	1133.4913	1	9	0	1	1	0.8728	0.6897
66	630	1	1135.0413	15	14	0	1	1	0.8730	0.6924
66	631	1	1136.5913	1	9	0	1	1	0.8732	0.6934
66	632	1	1138.1412	3	15	0	1	1	0.8734	0.7283
66	633	1	1139.6913	15	14	0	1	1	0.8736	0.6982
66	634	1	1141.2413	14	4	0	1	1	0.8738	0.7318
66	635	1	1142.7912	13	12	0	1	1	0.8740	0.6703
66	636	1	1144.3412	12	2	0	0	1	0.8726	1.0563
66	637	1	1145.8912	10	7	0	1	1	0.8728	0.8177
66	638	1	1147.4412	9	1	0	1	1	0.8730	0.7074
66	639	1	1148.9912	8	3	0	1	1	0.8732	0.7583
66	640	1	1150.5412	9	1	0	1	1	0.8734	0.7125
66	641	1	1152.0911	11	8	0	1	1	0.8736	0.7139
66	642	1	1153.6411	13	12	0	1	1	0.8738	0.6995
66	643	1	1155.1911	14	4	0	1	1	0.8740	0.6544
66	644	1	1156.7411	2	5	90	1	1	0.8742	0.7044
66	645	1	1158.2911	15	14	0	1	1	0.8744	0.6424
66	646	1	1159.8411	2	5	0	1	1	0.8746	0.5795
66	647	1	1161.3911	15	14	0	1	1	0.8748	0.5335
66	648	1	1162.9411	1	9	90	1	1	0.8750	0.7603
66	649	1	1164.4911	2	5	0	1	1	0.8752	0.7465
66	650	1	1166.0411	3	15	0	1	1	0.8754	0.7638
66	651	1	1167.5910	15	14	90	1	1	0.8756	0.8300
66	652	1	1169.1410	14	4	0	1	1	0.8758	0.8636
66	653	1	1170.6910	13	12	0	1	1	0.8760	0.7056
66	654	1	1172.2410	14	4	0	1	1	0.8761	0.7239
66	655	1	1173.7910	13	12	0	1	1	0.8763	0.8060
66	656	1	1175.3410	11	8	0	1	1	0.8765	0.8244
66	657	1	1176.8910	12	2	0	1	1	0.8767	0.8101
66	658	1	1178.4409	11	8	90	1	1	0.8769	0.7476
66	659	1	1179.9909	10	7	90	1	1	0.8771	0.8625
66	660	1	1181.5409	13	12	90	1	1	0.8773	0.8800
66	661	1	1183.0909	12	2	0	1	1	0.8775	0.7865
66	662	1	1184.6409	9	1	0	1	1	0.8776	0.6436
66	663	1	1186.1909	11	8	0	1	1	0.8778	0.6945
66	664	1	1187.7409	10	7	0	1	1	0.8780	0.7756
66	665	1	1189.2909	9	1	0	1	1	0.8782	0.7617
66	666	1	1190.8409	8	3	0	1	1	0.8784	0.7326
66	667	1	1192.3909	7	11	0	1	1	0.8786	0.8465
66	668	1	1193.9408	5	13	0	1	1	0.8787	1.1526
66	669	1	1195.4908	6	10	0	1	1	0.8789	0.9303
66	670	1	1197.0408	5	13	0	1	1	0.8791	0.8517
66	671	1	1198.5908	7	11	90	0	1	0.8778	0.8377
66	672	1	1200.1408	6	10	0	1	1	0.8780	0.8083
66	673	1	1201.6908	5	13	0	1	1	0.8782	0.7461
66	674	1	1203.2407	8	3	0	1	1	0.8783	0.8118
66	675	1	1204.7907	5	13	0	1	1	0.8785	0.7178
66	676	1	1206.3407	7	11	0	1	1	0.8787	0.8806
66	677	1	1207.8907	8	3	0	1	1	0.8789	0.9617
66	678	1	1209.4407	5	13	0	1	1	0.8791	0.9318
66	679	1	1210.9907	6	10	90	1	1	0.8792	1.0622
66	680	1	1212.5407	4	6	0	1	1	0.8794	0.8564
66	681	1	1214.0907	6	10	0	1	1	0.8796	0.8258
66	682	1	1215.6407	5	13	90	0	1	0.8783	1.3083
66	683	1	1217.1907	6	10	0	1	1	0.8785	0.7826
66	684	1	1218.7406	7	11	0	1	1	0.8787	1.0407
66	685	1	1220.2906	4	6	90	1	1	0.8788	0.9138
66	686	1	1221.8406	6	10	90	1	1	0.8790	1.0758
66	687	1	1223.3906	5	13	0	1	1	0.8792	0.8388
66	688	1	1224.9406	8	3	0	1	1	0.8794	0.7287
66	689	1	1226.4906	7	11	0	1	1	0.8795	0.7792
66	690	1	1228.0406	4	6	0	1	1	0.8797	0.7009
66	691	1	1229.5905	7	11	0	1	1	0.8799	0.7508
66	692	1	1231.1405	5	13	90	1	1	0.8801	1.1207
66	693	1	1232.6905	7	11	0	0	1	0.8788	1.0899
66	694	1	1234.2405	4	6	90	0	1	0.8775	0.9326
66	695	1	1235.7905	3	15	0	1	1	0.8777	0.8543
66	696	1	1237.3405	15	14	90	1	1	0.8779	0.8567
66	697	1	1238.8905	2	5	0	1	1	0.8780	0.7779
66	698	1	1240.4405	14	4	0	1	1	0.8782	1.1959
66	699	1	1241.9905	1	9	0	1	1	0.8784	0.8149
66	700	1	1243.5404	14	4	0	1	1	0.8786	0.6559
66	701	1	1245.0904	2	5	0	1	1	0.8787	0.5625
66	702	1	1246.6404	14	4	0	1	1	0.8789	0.5319
66	703	1	1248.1904	2	5	0	1	1	0.8791	0.5504
66	704	1	1249.7404	14	4	0	1	1	0.8793	0.4728
66	705	1	1251.2904	2	5	90	1	1	0.8794	0.7140
66	706	1	1252.8404	3	15	0	1	1	0.8796	0.6845
66	707	1	1254.3904	4	6	0	1	1	0.8798	0.7028
66	708	1	1255.9404	7	11	0	1	1	0.8799	0.8169
66	709	1	1257.4903	4	6	0	1	1	0.8801	0.8030
66	710	1	1259.0403	7	11	90	1	1	0.8803	0.8845
66	711	1	1260.5903	6	10	0	1	1	0.8805	0.8870
66	712	1	1262.1403	4	6	90	1	1	0.8806	0.8400
66	713	1	1263.6903	6	10	0	1	1	0.8808	0.7469
66	714	1	1265.2403	5	13	0	1	1	0.8810	0.7489
66	715	1	1266.7903	6	10	90	1	1	0.8811	1.4061
66	716	1	1268.3403	8	3	90	1	1	0.8813	0.9285
66	717	1	1269.8902	7	11	0	1	1	0.8815	0.9465
66	718	1	1271.4402	6	10	0	1	1	0.8816	0.7881
66	719	1	1272.9902	4	6	0	1	1	0.8818	0.6469
66	720	1	1274.5402	6	10	90	1	1	0.8819	0.6649
66	721	1	1276.0902	7	11	0	1	1	0.8821	0.8270
66	722	1	1277.6402	4	6	0	1	1	0.8823	0.6850
66	723	1	1279.1902	7	11	90	1	1	0.8824	0.8150
66	724	1	1280.7402	8	3	0	1	1	0.8826	0.7365
66	725	1	1282.2902	6	10	90	1	1	0.8828	0.9309
66	726	1	1283.8401	5	13	90	1	1	0.8829	0.8365
66	727	1	1285.3901	6	10	90	1	1	0.8831	0.0391
66	728	1	1286.9401	4	6	0	1	1	0.8832	0.6810
66	729	1	1288.4901	7	11	0	1	1	0.8834	0.9231
66	730	1	1290.0401	8	3	0	1	1	0.8836	0.7011
66	731	1	1291.5901	7	11	90	0	1	0.8824	0.7186
66	732	1	1293.1401	5	13	0	1	1	0.8825	0.8491
66	733	1	1294.6900	6	10	0	1	1	0.8827	0.7068
66	734	1	1296.2400	7	11	0	1	1	0.8828	1.0130
66	735	1	1297.7901	6	10	0	1	1	0.8830	0.7582
66	736	1	1299.3400	7	11	0	1	1	0.8832	0.7131
66	737	1	1300.8900	8	3	0	1	1	0.8833	0.7792
66	738	1	1302.4400	9	1	0	1	1	0.8835	0.7647
66	739	1	1303.9900	11	8	0	1	1	0.8836	0.7023
66	740	1	1305.5400	12	2	0	1	1	0.8838	0.7207
66	741	1	1307.0900	13	12	90	1	1	0.8839	0.8187
66	742	1	1308.6399	11	8	90	1	1	0.8841	0.7411
66	743	1	1310.1899	13	12	0	1	1	0.8843	0.7266
66	744	1	1311.7399	10	7	0	1	1	0.8844	0.7452
66	745	1	1313.2899	13	12	90	1	1	0.8846	0.7632
66	746	1	1314.8399	10	7	0	0	1	0.8834	0.7812
66	747	1	1316.3899	12	2	0	1	1	0.8835	0.7343
66	748	1	1317.9399	13	12	0	1	1	0.8837	0.6893
66	749	1	1319.4899	14	4	0	1	1	0.8838	0.8192
66	750	1	1321.0399	13	12	0	1	1	0.8840	0.7887
66	751	1	1322.5898	12	2	0	1	1	0.8842	0.8237
66	752	1	1324.1398	10	7	0	1	1	0.8843	0.7444
66	753	1	1325.6898	12	2	90	1	1	0.8845	0.9392
66	754	1	1327.2398	9	1	0	1	1	0.8846	0.7973
66	755	1	1328.7898	8	3	90	1	1	0.8848	0.7993
66	756	1	1330.3398	6	10	0	1	1	0.8849	0.7687
66	757	1	1331.8898	8	3	0	1	1	0.8851	0.7712
66	758	1	1333.4398	7	11	0	1	1	0.8852	0.8369
66	759	1	1334.9897	6	10	0	1	1	0.8854	0.8224
66	760	1	1336.5398	5	13	0	1	1	0.8855	0.8404
66	761	1	1338.0897	8	3	0	1	1	0.8857	0.8108
66	762	1	1339.6397	5	13	0	1	1	0.8858	0.7004
66	763	1	1341.1897	4	6	0	1	1	0.8860	0.6870
66	764	1	1342.7397	3	15	0	1	1	0.8861	0.7536
66	765	1	1344.2897	4	6	0	1	1	0.8863	0.6905
66	766	1	1345.8397	6	10	90	1	1	0.8864	0.7575
66	767	1	1347.3897	5	13	90	1	1	0.8866	0.8229
66	768	1	1348.9396	6	10	0	1	1	0.8867	0.9205
66	769	1	1350.4896	7	11	90	1	1	0.8869	0.9385
66	770	1	1352.0396	5	13	90	1	1	0.8870	1.0853
66	771	1	1353.5896	6	10	0	1	1	0.8872	0.8474
66	772	1	1355.1396	7	11	90	1	1	0.8873	0.8014
66	773	1	1356.6896	8	3	0	1	1	0.8875	0.6594
66	774	1	1358.2396	5	13	0	1	1	0.8876	0.7410
66	775	1	1359.7896	4	6	0	1	1	0.8877	0.5987
66	776	1	1361.3395	3	15	0	1	1	0.8879	0.6009
66	777	1	1362.8895	2	5	0	1	1	0.8880	0.6032
66	778	1	1364.4395	15	14	0	1	1	0.8882	0.6846
66	779	1	1365.9896	3	15	90	1	1	0.8883	0.7675
66	780	1	1367.5395	4	6	0	1	1	0.8885	0.6730
66	781	1	1369.0895	5	13	0	1	1	0.8886	0.8830
66	782	1	1370.6395	7	11	0	1	1	0.8887	0.8695
66	783	1	1372.1895	6	10	0	1	1	0.8889	0.6946
66	784	1	1373.7395	5	13	0	1	1	0.8890	0.8090
66	785	1	1375.2894	8	3	0	1	1	0.8892	0.6035
66	786	1	1376.8394	6	10	0	1	1	0.8893	0.6056
66	787	1	1378.3894	4	6	90	1	1	0.8895	0.7191
66	788	1	1379.9394	7	11	90	1	1	0.8896	0.8014
66	789	1	1381.4894	4	6	90	1	1	0.8897	0.7876
66	790	1	1383.0394	7	11	0	0	1	0.8886	0.8534
66	791	1	1384.5894	8	3	90	1	1	0.8887	0.8871
66	792	1	1386.1394	5	13	0	1	1	0.8889	1.0810
66	793	1	1387.6894	7	11	0	1	1	0.8890	1.0842
66	794	1	1389.5060	5	13	0	1	1	0.8892	1.2189
66	795	1	1391.0560	7	11	90	0	1	0.8881	1.0761
66	796	1	1392.6060	8	3	0	1	1	0.8882	0.5665
66	797	1	1394.1560	6	10	0	1	1	0.8883	1.2407
66	798	1	1395.7059	4	6	0	1	1	0.8885	0.9701
66	799	1	1397.2560	3	15	0	1	1	0.8886	0.8441
66	800	1	1398.8059	2	5	0	1	1	0.8888	0.9266
66	801	1	1400.3559	14	4	0	1	1	0.8889	0.5921
66	802	1	1401.9059	1	9	0	1	1	0.8890	0.6745
66	803	1	1403.4559	3	15	90	1	1	0.8892	0.9490
66	804	1	1405.0059	4	6	0	1	1	0.8893	0.6949
66	805	1	1406.5559	5	13	90	1	1	0.8894	1.3370
66	806	1	1408.1059	7	11	90	1	1	0.8896	1.1301
66	807	1	1409.6558	4	6	0	1	1	0.8897	0.6851
66	808	1	1411.2058	6	10	0	1	1	0.8899	0.7030
66	809	1	1412.7558	7	11	0	1	1	0.8900	1.0730
66	810	1	1414.3058	4	6	90	1	1	0.8901	0.8510
66	811	1	1415.8558	3	15	0	1	1	0.8903	0.7573
66	812	1	1417.4058	2	5	0	1	1	0.8904	0.7105
66	813	1	1418.9558	15	14	0	1	1	0.8905	0.7126
66	814	1	1420.5058	2	5	0	1	1	0.8907	0.6831
66	815	1	1422.0559	15	14	0	1	1	0.8908	0.6361
66	816	1	1423.6058	2	5	0	1	1	0.8909	0.6709
66	817	1	1425.1557	14	4	0	1	1	0.8911	0.6563
66	818	1	1426.7057	1	9	0	1	1	0.8912	0.7712
66	819	1	1428.2557	3	15	0	1	1	0.8913	0.7726
66	820	1	1429.8057	4	6	0	1	1	0.8915	0.6791
66	821	1	1431.3557	5	13	0	0	1	0.8904	1.2083
66	822	1	1432.9057	7	11	0	1	1	0.8905	0.9063
66	823	1	1434.4557	4	6	0	1	1	0.8906	0.7652
66	824	1	1436.0057	6	10	0	1	1	0.8908	0.7668
66	825	1	1437.5556	8	3	90	1	1	0.8909	0.8483
66	826	1	1439.1056	7	11	90	1	1	0.8910	1.0103
66	827	1	1440.6556	6	10	0	1	1	0.8912	0.7891
66	828	1	1442.2056	4	6	0	1	1	0.8913	0.6783
66	829	1	1443.7556	6	10	90	1	1	0.8914	0.7448
66	830	1	1445.3056	5	13	0	1	1	0.8916	0.9392
66	831	1	1446.8556	4	6	0	1	1	0.8917	0.8292
66	832	1	1448.4056	3	15	0	1	1	0.8918	0.7347
66	833	1	1449.9556	4	6	0	1	1	0.8920	0.7852
66	834	1	1451.5055	5	13	0	1	1	0.8921	0.9143
66	835	1	1453.0555	8	3	0	1	1	0.8922	0.9013
66	836	1	1454.6055	5	13	0	1	1	0.8923	0.9033
66	837	1	1456.1555	4	6	90	1	1	0.8925	0.8084
66	838	1	1457.7055	7	11	0	0	1	0.8914	0.8104
66	839	1	1459.2555	5	13	0	1	1	0.8915	0.8928
66	840	1	1460.8055	4	6	0	1	1	0.8917	0.7664
66	841	1	1462.3554	7	11	0	1	1	0.8918	0.9284
66	842	1	1463.9055	5	13	0	1	1	0.8919	1.0424
66	843	1	1465.4554	7	11	0	0	1	0.8909	1.0933
66	844	1	1467.0054	4	6	0	1	1	0.8910	1.0305
66	845	1	1468.5554	7	11	0	1	1	0.8911	0.6648
66	846	1	1470.1054	5	13	0	1	1	0.8913	0.7309
66	847	1	1471.6554	8	3	90	1	1	0.8914	0.7652
66	848	1	1473.2054	6	10	0	1	1	0.8915	0.7193
66	849	1	1474.7554	5	13	90	0	1	0.8905	1.1213
66	850	1	1476.3053	4	6	0	1	1	0.8906	0.6274
66	851	1	1477.8553	5	13	0	1	1	0.8907	0.8045
66	852	1	1479.4053	4	6	90	1	1	0.8908	0.7905
66	853	1	1480.9553	5	13	0	1	1	0.8910	0.7455
66	854	1	1482.5053	6	10	0	1	1	0.8911	0.7794
66	855	1	1484.0553	4	6	0	1	1	0.8912	0.7170
66	856	1	1485.6053	7	11	0	1	1	0.8914	1.0546
66	857	1	1487.1552	6	10	0	1	1	0.8915	0.9289
66	858	1	1488.7052	4	6	0	1	1	0.8916	0.8028
66	859	1	1490.2552	3	15	90	1	1	0.8917	0.8365
66	860	1	1491.8052	4	6	0	1	1	0.8919	0.8069
66	861	1	1493.3553	3	15	0	1	1	0.8920	0.7605
66	862	1	1494.9052	15	14	0	1	1	0.8921	0.6836
66	863	1	1496.4552	14	4	0	1	1	0.8922	0.7015
66	864	1	1498.0052	1	9	0	1	1	0.8924	0.7826
66	865	1	1499.5552	2	5	0	1	1	0.8925	0.6730
66	866	1	1501.1051	14	4	90	1	1	0.8926	0.7706
66	867	1	1502.6551	2	5	0	1	1	0.8927	0.6616
66	868	1	1504.2051	3	15	0	1	1	0.8929	0.6794
66	869	1	1505.7551	2	5	0	1	1	0.8930	0.6335
66	870	1	1507.3051	15	14	0	1	1	0.8931	0.6195
66	871	1	1508.8551	2	5	0	1	1	0.8932	0.5887
66	872	1	1510.4051	14	4	0	1	1	0.8933	0.5586
66	873	1	1511.9550	13	12	90	1	1	0.8935	0.7530
66	874	1	1513.5051	10	7	0	1	1	0.8936	0.8516
66	875	1	1515.0551	9	1	0	1	1	0.8937	0.8047
66	876	1	1516.6050	11	8	0	1	1	0.8938	0.7912
66	877	1	1518.1550	9	1	0	1	1	0.8940	0.7613
66	878	1	1519.7050	12	2	90	0	1	0.8929	0.8274
66	879	1	1521.2550	13	12	0	1	1	0.8931	0.8136
66	880	1	1522.8050	10	7	0	1	1	0.8932	0.8156
66	881	1	1524.3550	12	2	0	1	1	0.8933	0.6728
66	882	1	1525.9050	11	8	0	1	1	0.8934	0.5957
66	883	1	1527.4550	13	12	0	1	1	0.8935	0.6128
66	884	1	1529.0049	10	7	90	1	1	0.8937	0.8392
66	885	1	1530.5549	13	12	0	1	1	0.8938	0.5851
66	886	1	1532.1049	12	2	0	1	1	0.8939	0.6357
66	887	1	1533.6549	9	1	0	1	1	0.8940	0.7016
66	888	1	1535.2049	12	2	0	1	1	0.8941	0.6393
66	889	1	1536.7549	9	1	0	1	1	0.8943	0.6097
66	890	1	1538.3049	11	8	0	1	1	0.8944	0.6592
66	891	1	1539.8549	10	7	0	1	1	0.8945	0.6779
66	892	1	1541.4048	11	8	0	1	1	0.8946	0.6313
66	893	1	1542.9548	10	7	0	1	1	0.8947	0.7136
66	894	1	1544.5048	12	2	0	1	1	0.8949	0.6829
66	895	1	1546.0548	13	12	0	1	1	0.8950	0.7017
66	896	1	1547.6048	10	7	0	1	1	0.8951	0.6869
66	897	1	1549.1548	13	12	0	1	1	0.8952	0.6249
66	898	1	1550.7048	10	7	0	1	1	0.8953	0.6758
66	899	1	1552.2548	9	1	90	1	1	0.8954	0.7417
66	900	1	1553.8048	10	7	0	1	1	0.8956	0.7278
66	901	1	1555.3547	13	12	90	1	1	0.8957	0.7769
66	902	1	1556.9047	12	2	0	1	1	0.8958	0.6839
66	903	1	1558.4547	11	8	0	1	1	0.8959	0.6529
66	904	1	1560.0047	9	1	0	1	1	0.8960	0.6557
66	905	1	1561.5547	8	3	0	1	1	0.8961	0.5929
66	906	1	1563.1047	9	1	0	1	1	0.8962	0.6918
66	907	1	1564.6547	8	3	0	1	1	0.8964	0.7252
66	908	1	1566.2046	5	13	0	1	1	0.8965	0.9354
66	909	1	1567.7546	6	10	0	1	1	0.8966	0.7936
66	910	1	1569.3046	4	6	90	1	1	0.8967	0.8599
66	911	1	1570.8546	6	10	0	1	1	0.8968	0.7330
66	912	1	1572.4046	7	11	0	0	1	0.8958	0.7670
66	913	1	1573.9546	6	10	0	1	1	0.8959	0.6579
66	914	1	1575.5046	5	13	0	1	1	0.8961	0.7878
66	915	1	1577.0546	6	10	90	1	1	0.8962	0.8699
66	916	1	1578.6046	5	13	0	1	1	0.8963	0.8398
66	917	1	1580.1546	6	10	0	1	1	0.8964	0.7136
66	918	1	1581.7045	7	11	0	1	1	0.8965	0.8111
66	919	1	1583.2545	6	10	0	1	1	0.8966	0.9091
66	920	1	1584.8045	5	13	0	1	1	0.8967	0.8799
66	921	1	1586.3545	8	3	0	1	1	0.8969	0.8660
66	922	1	1587.9045	6	10	90	1	1	0.8970	0.9151
66	923	1	1589.4545	5	13	90	0	1	0.8960	0.8701
66	924	1	1591.0045	8	3	90	1	1	0.8961	0.9672
66	925	1	1592.5545	5	13	0	1	1	0.8962	0.8251
66	926	1	1594.1044	8	3	0	1	1	0.8963	0.6680
66	927	1	1595.6544	5	13	0	1	1	0.8964	0.7654
66	928	1	1597.2044	4	6	90	1	1	0.8966	0.8155
66	929	1	1598.7544	6	10	0	1	1	0.8967	0.6896
66	930	1	1600.3044	8	3	0	1	1	0.8968	0.6431
66	931	1	1601.8544	6	10	0	1	1	0.8969	0.7412
66	932	1	1603.4044	5	13	0	1	1	0.8970	1.1272
66	933	1	1604.9543	8	3	90	1	1	0.8971	0.7620
66	934	1	1606.5043	6	10	0	1	1	0.8972	0.6032
66	935	1	1608.0543	5	13	0	1	1	0.8973	0.8780
66	936	1	1609.6043	6	10	0	1	1	0.8974	0.5921
66	937	1	1611.1543	7	11	0	1	1	0.8975	0.8177
66	938	1	1612.7043	5	13	90	1	1	0.8977	0.7240
66	939	1	1614.2543	7	11	90	1	1	0.8978	0.8861
66	940	1	1615.8043	5	13	0	1	1	0.8979	0.7922
66	941	1	1617.3542	6	10	0	1	1	0.8980	0.6493
66	942	1	1618.9042	4	6	0	1	1	0.8981	0.5879
66	943	1	1620.4542	7	11	0	1	1	0.8982	0.8939
66	944	1	1622.0042	8	3	0	1	1	0.8983	0.6882
66	945	1	1623.5542	7	11	0	1	1	0.8984	0.6413
66	946	1	1625.1042	6	10	0	1	1	0.8985	0.6593
66	947	1	1626.6542	5	13	0	1	1	0.8986	0.6303
66	948	1	1628.2042	6	10	0	1	1	0.8987	0.6158
66	949	1	1629.7542	5	13	0	1	1	0.8988	0.6333
66	950	1	1631.3042	8	3	0	1	1	0.8989	0.6362
66	951	1	1632.8541	5	13	0	1	1	0.8991	0.6537
66	952	1	1634.4041	6	10	0	1	1	0.8992	0.6400
66	953	1	1635.9541	7	11	0	1	1	0.8993	1.0894
66	954	1	1637.5041	6	10	0	1	1	0.8994	0.7563
66	955	1	1639.0541	7	11	0	1	1	0.8995	0.6303
66	956	1	1640.6041	8	3	0	1	1	0.8996	0.5683
66	957	1	1642.1541	6	10	0	1	1	0.8997	0.6493
66	958	1	1643.7040	8	3	0	1	1	0.8998	0.6194
66	959	1	1645.2541	9	1	0	1	1	0.8999	0.9418
66	960	1	1646.8040	11	8	0	1	1	0.9000	0.6876
66	961	1	1648.3540	9	1	0	1	1	0.9001	0.7220
66	962	1	1649.9040	8	3	0	1	1	0.9002	0.5797
66	963	1	1651.4540	5	13	0	1	1	0.9003	0.7583
66	964	1	1653.0040	6	10	0	1	1	0.9004	0.6644
66	965	1	1654.5540	4	6	0	1	1	0.9005	0.6503
66	966	1	1656.1039	6	10	0	1	1	0.9006	0.6195
66	967	1	1657.6540	4	6	0	1	1	0.9007	0.6382
66	968	1	1659.2039	3	15	0	1	1	0.9008	0.6882
66	969	1	1660.7539	15	14	0	1	1	0.9009	0.6580
66	970	1	1662.3039	14	4	0	1	1	0.9010	0.6603
66	971	1	1663.8539	2	5	0	1	1	0.9011	0.5982
66	972	1	1665.4039	1	9	0	1	1	0.9012	0.7282
66	973	1	1666.9539	3	15	0	1	1	0.9013	0.6503
66	974	1	1668.5039	4	6	90	1	1	0.9014	0.8291
66	975	1	1670.0539	6	10	0	1	1	0.9015	0.7504
66	976	1	1671.6038	8	3	0	1	1	0.9016	0.7364
66	977	1	1673.1538	5	13	0	1	1	0.9017	0.7695
66	978	1	1674.7038	7	11	0	1	1	0.9018	0.8040
66	979	1	1676.2538	5	13	0	1	1	0.9019	0.6940
66	980	1	1677.8038	8	3	0	1	1	0.9020	0.6315
66	981	1	1679.3538	7	11	0	1	1	0.9021	0.7616
66	982	1	1680.9038	4	6	0	1	1	0.9022	0.6365
66	983	1	1682.4538	3	15	0	1	1	0.9023	0.6376
66	984	1	1684.0037	4	6	0	1	1	0.9024	0.5286
66	985	1	1685.5537	5	13	0	1	1	0.9025	0.6586
66	986	1	1687.1037	6	10	0	1	1	0.9026	0.6444
66	987	1	1688.6537	7	11	0	1	1	0.9027	0.7901
66	988	1	1690.2037	6	10	0	1	1	0.9028	0.6800
66	989	1	1691.7536	4	6	0	1	1	0.9029	0.6496
66	990	1	1693.3037	3	15	0	1	1	0.9030	0.7645
66	991	1	1694.8536	4	6	0	1	1	0.9031	0.7343
66	992	1	1696.4036	6	10	90	1	1	0.9032	0.7841
66	993	1	1697.9536	4	6	0	1	1	0.9033	0.6106
66	994	1	1699.5036	7	11	0	1	1	0.9034	0.6757
66	995	1	1701.0536	4	6	0	1	1	0.9035	0.5977
66	996	1	1702.6036	5	13	90	1	1	0.9036	0.8083
66	997	1	1704.1536	4	6	90	1	1	0.9037	0.7626
66	998	1	1705.7036	6	10	90	1	1	0.9038	0.8285
66	999	1	1707.2536	4	6	0	1	1	0.9039	0.6706
66	1000	1	1708.8035	6	10	0	1	1	0.9040	0.6406
66	1001	1	1710.3535	5	13	0	1	1	0.9041	0.8026
66	1002	1	1711.9035	4	6	0	1	1	0.9042	0.6926
66	1003	1	1713.4535	3	15	0	1	1	0.9043	0.6299
66	1004	1	1715.0035	4	6	0	1	1	0.9044	0.5677
66	1005	1	1716.5536	5	13	0	1	1	0.9045	0.7465
66	1006	1	1718.1035	8	3	0	1	1	0.9046	0.6358
66	1007	1	1719.6535	9	1	0	1	1	0.9047	0.7343
66	1008	1	1721.2035	12	2	0	1	1	0.9048	0.6718
66	1009	1	1722.7534	9	1	0	1	1	0.9049	0.7538
66	1010	1	1724.3034	11	8	90	1	1	0.9050	0.8038
66	1011	1	1725.8534	9	1	0	1	1	0.9050	0.6938
66	1012	1	1727.4034	11	8	0	1	1	0.9051	0.6478
66	1013	1	1728.9534	10	7	0	1	1	0.9052	0.7469
66	1014	1	1730.5034	9	1	0	1	1	0.9053	0.7161
66	1015	1	1732.0534	8	3	0	1	1	0.9054	0.7024
66	1016	1	1733.6034	6	10	0	1	1	0.9055	0.7519
66	1017	1	1735.1534	4	6	0	1	1	0.9056	0.5948
66	1018	1	1736.7033	5	13	0	1	1	0.9057	0.7082
66	1019	1	1738.2533	6	10	0	1	1	0.9058	0.7107
66	1020	1	1739.8033	8	3	0	1	1	0.9059	0.6486
66	1021	1	1741.3533	6	10	0	1	1	0.9060	0.6185
66	1022	1	1742.9033	7	11	0	1	1	0.9061	0.7808
66	1023	1	1744.4533	4	6	0	1	1	0.9062	0.6545
66	1024	1	1746.0033	6	10	90	1	1	0.9063	0.7682
66	1025	1	1747.5532	5	13	0	1	1	0.9063	0.8028
66	1026	1	1749.1032	8	3	0	1	1	0.9064	0.6767
66	1027	1	1750.6532	7	11	0	1	1	0.9065	0.7428
66	1028	1	1752.2032	8	3	0	1	1	0.9066	0.6480
66	1029	1	1753.7532	7	11	90	1	1	0.9067	0.8739
66	1030	1	1755.3032	8	3	0	1	1	0.9068	0.7329
66	1031	1	1756.8532	9	1	0	1	1	0.9069	0.6545
66	1032	1	1758.4032	12	2	0	1	1	0.9070	0.6729
66	1033	1	1759.9532	10	7	0	1	1	0.9071	0.6420
66	1034	1	1761.5032	9	1	0	1	1	0.9072	0.6610
66	1035	1	1763.0531	10	7	0	1	1	0.9072	0.5988
66	1036	1	1764.6031	13	12	0	1	1	0.9073	0.7449
66	1037	1	1766.1531	14	4	0	1	1	0.9074	0.6989
66	1038	1	1767.7031	13	12	0	1	1	0.9075	0.7009
66	1039	1	1769.2531	12	2	0	1	1	0.9076	0.6541
66	1040	1	1770.8031	9	1	90	1	1	0.9077	0.7209
66	1041	1	1772.3530	8	3	0	1	1	0.9078	0.5630
66	1042	1	1773.9031	5	13	0	1	1	0.9079	0.7569
66	1043	1	1775.4530	7	11	0	1	1	0.9080	1.0950
66	1044	1	1777.0030	6	10	0	1	1	0.9080	0.7121
66	1045	1	1778.5530	7	11	0	1	1	0.9081	0.7788
66	1046	1	1780.1030	5	13	90	1	1	0.9082	0.7485
66	1047	1	1781.6530	7	11	0	1	1	0.9083	0.9591
66	1048	1	1783.2029	6	10	0	1	1	0.9084	0.7362
66	1049	1	1784.7530	8	3	0	1	1	0.9085	0.6429
66	1050	1	1786.3029	7	11	90	1	1	0.9086	1.0451
66	1051	1	1787.8530	4	6	90	1	1	0.9087	0.9026
66	1052	1	1789.4029	7	11	0	1	1	0.9087	0.8731
66	1053	1	1790.9529	5	13	90	1	1	0.9088	1.0022
66	1054	1	1792.5029	6	10	0	1	1	0.9089	0.7006
66	1055	1	1794.0529	4	6	0	1	1	0.9090	0.5751
66	1056	1	1795.6029	6	10	0	1	1	0.9091	0.5607
66	1057	1	1797.1529	8	3	0	1	1	0.9092	0.5787
66	1058	1	1798.7028	5	13	0	1	1	0.9093	0.7888
66	1059	1	1800.2528	4	6	90	1	1	0.9093	0.8063
66	1060	1	1801.8028	6	10	0	1	1	0.9094	0.6962
66	1061	1	1803.3528	5	13	0	1	1	0.9095	0.8106
66	1062	1	1804.9028	4	6	0	1	1	0.9096	0.8289
66	1063	1	1806.4528	7	11	0	1	1	0.9097	0.8143
66	1064	1	1808.0028	8	3	90	1	1	0.9098	0.8324
66	1065	1	1809.5528	5	13	90	1	1	0.9099	0.9626
66	1066	1	1811.1028	4	6	0	1	1	0.9099	0.5971
66	1067	1	1812.6528	5	13	0	1	1	0.9100	0.8223
66	1068	1	1814.2027	6	10	0	1	1	0.9101	0.6488
66	1069	1	1815.7527	7	11	0	1	1	0.9102	0.7472
66	1070	1	1817.3027	8	3	90	1	1	0.9103	0.8132
66	1071	1	1818.8527	9	1	0	1	1	0.9104	0.9431
66	1072	1	1820.4027	11	8	0	1	1	0.9104	0.7691
66	1073	1	1821.9527	12	2	0	1	1	0.9105	0.6908
66	1074	1	1823.5027	9	1	0	1	1	0.9106	0.7087
66	1075	1	1825.0526	12	2	0	1	1	0.9107	0.6952
66	1076	1	1826.6027	11	8	0	1	1	0.9108	0.6483
66	1077	1	1828.1526	9	1	90	1	1	0.9109	0.8113
66	1078	1	1829.7026	12	2	0	1	1	0.9109	0.7004
66	1079	1	1831.2526	9	1	90	1	1	0.9110	0.7823
66	1080	1	1832.8026	10	7	0	1	1	0.9111	0.6733
66	1081	1	1834.3526	12	2	0	1	1	0.9112	0.6264
66	1082	1	1835.9026	13	12	0	1	1	0.9113	0.6613
66	1083	1	1837.4526	11	8	0	1	1	0.9114	0.5664
66	1084	1	1839.0025	10	7	0	1	1	0.9114	0.6013
66	1085	1	1840.5525	9	1	0	1	1	0.9115	0.5709
66	1086	1	1842.1025	11	8	90	1	1	0.9116	0.7175
66	1087	1	1843.6525	10	7	0	1	1	0.9117	0.5908
66	1088	1	1845.2025	12	2	90	1	1	0.9118	0.8964
66	1089	1	1846.7525	13	12	0	1	1	0.9118	0.7228
66	1090	1	1848.3025	10	7	0	1	1	0.9119	0.6293
66	1091	1	1849.8525	13	12	0	1	1	0.9120	0.5990
66	1092	1	1851.4024	10	7	0	1	1	0.9121	0.5854
66	1093	1	1852.9524	12	2	0	1	1	0.9122	0.6994
66	1094	1	1854.5024	13	12	0	1	1	0.9122	0.5890
66	1095	1	1856.0524	11	8	0	1	1	0.9123	0.5745
66	1096	1	1857.6024	12	2	0	1	1	0.9124	0.5776
66	1097	1	1859.1524	9	1	0	1	1	0.9125	0.6105
66	1098	1	1860.7024	12	2	0	1	1	0.9126	0.5169
66	1099	1	1862.2524	10	7	0	1	1	0.9126	0.5515
66	1100	1	1863.8023	11	8	0	1	1	0.9127	0.6645
66	1101	1	1865.3523	10	7	0	1	1	0.9128	0.6346
66	1102	1	1866.9023	12	2	0	1	1	0.9129	0.5734
66	1103	1	1868.4523	9	1	0	1	1	0.9130	0.7031
66	1104	1	1870.0023	12	2	90	1	1	0.9130	0.8486
66	1105	1	1871.5523	10	7	0	1	1	0.9131	0.6750
66	1106	1	1873.1023	11	8	0	1	1	0.9132	0.6615
66	1107	1	1874.6523	12	2	0	1	1	0.9133	0.6790
66	1108	1	1876.2022	13	12	0	1	1	0.9134	0.6016
66	1109	1	1877.7523	10	7	0	1	1	0.9134	0.5716
66	1110	1	1879.3022	11	8	0	1	1	0.9135	0.5567
66	1111	1	1880.8522	9	1	0	1	1	0.9136	0.5906
66	1112	1	1882.4022	8	3	0	1	1	0.9137	0.9136
66	1113	1	1883.9522	7	11	0	1	1	0.9137	0.8832
66	1114	1	1885.5022	5	13	90	1	1	0.9138	0.9014
66	1115	1	1887.0522	8	3	0	1	1	0.9139	0.7427
66	1116	1	1888.6022	7	11	90	1	1	0.9140	1.0333
66	1117	1	1890.1521	8	3	0	1	1	0.9141	0.8911
66	1118	1	1891.7021	5	13	0	1	1	0.9141	0.8447
66	1119	1	1893.2521	7	11	0	1	1	0.9142	0.8627
66	1120	1	1894.8021	5	13	0	1	1	0.9143	0.9137
66	1121	1	1896.3521	4	6	90	1	1	0.9144	0.8031
66	1122	1	1897.9021	7	11	0	1	1	0.9144	0.8207
66	1123	1	1899.4521	6	10	90	1	1	0.9145	0.8556
66	1124	1	1901.0021	8	3	90	1	1	0.9146	0.8412
66	1125	1	1902.5521	9	1	90	1	1	0.9147	0.8437
66	1126	1	1904.1020	11	8	0	1	1	0.9147	0.7972
66	1127	1	1905.6520	12	2	0	1	1	0.9148	0.8148
66	1128	1	1907.2020	13	12	0	1	1	0.9149	0.8175
66	1129	1	1908.7520	11	8	0	1	1	0.9150	0.7868
66	1130	1	1910.3020	13	12	0	1	1	0.9150	0.7897
66	1131	1	1911.8520	10	7	0	1	1	0.9151	0.6628
66	1132	1	1913.4020	9	1	90	0	1	0.9143	1.0019
66	1133	1	1914.9520	8	3	90	1	1	0.9144	1.1948
66	1134	1	1916.5019	5	13	0	1	1	0.9145	1.0369
66	1135	1	1918.0519	7	11	0	1	1	0.9145	0.9117
66	1136	1	1919.6019	6	10	0	1	1	0.9146	0.8649
66	1137	1	1921.1519	5	13	0	1	1	0.9147	0.7238
66	1138	1	1922.7019	8	3	0	1	1	0.9148	0.7409
66	1139	1	1924.2519	5	13	0	1	1	0.9148	0.6789
66	1140	1	1925.8019	6	10	0	1	1	0.9149	0.5853
66	1141	1	1927.3519	4	6	0	1	1	0.9150	0.6033
66	1142	1	1928.9018	3	15	0	1	1	0.9151	0.7338
66	1143	1	1930.4518	15	14	0	1	1	0.9151	0.5598
66	1144	1	1932.0018	3	15	0	1	1	0.9152	0.5138
66	1145	1	1933.5519	4	6	0	1	1	0.9153	0.5317
66	1146	1	1935.1018	7	11	0	1	1	0.9154	0.7098
66	1147	1	1936.6518	8	3	90	0	1	0.9146	0.5989
66	1148	1	1938.2018	9	1	0	1	1	0.9146	0.9699
66	1149	1	1939.7518	11	8	0	1	1	0.9147	0.6198
66	1150	1	1941.3018	12	2	0	1	1	0.9148	0.8616
66	1151	1	1942.8518	13	12	0	1	1	0.9149	0.7196
66	1152	1	1944.4017	10	7	0	1	1	0.9149	0.6254
66	1153	1	1945.9517	9	1	0	1	1	0.9150	0.6758
66	1154	1	1947.5017	12	2	0	1	1	0.9151	0.6299
66	1155	1	1949.0517	10	7	0	1	1	0.9152	0.6479
66	1156	1	1950.6017	11	8	0	1	1	0.9152	0.5695
66	1157	1	1952.1516	13	12	90	1	1	0.9153	0.7318
66	1158	1	1953.7017	12	2	0	1	1	0.9154	0.6539
66	1159	1	1955.2516	13	12	0	1	1	0.9154	0.6555
66	1160	1	1956.8016	14	4	0	1	1	0.9155	0.7051
66	1161	1	1958.3517	13	12	0	1	1	0.9156	0.6590
66	1162	1	1959.9016	12	2	0	1	1	0.9157	0.5970
66	1163	1	1961.4516	13	12	0	1	1	0.9157	0.6150
66	1164	1	1963.0016	10	7	0	1	1	0.9158	0.6655
66	1165	1	1964.5516	11	8	0	1	1	0.9159	0.7151
66	1166	1	1966.1015	10	7	0	1	1	0.9160	0.6051
66	1167	1	1967.6516	12	2	0	1	1	0.9160	0.6391
66	1168	1	1969.2015	9	1	90	1	1	0.9161	0.8660
66	1169	1	1970.7515	11	8	0	1	1	0.9162	0.6760
66	1170	1	1972.3015	10	7	0	1	1	0.9162	0.6621
66	1171	1	1973.8515	9	1	0	1	1	0.9163	0.7595
66	1172	1	1975.4015	10	7	0	1	1	0.9164	0.5859
66	1173	1	1976.9515	9	1	90	1	1	0.9165	0.6992
66	1174	1	1978.5015	12	2	0	1	1	0.9165	0.6220
66	1175	1	1980.0514	10	7	90	1	1	0.9166	0.8321
66	1176	1	1981.6015	13	12	90	1	1	0.9167	0.8012
66	1177	1	1983.1515	10	7	0	1	1	0.9167	0.7560
66	1178	1	1984.7014	12	2	0	1	1	0.9168	0.7420
66	1179	1	1986.2514	9	1	0	1	1	0.9169	0.6794
66	1180	1	1987.8014	10	7	0	1	1	0.9169	0.6342
66	1181	1	1989.3514	13	12	0	1	1	0.9170	0.6361
66	1182	1	1990.9014	14	4	0	1	1	0.9171	0.6542
66	1183	1	1992.4513	13	12	0	1	1	0.9172	0.6241
66	1184	1	1994.0013	12	2	0	1	1	0.9172	0.7062
66	1185	1	1995.5514	11	8	0	1	1	0.9173	0.5969
66	1186	1	1997.1013	9	1	0	1	1	0.9174	0.6613
66	1187	1	1998.6513	10	7	0	1	1	0.9174	0.5682
66	1188	1	2000.2013	12	2	0	1	1	0.9175	0.6021
66	1189	1	2002.0180	11	8	0	1	1	0.9176	0.9288
66	1190	1	2003.5680	13	12	0	1	1	0.9176	0.6431
66	1191	1	2005.1179	10	7	0	1	1	0.9177	0.6451
66	1192	1	2006.6679	13	12	0	1	1	0.9178	0.6307
66	1193	1	2008.2179	10	7	0	1	1	0.9179	0.6006
66	1194	1	2009.7679	9	1	0	1	1	0.9179	0.6517
66	1195	1	2011.3179	8	3	0	1	1	0.9180	0.8134
66	1196	1	2012.8679	5	13	0	1	1	0.9181	0.9427
66	1197	1	2014.4178	6	10	90	1	1	0.9181	0.8495
66	1198	1	2015.9679	4	6	90	1	1	0.9182	0.8515
66	1199	1	2017.5178	7	11	90	1	1	0.9183	1.0131
66	1200	1	2019.0678	5	13	0	1	1	0.9183	0.8871
66	1201	1	2020.6178	8	3	0	1	1	0.9184	0.6656
66	1202	1	2022.1678	6	10	0	1	1	0.9185	0.7952
66	1203	1	2023.7178	4	6	0	1	1	0.9185	0.6052
66	1204	1	2025.2678	3	15	0	1	1	0.9186	0.6876
66	1205	1	2026.8178	2	5	0	1	1	0.9187	0.6256
66	1206	1	2028.3678	3	15	0	1	1	0.9187	0.6272
66	1207	1	2029.9177	4	6	0	1	1	0.9188	0.5977
66	1208	1	2031.4677	6	10	0	1	1	0.9189	0.5836
66	1209	1	2033.0177	4	6	90	1	1	0.9189	0.8730
66	1210	1	2034.5677	6	10	0	1	1	0.9190	0.6997
66	1211	1	2036.1177	4	6	0	1	1	0.9191	0.6688
66	1212	1	2037.6677	6	10	0	1	1	0.9191	0.7197
66	1213	1	2039.2177	8	3	0	1	1	0.9192	0.6897
66	1214	1	2040.7676	5	13	0	1	1	0.9193	0.7392
66	1215	1	2042.3177	8	3	0	1	1	0.9193	0.7249
66	1216	1	2043.8676	9	1	90	1	1	0.9194	0.8708
66	1217	1	2045.4176	8	3	90	1	1	0.9195	0.8738
66	1218	1	2046.9676	5	13	0	1	1	0.9195	0.8108
66	1219	1	2048.5176	7	11	0	1	1	0.9196	0.9897
66	1220	1	2050.0676	4	6	0	1	1	0.9197	0.8478
66	1221	1	2051.6176	3	15	0	1	1	0.9197	0.8657
66	1222	1	2053.1676	4	6	90	1	1	0.9198	0.8039
66	1223	1	2054.7175	3	15	90	1	1	0.9199	0.8537
66	1224	1	2056.2675	2	5	0	1	1	0.9199	0.7277
66	1225	1	2057.8175	1	9	0	1	1	0.9200	0.7938
66	1226	1	2059.3675	15	14	90	1	1	0.9201	0.8758
66	1227	1	2060.9175	3	15	90	1	1	0.9201	0.8617
66	1228	1	2062.4675	1	9	0	1	1	0.9202	0.7519
66	1229	1	2064.0175	14	4	0	1	1	0.9203	0.7537
66	1230	1	2065.5675	13	12	0	1	1	0.9203	0.6919
66	1231	1	2067.1174	12	2	0	1	1	0.9204	0.8050
66	1232	1	2068.6674	13	12	0	1	1	0.9205	0.6959
66	1233	1	2070.2174	14	4	0	1	1	0.9205	0.6498
66	1234	1	2071.7675	15	14	90	1	1	0.9206	0.9237
66	1235	1	2073.3174	3	15	0	1	1	0.9206	0.7810
66	1236	1	2074.8674	15	14	0	1	1	0.9207	0.5910
66	1237	1	2076.4174	3	15	0	1	1	0.9208	0.6410
66	1238	1	2077.9674	2	5	0	1	1	0.9208	0.5791
66	1239	1	2079.5173	3	15	90	0	1	0.9201	0.6937
66	1240	1	2081.0674	2	5	0	1	1	0.9202	0.5834
66	1241	1	2082.6173	1	9	0	1	1	0.9202	0.7930
66	1242	1	2084.1673	14	4	90	1	1	0.9203	1.0360
66	1243	1	2085.7173	15	14	0	1	1	0.9204	0.7811
66	1244	1	2087.2673	3	15	0	1	1	0.9204	0.6235
66	1245	1	2088.8173	2	5	0	1	1	0.9205	0.5459
66	1246	1	2090.3673	3	15	0	1	1	0.9205	0.6751
66	1247	1	2091.9173	1	9	0	1	1	0.9206	0.7577
66	1248	1	2093.4672	3	15	0	1	1	0.9207	0.6631
66	1249	1	2095.0173	4	6	0	1	1	0.9207	0.7131
66	1250	1	2096.5672	5	13	0	1	1	0.9208	0.7637
66	1251	1	2098.1172	4	6	0	1	1	0.9209	0.7171
66	1252	1	2099.6672	6	10	90	1	1	0.9209	0.8157
66	1253	1	2101.2172	8	3	0	1	1	0.9210	0.7532
66	1254	1	2102.7672	5	13	0	1	1	0.9211	0.7875
66	1255	1	2104.3171	6	10	0	1	1	0.9211	0.7421
66	1256	1	2105.8671	7	11	90	1	1	0.9212	0.9992
66	1257	1	2107.4171	8	3	0	1	1	0.9212	0.6972
66	1258	1	2108.9671	5	13	0	1	1	0.9213	0.6520
66	1259	1	2110.5171	8	3	90	1	1	0.9214	0.7821
66	1260	1	2112.0671	6	10	0	1	1	0.9214	0.7516
66	1261	1	2113.6171	4	6	0	1	1	0.9215	0.7222
66	1262	1	2115.1671	3	15	0	1	1	0.9216	0.7552
66	1263	1	2116.7171	1	9	90	1	1	0.9216	0.8377
66	1264	1	2118.2670	14	4	0	1	1	0.9217	0.8722
66	1265	1	2119.8170	1	9	0	1	1	0.9217	0.6656
66	1266	1	2121.3670	2	5	0	1	1	0.9218	0.6996
66	1267	1	2122.9170	14	4	0	1	1	0.9219	0.6378
66	1268	1	2124.4670	15	14	0	1	1	0.9219	0.5921
66	1269	1	2126.0170	1	9	0	1	1	0.9220	0.6742
66	1270	1	2127.5670	2	5	0	1	1	0.9220	0.6114
66	1271	1	2129.1170	15	14	90	1	1	0.9221	0.7901
66	1272	1	2130.6669	3	15	0	1	1	0.9222	0.7273
66	1273	1	2132.2169	1	9	0	1	1	0.9222	0.6822
66	1274	1	2133.7669	2	5	0	1	1	0.9223	0.5557
66	1275	1	2135.3169	14	4	0	1	1	0.9224	0.5897
66	1276	1	2136.8669	13	12	90	1	1	0.9224	0.7523
66	1277	1	2138.4169	10	7	90	1	1	0.9225	0.8504
66	1278	1	2139.9669	12	2	0	1	1	0.9225	0.8681
66	1279	1	2141.5169	11	8	0	1	1	0.9226	0.8382
66	1280	1	2143.0669	10	7	0	1	1	0.9227	0.7914
66	1281	1	2144.6169	13	12	0	1	1	0.9227	0.6822
66	1282	1	2146.1668	12	2	0	1	1	0.9228	0.6843
66	1283	1	2147.7168	11	8	0	1	1	0.9228	0.5903
66	1284	1	2149.2668	12	2	0	1	1	0.9229	0.5923
66	1285	1	2150.8168	11	8	0	1	1	0.9230	0.5624
66	1286	1	2152.3668	10	7	0	1	1	0.9230	0.6763
66	1287	1	2153.9168	11	8	0	1	1	0.9231	0.6774
66	1288	1	2155.4668	9	1	0	1	1	0.9231	0.7603
66	1289	1	2157.0168	8	3	0	1	1	0.9232	0.7298
66	1290	1	2158.5668	9	1	90	1	1	0.9233	0.8283
66	1291	1	2160.1167	10	7	0	1	1	0.9233	0.7343
66	1292	1	2161.6667	9	1	0	1	1	0.9234	0.7043
66	1293	1	2163.2167	10	7	0	1	1	0.9234	0.6583
66	1294	1	2164.7667	13	12	0	1	1	0.9235	0.6443
66	1295	1	2166.3167	10	7	0	1	1	0.9236	0.6139
66	1296	1	2167.8667	13	12	0	1	1	0.9236	0.5835
66	1297	1	2169.4167	10	7	0	1	1	0.9237	0.6183
66	1298	1	2170.9666	9	1	0	1	1	0.9237	0.5555
66	1299	1	2172.5166	12	2	0	1	1	0.9238	0.5255
66	1300	1	2174.0666	11	8	0	1	1	0.9238	0.5116
66	1301	1	2175.6166	12	2	90	0	1	0.9231	0.4986
66	1302	1	2177.1666	9	1	0	1	1	0.9232	0.6275
66	1303	1	2178.7166	8	3	90	1	1	0.9233	0.7415
66	1304	1	2180.2666	7	11	0	1	1	0.9233	0.8565
66	1305	1	2181.8166	8	3	0	1	1	0.9234	0.7146
66	1306	1	2183.3665	9	1	0	1	1	0.9234	0.6842
66	1307	1	2184.9165	10	7	0	1	1	0.9235	0.6700
66	1308	1	2186.4665	9	1	0	1	1	0.9235	0.7036
66	1309	1	2188.0165	11	8	0	1	1	0.9236	0.6256
66	1310	1	2189.5665	10	7	0	1	1	0.9237	0.7236
66	1311	1	2191.1165	13	12	0	1	1	0.9237	0.6145
66	1312	1	2192.6665	12	2	0	1	1	0.9238	0.6800
66	1313	1	2194.2165	10	7	0	1	1	0.9238	0.6025
66	1314	1	2195.7664	11	8	0	1	1	0.9239	0.5724
66	1315	1	2197.3165	10	7	90	1	1	0.9240	0.7186
66	1316	1	2198.8664	9	1	0	1	1	0.9240	0.6406
66	1317	1	2200.4164	12	2	0	1	1	0.9241	0.5626
66	1318	1	2201.9664	13	12	90	1	1	0.9241	0.7405
66	1319	1	2203.5164	14	4	0	1	1	0.9242	1.1417
66	1320	1	2205.0664	1	9	90	1	1	0.9242	0.8566
66	1321	1	2206.6164	15	14	90	1	1	0.9243	0.7617
66	1322	1	2208.1663	2	5	0	1	1	0.9244	0.7166
66	1323	1	2209.7163	3	15	0	1	1	0.9244	0.6864
66	1324	1	2211.2663	2	5	0	1	1	0.9245	0.6086
66	1325	1	2212.8163	1	9	0	1	1	0.9245	0.7537
66	1326	1	2214.3663	2	5	90	1	1	0.9246	0.7557
66	1327	1	2215.9163	15	14	0	1	1	0.9246	0.6627
66	1328	1	2217.4663	1	9	90	1	1	0.9247	0.7118
66	1329	1	2219.0163	14	4	90	1	1	0.9248	0.7298
66	1330	1	2220.5663	15	14	0	1	1	0.9248	0.5406
66	1331	1	2222.1163	2	5	0	1	1	0.9249	0.5738
66	1332	1	2223.6662	3	15	90	1	1	0.9249	0.9127
66	1333	1	2225.2162	1	9	90	1	1	0.9250	0.7548
66	1334	1	2226.7662	3	15	0	1	1	0.9250	0.5958
66	1335	1	2228.3162	2	5	0	1	1	0.9251	0.5667
66	1336	1	2229.8662	14	4	0	1	1	0.9251	0.5842
66	1337	1	2231.4162	1	9	90	1	1	0.9252	0.7463
66	1338	1	2232.9662	14	4	0	1	1	0.9253	0.6370
66	1339	1	2234.5161	15	14	0	1	1	0.9253	0.5898
66	1340	1	2236.0661	1	9	90	1	1	0.9254	0.7039
66	1341	1	2237.6161	15	14	0	1	1	0.9254	0.5779
66	1342	1	2239.1661	3	15	90	1	1	0.9255	0.9639
66	1343	1	2240.7161	1	9	0	1	1	0.9255	0.8229
66	1344	1	2242.2661	15	14	0	1	1	0.9256	0.7768
66	1345	1	2243.8161	1	9	90	1	1	0.9257	0.7787
66	1346	1	2245.3661	15	14	0	1	1	0.9257	0.5719
66	1347	1	2246.9160	2	5	0	1	1	0.9258	0.6071
66	1348	1	2248.4660	1	9	0	1	1	0.9258	0.6239
66	1349	1	2250.0160	2	5	90	1	1	0.9259	0.7060
66	1350	1	2251.5660	15	14	90	1	1	0.9259	0.7889
66	1351	1	2253.1160	2	5	90	1	1	0.9260	0.9189
66	1352	1	2254.6660	15	14	0	1	1	0.9260	0.7924
66	1353	1	2256.2160	3	15	90	1	1	0.9261	0.8909
66	1354	1	2257.7660	15	14	0	1	1	0.9261	0.6529
66	1355	1	2259.3160	3	15	0	1	1	0.9262	0.6067
66	1356	1	2260.8659	15	14	0	1	1	0.9263	0.6728
66	1357	1	2262.4159	3	15	0	1	1	0.9263	0.8830
66	1358	1	2263.9659	1	9	0	1	1	0.9264	0.7890
66	1359	1	2265.5159	2	5	0	1	1	0.9264	0.6931
66	1360	1	2267.0659	14	4	0	1	1	0.9265	0.6970
66	1361	1	2268.6159	2	5	0	1	1	0.9265	0.6181
66	1362	1	2270.1659	1	9	0	1	1	0.9266	0.6519
66	1363	1	2271.7159	14	4	0	1	1	0.9266	0.5901
66	1364	1	2273.2658	1	9	0	1	1	0.9267	0.6730
66	1365	1	2274.8158	15	14	0	1	1	0.9267	0.6110
66	1366	1	2276.3658	1	9	0	1	1	0.9268	0.5801
66	1367	1	2277.9158	2	5	0	1	1	0.9268	0.6141
66	1368	1	2279.4658	1	9	0	1	1	0.9269	0.5685
66	1369	1	2281.0158	15	14	0	1	1	0.9270	0.6029
66	1370	1	2282.5658	3	15	90	1	1	0.9270	0.9249
66	1371	1	2284.1158	4	6	0	1	1	0.9271	0.8461
66	1372	1	2285.6658	3	15	0	1	1	0.9271	0.7371
66	1373	1	2287.2157	15	14	90	1	1	0.9272	0.8351
66	1374	1	2288.7657	1	9	0	1	1	0.9272	0.8202
66	1375	1	2290.3157	2	5	0	1	1	0.9273	0.7111
66	1376	1	2291.8657	15	14	0	1	1	0.9273	0.6165
66	1377	1	2293.4157	1	9	0	1	1	0.9274	0.5866
66	1378	1	2294.9657	2	5	90	1	1	0.9274	0.7173
66	1379	1	2296.5157	15	14	0	1	1	0.9275	0.5271
66	1380	1	2298.0657	2	5	0	1	1	0.9275	0.6247
66	1381	1	2299.6156	15	14	0	1	1	0.9276	0.4982
66	1382	1	2301.1656	1	9	0	1	1	0.9276	0.6131
66	1383	1	2302.7156	15	14	90	1	1	0.9277	0.6143
66	1384	1	2304.2656	3	15	90	1	1	0.9277	0.7451
66	1385	1	2305.8156	4	6	90	1	1	0.9278	0.7313
66	1386	1	2307.3656	5	13	90	1	1	0.9278	1.0372
66	1387	1	2308.9156	4	6	0	1	1	0.9279	0.7983
66	1388	1	2310.4656	3	15	90	1	1	0.9280	0.8173
66	1389	1	2312.0156	2	5	0	1	1	0.9280	0.6270
66	1390	1	2313.5655	1	9	0	1	1	0.9281	0.6127
66	1391	1	2315.1155	14	4	0	1	1	0.9281	0.6146
66	1392	1	2316.6655	15	14	0	1	1	0.9282	0.6009
66	1393	1	2318.2155	1	9	0	1	1	0.9282	0.8592
66	1394	1	2319.7655	2	5	0	1	1	0.9283	0.6532
66	1395	1	2321.3155	15	14	0	1	1	0.9283	0.6071
66	1396	1	2322.8655	1	9	0	1	1	0.9284	0.6248
66	1397	1	2324.4154	2	5	0	1	1	0.9284	0.5793
66	1398	1	2325.9655	15	14	90	1	1	0.9285	0.6932
66	1399	1	2327.5154	3	15	0	1	1	0.9285	0.8544
66	1400	1	2329.0654	2	5	0	1	1	0.9286	0.6653
66	1	2	1.0167	14	4	0	-1	0	NaN	-1.0000
66	2	2	2.5500	2	5	0	-1	0	NaN	-1.0000
66	3	2	4.0833	3	15	0	-1	0	NaN	-1.0000
66	4	2	5.6167	2	5	0	-1	0	NaN	-1.0000
66	5	2	7.1499	14	4	0	-1	0	NaN	-1.0000
66	6	2	8.6832	2	5	0	-1	0	NaN	-1.0000
66	7	2	10.2166	1	9	0	-1	0	NaN	-1.0000
66	8	2	11.7499	15	14	0	-1	0	NaN	-1.0000
66	9	2	13.2832	1	9	0	-1	0	NaN	-1.0000
66	10	2	14.8166	3	15	0	-1	0	NaN	-1.0000
66	11	2	16.3499	15	14	0	-1	0	NaN	-1.0000
66	12	2	17.8832	14	4	0	-1	0	NaN	-1.0000
66	13	2	19.4165	2	5	0	-1	0	NaN	-1.0000
66	14	2	20.9498	1	9	0	-1	0	NaN	-1.0000
66	15	2	22.4831	3	15	0	-1	0	NaN	-1.0000
66	16	2	24.0165	2	5	0	-1	0	NaN	-1.0000
66	17	2	25.5498	1	9	0	-1	0	NaN	-1.0000
66	18	2	27.0831	15	14	0	-1	0	NaN	-1.0000
66	19	2	28.6165	14	4	0	-1	0	NaN	-1.0000
66	20	2	30.1497	13	12	0	-1	0	NaN	-1.0000
66	21	2	31.6831	12	2	0	-1	0	NaN	-1.0000
66	22	2	33.2164	11	8	0	-1	0	NaN	-1.0000
66	23	2	34.7497	10	7	0	-1	0	NaN	-1.0000
66	24	2	36.2830	9	1	0	-1	0	NaN	-1.0000
66	25	2	37.8164	8	3	0	-1	0	NaN	-1.0000
66	26	2	39.3497	7	11	0	-1	0	NaN	-1.0000
66	27	2	40.8830	6	10	0	-1	0	NaN	-1.0000
66	28	2	42.4164	5	13	0	-1	0	NaN	-1.0000
66	29	2	43.9496	4	6	0	-1	0	NaN	-1.0000
66	30	2	45.4830	3	15	0	-1	0	NaN	-1.0000
66	31	2	47.0163	1	9	0	-1	0	NaN	-1.0000
66	32	2	48.5496	14	4	0	-1	0	NaN	-1.0000
66	33	2	50.0829	2	5	0	-1	0	NaN	-1.0000
66	34	2	51.6163	1	9	0	-1	0	NaN	-1.0000
66	35	2	53.1496	3	15	0	-1	0	NaN	-1.0000
66	36	2	54.6829	15	14	0	-1	0	NaN	-1.0000
66	37	2	56.2162	1	9	0	-1	0	NaN	-1.0000
66	38	2	57.7495	15	14	0	-1	0	NaN	-1.0000
66	39	2	59.2828	2	5	0	-1	0	NaN	-1.0000
66	40	2	60.8162	1	9	0	-1	0	NaN	-1.0000
66	41	2	62.3495	14	4	0	-1	0	NaN	-1.0000
66	42	2	63.8828	13	12	0	-1	0	NaN	-1.0000
66	43	2	65.4161	11	8	0	-1	0	NaN	-1.0000
66	44	2	66.9495	12	2	0	-1	0	NaN	-1.0000
66	45	2	68.4828	11	8	0	-1	0	NaN	-1.0000
66	46	2	70.0164	10	7	0	-1	0	NaN	-1.0000
66	47	2	71.5494	9	1	0	-1	0	NaN	-1.0000
66	48	2	73.0827	8	3	0	-1	0	NaN	-1.0000
66	49	2	74.6161	7	11	0	-1	0	NaN	-1.0000
66	50	2	76.1494	6	10	0	-1	0	NaN	-1.0000
66	51	2	77.6827	5	13	0	-1	0	NaN	-1.0000
66	52	2	79.2161	4	6	0	-1	0	NaN	-1.0000
66	53	2	80.7494	3	15	0	-1	0	NaN	-1.0000
66	54	2	82.2827	2	5	0	-1	0	NaN	-1.0000
66	55	2	83.8160	1	9	0	-1	0	NaN	-1.0000
66	56	2	85.3493	15	14	0	-1	0	NaN	-1.0000
66	57	2	86.8826	14	4	0	-1	0	NaN	-1.0000
66	58	2	88.4160	13	12	0	-1	0	NaN	-1.0000
66	59	2	89.9493	12	2	0	-1	0	NaN	-1.0000
66	60	2	91.4826	11	8	0	-1	0	NaN	-1.0000
66	61	2	93.0159	10	7	0	-1	0	NaN	-1.0000
66	62	2	94.5492	13	12	0	-1	0	NaN	-1.0000
66	63	2	96.0826	12	2	0	-1	0	NaN	-1.0000
66	64	2	97.6159	11	8	0	-1	0	NaN	-1.0000
66	65	2	99.1492	13	12	0	-1	0	NaN	-1.0000
66	66	2	100.6825	10	7	0	-1	0	NaN	-1.0000
66	67	2	102.2158	9	1	0	-1	0	NaN	-1.0000
66	68	2	103.7492	8	3	0	-1	0	NaN	-1.0000
66	69	2	105.2825	9	1	0	-1	0	NaN	-1.0000
66	70	2	106.8158	8	3	0	-1	0	NaN	-1.0000
66	71	2	108.3491	7	11	0	-1	0	NaN	-1.0000
66	72	2	109.8825	5	13	0	-1	0	NaN	-1.0000
66	73	2	111.4158	8	3	0	-1	0	NaN	-1.0000
66	74	2	112.9491	5	13	0	-1	0	NaN	-1.0000
66	75	2	114.4824	4	6	0	-1	0	NaN	-1.0000
66	76	2	116.0158	5	13	0	-1	0	NaN	-1.0000
66	77	2	117.5491	6	10	0	-1	0	NaN	-1.0000
66	78	2	119.0824	7	11	0	-1	0	NaN	-1.0000
66	79	2	120.6157	8	3	0	-1	0	NaN	-1.0000
66	80	2	122.1490	9	1	0	-1	0	NaN	-1.0000
66	81	2	123.6824	10	7	0	-1	0	NaN	-1.0000
66	82	2	125.2157	11	8	0	-1	0	NaN	-1.0000
66	83	2	126.7490	12	2	0	-1	0	NaN	-1.0000
66	84	2	128.2823	13	12	0	-1	0	NaN	-1.0000
66	85	2	129.8156	14	4	0	-1	0	NaN	-1.0000
66	86	2	131.3490	15	14	0	-1	0	NaN	-1.0000
66	87	2	132.8823	1	9	0	-1	0	NaN	-1.0000
66	88	2	134.4156	2	5	0	-1	0	NaN	-1.0000
66	89	2	135.9489	3	15	0	-1	0	NaN	-1.0000
66	90	2	137.4823	4	6	0	-1	0	NaN	-1.0000
66	91	2	139.0156	6	10	0	-1	0	NaN	-1.0000
66	92	2	140.5489	8	3	0	-1	1	0.0000	0.8137
66	93	2	142.0822	7	11	0	-1	0	0.0000	-1.0000
66	94	2	143.6155	8	3	0	-1	0	0.0000	-1.0000
66	95	2	145.1489	7	11	0	-1	0	0.0000	-1.0000
66	96	2	146.6822	6	10	0	-1	0	0.0000	-1.0000
66	97	2	148.2155	5	13	0	-1	0	0.0000	-1.0000
66	98	2	149.7488	7	11	0	-1	0	0.0000	-1.0000
66	99	2	151.2821	8	3	0	-1	0	0.0000	-1.0000
66	100	2	152.8155	9	1	0	-1	0	0.0000	-1.0000
66	101	2	154.3488	12	2	0	-1	0	0.0000	-1.0000
66	102	2	155.8821	13	12	0	-1	0	0.0000	-1.0000
66	103	2	157.4154	10	7	0	-1	0	0.0000	-1.0000
66	104	2	158.9488	9	1	0	-1	0	0.0000	-1.0000
66	105	2	160.4821	8	3	0	-1	0	0.0000	-1.0000
66	106	2	162.0154	9	1	0	-1	0	0.0000	-1.0000
66	107	2	163.5487	10	7	0	-1	1	0.0000	0.6615
66	108	2	165.0820	11	8	0	-1	0	0.0000	-1.0000
66	109	2	166.6154	12	2	0	-1	0	0.0000	-1.0000
66	110	2	168.1487	13	12	0	-1	0	0.0000	-1.0000
66	111	2	169.6820	14	4	0	-1	0	0.0000	-1.0000
66	112	2	171.2153	15	14	0	-1	0	0.0000	-1.0000
66	113	2	172.7487	1	9	0	-1	0	0.0000	-1.0000
66	114	2	174.2820	2	5	0	-1	0	0.0000	-1.0000
66	115	2	175.8153	3	15	0	-1	0	0.0000	-1.0000
66	116	2	177.3486	4	6	0	-1	0	0.0000	-1.0000
66	117	2	178.8819	5	13	0	-1	0	0.0000	-1.0000
66	118	2	180.4153	6	10	0	-1	0	0.0000	-1.0000
66	119	2	181.9486	7	11	0	-1	0	0.0000	-1.0000
66	120	2	183.4819	8	3	0	-1	0	0.0000	-1.0000
66	121	2	185.0152	5	13	0	-1	0	0.0000	-1.0000
66	122	2	186.5485	6	10	0	-1	0	0.0000	-1.0000
66	123	2	188.0819	4	6	0	-1	0	0.0000	-1.0000
66	124	2	189.6152	5	13	0	-1	0	0.0000	-1.0000
66	125	2	191.1485	6	10	0	-1	0	0.0000	-1.0000
66	126	2	192.6818	4	6	0	-1	0	0.0000	-1.0000
66	127	2	194.2152	3	15	0	-1	1	0.3333	0.6996
66	128	2	195.7485	15	14	0	-1	0	0.3333	-1.0000
66	129	2	197.2818	14	4	0	-1	0	0.3333	-1.0000
66	130	2	198.8152	2	5	0	-1	0	0.3333	-1.0000
66	131	2	200.3484	14	4	0	-1	0	0.3333	-1.0000
66	132	2	201.8818	15	14	0	-1	0	0.3333	-1.0000
66	133	2	203.4151	14	4	0	-1	0	0.3333	-1.0000
66	134	2	204.9484	15	14	0	-1	0	0.3333	-1.0000
66	135	2	206.4817	2	5	0	-1	0	0.3333	-1.0000
66	136	2	208.0150	1	9	0	-1	0	0.3333	-1.0000
66	137	2	209.5484	15	14	0	-1	0	0.3333	-1.0000
66	138	2	211.0817	14	4	0	-1	0	0.3333	-1.0000
66	139	2	212.6150	13	12	0	-1	0	0.3333	-1.0000
66	140	2	214.1483	12	2	0	-1	0	0.3333	-1.0000
66	141	2	215.6817	11	8	0	-1	0	0.3333	-1.0000
66	142	2	217.2150	10	7	0	-1	0	0.3333	-1.0000
66	143	2	218.7483	9	1	0	-1	0	0.3333	-1.0000
66	144	2	220.2816	8	3	0	-1	0	0.3333	-1.0000
66	145	2	221.8149	7	11	0	-1	0	0.3333	-1.0000
66	146	2	223.3483	6	10	0	-1	0	0.3333	-1.0000
66	147	2	224.8816	5	13	0	-1	0	0.3333	-1.0000
66	148	2	226.4149	4	6	0	-1	0	0.3333	-1.0000
66	149	2	227.9482	3	15	0	-1	1	0.5000	1.0937
66	150	2	229.4815	2	5	0	-1	0	0.5000	-1.0000
66	151	2	231.0149	1	9	0	-1	0	0.5000	-1.0000
66	152	2	232.5482	2	5	0	-1	0	0.5000	-1.0000
66	153	2	234.0815	1	9	0	-1	0	0.5000	-1.0000
66	154	2	235.6149	14	4	0	-1	0	0.5000	-1.0000
66	155	2	237.1482	15	14	0	-1	0	0.5000	-1.0000
66	156	2	238.6815	2	5	0	-1	0	0.5000	-1.0000
66	157	2	240.2148	1	9	0	-1	0	0.5000	-1.0000
66	158	2	241.7481	15	14	0	-1	0	0.5000	-1.0000
66	159	2	243.2814	2	5	0	-1	0	0.5000	-1.0000
66	160	2	244.8148	1	9	0	-1	0	0.5000	-1.0000
66	161	2	246.3481	2	5	0	-1	0	0.5000	-1.0000
66	162	2	247.8814	1	9	0	-1	0	0.5000	-1.0000
66	163	2	249.4147	15	14	0	-1	0	0.5000	-1.0000
66	164	2	250.9481	14	4	0	-1	0	0.5000	-1.0000
66	165	2	252.4814	1	9	0	-1	0	0.5000	-1.0000
66	166	2	254.0147	2	5	0	-1	0	0.5000	-1.0000
66	167	2	255.5480	3	15	0	-1	0	0.5000	-1.0000
66	168	2	257.0813	4	6	0	-1	0	0.5000	-1.0000
66	169	2	258.6147	5	13	0	-1	0	0.5000	-1.0000
66	170	2	260.1480	6	10	0	-1	0	0.5000	-1.0000
66	171	2	261.6813	7	11	0	-1	0	0.5000	-1.0000
66	172	2	263.2146	8	3	0	-1	1	0.4000	0.9637
66	173	2	264.7480	9	1	0	-1	0	0.4000	-1.0000
66	174	2	266.2813	10	7	0	-1	0	0.4000	-1.0000
66	175	2	267.8146	11	8	0	-1	0	0.4000	-1.0000
66	176	2	269.3479	12	2	0	-1	0	0.4000	-1.0000
66	177	2	270.8812	13	12	0	-1	0	0.4000	-1.0000
66	178	2	272.4146	14	4	0	-1	0	0.4000	-1.0000
66	179	2	273.9479	15	14	0	-1	0	0.4000	-1.0000
66	180	2	275.4812	1	9	0	-1	0	0.4000	-1.0000
66	181	2	277.0145	14	4	0	-1	0	0.4000	-1.0000
66	182	2	278.5478	2	5	0	-1	0	0.4000	-1.0000
66	183	2	280.0812	1	9	0	-1	0	0.4000	-1.0000
66	184	2	281.6145	3	15	0	-1	0	0.4000	-1.0000
66	185	2	283.1478	2	5	0	-1	0	0.4000	-1.0000
66	186	2	284.6811	15	14	0	-1	0	0.4000	-1.0000
66	187	2	286.2145	3	15	0	-1	0	0.4000	-1.0000
66	188	2	287.7478	15	14	0	-1	0	0.4000	-1.0000
66	189	2	289.2811	2	5	0	-1	0	0.4000	-1.0000
66	190	2	290.8144	15	14	0	-1	0	0.4000	-1.0000
66	191	2	292.3477	14	4	0	-1	1	0.3333	1.1745
66	192	2	293.8811	2	5	0	-1	0	0.3333	-1.0000
66	193	2	295.4144	3	15	0	-1	0	0.3333	-1.0000
66	194	2	296.9477	1	9	0	-1	0	0.3333	-1.0000
66	195	2	298.4810	3	15	0	-1	0	0.3333	-1.0000
66	196	2	300.0143	2	5	0	-1	0	0.3333	-1.0000
66	197	2	301.5477	1	9	0	-1	0	0.3333	-1.0000
66	198	2	303.0810	15	14	0	-1	0	0.3333	-1.0000
66	199	2	304.6143	14	4	0	-1	0	0.3333	-1.0000
66	200	2	306.1476	13	12	0	-1	0	0.3333	-1.0000
66	201	2	307.6810	12	2	0	-1	0	0.3333	-1.0000
66	202	2	309.2143	11	8	0	-1	0	0.3333	-1.0000
66	203	2	310.7476	10	7	0	-1	0	0.3333	-1.0000
66	204	2	312.2809	9	1	0	-1	0	0.3333	-1.0000
66	205	2	313.8142	8	3	0	-1	0	0.3333	-1.0000
66	206	2	315.3476	7	11	0	-1	0	0.3333	-1.0000
66	207	2	316.8809	6	10	0	-1	0	0.3333	-1.0000
66	208	2	318.4142	5	13	0	-1	0	0.3333	-1.0000
66	209	2	319.9475	4	6	0	-1	0	0.3333	-1.0000
66	210	2	321.4809	3	15	0	-1	0	0.3333	-1.0000
66	211	2	323.0142	15	14	0	-1	0	0.3333	-1.0000
66	212	2	324.5475	2	5	0	-1	0	0.3333	-1.0000
66	213	2	326.0808	15	14	0	-1	0	0.3333	-1.0000
66	214	2	327.6142	14	4	0	-1	0	0.3333	-1.0000
66	215	2	329.1475	1	9	0	-1	0	0.3333	-1.0000
66	216	2	330.6808	2	5	0	-1	0	0.3333	-1.0000
66	217	2	332.2141	1	9	0	-1	0	0.3333	-1.0000
66	218	2	333.7474	2	5	0	-1	0	0.3333	-1.0000
66	219	2	335.2807	14	4	0	-1	1	0.2857	0.8175
66	220	2	336.8141	15	14	0	-1	0	0.2857	-1.0000
66	221	2	338.3474	14	4	0	-1	1	0.2500	0.9029
66	222	2	339.8807	13	12	0	-1	0	0.2500	-1.0000
66	223	2	341.4140	10	7	0	-1	0	0.2500	-1.0000
66	224	2	342.9474	13	12	0	-1	0	0.2500	-1.0000
66	225	2	344.4807	12	2	0	-1	0	0.2500	-1.0000
66	226	2	346.0140	11	8	0	-1	0	0.2500	-1.0000
66	227	2	347.5473	10	7	0	-1	0	0.2500	-1.0000
66	228	2	349.0807	9	1	0	-1	0	0.2500	-1.0000
66	229	2	350.6140	8	3	0	-1	0	0.2500	-1.0000
66	230	2	352.1473	7	11	0	-1	0	0.2500	-1.0000
66	231	2	353.6806	6	10	0	-1	0	0.2500	-1.0000
66	232	2	355.2139	5	13	0	-1	0	0.2500	-1.0000
66	233	2	356.7473	4	6	0	-1	0	0.2500	-1.0000
66	234	2	358.2806	3	15	0	-1	0	0.2500	-1.0000
66	235	2	359.8139	2	5	0	-1	0	0.2500	-1.0000
66	236	2	361.3472	1	9	0	-1	0	0.2500	-1.0000
66	237	2	362.8805	15	14	0	-1	0	0.2500	-1.0000
66	238	2	364.4139	14	4	0	-1	0	0.2500	-1.0000
66	239	2	365.9472	13	12	0	-1	0	0.2500	-1.0000
66	240	2	367.4805	12	2	0	-1	0	0.2500	-1.0000
66	241	2	369.0138	13	12	0	-1	0	0.2500	-1.0000
66	242	2	370.5472	12	2	0	-1	0	0.2500	-1.0000
66	243	2	372.0805	9	1	0	-1	0	0.2500	-1.0000
66	244	2	373.6138	12	2	0	-1	0	0.2500	-1.0000
66	245	2	375.1471	10	7	0	-1	1	0.2222	1.0307
66	246	2	376.6804	11	8	0	-1	0	0.2222	-1.0000
66	247	2	378.2138	12	2	0	-1	0	0.2222	-1.0000
66	248	2	379.7471	10	7	0	-1	0	0.2222	-1.0000
66	249	2	381.2804	13	12	0	-1	0	0.2222	-1.0000
66	250	2	382.8137	12	2	0	-1	0	0.2222	-1.0000
66	251	2	384.3470	13	12	0	-1	0	0.2222	-1.0000
66	252	2	385.8804	12	2	0	-1	0	0.2222	-1.0000
66	253	2	387.4137	11	8	0	-1	0	0.2222	-1.0000
66	254	2	388.9470	9	1	0	-1	0	0.2222	-1.0000
66	255	2	390.4803	12	2	0	-1	0	0.2222	-1.0000
66	256	2	392.0137	11	8	0	-1	1	0.2000	1.2675
66	257	2	393.5470	10	7	0	-1	0	0.2000	-1.0000
66	258	2	395.0803	9	1	0	-1	0	0.2000	-1.0000
66	259	2	396.6136	8	3	0	-1	0	0.2000	-1.0000
66	260	2	398.1469	7	11	0	-1	0	0.2000	-1.0000
66	261	2	399.6802	6	10	0	-1	0	0.2000	-1.0000
66	262	2	401.2136	5	13	0	-1	0	0.2000	-1.0000
66	263	2	402.7469	4	6	0	-1	0	0.2000	-1.0000
66	264	2	404.2802	3	15	0	-1	0	0.2000	-1.0000
66	265	2	405.8135	2	5	0	-1	0	0.2000	-1.0000
66	266	2	407.3469	1	9	0	-1	0	0.2000	-1.0000
66	267	2	408.8802	15	14	0	-1	0	0.2000	-1.0000
66	268	2	410.4135	14	4	0	-1	0	0.2000	-1.0000
66	269	2	411.9468	13	12	0	-1	0	0.2000	-1.0000
66	270	2	413.4802	12	2	0	-1	0	0.2000	-1.0000
66	271	2	415.0135	11	8	0	-1	0	0.2000	-1.0000
66	272	2	416.5468	10	7	0	-1	0	0.2000	-1.0000
66	273	2	418.0801	12	2	0	-1	0	0.2000	-1.0000
66	274	2	419.6134	9	1	0	-1	0	0.2000	-1.0000
66	275	2	421.1468	12	2	0	-1	0	0.2000	-1.0000
66	276	2	422.6801	11	8	0	-1	0	0.2000	-1.0000
66	277	2	424.2134	12	2	0	-1	0	0.2000	-1.0000
66	278	2	425.7467	11	8	0	-1	0	0.2000	-1.0000
66	279	2	427.2801	9	1	0	-1	0	0.2000	-1.0000
66	280	2	428.8134	12	2	0	-1	0	0.2000	-1.0000
66	281	2	430.3467	13	12	0	-1	0	0.2000	-1.0000
66	282	2	431.8800	14	4	0	-1	0	0.2000	-1.0000
66	283	2	433.4133	13	12	0	-1	0	0.2000	-1.0000
66	284	2	434.9467	12	2	0	-1	0	0.2000	-1.0000
66	285	2	436.4800	9	1	0	-1	0	0.2000	-1.0000
66	286	2	438.0133	10	7	0	-1	0	0.2000	-1.0000
66	287	2	439.5466	11	8	0	-1	0	0.2000	-1.0000
66	288	2	441.0799	12	2	0	-1	0	0.2000	-1.0000
66	289	2	442.6133	13	12	0	-1	0	0.2000	-1.0000
66	290	2	444.1466	14	4	0	-1	0	0.2000	-1.0000
66	291	2	445.6799	15	14	0	-1	0	0.2000	-1.0000
66	292	2	447.2132	1	9	0	-1	0	0.2000	-1.0000
66	293	2	448.7466	2	5	0	-1	0	0.2000	-1.0000
66	294	2	450.2799	3	15	0	-1	0	0.2000	-1.0000
66	295	2	451.8132	4	6	0	-1	0	0.2000	-1.0000
66	296	2	453.3466	5	13	0	-1	0	0.2000	-1.0000
66	297	2	454.8798	6	10	0	-1	0	0.2000	-1.0000
66	298	2	456.4132	7	11	0	-1	0	0.2000	-1.0000
66	299	2	457.9465	8	3	0	-1	0	0.2000	-1.0000
66	300	2	459.4798	9	1	0	-1	1	0.2727	1.2261
66	301	2	461.0131	10	7	0	-1	0	0.2727	-1.0000
66	302	2	462.5465	12	2	0	-1	0	0.2727	-1.0000
66	303	2	464.0798	11	8	0	-1	0	0.2727	-1.0000
66	304	2	465.6131	10	7	0	-1	0	0.2727	-1.0000
66	305	2	467.1464	9	1	0	-1	1	0.2500	0.0870
66	306	2	468.6797	12	2	0	-1	0	0.2500	-1.0000
66	307	2	470.2131	13	12	0	-1	0	0.2500	-1.0000
66	308	2	471.7464	10	7	0	-1	0	0.2500	-1.0000
66	309	2	473.2797	11	8	0	-1	0	0.2500	-1.0000
66	310	2	474.8130	10	7	0	-1	0	0.2500	-1.0000
66	311	2	476.3463	12	2	0	-1	0	0.2500	-1.0000
66	312	2	477.8797	10	7	0	-1	0	0.2500	-1.0000
66	313	2	479.4130	11	8	0	-1	0	0.2500	-1.0000
66	314	2	480.9463	9	1	0	-1	0	0.2500	-1.0000
66	315	2	482.4796	12	2	0	-1	0	0.2500	-1.0000
66	316	2	484.0129	11	8	0	-1	0	0.2500	-1.0000
66	317	2	485.5463	10	7	0	-1	0	0.2500	-1.0000
66	318	2	487.0796	9	1	0	-1	0	0.2500	-1.0000
66	319	2	488.6129	8	3	0	-1	0	0.2500	-1.0000
66	320	2	490.1462	7	11	0	-1	0	0.2500	-1.0000
66	321	2	491.6796	6	10	0	-1	0	0.2500	-1.0000
66	322	2	493.2129	5	13	0	-1	0	0.2500	-1.0000
66	323	2	494.7463	4	6	0	-1	0	0.2500	-1.0000
66	324	2	496.2795	3	15	0	-1	0	0.2500	-1.0000
66	325	2	497.8129	2	5	0	-1	0	0.2500	-1.0000
66	326	2	499.3462	1	9	0	-1	0	0.2500	-1.0000
66	327	2	500.8795	15	14	0	-1	0	0.2500	-1.0000
66	328	2	502.4128	14	4	0	-1	0	0.2500	-1.0000
66	329	2	503.9461	13	12	0	-1	0	0.2500	-1.0000
66	330	2	505.4795	12	2	0	-1	0	0.2500	-1.0000
66	331	2	507.0128	10	7	0	-1	0	0.2500	-1.0000
66	332	2	508.5461	9	1	0	-1	0	0.2500	-1.0000
66	333	2	510.0794	8	3	0	-1	0	0.2500	-1.0000
66	334	2	511.6127	6	10	0	-1	0	0.2500	-1.0000
66	335	2	513.1461	4	6	0	-1	0	0.2500	-1.0000
66	336	2	514.6794	6	10	0	-1	0	0.2500	-1.0000
66	337	2	516.2127	8	3	0	-1	1	0.2308	0.9083
66	338	2	517.7460	7	11	0	-1	0	0.2308	-1.0000
66	339	2	519.2794	6	10	0	-1	0	0.2308	-1.0000
66	340	2	520.8127	5	13	0	-1	1	0.2143	0.9331
66	341	2	522.3460	4	6	0	-1	0	0.2143	-1.0000
66	342	2	523.8793	6	10	0	-1	0	0.2143	-1.0000
66	343	2	525.4126	7	11	0	-1	0	0.2143	-1.0000
66	344	2	526.9460	4	6	0	-1	0	0.2143	-1.0000
66	345	2	528.4793	3	15	0	-1	0	0.2143	-1.0000
66	346	2	530.0126	2	5	0	-1	0	0.2143	-1.0000
66	347	2	531.5459	1	9	0	-1	0	0.2143	-1.0000
66	348	2	533.0792	15	14	0	-1	0	0.2143	-1.0000
66	349	2	534.6126	14	4	0	-1	0	0.2143	-1.0000
66	350	2	536.1459	13	12	0	-1	0	0.2143	-1.0000
66	351	2	537.6792	12	2	0	-1	0	0.2143	-1.0000
66	352	2	539.2125	11	8	0	-1	0	0.2143	-1.0000
66	353	2	540.7459	10	7	0	-1	0	0.2143	-1.0000
66	354	2	542.2792	9	1	0	-1	0	0.2143	-1.0000
66	355	2	543.8125	8	3	0	-1	0	0.2143	-1.0000
66	356	2	545.3458	7	11	0	-1	0	0.2143	-1.0000
66	357	2	546.8791	6	10	0	-1	0	0.2143	-1.0000
66	358	2	548.4125	5	13	0	-1	1	0.2000	1.1088
66	359	2	549.9458	4	6	0	-1	0	0.2000	-1.0000
66	360	2	551.4791	3	15	0	-1	0	0.2000	-1.0000
66	361	2	553.0124	15	14	0	-1	0	0.2000	-1.0000
66	362	2	554.5457	2	5	0	-1	0	0.2000	-1.0000
66	363	2	556.0791	14	4	0	-1	0	0.2000	-1.0000
66	364	2	557.6124	1	9	0	-1	0	0.2000	-1.0000
66	365	2	559.1457	15	14	0	-1	0	0.2000	-1.0000
66	366	2	560.6790	14	4	0	-1	0	0.2000	-1.0000
66	367	2	562.2124	15	14	0	-1	0	0.2000	-1.0000
66	368	2	563.7457	1	9	0	-1	0	0.2000	-1.0000
66	369	2	565.2790	3	15	0	-1	0	0.2000	-1.0000
66	370	2	566.8123	15	14	0	-1	0	0.2000	-1.0000
66	371	2	568.3457	3	15	0	-1	0	0.2000	-1.0000
66	372	2	569.8790	1	9	0	-1	0	0.2000	-1.0000
66	373	2	571.4123	15	14	0	-1	0	0.2000	-1.0000
66	374	2	572.9456	1	9	0	-1	0	0.2000	-1.0000
66	375	2	574.4789	14	4	0	-1	0	0.2000	-1.0000
66	376	2	576.0123	15	14	0	-1	0	0.2000	-1.0000
66	377	2	577.5456	1	9	0	-1	0	0.2000	-1.0000
66	378	2	579.0789	2	5	0	-1	0	0.2000	-1.0000
66	379	2	580.6122	3	15	0	-1	0	0.2000	-1.0000
66	380	2	582.1456	4	6	0	-1	0	0.2000	-1.0000
66	381	2	583.6789	5	13	0	-1	0	0.2000	-1.0000
66	382	2	585.2122	6	10	0	-1	0	0.2000	-1.0000
66	383	2	586.7456	7	11	0	-1	0	0.2000	-1.0000
66	384	2	588.2788	8	3	0	-1	0	0.2000	-1.0000
66	385	2	589.8121	9	1	0	-1	0	0.2000	-1.0000
66	386	2	591.3455	10	7	0	-1	1	0.1875	0.8961
66	387	2	592.8788	11	8	0	-1	0	0.1875	-1.0000
66	388	2	594.4121	12	2	0	-1	0	0.1875	-1.0000
66	389	2	595.9454	13	12	0	-1	0	0.1875	-1.0000
66	390	2	597.4787	14	4	0	-1	0	0.1875	-1.0000
66	391	2	599.0121	13	12	0	-1	0	0.1875	-1.0000
66	392	2	600.5454	10	7	0	-1	0	0.1875	-1.0000
66	393	2	602.0787	13	12	0	-1	0	0.1875	-1.0000
66	394	2	603.6120	14	4	0	-1	0	0.1875	-1.0000
66	395	2	605.1453	13	12	0	-1	0	0.1875	-1.0000
66	396	2	606.6787	14	4	0	-1	0	0.1875	-1.0000
66	397	2	608.2121	13	12	0	-1	0	0.1875	-1.0000
66	398	2	609.7453	11	8	0	-1	0	0.1875	-1.0000
66	399	2	611.2786	9	1	0	-1	0	0.1875	-1.0000
66	400	2	612.8120	12	2	0	-1	0	0.1875	-1.0000
66	401	2	614.3454	13	12	0	-1	0	0.1875	-1.0000
66	402	2	615.8786	14	4	0	-1	0	0.1875	-1.0000
66	403	2	617.4119	13	12	0	-1	0	0.1875	-1.0000
66	404	2	618.9453	14	4	0	-1	0	0.1875	-1.0000
66	405	2	620.4785	2	5	0	-1	0	0.1875	-1.0000
66	406	2	622.0119	3	15	0	-1	0	0.1875	-1.0000
66	407	2	623.5452	4	6	0	-1	0	0.1875	-1.0000
66	408	2	625.0786	5	13	0	-1	0	0.1875	-1.0000
66	409	2	626.6119	6	10	0	-1	0	0.1875	-1.0000
66	410	2	628.1452	7	11	0	-1	0	0.1875	-1.0000
66	411	2	629.6785	8	3	0	-1	0	0.1875	-1.0000
66	412	2	631.2118	9	1	0	-1	0	0.1875	-1.0000
66	413	2	632.7451	10	7	0	-1	0	0.1875	-1.0000
66	414	2	634.2785	11	8	0	-1	0	0.1875	-1.0000
66	415	2	635.8118	12	2	0	-1	0	0.1875	-1.0000
66	416	2	637.3451	13	12	0	-1	0	0.1875	-1.0000
66	417	2	638.8784	14	4	0	-1	0	0.1875	-1.0000
66	418	2	640.4117	15	14	0	-1	0	0.1875	-1.0000
66	419	2	641.9451	1	9	0	-1	0	0.1875	-1.0000
66	420	2	643.4784	2	5	0	-1	0	0.1875	-1.0000
66	421	2	645.0118	1	9	0	-1	0	0.1875	-1.0000
66	422	2	646.5450	2	5	0	-1	0	0.1875	-1.0000
66	423	2	648.0784	15	14	0	-1	0	0.1875	-1.0000
66	424	2	649.6117	2	5	0	-1	0	0.1875	-1.0000
66	425	2	651.1450	3	15	0	-1	0	0.1875	-1.0000
66	426	2	652.6783	2	5	0	-1	0	0.1875	-1.0000
66	427	2	654.2116	3	15	0	-1	0	0.1875	-1.0000
66	428	2	655.7450	2	5	0	-1	0	0.1875	-1.0000
66	429	2	657.2783	1	9	0	-1	1	0.1765	0.5789
66	430	2	658.8117	2	5	0	-1	0	0.1765	-1.0000
66	431	2	660.3449	1	9	0	-1	0	0.1765	-1.0000
66	432	2	661.8783	2	5	0	-1	0	0.1765	-1.0000
66	433	2	663.4116	15	14	0	-1	1	0.1667	0.8778
66	434	2	664.9449	2	5	0	-1	0	0.1667	-1.0000
66	435	2	666.4782	14	4	0	-1	0	0.1667	-1.0000
66	436	2	668.0116	13	12	0	-1	0	0.1667	-1.0000
66	437	2	669.5449	12	2	0	-1	0	0.1667	-1.0000
66	438	2	671.0782	11	8	0	-1	0	0.1667	-1.0000
66	439	2	672.6115	10	7	0	-1	0	0.1667	-1.0000
66	440	2	674.1448	9	1	0	-1	0	0.1667	-1.0000
66	441	2	675.6781	8	3	0	-1	0	0.1667	-1.0000
66	442	2	677.2115	7	11	0	-1	0	0.1667	-1.0000
66	443	2	678.7448	6	10	0	-1	0	0.1667	-1.0000
66	444	2	680.2781	5	13	0	-1	0	0.1667	-1.0000
66	445	2	681.8114	4	6	0	-1	0	0.1667	-1.0000
66	446	2	683.3447	3	15	0	-1	0	0.1667	-1.0000
66	447	2	684.8781	2	5	0	-1	0	0.1667	-1.0000
66	448	2	686.4114	1	9	0	-1	0	0.1667	-1.0000
66	449	2	687.9447	15	14	0	-1	0	0.1667	-1.0000
66	450	2	689.4780	14	4	0	-1	0	0.1667	-1.0000
66	451	2	691.0114	13	12	0	-1	0	0.1667	-1.0000
66	452	2	692.5447	11	8	0	-1	0	0.1667	-1.0000
66	453	2	694.0780	12	2	0	-1	0	0.1667	-1.0000
66	454	2	695.6113	10	7	0	-1	0	0.1667	-1.0000
66	455	2	697.1446	12	2	0	-1	0	0.1667	-1.0000
66	456	2	698.6780	11	8	0	-1	0	0.1667	-1.0000
66	457	2	700.2113	9	1	0	-1	0	0.1667	-1.0000
66	458	2	701.7446	11	8	0	-1	0	0.1667	-1.0000
66	459	2	703.2779	13	12	0	-1	0	0.1667	-1.0000
66	460	2	704.8112	10	7	0	-1	0	0.1667	-1.0000
66	461	2	706.3446	11	8	0	-1	0	0.1667	-1.0000
66	462	2	707.8779	12	2	0	-1	0	0.1667	-1.0000
66	463	2	709.4112	10	7	0	-1	0	0.1667	-1.0000
66	464	2	710.9446	9	1	0	-1	0	0.1667	-1.0000
66	465	2	712.4779	12	2	0	-1	0	0.1667	-1.0000
66	466	2	714.0112	13	12	0	-1	0	0.1667	-1.0000
66	467	2	715.5445	14	4	0	-1	0	0.1667	-1.0000
66	468	2	717.0778	15	14	0	-1	0	0.1667	-1.0000
66	469	2	718.6111	1	9	0	-1	0	0.1667	-1.0000
66	470	2	720.1445	2	5	0	-1	0	0.1667	-1.0000
66	471	2	721.6778	3	15	0	-1	0	0.1667	-1.0000
66	472	2	723.2111	4	6	0	-1	0	0.1667	-1.0000
66	473	2	724.7444	5	13	0	-1	0	0.1667	-1.0000
66	474	2	726.2777	6	10	0	-1	0	0.1667	-1.0000
66	475	2	727.8111	7	11	0	-1	0	0.1667	-1.0000
66	476	2	729.3444	8	3	0	-1	0	0.1667	-1.0000
66	477	2	730.8777	9	1	0	-1	0	0.1667	-1.0000
66	478	2	732.4110	10	7	0	-1	0	0.1667	-1.0000
66	479	2	733.9444	11	8	0	-1	0	0.1667	-1.0000
66	480	2	735.4777	12	2	0	-1	0	0.1667	-1.0000
66	481	2	737.0110	9	1	0	-1	0	0.1667	-1.0000
66	482	2	738.5443	11	8	0	-1	1	0.1579	0.9768
66	483	2	740.0777	10	7	0	-1	0	0.1579	-1.0000
66	484	2	741.6110	9	1	0	-1	0	0.1579	-1.0000
66	485	2	743.1443	11	8	0	-1	0	0.1579	-1.0000
66	486	2	744.6776	9	1	0	-1	0	0.1579	-1.0000
66	487	2	746.2109	8	3	0	-1	0	0.1579	-1.0000
66	488	2	747.7442	6	10	0	-1	0	0.1579	-1.0000
66	489	2	749.2776	4	6	0	-1	0	0.1579	-1.0000
66	490	2	750.8109	7	11	0	-1	0	0.1579	-1.0000
66	491	2	752.3442	8	3	0	-1	0	0.1579	-1.0000
66	492	2	753.8775	6	10	0	-1	0	0.1579	-1.0000
66	493	2	755.4109	4	6	0	-1	0	0.1579	-1.0000
66	494	2	756.9441	6	10	0	-1	0	0.1579	-1.0000
66	495	2	758.4775	4	6	0	-1	0	0.1579	-1.0000
66	496	2	760.0108	5	13	0	-1	0	0.1579	-1.0000
66	497	2	761.5441	6	10	0	-1	0	0.1579	-1.0000
66	498	2	763.0775	7	11	0	-1	0	0.1579	-1.0000
66	499	2	764.6108	8	3	0	-1	0	0.1579	-1.0000
66	500	2	766.1441	9	1	0	-1	0	0.1579	-1.0000
66	501	2	767.6774	10	7	0	-1	0	0.1579	-1.0000
66	502	2	769.2108	11	8	0	-1	0	0.1579	-1.0000
66	503	2	770.7441	12	2	0	-1	0	0.1579	-1.0000
66	504	2	772.2774	13	12	0	-1	0	0.1579	-1.0000
66	505	2	773.8107	14	4	0	-1	0	0.1579	-1.0000
66	506	2	775.3441	15	14	0	-1	0	0.1579	-1.0000
66	507	2	776.8774	1	9	0	-1	0	0.1579	-1.0000
66	508	2	778.4107	2	5	0	-1	0	0.1579	-1.0000
66	509	2	779.9440	3	15	0	-1	0	0.1579	-1.0000
66	510	2	781.4773	4	6	0	-1	0	0.1579	-1.0000
66	511	2	783.0106	3	15	0	-1	0	0.1579	-1.0000
66	512	2	784.5440	2	5	0	-1	0	0.1579	-1.0000
66	513	2	786.0773	15	14	0	-1	0	0.1579	-1.0000
66	514	2	787.6106	1	9	0	-1	0	0.1579	-1.0000
66	515	2	789.1439	15	14	0	-1	0	0.1579	-1.0000
66	516	2	790.6772	2	5	0	-1	0	0.1579	-1.0000
66	517	2	792.2106	1	9	0	-1	0	0.1579	-1.0000
66	518	2	793.7439	14	4	0	-1	1	0.1500	1.0887
66	519	2	795.2772	1	9	0	-1	0	0.1500	-1.0000
66	520	2	796.8105	3	15	0	-1	0	0.1500	-1.0000
66	521	2	798.3439	15	14	0	-1	0	0.1500	-1.0000
66	522	2	799.8772	1	9	0	-1	0	0.1500	-1.0000
66	523	2	801.4105	14	4	0	-1	0	0.1500	-1.0000
66	524	2	802.9438	13	12	0	-1	1	0.1905	0.9452
66	525	2	804.4771	11	8	0	-1	0	0.1905	-1.0000
66	526	2	806.0105	10	7	0	-1	0	0.1905	-1.0000
66	527	2	807.5438	9	1	0	-1	0	0.1905	-1.0000
66	528	2	809.0771	8	3	0	-1	0	0.1905	-1.0000
66	529	2	810.6104	7	11	0	-1	0	0.1905	-1.0000
66	530	2	812.1437	6	10	0	-1	0	0.1905	-1.0000
66	531	2	813.6771	5	13	0	-1	0	0.1905	-1.0000
66	532	2	815.2104	4	6	0	-1	0	0.1905	-1.0000
66	533	2	816.7438	3	15	0	-1	0	0.1905	-1.0000
66	534	2	818.2771	2	5	0	-1	0	0.1905	-1.0000
66	535	2	819.8104	1	9	0	-1	0	0.1905	-1.0000
66	536	2	821.3437	15	14	0	-1	0	0.1905	-1.0000
66	537	2	822.8770	14	4	0	-1	0	0.1905	-1.0000
66	538	2	824.4103	13	12	0	-1	0	0.1905	-1.0000
66	539	2	825.9436	12	2	0	-1	0	0.1905	-1.0000
66	540	2	827.4770	11	8	0	-1	0	0.1905	-1.0000
66	541	2	829.0103	13	12	0	-1	0	0.1905	-1.0000
66	542	2	830.5436	10	7	0	-1	0	0.1905	-1.0000
66	543	2	832.0769	12	2	0	-1	0	0.1905	-1.0000
66	544	2	833.6103	9	1	0	-1	0	0.1905	-1.0000
66	545	2	835.1436	12	2	0	-1	0	0.1905	-1.0000
66	546	2	836.6769	9	1	0	-1	0	0.1905	-1.0000
66	547	2	838.2102	8	3	0	-1	0	0.1905	-1.0000
66	548	2	839.7436	6	10	0	-1	0	0.1905	-1.0000
66	549	2	841.2769	7	11	0	-1	0	0.1905	-1.0000
66	550	2	842.8102	8	3	0	-1	0	0.1905	-1.0000
66	551	2	844.3435	9	1	0	-1	0	0.1905	-1.0000
66	552	2	845.8768	12	2	0	-1	0	0.1905	-1.0000
66	553	2	847.4101	9	1	0	-1	1	0.1818	0.9741
66	554	2	848.9435	8	3	0	-1	0	0.1818	-1.0000
66	555	2	850.4768	5	13	0	-1	0	0.1818	-1.0000
66	556	2	852.0101	6	10	0	-1	0	0.1818	-1.0000
66	557	2	853.5434	7	11	0	-1	0	0.1818	-1.0000
66	558	2	855.0768	8	3	0	-1	0	0.1818	-1.0000
66	559	2	856.6101	9	1	0	-1	0	0.1818	-1.0000
66	560	2	858.1434	10	7	0	-1	0	0.1818	-1.0000
66	561	2	859.6767	11	8	0	-1	0	0.1818	-1.0000
66	562	2	861.2100	12	2	0	-1	0	0.1818	-1.0000
66	563	2	862.7434	13	12	0	-1	0	0.1818	-1.0000
66	564	2	864.2767	14	4	0	-1	0	0.1818	-1.0000
66	565	2	865.8100	15	14	0	-1	0	0.1818	-1.0000
66	566	2	867.3433	1	9	0	-1	0	0.1818	-1.0000
66	567	2	868.8766	2	5	0	-1	0	0.1818	-1.0000
66	568	2	870.4100	3	15	0	-1	0	0.1818	-1.0000
66	569	2	871.9433	4	6	0	-1	0	0.1818	-1.0000
66	570	2	873.4766	5	13	0	-1	0	0.1818	-1.0000
66	571	2	875.0099	4	6	0	-1	0	0.1818	-1.0000
66	572	2	876.5433	5	13	0	-1	0	0.1818	-1.0000
66	573	2	878.0766	8	3	0	-1	0	0.1818	-1.0000
66	574	2	879.6099	7	11	0	-1	0	0.1818	-1.0000
66	575	2	881.1432	8	3	0	-1	0	0.1818	-1.0000
66	576	2	882.6765	5	13	0	-1	0	0.1818	-1.0000
66	577	2	884.2099	8	3	0	-1	0	0.1818	-1.0000
66	578	2	885.7432	5	13	0	-1	0	0.1818	-1.0000
66	579	2	887.2765	6	10	0	-1	0	0.1818	-1.0000
66	580	2	888.8098	7	11	0	-1	0	0.1818	-1.0000
66	581	2	890.3432	4	6	0	-1	0	0.1818	-1.0000
66	582	2	891.8765	7	11	0	-1	0	0.1818	-1.0000
66	583	2	893.4098	4	6	0	-1	0	0.1818	-1.0000
66	584	2	894.9431	7	11	0	-1	0	0.1818	-1.0000
66	585	2	896.4764	5	13	0	-1	0	0.1818	-1.0000
66	586	2	898.0098	6	10	0	-1	0	0.1818	-1.0000
66	587	2	899.5431	7	11	0	-1	0	0.1818	-1.0000
66	588	2	901.0764	8	3	0	-1	0	0.1818	-1.0000
66	589	2	902.6097	9	1	0	-1	0	0.1818	-1.0000
66	590	2	904.1430	10	7	0	-1	1	0.1739	0.6899
66	591	2	905.6764	11	8	0	-1	1	0.1667	0.9005
66	592	2	907.2097	12	2	0	-1	0	0.1667	-1.0000
66	593	2	908.7430	13	12	0	-1	0	0.1667	-1.0000
66	594	2	910.2763	14	4	0	-1	1	0.2000	0.7643
66	595	2	911.8097	15	14	0	-1	0	0.2000	-1.0000
66	596	2	913.3430	1	9	0	-1	0	0.2000	-1.0000
66	597	2	914.8763	2	5	0	-1	0	0.2000	-1.0000
66	598	2	916.4096	3	15	0	-1	0	0.2000	-1.0000
66	599	2	917.9429	4	6	0	-1	0	0.2000	-1.0000
66	600	2	919.4763	5	13	0	-1	0	0.2000	-1.0000
Actual parsing ratio
0.2000
Possible node parses
87.0000
 Node parses selected
0.0575
Possible other parses
513.0000
Other parses selected
0.0390
Chance parsing ratio
0.1450
Shock trials
15
298
462
794
1189