*********************************************
* Date/Time: 08-Oct-2020 13:51:05
* Seed: 210347.7
* Subject Number: 064
15	11	1	10	12	5	9	7	14	4	2	13	6	3	8	
*********************************************

Shape exposure time (seconds)
51.8024
subject	trial	phase	onset	node	shape	rotate	acc	resp	total	rt
64	1	1	1.0167	14	3	90	0	1	0.0000	0.7845
64	2	1	2.5666	1	15	0	0	1	0.0000	1.4752
64	3	1	4.2666	14	3	0	1	1	0.3333	1.3585
64	4	1	5.8167	2	11	0	1	1	0.5000	0.8805
64	5	1	7.3667	1	15	0	1	1	0.6000	1.4592
64	6	1	8.9499	2	11	0	1	1	0.6667	1.0921
64	7	1	10.4999	14	3	0	1	1	0.7143	1.0298
64	8	1	12.0500	13	6	0	1	1	0.7500	0.8553
64	9	1	13.5999	11	2	0	1	1	0.7778	0.4421
64	10	1	15.1499	12	13	0	1	1	0.8000	0.5399
64	11	1	16.6999	10	4	0	1	1	0.8182	0.6219
64	12	1	18.2499	12	13	0	1	1	0.8333	0.5273
64	13	1	19.7999	13	6	0	1	1	0.8462	0.4337
64	14	1	21.3499	10	4	0	1	1	0.8571	0.4833
64	15	1	22.8999	11	2	90	0	1	0.8000	0.4702
64	16	1	24.4499	13	6	0	1	1	0.8125	1.2078
64	17	1	25.9999	11	2	90	1	1	0.8235	1.1938
64	18	1	27.5498	9	14	90	0	1	0.7778	1.4359
64	19	1	29.2165	10	4	90	-1	0	0.7368	-1.0000
64	20	1	30.9998	12	13	0	-1	0	0.7000	-1.0000
64	21	1	32.7331	13	6	0	1	1	0.7143	1.0840
64	22	1	34.2832	10	4	0	1	1	0.7273	0.9584
64	23	1	35.8331	9	14	0	0	1	0.6957	1.0564
64	24	1	37.3831	12	13	0	1	1	0.7083	1.0268
64	25	1	38.9331	13	6	90	0	1	0.6800	1.1080
64	26	1	40.4831	10	4	90	0	1	0.6538	1.2228
64	27	1	42.0331	9	14	0	1	1	0.6667	1.3687
64	28	1	43.5831	11	2	0	-1	0	0.6429	-1.0000
64	29	1	45.2998	9	14	90	0	1	0.6207	0.9342
64	30	1	46.8497	8	7	0	0	1	0.6000	0.9362
64	31	1	48.3997	5	12	90	0	1	0.5806	0.9054
64	32	1	49.9497	6	5	90	1	1	0.5938	0.9560
64	33	1	51.4997	8	7	0	0	1	0.5758	0.9575
64	34	1	53.0497	7	9	90	1	1	0.5882	1.0394
64	35	1	54.5997	4	10	0	0	1	0.5714	1.4101
64	36	1	56.2497	7	9	90	1	1	0.5833	1.0722
64	37	1	57.7997	6	5	90	1	1	0.5946	0.8015
64	38	1	59.3497	8	7	0	0	1	0.5789	0.7395
64	39	1	60.8997	6	5	0	0	1	0.5641	0.9341
64	40	1	62.4496	4	10	90	0	1	0.5500	0.8402
64	41	1	63.9996	5	12	0	1	1	0.5610	0.7300
64	42	1	65.5496	7	9	90	1	1	0.5714	0.8438
64	43	1	67.0996	5	12	0	1	1	0.5814	0.5262
64	44	1	68.6496	7	9	0	1	1	0.5909	0.5435
64	45	1	70.1996	6	5	0	1	1	0.6000	0.5302
64	46	1	71.7496	8	7	0	1	1	0.6087	0.5803
64	47	1	73.2996	7	9	90	0	1	0.5957	0.4539
64	48	1	74.8496	6	5	90	0	1	0.5833	0.6643
64	49	1	76.3996	7	9	90	-1	0	0.5714	-1.0000
64	50	1	78.1162	5	12	0	1	1	0.5800	0.9658
64	51	1	79.6662	6	5	90	0	1	0.5686	0.6789
64	52	1	81.2162	8	7	0	0	1	0.5577	0.6016
64	53	1	82.7662	9	14	0	1	1	0.5660	0.5398
64	54	1	84.3162	8	7	0	1	1	0.5741	1.0055
64	55	1	85.8662	9	14	90	0	1	0.5636	1.2314
64	56	1	87.4162	12	13	0	0	1	0.5536	0.8489
64	57	1	88.9662	9	14	0	1	1	0.5614	0.8035
64	58	1	90.5162	12	13	0	1	1	0.5690	0.8054
64	59	1	92.0662	9	14	90	0	1	0.5593	0.7917
64	60	1	93.6161	12	13	0	1	1	0.5667	0.6814
64	61	1	95.1661	13	6	0	0	1	0.5574	0.7310
64	62	1	96.7161	10	4	0	1	1	0.5645	0.8290
64	63	1	98.2661	9	14	0	1	1	0.5714	0.8314
64	64	1	99.8161	12	13	0	1	1	0.5781	0.4017
64	65	1	101.3661	13	6	0	1	1	0.5846	0.2277
64	66	1	102.9161	12	13	0	1	1	0.5909	0.2295
64	67	1	104.4661	10	4	90	0	1	0.5821	0.2478
64	68	1	106.0161	12	13	0	0	1	0.5735	0.4890
64	69	1	107.5661	13	6	0	0	1	0.5652	0.5078
64	70	1	109.1161	12	13	90	0	1	0.5571	0.5099
64	71	1	110.6660	9	14	0	1	1	0.5634	0.3996
64	72	1	112.2160	11	2	0	1	1	0.5694	0.4172
64	73	1	113.7660	9	14	0	1	1	0.5753	0.5158
64	74	1	115.3160	12	13	90	0	1	0.5676	0.3575
64	75	1	116.8660	10	4	0	1	1	0.5733	0.2635
64	76	1	118.4160	9	14	0	1	1	0.5789	0.5217
64	77	1	119.9660	11	2	0	1	1	0.5844	0.4915
64	78	1	121.5160	13	6	0	1	1	0.5897	0.3819
64	79	1	123.0660	12	13	90	0	1	0.5823	0.2878
64	80	1	124.6160	9	14	0	1	1	0.5875	0.3211
64	81	1	126.1660	12	13	0	1	1	0.5926	0.3399
64	82	1	127.7160	9	14	90	0	1	0.5854	0.5816
64	83	1	129.2659	11	2	0	1	1	0.5904	0.3758
64	84	1	130.8159	12	13	0	0	1	0.5833	0.3452
64	85	1	132.3660	9	14	0	1	1	0.5882	0.4432
64	86	1	133.9159	12	13	0	1	1	0.5930	0.3659
64	87	1	135.4659	13	6	0	1	1	0.5977	0.3833
64	88	1	137.0159	10	4	0	1	1	0.6023	0.6099
64	89	1	138.5659	13	6	90	0	1	0.5955	0.3077
64	90	1	140.1159	11	2	0	0	1	0.5889	0.4372
64	91	1	141.6659	12	13	0	1	1	0.5934	0.2793
64	92	1	143.2159	10	4	0	1	1	0.5978	0.3460
64	93	1	144.7659	13	6	0	1	1	0.6022	0.2363
64	94	1	146.3159	10	4	0	1	1	0.6064	0.2216
64	95	1	147.8658	9	14	0	1	1	0.6105	0.2241
64	96	1	149.4158	10	4	0	1	1	0.6146	0.2257
64	97	1	150.9658	12	13	0	1	1	0.6186	0.2273
64	98	1	152.5158	10	4	0	1	1	0.6224	0.1660
64	99	1	154.0658	11	2	0	1	1	0.6263	0.2632
64	100	1	155.6158	12	13	0	1	1	0.6300	0.2174
64	101	1	157.1658	11	2	0	1	1	0.6337	0.1877
64	102	1	158.7158	10	4	0	1	1	0.6373	0.0167
64	103	1	160.2657	12	13	0	1	1	0.6408	0.2558
64	104	1	161.8157	9	14	0	1	1	0.6442	0.1933
64	105	1	163.3658	12	13	0	1	1	0.6476	0.1158
64	106	1	165.0324	10	4	0	1	1	0.6509	1.2971
64	107	1	166.5824	11	2	0	1	1	0.6542	0.9474
64	108	1	168.1324	9	14	90	0	1	0.6481	0.6453
64	109	1	169.6824	12	13	90	1	1	0.6514	0.5676
64	110	1	171.2324	11	2	90	1	1	0.6545	0.6967
64	111	1	172.7824	10	4	0	0	1	0.6486	0.3308
64	112	1	174.3324	12	13	0	1	1	0.6518	0.0615
64	113	1	175.8824	10	4	0	1	1	0.6549	0.2388
64	114	1	177.4324	11	2	0	1	1	0.6579	0.1777
64	115	1	178.9824	13	6	90	0	1	0.6522	0.2434
64	116	1	180.5323	12	13	0	0	1	0.6466	0.0167
64	117	1	182.0823	13	6	90	1	1	0.6496	0.2315
64	118	1	183.6323	11	2	0	0	1	0.6441	0.2336
64	119	1	185.1823	10	4	0	1	1	0.6471	0.1076
64	120	1	186.7323	11	2	0	1	1	0.6500	0.0168
64	121	1	188.2823	10	4	0	1	1	0.6529	0.8462
64	122	1	189.8323	11	2	0	1	1	0.6557	0.4174
64	123	1	191.3823	12	13	0	1	1	0.6585	0.2432
64	124	1	192.9323	11	2	0	1	1	0.6613	0.2292
64	125	1	194.4823	13	6	0	1	1	0.6640	0.1036
64	126	1	196.0323	10	4	0	1	1	0.6667	0.2013
64	127	1	197.5822	9	14	0	1	1	0.6693	0.1236
64	128	1	199.1322	8	7	0	1	1	0.6719	0.0167
64	129	1	200.6822	5	12	0	1	1	0.6744	0.2388
64	130	1	202.2322	8	7	0	1	1	0.6769	0.1769
64	131	1	203.7822	9	14	90	0	1	0.6718	0.2276
64	132	1	205.3322	12	13	90	0	1	0.6667	0.2936
64	133	1	206.8822	11	2	0	0	1	0.6617	0.2474
64	134	1	208.4322	10	4	0	1	1	0.6642	0.1858
64	135	1	209.9822	9	14	0	1	1	0.6667	0.5555
64	136	1	211.5322	11	2	90	1	1	0.6691	1.1009
64	137	1	213.3655	12	13	0	1	1	0.6715	0.6280
64	138	1	214.9155	13	6	90	0	1	0.6667	0.6781
64	139	1	216.4655	14	3	90	1	1	0.6691	0.4076
64	140	1	218.0155	2	11	0	0	1	0.6643	0.6656
64	141	1	219.5655	1	15	0	1	1	0.6667	0.4121
64	142	1	221.1154	3	1	0	1	1	0.6690	0.2701
64	143	1	222.6654	1	15	0	1	1	0.6713	0.0645
64	144	1	224.2154	2	11	0	1	1	0.6736	0.3064
64	145	1	225.7654	15	8	90	0	1	0.6690	0.5645
64	146	1	227.3154	14	3	90	1	1	0.6712	0.3751
64	147	1	228.8654	15	8	0	0	1	0.6667	0.4396
64	148	1	230.4154	2	11	90	0	1	0.6622	0.7141
64	149	1	231.9654	1	15	0	1	1	0.6644	0.8604
64	150	1	233.5154	2	11	0	1	1	0.6667	0.8302
64	151	1	235.0654	15	8	90	1	1	0.6689	0.9437
64	152	1	236.6154	14	3	90	1	1	0.6711	0.8505
64	153	1	238.1654	15	8	90	1	1	0.6732	0.9004
64	154	1	239.7153	14	3	0	0	1	0.6688	0.6621
64	155	1	241.2654	1	15	0	0	1	0.6645	0.9045
64	156	1	242.8154	3	1	0	1	1	0.6667	0.6344
64	157	1	244.3653	15	8	0	0	1	0.6624	0.8122
64	158	1	245.9153	3	1	0	1	1	0.6646	0.7023
64	159	1	247.4653	15	8	0	1	1	0.6667	0.6406
64	160	1	249.0153	14	3	0	0	1	0.6625	0.9466
64	161	1	250.5653	13	6	0	0	1	0.6584	0.9646
64	162	1	252.1153	12	13	0	1	1	0.6605	0.8226
64	163	1	253.6653	10	4	0	1	1	0.6626	0.8406
64	164	1	255.2153	13	6	0	0	1	0.6585	0.8744
64	165	1	256.7653	11	2	90	0	1	0.6545	0.5244
64	166	1	258.3152	12	13	0	1	1	0.6566	0.6859
64	167	1	259.8652	10	4	0	1	1	0.6587	0.7202
64	168	1	261.4152	13	6	0	0	1	0.6548	0.9463
64	169	1	262.9652	10	4	0	1	1	0.6568	0.4999
64	170	1	264.5152	11	2	0	1	1	0.6588	0.7905
64	171	1	266.0652	9	14	90	0	1	0.6550	0.6646
64	172	1	267.6152	8	7	0	0	1	0.6512	0.9546
64	173	1	269.1652	6	5	0	0	1	0.6474	1.1648
64	174	1	270.7152	8	7	0	1	1	0.6494	0.5423
64	175	1	272.2652	7	9	0	1	1	0.6514	1.1039
64	176	1	273.8152	4	10	90	0	1	0.6477	1.0426
64	177	1	275.3652	6	5	90	0	1	0.6441	1.0279
64	178	1	276.9152	5	12	0	0	1	0.6404	0.9184
64	179	1	278.4651	6	5	90	0	1	0.6369	0.5849
64	180	1	280.0151	4	10	0	0	1	0.6333	0.3788
64	181	1	281.5651	3	1	0	0	1	0.6298	0.4286
64	182	1	283.1151	15	8	0	1	1	0.6319	0.3666
64	183	1	284.6651	2	11	0	1	1	0.6339	0.7040
64	184	1	286.2151	15	8	0	1	1	0.6359	0.6099
64	185	1	287.7652	3	1	0	1	1	0.6378	0.7246
64	186	1	289.3151	15	8	0	1	1	0.6398	0.7584
64	187	1	290.8651	1	15	0	1	1	0.6417	0.7440
64	188	1	292.4151	14	3	0	1	1	0.6436	0.6660
64	189	1	293.9651	13	6	0	1	1	0.6455	0.5728
64	190	1	295.5150	10	4	0	1	1	0.6474	0.3827
64	191	1	297.0651	9	14	0	1	1	0.6492	0.3846
64	192	1	298.6150	10	4	0	1	1	0.6510	0.3387
64	193	1	300.1650	13	6	0	1	1	0.6528	0.2447
64	194	1	301.7150	12	13	0	1	1	0.6546	0.3590
64	195	1	303.2650	9	14	0	1	1	0.6564	0.3764
64	196	1	304.8150	12	13	0	1	1	0.6582	0.3464
64	197	1	306.3650	9	14	90	0	1	0.6548	0.3167
64	198	1	307.9150	10	4	0	0	1	0.6515	0.2860
64	199	1	309.4649	9	14	0	1	1	0.6533	0.2569
64	200	1	311.0150	12	13	0	1	1	0.6550	0.2581
64	201	1	312.5649	13	6	0	1	1	0.6567	0.2610
64	202	1	314.1150	10	4	0	1	1	0.6584	0.2622
64	203	1	315.6649	11	2	0	1	1	0.6601	0.2490
64	204	1	317.2149	12	13	0	1	1	0.6618	0.2349
64	205	1	318.7649	9	14	0	1	1	0.6634	0.2529
64	206	1	320.3149	8	7	0	1	1	0.6650	0.2547
64	207	1	321.8649	9	14	0	1	1	0.6667	0.2725
64	208	1	323.4149	12	13	90	0	1	0.6635	0.2585
64	209	1	324.9649	10	4	0	0	1	0.6603	0.2284
64	210	1	326.5149	11	2	0	1	1	0.6619	0.0870
64	211	1	328.0649	10	4	0	1	1	0.6635	0.3762
64	212	1	329.6149	12	13	0	1	1	0.6651	0.2986
64	213	1	331.1648	13	6	0	0	1	0.6620	0.7322
64	214	1	332.7148	12	13	0	1	1	0.6636	0.5102
64	215	1	334.2648	11	2	0	1	1	0.6651	0.6243
64	216	1	335.8148	9	14	0	1	1	0.6667	0.4982
64	217	1	337.3648	10	4	0	1	1	0.6682	1.0928
64	218	1	338.9148	9	14	0	1	1	0.6697	0.6950
64	219	1	340.4648	11	2	0	1	1	0.6712	0.8249
64	220	1	342.0148	12	13	0	1	1	0.6727	0.5702
64	221	1	343.5648	11	2	90	0	1	0.6697	0.3646
64	222	1	345.1148	12	13	0	1	1	0.6712	0.5106
64	223	1	346.6648	10	4	0	1	1	0.6726	0.6563
64	224	1	348.2147	9	14	90	0	1	0.6696	0.5468
64	225	1	349.7647	10	4	0	0	1	0.6667	0.3723
64	226	1	351.3148	12	13	0	1	1	0.6681	0.3590
64	227	1	352.8647	9	14	90	0	1	0.6652	0.4723
64	228	1	354.4147	12	13	90	0	1	0.6623	0.2984
64	229	1	355.9647	13	6	0	1	1	0.6638	0.5089
64	230	1	357.5147	12	13	90	0	1	0.6609	0.3032
64	231	1	359.0648	10	4	0	0	1	0.6580	0.2572
64	232	1	360.6147	13	6	0	1	1	0.6595	0.2747
64	233	1	362.1647	14	3	90	0	1	0.6567	0.5331
64	234	1	363.7147	13	6	0	0	1	0.6538	0.3750
64	235	1	365.2647	14	3	0	1	1	0.6553	0.5524
64	236	1	366.8146	2	11	90	0	1	0.6525	0.3469
64	237	1	368.3647	15	8	0	0	1	0.6498	0.4773
64	238	1	369.9146	3	1	0	1	1	0.6513	0.5912
64	239	1	371.4646	2	11	0	1	1	0.6527	0.5924
64	240	1	373.0146	15	8	0	1	1	0.6542	0.4024
64	241	1	374.5646	3	1	90	0	1	0.6515	0.3405
64	242	1	376.1146	15	8	0	0	1	0.6488	0.3429
64	243	1	377.6646	14	3	0	1	1	0.6502	0.6651
64	244	1	379.2146	1	15	0	1	1	0.6516	0.7630
64	245	1	380.7646	3	1	90	0	1	0.6490	0.9085
64	246	1	382.3146	15	8	0	1	1	0.6504	0.9748
64	247	1	383.8646	14	3	90	1	1	0.6518	1.0245
64	248	1	385.4146	15	8	0	1	1	0.6532	0.4985
64	249	1	386.9646	2	11	90	1	1	0.6546	0.6610
64	250	1	388.5145	15	8	90	0	1	0.6520	0.3744
64	251	1	390.0645	14	3	0	0	1	0.6494	0.6972
64	252	1	391.6146	1	15	0	-1	0	0.6468	-1.0000
64	253	1	393.3478	3	1	0	-1	0	0.6443	-1.0000
64	254	1	395.0978	4	10	0	0	1	0.6417	0.0639
64	255	1	396.6478	3	1	0	0	1	0.6392	0.9300
64	256	1	398.1978	2	11	0	0	1	0.6367	0.7878
64	257	1	399.7478	14	3	0	0	1	0.6342	0.7735
64	258	1	401.2978	15	8	90	0	1	0.6318	0.5359
64	259	1	402.8478	2	11	0	0	1	0.6293	0.6341
64	260	1	404.3978	1	15	0	0	1	0.6269	0.9081
64	261	1	405.9478	15	8	0	1	1	0.6284	0.6697
64	262	1	407.4978	14	3	0	1	1	0.6298	1.0401
64	263	1	409.3146	2	11	90	0	1	0.6274	0.8072
64	264	1	410.8645	1	15	0	1	1	0.6288	0.8572
64	265	1	412.4145	3	1	0	1	1	0.6302	0.8905
64	266	1	413.9644	15	8	0	1	1	0.6316	0.5253
64	267	1	415.5144	14	3	0	1	1	0.6330	0.6553
64	268	1	417.0645	1	15	0	1	1	0.6343	0.3532
64	269	1	418.6143	3	1	0	1	1	0.6357	0.5947
64	270	1	420.1644	15	8	0	1	1	0.6370	0.5335
64	271	1	421.7144	14	3	0	1	1	0.6384	0.6147
64	272	1	423.2643	2	11	0	1	1	0.6397	0.7612
64	273	1	424.8143	1	15	0	1	1	0.6410	0.6507
64	274	1	426.3643	15	8	0	1	1	0.6423	0.5410
64	275	1	427.9143	14	3	90	0	1	0.6400	0.4475
64	276	1	429.4643	1	15	0	1	1	0.6413	0.6891
64	277	1	431.0143	15	8	0	1	1	0.6426	0.7556
64	278	1	432.5643	2	11	0	0	1	0.6403	0.7733
64	279	1	434.1143	1	15	0	1	1	0.6416	0.3914
64	280	1	435.6643	2	11	0	1	1	0.6429	0.6811
64	281	1	437.2142	1	15	0	1	1	0.6441	0.5547
64	282	1	438.7643	2	11	90	0	1	0.6418	0.4456
64	283	1	440.3142	14	3	0	1	1	0.6431	0.8153
64	284	1	441.8642	2	11	0	1	1	0.6444	0.7375
64	285	1	443.4142	15	8	90	1	1	0.6456	0.8827
64	286	1	444.9642	14	3	0	1	1	0.6469	0.7253
64	287	1	446.5142	1	15	0	1	1	0.6481	1.0954
64	288	1	448.0642	15	8	0	1	1	0.6493	0.6813
64	289	1	449.6142	14	3	0	1	1	0.6505	0.6196
64	290	1	451.1642	1	15	0	1	1	0.6517	0.7493
64	291	1	452.7142	15	8	0	1	1	0.6529	0.5275
64	292	1	454.2642	2	11	0	1	1	0.6541	0.7055
64	293	1	455.8142	14	3	90	0	1	0.6519	0.6909
64	294	1	457.3642	1	15	90	1	1	0.6531	0.9329
64	295	1	458.9141	2	11	90	0	1	0.6508	0.8235
64	296	1	460.4641	1	15	0	1	1	0.6520	1.3377
64	297	1	462.0141	14	3	90	0	1	0.6498	0.8913
64	298	1	463.5642	2	11	0	1	1	0.6510	0.9255
64	299	1	465.1141	14	3	0	1	1	0.6522	0.9429
64	300	1	466.6641	2	11	0	1	1	0.6533	0.6254
64	301	1	468.2141	3	1	0	1	1	0.6545	0.7075
64	302	1	469.7641	4	10	0	1	1	0.6556	0.6774
64	303	1	471.3141	7	9	0	1	1	0.6568	1.0153
64	304	1	472.8641	4	10	0	1	1	0.6579	0.8902
64	305	1	474.4141	7	9	0	1	1	0.6590	0.7637
64	306	1	475.9641	6	5	0	1	1	0.6601	0.7333
64	307	1	477.5140	8	7	90	0	1	0.6580	0.5754
64	308	1	479.0641	5	12	0	0	1	0.6558	1.3457
64	309	1	480.6307	7	9	0	1	1	0.6570	1.0592
64	310	1	482.1807	6	5	0	1	1	0.6581	0.6770
64	311	1	483.7307	7	9	90	0	1	0.6559	0.6948
64	312	1	485.2807	5	12	0	1	1	0.6571	0.4889
64	313	1	486.8306	8	7	0	1	1	0.6581	0.6023
64	314	1	488.3806	5	12	90	0	1	0.6561	0.5412
64	315	1	489.9306	8	7	0	1	1	0.6571	0.4948
64	316	1	491.4806	6	5	0	1	1	0.6582	0.5449
64	317	1	493.0306	4	10	0	1	1	0.6593	0.6108
64	318	1	494.5806	5	12	0	1	1	0.6604	0.6770
64	319	1	496.1306	8	7	0	1	1	0.6614	0.6150
64	320	1	497.6806	7	9	0	1	1	0.6625	0.6169
64	321	1	499.2306	8	7	0	1	1	0.6636	0.3629
64	322	1	500.7806	9	14	0	1	1	0.6646	0.2848
64	323	1	502.3306	8	7	0	1	1	0.6656	0.3190
64	324	1	503.8805	7	9	0	1	1	0.6667	0.5618
64	325	1	505.4305	5	12	0	1	1	0.6677	0.5308
64	326	1	506.9805	8	7	0	1	1	0.6687	0.5650
64	327	1	508.5305	5	12	0	1	1	0.6697	0.3592
64	328	1	510.0805	6	5	90	0	1	0.6677	0.3445
64	329	1	511.6305	4	10	0	1	1	0.6687	0.9389
64	330	1	513.1805	6	5	0	1	1	0.6697	0.8452
64	331	1	514.7305	7	9	90	0	1	0.6677	0.7031
64	332	1	516.2805	5	12	0	1	1	0.6687	0.5289
64	333	1	517.8305	7	9	0	1	1	0.6697	0.7233
64	334	1	519.3805	6	5	0	1	1	0.6707	0.7246
64	335	1	520.9304	4	10	0	1	1	0.6716	0.5354
64	336	1	522.4804	7	9	0	1	1	0.6726	0.5054
64	337	1	524.0304	8	7	90	0	1	0.6706	1.0981
64	338	1	525.5804	9	14	90	0	1	0.6686	0.4770
64	339	1	527.1304	12	13	0	0	1	0.6667	0.6553
64	340	1	528.6805	10	4	0	1	1	0.6676	0.2409
64	341	1	530.2304	9	14	0	1	1	0.6686	0.8187
64	342	1	531.7804	10	4	0	1	1	0.6696	1.3971
64	343	1	533.3637	11	2	90	0	1	0.6676	0.6776
64	344	1	534.9137	9	14	90	0	1	0.6657	0.9352
64	345	1	536.4637	8	7	0	1	1	0.6667	0.9853
64	346	1	538.0137	6	5	0	1	1	0.6676	0.9399
64	347	1	539.5637	5	12	0	1	1	0.6686	0.7021
64	348	1	541.1136	4	10	0	1	1	0.6695	0.9434
64	349	1	542.6637	7	9	0	1	1	0.6705	0.8494
64	350	1	544.2137	5	12	0	-1	0	0.6686	-1.0000
64	351	1	545.9470	4	10	90	0	1	0.6667	0.1747
64	352	1	547.4970	5	12	90	0	1	0.6648	0.9606
64	353	1	549.0470	8	7	0	1	1	0.6657	1.0584
64	354	1	550.5969	5	12	0	1	1	0.6667	1.3165
64	355	1	552.1470	8	7	90	1	1	0.6676	0.9828
64	356	1	553.6969	7	9	0	1	1	0.6685	0.6804
64	357	1	555.2469	8	7	0	1	1	0.6695	0.7788
64	358	1	556.7969	9	14	0	1	1	0.6704	0.5404
64	359	1	558.3469	8	7	0	1	1	0.6713	0.6066
64	360	1	559.8969	5	12	0	0	1	0.6694	0.7848
64	361	1	561.4469	4	10	0	1	1	0.6704	0.5147
64	362	1	562.9969	6	5	0	1	1	0.6713	0.6289
64	363	1	564.5469	7	9	0	1	1	0.6722	0.5666
64	364	1	566.0969	5	12	0	1	1	0.6731	0.5688
64	365	1	567.6469	4	10	90	0	1	0.6712	0.6181
64	366	1	569.1968	5	12	0	1	1	0.6721	0.5406
64	367	1	570.7468	7	9	0	1	1	0.6730	0.5108
64	368	1	572.2968	5	12	90	0	1	0.6712	0.5766
64	369	1	573.8468	8	7	0	1	1	0.6721	0.3705
64	370	1	575.3968	5	12	90	0	1	0.6703	0.3567
64	371	1	576.9468	6	5	0	1	1	0.6712	0.5348
64	372	1	578.4968	7	9	0	1	1	0.6720	0.5842
64	373	1	580.0468	8	7	0	1	1	0.6729	0.6670
64	374	1	581.5968	5	12	90	0	1	0.6711	0.5409
64	375	1	583.1468	6	5	0	1	1	0.6720	0.5746
64	376	1	584.6968	7	9	0	1	1	0.6729	0.6082
64	377	1	586.2468	5	12	90	1	1	0.6737	1.0268
64	378	1	587.7967	4	10	0	1	1	0.6746	0.7887
64	379	1	589.3467	3	1	0	1	1	0.6755	0.6466
64	380	1	590.8967	15	8	0	1	1	0.6763	0.8883
64	381	1	592.4467	1	15	90	0	1	0.6745	0.7791
64	382	1	593.9967	2	11	0	1	1	0.6754	0.6207
64	383	1	595.5467	3	1	0	1	1	0.6762	0.6230
64	384	1	597.0967	15	8	0	1	1	0.6771	0.7371
64	385	1	598.6467	14	3	90	0	1	0.6753	1.0103
64	386	1	600.1967	15	8	0	1	1	0.6762	0.6611
64	387	1	601.7467	14	3	90	0	1	0.6744	0.8232
64	388	1	603.2967	13	6	90	0	1	0.6727	0.7123
64	389	1	604.8466	11	2	0	0	1	0.6710	0.8108
64	390	1	606.3966	12	13	0	1	1	0.6718	0.5729
64	391	1	607.9466	9	14	0	1	1	0.6726	0.7191
64	392	1	609.4966	8	7	90	1	1	0.6735	1.1683
64	393	1	611.0466	6	5	0	1	1	0.6743	0.7224
64	394	1	612.5966	8	7	0	0	1	0.6726	1.0772
64	395	1	614.1466	5	12	0	1	1	0.6734	0.5023
64	396	1	615.6966	4	10	0	1	1	0.6742	0.5691
64	397	1	617.2466	3	1	0	1	1	0.6751	0.7150
64	398	1	618.7966	2	11	0	1	1	0.6759	1.0045
64	399	1	620.3466	15	8	90	1	1	0.6767	0.9272
64	400	1	621.8965	1	15	0	1	1	0.6775	0.8332
64	401	1	623.4465	14	3	0	1	1	0.6783	0.9945
64	402	1	624.9965	15	8	0	1	1	0.6791	0.6774
64	403	1	626.5465	3	1	0	1	1	0.6799	0.5512
64	404	1	628.0965	15	8	90	1	1	0.6807	0.7132
64	405	1	629.6466	1	15	0	1	1	0.6815	0.7471
64	406	1	631.1965	14	3	0	1	1	0.6823	0.8605
64	407	1	632.7465	2	11	0	1	1	0.6830	0.6708
64	408	1	634.2965	1	15	0	1	1	0.6838	0.6732
64	409	1	635.8465	15	8	90	0	1	0.6822	0.7069
64	410	1	637.3965	14	3	90	1	1	0.6829	0.6609
64	411	1	638.9465	13	6	90	0	1	0.6813	0.6625
64	412	1	640.4964	11	2	0	1	1	0.6820	0.8890
64	413	1	642.0464	13	6	0	1	1	0.6828	0.6832
64	414	1	643.5964	10	4	0	1	1	0.6836	0.4932
64	415	1	645.1464	12	13	0	1	1	0.6843	0.4794
64	416	1	646.6964	11	2	0	1	1	0.6851	0.3845
64	417	1	648.2464	12	13	0	1	1	0.6859	0.3225
64	418	1	649.7964	9	14	0	1	1	0.6866	0.2932
64	419	1	651.3464	8	7	0	1	1	0.6874	0.2625
64	420	1	652.8964	6	5	0	1	1	0.6881	0.4091
64	421	1	654.4464	7	9	0	1	1	0.6888	0.3153
64	422	1	655.9963	6	5	90	0	1	0.6872	0.3651
64	423	1	657.5464	7	9	0	1	1	0.6879	0.8626
64	424	1	659.0963	5	12	0	1	1	0.6887	0.8973
64	425	1	660.6463	4	10	0	1	1	0.6894	0.6275
64	426	1	662.1963	6	5	90	0	1	0.6878	0.5331
64	427	1	663.7463	4	10	0	1	1	0.6885	0.5827
64	428	1	665.2963	5	12	0	1	1	0.6893	0.7450
64	429	1	666.8463	6	5	0	1	1	0.6900	0.6354
64	430	1	668.3963	5	12	0	1	1	0.6907	0.5734
64	431	1	669.9463	7	9	0	1	1	0.6914	0.6386
64	432	1	671.4963	6	5	0	1	1	0.6921	0.6251
64	433	1	673.0463	5	12	0	1	1	0.6928	0.6272
64	434	1	674.5962	7	9	0	1	1	0.6935	0.5975
64	435	1	676.1462	4	10	0	1	1	0.6943	0.5187
64	436	1	677.6962	6	5	0	1	1	0.6950	0.5535
64	437	1	679.2462	4	10	0	1	1	0.6957	0.5387
64	438	1	680.7962	3	1	0	1	1	0.6963	0.8287
64	439	1	682.3462	15	8	0	1	1	0.6970	1.0072
64	440	1	683.8962	14	3	0	1	1	0.6977	0.8814
64	441	1	685.4462	15	8	0	1	1	0.6984	0.7388
64	442	1	686.9962	3	1	0	1	1	0.6991	0.6454
64	443	1	688.5462	1	15	0	1	1	0.6998	0.8556
64	444	1	690.0962	2	11	0	1	1	0.7005	0.8255
64	445	1	691.6461	15	8	0	1	1	0.7011	0.6835
64	446	1	693.1961	1	15	0	1	1	0.7018	0.6852
64	447	1	694.7461	2	11	0	1	1	0.7025	0.6390
64	448	1	696.2961	1	15	0	1	1	0.7031	0.5928
64	449	1	697.8461	2	11	90	0	1	0.7016	0.6272
64	450	1	699.3961	3	1	90	0	1	0.7000	0.8533
64	451	1	700.9461	2	11	0	-1	0	0.6984	-1.0000
64	452	1	702.6628	15	8	0	1	1	0.6991	0.8662
64	453	1	704.2127	3	1	90	0	1	0.6976	0.6769
64	454	1	705.7627	4	10	0	1	1	0.6982	0.7427
64	455	1	707.3127	5	12	90	0	1	0.6967	0.7446
64	456	1	708.8627	8	7	0	0	1	0.6952	1.1790
64	457	1	710.4127	6	5	0	1	1	0.6958	0.6536
64	458	1	711.9627	4	10	0	1	1	0.6965	0.7669
64	459	1	713.5127	7	9	0	1	1	0.6972	0.6569
64	460	1	715.0627	6	5	0	1	1	0.6978	0.7702
64	461	1	716.6127	7	9	0	1	1	0.6985	0.6284
64	462	1	718.1627	5	12	90	0	1	0.6970	0.7427
64	463	1	719.7127	4	10	0	1	1	0.6976	0.5208
64	464	1	721.2627	3	1	0	1	1	0.6983	0.6508
64	465	1	722.8126	2	11	0	1	1	0.6989	0.6688
64	466	1	724.3626	14	3	90	0	1	0.6974	1.3591
64	467	1	725.9460	2	11	0	1	1	0.6981	0.7194
64	468	1	727.4959	3	1	0	1	1	0.6987	0.7695
64	469	1	729.0459	4	10	90	0	1	0.6972	0.6915
64	470	1	730.5959	6	5	90	0	1	0.6957	1.3976
64	471	1	732.2293	5	12	0	1	1	0.6964	0.7716
64	472	1	733.7792	8	7	0	1	1	0.6970	0.5661
64	473	1	735.3292	5	12	90	0	1	0.6956	0.6317
64	474	1	736.8792	4	10	0	1	1	0.6962	0.5544
64	475	1	738.4292	6	5	0	1	1	0.6968	0.6522
64	476	1	739.9792	7	9	0	1	1	0.6975	0.6217
64	477	1	741.5292	5	12	0	1	1	0.6981	0.5764
64	478	1	743.0792	6	5	0	1	1	0.6987	0.8344
64	479	1	744.6292	4	10	0	1	1	0.6994	0.7081
64	480	1	746.1792	5	12	0	1	1	0.7000	0.7105
64	481	1	747.7292	4	10	0	1	1	0.7006	0.8886
64	482	1	749.2791	5	12	0	1	1	0.7012	0.6183
64	483	1	751.0958	8	7	0	-1	0	0.6998	-1.0000
64	484	1	752.8125	9	14	0	1	1	0.7004	1.1008
64	485	1	754.3625	10	4	0	1	1	0.7010	0.6225
64	486	1	755.9125	13	6	90	0	1	0.6996	0.4331
64	487	1	757.4624	11	2	0	1	1	0.7002	0.7709
64	488	1	759.0124	10	4	0	1	1	0.7008	0.3893
64	489	1	760.5624	12	13	0	1	1	0.7014	0.5189
64	490	1	762.1124	13	6	90	0	1	0.7000	0.3930
64	491	1	763.6624	14	3	0	1	1	0.7006	0.5713
64	492	1	765.2124	1	15	0	1	1	0.7012	0.2690
64	493	1	766.7624	2	11	0	1	1	0.7018	0.3032
64	494	1	768.3124	14	3	0	1	1	0.7024	0.3055
64	495	1	769.8624	2	11	0	1	1	0.7030	0.4033
64	496	1	771.4123	1	15	0	1	1	0.7036	0.3094
64	497	1	772.9623	2	11	90	0	1	0.7022	0.3272
64	498	1	774.5123	3	1	0	1	1	0.7028	0.5213
64	499	1	776.0623	2	11	0	1	1	0.7034	0.3626
64	500	1	777.6123	3	1	0	1	1	0.7040	0.3170
64	501	1	779.1623	4	10	0	1	1	0.7046	0.5430
64	502	1	780.7123	6	5	0	1	1	0.7052	0.6253
64	503	1	782.2623	7	9	0	1	1	0.7058	0.4674
64	504	1	783.8123	5	12	0	1	1	0.7063	0.2616
64	505	1	785.3623	4	10	0	1	1	0.7069	0.3106
64	506	1	786.9123	6	5	0	1	1	0.7075	0.3454
64	507	1	788.4623	5	12	0	1	1	0.7081	0.2834
64	508	1	790.0122	4	10	90	0	1	0.7067	0.4933
64	509	1	791.5623	5	12	0	1	1	0.7073	0.6070
64	510	1	793.1122	7	9	0	1	1	0.7078	0.4167
64	511	1	794.6622	6	5	0	1	1	0.7084	0.4351
64	512	1	796.2122	8	7	0	1	1	0.7090	0.3892
64	513	1	797.7622	6	5	0	1	1	0.7096	0.3275
64	514	1	799.3122	5	12	0	1	1	0.7101	0.2974
64	515	1	800.8622	8	7	0	1	1	0.7107	0.3147
64	516	1	802.4122	9	14	0	1	1	0.7112	0.3012
64	517	1	803.9622	12	13	90	0	1	0.7099	0.3674
64	518	1	805.5122	9	14	0	1	1	0.7104	0.3374
64	519	1	807.0622	12	13	0	1	1	0.7110	0.5148
64	520	1	808.6122	13	6	0	1	1	0.7115	0.4854
64	521	1	810.1621	11	2	90	0	1	0.7102	0.4394
64	522	1	811.7121	13	6	0	1	1	0.7107	0.5367
64	523	1	813.2621	14	3	0	1	1	0.7113	0.6513
64	524	1	814.8121	1	15	0	1	1	0.7118	0.4935
64	525	1	816.3621	14	3	0	1	1	0.7124	0.3828
64	526	1	817.9121	1	15	0	1	1	0.7129	0.4019
64	527	1	819.4621	14	3	0	1	1	0.7135	0.3553
64	528	1	821.0121	13	6	0	1	1	0.7140	0.3254
64	529	1	822.5621	10	4	0	1	1	0.7146	0.4235
64	530	1	824.1121	11	2	0	1	1	0.7151	0.3775
64	531	1	825.6621	13	6	0	1	1	0.7156	0.3468
64	532	1	827.2120	12	13	0	1	1	0.7162	0.3014
64	533	1	828.7620	10	4	0	1	1	0.7167	0.2713
64	534	1	830.3120	11	2	0	1	1	0.7172	0.3056
64	535	1	831.8620	13	6	0	1	1	0.7178	0.3554
64	536	1	833.4120	11	2	0	1	1	0.7183	0.3738
64	537	1	834.9620	10	4	90	0	1	0.7169	0.3276
64	538	1	836.5120	9	14	0	1	1	0.7175	0.7295
64	539	1	838.0620	10	4	0	1	1	0.7180	0.9715
64	540	1	839.6120	9	14	0	1	1	0.7185	0.7493
64	541	1	841.1619	12	13	0	1	1	0.7190	0.8957
64	542	1	842.7119	10	4	90	0	1	0.7177	0.7537
64	543	1	844.2619	9	14	0	1	1	0.7182	0.5951
64	544	1	845.8119	8	7	0	1	1	0.7188	0.5329
64	545	1	847.3619	6	5	90	0	1	0.7174	0.6959
64	546	1	848.9119	7	9	90	0	1	0.7161	0.6173
64	547	1	850.4619	6	5	0	1	1	0.7166	0.7154
64	548	1	852.0119	7	9	0	1	1	0.7172	0.7178
64	549	1	853.5619	5	12	0	1	1	0.7177	0.6557
64	550	1	855.1119	8	7	0	1	1	0.7182	1.1215
64	551	1	856.6619	9	14	0	1	1	0.7187	0.6597
64	552	1	858.2119	8	7	0	1	1	0.7192	0.6137
64	553	1	859.7618	5	12	90	0	1	0.7179	0.6475
64	554	1	861.3118	7	9	0	1	1	0.7184	0.6177
64	555	1	862.8618	6	5	0	1	1	0.7189	0.5078
64	556	1	864.4118	8	7	0	1	1	0.7194	0.3179
64	557	1	865.9618	9	14	0	1	1	0.7199	0.2875
64	558	1	867.5118	10	4	0	1	1	0.7204	0.2258
64	559	1	869.0618	13	6	90	0	1	0.7191	0.3391
64	560	1	870.6118	10	4	0	1	1	0.7196	0.2296
64	561	1	872.1618	12	13	0	1	1	0.7201	0.1839
64	562	1	873.7118	9	14	0	1	1	0.7206	0.2338
64	563	1	875.2618	8	7	90	0	1	0.7194	0.3158
64	564	1	876.8117	6	5	90	0	1	0.7181	0.4611
64	565	1	878.3618	4	10	90	0	1	0.7168	1.2637
64	566	1	879.9117	3	1	90	1	1	0.7173	1.0098
64	567	1	881.4617	15	8	90	1	1	0.7178	0.8671
64	568	1	883.0117	2	11	0	1	1	0.7183	0.7893
64	569	1	884.5617	14	3	0	1	1	0.7188	1.0480
64	570	1	886.1117	2	11	90	0	1	0.7175	0.7938
64	571	1	887.6617	3	1	0	1	1	0.7180	0.6516
64	572	1	889.2117	1	15	0	1	1	0.7185	0.8460
64	573	1	890.7617	15	8	0	0	1	0.7173	1.0239
64	574	1	892.3117	1	15	0	1	1	0.7178	0.4180
64	575	1	893.8616	2	11	0	1	1	0.7183	0.3397
64	576	1	895.4116	14	3	90	0	1	0.7170	0.3425
64	577	1	896.9616	15	8	0	1	1	0.7175	0.7439
64	578	1	898.5116	3	1	0	1	1	0.7180	0.6012
64	579	1	900.0616	2	11	0	1	1	0.7185	0.3000
64	580	1	901.6116	15	8	0	1	1	0.7190	0.2380
64	581	1	903.1616	14	3	90	0	1	0.7177	0.3522
64	582	1	904.7116	1	15	0	0	1	0.7165	0.6416
64	583	1	906.2616	3	1	0	1	1	0.7170	0.2116
64	584	1	907.8116	15	8	90	1	1	0.7175	1.2382
64	585	1	909.3616	1	15	0	1	1	0.7179	0.7441
64	586	1	910.9115	3	1	0	1	1	0.7184	0.7142
64	587	1	912.4615	15	8	0	1	1	0.7189	0.9234
64	588	1	914.0115	2	11	0	1	1	0.7194	0.6378
64	589	1	915.5615	15	8	90	1	1	0.7199	0.7353
64	590	1	917.1115	14	3	0	1	1	0.7203	0.5933
64	591	1	918.6615	13	6	0	1	1	0.7208	0.3397
64	592	1	920.2115	11	2	0	1	1	0.7213	0.4061
64	593	1	921.7615	10	4	90	0	1	0.7201	0.4082
64	594	1	923.3115	12	13	0	0	1	0.7189	0.7301
64	595	1	924.8615	10	4	0	1	1	0.7193	0.2834
64	596	1	926.4115	13	6	90	0	1	0.7181	0.3819
64	597	1	927.9614	12	13	0	1	1	0.7186	0.7515
64	598	1	929.5114	9	14	90	0	1	0.7174	0.9780
64	599	1	931.0614	12	13	0	1	1	0.7179	0.6434
64	600	1	932.6114	9	14	0	0	1	0.7167	0.6294
64	601	1	1111.9937	10	4	90	-1	0	0.7155	-1.0000
64	602	1	1113.7438	13	6	0	1	1	0.7159	1.3856
64	603	1	1115.2937	10	4	90	0	1	0.7148	0.7958
64	604	1	1116.8437	12	13	0	1	1	0.7152	0.6698
64	605	1	1118.3937	9	14	90	1	1	0.7157	1.2157
64	606	1	1119.9436	12	13	0	1	1	0.7162	0.6100
64	607	1	1121.4936	10	4	0	1	1	0.7166	0.6112
64	608	1	1123.0436	12	13	90	0	1	0.7155	0.6300
64	609	1	1124.5936	11	2	0	1	1	0.7159	0.6632
64	610	1	1126.1436	10	4	0	1	1	0.7164	0.5534
64	611	1	1127.6937	13	6	0	1	1	0.7169	0.8754
64	612	1	1129.2436	12	13	0	1	1	0.7173	0.6700
64	613	1	1130.7936	13	6	90	0	1	0.7162	0.3997
64	614	1	1132.3436	11	2	0	1	1	0.7166	0.5938
64	615	1	1133.8936	9	14	0	1	1	0.7171	0.6273
64	616	1	1135.4436	10	4	0	1	1	0.7175	0.4212
64	617	1	1136.9936	13	6	90	0	1	0.7164	0.2636
64	618	1	1138.5435	14	3	90	0	1	0.7152	1.0337
64	619	1	1140.0936	15	8	90	1	1	0.7157	0.7480
64	620	1	1141.6435	2	11	0	1	1	0.7161	0.5417
64	621	1	1143.1935	15	8	0	1	1	0.7166	0.8473
64	622	1	1144.7435	1	15	0	1	1	0.7170	0.7058
64	623	1	1146.2935	14	3	0	1	1	0.7175	0.4359
64	624	1	1147.8436	13	6	0	1	1	0.7179	0.4379
64	625	1	1149.3935	12	13	0	1	1	0.7184	0.4082
64	626	1	1150.9435	10	4	0	1	1	0.7188	0.3461
64	627	1	1152.4934	13	6	0	1	1	0.7193	0.2841
64	628	1	1154.0434	10	4	90	0	1	0.7182	0.2540
64	629	1	1155.5934	9	14	0	1	1	0.7186	0.4479
64	630	1	1157.1434	12	13	0	1	1	0.7190	0.5142
64	631	1	1158.6934	9	14	0	1	1	0.7195	0.3880
64	632	1	1160.2434	10	4	0	1	1	0.7199	0.2302
64	633	1	1161.7934	9	14	0	1	1	0.7204	0.2634
64	634	1	1163.3434	12	13	0	1	1	0.7208	0.2662
64	635	1	1164.8934	11	2	0	1	1	0.7213	0.2681
64	636	1	1166.4434	12	13	0	1	1	0.7217	0.2539
64	637	1	1167.9934	13	6	0	1	1	0.7221	0.1594
64	638	1	1169.5433	12	13	90	0	1	0.7210	0.2258
64	639	1	1171.0933	11	2	0	1	1	0.7214	0.5321
64	640	1	1172.6434	10	4	0	1	1	0.7219	0.4060
64	641	1	1174.1933	12	13	0	1	1	0.7223	0.2639
64	642	1	1175.7433	10	4	0	1	1	0.7227	0.2502
64	643	1	1177.2933	9	14	0	1	1	0.7232	0.2835
64	644	1	1178.8433	8	7	90	0	1	0.7220	0.5581
64	645	1	1180.3933	5	12	0	1	1	0.7225	0.3196
64	646	1	1181.9433	6	5	0	1	1	0.7229	0.2102
64	647	1	1183.4933	4	10	0	1	1	0.7233	0.2602
64	648	1	1185.0433	6	5	0	1	1	0.7238	0.3100
64	649	1	1186.5932	8	7	0	1	1	0.7242	0.3123
64	650	1	1188.1432	6	5	0	1	1	0.7246	0.2339
64	651	1	1189.6932	8	7	0	1	1	0.7250	0.2841
64	652	1	1191.2432	5	12	0	1	1	0.7255	0.2544
64	653	1	1192.7932	4	10	0	1	1	0.7259	0.2566
64	654	1	1194.3432	5	12	0	1	1	0.7263	0.1936
64	655	1	1195.8932	7	9	0	1	1	0.7267	0.2121
64	656	1	1197.4432	8	7	0	1	1	0.7271	0.2296
64	657	1	1198.9932	7	9	0	1	1	0.7275	0.2324
64	658	1	1200.5432	4	10	0	1	1	0.7280	0.2497
64	659	1	1202.0931	5	12	0	1	1	0.7284	0.0920
64	660	1	1203.6431	7	9	0	1	1	0.7288	0.1106
64	661	1	1205.2765	5	12	0	1	1	0.7292	1.3569
64	662	1	1206.8265	8	7	0	1	1	0.7296	0.9907
64	663	1	1208.3764	7	9	0	1	1	0.7300	0.5765
64	664	1	1209.9265	8	7	90	0	1	0.7289	0.2589
64	665	1	1211.4765	7	9	90	0	1	0.7278	0.2603
64	666	1	1213.0264	5	12	0	1	1	0.7282	0.5350
64	667	1	1214.5764	8	7	0	1	1	0.7286	0.6324
64	668	1	1216.1264	5	12	0	1	1	0.7290	0.6030
64	669	1	1217.6764	8	7	0	1	1	0.7294	0.3330
64	670	1	1219.2264	5	12	90	0	1	0.7284	0.2545
64	671	1	1220.7764	4	10	0	1	1	0.7288	0.4484
64	672	1	1222.3264	3	1	0	1	1	0.7292	0.3072
64	673	1	1223.8764	4	10	90	0	1	0.7281	0.2773
64	674	1	1225.4263	7	9	90	0	1	0.7270	0.2792
64	675	1	1226.9763	6	5	0	1	1	0.7274	0.5211
64	676	1	1228.5263	5	12	0	1	1	0.7278	0.5394
64	677	1	1230.0763	8	7	0	1	1	0.7282	0.7013
64	678	1	1231.6264	6	5	90	0	1	0.7271	0.5104
64	679	1	1233.1763	7	9	0	1	1	0.7275	0.3844
64	680	1	1234.7263	5	12	0	1	1	0.7279	0.4990
64	681	1	1236.2763	7	9	0	1	1	0.7283	0.2931
64	682	1	1237.8263	8	7	0	1	1	0.7287	0.2949
64	683	1	1239.3763	7	9	0	1	1	0.7291	0.3444
64	684	1	1240.9263	5	12	0	1	1	0.7295	0.3305
64	685	1	1242.4762	6	5	90	0	1	0.7285	0.2529
64	686	1	1244.0263	8	7	0	1	1	0.7289	0.3985
64	687	1	1245.5762	5	12	0	1	1	0.7293	0.2889
64	688	1	1247.1262	7	9	0	1	1	0.7297	0.2911
64	689	1	1248.6763	5	12	0	1	1	0.7300	0.3092
64	690	1	1250.2262	8	7	0	1	1	0.7304	0.2306
64	691	1	1251.7762	5	12	0	1	1	0.7308	0.2326
64	692	1	1253.3262	4	10	0	1	1	0.7312	0.2350
64	693	1	1254.8762	7	9	90	0	1	0.7302	0.1726
64	694	1	1256.4262	5	12	0	1	1	0.7305	0.2066
64	695	1	1257.9762	7	9	90	0	1	0.7295	0.2573
64	696	1	1259.5261	8	7	0	1	1	0.7299	0.6433
64	697	1	1261.0762	6	5	0	1	1	0.7303	0.5006
64	698	1	1262.6262	4	10	0	1	1	0.7307	0.5185
64	699	1	1264.1762	6	5	90	0	1	0.7296	0.4894
64	700	1	1265.7262	8	7	0	1	1	0.7300	0.5710
64	701	1	1267.2761	9	14	90	0	1	0.7290	0.6374
64	702	1	1268.8261	11	2	0	1	1	0.7293	1.1667
64	703	1	1270.3761	12	13	0	1	1	0.7297	0.8172
64	704	1	1271.9261	10	4	90	0	1	0.7287	1.0113
64	705	1	1273.4761	12	13	0	0	1	0.7277	0.6448
64	706	1	1275.0261	10	4	0	1	1	0.7280	0.5194
64	707	1	1276.5761	11	2	0	1	1	0.7284	0.6653
64	708	1	1278.1261	10	4	0	1	1	0.7288	0.5548
64	709	1	1279.6760	11	2	0	1	1	0.7292	0.6055
64	710	1	1281.2260	12	13	90	0	1	0.7282	0.5435
64	711	1	1282.7760	11	2	0	1	1	0.7286	0.5936
64	712	1	1284.3260	10	4	0	1	1	0.7289	0.7404
64	713	1	1285.8760	13	6	0	1	1	0.7293	0.6615
64	714	1	1287.4260	10	4	0	1	1	0.7297	0.5675
64	715	1	1288.9760	12	13	0	1	1	0.7301	0.3612
64	716	1	1290.5260	13	6	0	1	1	0.7304	0.2987
64	717	1	1292.0760	12	13	90	0	1	0.7294	0.3648
64	718	1	1293.6260	11	2	0	1	1	0.7298	0.2876
64	719	1	1295.1759	10	4	90	0	1	0.7288	0.3216
64	720	1	1296.7259	11	2	0	1	1	0.7292	0.4355
64	721	1	1298.2759	12	13	0	1	1	0.7295	0.3896
64	722	1	1299.8259	13	6	90	0	1	0.7285	0.3916
64	723	1	1301.3759	14	3	0	1	1	0.7289	0.3935
64	724	1	1302.9259	1	15	0	1	1	0.7293	0.3149
64	725	1	1304.4759	14	3	0	1	1	0.7297	0.2694
64	726	1	1306.0259	13	6	90	0	1	0.7287	0.2548
64	727	1	1307.5759	12	13	90	0	1	0.7276	0.3056
64	728	1	1309.1259	11	2	0	1	1	0.7280	0.4195
64	729	1	1310.6759	12	13	0	1	1	0.7284	0.3096
64	730	1	1312.2258	13	6	0	1	1	0.7288	0.2795
64	731	1	1313.7758	14	3	0	1	1	0.7291	0.2498
64	732	1	1315.3258	1	15	0	1	1	0.7295	0.2517
64	733	1	1316.8758	3	1	0	1	1	0.7299	0.2369
64	734	1	1318.4258	15	8	90	0	1	0.7289	0.2869
64	735	1	1319.9758	1	15	0	1	1	0.7293	0.4815
64	736	1	1321.5258	15	8	90	1	1	0.7296	0.5477
64	737	1	1323.0758	1	15	90	0	1	0.7286	0.3898
64	738	1	1324.6258	15	8	0	1	1	0.7290	1.1116
64	739	1	1326.1758	1	15	0	1	1	0.7294	0.7130
64	740	1	1327.7258	2	11	0	1	1	0.7297	0.6189
64	741	1	1329.2758	1	15	0	1	1	0.7301	0.5738
64	742	1	1330.8258	2	11	0	1	1	0.7305	0.6077
64	743	1	1332.3757	3	1	90	0	1	0.7295	0.5137
64	744	1	1333.9257	4	10	90	0	1	0.7285	0.6270
64	745	1	1335.4757	6	5	90	0	1	0.7275	0.5656
64	746	1	1337.0257	7	9	0	1	1	0.7279	0.8715
64	747	1	1338.5757	8	7	0	1	1	0.7282	0.7138
64	748	1	1340.1257	5	12	90	0	1	0.7273	0.6995
64	749	1	1341.6757	8	7	0	1	1	0.7276	0.7654
64	750	1	1343.2257	7	9	0	1	1	0.7280	0.7518
64	751	1	1344.7757	6	5	0	1	1	0.7284	0.5933
64	752	1	1346.3257	8	7	0	1	1	0.7287	0.6591
64	753	1	1347.8756	5	12	90	1	1	0.7291	0.8540
64	754	1	1349.4257	8	7	0	1	1	0.7294	0.6797
64	755	1	1350.9756	9	14	0	1	1	0.7298	0.8739
64	756	1	1352.5256	11	2	0	1	1	0.7302	0.7951
64	757	1	1354.0756	9	14	0	1	1	0.7305	0.7494
64	758	1	1355.6256	10	4	0	1	1	0.7309	0.6719
64	759	1	1357.1756	12	13	0	1	1	0.7312	0.8811
64	760	1	1358.7256	9	14	0	1	1	0.7316	0.6272
64	761	1	1360.2756	12	13	90	0	1	0.7306	0.4216
64	762	1	1361.8256	9	14	0	1	1	0.7310	0.8076
64	763	1	1363.3756	11	2	0	1	1	0.7313	0.5858
64	764	1	1364.9255	10	4	90	0	1	0.7304	0.5558
64	765	1	1366.4755	13	6	0	1	1	0.7307	1.0220
64	766	1	1368.0255	14	3	0	1	1	0.7311	0.7199
64	767	1	1369.5755	13	6	0	1	1	0.7314	0.6736
64	768	1	1371.1255	12	13	90	0	1	0.7305	0.9952
64	769	1	1372.6755	10	4	90	0	1	0.7295	0.8853
64	770	1	1374.2255	12	13	0	1	1	0.7299	1.0639
64	771	1	1375.7755	9	14	0	1	1	0.7302	0.8260
64	772	1	1377.3255	12	13	0	1	1	0.7306	0.7636
64	773	1	1378.8755	10	4	0	1	1	0.7309	0.5893
64	774	1	1380.4255	11	2	0	1	1	0.7313	0.7036
64	775	1	1381.9755	9	14	0	1	1	0.7316	0.6097
64	776	1	1383.5254	10	4	0	1	1	0.7320	0.7560
64	777	1	1385.0755	11	2	0	1	1	0.7323	0.7420
64	778	1	1386.6254	13	6	0	1	1	0.7326	0.8720
64	779	1	1388.1754	14	3	0	1	1	0.7330	0.6021
64	780	1	1389.7254	2	11	0	1	1	0.7333	0.7159
64	781	1	1391.2754	3	1	0	1	1	0.7337	1.0700
64	782	1	1392.8254	4	10	0	1	1	0.7340	0.7673
64	783	1	1394.3754	5	12	0	1	1	0.7344	1.1859
64	784	1	1395.9254	6	5	90	0	1	0.7334	0.6914
64	785	1	1397.4754	7	9	0	1	1	0.7338	0.7261
64	786	1	1399.0254	4	10	0	1	1	0.7341	0.6161
64	787	1	1400.5754	6	5	0	1	1	0.7344	0.8418
64	788	1	1402.1253	4	10	0	1	1	0.7348	0.5878
64	789	1	1403.6753	6	5	0	1	1	0.7351	0.4460
64	790	1	1405.2253	8	7	0	1	1	0.7354	0.8159
64	791	1	1406.7753	5	12	0	0	1	0.7345	1.3935
64	792	1	1408.3920	6	5	0	1	1	0.7348	1.1056
64	793	1	1409.9420	5	12	0	1	1	0.7352	1.0112
64	794	1	1411.4920	6	5	90	0	1	0.7343	0.6294
64	795	1	1413.0420	7	9	0	1	1	0.7346	0.5827
64	796	1	1414.5919	6	5	0	1	1	0.7349	0.9693
64	797	1	1416.1419	7	9	0	1	1	0.7353	0.6988
64	798	1	1417.6919	5	12	90	0	1	0.7343	0.7335
64	799	1	1419.2419	4	10	0	1	1	0.7347	0.8317
64	800	1	1420.7919	7	9	0	1	1	0.7350	0.5448
64	801	1	1422.3419	4	10	0	1	1	0.7353	0.4996
64	802	1	1423.8919	5	12	0	1	1	0.7357	0.7095
64	803	1	1425.4419	4	10	0	1	1	0.7360	0.5029
64	804	1	1426.9919	6	5	0	1	1	0.7363	0.5215
64	805	1	1428.5419	4	10	90	0	1	0.7354	0.3636
64	806	1	1430.0918	6	5	0	1	1	0.7357	0.3656
64	807	1	1431.6418	7	9	0	1	1	0.7361	0.5913
64	808	1	1433.1918	5	12	0	1	1	0.7364	0.7688
64	809	1	1434.7418	6	5	0	1	1	0.7367	0.4029
64	810	1	1436.2918	8	7	0	1	1	0.7370	0.3733
64	811	1	1437.8418	5	12	0	1	1	0.7374	0.2954
64	812	1	1439.3918	8	7	90	0	1	0.7365	0.2654
64	813	1	1440.9418	9	14	0	1	1	0.7368	0.2510
64	814	1	1442.4918	10	4	90	0	1	0.7359	0.2854
64	815	1	1444.0418	12	13	90	0	1	0.7350	0.2550
64	816	1	1445.5918	10	4	0	1	1	0.7353	0.6889
64	817	1	1447.1417	13	6	90	0	1	0.7344	0.6758
64	818	1	1448.6917	10	4	0	1	1	0.7347	0.6138
64	819	1	1450.2417	12	13	0	1	1	0.7350	1.2237
64	820	1	1451.7917	11	2	0	1	1	0.7354	0.9049
64	821	1	1453.6084	12	13	0	-1	0	0.7345	-1.0000
64	822	1	1455.3417	11	2	0	1	1	0.7348	0.2350
64	823	1	1456.8917	13	6	0	1	1	0.7351	0.8298
64	824	1	1458.4418	12	13	0	1	1	0.7354	0.5754
64	825	1	1459.9917	11	2	0	1	1	0.7358	0.5938
64	826	1	1461.5417	13	6	0	1	1	0.7361	0.5635
64	827	1	1463.0916	14	3	0	1	1	0.7364	0.3730
64	828	1	1464.6416	1	15	0	1	1	0.7367	0.4071
64	829	1	1466.1917	14	3	0	1	1	0.7370	0.4737
64	830	1	1467.7417	15	8	0	1	1	0.7373	0.2997
64	831	1	1469.2917	3	1	0	1	1	0.7377	0.5736
64	832	1	1470.8416	15	8	0	1	1	0.7380	0.3196
64	833	1	1472.3916	3	1	0	1	1	0.7383	0.3856
64	834	1	1473.9416	2	11	90	0	1	0.7374	0.3078
64	835	1	1475.4916	14	3	0	1	1	0.7377	0.5338
64	836	1	1477.0416	1	15	0	1	1	0.7380	0.6795
64	837	1	1478.5916	14	3	0	1	1	0.7384	0.6013
64	838	1	1480.1416	15	8	0	1	1	0.7387	0.7151
64	839	1	1481.6916	14	3	0	1	1	0.7390	0.6374
64	840	1	1483.2416	13	6	0	1	1	0.7393	0.6398
64	841	1	1484.7915	10	4	0	1	1	0.7396	0.3531
64	842	1	1486.3415	13	6	0	1	1	0.7399	0.2756
64	843	1	1487.8915	14	3	0	1	1	0.7402	0.5500
64	844	1	1489.4415	1	15	90	0	1	0.7393	0.4080
64	845	1	1490.9915	14	3	90	0	1	0.7385	0.3932
64	846	1	1492.5415	15	8	90	1	1	0.7388	0.9080
64	847	1	1494.0915	1	15	0	1	1	0.7391	0.6219
64	848	1	1495.6415	15	8	0	1	1	0.7394	0.8002
64	849	1	1497.1915	14	3	0	1	1	0.7397	0.8180
64	850	1	1498.7414	15	8	0	1	1	0.7400	0.5800
64	851	1	1500.2915	14	3	90	0	1	0.7391	0.6459
64	852	1	1501.8414	1	15	0	1	1	0.7394	0.5517
64	853	1	1503.3915	14	3	0	1	1	0.7397	0.6499
64	854	1	1504.9415	2	11	90	1	1	0.7400	1.1792
64	855	1	1506.4914	15	8	90	1	1	0.7404	0.8774
64	856	1	1508.0414	1	15	0	1	1	0.7407	0.5753
64	857	1	1509.5914	2	11	0	1	1	0.7410	0.8173
64	858	1	1511.1414	15	8	0	1	1	0.7413	0.6440
64	859	1	1512.6914	2	11	0	1	1	0.7416	0.6137
64	860	1	1514.2414	14	3	0	1	1	0.7419	0.6637
64	861	1	1515.7914	2	11	0	1	1	0.7422	0.6333
64	862	1	1517.3413	15	8	0	1	1	0.7425	0.5880
64	863	1	1518.8913	14	3	0	1	1	0.7428	0.6220
64	864	1	1520.4413	1	15	0	1	1	0.7431	0.6400
64	865	1	1521.9913	14	3	0	1	1	0.7434	0.5301
64	866	1	1523.5413	13	6	0	0	1	0.7425	1.1234
64	867	1	1525.0913	12	13	0	1	1	0.7428	0.9494
64	868	1	1526.6413	13	6	0	1	1	0.7431	0.7281
64	869	1	1528.1913	12	13	0	1	1	0.7434	0.4260
64	870	1	1529.7413	9	14	90	1	1	0.7437	1.2114
64	871	1	1531.2913	12	13	90	1	1	0.7440	1.1338
64	872	1	1532.8413	11	2	0	1	1	0.7443	0.6399
64	873	1	1534.3912	9	14	0	1	1	0.7446	0.8817
64	874	1	1535.9412	8	7	90	1	1	0.7449	1.0922
64	875	1	1537.4912	6	5	0	1	1	0.7451	1.4140
64	876	1	1539.0412	7	9	0	1	1	0.7454	1.0478
64	877	1	1540.5912	4	10	90	0	1	0.7446	1.1779
64	878	1	1542.1413	3	1	0	1	1	0.7449	0.8759
64	879	1	1543.6912	4	10	90	0	1	0.7440	1.0383
64	880	1	1545.2412	3	1	0	1	1	0.7443	0.4475
64	881	1	1546.7912	15	8	0	1	1	0.7446	0.6103
64	882	1	1548.3412	2	11	0	1	1	0.7449	0.7399
64	883	1	1549.8912	15	8	90	1	1	0.7452	0.7901
64	884	1	1551.4412	3	1	0	1	1	0.7455	0.7439
64	885	1	1552.9911	4	10	0	1	1	0.7458	0.8739
64	886	1	1554.5411	7	9	0	1	1	0.7460	0.9241
64	887	1	1556.0911	4	10	0	1	1	0.7463	0.7975
64	888	1	1557.6411	5	12	0	1	1	0.7466	0.8475
64	889	1	1559.1911	8	7	0	1	1	0.7469	0.8022
64	890	1	1560.7411	9	14	90	1	1	0.7472	0.7723
64	891	1	1562.2911	11	2	0	1	1	0.7475	0.5663
64	892	1	1563.8411	13	6	0	1	1	0.7478	0.7923
64	893	1	1565.3911	12	13	90	1	1	0.7480	1.0981
64	894	1	1566.9411	9	14	0	-1	0	0.7472	-1.0000
64	895	1	1568.6744	11	2	0	1	1	0.7475	0.9351
64	896	1	1570.2244	10	4	0	1	1	0.7478	0.7449
64	897	1	1571.7744	13	6	0	1	1	0.7480	0.7789
64	898	1	1573.3244	14	3	0	1	1	0.7483	0.6689
64	899	1	1574.8744	2	11	0	1	1	0.7486	0.7190
64	900	1	1576.4243	14	3	0	1	1	0.7489	0.6409
64	901	1	1577.9743	15	8	0	1	1	0.7492	0.6103
64	902	1	1579.5243	2	11	0	1	1	0.7494	0.6443
64	903	1	1581.0743	15	8	90	1	1	0.7497	0.6949
64	904	1	1582.6243	14	3	0	1	1	0.7500	0.5848
64	905	1	1584.1743	15	8	0	1	1	0.7503	0.5070
64	906	1	1585.7243	14	3	0	1	1	0.7506	0.6209
64	907	1	1587.2743	2	11	0	1	1	0.7508	0.5744
64	908	1	1588.8243	1	15	0	1	1	0.7511	0.6731
64	909	1	1590.3743	14	3	90	0	1	0.7503	0.5149
64	910	1	1591.9243	15	8	0	1	1	0.7505	0.6448
64	911	1	1593.4743	1	15	0	1	1	0.7508	0.6791
64	912	1	1595.0242	15	8	0	1	1	0.7511	0.5524
64	913	1	1596.5743	2	11	90	1	1	0.7514	0.8910
64	914	1	1598.1242	14	3	0	1	1	0.7516	0.6371
64	915	1	1599.6742	2	11	0	1	1	0.7519	0.6872
64	916	1	1601.2242	1	15	0	1	1	0.7522	0.5768
64	917	1	1602.7742	2	11	0	1	1	0.7525	0.5785
64	918	1	1604.3242	14	3	90	1	1	0.7527	0.8209
64	919	1	1605.8742	1	15	0	1	1	0.7530	0.6944
64	920	1	1607.4242	3	1	0	1	1	0.7533	0.7132
64	921	1	1608.9741	1	15	0	1	1	0.7535	0.7472
64	922	1	1610.5241	2	11	0	1	1	0.7538	0.6530
64	923	1	1612.0742	1	15	0	1	1	0.7541	0.6869
64	924	1	1613.6241	14	3	0	1	1	0.7543	0.6572
64	925	1	1615.1742	13	6	0	1	1	0.7546	0.8673
64	926	1	1616.7241	11	2	0	1	1	0.7549	0.5969
64	927	1	1618.2741	10	4	90	0	1	0.7540	0.9352
64	928	1	1619.8241	11	2	90	0	1	0.7532	0.4733
64	929	1	1621.3741	10	4	0	1	1	0.7535	0.8744
64	930	1	1622.9241	9	14	0	0	1	0.7527	0.8292
64	931	1	1624.4741	11	2	0	1	1	0.7530	0.7031
64	932	1	1626.0240	9	14	0	1	1	0.7532	0.5766
64	933	1	1627.5741	8	7	0	1	1	0.7535	0.8513
64	934	1	1629.1240	7	9	90	1	1	0.7537	0.9011
64	935	1	1630.6741	5	12	0	1	1	0.7540	0.7272
64	936	1	1632.2240	7	9	90	1	1	0.7543	1.0173
64	937	1	1633.7740	8	7	0	1	1	0.7545	0.6186
64	938	1	1635.3240	5	12	0	1	1	0.7548	0.7330
64	939	1	1636.8740	7	9	0	1	1	0.7551	0.7675
64	940	1	1638.4240	6	5	0	1	1	0.7553	0.7052
64	941	1	1639.9740	5	12	0	1	1	0.7556	0.6594
64	942	1	1641.5239	4	10	0	1	1	0.7558	0.9492
64	943	1	1643.0740	6	5	90	1	1	0.7561	1.2714
64	944	1	1644.6240	5	12	0	1	1	0.7564	0.7287
64	945	1	1646.1739	4	10	0	1	1	0.7566	0.6353
64	946	1	1647.7239	7	9	0	1	1	0.7569	0.6541
64	947	1	1649.2739	5	12	0	1	1	0.7571	0.6392
64	948	1	1650.8239	8	7	90	0	1	0.7563	0.8171
64	949	1	1652.3739	9	14	0	1	1	0.7566	0.8188
64	950	1	1653.9239	11	2	0	1	1	0.7568	0.5974
64	951	1	1655.4739	12	13	90	1	1	0.7571	0.9192
64	952	1	1657.0239	9	14	0	1	1	0.7574	0.6821
64	953	1	1658.5739	10	4	90	1	1	0.7576	1.2595
64	954	1	1660.1238	13	6	90	0	1	0.7568	1.2768
64	955	1	1661.6739	10	4	0	1	1	0.7571	1.4551
64	956	1	1663.2572	13	6	0	1	1	0.7573	1.0874
64	957	1	1664.8071	12	13	90	1	1	0.7576	0.9941
64	958	1	1666.3571	11	2	0	1	1	0.7578	0.5795
64	959	1	1667.9071	10	4	0	1	1	0.7581	0.7415
64	960	1	1669.4571	13	6	0	1	1	0.7583	0.8084
64	961	1	1671.0071	11	2	0	1	1	0.7586	0.5861
64	962	1	1672.5571	12	13	0	1	1	0.7588	0.8755
64	963	1	1674.1071	13	6	0	1	1	0.7591	0.6862
64	964	1	1675.6571	14	3	0	1	1	0.7593	1.1523
64	965	1	1677.2071	13	6	0	1	1	0.7596	0.9144
64	966	1	1678.7570	14	3	90	1	1	0.7598	0.9797
64	967	1	1680.3071	13	6	0	1	1	0.7601	0.8227
64	968	1	1681.8571	11	2	0	1	1	0.7603	0.6476
64	969	1	1683.4070	9	14	90	1	1	0.7606	0.9376
64	970	1	1684.9570	10	4	0	1	1	0.7608	0.6200
64	971	1	1686.5070	9	14	0	1	1	0.7611	1.2142
64	972	1	1688.0570	10	4	90	0	1	0.7603	1.0721
64	973	1	1689.6070	13	6	90	0	1	0.7595	0.8024
64	974	1	1691.1570	12	13	0	1	1	0.7598	0.8036
64	975	1	1692.7070	9	14	0	1	1	0.7600	0.9657
64	976	1	1694.2570	10	4	90	1	1	0.7602	0.9996
64	977	1	1695.8069	9	14	0	1	1	0.7605	0.6496
64	978	1	1697.3569	10	4	0	1	1	0.7607	0.6684
64	979	1	1698.9069	9	14	0	1	1	0.7610	0.6542
64	980	1	1700.4570	8	7	0	1	1	0.7612	1.1836
64	981	1	1702.0069	9	14	90	1	1	0.7615	0.9946
64	982	1	1703.5569	10	4	0	1	1	0.7617	0.7082
64	983	1	1705.1069	9	14	0	1	1	0.7620	0.6623
64	984	1	1706.6569	8	7	0	1	1	0.7622	0.7117
64	985	1	1708.2069	9	14	0	1	1	0.7624	0.6177
64	986	1	1709.7569	12	13	0	1	1	0.7627	0.8598
64	987	1	1711.3069	10	4	90	1	1	0.7629	0.8146
64	988	1	1712.8568	13	6	0	1	1	0.7632	0.7525
64	989	1	1714.4068	11	2	0	1	1	0.7634	0.5943
64	990	1	1715.9568	10	4	0	1	1	0.7636	0.5804
64	991	1	1717.5068	9	14	0	1	1	0.7639	0.6143
64	992	1	1719.0568	8	7	0	1	1	0.7641	0.6804
64	993	1	1720.6068	5	12	0	1	1	0.7644	1.0665
64	994	1	1722.1568	4	10	0	1	1	0.7646	0.7478
64	995	1	1723.7068	6	5	0	1	1	0.7648	1.1344
64	996	1	1725.2568	8	7	0	1	1	0.7651	0.6726
64	997	1	1726.8068	5	12	0	1	1	0.7653	0.6898
64	998	1	1728.3568	7	9	0	1	1	0.7655	0.7563
64	999	1	1729.9067	8	7	90	0	1	0.7648	0.5349
64	1000	1	1731.4567	9	14	0	1	1	0.7650	0.6326
64	1001	1	1733.0067	12	13	0	1	1	0.7652	0.6663
64	1002	1	1734.5567	9	14	0	1	1	0.7655	0.5884
64	1003	1	1736.1067	10	4	90	1	1	0.7657	0.9579
64	1004	1	1737.6568	12	13	0	1	1	0.7659	0.5284
64	1005	1	1739.2067	13	6	0	1	1	0.7662	0.5786
64	1006	1	1740.7567	11	2	0	1	1	0.7664	0.5805
64	1007	1	1742.3067	10	4	90	1	1	0.7666	0.8864
64	1008	1	1743.8566	13	6	90	0	1	0.7659	0.7439
64	1009	1	1745.4066	10	4	0	1	1	0.7661	0.7940
64	1010	1	1746.9566	9	14	0	1	1	0.7663	0.6360
64	1011	1	1748.5066	11	2	0	1	1	0.7666	0.5430
64	1012	1	1750.0566	13	6	90	0	1	0.7658	0.6405
64	1013	1	1751.6066	11	2	90	1	1	0.7660	1.1385
64	1014	1	1753.1566	12	13	0	1	1	0.7663	1.0282
64	1015	1	1754.7066	11	2	0	1	1	0.7665	0.7106
64	1016	1	1756.2566	10	4	0	1	1	0.7667	0.6967
64	1017	1	1757.8066	13	6	0	1	1	0.7670	0.8264
64	1018	1	1759.3566	14	3	90	1	1	0.7672	1.1800
64	1019	1	1760.9065	15	8	0	1	1	0.7674	0.7189
64	1020	1	1762.4565	14	3	0	1	1	0.7676	0.7366
64	1021	1	1764.0065	13	6	90	0	1	0.7669	0.5944
64	1022	1	1765.5565	14	3	0	1	1	0.7671	0.9167
64	1023	1	1767.1065	1	15	90	0	1	0.7664	1.0621
64	1024	1	1768.6565	14	3	0	1	1	0.7666	0.5528
64	1025	1	1770.2065	15	8	0	1	1	0.7668	0.6185
64	1026	1	1771.7565	14	3	90	0	1	0.7661	1.3092
64	1027	1	1773.3065	1	15	0	1	1	0.7663	0.6708
64	1028	1	1774.8565	2	11	0	1	1	0.7665	0.6401
64	1029	1	1776.4065	1	15	0	1	1	0.7668	0.5949
64	1030	1	1777.9564	3	1	0	1	1	0.7670	0.7410
64	1031	1	1779.5064	4	10	0	1	1	0.7672	0.5029
64	1032	1	1781.0564	6	5	0	1	1	0.7674	0.6337
64	1033	1	1782.6064	8	7	0	1	1	0.7677	0.7141
64	1034	1	1784.1564	9	14	0	1	1	0.7679	0.6530
64	1035	1	1785.7064	11	2	0	1	1	0.7681	0.4142
64	1036	1	1787.2564	12	13	90	0	1	0.7674	0.6562
64	1037	1	1788.8064	10	4	0	1	1	0.7676	0.2751
64	1038	1	1790.3564	11	2	0	1	1	0.7678	0.5326
64	1039	1	1791.9063	9	14	0	1	1	0.7680	0.6629
64	1040	1	1793.4563	12	13	0	1	1	0.7683	0.3290
64	1041	1	1795.0063	10	4	0	1	1	0.7685	0.3790
64	1042	1	1796.5563	9	14	0	1	1	0.7687	0.3322
64	1043	1	1798.1063	12	13	0	-1	1	0.7680	-1.0000
64	1044	1	1799.8397	9	14	0	1	1	0.7682	0.0409
64	1045	1	1801.3896	10	4	0	1	1	0.7684	0.7313
64	1046	1	1802.9396	9	14	0	1	1	0.7686	0.6050
64	1047	1	1804.4896	11	2	0	1	1	0.7689	0.6400
64	1048	1	1806.0396	13	6	0	1	1	0.7691	0.7529
64	1049	1	1807.5896	12	13	90	1	1	0.7693	0.9799
64	1050	1	1809.1396	9	14	0	1	1	0.7695	0.5817
64	1051	1	1810.6896	10	4	0	1	1	0.7697	0.6635
64	1052	1	1812.2396	13	6	0	1	1	0.7700	0.6336
64	1053	1	1813.7896	14	3	0	1	1	0.7702	0.8434
64	1054	1	1815.3395	1	15	0	1	1	0.7704	0.7496
64	1055	1	1816.8895	14	3	90	0	1	0.7697	0.9430
64	1056	1	1818.4396	1	15	0	1	1	0.7699	0.5297
64	1057	1	1819.9896	3	1	0	1	1	0.7701	0.6277
64	1058	1	1821.5395	2	11	0	1	1	0.7703	1.2378
64	1059	1	1823.0895	1	15	0	1	1	0.7705	0.6957
64	1060	1	1824.6395	14	3	90	0	1	0.7698	0.6495
64	1061	1	1826.1895	13	6	0	1	1	0.7700	0.7472
64	1062	1	1827.7395	11	2	0	1	1	0.7702	0.6058
64	1063	1	1829.2895	13	6	90	0	1	0.7695	0.7353
64	1064	1	1830.8395	10	4	0	1	1	0.7697	0.8339
64	1065	1	1832.3894	9	14	0	1	1	0.7700	0.8031
64	1066	1	1833.9394	11	2	0	1	1	0.7702	0.6131
64	1067	1	1835.4894	13	6	0	1	1	0.7704	0.9351
64	1068	1	1837.0394	10	4	0	1	1	0.7706	0.7297
64	1069	1	1838.5894	13	6	0	1	1	0.7708	0.9236
64	1070	1	1840.1394	10	4	0	1	1	0.7710	0.7817
64	1071	1	1841.6894	11	2	0	1	1	0.7712	0.6556
64	1072	1	1843.2394	13	6	0	1	1	0.7715	0.6737
64	1073	1	1844.7894	11	2	0	1	1	0.7717	0.4841
64	1074	1	1846.3394	9	14	90	1	1	0.7719	0.8859
64	1075	1	1847.8894	8	7	0	1	1	0.7721	0.8879
64	1076	1	1849.4393	6	5	0	1	1	0.7723	0.8257
64	1077	1	1850.9893	7	9	0	1	1	0.7725	0.6513
64	1078	1	1852.5393	4	10	0	1	1	0.7727	0.5419
64	1079	1	1854.0893	5	12	0	1	1	0.7729	0.5439
64	1080	1	1855.6393	8	7	0	1	1	0.7731	0.6420
64	1081	1	1857.1893	5	12	0	1	1	0.7734	0.4837
64	1082	1	1858.7393	4	10	0	1	1	0.7736	0.3421
64	1083	1	1860.2893	6	5	0	1	1	0.7738	0.3440
64	1084	1	1861.8393	8	7	0	1	1	0.7740	0.2816
64	1085	1	1863.3893	7	9	0	1	1	0.7742	0.2197
64	1086	1	1864.9393	5	12	0	1	1	0.7744	0.2859
64	1087	1	1866.4892	7	9	0	1	1	0.7746	0.2560
64	1088	1	1868.0392	8	7	0	1	1	0.7748	0.2582
64	1089	1	1869.5892	6	5	0	1	1	0.7750	0.5163
64	1090	1	1871.1392	8	7	90	0	1	0.7743	0.4697
64	1091	1	1872.6892	9	14	0	0	1	0.7736	1.0156
64	1092	1	1874.2392	8	7	0	1	1	0.7738	0.4741
64	1093	1	1875.7892	7	9	0	1	1	0.7740	0.5233
64	1094	1	1877.3392	8	7	90	0	1	0.7733	0.6219
64	1095	1	1878.8892	7	9	90	1	1	0.7735	0.8482
64	1096	1	1880.4392	6	5	0	1	1	0.7737	0.4981
64	1097	1	1881.9892	5	12	0	1	1	0.7739	0.4362
64	1098	1	1883.5391	8	7	0	1	1	0.7741	0.6459
64	1099	1	1885.0891	6	5	0	1	1	0.7743	0.4083
64	1100	1	1886.6391	4	10	0	1	1	0.7745	0.4422
64	1101	1	1888.1891	5	12	0	1	1	0.7748	0.5081
64	1102	1	1889.7391	8	7	90	1	1	0.7750	0.8780
64	1103	1	1891.2891	6	5	0	1	1	0.7752	0.4001
64	1104	1	1892.8391	4	10	0	1	1	0.7754	0.4822
64	1105	1	1894.3891	3	1	90	0	1	0.7747	0.4202
64	1106	1	1895.9391	15	8	0	1	1	0.7749	0.6135
64	1107	1	1897.4891	2	11	0	1	1	0.7751	0.7115
64	1108	1	1899.0391	14	3	0	1	1	0.7753	0.6975
64	1109	1	1900.5890	2	11	0	1	1	0.7755	0.5083
64	1110	1	1902.1390	1	15	0	1	1	0.7757	0.6385
64	1111	1	1903.6890	3	1	0	1	1	0.7759	0.6715
64	1112	1	1905.2390	1	15	0	1	1	0.7761	0.6736
64	1113	1	1906.7890	14	3	0	1	1	0.7763	0.5963
64	1114	1	1908.3390	15	8	0	1	1	0.7765	0.5503
64	1115	1	1909.8890	1	15	0	1	1	0.7767	0.5520
64	1116	1	1911.4390	3	1	0	1	1	0.7769	0.5863
64	1117	1	1912.9890	15	8	0	1	1	0.7771	0.4922
64	1118	1	1914.5390	3	1	0	1	1	0.7773	0.5577
64	1119	1	1916.0890	2	11	0	1	1	0.7775	0.4476
64	1120	1	1917.6389	15	8	0	1	1	0.7777	0.3064
64	1121	1	1919.1890	2	11	0	1	1	0.7779	0.3556
64	1122	1	1920.7389	3	1	0	1	1	0.7781	0.5022
64	1123	1	1922.2889	2	11	0	1	1	0.7783	0.3116
64	1124	1	1923.8389	1	15	0	1	1	0.7785	0.3304
64	1125	1	1925.3889	3	1	90	0	1	0.7778	0.3956
64	1126	1	1926.9389	1	15	0	1	1	0.7780	0.6383
64	1127	1	1928.4889	3	1	0	1	1	0.7782	0.8484
64	1128	1	1930.0389	1	15	90	1	1	0.7784	1.3297
64	1129	1	1931.5889	3	1	90	0	1	0.7777	0.8845
64	1130	1	1933.1388	4	10	0	1	1	0.7779	0.5663
64	1131	1	1934.6888	5	12	0	1	1	0.7781	0.6317
64	1132	1	1936.2388	6	5	90	0	1	0.7774	0.5541
64	1133	1	1937.7888	4	10	0	1	1	0.7776	0.5565
64	1134	1	1939.3388	7	9	0	1	1	0.7778	0.7024
64	1135	1	1940.8888	4	10	90	1	1	0.7780	0.8165
64	1136	1	1942.4388	7	9	90	1	1	0.7782	0.7865
64	1137	1	1943.9888	4	10	0	1	1	0.7784	0.6437
64	1138	1	1945.5388	7	9	0	1	1	0.7786	0.6303
64	1139	1	1947.0888	8	7	0	1	1	0.7788	0.8403
64	1140	1	1948.6388	6	5	0	1	1	0.7789	0.8738
64	1141	1	1950.1887	7	9	90	1	1	0.7791	0.7003
64	1142	1	1951.7387	6	5	0	1	1	0.7793	0.3823
64	1143	1	1953.2887	8	7	0	1	1	0.7795	0.6398
64	1144	1	1954.8387	5	12	0	1	1	0.7797	0.7378
64	1145	1	1956.3887	7	9	0	1	1	0.7799	0.6283
64	1146	1	1957.9387	4	10	90	0	1	0.7792	0.5819
64	1147	1	1959.4887	3	1	0	0	1	0.7786	1.1923
64	1148	1	1961.0387	1	15	0	1	1	0.7787	0.6987
64	1149	1	1962.5887	15	8	0	1	1	0.7789	0.6524
64	1150	1	1964.1387	2	11	90	1	1	0.7791	0.8939
64	1151	1	1965.6887	1	15	90	1	1	0.7793	0.9927
64	1152	1	1967.2386	14	3	90	1	1	0.7795	0.7065
64	1153	1	1968.7886	13	6	0	0	1	0.7788	0.7402
64	1154	1	1970.3386	11	2	0	1	1	0.7790	0.5339
64	1155	1	1971.8886	10	4	0	1	1	0.7792	0.6807
64	1156	1	1973.4386	12	13	90	1	1	0.7794	0.6987
64	1157	1	1974.9886	13	6	0	1	1	0.7796	0.6681
64	1158	1	1976.5386	11	2	0	1	1	0.7798	0.8144
64	1159	1	1978.0886	10	4	0	1	1	0.7800	0.6728
64	1160	1	1979.6386	11	2	0	1	1	0.7802	0.5621
64	1161	1	1981.1886	12	13	0	1	1	0.7804	0.5651
64	1162	1	1982.7386	9	14	90	1	1	0.7806	0.6943
64	1163	1	1984.2885	11	2	0	1	1	0.7807	1.2409
64	1164	1	1985.8385	10	4	90	0	1	0.7801	1.2425
64	1165	1	1987.3885	13	6	90	1	1	0.7803	0.7161
64	1166	1	1988.9385	10	4	90	1	1	0.7804	0.9747
64	1167	1	1990.4885	13	6	0	1	1	0.7806	0.6248
64	1168	1	1992.0385	14	3	0	1	1	0.7808	0.7226
64	1169	1	1993.5885	2	11	90	1	1	0.7810	0.8046
64	1170	1	1995.1385	1	15	0	0	1	0.7803	0.6461
64	1171	1	1996.6885	14	3	0	1	1	0.7805	0.5040
64	1172	1	1998.2385	15	8	0	1	1	0.7807	0.5380
64	1173	1	1999.7884	14	3	0	1	1	0.7809	0.6526
64	1174	1	2001.3384	13	6	0	1	1	0.7811	0.7189
64	1175	1	2002.8884	11	2	0	1	1	0.7813	0.5121
64	1176	1	2004.4384	13	6	0	1	1	0.7815	0.4669
64	1177	1	2005.9884	12	13	0	1	1	0.7816	1.1568
64	1178	1	2007.5384	13	6	90	0	1	0.7810	0.8869
64	1179	1	2009.0884	11	2	0	1	1	0.7812	0.5528
64	1180	1	2010.6384	10	4	0	1	1	0.7814	1.3066
64	1181	1	2012.1884	9	14	0	1	1	0.7815	1.0686
64	1182	1	2013.7384	8	7	0	1	1	0.7817	0.8308
64	1183	1	2015.2884	6	5	0	1	1	0.7819	0.8488
64	1184	1	2016.8384	5	12	0	1	1	0.7821	0.7547
64	1185	1	2018.3884	6	5	0	1	1	0.7823	0.6441
64	1186	1	2019.9383	4	10	0	1	1	0.7825	0.7910
64	1187	1	2021.4883	5	12	0	1	1	0.7826	0.6327
64	1188	1	2023.0383	8	7	0	1	1	0.7828	0.6830
64	1189	1	2024.5883	5	12	0	1	1	0.7830	0.5726
64	1190	1	2026.1383	8	7	0	1	1	0.7832	0.4309
64	1191	1	2027.6883	9	14	90	0	1	0.7825	0.8965
64	1192	1	2029.2383	8	7	90	0	1	0.7819	0.5942
64	1193	1	2030.7883	7	9	90	1	1	0.7821	0.7411
64	1194	1	2032.3383	4	10	0	1	1	0.7822	0.7430
64	1195	1	2033.8883	6	5	0	1	1	0.7824	0.6163
64	1196	1	2035.4382	8	7	0	1	1	0.7826	0.6983
64	1197	1	2036.9882	5	12	0	1	1	0.7828	0.6372
64	1198	1	2038.5382	8	7	0	1	1	0.7830	0.6229
64	1199	1	2040.0882	7	9	0	1	1	0.7832	0.5926
64	1200	1	2041.6382	6	5	0	1	1	0.7833	0.5950
64	1201	1	2043.1882	5	12	90	1	1	0.7835	1.0288
64	1202	1	2044.7382	4	10	0	1	1	0.7837	0.6151
64	1203	1	2046.2882	7	9	0	1	1	0.7839	0.7608
64	1204	1	2047.8382	4	10	0	1	1	0.7841	0.8431
64	1205	1	2049.3882	5	12	0	1	1	0.7842	0.6203
64	1206	1	2050.9381	8	7	0	1	1	0.7844	0.6387
64	1207	1	2052.4881	9	14	0	1	1	0.7846	0.6892
64	1208	1	2054.0381	11	2	0	1	1	0.7848	0.4669
64	1209	1	2055.5881	9	14	0	1	1	0.7849	0.6132
64	1210	1	2057.1381	12	13	90	0	1	0.7843	0.5349
64	1211	1	2058.6881	10	4	0	1	1	0.7845	0.6328
64	1212	1	2060.2381	13	6	0	1	1	0.7847	0.6828
64	1213	1	2061.7881	11	2	0	1	1	0.7848	0.6364
64	1214	1	2063.3381	10	4	90	1	1	0.7850	1.0232
64	1215	1	2064.8881	9	14	0	1	1	0.7852	0.6249
64	1216	1	2066.4380	11	2	0	1	1	0.7854	0.4984
64	1217	1	2067.9881	9	14	0	1	1	0.7855	0.4689
64	1218	1	2069.5380	10	4	90	0	1	0.7849	0.8395
64	1219	1	2071.0880	9	14	0	1	1	0.7851	1.0164
64	1220	1	2072.6380	11	2	0	1	1	0.7852	0.6026
64	1221	1	2074.1880	10	4	0	1	1	0.7854	0.8125
64	1222	1	2075.7380	11	2	90	0	1	0.7848	0.6389
64	1223	1	2077.2880	10	4	0	1	1	0.7850	0.5132
64	1224	1	2078.8380	9	14	0	1	1	0.7851	0.3393
64	1225	1	2080.3880	12	13	0	1	1	0.7853	0.7093
64	1226	1	2081.9380	9	14	0	1	1	0.7855	0.5666
64	1227	1	2083.4880	8	7	0	1	1	0.7857	0.6332
64	1228	1	2085.0379	5	12	0	1	1	0.7858	0.5393
64	1229	1	2086.5880	4	10	90	0	1	0.7852	0.5570
64	1230	1	2088.1379	6	5	0	1	1	0.7854	0.5272
64	1231	1	2089.6879	5	12	0	1	1	0.7855	0.6726
64	1232	1	2091.2379	7	9	0	1	1	0.7857	0.6753
64	1233	1	2092.7879	4	10	0	1	1	0.7859	0.6451
64	1234	1	2094.3379	3	1	0	1	1	0.7861	0.5033
64	1235	1	2095.8879	4	10	0	1	1	0.7862	0.5046
64	1236	1	2097.4379	3	1	0	1	1	0.7864	0.6354
64	1237	1	2098.9879	15	8	0	1	1	0.7866	0.6206
64	1238	1	2100.5378	1	15	0	1	1	0.7868	0.4470
64	1239	1	2102.0878	14	3	0	1	1	0.7869	0.3367
64	1240	1	2103.6378	1	15	0	1	1	0.7871	0.3235
64	1241	1	2105.1878	3	1	0	1	1	0.7873	0.3572
64	1242	1	2106.7378	4	10	0	1	1	0.7874	0.2794
64	1243	1	2108.2878	5	12	0	1	1	0.7876	0.4255
64	1244	1	2109.8378	4	10	90	0	1	0.7870	0.3635
64	1245	1	2111.3878	3	1	0	1	1	0.7871	0.5572
64	1246	1	2112.9378	1	15	0	1	1	0.7873	0.5275
64	1247	1	2114.4878	3	1	0	1	1	0.7875	0.4655
64	1248	1	2116.0378	15	8	0	1	1	0.7877	0.6914
64	1249	1	2117.5878	1	15	0	1	1	0.7878	0.6447
64	1250	1	2119.1377	15	8	90	1	1	0.7880	0.9195
64	1251	1	2120.6879	3	1	0	1	1	0.7882	0.6012
64	1252	1	2122.2377	1	15	0	1	1	0.7883	0.4914
64	1253	1	2123.7877	15	8	0	1	1	0.7885	0.5575
64	1254	1	2125.3377	14	3	0	1	1	0.7887	0.7034
64	1255	1	2126.8877	15	8	0	1	1	0.7888	0.4973
64	1256	1	2128.4377	3	1	90	0	1	0.7882	0.4989
64	1257	1	2129.9877	15	8	0	1	1	0.7884	0.5817
64	1258	1	2131.5377	14	3	0	1	1	0.7886	0.6472
64	1259	1	2133.0877	13	6	0	1	1	0.7887	0.6816
64	1260	1	2134.6377	12	13	0	1	1	0.7889	0.5393
64	1261	1	2136.1876	9	14	0	1	1	0.7891	0.6049
64	1262	1	2137.7376	12	13	0	1	1	0.7892	0.6402
64	1263	1	2139.2876	11	2	0	1	1	0.7894	0.4975
64	1264	1	2140.8376	10	4	0	1	1	0.7896	0.6909
64	1265	1	2142.3876	12	13	90	1	1	0.7897	0.7897
64	1266	1	2143.9376	13	6	0	1	1	0.7899	0.5509
64	1267	1	2145.4876	14	3	0	1	1	0.7901	0.5849
64	1268	1	2147.0375	15	8	0	1	1	0.7902	0.5716
64	1269	1	2148.5876	1	15	0	1	1	0.7904	0.4930
64	1270	1	2150.1376	14	3	0	1	1	0.7906	0.5596
64	1271	1	2151.6875	13	6	0	1	1	0.7907	0.6576
64	1272	1	2153.2375	11	2	0	1	1	0.7909	0.6593
64	1273	1	2154.7875	12	13	0	1	1	0.7910	0.6294
64	1274	1	2156.3375	11	2	0	1	1	0.7912	0.5677
64	1275	1	2157.8875	9	14	90	0	1	0.7906	0.9856
64	1276	1	2159.4375	11	2	0	1	1	0.7908	0.4914
64	1277	1	2160.9875	12	13	90	1	1	0.7909	0.8937
64	1278	1	2162.5375	13	6	0	1	1	0.7911	0.5750
64	1279	1	2164.0875	14	3	0	1	1	0.7912	0.6097
64	1280	1	2165.6375	13	6	0	1	1	0.7914	0.6598
64	1281	1	2167.1875	10	4	0	1	1	0.7916	0.5976
64	1282	1	2168.7375	11	2	0	1	1	0.7917	0.6154
64	1283	1	2170.2874	12	13	0	1	1	0.7919	0.7450
64	1284	1	2171.8374	9	14	0	1	1	0.7921	0.8910
64	1285	1	2173.3874	8	7	0	1	1	0.7922	0.7335
64	1286	1	2174.9374	9	14	0	1	1	0.7924	0.4631
64	1287	1	2176.4874	11	2	0	1	1	0.7925	0.5134
64	1288	1	2178.0374	12	13	0	1	1	0.7927	0.5797
64	1289	1	2179.5874	11	2	0	1	1	0.7929	0.4371
64	1290	1	2181.1374	9	14	0	1	1	0.7930	0.5839
64	1291	1	2182.6874	11	2	90	0	1	0.7924	0.5051
64	1292	1	2184.2374	9	14	0	1	1	0.7926	0.6196
64	1293	1	2185.7873	8	7	90	0	1	0.7920	0.6536
64	1294	1	2187.3373	5	12	0	1	1	0.7921	0.8956
64	1295	1	2188.8873	8	7	90	0	1	0.7915	0.7373
64	1296	1	2190.4373	6	5	0	1	1	0.7917	0.7720
64	1297	1	2191.9873	4	10	0	1	1	0.7918	0.7251
64	1298	1	2193.5373	7	9	0	1	1	0.7920	0.6958
64	1299	1	2195.0873	6	5	0	1	1	0.7921	0.7779
64	1300	1	2196.6373	4	10	0	1	1	0.7923	0.5559
64	1301	1	2198.1873	5	12	0	1	1	0.7925	0.7017
64	1302	1	2199.7372	6	5	0	1	1	0.7926	0.6077
64	1303	1	2201.2873	8	7	90	0	1	0.7920	0.6412
64	1304	1	2202.8372	9	14	0	1	1	0.7922	0.6753
64	1305	1	2204.3872	10	4	0	1	1	0.7923	0.7097
64	1306	1	2205.9372	12	13	0	1	1	0.7925	0.6637
64	1307	1	2207.4872	13	6	0	1	1	0.7927	0.5539
64	1308	1	2209.0372	12	13	0	1	1	0.7928	0.5712
64	1309	1	2210.5872	13	6	0	1	1	0.7930	0.5740
64	1310	1	2212.1372	11	2	0	1	1	0.7931	0.5921
64	1311	1	2213.6872	12	13	0	1	1	0.7933	0.4817
64	1312	1	2215.2371	11	2	90	1	1	0.7934	0.9158
64	1313	1	2216.7872	10	4	0	1	1	0.7936	0.6298
64	1314	1	2218.3372	9	14	0	1	1	0.7938	0.6320
64	1315	1	2219.8872	12	13	0	1	1	0.7939	0.5057
64	1316	1	2221.4372	11	2	0	1	1	0.7941	0.4120
64	1317	1	2222.9871	12	13	0	1	1	0.7942	0.3819
64	1318	1	2224.5371	11	2	0	1	1	0.7944	0.3358
64	1319	1	2226.0871	9	14	0	1	1	0.7945	0.3373
64	1320	1	2227.6371	10	4	0	1	1	0.7947	0.3074
64	1321	1	2229.1871	9	14	0	1	1	0.7949	0.4373
64	1322	1	2230.7371	10	4	0	1	1	0.7950	0.3435
64	1323	1	2232.2870	11	2	0	1	1	0.7952	0.5054
64	1324	1	2233.8371	13	6	0	1	1	0.7953	0.5397
64	1325	1	2235.3871	14	3	0	1	1	0.7955	0.3181
64	1326	1	2236.9370	2	11	0	1	1	0.7956	0.4322
64	1327	1	2238.4870	15	8	90	0	1	0.7950	0.3702
64	1328	1	2240.3037	14	3	0	1	1	0.7952	1.1615
64	1329	1	2241.8536	1	15	0	1	1	0.7953	0.8273
64	1330	1	2243.4037	3	1	0	1	1	0.7955	0.6848
64	1331	1	2244.9537	4	10	0	1	1	0.7956	0.6712
64	1332	1	2246.5037	3	1	0	1	1	0.7958	0.4654
64	1333	1	2248.0537	1	15	0	1	1	0.7959	0.5312
64	1334	1	2249.6036	2	11	0	1	1	0.7961	0.5333
64	1335	1	2251.1537	1	15	0	1	1	0.7963	0.5675
64	1336	1	2252.7036	3	1	0	1	1	0.7964	0.5209
64	1337	1	2254.2536	2	11	0	1	1	0.7966	0.4753
64	1338	1	2255.8036	3	1	0	1	1	0.7967	0.5409
64	1339	1	2257.3536	15	8	0	1	1	0.7969	0.6229
64	1340	1	2258.9036	2	11	90	0	1	0.7963	0.5775
64	1341	1	2260.4536	15	8	0	1	1	0.7964	0.5955
64	1342	1	2262.0036	14	3	0	1	1	0.7966	0.5335
64	1343	1	2263.5536	13	6	0	1	1	0.7967	0.6313
64	1344	1	2265.1035	11	2	90	1	1	0.7969	0.8409
64	1345	1	2266.6535	13	6	0	1	1	0.7970	0.5712
64	1346	1	2268.2035	12	13	0	1	1	0.7972	0.8449
64	1347	1	2269.7535	11	2	90	1	1	0.7973	1.0557
64	1348	1	2271.3035	12	13	0	1	1	0.7975	0.6098
64	1349	1	2272.8535	10	4	0	1	1	0.7976	0.5795
64	1350	1	2274.4035	13	6	0	1	1	0.7978	0.7249
64	1351	1	2275.9535	11	2	0	1	1	0.7979	0.5353
64	1352	1	2277.5035	13	6	0	1	1	0.7981	0.4570
64	1353	1	2279.0535	12	13	0	1	1	0.7982	0.4434
64	1354	1	2280.6035	10	4	90	0	1	0.7976	0.5576
64	1355	1	2282.1535	13	6	0	1	1	0.7978	0.5913
64	1356	1	2283.7035	10	4	0	1	1	0.7979	0.6254
64	1357	1	2285.2534	13	6	90	0	1	0.7973	0.5955
64	1358	1	2286.8035	10	4	0	1	1	0.7975	0.7897
64	1359	1	2288.3534	12	13	0	1	1	0.7976	0.5997
64	1360	1	2289.9034	10	4	0	1	1	0.7978	0.4734
64	1361	1	2291.4534	11	2	90	1	1	0.7979	0.7959
64	1362	1	2293.0034	13	6	0	1	1	0.7981	0.5576
64	1363	1	2294.5534	12	13	90	0	1	0.7975	0.3514
64	1364	1	2296.1034	11	2	0	1	1	0.7977	0.7217
64	1365	1	2297.6534	13	6	0	1	1	0.7978	0.5791
64	1366	1	2299.2034	10	4	90	0	1	0.7972	0.8691
64	1367	1	2300.7534	9	14	0	1	1	0.7974	1.2550
64	1368	1	2302.3033	8	7	0	1	1	0.7975	0.9212
64	1369	1	2303.8533	7	9	0	1	1	0.7977	0.6836
64	1370	1	2305.4033	5	12	0	1	1	0.7978	0.6851
64	1371	1	2306.9533	6	5	90	0	1	0.7972	0.8799
64	1372	1	2308.5034	8	7	0	1	1	0.7974	0.5934
64	1373	1	2310.0533	9	14	0	1	1	0.7975	0.6596
64	1374	1	2311.6033	11	2	90	1	1	0.7977	0.9652
64	1375	1	2313.1532	9	14	0	1	1	0.7978	0.5199
64	1376	1	2314.7033	10	4	0	1	1	0.7980	0.6021
64	1377	1	2316.2533	9	14	0	1	1	0.7981	0.4760
64	1378	1	2317.8033	12	13	90	1	1	0.7983	0.7972
64	1379	1	2319.3532	9	14	0	1	1	0.7984	0.6401
64	1380	1	2320.9032	12	13	0	1	1	0.7986	0.7700
64	1381	1	2322.4532	10	4	0	1	1	0.7987	1.1872
64	1382	1	2324.0032	11	2	90	1	1	0.7988	0.7578
64	1383	1	2325.5532	10	4	90	0	1	0.7983	0.6640
64	1384	1	2327.1032	12	13	90	0	1	0.7977	0.4897
64	1385	1	2328.6532	9	14	90	0	1	0.7971	0.5877
64	1386	1	2330.2032	8	7	0	1	1	0.7973	0.6212
64	1387	1	2331.7532	7	9	0	1	1	0.7974	0.6717
64	1388	1	2333.3031	4	10	90	1	1	0.7976	0.9459
64	1389	1	2334.8531	5	12	0	1	1	0.7977	0.7400
64	1390	1	2336.4031	8	7	90	0	1	0.7971	0.6137
64	1391	1	2337.9532	5	12	90	0	1	0.7965	0.5518
64	1392	1	2339.5031	7	9	0	1	1	0.7967	0.5377
64	1393	1	2341.0531	5	12	0	1	1	0.7968	0.6200
64	1394	1	2342.6031	8	7	0	1	1	0.7970	0.6216
64	1395	1	2344.1531	6	5	90	1	1	0.7971	0.8154
64	1396	1	2345.7031	4	10	0	1	1	0.7973	0.5618
64	1397	1	2347.2531	6	5	0	1	1	0.7974	0.5318
64	1398	1	2348.8031	7	9	90	0	1	0.7969	0.5494
64	1399	1	2350.3531	6	5	0	1	1	0.7970	0.6798
64	1400	1	2351.9030	4	10	0	1	1	0.7971	0.5859
64	1	2	1.0167	9	14	0	-1	1	0.0000	1.3120
64	2	2	2.5500	10	4	0	-1	0	0.0000	-1.0000
64	3	2	4.0833	12	13	0	-1	1	0.0000	0.8688
64	4	2	5.6166	9	14	0	-1	0	0.0000	-1.0000
64	5	2	7.1500	12	13	0	-1	0	0.0000	-1.0000
64	6	2	8.6833	11	2	0	-1	0	0.0000	-1.0000
64	7	2	10.2166	12	13	0	-1	0	0.0000	-1.0000
64	8	2	11.7499	11	2	0	-1	0	0.0000	-1.0000
64	9	2	13.2832	13	6	0	-1	0	0.0000	-1.0000
64	10	2	14.8166	12	13	0	-1	0	0.0000	-1.0000
64	11	2	16.3499	11	2	0	-1	0	0.0000	-1.0000
64	12	2	17.8832	13	6	0	-1	0	0.0000	-1.0000
64	13	2	19.4165	11	2	0	-1	0	0.0000	-1.0000
64	14	2	20.9499	9	14	0	-1	0	0.0000	-1.0000
64	15	2	22.4832	10	4	0	-1	0	0.0000	-1.0000
64	16	2	24.0165	11	2	0	-1	0	0.0000	-1.0000
64	17	2	25.5498	12	13	0	-1	0	0.0000	-1.0000
64	18	2	27.0832	13	6	0	-1	0	0.0000	-1.0000
64	19	2	28.6165	14	3	0	-1	0	0.0000	-1.0000
64	20	2	30.1498	15	8	0	-1	0	0.0000	-1.0000
64	21	2	31.6831	1	15	0	-1	0	0.0000	-1.0000
64	22	2	33.2164	2	11	0	-1	0	0.0000	-1.0000
64	23	2	34.7498	3	1	0	-1	0	0.0000	-1.0000
64	24	2	36.2831	4	10	0	-1	0	0.0000	-1.0000
64	25	2	37.8164	5	12	0	-1	0	0.0000	-1.0000
64	26	2	39.3498	6	5	0	-1	0	0.0000	-1.0000
64	27	2	40.8831	7	9	0	-1	0	0.0000	-1.0000
64	28	2	42.4164	8	7	0	-1	0	0.0000	-1.0000
64	29	2	43.9497	9	14	0	-1	0	0.0000	-1.0000
64	30	2	45.4830	10	4	0	-1	0	0.0000	-1.0000
64	31	2	47.0164	13	6	0	-1	0	0.0000	-1.0000
64	32	2	48.5497	10	4	0	-1	0	0.0000	-1.0000
64	33	2	50.0830	11	2	0	-1	0	0.0000	-1.0000
64	34	2	51.6163	12	13	0	-1	0	0.0000	-1.0000
64	35	2	53.1497	11	2	0	-1	0	0.0000	-1.0000
64	36	2	54.6830	13	6	0	-1	0	0.0000	-1.0000
64	37	2	56.2163	12	13	0	-1	0	0.0000	-1.0000
64	38	2	57.7496	11	2	0	-1	0	0.0000	-1.0000
64	39	2	59.2830	13	6	0	-1	0	0.0000	-1.0000
64	40	2	60.8163	14	3	0	-1	0	0.0000	-1.0000
64	41	2	62.3496	15	8	0	-1	0	0.0000	-1.0000
64	42	2	63.8829	1	15	0	-1	0	0.0000	-1.0000
64	43	2	65.4163	3	1	0	-1	1	0.0000	0.9606
64	44	2	66.9496	15	8	0	-1	1	0.0000	0.9953
64	45	2	68.4829	2	11	0	-1	0	0.0000	-1.0000
64	46	2	70.0162	1	15	0	-1	0	0.0000	-1.0000
64	47	2	71.5496	15	8	0	-1	0	0.0000	-1.0000
64	48	2	73.0829	14	3	0	-1	0	0.0000	-1.0000
64	49	2	74.6162	13	6	0	-1	0	0.0000	-1.0000
64	50	2	76.1495	12	13	0	-1	0	0.0000	-1.0000
64	51	2	77.6829	11	2	0	-1	1	0.0000	0.9339
64	52	2	79.2162	10	4	0	-1	0	0.0000	-1.0000
64	53	2	80.7495	9	14	0	-1	0	0.0000	-1.0000
64	54	2	82.2828	8	7	0	-1	0	0.0000	-1.0000
64	55	2	83.8162	7	9	0	-1	0	0.0000	-1.0000
64	56	2	85.3495	6	5	0	-1	0	0.0000	-1.0000
64	57	2	86.8828	5	12	0	-1	0	0.0000	-1.0000
64	58	2	88.4161	4	10	0	-1	1	0.0000	0.9367
64	59	2	89.9495	3	1	0	-1	0	0.0000	-1.0000
64	60	2	91.4828	2	11	0	-1	0	0.0000	-1.0000
64	61	2	93.0161	3	1	0	-1	0	0.0000	-1.0000
64	62	2	94.5494	15	8	0	-1	0	0.0000	-1.0000
64	63	2	96.0828	14	3	0	-1	0	0.0000	-1.0000
64	64	2	97.6161	15	8	0	-1	0	0.0000	-1.0000
64	65	2	99.1494	3	1	0	-1	0	0.0000	-1.0000
64	66	2	100.6827	2	11	0	-1	0	0.0000	-1.0000
64	67	2	102.2161	14	3	0	-1	0	0.0000	-1.0000
64	68	2	103.7494	15	8	0	-1	0	0.0000	-1.0000
64	69	2	105.2827	1	15	0	-1	0	0.0000	-1.0000
64	70	2	106.8160	15	8	0	-1	0	0.0000	-1.0000
64	71	2	108.3494	2	11	0	-1	1	0.0000	1.2435
64	72	2	109.8827	14	3	0	-1	0	0.0000	-1.0000
64	73	2	111.4160	1	15	0	-1	0	0.0000	-1.0000
64	74	2	112.9493	2	11	0	-1	0	0.0000	-1.0000
64	75	2	114.4826	15	8	0	-1	0	0.0000	-1.0000
64	76	2	116.0160	1	15	0	-1	1	0.0000	1.0646
64	77	2	117.5494	2	11	0	-1	0	0.0000	-1.0000
64	78	2	119.0826	3	1	0	-1	0	0.0000	-1.0000
64	79	2	120.6160	4	10	0	-1	1	0.1111	0.8967
64	80	2	122.1493	5	12	0	-1	1	0.0022	-1.0000
64	81	2	123.6826	6	5	0	-1	1	0.0005	-1.0000
64	82	2	125.2159	7	9	0	-1	0	0.0005	-1.0000
64	83	2	126.7492	8	7	0	-1	1	0.0005	0.0917
64	84	2	128.2826	9	14	0	-1	0	0.0005	-1.0000
64	85	2	129.8159	10	4	0	-1	1	0.0005	1.4566
64	86	2	131.3492	11	2	0	-1	1	0.0005	0.0167
64	87	2	132.8825	12	13	0	-1	0	0.0005	-1.0000
64	88	2	134.4159	13	6	0	-1	0	0.0005	-1.0000
64	89	2	135.9492	14	3	0	-1	0	0.0005	-1.0000
64	90	2	137.4826	15	8	0	-1	0	0.0005	-1.0000
64	91	2	139.0159	14	3	0	-1	0	0.0005	-1.0000
64	92	2	140.5492	2	11	0	-1	1	0.0005	1.2677
64	93	2	142.0825	1	15	0	-1	0	0.0005	-1.0000
64	94	2	143.6158	2	11	0	-1	0	0.0005	-1.0000
64	95	2	145.1492	3	1	0	-1	0	0.0005	-1.0000
64	96	2	146.6825	4	10	0	-1	1	0.0010	1.3580
64	97	2	148.2158	3	1	0	-1	0	0.0010	-1.0000
64	98	2	149.7491	2	11	0	-1	0	0.0010	-1.0000
64	99	2	151.2824	3	1	0	-1	0	0.0010	-1.0000
64	100	2	152.8158	2	11	0	-1	0	0.0010	-1.0000
64	101	2	154.3491	3	1	0	-1	0	0.0010	-1.0000
64	102	2	155.8824	15	8	0	-1	0	0.0010	-1.0000
64	103	2	157.4157	3	1	0	-1	0	0.0010	-1.0000
64	104	2	158.9490	2	11	0	-1	0	0.0010	-1.0000
64	105	2	160.4824	15	8	0	-1	0	0.0010	-1.0000
64	106	2	162.0157	1	15	0	-1	1	0.0010	1.2568
64	107	2	163.5490	2	11	0	-1	1	0.0010	0.0167
64	108	2	165.0824	3	1	0	-1	0	0.0010	-1.0000
64	109	2	166.6157	4	10	0	-1	0	0.0010	-1.0000
64	110	2	168.1490	5	12	0	-1	0	0.0010	-1.0000
64	111	2	169.6823	6	5	0	-1	0	0.0010	-1.0000
64	112	2	171.2156	7	9	0	-1	0	0.0010	-1.0000
64	113	2	172.7490	8	7	0	-1	0	0.0010	-1.0000
64	114	2	174.2823	9	14	0	-1	0	0.0010	-1.0000
64	115	2	175.8156	10	4	0	-1	0	0.0010	-1.0000
64	116	2	177.3489	11	2	0	-1	0	0.0010	-1.0000
64	117	2	178.8823	12	13	0	-1	0	0.0010	-1.0000
64	118	2	180.4156	13	6	0	-1	0	0.0010	-1.0000
64	119	2	181.9489	14	3	0	-1	0	0.0010	-1.0000
64	120	2	183.4822	15	8	0	-1	0	0.0010	-1.0000
64	121	2	185.0155	3	1	0	-1	0	0.0010	-1.0000
64	122	2	186.5489	15	8	0	-1	0	0.0010	-1.0000
64	123	2	188.0822	3	1	0	-1	0	0.0010	-1.0000
64	124	2	189.6155	1	15	0	-1	0	0.0010	-1.0000
64	125	2	191.1489	2	11	0	-1	0	0.0010	-1.0000
64	126	2	192.6823	1	15	0	-1	0	0.0010	-1.0000
64	127	2	194.2155	3	1	0	-1	0	0.0010	-1.0000
64	128	2	195.7488	4	10	0	-1	0	0.0010	-1.0000
64	129	2	197.2822	3	1	0	-1	0	0.0010	-1.0000
64	130	2	198.8155	2	11	0	-1	0	0.0010	-1.0000
64	131	2	200.3488	15	8	0	-1	0	0.0010	-1.0000
64	132	2	201.8822	2	11	0	-1	0	0.0010	-1.0000
64	133	2	203.4155	14	3	0	-1	0	0.0010	-1.0000
64	134	2	204.9488	1	15	0	-1	0	0.0010	-1.0000
64	135	2	206.4821	2	11	0	-1	0	0.0010	-1.0000
64	136	2	208.0155	1	15	0	-1	0	0.0010	-1.0000
64	137	2	209.5488	15	8	0	-1	1	0.0010	0.8441
64	138	2	211.0821	14	3	0	-1	0	0.0010	-1.0000
64	139	2	212.6155	13	6	0	-1	0	0.0010	-1.0000
64	140	2	214.1487	12	13	0	-1	0	0.0010	-1.0000
64	141	2	215.6821	11	2	0	-1	0	0.0010	-1.0000
64	142	2	217.2154	10	4	0	-1	0	0.0010	-1.0000
64	143	2	218.7487	9	14	0	-1	0	0.0010	-1.0000
64	144	2	220.2820	8	7	0	-1	0	0.0010	-1.0000
64	145	2	221.8154	7	9	0	-1	0	0.0010	-1.0000
64	146	2	223.3487	6	5	0	-1	0	0.0010	-1.0000
64	147	2	224.8820	5	12	0	-1	0	0.0010	-1.0000
64	148	2	226.4153	4	10	0	-1	0	0.0010	-1.0000
64	149	2	227.9487	3	1	0	-1	0	0.0010	-1.0000
64	150	2	229.4820	2	11	0	-1	1	0.0010	1.1344
64	151	2	231.0153	3	1	0	-1	0	0.0010	-1.0000
64	152	2	232.5486	15	8	0	-1	1	0.0010	0.7240
64	153	2	234.0820	3	1	0	-1	0	0.0010	-1.0000
64	154	2	235.6153	2	11	0	-1	0	0.0010	-1.0000
64	155	2	237.1486	1	15	0	-1	0	0.0010	-1.0000
64	156	2	238.6819	15	8	0	-1	0	0.0010	-1.0000
64	157	2	240.2153	14	3	0	-1	1	0.0010	0.9454
64	158	2	241.7486	13	6	0	-1	0	0.0010	-1.0000
64	159	2	243.2819	12	13	0	-1	0	0.0010	-1.0000
64	160	2	244.8152	13	6	0	-1	0	0.0010	-1.0000
64	161	2	246.3486	10	4	0	-1	0	0.0010	-1.0000
64	162	2	247.8819	12	13	0	-1	0	0.0010	-1.0000
64	163	2	249.4152	13	6	0	-1	0	0.0010	-1.0000
64	164	2	250.9485	12	13	0	-1	0	0.0010	-1.0000
64	165	2	252.4819	10	4	0	-1	0	0.0010	-1.0000
64	166	2	254.0152	9	14	0	-1	0	0.0010	-1.0000
64	167	2	255.5485	8	7	0	-1	0	0.0010	-1.0000
64	168	2	257.0818	7	9	0	-1	0	0.0010	-1.0000
64	169	2	258.6152	6	5	0	-1	0	0.0010	-1.0000
64	170	2	260.1485	5	12	0	-1	0	0.0010	-1.0000
64	171	2	261.6818	4	10	0	-1	0	0.0010	-1.0000
64	172	2	263.2151	3	1	0	-1	0	0.0010	-1.0000
64	173	2	264.7485	2	11	0	-1	0	0.0010	-1.0000
64	174	2	266.2818	1	15	0	-1	0	0.0010	-1.0000
64	175	2	267.8151	15	8	0	-1	0	0.0010	-1.0000
64	176	2	269.3484	14	3	0	-1	1	0.0010	0.8842
64	177	2	270.8817	13	6	0	-1	0	0.0010	-1.0000
64	178	2	272.4151	12	13	0	-1	0	0.0010	-1.0000
64	179	2	273.9484	11	2	0	-1	0	0.0010	-1.0000
64	180	2	275.4817	10	4	0	-1	0	0.0010	-1.0000
64	181	2	277.0151	13	6	0	-1	0	0.0010	-1.0000
64	182	2	278.5484	14	3	0	-1	0	0.0010	-1.0000
64	183	2	280.0817	13	6	0	-1	0	0.0010	-1.0000
64	184	2	281.6150	11	2	0	-1	0	0.0010	-1.0000
64	185	2	283.1483	13	6	0	-1	0	0.0010	-1.0000
64	186	2	284.6817	10	4	0	-1	1	0.0010	1.0230
64	187	2	286.2150	9	14	0	-1	0	0.0010	-1.0000
64	188	2	287.7483	8	7	0	-1	0	0.0010	-1.0000
64	189	2	289.2816	7	9	0	-1	0	0.0010	-1.0000
64	190	2	290.8150	5	12	0	-1	0	0.0010	-1.0000
64	191	2	292.3483	8	7	0	-1	0	0.0010	-1.0000
64	192	2	293.8816	5	12	0	-1	1	0.0010	0.3352
64	193	2	295.4150	4	10	0	-1	0	0.0010	-1.0000
64	194	2	296.9483	5	12	0	-1	0	0.0010	-1.0000
64	195	2	298.4816	4	10	0	-1	0	0.0010	-1.0000
64	196	2	300.0150	5	12	0	-1	0	0.0010	-1.0000
64	197	2	301.5482	6	5	0	-1	1	0.0010	0.8923
64	198	2	303.0816	7	9	0	-1	0	0.0010	-1.0000
64	199	2	304.6149	8	7	0	-1	1	0.0010	0.5139
64	200	2	306.1482	9	14	0	-1	0	0.0010	-1.0000
64	201	2	307.6815	10	4	0	-1	0	0.0010	-1.0000
64	202	2	309.2149	11	2	0	-1	1	0.0010	0.8575
64	203	2	310.7482	12	13	0	-1	0	0.0010	-1.0000
64	204	2	312.2815	13	6	0	-1	0	0.0010	-1.0000
64	205	2	313.8148	14	3	0	-1	0	0.0010	-1.0000
64	206	2	315.3482	15	8	0	-1	0	0.0010	-1.0000
64	207	2	316.8815	1	15	0	-1	0	0.0010	-1.0000
64	208	2	318.4148	2	11	0	-1	0	0.0010	-1.0000
64	209	2	319.9481	3	1	0	-1	0	0.0010	-1.0000
64	210	2	321.4815	4	10	0	-1	0	0.0010	-1.0000
64	211	2	323.0148	5	12	0	-1	0	0.0010	-1.0000
64	212	2	324.5481	6	5	0	-1	0	0.0010	-1.0000
64	213	2	326.0814	5	12	0	-1	0	0.0010	-1.0000
64	214	2	327.6148	6	5	0	-1	0	0.0010	-1.0000
64	215	2	329.1481	4	10	0	-1	0	0.0010	-1.0000
64	216	2	330.6814	3	1	0	-1	0	0.0010	-1.0000
64	217	2	332.2148	4	10	0	-1	0	0.0010	-1.0000
64	218	2	333.7481	3	1	0	-1	0	0.0010	-1.0000
64	219	2	335.2814	4	10	0	-1	0	0.0010	-1.0000
64	220	2	336.8147	7	9	0	-1	0	0.0010	-1.0000
64	221	2	338.3480	4	10	0	-1	0	0.0010	-1.0000
64	222	2	339.8814	7	9	0	-1	0	0.0010	-1.0000
64	223	2	341.4147	6	5	0	-1	0	0.0010	-1.0000
64	224	2	342.9480	4	10	0	-1	0	0.0010	-1.0000
64	225	2	344.4813	7	9	0	-1	0	0.0010	-1.0000
64	226	2	346.0147	8	7	0	-1	0	0.0010	-1.0000
64	227	2	347.5480	9	14	0	-1	0	0.0010	-1.0000
64	228	2	349.0813	10	4	0	-1	0	0.0010	-1.0000
64	229	2	350.6146	11	2	0	-1	0	0.0010	-1.0000
64	230	2	352.1479	12	13	0	-1	0	0.0010	-1.0000
64	231	2	353.6813	13	6	0	-1	0	0.0010	-1.0000
64	232	2	355.2146	14	3	0	-1	1	0.0015	1.4502
64	233	2	356.7479	15	8	0	-1	1	0.0015	0.0167
64	234	2	358.2812	1	15	0	-1	0	0.0015	-1.0000
64	235	2	359.8146	2	11	0	-1	0	0.0015	-1.0000
64	236	2	361.3479	3	1	0	-1	0	0.0015	-1.0000
64	237	2	362.8812	4	10	0	-1	0	0.0015	-1.0000
64	238	2	364.4146	5	12	0	-1	0	0.0015	-1.0000
64	239	2	365.9479	6	5	0	-1	0	0.0015	-1.0000
64	240	2	367.4812	7	9	0	-1	0	0.0015	-1.0000
64	241	2	369.0145	4	10	0	-1	0	0.0015	-1.0000
64	242	2	370.5478	6	5	0	-1	0	0.0015	-1.0000
64	243	2	372.0812	7	9	0	-1	0	0.0015	-1.0000
64	244	2	373.6145	6	5	0	-1	0	0.0015	-1.0000
64	245	2	375.1478	4	10	0	-1	0	0.0015	-1.0000
64	246	2	376.6811	6	5	0	-1	0	0.0015	-1.0000
64	247	2	378.2145	5	12	0	-1	0	0.0015	-1.0000
64	248	2	379.7478	7	9	0	-1	0	0.0015	-1.0000
64	249	2	381.2811	4	10	0	-1	0	0.0015	-1.0000
64	250	2	382.8144	6	5	0	-1	0	0.0015	-1.0000
64	251	2	384.3478	8	7	0	-1	0	0.0015	-1.0000
64	252	2	385.8811	9	14	0	-1	0	0.0015	-1.0000
64	253	2	387.4144	11	2	0	-1	0	0.0015	-1.0000
64	254	2	388.9477	10	4	0	-1	0	0.0015	-1.0000
64	255	2	390.4811	13	6	0	-1	0	0.0015	-1.0000
64	256	2	392.0144	12	13	0	-1	0	0.0015	-1.0000
64	257	2	393.5477	11	2	0	-1	0	0.0015	-1.0000
64	258	2	395.0810	10	4	0	-1	0	0.0015	-1.0000
64	259	2	396.6144	9	14	0	-1	0	0.0015	-1.0000
64	260	2	398.1477	8	7	0	-1	0	0.0015	-1.0000
64	261	2	399.6810	7	9	0	-1	0	0.0015	-1.0000
64	262	2	401.2143	6	5	0	-1	0	0.0015	-1.0000
64	263	2	402.7477	5	12	0	-1	0	0.0015	-1.0000
64	264	2	404.2810	4	10	0	-1	0	0.0015	-1.0000
64	265	2	405.8143	3	1	0	-1	0	0.0015	-1.0000
64	266	2	407.3476	2	11	0	-1	0	0.0015	-1.0000
64	267	2	408.8810	1	15	0	-1	0	0.0015	-1.0000
64	268	2	410.4143	15	8	0	-1	0	0.0015	-1.0000
64	269	2	411.9476	14	3	0	-1	0	0.0015	-1.0000
64	270	2	413.4809	13	6	0	-1	0	0.0015	-1.0000
64	271	2	415.0143	12	13	0	-1	0	0.0015	-1.0000
64	272	2	416.5476	13	6	0	-1	0	0.0015	-1.0000
64	273	2	418.0809	11	2	0	-1	0	0.0015	-1.0000
64	274	2	419.6142	13	6	0	-1	0	0.0015	-1.0000
64	275	2	421.1476	11	2	0	-1	0	0.0015	-1.0000
64	276	2	422.6809	13	6	0	-1	0	0.0015	-1.0000
64	277	2	424.2142	14	3	0	-1	0	0.0015	-1.0000
64	278	2	425.7475	15	8	0	-1	0	0.0015	-1.0000
64	279	2	427.2809	2	11	0	-1	0	0.0015	-1.0000
64	280	2	428.8142	1	15	0	-1	0	0.0015	-1.0000
64	281	2	430.3475	14	3	0	-1	0	0.0015	-1.0000
64	282	2	431.8808	2	11	0	-1	0	0.0015	-1.0000
64	283	2	433.4142	15	8	0	-1	0	0.0015	-1.0000
64	284	2	434.9475	1	15	0	-1	0	0.0015	-1.0000
64	285	2	436.4808	14	3	0	-1	0	0.0015	-1.0000
64	286	2	438.0141	15	8	0	-1	1	0.0015	0.7306
64	287	2	439.5475	1	15	0	-1	0	0.0015	-1.0000
64	288	2	441.0808	2	11	0	-1	0	0.0015	-1.0000
64	289	2	442.6141	3	1	0	-1	0	0.0015	-1.0000
64	290	2	444.1474	4	10	0	-1	0	0.0015	-1.0000
64	291	2	445.6807	5	12	0	-1	0	0.0015	-1.0000
64	292	2	447.2141	6	5	0	-1	0	0.0015	-1.0000
64	293	2	448.7474	7	9	0	-1	0	0.0015	-1.0000
64	294	2	450.2807	8	7	0	-1	0	0.0015	-1.0000
64	295	2	451.8140	9	14	0	-1	0	0.0015	-1.0000
64	296	2	453.3474	10	4	0	-1	0	0.0015	-1.0000
64	297	2	454.8807	11	2	0	-1	0	0.0015	-1.0000
64	298	2	456.4140	12	13	0	-1	0	0.0015	-1.0000
64	299	2	457.9473	13	6	0	-1	0	0.0015	-1.0000
64	300	2	459.4807	14	3	0	-1	0	0.0015	-1.0000
64	301	2	461.0140	2	11	0	-1	0	0.0015	-1.0000
64	302	2	462.5473	3	1	0	-1	0	0.0015	-1.0000
64	303	2	464.0806	15	8	0	-1	0	0.0015	-1.0000
64	304	2	465.6140	14	3	0	-1	0	0.0015	-1.0000
64	305	2	467.1473	1	15	0	-1	0	0.0015	-1.0000
64	306	2	468.6806	14	3	0	-1	0	0.0015	-1.0000
64	307	2	470.2139	1	15	0	-1	0	0.0015	-1.0000
64	308	2	471.7473	14	3	0	-1	0	0.0015	-1.0000
64	309	2	473.2806	2	11	0	-1	0	0.0015	-1.0000
64	310	2	474.8139	1	15	0	-1	0	0.0015	-1.0000
64	311	2	476.3472	2	11	0	-1	0	0.0015	-1.0000
64	312	2	477.8806	14	3	0	-1	0	0.0015	-1.0000
64	313	2	479.4139	1	15	0	-1	0	0.0015	-1.0000
64	314	2	480.9472	14	3	0	-1	0	0.0015	-1.0000
64	315	2	482.4805	1	15	0	-1	1	0.0015	0.6639
64	316	2	484.0139	15	8	0	-1	0	0.0015	-1.0000
64	317	2	485.5472	14	3	0	-1	1	0.0015	1.1814
64	318	2	487.0805	13	6	0	-1	0	0.0015	-1.0000
64	319	2	488.6138	12	13	0	-1	0	0.0015	-1.0000
64	320	2	490.1472	11	2	0	-1	0	0.0015	-1.0000
64	321	2	491.6805	10	4	0	-1	0	0.0015	-1.0000
64	322	2	493.2138	9	14	0	-1	0	0.0015	-1.0000
64	323	2	494.7471	8	7	0	-1	0	0.0015	-1.0000
64	324	2	496.2805	7	9	0	-1	0	0.0015	-1.0000
64	325	2	497.8138	6	5	0	-1	0	0.0015	-1.0000
64	326	2	499.3471	5	12	0	-1	0	0.0015	-1.0000
64	327	2	500.8804	4	10	0	-1	0	0.0015	-1.0000
64	328	2	502.4138	3	1	0	-1	0	0.0015	-1.0000
64	329	2	503.9471	2	11	0	-1	0	0.0015	-1.0000
64	330	2	505.4804	1	15	0	-1	0	0.0015	-1.0000
64	331	2	507.0137	14	3	0	-1	0	0.0015	-1.0000
64	332	2	508.5471	13	6	0	-1	0	0.0015	-1.0000
64	333	2	510.0804	12	13	0	-1	0	0.0015	-1.0000
64	334	2	511.6137	10	4	0	-1	0	0.0015	-1.0000
64	335	2	513.1471	12	13	0	-1	0	0.0015	-1.0000
64	336	2	514.6803	13	6	0	-1	0	0.0015	-1.0000
64	337	2	516.2137	14	3	0	-1	0	0.0015	-1.0000
64	338	2	517.7470	15	8	0	-1	0	0.0015	-1.0000
64	339	2	519.2803	2	11	0	-1	0	0.0015	-1.0000
64	340	2	520.8136	1	15	0	-1	0	0.0015	-1.0000
64	341	2	522.3470	14	3	0	-1	0	0.0015	-1.0000
64	342	2	523.8803	15	8	0	-1	0	0.0015	-1.0000
64	343	2	525.4136	1	15	0	-1	0	0.0015	-1.0000
64	344	2	526.9469	14	3	0	-1	0	0.0015	-1.0000
64	345	2	528.4803	2	11	0	-1	0	0.0015	-1.0000
64	346	2	530.0136	3	1	0	-1	0	0.0015	-1.0000
64	347	2	531.5469	4	10	0	-1	0	0.0015	-1.0000
64	348	2	533.0802	5	12	0	-1	0	0.0015	-1.0000
64	349	2	534.6136	6	5	0	-1	0	0.0015	-1.0000
64	350	2	536.1469	7	9	0	-1	0	0.0015	-1.0000
64	351	2	537.6802	8	7	0	-1	0	0.0015	-1.0000
64	352	2	539.2136	9	14	0	-1	0	0.0015	-1.0000
64	353	2	540.7468	10	4	0	-1	0	0.0015	-1.0000
64	354	2	542.2802	11	2	0	-1	0	0.0015	-1.0000
64	355	2	543.8135	12	13	0	-1	0	0.0015	-1.0000
64	356	2	545.3468	13	6	0	-1	0	0.0015	-1.0000
64	357	2	546.8802	14	3	0	-1	0	0.0015	-1.0000
64	358	2	548.4135	15	8	0	-1	0	0.0015	-1.0000
64	359	2	549.9468	1	15	0	-1	1	0.0015	0.0167
64	360	2	551.4801	2	11	0	-1	0	0.0015	-1.0000
64	361	2	553.0135	1	15	0	-1	0	0.0015	-1.0000
64	362	2	554.5468	2	11	0	-1	0	0.0015	-1.0000
64	363	2	556.0801	1	15	0	-1	0	0.0015	-1.0000
64	364	2	557.6134	15	8	0	-1	0	0.0015	-1.0000
64	365	2	559.1468	2	11	0	-1	0	0.0015	-1.0000
64	366	2	560.6801	15	8	0	-1	0	0.0015	-1.0000
64	367	2	562.2134	1	15	0	-1	0	0.0015	-1.0000
64	368	2	563.7468	14	3	0	-1	0	0.0015	-1.0000
64	369	2	565.2801	2	11	0	-1	0	0.0015	-1.0000
64	370	2	566.8134	15	8	0	-1	0	0.0015	-1.0000
64	371	2	568.3467	1	15	0	-1	0	0.0015	-1.0000
64	372	2	569.8800	14	3	0	-1	0	0.0015	-1.0000
64	373	2	571.4134	15	8	0	-1	1	0.0015	1.0594
64	374	2	572.9466	14	3	0	-1	0	0.0015	-1.0000
64	375	2	574.4800	1	15	0	-1	0	0.0015	-1.0000
64	376	2	576.0133	15	8	0	-1	0	0.0015	-1.0000
64	377	2	577.5467	14	3	0	-1	0	0.0015	-1.0000
64	378	2	579.0800	13	6	0	-1	0	0.0015	-1.0000
64	379	2	580.6133	12	13	0	-1	0	0.0015	-1.0000
64	380	2	582.1466	11	2	0	-1	0	0.0015	-1.0000
64	381	2	583.6799	10	4	0	-1	0	0.0015	-1.0000
64	382	2	585.2133	9	14	0	-1	0	0.0015	-1.0000
64	383	2	586.7466	8	7	0	-1	0	0.0015	-1.0000
64	384	2	588.2799	7	9	0	-1	0	0.0015	-1.0000
64	385	2	589.8132	6	5	0	-1	0	0.0015	-1.0000
64	386	2	591.3466	5	12	0	-1	0	0.0015	-1.0000
64	387	2	592.8799	4	10	0	-1	0	0.0015	-1.0000
64	388	2	594.4132	3	1	0	-1	0	0.0015	-1.0000
64	389	2	595.9465	2	11	0	-1	0	0.0015	-1.0000
64	390	2	597.4799	1	15	0	-1	0	0.0015	-1.0000
64	391	2	599.0132	14	3	0	-1	0	0.0015	-1.0000
64	392	2	600.5465	1	15	0	-1	0	0.0015	-1.0000
64	393	2	602.0798	15	8	0	-1	0	0.0015	-1.0000
64	394	2	603.6132	14	3	0	-1	0	0.0015	-1.0000
64	395	2	605.1465	15	8	0	-1	1	0.0015	0.4939
64	396	2	606.6798	14	3	0	-1	0	0.0015	-1.0000
64	397	2	608.2131	13	6	0	-1	0	0.0015	-1.0000
64	398	2	609.7465	11	2	0	-1	0	0.0015	-1.0000
64	399	2	611.2798	12	13	0	-1	0	0.0015	-1.0000
64	400	2	612.8131	9	14	0	-1	0	0.0015	-1.0000
64	401	2	614.3464	8	7	0	-1	0	0.0015	-1.0000
64	402	2	615.8798	5	12	0	-1	0	0.0015	-1.0000
64	403	2	617.4131	7	9	0	-1	0	0.0015	-1.0000
64	404	2	618.9464	8	7	0	-1	0	0.0015	-1.0000
64	405	2	620.4797	9	14	0	-1	0	0.0015	-1.0000
64	406	2	622.0131	8	7	0	-1	0	0.0015	-1.0000
64	407	2	623.5464	7	9	0	-1	0	0.0015	-1.0000
64	408	2	625.0797	6	5	0	-1	0	0.0015	-1.0000
64	409	2	626.6130	5	12	0	-1	0	0.0015	-1.0000
64	410	2	628.1464	4	10	0	-1	0	0.0015	-1.0000
64	411	2	629.6797	3	1	0	-1	0	0.0015	-1.0000
64	412	2	631.2130	2	11	0	-1	0	0.0015	-1.0000
64	413	2	632.7463	1	15	0	-1	0	0.0015	-1.0000
64	414	2	634.2797	15	8	0	-1	0	0.0015	-1.0000
64	415	2	635.8130	14	3	0	-1	0	0.0015	-1.0000
64	416	2	637.3463	13	6	0	-1	0	0.0015	-1.0000
64	417	2	638.8796	12	13	0	-1	0	0.0015	-1.0000
64	418	2	640.4130	11	2	0	-1	0	0.0015	-1.0000
64	419	2	641.9463	10	4	0	-1	0	0.0015	-1.0000
64	420	2	643.4796	9	14	0	-1	0	0.0015	-1.0000
64	421	2	645.0129	11	2	0	-1	0	0.0015	-1.0000
64	422	2	646.5463	9	14	0	-1	0	0.0015	-1.0000
64	423	2	648.0796	10	4	0	-1	0	0.0015	-1.0000
64	424	2	649.6129	12	13	0	-1	0	0.0015	-1.0000
64	425	2	651.1462	10	4	0	-1	0	0.0015	-1.0000
64	426	2	652.6795	9	14	0	-1	0	0.0015	-1.0000
64	427	2	654.2129	8	7	0	-1	0	0.0015	-1.0000
64	428	2	655.7462	6	5	0	-1	0	0.0015	-1.0000
64	429	2	657.2795	8	7	0	-1	0	0.0015	-1.0000
64	430	2	658.8128	6	5	0	-1	0	0.0015	-1.0000
64	431	2	660.3462	5	12	0	-1	0	0.0015	-1.0000
64	432	2	661.8795	6	5	0	-1	0	0.0015	-1.0000
64	433	2	663.4128	7	9	0	-1	0	0.0015	-1.0000
64	434	2	664.9461	8	7	0	-1	0	0.0015	-1.0000
64	435	2	666.4795	7	9	0	-1	0	0.0015	-1.0000
64	436	2	668.0128	8	7	0	-1	0	0.0015	-1.0000
64	437	2	669.5461	9	14	0	-1	0	0.0015	-1.0000
64	438	2	671.0794	10	4	0	-1	0	0.0015	-1.0000
64	439	2	672.6128	11	2	0	-1	0	0.0015	-1.0000
64	440	2	674.1461	12	13	0	-1	0	0.0015	-1.0000
64	441	2	675.6795	13	6	0	-1	0	0.0015	-1.0000
64	442	2	677.2127	14	3	0	-1	0	0.0015	-1.0000
64	443	2	678.7461	15	8	0	-1	1	0.0015	0.7023
64	444	2	680.2794	1	15	0	-1	0	0.0015	-1.0000
64	445	2	681.8127	2	11	0	-1	0	0.0015	-1.0000
64	446	2	683.3460	3	1	0	-1	0	0.0015	-1.0000
64	447	2	684.8793	4	10	0	-1	0	0.0015	-1.0000
64	448	2	686.4127	5	12	0	-1	0	0.0015	-1.0000
64	449	2	687.9460	6	5	0	-1	0	0.0015	-1.0000
64	450	2	689.4793	7	9	0	-1	0	0.0015	-1.0000
64	451	2	691.0127	5	12	0	-1	0	0.0015	-1.0000
64	452	2	692.5460	7	9	0	-1	0	0.0015	-1.0000
64	453	2	694.0793	8	7	0	-1	0	0.0015	-1.0000
64	454	2	695.6126	5	12	0	-1	0	0.0015	-1.0000
64	455	2	697.1460	8	7	0	-1	0	0.0015	-1.0000
64	456	2	698.6793	7	9	0	-1	0	0.0015	-1.0000
64	457	2	700.2126	5	12	0	-1	0	0.0015	-1.0000
64	458	2	701.7459	6	5	0	-1	0	0.0015	-1.0000
64	459	2	703.2793	7	9	0	-1	0	0.0015	-1.0000
64	460	2	704.8126	8	7	0	-1	0	0.0015	-1.0000
64	461	2	706.3459	9	14	0	-1	0	0.0015	-1.0000
64	462	2	707.8792	12	13	0	-1	0	0.0015	-1.0000
64	463	2	709.4126	11	2	0	-1	0	0.0015	-1.0000
64	464	2	710.9459	13	6	0	-1	0	0.0015	-1.0000
64	465	2	712.4792	14	3	0	-1	0	0.0015	-1.0000
64	466	2	714.0125	15	8	0	-1	1	0.0015	0.5561
64	467	2	715.5459	1	15	0	-1	0	0.0015	-1.0000
64	468	2	717.0792	2	11	0	-1	0	0.0015	-1.0000
64	469	2	718.6125	3	1	0	-1	0	0.0015	-1.0000
64	470	2	720.1458	4	10	0	-1	0	0.0015	-1.0000
64	471	2	721.6791	5	12	0	-1	0	0.0015	-1.0000
64	472	2	723.2125	6	5	0	-1	0	0.0015	-1.0000
64	473	2	724.7458	7	9	0	-1	0	0.0015	-1.0000
64	474	2	726.2791	8	7	0	-1	0	0.0015	-1.0000
64	475	2	727.8124	9	14	0	-1	0	0.0015	-1.0000
64	476	2	729.3458	10	4	0	-1	0	0.0015	-1.0000
64	477	2	730.8791	11	2	0	-1	0	0.0015	-1.0000
64	478	2	732.4124	12	13	0	-1	0	0.0015	-1.0000
64	479	2	733.9457	13	6	0	-1	0	0.0015	-1.0000
64	480	2	735.4791	14	3	0	-1	0	0.0015	-1.0000
64	481	2	737.0124	15	8	0	-1	1	0.0015	0.5324
64	482	2	738.5457	3	1	0	-1	0	0.0015	-1.0000
64	483	2	740.0790	1	15	0	-1	0	0.0015	-1.0000
64	484	2	741.6124	3	1	0	-1	0	0.0015	-1.0000
64	485	2	743.1457	4	10	0	-1	0	0.0015	-1.0000
64	486	2	744.6790	6	5	0	-1	0	0.0015	-1.0000
64	487	2	746.2124	8	7	0	-1	0	0.0015	-1.0000
64	488	2	747.7457	7	9	0	-1	0	0.0015	-1.0000
64	489	2	749.2790	4	10	0	-1	0	0.0015	-1.0000
64	490	2	750.8123	3	1	0	-1	0	0.0015	-1.0000
64	491	2	752.3456	15	8	0	-1	0	0.0015	-1.0000
64	492	2	753.8790	2	11	0	-1	0	0.0015	-1.0000
64	493	2	755.4123	15	8	0	-1	0	0.0015	-1.0000
64	494	2	756.9456	2	11	0	-1	0	0.0015	-1.0000
64	495	2	758.4789	1	15	0	-1	0	0.0015	-1.0000
64	496	2	760.0123	2	11	0	-1	0	0.0015	-1.0000
64	497	2	761.5456	3	1	0	-1	0	0.0015	-1.0000
64	498	2	763.0789	4	10	0	-1	0	0.0015	-1.0000
64	499	2	764.6122	5	12	0	-1	0	0.0015	-1.0000
64	500	2	766.1456	6	5	0	-1	0	0.0015	-1.0000
64	501	2	767.6789	7	9	0	-1	0	0.0015	-1.0000
64	502	2	769.2122	8	7	0	-1	0	0.0015	-1.0000
64	503	2	770.7455	9	14	0	-1	0	0.0015	-1.0000
64	504	2	772.2789	10	4	0	-1	0	0.0015	-1.0000
64	505	2	773.8122	11	2	0	-1	0	0.0015	-1.0000
64	506	2	775.3455	12	13	0	-1	0	0.0015	-1.0000
64	507	2	776.8788	13	6	0	-1	0	0.0015	-1.0000
64	508	2	778.4121	14	3	0	-1	0	0.0015	-1.0000
64	509	2	779.9455	15	8	0	-1	1	0.0015	0.4791
64	510	2	781.4788	1	15	0	-1	0	0.0015	-1.0000
64	511	2	783.0121	14	3	0	-1	0	0.0015	-1.0000
64	512	2	784.5454	2	11	0	-1	0	0.0015	-1.0000
64	513	2	786.0788	14	3	0	-1	0	0.0015	-1.0000
64	514	2	787.6121	1	15	0	-1	0	0.0015	-1.0000
64	515	2	789.1454	15	8	0	-1	0	0.0015	-1.0000
64	516	2	790.6787	14	3	0	-1	0	0.0015	-1.0000
64	517	2	792.2121	15	8	0	-1	1	0.0015	0.3886
64	518	2	793.7454	2	11	0	-1	0	0.0015	-1.0000
64	519	2	795.2787	1	15	0	-1	0	0.0015	-1.0000
64	520	2	796.8120	3	1	0	-1	0	0.0015	-1.0000
64	521	2	798.3453	15	8	0	-1	0	0.0015	-1.0000
64	522	2	799.8787	3	1	0	-1	0	0.0015	-1.0000
64	523	2	801.4120	4	10	0	-1	0	0.0015	-1.0000
64	524	2	802.9453	6	5	0	-1	0	0.0015	-1.0000
64	525	2	804.4787	8	7	0	-1	0	0.0015	-1.0000
64	526	2	806.0120	7	9	0	-1	0	0.0015	-1.0000
64	527	2	807.5453	6	5	0	-1	0	0.0015	-1.0000
64	528	2	809.0786	5	12	0	-1	0	0.0015	-1.0000
64	529	2	810.6120	4	10	0	-1	0	0.0015	-1.0000
64	530	2	812.1453	3	1	0	-1	0	0.0015	-1.0000
64	531	2	813.6786	2	11	0	-1	0	0.0015	-1.0000
64	532	2	815.2119	1	15	0	-1	0	0.0015	-1.0000
64	533	2	816.7453	15	8	0	-1	0	0.0015	-1.0000
64	534	2	818.2786	14	3	0	-1	0	0.0015	-1.0000
64	535	2	819.8119	13	6	0	-1	0	0.0015	-1.0000
64	536	2	821.3452	12	13	0	-1	0	0.0015	-1.0000
64	537	2	822.8786	11	2	0	-1	0	0.0015	-1.0000
64	538	2	824.4119	10	4	0	-1	0	0.0015	-1.0000
64	539	2	825.9452	9	14	0	-1	0	0.0015	-1.0000
64	540	2	827.4785	8	7	0	-1	0	0.0015	-1.0000
64	541	2	829.0119	6	5	0	-1	0	0.0015	-1.0000
64	542	2	830.5452	5	12	0	-1	0	0.0015	-1.0000
64	543	2	832.0785	6	5	0	-1	0	0.0015	-1.0000
64	544	2	833.6118	8	7	0	-1	0	0.0015	-1.0000
64	545	2	835.1451	6	5	0	-1	0	0.0015	-1.0000
64	546	2	836.6785	8	7	0	-1	0	0.0015	-1.0000
64	547	2	838.2118	6	5	0	-1	0	0.0015	-1.0000
64	548	2	839.7452	7	9	0	-1	0	0.0015	-1.0000
64	549	2	841.2784	4	10	0	-1	0	0.0015	-1.0000
64	550	2	842.8118	7	9	0	-1	0	0.0015	-1.0000
64	551	2	844.3451	4	10	0	-1	0	0.0015	-1.0000
64	552	2	845.8784	3	1	0	-1	0	0.0015	-1.0000
64	553	2	847.4118	1	15	0	-1	0	0.0015	-1.0000
64	554	2	848.9451	14	3	0	-1	0	0.0015	-1.0000
64	555	2	850.4784	15	8	0	-1	1	0.0015	0.4421
64	556	2	852.0118	1	15	0	-1	0	0.0015	-1.0000
64	557	2	853.5451	2	11	0	-1	0	0.0015	-1.0000
64	558	2	855.0784	3	1	0	-1	0	0.0015	-1.0000
64	559	2	856.6117	4	10	0	-1	0	0.0015	-1.0000
64	560	2	858.1450	5	12	0	-1	0	0.0015	-1.0000
64	561	2	859.6783	6	5	0	-1	0	0.0015	-1.0000
64	562	2	861.2117	7	9	0	-1	0	0.0015	-1.0000
64	563	2	862.7450	8	7	0	-1	0	0.0015	-1.0000
64	564	2	864.2783	9	14	0	-1	0	0.0015	-1.0000
64	565	2	865.8116	10	4	0	-1	0	0.0015	-1.0000
64	566	2	867.3450	11	2	0	-1	0	0.0015	-1.0000
64	567	2	868.8783	12	13	0	-1	0	0.0015	-1.0000
64	568	2	870.4116	13	6	0	-1	0	0.0015	-1.0000
64	569	2	871.9449	14	3	0	-1	0	0.0015	-1.0000
64	570	2	873.4783	15	8	0	-1	1	0.0015	0.6903
64	571	2	875.0116	14	3	0	-1	0	0.0015	-1.0000
64	572	2	876.5449	2	11	0	-1	0	0.0015	-1.0000
64	573	2	878.0782	1	15	0	-1	0	0.0015	-1.0000
64	574	2	879.6116	14	3	0	-1	0	0.0015	-1.0000
64	575	2	881.1449	1	15	0	-1	0	0.0015	-1.0000
64	576	2	882.6782	2	11	0	-1	0	0.0015	-1.0000
64	577	2	884.2115	14	3	0	-1	0	0.0015	-1.0000
64	578	2	885.7449	15	8	0	-1	1	0.0015	0.4238
64	579	2	887.2782	2	11	0	-1	0	0.0015	-1.0000
64	580	2	888.8115	15	8	0	-1	0	0.0015	-1.0000
64	581	2	890.3448	2	11	0	-1	0	0.0015	-1.0000
64	582	2	891.8782	14	3	0	-1	0	0.0015	-1.0000
64	583	2	893.4115	1	15	0	-1	0	0.0015	-1.0000
64	584	2	894.9448	15	8	0	-1	0	0.0015	-1.0000
64	585	2	896.4781	2	11	0	-1	0	0.0015	-1.0000
64	586	2	898.0115	3	1	0	-1	0	0.0015	-1.0000
64	587	2	899.5448	4	10	0	-1	0	0.0015	-1.0000
64	588	2	901.0781	5	12	0	-1	0	0.0015	-1.0000
64	589	2	902.6114	6	5	0	-1	0	0.0015	-1.0000
64	590	2	904.1447	7	9	0	-1	0	0.0015	-1.0000
64	591	2	905.6781	8	7	0	-1	0	0.0015	-1.0000
64	592	2	907.2114	9	14	0	-1	0	0.0015	-1.0000
64	593	2	908.7447	10	4	0	-1	0	0.0015	-1.0000
64	594	2	910.2780	11	2	0	-1	0	0.0015	-1.0000
64	595	2	911.8114	12	13	0	-1	0	0.0015	-1.0000
64	596	2	913.3447	13	6	0	-1	0	0.0015	-1.0000
64	597	2	914.8780	14	3	0	-1	0	0.0015	-1.0000
64	598	2	916.4113	15	8	0	-1	1	0.0015	0.6853
64	599	2	917.9447	1	15	0	-1	0	0.0015	-1.0000
64	600	2	919.4780	2	11	0	-1	0	0.0015	-1.0000
Actual parsing ratio
0.0015
Possible node parses
87.0000
 Node parses selected
0.0345
Possible other parses
513.0000
Other parses selected
3.9006
Chance parsing ratio
0.1450
Shock trials
137
263
483
821
1328