*********************************************
* Date/Time: 25-Jan-2021 12:11:55
* Seed: 212101.6
* Subject Number: 079
6	7	14	3	13	12	1	2	9	15	10	5	11	4	8	
*********************************************

Shape exposure time (seconds)
5.5695
subject	trial	phase	onset	node	shape	rotate	acc	resp	total	rt
79	1	1	1.0167	5	13	0	0	1	0.0000	0.9481
79	2	1	2.5666	8	2	0	1	1	0.5000	0.7415
79	3	1	4.1166	6	12	0	0	1	0.3333	0.8236
79	4	1	5.6666	5	13	0	0	1	0.2500	1.1292
79	5	1	7.2166	8	2	0	1	1	0.4000	0.7475
79	6	1	8.7666	5	13	0	1	1	0.5000	0.9252
79	7	1	10.3166	6	12	90	1	1	0.5714	1.1036
79	8	1	11.8666	4	3	90	0	1	0.5000	0.8175
79	9	1	13.4166	6	12	0	1	1	0.5556	0.8835
79	10	1	14.9666	7	1	0	1	1	0.6000	0.8376
79	11	1	16.5165	8	2	0	1	1	0.6364	0.7437
79	12	1	18.0665	7	1	0	1	1	0.6667	0.6975
79	13	1	19.6165	5	13	0	0	1	0.6154	0.8433
79	14	1	21.1665	6	12	90	0	1	0.5714	0.8137
79	15	1	22.7165	7	1	0	1	1	0.6000	0.6713
79	16	1	24.2665	6	12	0	1	1	0.6250	1.1212
79	17	1	25.8165	7	1	90	1	1	0.6471	0.8515
79	18	1	27.3665	5	13	0	1	1	0.6667	1.0773
79	19	1	28.9165	7	1	0	1	1	0.6842	0.6957
79	20	1	30.4665	5	13	0	1	1	0.7000	0.7776
79	21	1	32.0165	7	1	0	1	1	0.7143	0.5716
79	22	1	33.5664	8	2	0	1	1	0.7273	0.5738
79	23	1	35.1164	9	9	0	1	1	0.7391	0.9918
79	24	1	36.6664	8	2	0	1	1	0.7500	0.5618
79	25	1	38.2164	7	1	0	1	1	0.7600	0.6113
79	26	1	39.7664	8	2	0	1	1	0.7692	0.5977
79	27	1	41.3164	6	12	0	1	1	0.7778	0.7276
79	28	1	42.8664	7	1	0	1	1	0.7857	0.4733
79	29	1	44.4164	5	13	0	1	1	0.7931	0.5396
79	30	1	45.9664	8	2	0	1	1	0.8000	0.3817
79	31	1	47.5164	9	9	0	1	1	0.8065	0.6394
79	32	1	49.0664	11	10	0	1	1	0.8125	0.4016
79	33	1	50.6163	9	9	0	1	1	0.8182	0.7078
79	34	1	52.1663	10	15	0	1	1	0.8235	0.3417
79	35	1	53.7164	12	5	0	1	1	0.8286	0.6159
79	36	1	55.2663	9	9	0	1	1	0.8333	0.6819
79	37	1	56.8163	8	2	0	0	1	0.8108	0.7318
79	38	1	58.3997	9	9	0	1	1	0.8158	0.5410
79	39	1	59.9497	10	15	0	1	1	0.8205	0.7350
79	40	1	61.4997	12	5	0	1	1	0.8250	0.5451
79	41	1	63.0497	13	11	0	1	1	0.8293	0.8031
79	42	1	64.5996	14	4	0	1	1	0.8333	0.6927
79	43	1	66.1496	13	11	90	0	1	0.8140	0.6786
79	44	1	67.6996	12	5	0	1	1	0.8182	0.6001
79	45	1	69.2497	10	15	0	1	1	0.8222	0.5710
79	46	1	70.7996	9	9	0	1	1	0.8261	0.5082
79	47	1	72.3496	12	5	0	1	1	0.8298	0.5102
79	48	1	73.8996	11	10	0	1	1	0.8333	0.4172
79	49	1	75.4496	12	5	90	0	1	0.8163	0.4351
79	50	1	76.9996	11	10	0	1	1	0.8200	0.5010
79	51	1	78.8163	12	5	0	1	1	0.8235	0.9881
79	52	1	80.3662	10	15	0	1	1	0.8269	0.7981
79	53	1	81.9162	12	5	0	1	1	0.8302	0.7526
79	54	1	83.4662	9	9	90	0	1	0.8148	0.5780
79	55	1	85.0162	10	15	0	1	1	0.8182	0.2441
79	56	1	86.5662	13	11	0	1	1	0.8214	0.2616
79	57	1	88.1162	11	10	0	1	1	0.8246	0.2645
79	58	1	89.6662	10	15	0	1	1	0.8276	0.4256
79	59	1	91.2162	11	10	90	0	1	0.8136	0.4280
79	60	1	92.7661	12	5	0	1	1	0.8167	0.4306
79	61	1	94.3161	11	10	0	1	1	0.8197	0.4805
79	62	1	95.8662	12	5	0	0	1	0.8065	0.7864
79	63	1	97.4161	11	10	0	0	1	0.7937	0.7237
79	64	1	98.9661	12	5	0	1	1	0.7969	0.9666
79	65	1	100.5162	13	11	0	1	1	0.8000	0.6639
79	66	1	102.0661	14	4	0	1	1	0.8030	0.5697
79	67	1	103.6161	15	8	90	0	1	0.7910	0.8606
79	68	1	105.1661	1	6	0	1	1	0.7941	0.7497
79	69	1	106.7161	2	7	0	1	1	0.7971	0.6886
79	70	1	108.2661	3	14	0	1	1	0.8000	0.6581
79	71	1	109.8161	2	7	90	0	1	0.7887	0.5157
79	72	1	111.3660	15	8	0	1	1	0.7917	0.5178
79	73	1	112.9160	2	7	0	1	1	0.7945	0.6966
79	74	1	114.4660	1	6	90	0	1	0.7838	0.6501
79	75	1	116.0161	2	7	90	0	1	0.7733	0.8921
79	76	1	117.5660	1	6	0	1	1	0.7763	1.2938
79	77	1	119.1160	14	4	90	1	1	0.7792	0.9758
79	78	1	120.6660	1	6	0	1	1	0.7821	1.2186
79	79	1	122.2160	15	8	0	1	1	0.7848	0.9646
79	80	1	123.7660	2	7	90	0	1	0.7750	0.8698
79	81	1	125.3160	1	6	0	0	1	0.7654	0.8405
79	82	1	126.8660	3	14	0	1	1	0.7683	0.6985
79	83	1	128.4160	1	6	0	1	1	0.7711	0.7008
79	84	1	129.9660	3	14	0	1	1	0.7738	0.7178
79	85	1	131.5159	4	3	0	1	1	0.7765	0.7208
79	86	1	133.0659	5	13	90	0	1	0.7674	1.0259
79	87	1	134.6159	4	3	0	1	1	0.7701	0.6767
79	88	1	136.1659	6	12	90	0	1	0.7614	0.7747
79	89	1	137.7159	5	13	0	1	1	0.7640	0.7919
79	90	1	139.2659	8	2	0	1	1	0.7667	0.6347
79	91	1	140.8159	9	9	0	1	1	0.7692	0.9085
79	92	1	142.3659	11	10	90	0	1	0.7609	0.7827
79	93	1	143.9159	13	11	0	1	1	0.7634	0.5284
79	94	1	145.4659	14	4	0	1	1	0.7660	0.7863
79	95	1	147.0159	15	8	0	1	1	0.7684	0.8199
79	96	1	148.5658	2	7	0	0	1	0.7604	0.9986
79	97	1	150.1158	15	8	0	1	1	0.7629	0.7126
79	98	1	151.6658	14	4	0	1	1	0.7653	0.6348
79	99	1	153.2158	15	8	90	0	1	0.7576	0.5887
79	100	1	154.7658	14	4	90	1	1	0.7600	0.7187
79	101	1	156.3158	2	7	90	0	1	0.7525	1.2492
79	102	1	157.8658	14	4	0	1	1	0.7549	0.9148
79	103	1	159.4158	13	11	90	0	1	0.7476	0.7725
79	104	1	160.9658	11	10	90	0	1	0.7404	0.9187
79	105	1	162.5158	9	9	0	1	1	0.7429	0.6809
79	106	1	164.0658	12	5	0	0	1	0.7358	0.7788
79	107	1	165.6158	9	9	0	1	1	0.7383	0.5889
79	108	1	167.1658	11	10	0	1	1	0.7407	0.6870
79	109	1	168.7158	13	11	90	0	1	0.7339	1.4409
79	110	1	170.3824	10	15	0	1	1	0.7364	0.8618
79	111	1	171.9324	13	11	90	0	1	0.7297	0.7677
79	112	1	173.4824	12	5	0	1	1	0.7321	0.7860
79	113	1	175.0324	9	9	0	1	1	0.7345	0.6279
79	114	1	176.5824	12	5	0	1	1	0.7368	0.9334
79	115	1	178.1324	13	11	0	1	1	0.7391	0.9037
79	116	1	179.6823	10	15	90	0	1	0.7328	1.0503
79	117	1	181.2323	9	9	90	0	1	0.7265	0.6039
79	118	1	182.7823	11	10	0	1	1	0.7288	0.9903
79	119	1	184.3323	13	11	0	1	1	0.7311	1.0563
79	120	1	185.8823	10	15	0	1	1	0.7333	0.9779
79	121	1	187.4323	13	11	0	1	1	0.7355	1.0759
79	122	1	188.9823	10	15	0	1	1	0.7377	0.7901
79	123	1	190.5323	9	9	0	1	1	0.7398	0.7604
79	124	1	192.0823	8	2	0	1	1	0.7419	0.6975
79	125	1	193.6323	9	9	0	1	1	0.7440	0.7154
79	126	1	195.1823	10	15	0	1	1	0.7460	0.9895
79	127	1	196.7323	9	9	0	1	1	0.7480	0.7204
79	128	1	198.2823	8	2	0	1	1	0.7500	0.6099
79	129	1	199.8322	5	13	0	1	1	0.7519	1.0755
79	130	1	201.3822	4	3	0	1	1	0.7538	0.7735
79	131	1	202.9322	6	12	90	0	1	0.7481	0.7279
79	132	1	204.4822	7	1	0	1	1	0.7500	0.8100
79	133	1	206.0322	6	12	0	0	1	0.7444	1.1162
79	134	1	207.5822	5	13	0	1	1	0.7463	0.9265
79	135	1	209.1322	4	3	0	1	1	0.7481	0.5916
79	136	1	210.6822	3	14	0	1	1	0.7500	0.5940
79	137	1	212.2322	4	3	0	1	1	0.7518	0.5476
79	138	1	213.7822	6	12	90	0	1	0.7464	0.5657
79	139	1	215.3322	5	13	0	1	1	0.7482	0.6802
79	140	1	216.8821	8	2	90	1	1	0.7500	0.8743
79	141	1	218.4322	6	12	90	0	1	0.7447	0.9396
79	142	1	219.9821	7	1	0	1	1	0.7465	0.5905
79	143	1	221.5321	8	2	0	1	1	0.7483	0.5605
79	144	1	223.0821	7	1	90	1	1	0.7500	0.7704
79	145	1	224.6321	4	3	0	1	1	0.7517	0.5961
79	146	1	226.1821	6	12	0	1	1	0.7534	1.2861
79	147	1	227.7321	7	1	0	1	1	0.7551	0.6801
79	148	1	229.2821	5	13	0	0	1	0.7500	1.1625
79	149	1	230.8321	4	3	0	1	1	0.7517	0.5561
79	150	1	232.3821	7	1	90	1	1	0.7533	0.7346
79	151	1	233.9321	8	2	0	1	1	0.7550	0.5281
79	152	1	235.4821	5	13	90	1	1	0.7566	1.3297
79	153	1	237.0321	7	1	0	1	1	0.7582	0.6765
79	154	1	238.5820	6	12	90	1	1	0.7597	1.1262
79	155	1	240.1320	8	2	90	1	1	0.7613	0.7277
79	156	1	241.6820	7	1	90	1	1	0.7628	0.7618
79	157	1	243.2320	5	13	0	1	1	0.7643	0.8767
79	158	1	244.7820	4	3	90	1	1	0.7658	0.7498
79	159	1	246.3320	5	13	90	0	1	0.7610	0.9122
79	160	1	247.8820	8	2	0	1	1	0.7625	1.0263
79	161	1	249.4320	6	12	0	0	1	0.7578	0.9326
79	162	1	250.9820	5	13	0	1	1	0.7593	0.7905
79	163	1	252.5320	6	12	0	1	1	0.7607	0.6638
79	164	1	254.0820	4	3	0	1	1	0.7622	0.5387
79	165	1	255.6320	3	14	0	1	1	0.7636	0.5730
79	166	1	257.1819	1	6	0	0	1	0.7590	1.2948
79	167	1	258.7320	14	4	0	1	1	0.7605	0.7198
79	168	1	260.2819	13	11	90	0	1	0.7560	0.8186
79	169	1	261.8319	10	15	0	0	1	0.7515	0.9006
79	170	1	263.3819	11	10	0	1	1	0.7529	0.6459
79	171	1	264.9319	9	9	90	1	1	0.7544	0.8088
79	172	1	266.4819	10	15	0	1	1	0.7558	1.1786
79	173	1	268.0319	11	10	0	1	1	0.7572	0.6839
79	174	1	269.5819	13	11	0	1	1	0.7586	0.6706
79	175	1	271.1319	12	5	0	1	1	0.7600	0.7204
79	176	1	272.6819	10	15	0	1	1	0.7614	0.9148
79	177	1	274.2319	11	10	0	1	1	0.7627	0.6926
79	178	1	275.7818	9	9	0	1	1	0.7640	0.6464
79	179	1	277.3318	8	2	0	1	1	0.7654	0.7599
79	180	1	278.8818	9	9	0	1	1	0.7667	0.6659
79	181	1	280.4318	8	2	0	1	1	0.7680	0.5408
79	182	1	281.9818	6	12	90	0	1	0.7637	0.6068
79	183	1	283.5318	8	2	0	1	1	0.7650	0.5604
79	184	1	285.0818	9	9	0	1	1	0.7663	0.5468
79	185	1	286.6318	10	15	0	1	1	0.7676	0.9164
79	186	1	288.1818	11	10	0	1	1	0.7688	0.7265
79	187	1	289.7318	10	15	0	1	1	0.7701	0.7280
79	188	1	291.2818	13	11	0	1	1	0.7713	0.5388
79	189	1	292.8318	12	5	0	1	1	0.7725	0.6367
79	190	1	294.3817	10	15	0	1	1	0.7737	0.6064
79	191	1	295.9318	12	5	90	0	1	0.7696	0.5928
79	192	1	297.4818	9	9	0	1	1	0.7708	0.5303
79	193	1	299.0317	12	5	0	1	1	0.7720	0.8360
79	194	1	300.5817	11	10	90	0	1	0.7680	1.0149
79	195	1	302.1317	13	11	0	1	1	0.7692	0.5689
79	196	1	303.6817	14	4	0	1	1	0.7704	0.6180
79	197	1	305.2317	15	8	0	1	1	0.7716	0.6690
79	198	1	306.7817	3	14	0	1	1	0.7727	0.5748
79	199	1	308.3317	1	6	0	1	1	0.7739	0.7840
79	200	1	309.8817	2	7	0	1	1	0.7750	0.7230
79	201	1	311.4317	1	6	0	1	1	0.7761	0.8049
79	202	1	312.9816	14	4	0	1	1	0.7772	0.6300
79	203	1	314.5317	15	8	90	1	1	0.7783	0.8408
79	204	1	316.0816	3	14	0	1	1	0.7794	0.6186
79	205	1	317.6316	4	3	0	1	1	0.7805	0.6363
79	206	1	319.1816	3	14	0	1	1	0.7816	0.5741
79	207	1	320.7316	2	7	0	1	1	0.7826	1.0241
79	208	1	322.2816	14	4	0	1	1	0.7837	0.7381
79	209	1	323.8316	1	6	0	1	1	0.7847	0.6282
79	210	1	325.3816	15	8	0	1	1	0.7857	0.6790
79	211	1	326.9316	14	4	90	1	1	0.7867	0.6971
79	212	1	328.4816	13	11	0	1	1	0.7877	0.7310
79	213	1	330.0316	12	5	0	1	1	0.7887	0.8601
79	214	1	331.5816	13	11	90	0	1	0.7850	0.8462
79	215	1	333.1316	12	5	0	1	1	0.7860	1.1366
79	216	1	334.6815	9	9	0	1	1	0.7870	0.7381
79	217	1	336.2315	11	10	0	1	1	0.7880	0.7570
79	218	1	337.7815	12	5	0	1	1	0.7890	0.9031
79	219	1	339.3315	11	10	0	1	1	0.7900	0.7122
79	220	1	340.8815	12	5	0	1	1	0.7909	0.7468
79	221	1	342.4315	11	10	0	1	1	0.7919	0.7966
79	222	1	343.9815	12	5	90	1	1	0.7928	0.7672
79	223	1	345.5315	10	15	0	1	1	0.7937	0.7683
79	224	1	347.0814	13	11	0	1	1	0.7946	0.8183
79	225	1	348.6315	14	4	90	1	1	0.7956	0.6922
79	226	1	350.1815	15	8	0	0	1	0.7920	1.0152
79	227	1	351.7314	3	14	0	1	1	0.7930	0.6163
79	228	1	353.2814	4	3	0	1	1	0.7939	0.5862
79	229	1	354.8314	5	13	90	0	1	0.7904	0.8932
79	230	1	356.3814	7	1	0	1	1	0.7913	0.5582
79	231	1	357.9314	6	12	90	1	1	0.7922	1.0411
79	232	1	359.4814	8	2	90	1	1	0.7931	0.8987
79	233	1	361.0315	6	12	0	0	1	0.7897	1.4770
79	234	1	362.7481	7	1	0	1	1	0.7906	0.5759
79	235	1	364.2980	4	3	0	1	1	0.7915	0.6256
79	236	1	365.8480	7	1	0	1	1	0.7924	0.5157
79	237	1	367.3980	6	12	0	1	1	0.7932	0.9022
79	238	1	368.9480	7	1	0	1	1	0.7941	0.6797
79	239	1	370.4980	6	12	0	1	1	0.7950	0.7465
79	240	1	372.0480	4	3	90	1	1	0.7958	0.8763
79	241	1	373.5980	7	1	90	1	1	0.7967	0.8306
79	242	1	375.1480	4	3	0	1	1	0.7975	0.7526
79	243	1	376.6980	6	12	0	1	1	0.7984	1.3937
79	244	1	378.2480	5	13	0	1	1	0.7992	0.9966
79	245	1	379.7980	6	12	0	1	1	0.8000	0.8220
79	246	1	381.3480	5	13	0	1	1	0.8008	0.4562
79	247	1	382.8980	8	2	0	0	1	0.7976	0.7620
79	248	1	384.4479	7	1	0	1	1	0.7984	0.5562
79	249	1	385.9979	5	13	90	0	1	0.7952	0.7341
79	250	1	387.5479	4	3	0	1	1	0.7960	0.4478
79	251	1	389.0980	7	1	0	1	1	0.7968	0.5146
79	252	1	390.6479	5	13	0	1	1	0.7976	0.7727
79	253	1	392.1979	4	3	0	1	1	0.7984	0.5821
79	254	1	393.7479	5	13	90	0	1	0.7953	0.7926
79	255	1	395.2979	7	1	0	1	1	0.7961	0.7947
79	256	1	396.8479	6	12	0	1	1	0.7969	0.6198
79	257	1	398.3979	7	1	0	1	1	0.7977	0.5578
79	258	1	399.9479	5	13	90	0	1	0.7946	0.8008
79	259	1	401.4979	6	12	0	1	1	0.7954	0.6266
79	260	1	403.0479	5	13	0	1	1	0.7962	1.0446
79	261	1	404.5978	6	12	0	1	1	0.7969	0.6308
79	262	1	406.1478	7	1	0	1	1	0.7977	0.6639
79	263	1	407.6978	5	13	0	1	1	0.7985	0.9388
79	264	1	409.2478	4	3	0	1	1	0.7992	0.6359
79	265	1	410.7978	7	1	0	1	1	0.8000	0.5738
79	266	1	412.3478	6	12	0	1	1	0.8008	0.6399
79	267	1	413.8978	7	1	0	1	1	0.8015	0.5947
79	268	1	415.4478	6	12	0	1	1	0.8022	0.5643
79	269	1	416.9978	8	2	90	1	1	0.8030	0.7906
79	270	1	418.5478	7	1	90	1	1	0.8037	0.7928
79	271	1	420.0978	6	12	90	1	1	0.8044	1.1458
79	272	1	421.6478	5	13	0	1	1	0.8051	0.8923
79	273	1	423.1977	8	2	0	1	1	0.8059	0.7183
79	274	1	424.7477	7	1	90	1	1	0.8066	0.9444
79	275	1	426.2977	8	2	90	1	1	0.8073	0.7547
79	276	1	427.8477	9	9	90	1	1	0.8080	1.2368
79	277	1	429.3977	10	15	90	0	1	0.8051	0.9508
79	278	1	430.9477	11	10	0	1	1	0.8058	0.8089
79	279	1	432.4977	13	11	0	1	1	0.8065	0.9699
79	280	1	434.0477	11	10	90	1	1	0.8071	1.1008
79	281	1	435.5977	9	9	0	1	1	0.8078	0.8144
79	282	1	437.1477	12	5	0	1	1	0.8085	1.0080
79	283	1	438.6977	9	9	0	1	1	0.8092	0.6260
79	284	1	440.2477	12	5	0	1	1	0.8099	0.6608
79	285	1	441.7977	10	15	0	0	1	0.8070	1.0468
79	286	1	443.3477	11	10	90	0	1	0.8042	1.3366
79	287	1	444.9143	13	11	90	1	1	0.8049	1.2253
79	288	1	446.4643	10	15	0	1	1	0.8056	0.9234
79	289	1	448.0143	13	11	0	1	1	0.8062	0.9741
79	290	1	449.5643	12	5	0	1	1	0.8069	0.6714
79	291	1	451.1143	13	11	0	1	1	0.8076	0.5934
79	292	1	452.6643	10	15	0	1	1	0.8082	0.7878
79	293	1	454.2143	12	5	0	1	1	0.8089	0.6934
79	294	1	455.7642	13	11	0	1	1	0.8095	0.6643
79	295	1	457.3142	11	10	0	1	1	0.8102	0.9694
79	296	1	458.8643	13	11	0	1	1	0.8108	0.8277
79	297	1	460.4143	12	5	90	1	1	0.8114	0.7979
79	298	1	461.9642	11	10	90	1	1	0.8121	1.1361
79	299	1	463.5142	9	9	0	1	1	0.8127	1.0259
79	300	1	465.0642	12	5	90	-1	0	0.8100	-1.0000
79	301	1	466.8309	11	10	90	1	1	0.8106	1.0057
79	302	1	468.3809	12	5	0	1	1	0.8113	0.7832
79	303	1	469.9309	13	11	90	1	1	0.8119	1.0414
79	304	1	471.4808	12	5	0	1	1	0.8125	0.7388
79	305	1	473.0308	10	15	0	1	1	0.8131	0.6776
79	306	1	474.5808	13	11	0	1	1	0.8137	0.6633
79	307	1	476.1308	11	10	0	1	1	0.8143	0.9697
79	308	1	477.6808	10	15	0	1	1	0.8149	0.7318
79	309	1	479.2308	12	5	0	1	1	0.8155	0.7173
79	310	1	480.7808	9	9	0	1	1	0.8161	0.5909
79	311	1	482.3308	8	2	0	1	1	0.8167	0.7059
79	312	1	483.8808	6	12	90	0	1	0.8141	1.0269
79	313	1	485.4308	4	3	0	1	1	0.8147	0.6298
79	314	1	486.9807	7	1	0	1	1	0.8153	0.5674
79	315	1	488.5307	6	12	0	1	1	0.8159	0.7937
79	316	1	490.0807	8	2	0	1	1	0.8165	0.6509
79	317	1	491.6307	7	1	90	1	1	0.8170	0.8611
79	318	1	493.1807	5	13	0	1	1	0.8176	0.8636
79	319	1	494.7307	8	2	0	1	1	0.8182	0.7058
79	320	1	496.2807	6	12	90	0	1	0.8156	1.1710
79	321	1	497.8307	7	1	0	1	1	0.8162	1.0929
79	322	1	499.3807	4	3	0	1	1	0.8168	0.6630
79	323	1	500.9307	3	14	0	1	1	0.8173	0.6170
79	324	1	502.4807	15	8	0	1	1	0.8179	0.6509
79	325	1	504.0307	3	14	0	1	1	0.8185	0.5419
79	326	1	505.5807	1	6	0	1	1	0.8190	0.7678
79	327	1	507.1307	2	7	90	0	1	0.8165	1.1058
79	328	1	508.9641	1	6	0	1	1	0.8171	1.1124
79	329	1	510.5139	15	8	0	1	1	0.8176	0.5697
79	330	1	512.0640	3	14	0	1	1	0.8182	0.5397
79	331	1	513.6139	15	8	0	1	1	0.8187	0.5740
79	332	1	515.1639	2	7	0	1	1	0.8193	1.1836
79	333	1	516.7139	14	4	0	1	1	0.8198	0.7547
79	334	1	518.2639	13	11	0	1	1	0.8204	0.9486
79	335	1	519.8139	10	15	0	1	1	0.8209	0.7579
79	336	1	521.3639	13	11	0	1	1	0.8214	0.5682
79	337	1	522.9139	14	4	0	1	1	0.8220	0.5061
79	338	1	524.4639	2	7	0	1	1	0.8225	0.7642
79	339	1	526.0139	15	8	0	1	1	0.8230	0.6062
79	340	1	527.5639	2	7	0	1	1	0.8235	0.7524
79	341	1	529.1139	3	14	0	1	1	0.8240	0.5786
79	342	1	530.6639	4	3	0	1	1	0.8246	0.5802
79	343	1	532.2139	3	14	0	1	1	0.8251	0.5505
79	344	1	533.7638	1	6	0	1	1	0.8256	0.6646
79	345	1	535.3139	3	14	0	1	1	0.8261	0.5378
79	346	1	536.8638	4	3	0	1	1	0.8266	0.5878
79	347	1	538.4138	7	1	0	1	1	0.8271	0.5105
79	348	1	539.9638	6	12	0	1	1	0.8276	1.3922
79	349	1	541.5138	4	3	0	1	1	0.8281	0.6739
79	350	1	543.0638	5	13	0	1	1	0.8286	0.8527
79	351	1	544.6138	4	3	0	1	1	0.8291	0.5658
79	352	1	546.1638	5	13	90	1	1	0.8295	0.7766
79	353	1	547.7138	8	2	0	1	1	0.8300	0.5061
79	354	1	549.2638	5	13	0	1	1	0.8305	0.7323
79	355	1	550.8138	7	1	0	1	1	0.8310	0.5902
79	356	1	552.3637	6	12	0	1	1	0.8315	1.1367
79	357	1	553.9138	4	3	0	1	1	0.8319	0.4819
79	358	1	555.4637	3	14	0	1	1	0.8324	0.5322
79	359	1	557.0137	2	7	0	1	1	0.8329	1.1265
79	360	1	558.5637	15	8	0	1	1	0.8333	0.6808
79	361	1	560.1137	1	6	0	1	1	0.8338	0.6188
79	362	1	561.6637	3	14	0	1	1	0.8343	0.5568
79	363	1	563.2137	2	7	0	1	1	0.8347	0.6859
79	364	1	564.7637	14	4	0	1	1	0.8352	0.5444
79	365	1	566.3137	15	8	0	1	1	0.8356	0.5623
79	366	1	567.8637	3	14	0	1	1	0.8361	0.5327
79	367	1	569.4137	2	7	0	1	1	0.8365	0.6139
79	368	1	570.9637	15	8	0	1	1	0.8370	0.5363
79	369	1	572.5136	2	7	0	1	1	0.8374	0.5385
79	370	1	574.0636	3	14	0	1	1	0.8378	0.5401
79	371	1	575.6136	15	8	0	1	1	0.8383	0.4789
79	372	1	577.1636	3	14	90	1	1	0.8387	0.8320
79	373	1	578.7136	1	6	0	1	1	0.8391	0.8189
79	374	1	580.2636	3	14	90	1	1	0.8396	0.8680
79	375	1	581.8136	4	3	0	1	1	0.8400	0.6308
79	376	1	583.3636	3	14	0	1	1	0.8404	0.5686
79	377	1	584.9136	4	3	0	1	1	0.8408	0.5868
79	378	1	586.4636	3	14	0	1	1	0.8413	0.4929
79	379	1	588.0136	1	6	0	1	1	0.8417	0.6068
79	380	1	589.5635	3	14	0	1	1	0.8421	0.4644
79	381	1	591.1135	2	7	0	1	1	0.8425	0.5789
79	382	1	592.6635	3	14	0	1	1	0.8429	0.5485
79	383	1	594.2135	15	8	0	1	1	0.8433	0.4705
79	384	1	595.7635	2	7	0	1	1	0.8438	0.7289
79	385	1	597.3135	3	14	90	1	1	0.8442	0.8261
79	386	1	598.8635	2	7	0	1	1	0.8446	0.6848
79	387	1	600.4135	15	8	0	1	1	0.8450	0.5421
79	388	1	601.9635	14	4	0	1	1	0.8454	0.5285
79	389	1	603.5135	1	6	0	1	1	0.8458	0.6109
79	390	1	605.0635	14	4	0	1	1	0.8462	0.5326
79	391	1	606.6135	15	8	90	1	1	0.8465	0.8231
79	392	1	608.1635	2	7	0	1	1	0.8469	0.6484
79	393	1	609.7134	1	6	0	1	1	0.8473	0.6671
79	394	1	611.2635	15	8	0	1	1	0.8477	0.5881
79	395	1	612.8134	3	14	90	1	1	0.8481	0.9906
79	396	1	614.3634	1	6	0	1	1	0.8485	0.7522
79	397	1	615.9134	15	8	90	1	1	0.8489	0.8508
79	398	1	617.4634	1	6	0	1	1	0.8492	0.5486
79	399	1	619.0134	2	7	90	1	1	0.8496	0.9182
79	400	1	620.5634	3	14	90	0	1	0.8475	0.7602
79	401	1	622.1134	2	7	90	1	1	0.8479	1.1951
79	402	1	623.6634	3	14	0	1	1	0.8483	0.7322
79	403	1	625.2133	15	8	0	1	1	0.8486	0.8950
79	404	1	626.7633	2	7	0	1	1	0.8490	0.8806
79	405	1	628.3134	1	6	0	1	1	0.8494	0.7229
79	406	1	629.8633	15	8	0	1	1	0.8498	0.9328
79	407	1	631.4133	3	14	0	1	1	0.8501	0.8871
79	408	1	632.9633	2	7	90	1	1	0.8505	0.8405
79	409	1	634.5133	1	6	90	1	1	0.8509	1.2269
79	410	1	636.0633	3	14	0	1	1	0.8512	0.7650
79	411	1	637.6133	4	3	0	1	1	0.8516	0.5743
79	412	1	639.1633	5	13	0	1	1	0.8519	0.7522
79	413	1	640.7133	6	12	0	1	1	0.8523	0.7704
79	414	1	642.2633	7	1	0	1	1	0.8527	0.7413
79	415	1	643.8133	4	3	0	1	1	0.8530	0.5510
79	416	1	645.3632	6	12	90	1	1	0.8534	0.8408
79	417	1	646.9133	8	2	90	1	1	0.8537	0.7783
79	418	1	648.4633	7	1	0	1	1	0.8541	0.5884
79	419	1	650.0132	5	13	0	1	1	0.8544	0.8463
79	420	1	651.5632	8	2	0	1	1	0.8548	0.6731
79	421	1	653.1132	5	13	0	1	1	0.8551	0.6592
79	422	1	654.6632	8	2	0	1	1	0.8555	0.6451
79	423	1	656.2132	9	9	90	1	1	0.8558	0.8232
79	424	1	657.7632	8	2	0	1	1	0.8561	0.5851
79	425	1	659.3132	6	12	0	1	1	0.8565	0.7627
79	426	1	660.8633	8	2	0	1	1	0.8568	0.5728
79	427	1	662.4132	9	9	0	1	1	0.8571	0.6064
79	428	1	663.9632	12	5	0	1	1	0.8575	0.9124
79	429	1	665.5132	13	11	0	1	1	0.8578	0.7552
79	430	1	667.0631	11	10	90	1	1	0.8581	1.3173
79	431	1	668.6131	9	9	0	1	1	0.8585	0.6954
79	432	1	670.1631	8	2	0	1	1	0.8588	0.6804
79	433	1	671.7131	9	9	0	1	1	0.8591	0.5384
79	434	1	673.2631	11	10	0	1	1	0.8594	0.6214
79	435	1	674.8131	9	9	0	1	1	0.8598	0.5904
79	436	1	676.3631	10	15	0	1	1	0.8601	0.6893
79	437	1	677.9131	11	10	0	1	1	0.8604	0.4994
79	438	1	679.4631	13	11	0	1	1	0.8607	0.5805
79	439	1	681.0131	12	5	0	1	1	0.8610	0.6465
79	440	1	682.5631	10	15	0	1	1	0.8614	0.5365
79	441	1	684.1131	13	11	0	1	1	0.8617	0.5065
79	442	1	685.6631	11	10	0	1	1	0.8620	0.5413
79	443	1	687.2131	10	15	90	1	1	0.8623	0.7351
79	444	1	688.7630	9	9	0	1	1	0.8626	0.5445
79	445	1	690.3130	11	10	90	1	1	0.8629	0.8993
79	446	1	691.8630	10	15	0	1	1	0.8632	0.5175
79	447	1	693.4130	11	10	90	1	1	0.8635	0.6465
79	448	1	694.9630	13	11	90	0	1	0.8616	0.3930
79	449	1	696.5130	10	15	90	1	1	0.8619	0.6666
79	450	1	698.0630	11	10	0	1	1	0.8622	0.7974
79	451	1	699.6130	10	15	0	1	1	0.8625	0.5911
79	452	1	701.1630	13	11	0	1	1	0.8628	0.6726
79	453	1	702.7130	10	15	0	1	1	0.8631	0.7230
79	454	1	704.2630	9	9	0	1	1	0.8634	0.5814
79	455	1	705.8130	8	2	0	1	1	0.8637	0.5671
79	456	1	707.3629	7	1	0	1	1	0.8640	0.5535
79	457	1	708.9130	8	2	0	1	1	0.8643	0.5230
79	458	1	710.4629	5	13	0	1	1	0.8646	0.8606
79	459	1	712.0129	6	12	0	1	1	0.8649	0.8629
79	460	1	713.5629	8	2	0	1	1	0.8652	0.6406
79	461	1	715.1129	9	9	0	1	1	0.8655	0.5627
79	462	1	716.6629	8	2	0	1	1	0.8658	0.4535
79	463	1	718.2129	7	1	0	1	1	0.8661	0.5516
79	464	1	719.7629	4	3	0	1	1	0.8664	0.4732
79	465	1	721.3129	3	14	0	1	1	0.8667	0.5714
79	466	1	722.8629	1	6	0	1	1	0.8670	0.6695
79	467	1	724.4129	3	14	0	1	1	0.8672	0.5272
79	468	1	725.9629	15	8	0	1	1	0.8675	0.5617
79	469	1	727.5128	14	4	0	1	1	0.8678	0.5636
79	470	1	729.0628	15	8	0	1	1	0.8681	0.5327
79	471	1	730.6128	14	4	0	1	1	0.8684	0.5671
79	472	1	732.1628	15	8	90	1	1	0.8686	0.7299
79	473	1	733.7128	2	7	0	1	1	0.8689	0.8115
79	474	1	735.2628	14	4	90	1	1	0.8692	0.7647
79	475	1	736.8128	13	11	90	1	1	0.8695	1.1193
79	476	1	738.3628	14	4	0	1	1	0.8697	0.5617
79	477	1	739.9128	13	11	0	1	1	0.8700	0.5791
79	478	1	741.4628	12	5	0	1	1	0.8703	0.8056
79	479	1	743.0128	9	9	90	1	1	0.8706	0.8871
79	480	1	744.5628	11	10	0	1	1	0.8708	0.7611
79	481	1	746.1127	12	5	0	1	1	0.8711	0.6037
79	482	1	747.6627	9	9	0	1	1	0.8714	0.5895
79	483	1	749.2127	11	10	0	1	1	0.8716	0.7028
79	484	1	750.7628	10	15	0	1	1	0.8719	0.6734
79	485	1	752.3127	11	10	0	1	1	0.8722	0.6432
79	486	1	753.8627	13	11	90	1	1	0.8724	1.0448
79	487	1	755.4127	11	10	0	1	1	0.8727	0.6476
79	488	1	756.9627	10	15	0	1	1	0.8730	0.7612
79	489	1	758.5127	13	11	0	1	1	0.8732	0.6838
79	490	1	760.0627	11	10	0	1	1	0.8735	0.6217
79	491	1	761.6127	9	9	90	1	1	0.8737	0.7352
79	492	1	763.1627	12	5	0	1	1	0.8740	0.6248
79	493	1	764.7127	9	9	0	1	1	0.8742	0.5797
79	494	1	766.2626	8	2	0	1	1	0.8745	0.5652
79	495	1	767.8126	7	1	0	1	1	0.8747	0.4716
79	496	1	769.3626	4	3	0	1	1	0.8750	0.4569
79	497	1	770.9126	5	13	0	1	1	0.8753	0.7473
79	498	1	772.4626	7	1	90	1	1	0.8755	0.7494
79	499	1	774.0127	8	2	0	1	1	0.8758	0.5277
79	500	1	775.5626	5	13	0	1	1	0.8760	0.5773
79	501	1	777.1126	8	2	0	1	1	0.8762	0.5158
79	502	1	778.6626	9	9	0	1	1	0.8765	0.5338
79	503	1	780.2126	12	5	0	1	1	0.8767	0.5834
79	504	1	781.7626	9	9	0	1	1	0.8770	0.5858
79	505	1	783.3126	12	5	0	1	1	0.8772	0.7154
79	506	1	784.8626	11	10	0	1	1	0.8775	0.6850
79	507	1	786.4125	10	15	0	1	1	0.8777	0.6877
79	508	1	787.9625	9	9	0	1	1	0.8780	0.6730
79	509	1	789.5125	12	5	90	1	1	0.8782	0.7874
79	510	1	791.0625	10	15	0	1	1	0.8784	0.6130
79	511	1	792.6125	13	11	90	1	1	0.8787	0.9360
79	512	1	794.1625	14	4	0	1	1	0.8789	0.6019
79	513	1	795.7125	2	7	0	1	1	0.8791	0.6990
79	514	1	797.5292	1	6	0	1	1	0.8794	0.8663
79	515	1	799.0792	2	7	90	1	1	0.8796	0.8209
79	516	1	800.6292	1	6	0	1	1	0.8798	0.5664
79	517	1	802.1791	15	8	0	1	1	0.8801	0.7764
79	518	1	803.7291	1	6	90	1	1	0.8803	0.7634
79	519	1	805.2791	15	8	90	1	1	0.8805	0.6844
79	520	1	806.8291	14	4	0	1	1	0.8808	0.5433
79	521	1	808.3791	1	6	0	1	1	0.8810	0.6254
79	522	1	809.9291	3	14	0	1	1	0.8812	0.9153
79	523	1	811.4791	15	8	0	1	1	0.8815	0.5804
79	524	1	813.0290	14	4	0	1	1	0.8817	0.6142
79	525	1	814.5791	1	6	90	0	1	0.8800	1.0015
79	526	1	816.1291	14	4	90	0	1	0.8783	0.5229
79	527	1	817.6791	13	11	90	1	1	0.8786	0.8453
79	528	1	819.2290	12	5	0	1	1	0.8788	0.7193
79	529	1	820.7791	13	11	0	1	1	0.8790	0.5766
79	530	1	822.3290	11	10	0	1	1	0.8792	0.5949
79	531	1	823.8790	10	15	0	1	1	0.8795	0.5965
79	532	1	825.4290	12	5	0	1	1	0.8797	0.6470
79	533	1	826.9790	10	15	0	1	1	0.8799	0.5045
79	534	1	828.5290	12	5	0	1	1	0.8801	0.5385
79	535	1	830.0790	10	15	0	1	1	0.8804	0.5885
79	536	1	831.6290	13	11	0	1	1	0.8806	0.5589
79	537	1	833.1790	14	4	0	1	1	0.8808	0.5130
79	538	1	834.7290	2	7	90	1	1	0.8810	0.7554
79	539	1	836.2789	15	8	0	1	1	0.8813	0.6615
79	540	1	837.8289	1	6	0	1	1	0.8815	0.6789
79	541	1	839.3789	14	4	0	1	1	0.8817	0.8726
79	542	1	840.9289	15	8	90	1	1	0.8819	0.8116
79	543	1	842.4789	1	6	0	1	1	0.8821	0.5890
79	544	1	844.0289	14	4	0	1	1	0.8824	0.5594
79	545	1	845.5789	2	7	0	1	1	0.8826	0.8494
79	546	1	847.1289	15	8	0	1	1	0.8828	0.5475
79	547	1	848.6789	2	7	0	1	1	0.8830	0.6615
79	548	1	850.2289	1	6	0	1	1	0.8832	0.5676
79	549	1	851.7789	14	4	0	1	1	0.8834	0.5211
79	550	1	853.3289	1	6	90	1	1	0.8836	0.8915
79	551	1	854.8788	2	7	90	1	1	0.8838	0.8287
79	552	1	856.4288	3	14	0	1	1	0.8841	0.5596
79	553	1	857.9788	2	7	0	1	1	0.8843	0.6727
79	554	1	859.5288	1	6	0	1	1	0.8845	0.5635
79	555	1	861.0788	3	14	0	1	1	0.8847	0.6290
79	556	1	862.6288	4	3	0	1	1	0.8849	0.5997
79	557	1	864.1788	7	1	90	1	1	0.8851	0.7770
79	558	1	865.7288	6	12	0	1	1	0.8853	0.7957
79	559	1	867.2788	7	1	0	1	1	0.8855	0.6687
79	560	1	868.8288	4	3	0	1	1	0.8857	0.5271
79	561	1	870.3788	3	14	0	1	1	0.8859	0.4971
79	562	1	871.9288	2	7	90	1	1	0.8861	0.7396
79	563	1	873.4788	1	6	0	1	1	0.8863	0.7095
79	564	1	875.0288	14	4	0	1	1	0.8865	0.5832
79	565	1	876.5787	13	11	0	1	1	0.8867	0.7448
79	566	1	878.1287	11	10	90	1	1	0.8869	0.9396
79	567	1	879.6787	10	15	0	1	1	0.8871	0.7336
79	568	1	881.2287	13	11	0	1	1	0.8873	0.5268
79	569	1	882.7787	11	10	0	1	1	0.8875	0.6248
79	570	1	884.3287	10	15	0	1	1	0.8877	0.5631
79	571	1	885.8787	13	11	0	1	1	0.8879	0.5334
79	572	1	887.4287	12	5	0	1	1	0.8881	0.6152
79	573	1	888.9787	10	15	0	1	1	0.8883	0.5376
79	574	1	890.5287	12	5	0	1	1	0.8885	0.6358
79	575	1	892.0787	13	11	0	1	1	0.8887	0.5573
79	576	1	893.6286	10	15	0	1	1	0.8889	0.5276
79	577	1	895.1786	13	11	0	1	1	0.8891	0.4817
79	578	1	896.7287	12	5	0	1	1	0.8893	0.5468
79	579	1	898.2786	9	9	0	1	1	0.8895	0.6142
79	580	1	899.8286	10	15	0	1	1	0.8897	0.5512
79	581	1	901.3786	11	10	90	1	1	0.8898	0.7129
79	582	1	902.9286	9	9	0	1	1	0.8900	0.4748
79	583	1	904.4786	11	10	90	1	1	0.8902	0.7329
79	584	1	906.0286	13	11	0	1	1	0.8904	0.5432
79	585	1	907.5786	14	4	90	0	1	0.8889	0.6249
79	586	1	909.1286	2	7	0	1	1	0.8891	0.8831
79	587	1	910.6786	15	8	0	1	1	0.8893	0.6458
79	588	1	912.2286	14	4	0	1	1	0.8895	0.6638
79	589	1	913.7785	15	8	0	1	1	0.8896	0.6818
79	590	1	915.3285	2	7	0	1	1	0.8898	0.5878
79	591	1	916.8785	1	6	0	1	1	0.8900	0.8609
79	592	1	918.4285	3	14	0	1	1	0.8902	0.5281
79	593	1	919.9785	4	3	0	1	1	0.8904	0.5458
79	594	1	921.5285	5	13	0	1	1	0.8906	0.7710
79	595	1	923.0785	6	12	0	1	1	0.8908	0.7899
79	596	1	924.6285	7	1	0	1	1	0.8909	0.6799
79	597	1	926.1785	4	3	0	1	1	0.8911	0.6178
79	598	1	927.7285	6	12	90	1	1	0.8913	0.7318
79	599	1	929.2785	8	2	0	1	1	0.8915	0.7170
79	600	1	930.8285	7	1	0	1	1	0.8917	0.5910
79	601	1	1099.6275	8	2	0	-1	0	0.8902	-1.0000
79	602	1	1101.3609	5	13	0	1	1	0.8904	1.4034
79	603	1	1102.9108	6	12	0	1	1	0.8905	0.7970
79	604	1	1104.4609	5	13	0	1	1	0.8907	0.6225
79	605	1	1106.0108	7	1	90	-1	1	0.8893	-1.0000
79	606	1	1107.7608	5	13	0	1	1	0.8894	0.6350
79	607	1	1109.3108	6	12	0	1	1	0.8896	0.7176
79	608	1	1110.8608	8	2	0	1	1	0.8898	1.1351
79	609	1	1112.4108	7	1	90	-1	0	0.8883	-1.0000
79	610	1	1114.1441	6	12	0	1	1	0.8885	0.2198
79	611	1	1115.6941	5	13	0	1	1	0.8887	0.5262
79	612	1	1117.2441	8	2	0	1	1	0.8889	0.5917
79	613	1	1118.7941	5	13	0	1	1	0.8891	0.7380
79	614	1	1120.3441	8	2	0	1	1	0.8893	0.5002
79	615	1	1121.8941	7	1	90	1	1	0.8894	0.7733
79	616	1	1123.4441	6	12	90	0	1	0.8880	0.5353
79	617	1	1124.9941	7	1	90	1	1	0.8882	1.1453
79	618	1	1126.5441	6	12	0	1	1	0.8883	1.3073
79	619	1	1128.0940	4	3	0	1	1	0.8885	0.5896
79	620	1	1129.6440	5	13	0	1	1	0.8887	0.5443
79	621	1	1131.1940	7	1	90	1	1	0.8889	0.8013
79	622	1	1132.7440	5	13	0	1	1	0.8891	0.5474
79	623	1	1134.2940	6	12	0	1	1	0.8892	0.5813
79	624	1	1135.8440	7	1	0	1	1	0.8894	0.5684
79	625	1	1137.3940	4	3	0	1	1	0.8896	0.6023
79	626	1	1138.9440	3	14	0	1	1	0.8898	0.5401
79	627	1	1140.4940	4	3	0	1	1	0.8900	0.5579
79	628	1	1142.0440	5	13	0	1	1	0.8901	0.5434
79	629	1	1143.5940	6	12	0	1	1	0.8903	0.9462
79	630	1	1145.1440	5	13	0	1	1	0.8905	0.5157
79	631	1	1146.6939	7	1	0	1	1	0.8906	0.7737
79	632	1	1148.2439	8	2	0	1	1	0.8908	0.6963
79	633	1	1149.7939	6	12	0	1	1	0.8910	0.5863
79	634	1	1151.3439	4	3	0	1	1	0.8912	0.5074
79	635	1	1152.8939	7	1	0	1	1	0.8913	0.4783
79	636	1	1154.4439	5	13	0	1	1	0.8915	0.5280
79	637	1	1155.9939	4	3	0	1	1	0.8917	0.5295
79	638	1	1157.5439	7	1	0	1	1	0.8918	0.4202
79	639	1	1159.0939	4	3	0	1	1	0.8920	0.4374
79	640	1	1160.6439	7	1	0	1	1	0.8922	0.3275
79	641	1	1162.1939	8	2	90	1	1	0.8924	0.6663
79	642	1	1163.7439	5	13	0	1	1	0.8925	0.5401
79	643	1	1165.2938	8	2	0	1	1	0.8927	0.5905
79	644	1	1166.8438	9	9	90	1	1	0.8929	0.6398
79	645	1	1168.3938	8	2	0	1	1	0.8930	0.4343
79	646	1	1169.9438	7	1	90	1	1	0.8932	0.6281
79	647	1	1171.4938	6	12	90	0	1	0.8918	0.5184
79	648	1	1173.0438	4	3	90	1	1	0.8920	0.8240
79	649	1	1174.5938	3	14	0	1	1	0.8921	0.5545
79	650	1	1176.1438	2	7	90	1	1	0.8923	0.7955
79	651	1	1177.6938	3	14	0	1	1	0.8925	0.5095
79	652	1	1179.2438	2	7	90	1	1	0.8926	0.6556
79	653	1	1180.7938	1	6	90	0	1	0.8913	0.8496
79	654	1	1182.3438	2	7	90	1	1	0.8914	0.6600
79	655	1	1183.8937	14	4	90	1	1	0.8916	0.7096
79	656	1	1185.4437	1	6	0	1	1	0.8918	0.6965
79	657	1	1186.9937	2	7	0	0	1	0.8904	0.6180
79	658	1	1188.5437	1	6	0	1	1	0.8906	0.6202
79	659	1	1190.0937	14	4	0	1	1	0.8907	0.6057
79	660	1	1191.6437	1	6	0	1	1	0.8909	0.6237
79	661	1	1193.1937	14	4	0	1	1	0.8911	0.5937
79	662	1	1194.7437	1	6	0	1	1	0.8912	0.5321
79	663	1	1196.2937	3	14	0	1	1	0.8914	0.5344
79	664	1	1197.8437	15	8	0	1	1	0.8916	0.6000
79	665	1	1199.3937	3	14	0	1	1	0.8917	0.4897
79	666	1	1200.9437	2	7	0	1	1	0.8919	0.6197
79	667	1	1202.4937	14	4	90	1	1	0.8921	0.6545
79	668	1	1204.0436	2	7	0	1	1	0.8922	0.5601
79	669	1	1205.5936	15	8	0	1	1	0.8924	0.5946
79	670	1	1207.1436	1	6	0	1	1	0.8925	0.6125
79	671	1	1208.6936	2	7	0	-1	0	0.8912	-1.0000
79	672	1	1210.4269	3	14	0	1	1	0.8914	0.9444
79	673	1	1211.9769	4	3	0	1	1	0.8915	0.6104
79	674	1	1213.5269	3	14	0	1	1	0.8917	0.4850
79	675	1	1215.0769	2	7	0	1	1	0.8919	0.5033
79	676	1	1216.6270	15	8	90	1	1	0.8920	0.6172
79	677	1	1218.1769	14	4	0	1	1	0.8922	0.5233
79	678	1	1219.7269	13	11	0	1	1	0.8923	0.4764
79	679	1	1221.2769	11	10	0	1	1	0.8925	0.6075
79	680	1	1222.8269	10	15	0	1	1	0.8926	0.7689
79	681	1	1224.3769	13	11	0	1	1	0.8928	0.8355
79	682	1	1225.9269	11	10	90	1	1	0.8930	0.8373
79	683	1	1227.4769	13	11	90	1	1	0.8931	0.8394
79	684	1	1229.0268	10	15	90	1	1	0.8933	0.8094
79	685	1	1230.5768	12	5	0	1	1	0.8934	0.7472
79	686	1	1232.1268	13	11	90	1	1	0.8936	1.0529
79	687	1	1233.6768	11	10	0	1	1	0.8937	0.6392
79	688	1	1235.2268	13	11	0	1	1	0.8939	0.5935
79	689	1	1236.7768	11	10	0	1	1	0.8940	0.5789
79	690	1	1238.3268	12	5	0	1	1	0.8942	0.5645
79	691	1	1239.8768	9	9	0	1	1	0.8944	0.5989
79	692	1	1241.4268	8	2	90	1	1	0.8945	0.6488
79	693	1	1242.9768	5	13	90	0	1	0.8932	0.7154
79	694	1	1244.5267	8	2	0	1	1	0.8934	0.5728
79	695	1	1246.0767	9	9	0	1	1	0.8935	0.6074
79	696	1	1247.6268	11	10	90	1	1	0.8937	0.7215
79	697	1	1249.1768	12	5	0	1	1	0.8938	0.6914
79	698	1	1250.7267	10	15	0	1	1	0.8940	0.8054
79	699	1	1252.2768	9	9	0	1	1	0.8941	0.5666
79	700	1	1253.8267	11	10	0	1	1	0.8943	0.6326
79	701	1	1255.3768	10	15	90	1	1	0.8944	0.7309
79	702	1	1256.9267	13	11	0	1	1	0.8946	0.7006
79	703	1	1258.4767	11	10	0	1	1	0.8947	0.5746
79	704	1	1260.0267	12	5	0	1	1	0.8949	0.8646
79	705	1	1261.5767	11	10	0	1	1	0.8950	1.0906
79	706	1	1263.1267	9	9	90	1	1	0.8952	1.1732
79	707	1	1264.6766	11	10	90	1	1	0.8953	0.7907
79	708	1	1266.2266	9	9	0	1	1	0.8955	0.5855
79	709	1	1267.7766	11	10	0	1	1	0.8956	1.1946
79	710	1	1269.3266	9	9	90	1	1	0.8958	0.9087
79	711	1	1270.8766	11	10	0	1	1	0.8959	0.8477
79	712	1	1272.4267	9	9	0	1	1	0.8961	0.5606
79	713	1	1273.9766	11	10	0	1	1	0.8962	0.8187
79	714	1	1275.5266	12	5	0	1	1	0.8964	0.6291
79	715	1	1277.0766	13	11	0	1	1	0.8965	0.5347
79	716	1	1278.6266	12	5	0	1	1	0.8966	0.4887
79	717	1	1280.1766	9	9	0	1	1	0.8968	0.5236
79	718	1	1281.7266	8	2	0	1	1	0.8969	0.5412
79	719	1	1283.2766	5	13	0	1	1	0.8971	0.7034
79	720	1	1284.8265	7	1	0	1	1	0.8972	0.8327
79	721	1	1286.3765	6	12	0	1	1	0.8974	1.0756
79	722	1	1287.9266	5	13	90	1	1	0.8975	0.7407
79	723	1	1289.4765	6	12	0	1	1	0.8976	0.7117
79	724	1	1291.0266	4	3	0	1	1	0.8978	0.6975
79	725	1	1292.5765	6	12	0	1	1	0.8979	0.6036
79	726	1	1294.1265	5	13	90	1	1	0.8981	0.6367
79	727	1	1295.6765	6	12	0	1	1	0.8982	0.7037
79	728	1	1297.2265	7	1	0	1	1	0.8984	0.5933
79	729	1	1298.7765	4	3	0	1	1	0.8985	0.4997
79	730	1	1300.3265	7	1	0	1	1	0.8986	0.5662
79	731	1	1301.8765	6	12	0	1	1	0.8988	0.5995
79	732	1	1303.4265	4	3	0	1	1	0.8989	0.5853
79	733	1	1304.9764	7	1	0	1	1	0.8990	0.5392
79	734	1	1306.5264	5	13	0	1	1	0.8992	0.6857
79	735	1	1308.0764	7	1	0	1	1	0.8993	0.5276
79	736	1	1309.6264	4	3	0	1	1	0.8995	0.4489
79	737	1	1311.1764	3	14	90	1	1	0.8996	0.7717
79	738	1	1312.7264	1	6	0	1	1	0.8997	0.6297
79	739	1	1314.2764	2	7	0	1	1	0.8999	0.6474
79	740	1	1315.8264	1	6	0	1	1	0.9000	0.5697
79	741	1	1317.3764	14	4	0	1	1	0.9001	0.5236
79	742	1	1318.9264	2	7	0	1	1	0.9003	0.6689
79	743	1	1320.4764	14	4	0	1	1	0.9004	0.4957
79	744	1	1322.0264	1	6	0	1	1	0.9005	0.5452
79	745	1	1323.5764	2	7	0	1	1	0.9007	0.5154
79	746	1	1325.1264	1	6	0	1	1	0.9008	0.4538
79	747	1	1326.6764	2	7	0	1	1	0.9009	0.4717
79	748	1	1328.2264	15	8	0	1	1	0.9011	0.5689
79	749	1	1329.7763	3	14	0	1	1	0.9012	0.5544
79	750	1	1331.3263	1	6	90	1	1	0.9013	0.7490
79	751	1	1332.8763	14	4	90	1	1	0.9015	1.1350
79	752	1	1334.4263	1	6	90	1	1	0.9016	0.8010
79	753	1	1335.9763	14	4	0	1	1	0.9017	0.5958
79	754	1	1337.5263	2	7	0	1	1	0.9019	0.6133
79	755	1	1339.0763	15	8	0	1	1	0.9020	0.5350
79	756	1	1340.6263	2	7	0	1	1	0.9021	0.5218
79	757	1	1342.1763	14	4	0	1	1	0.9022	0.5239
79	758	1	1343.7262	2	7	90	1	1	0.9024	0.7010
79	759	1	1345.2762	15	8	0	1	1	0.9025	0.5430
79	760	1	1346.8262	3	14	0	1	1	0.9026	0.4499
79	761	1	1348.3762	4	3	0	1	1	0.9028	0.4999
79	762	1	1349.9262	5	13	0	1	1	0.9029	0.6135
79	763	1	1351.4762	8	2	90	1	1	0.9030	0.7595
79	764	1	1353.0262	6	12	0	1	1	0.9031	1.1138
79	765	1	1354.5762	4	3	0	1	1	0.9033	0.6031
79	766	1	1356.1262	7	1	0	1	1	0.9034	0.5579
79	767	1	1357.6762	4	3	0	1	1	0.9035	0.4797
79	768	1	1359.2262	3	14	0	1	1	0.9036	0.4981
79	769	1	1360.7762	1	6	0	1	1	0.9038	0.5311
79	770	1	1362.3262	14	4	0	1	1	0.9039	0.4539
79	771	1	1363.8761	1	6	0	1	1	0.9040	0.4391
79	772	1	1365.4262	15	8	0	1	1	0.9041	0.5216
79	773	1	1366.9761	2	7	90	1	1	0.9043	0.7152
79	774	1	1368.5261	15	8	0	1	1	0.9044	0.5260
79	775	1	1370.0761	14	4	0	1	1	0.9045	0.5112
79	776	1	1371.6261	15	8	0	1	1	0.9046	0.4332
79	777	1	1373.1761	14	4	90	1	1	0.9048	0.5636
79	778	1	1374.7261	2	7	0	1	1	0.9049	0.5180
79	779	1	1376.2761	3	14	0	1	1	0.9050	0.5521
79	780	1	1377.8261	1	6	0	1	1	0.9051	0.5541
79	781	1	1379.3761	15	8	0	1	1	0.9052	0.4596
79	782	1	1380.9261	2	7	0	1	1	0.9054	0.6861
79	783	1	1382.4761	3	14	90	1	1	0.9055	0.7032
79	784	1	1384.0260	4	3	0	1	1	0.9056	0.5462
79	785	1	1385.5760	7	1	0	1	1	0.9057	0.5313
79	786	1	1387.1260	6	12	0	1	1	0.9059	0.6622
79	787	1	1388.6760	8	2	90	1	1	0.9060	0.6161
79	788	1	1390.2260	9	9	0	1	1	0.9061	0.5062
79	789	1	1391.7760	11	10	0	1	1	0.9062	0.6362
79	790	1	1393.3260	10	15	0	1	1	0.9063	0.7014
79	791	1	1394.8760	9	9	0	1	1	0.9064	0.6402
79	792	1	1396.4260	12	5	90	1	1	0.9066	0.6742
79	793	1	1397.9760	10	15	90	1	1	0.9067	0.7722
79	794	1	1399.5260	12	5	0	1	1	0.9068	0.7423
79	795	1	1401.0759	11	10	0	1	1	0.9069	0.6153
79	796	1	1402.6259	10	15	0	1	1	0.9070	0.6338
79	797	1	1404.1760	11	10	90	1	1	0.9072	0.7633
79	798	1	1405.7259	12	5	0	1	1	0.9073	0.7174
79	799	1	1407.2759	13	11	0	1	1	0.9074	0.7193
79	800	1	1408.8259	14	4	0	1	1	0.9075	0.6099
79	801	1	1410.3759	13	11	0	1	1	0.9076	0.5153
79	802	1	1411.9259	14	4	0	1	1	0.9077	0.5498
79	803	1	1413.4759	13	11	0	1	1	0.9078	0.5034
79	804	1	1415.0259	10	15	0	1	1	0.9080	0.6341
79	805	1	1416.5759	9	9	0	1	1	0.9081	0.5238
79	806	1	1418.1259	8	2	0	1	1	0.9082	0.5734
79	807	1	1419.6759	9	9	0	1	1	0.9083	0.7202
79	808	1	1421.2258	10	15	0	1	1	0.9084	0.5774
79	809	1	1422.7758	13	11	0	1	1	0.9085	0.5159
79	810	1	1424.3258	12	5	0	1	1	0.9086	0.5982
79	811	1	1425.8758	11	10	0	1	1	0.9088	0.4883
79	812	1	1427.4258	10	15	0	1	1	0.9089	0.5222
79	813	1	1428.9758	13	11	0	1	1	0.9090	0.5242
79	814	1	1430.5258	10	15	0	1	1	0.9091	0.5420
79	815	1	1432.0758	12	5	0	1	1	0.9092	0.5761
79	816	1	1433.6258	11	10	0	1	1	0.9093	0.4983
79	817	1	1435.1758	12	5	0	1	1	0.9094	0.4840
79	818	1	1436.7258	13	11	0	1	1	0.9095	0.5341
79	819	1	1438.2758	10	15	0	1	1	0.9096	0.5044
79	820	1	1439.8257	9	9	0	1	1	0.9098	0.5375
79	821	1	1441.3758	12	5	90	1	1	0.9099	0.7162
79	822	1	1442.9258	10	15	0	1	1	0.9100	0.5097
79	823	1	1444.4757	9	9	0	1	1	0.9101	0.4960
79	824	1	1446.0257	10	15	0	1	1	0.9102	0.4495
79	825	1	1447.5757	12	5	0	1	1	0.9103	0.5321
79	826	1	1449.1257	9	9	0	1	1	0.9104	0.5023
79	827	1	1450.6757	8	2	90	1	1	0.9105	0.6315
79	828	1	1452.2257	5	13	0	1	1	0.9106	0.8104
79	829	1	1453.7757	7	1	0	1	1	0.9107	0.6682
79	830	1	1455.3257	8	2	90	1	1	0.9108	0.7175
79	831	1	1456.8756	7	1	0	1	1	0.9110	0.5596
79	832	1	1458.4257	5	13	0	1	1	0.9111	0.6583
79	833	1	1459.9757	6	12	0	1	1	0.9112	0.7560
79	834	1	1461.5257	5	13	0	1	1	0.9113	0.5983
79	835	1	1463.0756	6	12	0	1	1	0.9114	0.5845
79	836	1	1464.6256	7	1	0	1	1	0.9115	0.5540
79	837	1	1466.1756	8	2	90	1	1	0.9116	0.6684
79	838	1	1467.7256	9	9	0	1	1	0.9117	0.5105
79	839	1	1469.2756	11	10	0	1	1	0.9118	0.5601
79	840	1	1470.8256	12	5	0	1	1	0.9119	0.5464
79	841	1	1472.3756	11	10	0	1	1	0.9120	0.5646
79	842	1	1473.9256	10	15	0	1	1	0.9121	0.5184
79	843	1	1475.4756	12	5	90	1	1	0.9122	0.6485
79	844	1	1477.0256	13	11	0	1	1	0.9123	0.5705
79	845	1	1478.5756	12	5	0	1	1	0.9124	0.5237
79	846	1	1480.1256	9	9	0	1	1	0.9125	0.5265
79	847	1	1481.6756	8	2	90	1	1	0.9126	0.6402
79	848	1	1483.2255	7	1	90	1	1	0.9127	0.8337
79	849	1	1484.7756	6	12	0	1	1	0.9128	0.6766
79	850	1	1486.3255	4	3	0	1	1	0.9129	0.7266
79	851	1	1487.8755	7	1	0	1	1	0.9130	0.6003
79	852	1	1489.4255	6	12	0	1	1	0.9131	0.6666
79	853	1	1490.9755	5	13	0	1	1	0.9132	0.6207
79	854	1	1492.5255	7	1	0	1	1	0.9133	0.5577
79	855	1	1494.0755	5	13	90	1	1	0.9135	1.0247
79	856	1	1495.6255	6	12	0	1	1	0.9136	0.6097
79	857	1	1497.1755	8	2	0	1	1	0.9137	0.5007
79	858	1	1498.7256	5	13	90	1	1	0.9138	0.6621
79	859	1	1500.2754	6	12	0	1	1	0.9139	0.7765
79	860	1	1501.8254	8	2	0	1	1	0.9140	0.5061
79	861	1	1503.3754	5	13	0	1	1	0.9141	0.5723
79	862	1	1504.9255	8	2	0	1	1	0.9142	0.4942
79	863	1	1506.4754	5	13	90	1	1	0.9143	0.5918
79	864	1	1508.0254	7	1	0	1	1	0.9144	0.5782
79	865	1	1509.5754	8	2	90	1	1	0.9145	0.5962
79	866	1	1511.1254	9	9	0	1	1	0.9145	0.5498
79	867	1	1512.6754	12	5	0	0	1	0.9135	0.6967
79	868	1	1514.2254	13	11	0	1	1	0.9136	0.6027
79	869	1	1515.7754	12	5	0	1	1	0.9137	0.5087
79	870	1	1517.3254	9	9	0	1	1	0.9138	0.5099
79	871	1	1518.8754	10	15	0	1	1	0.9139	0.5765
79	872	1	1520.4253	12	5	0	1	1	0.9140	0.5308
79	873	1	1521.9753	9	9	90	0	1	0.9129	0.4838
79	874	1	1523.5253	11	10	0	1	1	0.9130	0.6786
79	875	1	1525.0753	10	15	0	1	1	0.9131	0.5519
79	876	1	1526.6253	13	11	0	1	1	0.9132	0.5227
79	877	1	1528.1753	10	15	0	1	1	0.9133	0.4768
79	878	1	1529.7253	9	9	90	1	1	0.9134	0.6699
79	879	1	1531.2753	10	15	0	1	1	0.9135	0.5288
79	880	1	1532.8253	12	5	0	1	1	0.9136	0.5619
79	881	1	1534.3753	11	10	0	1	1	0.9137	0.5168
79	882	1	1535.9254	10	15	0	1	1	0.9138	0.4700
79	883	1	1537.4753	9	9	0	1	1	0.9139	0.5525
79	884	1	1539.0252	12	5	0	1	1	0.9140	0.4585
79	885	1	1540.5752	13	11	0	1	1	0.9141	0.5720
79	886	1	1542.1252	11	10	0	1	1	0.9142	0.5579
79	887	1	1543.6752	13	11	90	1	1	0.9143	0.7039
79	888	1	1545.2252	14	4	90	1	1	0.9144	0.7068
79	889	1	1546.7752	13	11	0	1	1	0.9145	0.5488
79	890	1	1548.3252	11	10	0	1	1	0.9146	0.5820
79	891	1	1549.8753	12	5	0	1	1	0.9147	0.5359
79	892	1	1551.4252	13	11	0	1	1	0.9148	0.5220
79	893	1	1552.9752	11	10	0	1	1	0.9149	0.5080
79	894	1	1554.5252	12	5	90	1	1	0.9150	0.6540
79	895	1	1556.0752	10	15	0	1	1	0.9151	0.5608
79	896	1	1557.6251	12	5	90	1	1	0.9152	0.9466
79	897	1	1559.1751	9	9	0	1	1	0.9153	0.6289
79	898	1	1560.7251	12	5	0	1	1	0.9154	0.5340
79	899	1	1562.2751	13	11	90	1	1	0.9155	0.6486
79	900	1	1563.8251	12	5	0	1	1	0.9156	0.7149
79	901	1	1565.3751	11	10	0	1	1	0.9156	0.6841
79	902	1	1566.9251	10	15	0	1	1	0.9157	0.5750
79	903	1	1568.4751	9	9	90	1	1	0.9158	0.6406
79	904	1	1570.0252	8	2	0	1	1	0.9159	0.5140
79	905	1	1571.5751	6	12	0	1	1	0.9160	0.6929
79	906	1	1573.1251	4	3	0	1	1	0.9161	0.7261
79	907	1	1574.6751	6	12	0	1	1	0.9162	0.6481
79	908	1	1576.2251	7	1	0	1	1	0.9163	0.5710
79	909	1	1577.7750	5	13	90	1	1	0.9164	0.6206
79	910	1	1579.3250	7	1	0	1	1	0.9165	0.5590
79	911	1	1580.8750	5	13	0	1	1	0.9166	0.6089
79	912	1	1582.4250	4	3	0	1	1	0.9167	0.5462
79	913	1	1583.9750	3	14	90	1	1	0.9168	0.6770
79	914	1	1585.5250	4	3	90	0	1	0.9158	0.7271
79	915	1	1587.0750	7	1	0	1	1	0.9158	0.5371
79	916	1	1588.6250	5	13	0	1	1	0.9159	0.7461
79	917	1	1590.1750	4	3	0	1	1	0.9160	0.4926
79	918	1	1591.7250	5	13	0	1	1	0.9161	0.6382
79	919	1	1593.2750	7	1	0	1	1	0.9162	0.5762
79	920	1	1594.8250	4	3	0	1	1	0.9163	0.4982
79	921	1	1596.3750	5	13	90	1	1	0.9164	0.7250
79	922	1	1597.9250	6	12	0	1	1	0.9165	0.7270
79	923	1	1599.4749	5	13	0	1	1	0.9166	0.6008
79	924	1	1601.0249	8	2	0	1	1	0.9167	0.8102
79	925	1	1602.5749	7	1	0	1	1	0.9168	0.5887
79	926	1	1604.1249	8	2	0	1	1	0.9168	0.5583
79	927	1	1605.6749	6	12	0	1	1	0.9169	0.6892
79	928	1	1607.2249	4	3	0	1	1	0.9170	0.5468
79	929	1	1608.7749	3	14	90	1	1	0.9171	0.6609
79	930	1	1610.3249	4	3	0	1	1	0.9172	0.5507
79	931	1	1611.8749	6	12	0	1	1	0.9173	0.6811
79	932	1	1613.4249	4	3	0	1	1	0.9174	0.4747
79	933	1	1614.9748	6	12	0	1	1	0.9175	0.6370
79	934	1	1616.5248	5	13	0	1	1	0.9176	0.6072
79	935	1	1618.0748	4	3	0	1	1	0.9176	0.5452
79	936	1	1619.6248	6	12	0	1	1	0.9177	0.5473
79	937	1	1621.1748	7	1	0	1	1	0.9178	0.5328
79	938	1	1622.7248	5	13	0	1	1	0.9179	0.5666
79	939	1	1624.2748	7	1	0	1	1	0.9180	0.4892
79	940	1	1625.8248	6	12	0	1	1	0.9181	0.6665
79	941	1	1627.3748	7	1	90	1	1	0.9182	0.7644
79	942	1	1628.9249	5	13	0	1	1	0.9183	0.5263
79	943	1	1630.4748	6	12	90	1	1	0.9183	0.8328
79	944	1	1632.0248	5	13	0	1	1	0.9184	0.5793
79	945	1	1633.5748	6	12	0	1	1	0.9185	0.6453
79	946	1	1635.1248	4	3	90	1	1	0.9186	0.7433
79	947	1	1636.6747	3	14	0	1	1	0.9187	0.7133
79	948	1	1638.2247	1	6	0	1	1	0.9188	0.7473
79	949	1	1639.7747	15	8	0	1	1	0.9189	0.6054
79	950	1	1641.3247	3	14	90	1	1	0.9189	0.7514
79	951	1	1642.8747	4	3	0	1	1	0.9190	0.4813
79	952	1	1644.4247	6	12	0	1	1	0.9191	1.2992
79	953	1	1645.9747	5	13	0	1	1	0.9192	0.6453
79	954	1	1647.5247	8	2	0	1	1	0.9193	0.5829
79	955	1	1649.0747	9	9	0	1	1	0.9194	0.5525
79	956	1	1650.6247	10	15	0	1	1	0.9195	0.6193
79	957	1	1652.1747	11	10	0	1	1	0.9195	0.4774
79	958	1	1653.7246	13	11	0	1	1	0.9196	0.5435
79	959	1	1655.2746	11	10	0	1	1	0.9197	0.4969
79	960	1	1656.8246	9	9	90	1	1	0.9198	0.7705
79	961	1	1658.3747	12	5	0	1	1	0.9199	0.6935
79	962	1	1659.9247	10	15	90	1	1	0.9200	0.8073
79	963	1	1661.4746	12	5	0	1	1	0.9200	0.6974
79	964	1	1663.0246	13	11	0	1	1	0.9201	0.5865
79	965	1	1664.5746	12	5	0	1	1	0.9202	0.5565
79	966	1	1666.1246	10	15	0	1	1	0.9203	0.5274
79	967	1	1667.6746	9	9	0	1	1	0.9204	0.5129
79	968	1	1669.2246	12	5	0	1	1	0.9205	0.6276
79	969	1	1670.7746	11	10	90	0	1	0.9195	0.4855
79	970	1	1672.3246	10	15	0	1	1	0.9196	0.6309
79	971	1	1673.8745	9	9	0	1	1	0.9197	0.5531
79	972	1	1675.4245	12	5	0	1	1	0.9198	0.6186
79	973	1	1676.9745	10	15	90	1	1	0.9198	0.6375
79	974	1	1678.5245	9	9	0	1	1	0.9199	0.5270
79	975	1	1680.0745	10	15	0	1	1	0.9200	0.6091
79	976	1	1681.6245	13	11	0	1	1	0.9201	0.5469
79	977	1	1683.1745	11	10	0	1	1	0.9202	0.6934
79	978	1	1684.7245	13	11	0	1	1	0.9202	0.5516
79	979	1	1686.5579	10	15	0	1	1	0.9203	0.7492
79	980	1	1688.1078	13	11	0	1	1	0.9204	0.5442
79	981	1	1689.6578	14	4	0	1	1	0.9205	0.5782
79	982	1	1691.2079	1	6	0	1	1	0.9206	0.6112
79	983	1	1692.7578	14	4	90	1	1	0.9207	0.6133
79	984	1	1694.3078	2	7	0	1	1	0.9207	0.7442
79	985	1	1695.8578	15	8	0	1	1	0.9208	0.6023
79	986	1	1697.4078	1	6	0	1	1	0.9209	0.6362
79	987	1	1698.9577	15	8	0	1	1	0.9210	0.5573
79	988	1	1700.5077	3	14	0	1	1	0.9211	0.4803
79	989	1	1702.0578	4	3	90	1	1	0.9211	0.6733
79	990	1	1703.6077	5	13	0	1	1	0.9212	0.6119
79	991	1	1705.1577	4	3	0	1	1	0.9213	0.5174
79	992	1	1706.7077	3	14	90	1	1	0.9214	0.6475
79	993	1	1708.2577	2	7	0	1	1	0.9215	0.5694
79	994	1	1709.8077	3	14	90	1	1	0.9215	0.5723
79	995	1	1711.3577	4	3	0	1	1	0.9216	0.5423
79	996	1	1712.9077	3	14	0	1	1	0.9217	0.4955
79	997	1	1714.4577	1	6	90	1	1	0.9218	0.7855
79	998	1	1716.0077	3	14	0	1	1	0.9218	0.4835
79	999	1	1717.5577	15	8	0	1	1	0.9219	0.5822
79	1000	1	1719.1076	14	4	90	1	1	0.9220	0.6155
79	1001	1	1720.6576	15	8	90	1	1	0.9221	0.6499
79	1002	1	1722.2076	2	7	0	1	1	0.9222	0.5555
79	1003	1	1723.7576	15	8	0	1	1	0.9222	0.4784
79	1004	1	1725.3076	1	6	0	1	1	0.9223	0.5283
79	1005	1	1726.8577	2	7	0	1	1	0.9224	0.5299
79	1006	1	1728.4076	1	6	0	1	1	0.9225	0.5165
79	1007	1	1729.9576	3	14	0	1	1	0.9225	0.5984
79	1008	1	1731.5076	1	6	0	1	1	0.9226	0.5203
79	1009	1	1733.0576	3	14	0	1	1	0.9227	0.4743
79	1010	1	1734.6076	2	7	90	1	1	0.9228	0.6995
79	1011	1	1736.1576	14	4	0	1	1	0.9228	0.6381
79	1012	1	1737.7075	2	7	0	1	1	0.9229	0.5924
79	1013	1	1739.2575	14	4	90	1	1	0.9230	0.5622
79	1014	1	1740.8075	13	11	0	1	1	0.9231	0.5643
79	1015	1	1742.3575	11	10	0	1	1	0.9232	0.6143
79	1016	1	1743.9075	9	9	0	1	1	0.9232	0.5364
79	1017	1	1745.4575	11	10	0	1	1	0.9233	0.5862
79	1018	1	1747.0075	9	9	0	1	1	0.9234	0.7796
79	1019	1	1748.5575	8	2	0	1	1	0.9235	0.6064
79	1020	1	1750.1075	5	13	0	1	1	0.9235	0.6244
79	1021	1	1751.6575	7	1	0	1	1	0.9236	0.8176
79	1022	1	1753.2075	8	2	0	1	1	0.9237	0.5958
79	1023	1	1754.7575	9	9	0	1	1	0.9238	0.5340
79	1024	1	1756.3074	11	10	0	1	1	0.9238	0.4880
79	1025	1	1757.8574	9	9	0	1	1	0.9239	0.5064
79	1026	1	1759.4074	11	10	0	1	1	0.9240	0.4125
79	1027	1	1760.9574	9	9	0	1	1	0.9241	0.4626
79	1028	1	1762.5074	10	15	0	1	1	0.9241	0.6885
79	1029	1	1764.0574	12	5	0	1	1	0.9242	0.7060
79	1030	1	1765.6074	9	9	0	1	1	0.9243	0.5477
79	1031	1	1767.1574	11	10	0	1	1	0.9243	0.4696
79	1032	1	1768.7074	13	11	0	1	1	0.9244	0.5041
79	1033	1	1770.2574	10	15	0	1	1	0.9245	0.4427
79	1034	1	1771.8074	12	5	0	1	1	0.9246	0.5077
79	1035	1	1773.3574	13	11	0	1	1	0.9246	0.5097
79	1036	1	1774.9074	12	5	0	1	1	0.9247	0.4806
79	1037	1	1776.4573	10	15	0	1	1	0.9248	0.5622
79	1038	1	1778.0073	13	11	0	1	1	0.9249	0.5157
79	1039	1	1779.5573	14	4	0	1	1	0.9249	0.5662
79	1040	1	1781.1073	2	7	90	1	1	0.9250	0.6967
79	1041	1	1782.6573	1	6	90	1	1	0.9251	0.8102
79	1042	1	1784.2073	15	8	0	1	1	0.9251	0.5247
79	1043	1	1785.7573	2	7	90	1	1	0.9252	0.6066
79	1044	1	1787.3073	15	8	0	1	1	0.9253	0.4967
79	1045	1	1788.8573	3	14	90	1	1	0.9254	0.5946
79	1046	1	1790.4073	15	8	0	1	1	0.9254	0.5168
79	1047	1	1791.9573	14	4	0	1	1	0.9255	0.5023
79	1048	1	1793.5073	15	8	0	1	1	0.9256	0.5358
79	1049	1	1795.0572	3	14	90	1	1	0.9256	0.5547
79	1050	1	1796.6072	1	6	0	1	1	0.9257	0.4922
79	1051	1	1798.1573	2	7	0	1	1	0.9258	0.8458
79	1052	1	1799.7072	3	14	0	1	1	0.9259	0.6242
79	1053	1	1801.2572	4	3	90	1	1	0.9259	0.7228
79	1054	1	1802.8072	3	14	0	1	1	0.9260	0.4999
79	1055	1	1804.3572	1	6	0	1	1	0.9261	0.5187
79	1056	1	1805.9072	15	8	0	1	1	0.9261	0.5047
79	1057	1	1807.4571	1	6	0	1	1	0.9262	0.5539
79	1058	1	1809.0072	2	7	0	1	1	0.9263	0.5246
79	1059	1	1810.5572	3	14	0	1	1	0.9263	0.4630
79	1060	1	1812.1072	15	8	0	1	1	0.9264	0.5128
79	1061	1	1813.6571	1	6	0	1	1	0.9265	0.5460
79	1062	1	1815.2071	3	14	0	1	1	0.9266	0.5319
79	1063	1	1816.7572	4	3	0	1	1	0.9266	0.5979
79	1064	1	1818.3071	3	14	90	1	1	0.9267	0.7124
79	1065	1	1819.8571	1	6	90	1	1	0.9268	0.6980
79	1066	1	1821.4071	2	7	0	1	1	0.9268	0.7008
79	1067	1	1822.9571	15	8	0	1	1	0.9269	0.5268
79	1068	1	1824.5071	1	6	90	1	1	0.9270	0.7044
79	1069	1	1826.0571	14	4	0	1	1	0.9270	0.5309
79	1070	1	1827.6071	1	6	0	1	1	0.9271	0.4528
79	1071	1	1829.1571	15	8	0	1	1	0.9272	0.4868
79	1072	1	1830.7071	2	7	0	1	1	0.9272	0.4886
79	1073	1	1832.2571	14	4	0	1	1	0.9273	0.4899
79	1074	1	1833.8070	13	11	90	1	1	0.9274	0.7967
79	1075	1	1835.3570	11	10	0	1	1	0.9274	0.8948
79	1076	1	1836.9070	10	15	0	1	1	0.9275	0.8329
79	1077	1	1838.4570	11	10	0	1	1	0.9276	0.5465
79	1078	1	1840.0070	10	15	0	1	1	0.9276	0.5650
79	1079	1	1841.5570	12	5	0	1	1	0.9277	0.6149
79	1080	1	1843.1070	9	9	0	1	1	0.9278	0.4883
79	1081	1	1844.6570	12	5	0	1	1	0.9278	0.5389
79	1082	1	1846.2070	9	9	0	1	1	0.9279	0.4770
79	1083	1	1847.7570	12	5	0	1	1	0.9280	0.5900
79	1084	1	1849.3070	13	11	0	1	1	0.9280	0.5601
79	1085	1	1850.8569	11	10	90	1	1	0.9281	0.8190
79	1086	1	1852.4069	13	11	0	1	1	0.9282	0.5492
79	1087	1	1853.9569	11	10	0	1	1	0.9282	0.5189
79	1088	1	1855.5069	9	9	90	1	1	0.9283	0.7291
79	1089	1	1857.0569	10	15	0	1	1	0.9284	0.5706
79	1090	1	1858.6069	9	9	0	1	1	0.9284	0.5242
79	1091	1	1860.1569	8	2	0	1	1	0.9285	0.6069
79	1092	1	1861.7069	5	13	0	1	1	0.9286	0.7210
79	1093	1	1863.2569	7	1	0	1	1	0.9286	0.5789
79	1094	1	1864.8069	6	12	0	1	1	0.9287	0.9331
79	1095	1	1866.3569	5	13	0	1	1	0.9288	0.5828
79	1096	1	1867.9069	7	1	90	1	1	0.9288	0.6645
79	1097	1	1869.4569	4	3	90	0	1	0.9280	0.6990
79	1098	1	1871.0068	3	14	0	1	1	0.9281	0.4931
79	1099	1	1872.5568	2	7	0	1	1	0.9281	0.6223
79	1100	1	1874.1068	3	14	0	1	1	0.9282	0.4808
79	1101	1	1875.6568	4	3	90	1	1	0.9282	0.5782
79	1102	1	1877.2068	7	1	90	1	1	0.9283	0.6282
79	1103	1	1878.7568	5	13	0	1	1	0.9284	0.6463
79	1104	1	1880.3068	4	3	0	1	1	0.9284	0.6966
79	1105	1	1881.8568	5	13	0	1	1	0.9285	0.6031
79	1106	1	1883.4068	4	3	0	1	1	0.9286	0.5090
79	1107	1	1884.9568	3	14	0	1	1	0.9286	0.5589
79	1108	1	1886.5068	4	3	0	1	1	0.9287	0.5292
79	1109	1	1888.0568	5	13	90	1	1	0.9288	0.6432
79	1110	1	1889.6068	6	12	0	1	1	0.9288	0.7092
79	1111	1	1891.1567	4	3	0	1	1	0.9289	0.5191
79	1112	1	1892.7067	7	1	0	1	1	0.9290	0.5045
79	1113	1	1894.2567	4	3	0	1	1	0.9290	0.5227
79	1114	1	1895.8067	6	12	0	1	1	0.9291	0.7173
79	1115	1	1897.3567	7	1	0	1	1	0.9291	0.5584
79	1116	1	1898.9067	5	13	0	1	1	0.9292	0.7047
79	1117	1	1900.4567	8	2	0	1	1	0.9293	0.6263
79	1118	1	1902.0067	5	13	0	1	1	0.9293	0.5169
79	1119	1	1903.5567	8	2	0	1	1	0.9294	0.6151
79	1120	1	1905.1067	5	13	0	1	1	0.9295	0.5684
79	1121	1	1906.6567	4	3	0	1	1	0.9295	0.5549
79	1122	1	1908.2066	6	12	90	1	1	0.9296	0.8613
79	1123	1	1909.7566	4	3	0	1	1	0.9297	0.4952
79	1124	1	1911.3066	5	13	0	1	1	0.9297	0.6253
79	1125	1	1912.8566	6	12	90	1	1	0.9298	0.7232
79	1126	1	1914.4067	5	13	0	1	1	0.9298	0.5651
79	1127	1	1915.9567	7	1	0	1	1	0.9299	0.5346
79	1128	1	1917.5066	6	12	0	1	1	0.9300	0.6328
79	1129	1	1919.0566	4	3	0	1	1	0.9300	0.5068
79	1130	1	1920.6066	3	14	0	1	1	0.9301	0.5728
79	1131	1	1922.1566	4	3	0	1	1	0.9302	0.5114
79	1132	1	1923.7066	5	13	0	1	1	0.9302	0.5448
79	1133	1	1925.2566	8	2	0	1	1	0.9303	0.5313
79	1134	1	1926.8066	7	1	0	1	1	0.9303	0.4693
79	1135	1	1928.3566	6	12	0	1	1	0.9304	0.7113
79	1136	1	1929.9065	4	3	0	1	1	0.9305	0.4894
79	1137	1	1931.4565	5	13	0	1	1	0.9305	0.4905
79	1138	1	1933.0066	7	1	0	1	1	0.9306	0.4774
79	1139	1	1934.5566	8	2	0	1	1	0.9306	0.4944
79	1140	1	1936.1065	7	1	0	1	1	0.9307	0.4654
79	1141	1	1937.6565	4	3	0	1	1	0.9308	0.4350
79	1142	1	1939.2066	5	13	0	1	1	0.9308	0.5174
79	1143	1	1940.7565	4	3	0	1	1	0.9309	0.4554
79	1144	1	1942.5732	6	12	0	1	1	0.9309	0.7339
79	1145	1	1944.1231	8	2	90	1	1	0.9310	0.8163
79	1146	1	1945.6732	6	12	0	1	1	0.9311	0.8658
79	1147	1	1947.2231	5	13	0	1	1	0.9311	0.6123
79	1148	1	1948.7732	6	12	0	1	1	0.9312	0.7258
79	1149	1	1950.3231	5	13	90	1	1	0.9312	0.7445
79	1150	1	1951.8731	8	2	0	1	1	0.9313	0.5068
79	1151	1	1953.4231	5	13	0	0	1	0.9305	0.6523
79	1152	1	1954.9731	8	2	0	1	1	0.9306	0.4789
79	1153	1	1956.5231	5	13	0	1	1	0.9306	0.5447
79	1154	1	1958.0731	4	3	90	1	1	0.9307	0.6900
79	1155	1	1959.6230	5	13	0	1	1	0.9307	0.5809
79	1156	1	1961.1730	6	12	90	1	1	0.9308	0.8386
79	1157	1	1962.7230	8	2	0	1	1	0.9309	0.6649
79	1158	1	1964.2730	5	13	0	1	1	0.9309	0.5540
79	1159	1	1965.8230	6	12	90	1	1	0.9310	0.8927
79	1160	1	1967.3730	5	13	0	1	1	0.9310	0.5745
79	1161	1	1968.9230	4	3	90	1	1	0.9311	1.0080
79	1162	1	1970.4730	6	12	0	1	1	0.9312	0.7548
79	1163	1	1972.0230	4	3	0	1	1	0.9312	0.5644
79	1164	1	1973.5730	3	14	0	1	1	0.9313	0.6625
79	1165	1	1975.1230	1	6	0	1	1	0.9313	0.9045
79	1166	1	1976.6730	2	7	0	1	1	0.9314	0.6666
79	1167	1	1978.2230	3	14	0	1	1	0.9314	0.5725
79	1168	1	1979.7729	15	8	0	1	1	0.9315	0.5740
79	1169	1	1981.3229	2	7	90	1	1	0.9316	0.7847
79	1170	1	1982.8729	14	4	0	1	1	0.9316	0.6265
79	1171	1	1984.4229	13	11	0	1	1	0.9317	0.5964
79	1172	1	1985.9729	12	5	0	1	1	0.9317	0.5501
79	1173	1	1987.5229	11	10	0	1	1	0.9318	0.6006
79	1174	1	1989.0729	9	9	90	1	1	0.9319	0.6509
79	1175	1	1990.6229	12	5	0	1	1	0.9319	0.5242
79	1176	1	1992.1729	13	11	0	1	1	0.9320	0.4790
79	1177	1	1993.7229	11	10	90	1	1	0.9320	0.6889
79	1178	1	1995.2729	10	15	90	0	1	0.9312	0.7061
79	1179	1	1996.8229	9	9	0	1	1	0.9313	0.9010
79	1180	1	1998.3728	8	2	0	1	1	0.9314	0.5831
79	1181	1	1999.9229	7	1	0	1	1	0.9314	0.5527
79	1182	1	2001.4728	5	13	0	1	1	0.9315	0.7150
79	1183	1	2003.0228	6	12	90	1	1	0.9315	0.8611
79	1184	1	2004.5728	5	13	0	1	1	0.9316	0.6382
79	1185	1	2006.1228	6	12	90	1	1	0.9316	0.7682
79	1186	1	2007.6728	7	1	0	1	1	0.9317	0.5626
79	1187	1	2009.2228	6	12	0	1	1	0.9318	0.6611
79	1188	1	2010.7728	8	2	0	1	1	0.9318	0.5022
79	1189	1	2012.3228	9	9	0	1	1	0.9319	0.4732
79	1190	1	2013.8728	10	15	0	1	1	0.9319	0.4912
79	1191	1	2015.4228	12	5	0	1	1	0.9320	0.6371
79	1192	1	2016.9728	11	10	0	1	1	0.9320	0.4622
79	1193	1	2018.5227	12	5	0	1	1	0.9321	0.4802
79	1194	1	2020.0727	13	11	90	1	1	0.9322	0.7226
79	1195	1	2021.6227	12	5	0	1	1	0.9322	0.6763
79	1196	1	2023.1728	13	11	0	1	1	0.9323	0.6150
79	1197	1	2024.7227	11	10	0	1	1	0.9323	0.6011
79	1198	1	2026.2727	12	5	0	1	1	0.9324	0.5223
79	1199	1	2027.8227	10	15	0	1	1	0.9324	0.6686
79	1200	1	2029.3727	13	11	0	1	1	0.9325	0.6072
79	1201	1	2030.9227	10	15	90	1	1	0.9326	0.7047
79	1202	1	2032.4727	11	10	0	1	1	0.9326	0.4990
79	1203	1	2034.0227	12	5	0	1	1	0.9327	0.6287
79	1204	1	2035.5727	13	11	90	1	1	0.9327	0.7909
79	1205	1	2037.1226	11	10	90	1	1	0.9328	0.8091
79	1206	1	2038.6726	12	5	0	1	1	0.9328	0.6183
79	1207	1	2040.2226	10	15	0	1	1	0.9329	0.5409
79	1208	1	2041.7726	9	9	0	1	1	0.9329	0.4955
79	1209	1	2043.3226	12	5	0	1	1	0.9330	0.4644
79	1210	1	2044.8726	11	10	90	1	1	0.9331	0.7704
79	1211	1	2046.4226	12	5	0	1	1	0.9331	0.5644
79	1212	1	2047.9726	13	11	0	1	1	0.9332	0.8227
79	1213	1	2049.5226	12	5	90	1	1	0.9332	0.6973
79	1214	1	2051.0726	9	9	0	1	1	0.9333	0.5229
79	1215	1	2052.6226	10	15	0	1	1	0.9333	0.6373
79	1216	1	2054.1726	12	5	90	1	1	0.9334	0.6073
79	1217	1	2055.7225	11	10	0	1	1	0.9334	0.5293
79	1218	1	2057.2725	9	9	0	1	1	0.9335	0.5308
79	1219	1	2058.8225	12	5	0	1	1	0.9336	0.5173
79	1220	1	2060.3725	11	10	0	1	1	0.9336	0.5196
79	1221	1	2061.9226	12	5	90	1	1	0.9337	0.6174
79	1222	1	2063.4725	11	10	0	1	1	0.9337	0.5392
79	1223	1	2065.0225	9	9	0	1	1	0.9338	0.4773
79	1224	1	2066.5725	8	2	0	1	1	0.9338	0.4633
79	1225	1	2068.1225	5	13	0	1	1	0.9339	0.6565
79	1226	1	2069.6725	6	12	90	1	1	0.9339	0.7554
79	1227	1	2071.2225	8	2	0	1	1	0.9340	0.5325
79	1228	1	2072.7725	9	9	0	1	1	0.9340	0.5353
79	1229	1	2074.3224	11	10	90	0	1	0.9333	0.4734
79	1230	1	2075.8724	9	9	0	1	1	0.9333	0.5069
79	1231	1	2077.4224	11	10	0	1	1	0.9334	0.4445
79	1232	1	2078.9724	13	11	90	1	1	0.9334	0.6550
79	1233	1	2080.5224	14	4	0	1	1	0.9335	0.6725
79	1234	1	2082.0724	2	7	0	1	1	0.9335	0.8025
79	1235	1	2083.6224	3	14	0	1	1	0.9336	0.6135
79	1236	1	2085.1724	4	3	0	1	1	0.9337	0.6465
79	1237	1	2086.7224	6	12	0	1	1	0.9337	0.7766
79	1238	1	2088.2724	7	1	90	1	1	0.9338	1.0826
79	1239	1	2089.8224	6	12	0	1	1	0.9338	0.8135
79	1240	1	2091.3724	8	2	90	1	1	0.9339	0.6866
79	1241	1	2092.9223	5	13	0	1	1	0.9339	0.6736
79	1242	1	2094.4723	7	1	0	1	1	0.9340	0.6435
79	1243	1	2096.0223	5	13	0	1	1	0.9340	0.5810
79	1244	1	2097.5723	6	12	90	1	1	0.9341	0.7274
79	1245	1	2099.1223	7	1	0	1	1	0.9341	0.4896
79	1246	1	2100.6723	5	13	0	1	1	0.9342	0.5395
79	1247	1	2102.2223	4	3	90	1	1	0.9342	0.6214
79	1248	1	2103.7723	5	13	0	1	1	0.9343	0.4955
79	1249	1	2105.3223	4	3	0	1	1	0.9343	0.5136
79	1250	1	2106.8723	3	14	0	1	1	0.9344	0.5306
79	1251	1	2108.4223	1	6	0	1	1	0.9345	0.8367
79	1252	1	2109.9723	2	7	0	1	1	0.9345	0.5351
79	1253	1	2111.5223	15	8	0	1	1	0.9346	0.6015
79	1254	1	2113.0722	14	4	0	1	1	0.9346	0.5556
79	1255	1	2114.6222	1	6	0	1	1	0.9347	0.6372
79	1256	1	2116.1722	14	4	0	1	1	0.9347	0.5916
79	1257	1	2117.7222	13	11	0	1	1	0.9348	0.7217
79	1258	1	2119.2722	11	10	0	1	1	0.9348	0.5797
79	1259	1	2120.8222	9	9	0	1	1	0.9349	0.5013
79	1260	1	2122.3722	11	10	0	1	1	0.9349	0.5667
79	1261	1	2123.9222	9	9	0	1	1	0.9350	0.5207
79	1262	1	2125.4722	10	15	0	1	1	0.9350	0.6188
79	1263	1	2127.0222	12	5	0	1	1	0.9351	0.6368
79	1264	1	2128.5721	9	9	0	1	1	0.9351	0.5116
79	1265	1	2130.1221	11	10	0	1	1	0.9352	0.4338
79	1266	1	2131.6721	13	11	0	1	1	0.9352	0.4028
79	1267	1	2133.2221	14	4	90	1	1	0.9353	0.6778
79	1268	1	2134.7721	15	8	0	1	1	0.9353	0.5198
79	1269	1	2136.3221	2	7	90	0	1	0.9346	0.7778
79	1270	1	2137.8721	14	4	90	1	1	0.9346	0.8110
79	1271	1	2139.4221	13	11	0	1	1	0.9347	0.7331
79	1272	1	2140.9721	14	4	0	1	1	0.9347	0.6084
79	1273	1	2142.5221	1	6	90	1	1	0.9348	0.8973
79	1274	1	2144.0721	2	7	0	1	1	0.9349	0.7069
79	1275	1	2145.6221	14	4	0	1	1	0.9349	0.6618
79	1276	1	2147.1721	13	11	0	1	1	0.9350	0.6469
79	1277	1	2148.7221	14	4	0	1	1	0.9350	0.6018
79	1278	1	2150.2721	13	11	0	1	1	0.9351	0.4917
79	1279	1	2151.8220	11	10	0	1	1	0.9351	0.6849
79	1280	1	2153.3720	12	5	0	1	1	0.9352	0.5916
79	1281	1	2154.9220	11	10	0	1	1	0.9352	0.4979
79	1282	1	2156.4720	9	9	0	1	1	0.9353	0.5473
79	1283	1	2158.0220	12	5	90	1	1	0.9353	0.6449
79	1284	1	2159.5720	13	11	0	1	1	0.9354	0.4879
79	1285	1	2161.1220	14	4	0	1	1	0.9354	0.5050
79	1286	1	2162.6720	1	6	0	1	1	0.9355	0.6038
79	1287	1	2164.2220	14	4	0	1	1	0.9355	0.5259
79	1288	1	2165.7720	1	6	0	1	1	0.9356	0.4959
79	1289	1	2167.3220	14	4	0	1	1	0.9356	0.5289
79	1290	1	2168.8719	15	8	0	1	1	0.9357	0.5637
79	1291	1	2170.4219	2	7	0	1	1	0.9357	0.5819
79	1292	1	2171.9719	1	6	0	1	1	0.9358	0.6956
79	1293	1	2173.5219	2	7	0	1	1	0.9358	0.5533
79	1294	1	2175.0719	1	6	90	0	1	0.9351	0.5082
79	1295	1	2176.6219	3	14	90	1	1	0.9351	0.7018
79	1296	1	2178.1719	2	7	0	1	1	0.9352	0.6238
79	1297	1	2179.7219	1	6	0	1	1	0.9352	0.4654
79	1298	1	2181.2719	3	14	90	1	1	0.9353	0.5954
79	1299	1	2182.8219	4	3	0	1	1	0.9353	0.5171
79	1300	1	2184.3719	3	14	0	1	1	0.9354	0.5830
79	1301	1	2185.9219	1	6	0	1	1	0.9354	0.8731
79	1302	1	2187.4719	2	7	0	1	1	0.9355	0.6675
79	1303	1	2189.0218	15	8	0	1	1	0.9355	0.5416
79	1304	1	2190.5718	1	6	0	1	1	0.9356	0.6875
79	1305	1	2192.1218	14	4	0	1	1	0.9356	0.5455
79	1306	1	2193.6718	1	6	0	1	1	0.9357	0.5798
79	1307	1	2195.2218	2	7	0	1	1	0.9357	0.5656
79	1308	1	2196.7718	15	8	0	1	1	0.9358	0.5515
79	1309	1	2198.3218	3	14	0	1	1	0.9358	0.6020
79	1310	1	2199.8718	1	6	0	1	1	0.9359	0.4915
79	1311	1	2201.4218	3	14	0	1	1	0.9359	0.7336
79	1312	1	2202.9718	2	7	0	1	1	0.9360	0.5600
79	1313	1	2204.5218	15	8	0	1	1	0.9360	0.5299
79	1314	1	2206.0718	14	4	0	1	1	0.9361	0.5631
79	1315	1	2207.6218	2	7	0	1	1	0.9361	0.5980
79	1316	1	2209.1717	3	14	0	1	1	0.9362	0.5999
79	1317	1	2210.7217	15	8	90	1	1	0.9362	0.7457
79	1318	1	2212.2717	2	7	0	1	1	0.9363	0.6041
79	1319	1	2213.8217	3	14	0	1	1	0.9363	0.5102
79	1320	1	2215.3718	15	8	0	1	1	0.9364	0.5431
79	1321	1	2216.9217	3	14	90	1	1	0.9364	0.5937
79	1322	1	2218.4717	4	3	0	1	1	0.9365	0.5635
79	1323	1	2220.0217	3	14	0	1	1	0.9365	0.5172
79	1324	1	2221.5717	2	7	0	1	1	0.9366	0.5837
79	1325	1	2223.1217	3	14	0	1	1	0.9366	0.4901
79	1326	1	2224.6717	15	8	0	1	1	0.9367	0.4920
79	1327	1	2226.2217	3	14	90	1	1	0.9367	0.5898
79	1328	1	2227.7716	2	7	0	1	1	0.9367	0.5436
79	1329	1	2229.3216	14	4	0	1	1	0.9368	0.5453
79	1330	1	2230.8717	15	8	0	1	1	0.9368	0.4197
79	1331	1	2232.4216	1	6	0	1	1	0.9369	0.7740
79	1332	1	2233.9716	14	4	0	1	1	0.9369	0.4877
79	1333	1	2235.5216	1	6	0	1	1	0.9370	0.4902
79	1334	1	2237.0716	15	8	0	1	1	0.9370	0.5233
79	1335	1	2238.6216	14	4	0	1	1	0.9371	0.5422
79	1336	1	2240.1716	15	8	90	1	1	0.9371	0.5761
79	1337	1	2241.7216	1	6	0	1	1	0.9372	0.4973
79	1338	1	2243.2715	15	8	0	1	1	0.9372	0.4523
79	1339	1	2244.8216	3	14	0	1	1	0.9373	0.5497
79	1340	1	2246.3715	15	8	0	1	1	0.9373	0.5037
79	1341	1	2247.9215	14	4	90	1	1	0.9374	0.6021
79	1342	1	2249.4715	1	6	90	1	1	0.9374	0.7800
79	1343	1	2251.0215	14	4	0	1	1	0.9375	0.5742
79	1344	1	2252.5715	1	6	90	1	1	0.9375	0.6077
79	1345	1	2254.1215	15	8	0	1	1	0.9375	0.5143
79	1346	1	2255.6715	3	14	0	1	1	0.9376	0.5003
79	1347	1	2257.2215	1	6	0	1	1	0.9376	0.5177
79	1348	1	2258.7715	3	14	0	1	1	0.9377	0.4722
79	1349	1	2260.3215	4	3	0	1	1	0.9377	0.5383
79	1350	1	2261.8715	5	13	0	1	1	0.9378	0.7159
79	1351	1	2263.4214	6	12	0	1	1	0.9378	0.8143
79	1352	1	2264.9714	4	3	0	1	1	0.9379	0.5600
79	1353	1	2266.5214	6	12	0	1	1	0.9379	0.6583
79	1354	1	2268.0714	5	13	0	1	1	0.9380	0.8674
79	1355	1	2269.6214	6	12	0	1	1	0.9380	0.6783
79	1356	1	2271.1714	5	13	0	1	1	0.9381	0.6162
79	1357	1	2272.7214	8	2	90	1	1	0.9381	0.6814
79	1358	1	2274.2714	9	9	0	1	1	0.9381	0.5715
79	1359	1	2275.8214	12	5	90	1	1	0.9382	0.6695
79	1360	1	2277.3714	11	10	0	1	1	0.9382	0.5604
79	1361	1	2278.9214	13	11	90	1	1	0.9383	0.7539
79	1362	1	2280.4714	11	10	90	1	1	0.9383	0.9319
79	1363	1	2282.0213	9	9	0	1	1	0.9384	0.6295
79	1364	1	2283.5714	12	5	0	1	1	0.9384	0.6800
79	1365	1	2285.1214	9	9	90	1	1	0.9385	0.6665
79	1366	1	2286.6713	12	5	0	1	1	0.9385	0.7644
79	1367	1	2288.2213	13	11	0	1	1	0.9386	0.5740
79	1368	1	2289.7713	10	15	0	1	1	0.9386	0.6240
79	1369	1	2291.3213	12	5	0	1	1	0.9386	0.4821
79	1370	1	2292.8713	13	11	0	1	1	0.9387	0.5325
79	1371	1	2294.4213	10	15	0	1	1	0.9387	0.5352
79	1372	1	2295.9713	9	9	90	1	1	0.9388	0.6163
79	1373	1	2297.5213	10	15	90	1	1	0.9388	0.6665
79	1374	1	2299.0713	11	10	0	1	1	0.9389	0.6843
79	1375	1	2300.6213	10	15	0	1	1	0.9389	0.5576
79	1376	1	2302.1713	12	5	0	1	1	0.9390	0.4956
79	1377	1	2303.7213	11	10	90	1	1	0.9390	1.0096
79	1378	1	2305.2713	12	5	0	1	1	0.9390	0.5636
79	1379	1	2306.8212	13	11	0	1	1	0.9391	0.5344
79	1380	1	2308.3712	14	4	0	1	1	0.9391	0.5684
79	1381	1	2309.9212	1	6	0	1	1	0.9392	0.5700
79	1382	1	2311.4712	14	4	90	1	1	0.9392	0.6203
79	1383	1	2313.0212	1	6	90	1	1	0.9393	0.7984
79	1384	1	2314.5712	3	14	0	1	1	0.9393	0.7045
79	1385	1	2316.1212	1	6	0	1	1	0.9394	0.8177
79	1386	1	2317.6712	15	8	0	1	1	0.9394	0.6764
79	1387	1	2319.2211	1	6	0	1	1	0.9394	0.6460
79	1388	1	2320.7712	3	14	0	1	1	0.9395	0.5520
79	1389	1	2322.3211	4	3	0	1	1	0.9395	0.5064
79	1390	1	2323.8711	3	14	0	1	1	0.9396	0.4277
79	1391	1	2325.4211	4	3	0	1	1	0.9396	0.4617
79	1392	1	2326.9711	6	12	0	1	1	0.9397	0.6086
79	1393	1	2328.5211	7	1	0	1	1	0.9397	0.6106
79	1394	1	2330.0711	5	13	0	1	1	0.9397	0.6605
79	1395	1	2331.6211	4	3	0	1	1	0.9398	0.5177
79	1396	1	2333.1711	7	1	90	1	1	0.9398	0.7278
79	1397	1	2334.7211	6	12	90	1	1	0.9399	0.8907
79	1398	1	2336.2711	7	1	0	1	1	0.9399	0.5561
79	1399	1	2337.8211	4	3	0	1	1	0.9400	0.5905
79	1400	1	2339.3711	5	13	0	1	1	0.9400	0.6726
79	1	2	1.0167	2	7	0	-1	0	NaN	-1.0000
79	2	2	2.5500	3	14	0	-1	0	NaN	-1.0000
79	3	2	4.0833	2	7	0	-1	0	NaN	-1.0000
79	4	2	5.6166	3	14	0	-1	0	NaN	-1.0000
79	5	2	7.1500	2	7	0	-1	0	NaN	-1.0000
79	6	2	8.6833	3	14	0	-1	0	NaN	-1.0000
79	7	2	10.2166	4	3	0	-1	1	1.0000	0.7204
79	8	2	11.7499	5	13	0	-1	0	1.0000	-1.0000
79	9	2	13.2833	4	3	0	-1	0	1.0000	-1.0000
79	10	2	14.8166	7	1	0	-1	1	0.5000	0.8725
79	11	2	16.3499	4	3	0	-1	0	0.5000	-1.0000
79	12	2	17.8832	3	14	0	-1	0	0.5000	-1.0000
79	13	2	19.4166	4	3	0	-1	0	0.5000	-1.0000
79	14	2	20.9499	5	13	0	-1	1	0.3333	0.3871
79	15	2	22.4832	7	1	0	-1	0	0.3333	-1.0000
79	16	2	24.0165	6	12	0	-1	1	0.2500	0.6320
79	17	2	25.5499	5	13	0	-1	0	0.2500	-1.0000
79	18	2	27.0832	4	3	0	-1	0	0.2500	-1.0000
79	19	2	28.6165	3	14	0	-1	1	0.4000	0.8805
79	20	2	30.1498	2	7	0	-1	0	0.4000	-1.0000
79	21	2	31.6832	1	6	0	-1	0	0.4000	-1.0000
79	22	2	33.2165	15	8	0	-1	0	0.4000	-1.0000
79	23	2	34.7498	14	4	0	-1	0	0.4000	-1.0000
79	24	2	36.2831	13	11	0	-1	1	0.5000	0.6858
79	25	2	37.8164	12	5	0	-1	0	0.5000	-1.0000
79	26	2	39.3498	11	10	0	-1	0	0.5000	-1.0000
79	27	2	40.8831	10	15	0	-1	1	0.4286	0.5818
79	28	2	42.4164	9	9	0	-1	0	0.4286	-1.0000
79	29	2	43.9498	8	2	0	-1	0	0.4286	-1.0000
79	30	2	45.4831	7	1	0	-1	0	0.4286	-1.0000
79	31	2	47.0164	8	2	0	-1	0	0.4286	-1.0000
79	32	2	48.5498	5	13	0	-1	1	0.3750	0.7543
79	33	2	50.0831	4	3	0	-1	0	0.3750	-1.0000
79	34	2	51.6164	5	13	0	-1	0	0.3750	-1.0000
79	35	2	53.1497	6	12	0	-1	1	0.3333	0.6510
79	36	2	54.6830	5	13	0	-1	0	0.3333	-1.0000
79	37	2	56.2163	4	3	0	-1	0	0.3333	-1.0000
79	38	2	57.7497	6	12	0	-1	1	0.3000	0.8024
79	39	2	59.2831	5	13	0	-1	0	0.3000	-1.0000
79	40	2	60.8163	6	12	0	-1	0	0.3000	-1.0000
79	41	2	62.3497	5	13	0	-1	0	0.3000	-1.0000
79	42	2	63.8830	4	3	0	-1	1	0.2727	0.7340
79	43	2	65.4163	6	12	0	-1	0	0.2727	-1.0000
79	44	2	66.9496	4	3	0	-1	0	0.2727	-1.0000
79	45	2	68.4830	5	13	0	-1	0	0.2727	-1.0000
79	46	2	70.0163	4	3	0	-1	0	0.2727	-1.0000
79	47	2	71.5497	3	14	0	-1	1	0.3333	0.6193
79	48	2	73.0829	2	7	0	-1	0	0.3333	-1.0000
79	49	2	74.6163	1	6	0	-1	0	0.3333	-1.0000
79	50	2	76.1496	15	8	0	-1	0	0.3333	-1.0000
79	51	2	77.6829	14	4	0	-1	0	0.3333	-1.0000
79	52	2	79.2162	13	11	0	-1	1	0.3846	0.6963
79	53	2	80.7496	12	5	0	-1	0	0.3846	-1.0000
79	54	2	82.2829	11	10	0	-1	0	0.3846	-1.0000
79	55	2	83.8162	10	15	0	-1	1	0.3571	0.5288
79	56	2	85.3496	9	9	0	-1	0	0.3571	-1.0000
79	57	2	86.8829	8	2	0	-1	0	0.3571	-1.0000
79	58	2	88.4162	7	1	0	-1	0	0.3571	-1.0000
79	59	2	89.9495	6	12	0	-1	1	0.3333	0.7786
79	60	2	91.4828	5	13	0	-1	0	0.3333	-1.0000
79	61	2	93.0162	7	1	0	-1	0	0.3333	-1.0000
79	62	2	94.5494	5	13	0	-1	1	0.3125	0.7874
79	63	2	96.0828	8	2	0	-1	0	0.3125	-1.0000
79	64	2	97.6161	5	13	0	-1	1	0.2941	0.7449
79	65	2	99.1494	8	2	0	-1	0	0.2941	-1.0000
79	66	2	100.6828	5	13	0	-1	1	0.2778	0.6381
79	67	2	102.2161	8	2	0	-1	0	0.2778	-1.0000
79	68	2	103.7494	6	12	0	-1	1	0.2632	0.4994
79	69	2	105.2828	8	2	0	-1	0	0.2632	-1.0000
79	70	2	106.8161	6	12	0	-1	0	0.2632	-1.0000
79	71	2	108.3494	5	13	0	-1	0	0.2632	-1.0000
79	72	2	109.8827	4	3	0	-1	0	0.2632	-1.0000
79	73	2	111.4161	7	1	0	-1	0	0.2632	-1.0000
79	74	2	112.9495	5	13	0	-1	0	0.2632	-1.0000
79	75	2	114.4827	4	3	0	-1	0	0.2632	-1.0000
79	76	2	116.0160	5	13	0	-1	1	0.2500	0.6009
79	77	2	117.5494	6	12	0	-1	0	0.2500	-1.0000
79	78	2	119.0827	7	1	0	-1	1	0.2381	0.8293
79	79	2	120.6160	8	2	0	-1	0	0.2381	-1.0000
79	80	2	122.1494	9	9	0	-1	0	0.2381	-1.0000
79	81	2	123.6827	10	15	0	-1	0	0.2381	-1.0000
79	82	2	125.2160	11	10	0	-1	1	0.2273	0.7769
79	83	2	126.7493	12	5	0	-1	0	0.2273	-1.0000
79	84	2	128.2826	13	11	0	-1	0	0.2273	-1.0000
79	85	2	129.8160	14	4	0	-1	1	0.2609	0.9126
79	86	2	131.3493	15	8	0	-1	0	0.2609	-1.0000
79	87	2	132.8826	1	6	0	-1	0	0.2609	-1.0000
79	88	2	134.4160	2	7	0	-1	0	0.2609	-1.0000
79	89	2	135.9492	3	14	0	-1	0	0.2609	-1.0000
79	90	2	137.4826	4	3	0	-1	1	0.2917	0.6860
79	91	2	139.0159	3	14	0	-1	0	0.2917	-1.0000
79	92	2	140.5492	1	6	0	-1	0	0.2917	-1.0000
79	93	2	142.0826	14	4	0	-1	1	0.2800	0.9502
79	94	2	143.6159	2	7	0	-1	0	0.2800	-1.0000
79	95	2	145.1492	3	14	0	-1	0	0.2800	-1.0000
79	96	2	146.6825	15	8	0	-1	0	0.2800	-1.0000
79	97	2	148.2159	1	6	0	-1	0	0.2800	-1.0000
79	98	2	149.7492	15	8	0	-1	0	0.2800	-1.0000
79	99	2	151.2825	3	14	0	-1	0	0.2800	-1.0000
79	100	2	152.8158	4	3	0	-1	1	0.3077	0.6971
79	101	2	154.3492	7	1	0	-1	0	0.3077	-1.0000
79	102	2	155.8826	4	3	0	-1	0	0.3077	-1.0000
79	103	2	157.4158	7	1	0	-1	0	0.3077	-1.0000
79	104	2	158.9492	5	13	0	-1	1	0.2963	0.7238
79	105	2	160.4825	4	3	0	-1	0	0.2963	-1.0000
79	106	2	162.0158	5	13	0	-1	0	0.2963	-1.0000
79	107	2	163.5492	6	12	0	-1	1	0.2857	0.6838
79	108	2	165.0825	7	1	0	-1	0	0.2857	-1.0000
79	109	2	166.6158	8	2	0	-1	0	0.2857	-1.0000
79	110	2	168.1491	9	9	0	-1	1	0.3103	0.6435
79	111	2	169.6824	10	15	0	-1	0	0.3103	-1.0000
79	112	2	171.2158	11	10	0	-1	0	0.3103	-1.0000
79	113	2	172.7491	12	5	0	-1	0	0.3103	-1.0000
79	114	2	174.2824	13	11	0	-1	0	0.3103	-1.0000
79	115	2	175.8157	14	4	0	-1	1	0.3333	0.7208
79	116	2	177.3491	15	8	0	-1	0	0.3333	-1.0000
79	117	2	178.8824	1	6	0	-1	0	0.3333	-1.0000
79	118	2	180.4157	2	7	0	-1	0	0.3333	-1.0000
79	119	2	181.9490	3	14	0	-1	0	0.3333	-1.0000
79	120	2	183.4824	4	3	0	-1	1	0.3548	0.9752
79	121	2	185.0157	7	1	0	-1	0	0.3548	-1.0000
79	122	2	186.5490	8	2	0	-1	0	0.3548	-1.0000
79	123	2	188.0823	7	1	0	-1	0	0.3548	-1.0000
79	124	2	189.6157	6	12	0	-1	1	0.3438	0.6493
79	125	2	191.1490	8	2	0	-1	0	0.3438	-1.0000
79	126	2	192.6823	9	9	0	-1	0	0.3438	-1.0000
79	127	2	194.2156	11	10	0	-1	0	0.3438	-1.0000
79	128	2	195.7490	12	5	0	-1	1	0.3333	0.8035
79	129	2	197.2823	9	9	0	-1	0	0.3333	-1.0000
79	130	2	198.8156	8	2	0	-1	0	0.3333	-1.0000
79	131	2	200.3489	7	1	0	-1	0	0.3333	-1.0000
79	132	2	201.8823	5	13	0	-1	1	0.3235	0.6381
79	133	2	203.4156	7	1	0	-1	0	0.3235	-1.0000
79	134	2	204.9489	8	2	0	-1	0	0.3235	-1.0000
79	135	2	206.4822	6	12	0	-1	0	0.3235	-1.0000
79	136	2	208.0156	7	1	0	-1	0	0.3235	-1.0000
79	137	2	209.5489	8	2	0	-1	0	0.3235	-1.0000
79	138	2	211.0822	9	9	0	-1	1	0.3429	0.7027
79	139	2	212.6155	10	15	0	-1	0	0.3429	-1.0000
79	140	2	214.1489	11	10	0	-1	0	0.3429	-1.0000
79	141	2	215.6822	12	5	0	-1	0	0.3429	-1.0000
79	142	2	217.2155	13	11	0	-1	0	0.3429	-1.0000
79	143	2	218.7489	14	4	0	-1	0	0.3429	-1.0000
79	144	2	220.2822	15	8	0	-1	0	0.3429	-1.0000
79	145	2	221.8155	1	6	0	-1	0	0.3429	-1.0000
79	146	2	223.3488	2	7	0	-1	0	0.3429	-1.0000
79	147	2	224.8821	3	14	0	-1	0	0.3429	-1.0000
79	148	2	226.4155	4	3	0	-1	1	0.3611	0.6971
79	149	2	227.9488	5	13	0	-1	0	0.3611	-1.0000
79	150	2	229.4821	6	12	0	-1	0	0.3611	-1.0000
79	151	2	231.0155	8	2	0	-1	0	0.3611	-1.0000
79	152	2	232.5488	7	1	0	-1	0	0.3611	-1.0000
79	153	2	234.0821	8	2	0	-1	0	0.3611	-1.0000
79	154	2	235.6154	7	1	0	-1	0	0.3611	-1.0000
79	155	2	237.1487	8	2	0	-1	0	0.3611	-1.0000
79	156	2	238.6821	6	12	0	-1	1	0.3514	0.6869
79	157	2	240.2154	8	2	0	-1	0	0.3514	-1.0000
79	158	2	241.7488	9	9	0	-1	0	0.3514	-1.0000
79	159	2	243.2820	8	2	0	-1	0	0.3514	-1.0000
79	160	2	244.8154	9	9	0	-1	0	0.3514	-1.0000
79	161	2	246.3487	8	2	0	-1	0	0.3514	-1.0000
79	162	2	247.8820	5	13	0	-1	1	0.3421	0.8464
79	163	2	249.4154	6	12	0	-1	0	0.3421	-1.0000
79	164	2	250.9487	4	3	0	-1	0	0.3421	-1.0000
79	165	2	252.4820	6	12	0	-1	0	0.3421	-1.0000
79	166	2	254.0153	7	1	0	-1	0	0.3421	-1.0000
79	167	2	255.5487	8	2	0	-1	0	0.3421	-1.0000
79	168	2	257.0820	9	9	0	-1	1	0.3590	0.8944
79	169	2	258.6153	10	15	0	-1	0	0.3590	-1.0000
79	170	2	260.1486	11	10	0	-1	0	0.3590	-1.0000
79	171	2	261.6820	12	5	0	-1	0	0.3590	-1.0000
79	172	2	263.2153	13	11	0	-1	0	0.3590	-1.0000
79	173	2	264.7486	14	4	0	-1	0	0.3590	-1.0000
79	174	2	266.2819	15	8	0	-1	1	0.3500	0.6706
79	175	2	267.8153	1	6	0	-1	0	0.3500	-1.0000
79	176	2	269.3486	2	7	0	-1	0	0.3500	-1.0000
79	177	2	270.8819	3	14	0	-1	0	0.3500	-1.0000
79	178	2	272.4152	4	3	0	-1	0	0.3500	-1.0000
79	179	2	273.9486	5	13	0	-1	0	0.3500	-1.0000
79	180	2	275.4819	6	12	0	-1	1	0.3415	0.6711
79	181	2	277.0152	5	13	0	-1	0	0.3415	-1.0000
79	182	2	278.5485	8	2	0	-1	0	0.3415	-1.0000
79	183	2	280.0819	7	1	0	-1	0	0.3415	-1.0000
79	184	2	281.6152	4	3	0	-1	0	0.3415	-1.0000
79	185	2	283.1485	3	14	0	-1	0	0.3415	-1.0000
79	186	2	284.6818	2	7	0	-1	0	0.3415	-1.0000
79	187	2	286.2152	1	6	0	-1	0	0.3415	-1.0000
79	188	2	287.7485	14	4	0	-1	0	0.3415	-1.0000
79	189	2	289.2818	15	8	0	-1	0	0.3415	-1.0000
79	190	2	290.8151	2	7	0	-1	0	0.3415	-1.0000
79	191	2	292.3485	1	6	0	-1	0	0.3415	-1.0000
79	192	2	293.8818	3	14	0	-1	0	0.3415	-1.0000
79	193	2	295.4153	1	6	0	-1	0	0.3415	-1.0000
79	194	2	296.9484	2	7	0	-1	0	0.3415	-1.0000
79	195	2	298.4818	3	14	0	-1	0	0.3415	-1.0000
79	196	2	300.0151	2	7	0	-1	0	0.3415	-1.0000
79	197	2	301.5484	1	6	0	-1	0	0.3415	-1.0000
79	198	2	303.0817	15	8	0	-1	0	0.3415	-1.0000
79	199	2	304.6151	14	4	0	-1	0	0.3415	-1.0000
79	200	2	306.1484	13	11	0	-1	0	0.3415	-1.0000
79	201	2	307.6817	12	5	0	-1	0	0.3415	-1.0000
79	202	2	309.2150	11	10	0	-1	0	0.3415	-1.0000
79	203	2	310.7484	10	15	0	-1	0	0.3415	-1.0000
79	204	2	312.2817	9	9	0	-1	0	0.3415	-1.0000
79	205	2	313.8150	8	2	0	-1	0	0.3415	-1.0000
79	206	2	315.3483	7	1	0	-1	0	0.3415	-1.0000
79	207	2	316.8817	6	12	0	-1	0	0.3415	-1.0000
79	208	2	318.4150	5	13	0	-1	1	0.3333	0.3295
79	209	2	319.9483	4	3	0	-1	0	0.3333	-1.0000
79	210	2	321.4816	3	14	0	-1	0	0.3333	-1.0000
79	211	2	323.0150	1	6	0	-1	0	0.3333	-1.0000
79	212	2	324.5483	2	7	0	-1	0	0.3333	-1.0000
79	213	2	326.0816	14	4	0	-1	0	0.3333	-1.0000
79	214	2	327.6150	13	11	0	-1	0	0.3333	-1.0000
79	215	2	329.1483	11	10	0	-1	0	0.3333	-1.0000
79	216	2	330.6816	9	9	0	-1	1	0.3256	0.3192
79	217	2	332.2149	8	2	0	-1	0	0.3256	-1.0000
79	218	2	333.7483	6	12	0	-1	0	0.3256	-1.0000
79	219	2	335.2816	5	13	0	-1	0	0.3256	-1.0000
79	220	2	336.8149	8	2	0	-1	0	0.3256	-1.0000
79	221	2	338.3482	7	1	0	-1	0	0.3256	-1.0000
79	222	2	339.8816	8	2	0	-1	0	0.3256	-1.0000
79	223	2	341.4149	9	9	0	-1	1	0.3409	0.9775
79	224	2	342.9482	10	15	0	-1	0	0.3409	-1.0000
79	225	2	344.4815	11	10	0	-1	0	0.3409	-1.0000
79	226	2	346.0148	12	5	0	-1	0	0.3409	-1.0000
79	227	2	347.5482	13	11	0	-1	0	0.3409	-1.0000
79	228	2	349.0815	14	4	0	-1	0	0.3409	-1.0000
79	229	2	350.6148	15	8	0	-1	0	0.3409	-1.0000
79	230	2	352.1481	1	6	0	-1	0	0.3409	-1.0000
79	231	2	353.6815	2	7	0	-1	0	0.3409	-1.0000
79	232	2	355.2148	3	14	0	-1	1	0.3333	0.6501
79	233	2	356.7481	4	3	0	-1	0	0.3333	-1.0000
79	234	2	358.2814	5	13	0	-1	0	0.3333	-1.0000
79	235	2	359.8148	6	12	0	-1	0	0.3333	-1.0000
79	236	2	361.3481	7	1	0	-1	0	0.3333	-1.0000
79	237	2	362.8814	8	2	0	-1	0	0.3333	-1.0000
79	238	2	364.4147	9	9	0	-1	0	0.3333	-1.0000
79	239	2	365.9481	10	15	0	-1	1	0.3261	0.1407
79	240	2	367.4814	11	10	0	-1	0	0.3261	-1.0000
79	241	2	369.0147	13	11	0	-1	0	0.3261	-1.0000
79	242	2	370.5481	12	5	0	-1	0	0.3261	-1.0000
79	243	2	372.0814	10	15	0	-1	0	0.3261	-1.0000
79	244	2	373.6147	12	5	0	-1	0	0.3261	-1.0000
79	245	2	375.1481	11	10	0	-1	0	0.3261	-1.0000
79	246	2	376.6814	9	9	0	-1	1	0.3191	0.8630
79	247	2	378.2147	12	5	0	-1	0	0.3191	-1.0000
79	248	2	379.7480	9	9	0	-1	0	0.3191	-1.0000
79	249	2	381.2813	12	5	0	-1	0	0.3191	-1.0000
79	250	2	382.8147	9	9	0	-1	0	0.3191	-1.0000
79	251	2	384.3480	8	2	0	-1	0	0.3191	-1.0000
79	252	2	385.8813	6	12	0	-1	1	0.3125	0.9434
79	253	2	387.4146	8	2	0	-1	0	0.3125	-1.0000
79	254	2	388.9480	6	12	0	-1	0	0.3125	-1.0000
79	255	2	390.4813	7	1	0	-1	0	0.3125	-1.0000
79	256	2	392.0146	6	12	0	-1	0	0.3125	-1.0000
79	257	2	393.5479	5	13	0	-1	1	0.3061	1.4368
79	258	2	395.0813	4	3	0	-1	1	0.3000	0.0167
79	259	2	396.6146	3	14	0	-1	0	0.3000	-1.0000
79	260	2	398.1480	2	7	0	-1	0	0.3000	-1.0000
79	261	2	399.6812	1	6	0	-1	0	0.3000	-1.0000
79	262	2	401.2146	15	8	0	-1	0	0.3000	-1.0000
79	263	2	402.7479	14	4	0	-1	0	0.3000	-1.0000
79	264	2	404.2812	13	11	0	-1	0	0.3000	-1.0000
79	265	2	405.8145	12	5	0	-1	0	0.3000	-1.0000
79	266	2	407.3479	11	10	0	-1	0	0.3000	-1.0000
79	267	2	408.8812	10	15	0	-1	1	0.2941	0.5836
79	268	2	410.4145	9	9	0	-1	0	0.2941	-1.0000
79	269	2	411.9479	8	2	0	-1	0	0.2941	-1.0000
79	270	2	413.4812	7	1	0	-1	0	0.2941	-1.0000
79	271	2	415.0145	4	3	0	-1	0	0.2941	-1.0000
79	272	2	416.5478	3	14	0	-1	1	0.3077	0.9002
79	273	2	418.0812	1	6	0	-1	0	0.3077	-1.0000
79	274	2	419.6145	2	7	0	-1	0	0.3077	-1.0000
79	275	2	421.1478	15	8	0	-1	0	0.3077	-1.0000
79	276	2	422.6811	14	4	0	-1	0	0.3077	-1.0000
79	277	2	424.2145	2	7	0	-1	0	0.3077	-1.0000
79	278	2	425.7478	15	8	0	-1	0	0.3077	-1.0000
79	279	2	427.2811	2	7	0	-1	0	0.3077	-1.0000
79	280	2	428.8144	15	8	0	-1	0	0.3077	-1.0000
79	281	2	430.3478	3	14	0	-1	0	0.3077	-1.0000
79	282	2	431.8811	15	8	0	-1	0	0.3077	-1.0000
79	283	2	433.4144	3	14	0	-1	0	0.3077	-1.0000
79	284	2	434.9477	1	6	0	-1	1	0.3019	0.7891
79	285	2	436.4811	3	14	0	-1	0	0.3019	-1.0000
79	286	2	438.0144	2	7	0	-1	0	0.3019	-1.0000
79	287	2	439.5477	1	6	0	-1	0	0.3019	-1.0000
79	288	2	441.0810	15	8	0	-1	0	0.3019	-1.0000
79	289	2	442.6144	14	4	0	-1	0	0.3019	-1.0000
79	290	2	444.1477	13	11	0	-1	1	0.3148	0.9971
79	291	2	445.6810	12	5	0	-1	0	0.3148	-1.0000
79	292	2	447.2143	11	10	0	-1	0	0.3148	-1.0000
79	293	2	448.7477	10	15	0	-1	0	0.3148	-1.0000
79	294	2	450.2810	9	9	0	-1	0	0.3148	-1.0000
79	295	2	451.8143	8	2	0	-1	0	0.3148	-1.0000
79	296	2	453.3477	7	1	0	-1	0	0.3148	-1.0000
79	297	2	454.8810	6	12	0	-1	0	0.3148	-1.0000
79	298	2	456.4143	5	13	0	-1	0	0.3148	-1.0000
79	299	2	457.9476	4	3	0	-1	0	0.3148	-1.0000
79	300	2	459.4809	3	14	0	-1	1	0.3273	0.8634
79	301	2	461.0143	1	6	0	-1	0	0.3273	-1.0000
79	302	2	462.5476	15	8	0	-1	0	0.3273	-1.0000
79	303	2	464.0809	2	7	0	-1	0	0.3273	-1.0000
79	304	2	465.6143	15	8	0	-1	0	0.3273	-1.0000
79	305	2	467.1476	3	14	0	-1	1	0.3214	1.1647
79	306	2	468.6809	15	8	0	-1	0	0.3214	-1.0000
79	307	2	470.2142	3	14	0	-1	0	0.3214	-1.0000
79	308	2	471.7475	4	3	0	-1	0	0.3214	-1.0000
79	309	2	473.2809	7	1	0	-1	0	0.3214	-1.0000
79	310	2	474.8142	5	13	0	-1	0	0.3214	-1.0000
79	311	2	476.3475	4	3	0	-1	0	0.3214	-1.0000
79	312	2	477.8808	3	14	0	-1	0	0.3214	-1.0000
79	313	2	479.4142	4	3	0	-1	1	0.3333	0.0167
79	314	2	480.9475	3	14	0	-1	0	0.3333	-1.0000
79	315	2	482.4808	4	3	0	-1	0	0.3333	-1.0000
79	316	2	484.0142	5	13	0	-1	0	0.3333	-1.0000
79	317	2	485.5475	6	12	0	-1	0	0.3333	-1.0000
79	318	2	487.0808	7	1	0	-1	0	0.3333	-1.0000
79	319	2	488.6141	8	2	0	-1	1	0.3276	1.2821
79	320	2	490.1475	9	9	0	-1	0	0.3276	-1.0000
79	321	2	491.6808	10	15	0	-1	0	0.3276	-1.0000
79	322	2	493.2141	11	10	0	-1	0	0.3276	-1.0000
79	323	2	494.7474	12	5	0	-1	0	0.3276	-1.0000
79	324	2	496.2807	13	11	0	-1	0	0.3276	-1.0000
79	325	2	497.8141	14	4	0	-1	1	0.3390	1.0744
79	326	2	499.3474	15	8	0	-1	0	0.3390	-1.0000
79	327	2	500.8807	1	6	0	-1	0	0.3390	-1.0000
79	328	2	502.4140	2	7	0	-1	0	0.3390	-1.0000
79	329	2	503.9474	3	14	0	-1	0	0.3390	-1.0000
79	330	2	505.4807	4	3	0	-1	0	0.3390	-1.0000
79	331	2	507.0140	3	14	0	-1	0	0.3390	-1.0000
79	332	2	508.5474	4	3	0	-1	0	0.3390	-1.0000
79	333	2	510.0806	6	12	0	-1	0	0.3390	-1.0000
79	334	2	511.6140	4	3	0	-1	0	0.3390	-1.0000
79	335	2	513.1473	5	13	0	-1	0	0.3390	-1.0000
79	336	2	514.6807	7	1	0	-1	0	0.3390	-1.0000
79	337	2	516.2140	6	12	0	-1	0	0.3390	-1.0000
79	338	2	517.7473	5	13	0	-1	0	0.3390	-1.0000
79	339	2	519.2806	4	3	0	-1	0	0.3390	-1.0000
79	340	2	520.8140	7	1	0	-1	0	0.3390	-1.0000
79	341	2	522.3473	4	3	0	-1	0	0.3390	-1.0000
79	342	2	523.8806	6	12	0	-1	1	0.3333	0.7841
79	343	2	525.4139	4	3	0	-1	0	0.3333	-1.0000
79	344	2	526.9473	7	1	0	-1	0	0.3333	-1.0000
79	345	2	528.4806	8	2	0	-1	0	0.3333	-1.0000
79	346	2	530.0139	7	1	0	-1	0	0.3333	-1.0000
79	347	2	531.5472	6	12	0	-1	0	0.3333	-1.0000
79	348	2	533.0806	5	13	0	-1	1	0.3279	0.7675
79	349	2	534.6139	4	3	0	-1	0	0.3279	-1.0000
79	350	2	536.1472	3	14	0	-1	0	0.3279	-1.0000
79	351	2	537.6805	2	7	0	-1	0	0.3279	-1.0000
79	352	2	539.2139	1	6	0	-1	0	0.3279	-1.0000
79	353	2	540.7472	15	8	0	-1	0	0.3279	-1.0000
79	354	2	542.2805	14	4	0	-1	0	0.3279	-1.0000
79	355	2	543.8138	13	11	0	-1	1	0.3387	1.0590
79	356	2	545.3472	12	5	0	-1	0	0.3387	-1.0000
79	357	2	546.8805	11	10	0	-1	0	0.3387	-1.0000
79	358	2	548.4138	10	15	0	-1	1	0.3333	0.9391
79	359	2	549.9471	9	9	0	-1	0	0.3333	-1.0000
79	360	2	551.4805	8	2	0	-1	0	0.3333	-1.0000
79	361	2	553.0138	7	1	0	-1	0	0.3333	-1.0000
79	362	2	554.5471	4	3	0	-1	0	0.3333	-1.0000
79	363	2	556.0804	5	13	0	-1	0	0.3333	-1.0000
79	364	2	557.6137	7	1	0	-1	0	0.3333	-1.0000
79	365	2	559.1471	8	2	0	-1	0	0.3333	-1.0000
79	366	2	560.6804	6	12	0	-1	1	0.3281	0.7043
79	367	2	562.2137	5	13	0	-1	0	0.3281	-1.0000
79	368	2	563.7471	6	12	0	-1	0	0.3281	-1.0000
79	369	2	565.2804	7	1	0	-1	0	0.3281	-1.0000
79	370	2	566.8137	4	3	0	-1	1	0.3231	1.1948
79	371	2	568.3470	7	1	0	-1	0	0.3231	-1.0000
79	372	2	569.8804	5	13	0	-1	0	0.3231	-1.0000
79	373	2	571.4137	8	2	0	-1	0	0.3231	-1.0000
79	374	2	572.9470	6	12	0	-1	0	0.3231	-1.0000
79	375	2	574.4803	8	2	0	-1	0	0.3231	-1.0000
79	376	2	576.0137	9	9	0	-1	1	0.3333	0.8908
79	377	2	577.5470	10	15	0	-1	0	0.3333	-1.0000
79	378	2	579.0803	11	10	0	-1	0	0.3333	-1.0000
79	379	2	580.6136	12	5	0	-1	0	0.3333	-1.0000
79	380	2	582.1470	13	11	0	-1	0	0.3333	-1.0000
79	381	2	583.6803	14	4	0	-1	0	0.3333	-1.0000
79	382	2	585.2136	15	8	0	-1	0	0.3333	-1.0000
79	383	2	586.7469	1	6	0	-1	0	0.3333	-1.0000
79	384	2	588.2803	2	7	0	-1	0	0.3333	-1.0000
79	385	2	589.8136	3	14	0	-1	1	0.3284	0.6903
79	386	2	591.3469	4	3	0	-1	0	0.3284	-1.0000
79	387	2	592.8803	5	13	0	-1	0	0.3284	-1.0000
79	388	2	594.4136	6	12	0	-1	1	0.3235	0.8112
79	389	2	595.9469	7	1	0	-1	0	0.3235	-1.0000
79	390	2	597.4802	8	2	0	-1	0	0.3235	-1.0000
79	391	2	599.0136	7	1	0	-1	0	0.3235	-1.0000
79	392	2	600.5469	6	12	0	-1	1	0.3188	0.9019
79	393	2	602.0802	4	3	0	-1	0	0.3188	-1.0000
79	394	2	603.6136	3	14	0	-1	0	0.3188	-1.0000
79	395	2	605.1469	1	6	0	-1	0	0.3188	-1.0000
79	396	2	606.6802	15	8	0	-1	0	0.3188	-1.0000
79	397	2	608.2135	14	4	0	-1	1	0.3143	1.0750
79	398	2	609.7468	2	7	0	-1	0	0.3143	-1.0000
79	399	2	611.2802	1	6	0	-1	0	0.3143	-1.0000
79	400	2	612.8135	2	7	0	-1	0	0.3143	-1.0000
79	401	2	614.3468	15	8	0	-1	0	0.3143	-1.0000
79	402	2	615.8801	1	6	0	-1	0	0.3143	-1.0000
79	403	2	617.4135	15	8	0	-1	1	0.3099	0.5312
79	404	2	618.9468	3	14	0	-1	0	0.3099	-1.0000
79	405	2	620.4801	1	6	0	-1	0	0.3099	-1.0000
79	406	2	622.0134	2	7	0	-1	0	0.3099	-1.0000
79	407	2	623.5468	3	14	0	-1	0	0.3099	-1.0000
79	408	2	625.0801	4	3	0	-1	0	0.3099	-1.0000
79	409	2	626.6134	5	13	0	-1	0	0.3099	-1.0000
79	410	2	628.1467	6	12	0	-1	1	0.3056	0.6938
79	411	2	629.6801	7	1	0	-1	0	0.3056	-1.0000
79	412	2	631.2134	8	2	0	-1	0	0.3056	-1.0000
79	413	2	632.7468	9	9	0	-1	1	0.3151	1.3096
79	414	2	634.2800	10	15	0	-1	0	0.3151	-1.0000
79	415	2	635.8134	11	10	0	-1	0	0.3151	-1.0000
79	416	2	637.3467	12	5	0	-1	0	0.3151	-1.0000
79	417	2	638.8800	13	11	0	-1	0	0.3151	-1.0000
79	418	2	640.4134	14	4	0	-1	0	0.3151	-1.0000
79	419	2	641.9467	15	8	0	-1	1	0.3108	0.7341
79	420	2	643.4800	1	6	0	-1	0	0.3108	-1.0000
79	421	2	645.0133	15	8	0	-1	0	0.3108	-1.0000
79	422	2	646.5466	2	7	0	-1	0	0.3108	-1.0000
79	423	2	648.0800	14	4	0	-1	0	0.3108	-1.0000
79	424	2	649.6133	2	7	0	-1	0	0.3108	-1.0000
79	425	2	651.1466	14	4	0	-1	0	0.3108	-1.0000
79	426	2	652.6800	13	11	0	-1	1	0.3200	0.6086
79	427	2	654.2133	14	4	0	-1	0	0.3200	-1.0000
79	428	2	655.7466	13	11	0	-1	0	0.3200	-1.0000
79	429	2	657.2799	14	4	0	-1	0	0.3200	-1.0000
79	430	2	658.8132	15	8	0	-1	0	0.3200	-1.0000
79	431	2	660.3466	2	7	0	-1	1	0.3158	0.5901
79	432	2	661.8799	15	8	0	-1	0	0.3158	-1.0000
79	433	2	663.4132	1	6	0	-1	0	0.3158	-1.0000
79	434	2	664.9465	3	14	0	-1	0	0.3158	-1.0000
79	435	2	666.4799	15	8	0	-1	0	0.3158	-1.0000
79	436	2	668.0132	14	4	0	-1	0	0.3158	-1.0000
79	437	2	669.5465	13	11	0	-1	0	0.3158	-1.0000
79	438	2	671.0798	12	5	0	-1	0	0.3158	-1.0000
79	439	2	672.6132	11	10	0	-1	1	0.3117	0.7231
79	440	2	674.1465	10	15	0	-1	0	0.3117	-1.0000
79	441	2	675.6798	9	9	0	-1	0	0.3117	-1.0000
79	442	2	677.2131	8	2	0	-1	0	0.3117	-1.0000
79	443	2	678.7465	7	1	0	-1	0	0.3117	-1.0000
79	444	2	680.2798	6	12	0	-1	0	0.3117	-1.0000
79	445	2	681.8131	5	13	0	-1	0	0.3117	-1.0000
79	446	2	683.3464	4	3	0	-1	0	0.3117	-1.0000
79	447	2	684.8797	3	14	0	-1	0	0.3117	-1.0000
79	448	2	686.4131	2	7	0	-1	1	0.3077	0.8753
79	449	2	687.9464	1	6	0	-1	0	0.3077	-1.0000
79	450	2	689.4797	15	8	0	-1	0	0.3077	-1.0000
79	451	2	691.0131	14	4	0	-1	0	0.3077	-1.0000
79	452	2	692.5464	1	6	0	-1	0	0.3077	-1.0000
79	453	2	694.0797	3	14	0	-1	0	0.3077	-1.0000
79	454	2	695.6130	1	6	0	-1	1	0.3038	0.7636
79	455	2	697.1464	15	8	0	-1	0	0.3038	-1.0000
79	456	2	698.6797	2	7	0	-1	0	0.3038	-1.0000
79	457	2	700.2130	14	4	0	-1	0	0.3038	-1.0000
79	458	2	701.7463	15	8	0	-1	0	0.3038	-1.0000
79	459	2	703.2797	2	7	0	-1	0	0.3038	-1.0000
79	460	2	704.8130	15	8	0	-1	0	0.3038	-1.0000
79	461	2	706.3463	1	6	0	-1	1	0.3000	0.7496
79	462	2	707.8796	15	8	0	-1	0	0.3000	-1.0000
79	463	2	709.4130	2	7	0	-1	0	0.3000	-1.0000
79	464	2	710.9463	15	8	0	-1	0	0.3000	-1.0000
79	465	2	712.4796	3	14	0	-1	0	0.3000	-1.0000
79	466	2	714.0129	4	3	0	-1	0	0.3000	-1.0000
79	467	2	715.5463	5	13	0	-1	1	0.2963	0.7978
79	468	2	717.0796	6	12	0	-1	0	0.2963	-1.0000
79	469	2	718.6129	7	1	0	-1	0	0.2963	-1.0000
79	470	2	720.1462	8	2	0	-1	0	0.2963	-1.0000
79	471	2	721.6796	9	9	0	-1	0	0.2963	-1.0000
79	472	2	723.2129	10	15	0	-1	1	0.2927	0.6673
79	473	2	724.7462	11	10	0	-1	0	0.2927	-1.0000
79	474	2	726.2795	12	5	0	-1	0	0.2927	-1.0000
79	475	2	727.8129	13	11	0	-1	0	0.2927	-1.0000
79	476	2	729.3462	14	4	0	-1	1	0.3012	0.8380
79	477	2	730.8795	15	8	0	-1	0	0.3012	-1.0000
79	478	2	732.4128	1	6	0	-1	0	0.3012	-1.0000
79	479	2	733.9462	2	7	0	-1	0	0.3012	-1.0000
79	480	2	735.4795	3	14	0	-1	0	0.3012	-1.0000
79	481	2	737.0128	2	7	0	-1	0	0.3012	-1.0000
79	482	2	738.5462	3	14	0	-1	0	0.3012	-1.0000
79	483	2	740.0796	1	6	0	-1	1	0.2976	0.6491
79	484	2	741.6128	14	4	0	-1	0	0.2976	-1.0000
79	485	2	743.1461	2	7	0	-1	0	0.2976	-1.0000
79	486	2	744.6794	1	6	0	-1	0	0.2976	-1.0000
79	487	2	746.2128	2	7	0	-1	0	0.2976	-1.0000
79	488	2	747.7461	15	8	0	-1	0	0.2976	-1.0000
79	489	2	749.2794	3	14	0	-1	0	0.2976	-1.0000
79	490	2	750.8127	15	8	0	-1	0	0.2976	-1.0000
79	491	2	752.3461	14	4	0	-1	1	0.2941	0.8620
79	492	2	753.8794	2	7	0	-1	0	0.2941	-1.0000
79	493	2	755.4127	14	4	0	-1	0	0.2941	-1.0000
79	494	2	756.9461	15	8	0	-1	0	0.2941	-1.0000
79	495	2	758.4794	3	14	0	-1	0	0.2941	-1.0000
79	496	2	760.0127	4	3	0	-1	0	0.2941	-1.0000
79	497	2	761.5460	5	13	0	-1	0	0.2941	-1.0000
79	498	2	763.0794	6	12	0	-1	0	0.2941	-1.0000
79	499	2	764.6127	7	1	0	-1	1	0.2907	1.0431
79	500	2	766.1460	8	2	0	-1	0	0.2907	-1.0000
79	501	2	767.6793	9	9	0	-1	0	0.2907	-1.0000
79	502	2	769.2127	10	15	0	-1	1	0.2874	0.6521
79	503	2	770.7460	11	10	0	-1	0	0.2874	-1.0000
79	504	2	772.2794	12	5	0	-1	0	0.2874	-1.0000
79	505	2	773.8126	13	11	0	-1	0	0.2874	-1.0000
79	506	2	775.3460	14	4	0	-1	1	0.2955	0.7423
79	507	2	776.8793	15	8	0	-1	0	0.2955	-1.0000
79	508	2	778.4126	1	6	0	-1	0	0.2955	-1.0000
79	509	2	779.9459	2	7	0	-1	0	0.2955	-1.0000
79	510	2	781.4793	3	14	0	-1	0	0.2955	-1.0000
79	511	2	783.0126	2	7	0	-1	0	0.2955	-1.0000
79	512	2	784.5459	15	8	0	-1	1	0.2921	0.7587
79	513	2	786.0792	14	4	0	-1	0	0.2921	-1.0000
79	514	2	787.6126	13	11	0	-1	1	0.3000	1.0197
79	515	2	789.1459	14	4	0	-1	0	0.3000	-1.0000
79	516	2	790.6792	15	8	0	-1	0	0.3000	-1.0000
79	517	2	792.2125	2	7	0	-1	0	0.3000	-1.0000
79	518	2	793.7459	15	8	0	-1	0	0.3000	-1.0000
79	519	2	795.2792	14	4	0	-1	0	0.3000	-1.0000
79	520	2	796.8125	15	8	0	-1	0	0.3000	-1.0000
79	521	2	798.3458	2	7	0	-1	0	0.3000	-1.0000
79	522	2	799.8792	15	8	0	-1	0	0.3000	-1.0000
79	523	2	801.4125	2	7	0	-1	0	0.3000	-1.0000
79	524	2	802.9458	14	4	0	-1	1	0.2967	0.9828
79	525	2	804.4791	15	8	0	-1	0	0.2967	-1.0000
79	526	2	806.0125	14	4	0	-1	0	0.2967	-1.0000
79	527	2	807.5458	13	11	0	-1	1	0.3043	1.0066
79	528	2	809.0791	12	5	0	-1	0	0.3043	-1.0000
79	529	2	810.6124	11	10	0	-1	0	0.3043	-1.0000
79	530	2	812.1458	10	15	0	-1	0	0.3043	-1.0000
79	531	2	813.6791	9	9	0	-1	1	0.3011	0.7771
79	532	2	815.2124	8	2	0	-1	0	0.3011	-1.0000
79	533	2	816.7457	7	1	0	-1	0	0.3011	-1.0000
79	534	2	818.2791	6	12	0	-1	0	0.3011	-1.0000
79	535	2	819.8124	5	13	0	-1	0	0.3011	-1.0000
79	536	2	821.3457	4	3	0	-1	0	0.3011	-1.0000
79	537	2	822.8790	3	14	0	-1	0	0.3011	-1.0000
79	538	2	824.4123	2	7	0	-1	0	0.3011	-1.0000
79	539	2	825.9457	1	6	0	-1	0	0.3011	-1.0000
79	540	2	827.4790	15	8	0	-1	0	0.3011	-1.0000
79	541	2	829.0123	1	6	0	-1	1	0.2979	0.7561
79	542	2	830.5457	14	4	0	-1	0	0.2979	-1.0000
79	543	2	832.0790	2	7	0	-1	0	0.2979	-1.0000
79	544	2	833.6123	1	6	0	-1	0	0.2979	-1.0000
79	545	2	835.1456	3	14	0	-1	0	0.2979	-1.0000
79	546	2	836.6790	2	7	0	-1	0	0.2979	-1.0000
79	547	2	838.2123	14	4	0	-1	1	0.2947	0.9002
79	548	2	839.7456	2	7	0	-1	0	0.2947	-1.0000
79	549	2	841.2789	3	14	0	-1	0	0.2947	-1.0000
79	550	2	842.8123	2	7	0	-1	0	0.2947	-1.0000
79	551	2	844.3456	14	4	0	-1	0	0.2947	-1.0000
79	552	2	845.8789	15	8	0	-1	1	0.2917	1.3613
79	553	2	847.4123	3	14	0	-1	0	0.2917	-1.0000
79	554	2	848.9456	1	6	0	-1	0	0.2917	-1.0000
79	555	2	850.4789	2	7	0	-1	0	0.2917	-1.0000
79	556	2	852.0122	3	14	0	-1	0	0.2917	-1.0000
79	557	2	853.5455	4	3	0	-1	0	0.2917	-1.0000
79	558	2	855.0789	5	13	0	-1	1	0.2887	0.6736
79	559	2	856.6122	6	12	0	-1	0	0.2887	-1.0000
79	560	2	858.1455	7	1	0	-1	0	0.2887	-1.0000
79	561	2	859.6788	8	2	0	-1	0	0.2887	-1.0000
79	562	2	861.2122	9	9	0	-1	1	0.2959	0.7804
79	563	2	862.7455	10	15	0	-1	0	0.2959	-1.0000
79	564	2	864.2788	11	10	0	-1	0	0.2959	-1.0000
79	565	2	865.8121	12	5	0	-1	1	0.2929	1.3636
79	566	2	867.3455	13	11	0	-1	0	0.2929	-1.0000
79	567	2	868.8788	14	4	0	-1	0	0.2929	-1.0000
79	568	2	870.4121	15	8	0	-1	0	0.2929	-1.0000
79	569	2	871.9454	1	6	0	-1	0	0.2929	-1.0000
79	570	2	873.4788	2	7	0	-1	0	0.2929	-1.0000
79	571	2	875.0121	3	14	0	-1	0	0.2929	-1.0000
79	572	2	876.5454	1	6	0	-1	0	0.2929	-1.0000
79	573	2	878.0788	2	7	0	-1	0	0.2929	-1.0000
79	574	2	879.6121	14	4	0	-1	1	0.2900	0.7646
79	575	2	881.1454	13	11	0	-1	0	0.2900	-1.0000
79	576	2	882.6787	10	15	0	-1	0	0.2900	-1.0000
79	577	2	884.2120	13	11	0	-1	0	0.2900	-1.0000
79	578	2	885.7454	11	10	0	-1	0	0.2900	-1.0000
79	579	2	887.2787	12	5	0	-1	0	0.2900	-1.0000
79	580	2	888.8120	13	11	0	-1	0	0.2900	-1.0000
79	581	2	890.3454	10	15	0	-1	0	0.2900	-1.0000
79	582	2	891.8787	11	10	0	-1	0	0.2900	-1.0000
79	583	2	893.4120	10	15	0	-1	0	0.2900	-1.0000
79	584	2	894.9453	11	10	0	-1	0	0.2900	-1.0000
79	585	2	896.4786	10	15	0	-1	0	0.2900	-1.0000
79	586	2	898.0120	11	10	0	-1	0	0.2900	-1.0000
79	587	2	899.5453	12	5	0	-1	0	0.2900	-1.0000
79	588	2	901.0786	13	11	0	-1	0	0.2900	-1.0000
79	589	2	902.6119	14	4	0	-1	1	0.2970	1.0123
79	590	2	904.1453	15	8	0	-1	0	0.2970	-1.0000
79	591	2	905.6786	1	6	0	-1	0	0.2970	-1.0000
79	592	2	907.2119	2	7	0	-1	0	0.2970	-1.0000
79	593	2	908.7452	3	14	0	-1	0	0.2970	-1.0000
79	594	2	910.2786	4	3	0	-1	0	0.2970	-1.0000
79	595	2	911.8119	5	13	0	-1	0	0.2970	-1.0000
79	596	2	913.3452	6	12	0	-1	0	0.2970	-1.0000
79	597	2	914.8785	7	1	0	-1	0	0.2970	-1.0000
79	598	2	916.4119	8	2	0	-1	0	0.2970	-1.0000
79	599	2	917.9452	9	9	0	-1	0	0.2970	-1.0000
79	600	2	919.4785	10	15	0	-1	0	0.2970	-1.0000
Actual parsing ratio
0.2970
Possible node parses
92.0000
 Node parses selected
0.3261
Possible other parses
508.0000
Other parses selected
0.1398
Chance parsing ratio
0.1533
Shock trials
51
328
514
979
1144