*********************************************
* Date/Time: 26-Oct-2020 12:02:26
* Seed: 209127.3
* Subject Number: 068
15	13	3	1	4	2	11	7	5	6	10	8	12	9	14	
*********************************************

Shape exposure time (seconds)
292.3815
subject	trial	phase	onset	node	shape	rotate	acc	resp	total	rt
68	1	1	1.0166	1	15	0	-1	0	0.0000	-1.0000
68	2	1	2.8834	3	3	0	-1	0	0.0000	-1.0000
68	3	1	4.6166	1	15	0	0	1	0.0000	0.1720
68	4	1	6.1667	15	14	0	0	1	0.0000	0.6859
68	5	1	7.7167	14	9	0	0	1	0.0000	0.9438
68	6	1	9.2666	13	12	90	0	1	0.0000	0.9616
68	7	1	10.8166	12	8	0	1	1	0.1429	1.1717
68	8	1	12.3666	9	5	0	1	1	0.2500	0.9979
68	9	1	13.9165	12	8	0	0	1	0.2222	0.6956
68	10	1	15.4665	10	6	0	0	1	0.2000	0.8256
68	11	1	17.0166	11	10	90	1	1	0.2727	0.9882
68	12	1	18.5666	9	5	0	1	1	0.3333	0.9096
68	13	1	20.1165	11	10	0	0	1	0.3077	0.9601
68	14	1	21.6665	13	12	90	1	1	0.3571	0.9138
68	15	1	23.2165	14	9	0	0	1	0.3333	0.8842
68	16	1	24.7664	2	13	0	0	1	0.3125	0.8700
68	17	1	26.3165	3	3	90	1	1	0.3529	0.9040
68	18	1	27.8665	4	1	0	0	1	0.3333	0.8580
68	19	1	29.4165	5	4	90	0	1	0.3158	0.7800
68	20	1	30.9665	6	2	0	0	1	0.3000	0.8301
68	21	1	32.5164	4	1	0	1	1	0.3333	0.7840
68	22	1	34.0663	7	11	90	1	1	0.3636	0.6737
68	23	1	35.6164	8	7	90	1	1	0.3913	0.5963
68	24	1	37.1664	6	2	0	0	1	0.3750	0.9021
68	25	1	38.7164	4	1	0	1	1	0.4000	0.7759
68	26	1	40.2664	7	11	0	0	1	0.3846	0.6978
68	27	1	41.8163	4	1	0	0	1	0.3704	0.7960
68	28	1	43.3663	5	4	0	1	1	0.3929	0.8782
68	29	1	44.9163	6	2	0	0	1	0.3793	0.9604
68	30	1	46.4663	8	7	90	1	1	0.4000	0.9940
68	31	1	48.0162	5	4	0	1	1	0.4194	0.8998
68	32	1	49.5663	7	11	90	0	1	0.4063	0.8700
68	33	1	51.1163	6	2	90	1	1	0.4242	0.8078
68	34	1	52.6662	5	4	0	1	1	0.4412	0.6340
68	35	1	54.2162	8	7	0	0	1	0.4286	0.7798
68	36	1	55.7662	7	11	0	0	1	0.4167	0.8302
68	37	1	57.3162	8	7	90	0	1	0.4054	0.9442
68	38	1	58.8662	6	2	0	0	1	0.3947	0.9938
68	39	1	60.4162	4	1	0	1	1	0.4103	0.9804
68	40	1	61.9662	5	4	0	1	1	0.4250	1.0784
68	41	1	63.5162	4	1	0	0	1	0.4146	0.8717
68	42	1	65.0662	6	2	0	0	1	0.4048	0.8582
68	43	1	66.6161	8	7	90	1	1	0.4186	0.8282
68	44	1	68.1661	7	11	0	1	1	0.4318	0.8299
68	45	1	69.7161	8	7	0	0	1	0.4222	0.6886
68	46	1	71.2661	9	5	0	1	1	0.4348	0.7382
68	47	1	72.8162	10	6	90	1	1	0.4468	0.6122
68	48	1	74.3660	11	10	0	0	1	0.4375	0.6462
68	49	1	75.9161	12	8	0	1	1	0.4490	0.8085
68	50	1	77.4661	10	6	0	0	1	0.4400	0.6022
68	51	1	79.0161	11	10	90	0	1	0.4314	0.7639
68	52	1	80.5661	12	8	0	0	1	0.4231	0.8139
68	53	1	82.1161	13	12	0	0	1	0.4151	1.0241
68	54	1	83.6661	12	8	0	1	1	0.4259	0.8183
68	55	1	85.2160	9	5	0	1	1	0.4364	0.9323
68	56	1	86.7660	12	8	0	0	1	0.4286	0.5503
68	57	1	88.3160	10	6	0	0	1	0.4211	0.7284
68	58	1	89.8660	9	5	0	0	1	0.4138	0.8107
68	59	1	91.4160	12	8	90	1	1	0.4237	0.7807
68	60	1	92.9660	9	5	0	1	1	0.4333	0.6222
68	61	1	94.5160	11	10	0	1	1	0.4426	0.3846
68	62	1	96.0659	9	5	0	0	1	0.4355	0.4182
68	63	1	97.6159	12	8	0	0	1	0.4286	0.7085
68	64	1	99.1659	13	12	0	0	1	0.4219	0.8380
68	65	1	100.7159	10	6	0	0	1	0.4154	0.8886
68	66	1	102.2659	11	10	0	1	1	0.4242	0.9543
68	67	1	103.8159	9	5	0	0	1	0.4179	0.9729
68	68	1	105.3659	10	6	90	1	1	0.4265	0.8147
68	69	1	106.9159	9	5	0	0	1	0.4203	0.6400
68	70	1	108.4658	11	10	90	1	1	0.4286	0.7866
68	71	1	110.0158	10	6	0	1	1	0.4366	0.6603
68	72	1	111.5658	9	5	0	0	1	0.4306	0.5824
68	73	1	113.1158	12	8	0	0	1	0.4247	0.7924
68	74	1	114.6658	10	6	0	0	1	0.4189	0.8744
68	75	1	116.2159	12	8	0	0	1	0.4133	0.9244
68	76	1	117.7658	10	6	90	0	1	0.4079	1.0545
68	77	1	119.3157	12	8	0	0	1	0.4026	1.0567
68	78	1	120.8657	10	6	0	0	1	0.3974	1.1385
68	79	1	122.4157	12	8	0	0	1	0.3924	1.1409
68	80	1	123.9657	10	6	0	1	1	0.4000	1.2705
68	81	1	125.5157	11	10	0	0	1	0.3951	0.7604
68	82	1	127.0658	13	12	0	1	1	0.4024	0.8584
68	83	1	128.6157	14	9	0	0	1	0.3976	0.8926
68	84	1	130.1657	1	15	0	0	1	0.3929	1.0067
68	85	1	131.7156	15	14	0	1	1	0.4000	1.4085
68	86	1	133.3323	3	3	0	0	1	0.3953	0.7999
68	87	1	134.8823	1	15	0	0	1	0.3908	0.7535
68	88	1	136.4323	15	14	90	1	1	0.3977	0.8839
68	89	1	137.9823	3	3	90	0	1	0.3933	0.4539
68	90	1	139.5324	4	1	0	0	1	0.3889	0.5515
68	91	1	141.0823	6	2	0	1	1	0.3956	0.5864
68	92	1	142.6322	5	4	0	0	1	0.3913	0.5556
68	93	1	144.1822	4	1	0	0	1	0.3871	0.7978
68	94	1	145.7322	6	2	90	1	1	0.3936	0.9116
68	95	1	147.2822	4	1	0	1	1	0.4000	0.0169
68	96	1	148.8323	3	3	0	1	1	0.4063	0.5475
68	97	1	150.3823	1	15	0	0	1	0.4021	0.7895
68	98	1	151.9322	2	13	0	1	1	0.4082	0.8720
68	99	1	153.4822	3	3	0	0	1	0.4040	0.6503
68	100	1	155.0321	1	15	0	0	1	0.4000	0.7477
68	101	1	156.5821	3	3	0	0	1	0.3960	0.8616
68	102	1	158.1321	1	15	90	1	1	0.4020	0.9279
68	103	1	159.6822	15	14	0	0	1	0.3981	0.9141
68	104	1	161.2322	14	9	0	0	1	0.3942	1.0602
68	105	1	162.7821	13	12	0	0	1	0.3905	0.9021
68	106	1	164.3321	12	8	0	0	1	0.3868	0.7600
68	107	1	165.8821	10	6	0	0	1	0.3832	1.0182
68	108	1	167.4321	9	5	90	0	1	0.3796	1.1317
68	109	1	168.9821	12	8	0	0	1	0.3761	1.0057
68	110	1	170.5321	10	6	90	1	1	0.3818	1.0719
68	111	1	172.0821	13	12	90	0	1	0.3784	0.7856
68	112	1	173.6320	14	9	0	0	1	0.3750	0.8679
68	113	1	175.1820	15	14	0	1	1	0.3805	0.9181
68	114	1	176.7320	3	3	0	0	1	0.3772	0.7120
68	115	1	178.2820	4	1	0	0	1	0.3739	0.6821
68	116	1	179.8320	7	11	0	0	1	0.3707	0.7642
68	117	1	181.3821	8	7	0	1	1	0.3761	0.9902
68	118	1	182.9321	5	4	0	0	1	0.3729	0.8482
68	119	1	184.4820	6	2	0	0	1	0.3697	0.7057
68	120	1	186.0320	7	11	90	0	1	0.3667	1.0447
68	121	1	187.5819	6	2	0	0	1	0.3636	0.9983
68	122	1	189.1320	5	4	90	1	1	0.3689	1.0322
68	123	1	190.6819	8	7	90	0	1	0.3659	0.9698
68	124	1	192.2320	6	2	0	0	1	0.3629	0.9724
68	125	1	193.7819	5	4	0	1	1	0.3680	0.9423
68	126	1	195.3319	4	1	0	0	1	0.3651	0.7687
68	127	1	196.8819	3	3	90	1	1	0.3701	1.0102
68	128	1	198.4319	4	1	0	0	1	0.3672	0.9483
68	129	1	199.9818	5	4	0	1	1	0.3721	0.8698
68	130	1	201.5318	8	7	90	1	1	0.3769	0.6323
68	131	1	203.0819	9	5	90	0	1	0.3740	0.8421
68	132	1	204.6319	11	10	0	0	1	0.3712	0.6681
68	133	1	206.1818	10	6	90	1	1	0.3759	0.7981
68	134	1	207.7318	13	12	0	1	1	0.3806	0.7361
68	135	1	209.2817	11	10	0	0	1	0.3778	0.6425
68	136	1	210.8317	13	12	0	0	1	0.3750	0.8201
68	137	1	212.3817	11	10	0	0	1	0.3723	0.8706
68	138	1	213.9318	9	5	0	0	1	0.3696	0.8238
68	139	1	215.4818	10	6	0	0	1	0.3669	0.8423
68	140	1	217.0317	11	10	0	1	1	0.3714	1.0039
68	141	1	218.5817	13	12	0	0	1	0.3688	0.7503
68	142	1	220.1317	11	10	0	0	1	0.3662	0.6723
68	143	1	221.6817	10	6	0	0	1	0.3636	0.7380
68	144	1	223.2317	13	12	0	0	1	0.3611	0.7407
68	145	1	224.7817	11	10	90	1	1	0.3655	0.5663
68	146	1	226.3318	9	5	0	1	1	0.3699	0.8083
68	147	1	227.8816	12	8	0	0	1	0.3673	0.4900
68	148	1	229.4316	13	12	0	0	1	0.3649	0.7485
68	149	1	230.9816	10	6	0	0	1	0.3624	0.7823
68	150	1	232.5316	9	5	0	1	1	0.3667	0.9923
68	151	1	234.0816	8	7	90	1	1	0.3709	0.6740
68	152	1	235.6316	7	11	0	1	1	0.3750	0.7560
68	153	1	237.1816	6	2	0	0	1	0.3725	0.9020
68	154	1	238.7316	8	7	0	0	1	0.3701	0.9360
68	155	1	240.2815	6	2	0	0	1	0.3677	0.8265
68	156	1	241.8315	4	1	0	0	1	0.3654	0.8121
68	157	1	243.3815	5	4	90	0	1	0.3631	1.3267
68	158	1	244.9483	8	7	0	0	1	0.3608	1.0872
68	159	1	246.4982	5	4	0	0	1	0.3585	0.8654
68	160	1	248.0482	4	1	0	0	1	0.3563	0.8521
68	161	1	249.5982	6	2	0	1	1	0.3602	0.8217
68	162	1	251.1482	5	4	0	0	1	0.3580	0.9680
68	163	1	252.6981	6	2	90	1	1	0.3620	0.7135
68	164	1	254.2481	7	11	0	0	1	0.3598	1.0678
68	165	1	255.7982	4	1	0	0	1	0.3576	0.8614
68	166	1	257.3481	3	3	0	0	1	0.3554	0.6715
68	167	1	258.8981	2	13	90	0	1	0.3533	0.9458
68	168	1	260.4481	14	9	90	1	1	0.3571	0.9159
68	169	1	261.9980	15	14	0	1	1	0.3609	0.9980
68	170	1	263.5480	3	3	0	0	1	0.3588	0.6639
68	171	1	265.0981	15	14	0	0	1	0.3567	0.8255
68	172	1	266.6481	2	13	90	0	1	0.3547	0.9240
68	173	1	268.1981	1	15	90	1	1	0.3584	0.8780
68	174	1	269.7480	14	9	0	1	1	0.3621	0.7677
68	175	1	271.2980	2	13	0	0	1	0.3600	0.6739
68	176	1	272.8480	15	14	0	0	1	0.3580	0.7077
68	177	1	274.3980	2	13	0	0	1	0.3559	0.7894
68	178	1	275.9479	3	3	0	0	1	0.3539	0.7919
68	179	1	277.4980	1	15	0	0	1	0.3520	0.8094
68	180	1	279.0479	2	13	0	0	1	0.3500	0.8279
68	181	1	280.5979	15	14	0	0	1	0.3481	0.8776
68	182	1	282.1479	2	13	90	0	1	0.3462	0.9756
68	183	1	283.6979	3	3	0	0	1	0.3443	0.9941
68	184	1	285.2479	1	15	0	1	1	0.3478	0.9805
68	185	1	286.7979	2	13	0	0	1	0.3459	0.6298
68	186	1	288.3480	3	3	90	1	1	0.3495	0.9356
68	187	1	289.8979	4	1	90	1	1	0.3529	0.8899
68	188	1	291.4478	7	11	0	0	1	0.3511	1.2116
68	189	1	292.9978	6	2	0	0	1	0.3492	1.0220
68	190	1	294.5478	4	1	0	1	1	0.3526	0.8477
68	191	1	296.0978	7	11	90	1	1	0.3560	0.6896
68	192	1	297.6478	8	7	90	1	1	0.3594	0.6117
68	193	1	299.1978	6	2	0	0	1	0.3575	0.4059
68	194	1	300.7479	4	1	90	0	1	0.3557	0.9360
68	195	1	302.2977	7	11	0	0	1	0.3538	0.8744
68	196	1	303.8477	6	2	0	0	1	0.3520	0.9084
68	197	1	305.3977	7	11	0	0	1	0.3503	0.8621
68	198	1	306.9477	8	7	90	1	1	0.3535	0.8801
68	199	1	308.4978	5	4	90	0	1	0.3518	0.9942
68	200	1	310.0478	6	2	0	0	1	0.3500	0.7399
68	201	1	311.5978	7	11	90	0	1	0.3483	0.6297
68	202	1	313.1477	4	1	0	0	1	0.3465	0.7760
68	203	1	314.6977	7	11	0	0	1	0.3448	0.9860
68	204	1	316.2477	4	1	0	0	1	0.3431	1.1318
68	205	1	317.7976	7	11	0	0	1	0.3415	1.0546
68	206	1	319.3476	4	1	0	0	1	0.3398	0.7518
68	207	1	320.8976	6	2	90	0	1	0.3382	1.1220
68	208	1	322.4477	8	7	0	1	1	0.3413	1.0122
68	209	1	323.9976	9	5	0	0	1	0.3397	0.7425
68	210	1	325.5476	10	6	0	0	1	0.3381	0.6001
68	211	1	327.0975	13	12	0	0	1	0.3365	1.0183
68	212	1	328.6478	12	8	0	0	1	0.3349	0.9400
68	213	1	330.1977	9	5	0	0	1	0.3333	0.8782
68	214	1	331.7476	11	10	0	0	1	0.3318	1.0079
68	215	1	333.2975	12	8	0	0	1	0.3302	1.0259
68	216	1	334.8475	10	6	0	0	1	0.3287	0.9802
68	217	1	336.3975	9	5	0	0	1	0.3272	0.8219
68	218	1	337.9475	12	8	0	0	1	0.3257	0.7600
68	219	1	339.4975	10	6	0	1	1	0.3288	0.7300
68	220	1	341.0475	9	5	0	0	1	0.3273	0.5559
68	221	1	342.5975	11	10	90	1	1	0.3303	0.5583
68	222	1	344.1475	10	6	0	0	1	0.3288	1.0879
68	223	1	345.6974	9	5	0	0	1	0.3274	0.8343
68	224	1	347.2474	12	8	0	0	1	0.3259	0.7886
68	225	1	348.7974	11	10	0	0	1	0.3244	0.7424
68	226	1	350.3474	10	6	90	0	1	0.3230	0.6806
68	227	1	351.8975	9	5	0	0	1	0.3216	0.5222
68	228	1	353.4474	10	6	90	1	1	0.3246	0.4439
68	229	1	354.9973	11	10	0	1	1	0.3275	0.4310
68	230	1	356.5473	9	5	0	0	1	0.3261	0.7203
68	231	1	358.0973	11	10	0	1	1	0.3290	0.8021
68	232	1	359.6473	10	6	0	0	1	0.3276	0.8845
68	233	1	361.1973	9	5	0	0	1	0.3262	0.6300
68	234	1	362.7476	8	7	0	0	1	0.3248	0.6644
68	235	1	364.2973	6	2	0	0	1	0.3234	0.7306
68	236	1	365.8473	8	7	0	0	1	0.3220	0.7005
68	237	1	367.3973	9	5	0	0	1	0.3207	0.7185
68	238	1	368.9472	10	6	0	1	1	0.3235	1.0884
68	239	1	370.4972	12	8	90	0	1	0.3222	1.4427
68	240	1	372.1639	13	12	0	0	1	0.3208	1.2634
68	241	1	373.7139	14	9	0	-1	0	0.3195	-1.0000
68	242	1	375.5305	15	14	0	-1	0	0.3182	-1.0000
68	243	1	377.2472	1	15	0	0	1	0.3169	0.0521
68	244	1	378.7972	2	13	0	0	1	0.3156	0.0381
68	245	1	380.4639	3	3	0	1	1	0.3184	0.6434
68	246	1	382.0138	4	1	0	0	1	0.3171	0.4060
68	247	1	383.5638	7	11	0	1	1	0.3198	0.6480
68	248	1	385.1138	5	4	0	0	1	0.3185	0.3455
68	249	1	386.6638	6	2	0	0	1	0.3173	0.2998
68	250	1	388.2138	7	11	0	0	1	0.3160	0.6539
68	251	1	389.7637	5	4	0	0	1	0.3147	0.7999
68	252	1	391.3138	4	1	0	0	1	0.3135	0.9299
68	253	1	392.8638	3	3	0	1	1	0.3162	0.9001
68	254	1	394.4137	4	1	0	0	1	0.3150	0.7420
68	255	1	395.9637	6	2	0	0	1	0.3137	0.9199
68	256	1	397.5137	8	7	0	0	1	0.3125	0.9218
68	257	1	399.0637	9	5	0	0	1	0.3113	1.0839
68	258	1	400.6139	11	10	90	1	1	0.3140	1.0857
68	259	1	402.1638	12	8	90	0	1	0.3127	1.2000
68	260	1	403.7137	13	12	0	0	1	0.3115	1.0103
68	261	1	405.2636	12	8	0	-1	0	0.3103	-1.0000
68	262	1	407.0136	11	10	90	0	1	0.3092	1.1816
68	263	1	408.5636	13	12	0	0	1	0.3080	1.0876
68	264	1	410.1136	10	6	90	1	1	0.3106	0.8984
68	265	1	411.6636	9	5	0	1	1	0.3132	0.6918
68	266	1	413.2137	11	10	0	0	1	0.3120	0.4696
68	267	1	414.7636	9	5	0	0	1	0.3109	0.5360
68	268	1	416.3136	8	7	0	1	1	0.3134	1.2261
68	269	1	417.8636	5	4	0	1	1	0.3160	0.9560
68	270	1	419.4135	7	11	0	0	1	0.3148	0.7340
68	271	1	420.9635	4	1	0	0	1	0.3137	0.7841
68	272	1	422.5135	3	3	0	0	1	0.3125	0.9142
68	273	1	424.0635	15	14	0	1	1	0.3150	0.9483
68	274	1	425.6135	14	9	0	1	1	0.3175	0.8539
68	275	1	427.1635	1	15	90	1	1	0.3200	0.6957
68	276	1	428.7135	14	9	0	0	1	0.3188	1.0026
68	277	1	430.2634	1	15	0	0	1	0.3177	0.7958
68	278	1	431.8135	14	9	0	1	1	0.3201	0.8300
68	279	1	433.3634	2	13	0	0	1	0.3190	0.7200
68	280	1	434.9135	1	15	0	0	1	0.3179	0.6418
68	281	1	436.4635	14	9	0	0	1	0.3167	0.8520
68	282	1	438.0135	1	15	0	1	1	0.3191	0.6777
68	283	1	439.5634	14	9	0	0	1	0.3180	0.6962
68	284	1	441.1134	2	13	0	0	1	0.3169	0.5381
68	285	1	442.6633	14	9	0	0	1	0.3158	0.8122
68	286	1	444.2133	13	12	0	1	1	0.3182	0.8946
68	287	1	445.7633	12	8	0	-1	0	0.3171	-1.0000
68	288	1	447.4966	11	10	90	1	1	0.3194	0.1387
68	289	1	449.0467	9	5	0	1	1	0.3218	0.6049
68	290	1	450.5966	11	10	0	0	1	0.3207	0.5909
68	291	1	452.1467	13	12	0	0	1	0.3196	0.6889
68	292	1	453.6966	10	6	0	1	1	0.3219	0.8829
68	293	1	455.2466	13	12	0	0	1	0.3208	0.6452
68	294	1	456.7966	12	8	0	0	1	0.3197	1.1269
68	295	1	458.3465	9	5	0	0	1	0.3186	1.0173
68	296	1	459.8966	8	7	0	0	1	0.3176	0.8271
68	297	1	461.4466	9	5	0	1	1	0.3199	0.9246
68	298	1	462.9966	11	10	90	1	1	0.3221	0.6391
68	299	1	464.5465	9	5	0	1	1	0.3244	0.7686
68	300	1	466.0965	10	6	0	0	1	0.3233	0.6266
68	301	1	467.6465	11	10	0	0	1	0.3223	0.5167
68	302	1	469.1965	12	8	90	0	1	0.3212	0.8390
68	303	1	470.7465	13	12	90	0	1	0.3201	0.8247
68	304	1	472.2964	11	10	90	1	1	0.3224	0.7949
68	305	1	473.8465	9	5	0	0	1	0.3213	1.1966
68	306	1	475.3964	8	7	0	1	1	0.3235	1.0388
68	307	1	476.9464	9	5	0	0	1	0.3225	0.4813
68	308	1	478.4964	8	7	0	0	1	0.3214	0.9627
68	309	1	480.0464	7	11	0	0	1	0.3204	0.8847
68	310	1	481.5964	5	4	0	0	1	0.3194	0.9510
68	311	1	483.1464	6	2	0	0	1	0.3183	0.8251
68	312	1	484.6964	7	11	0	0	1	0.3173	0.7794
68	313	1	486.2464	5	4	0	1	1	0.3195	0.7810
68	314	1	487.7964	4	1	0	0	1	0.3185	0.6870
68	315	1	489.3463	5	4	0	0	1	0.3175	0.7852
68	316	1	490.8963	6	2	90	1	1	0.3196	0.7068
68	317	1	492.4463	5	4	0	0	1	0.3186	0.6611
68	318	1	493.9963	6	2	0	0	1	0.3176	0.7271
68	319	1	495.5464	7	11	0	1	1	0.3197	0.7606
68	320	1	497.0963	6	2	0	0	1	0.3187	0.4910
68	321	1	498.6462	8	7	0	0	1	0.3178	0.5088
68	322	1	500.1962	9	5	0	0	1	0.3168	0.3828
68	323	1	501.7462	12	8	0	0	1	0.3158	0.4169
68	324	1	503.2962	10	6	0	0	1	0.3148	0.7712
68	325	1	504.8463	11	10	0	1	1	0.3169	0.7897
68	326	1	506.3963	10	6	0	0	1	0.3160	0.5350
68	327	1	507.9462	9	5	0	0	1	0.3150	0.5692
68	328	1	509.4962	10	6	0	0	1	0.3140	0.6354
68	329	1	511.0461	13	12	0	1	1	0.3161	0.7169
68	330	1	512.5961	12	8	0	0	1	0.3152	0.3832
68	331	1	514.1461	13	12	0	0	1	0.3142	0.5129
68	332	1	515.6962	11	10	0	0	1	0.3133	0.7071
68	333	1	517.2462	13	12	0	0	1	0.3123	0.5649
68	334	1	518.7961	14	9	90	1	1	0.3144	1.3669
68	335	1	520.3461	2	13	90	1	1	0.3164	0.8253
68	336	1	521.8961	14	9	0	0	1	0.3155	1.1309
68	337	1	523.4461	2	13	0	0	1	0.3145	0.9579
68	338	1	524.9960	1	15	0	0	1	0.3136	0.7515
68	339	1	526.5461	2	13	90	1	1	0.3156	0.6408
68	340	1	528.0961	15	14	0	0	1	0.3147	0.8989
68	341	1	529.6460	3	3	0	1	1	0.3167	0.7251
68	342	1	531.1960	1	15	0	0	1	0.3158	0.6153
68	343	1	532.7460	15	14	0	0	1	0.3149	0.6975
68	344	1	534.2960	1	15	0	0	1	0.3140	1.0194
68	345	1	535.8460	15	14	0	0	1	0.3130	0.7656
68	346	1	537.3960	2	13	90	1	1	0.3150	0.7195
68	347	1	538.9460	15	14	0	0	1	0.3141	0.7209
68	348	1	540.4959	1	15	90	0	1	0.3132	0.9793
68	349	1	542.0459	3	3	0	0	1	0.3123	1.1090
68	350	1	543.5959	2	13	0	1	1	0.3143	1.0317
68	351	1	545.1459	1	15	0	0	1	0.3134	0.9370
68	352	1	546.6959	14	9	0	0	1	0.3125	1.1309
68	353	1	548.2459	2	13	0	0	1	0.3116	0.7977
68	354	1	549.7959	15	14	0	0	1	0.3107	0.6872
68	355	1	551.3459	2	13	0	1	1	0.3127	0.9457
68	356	1	552.8959	14	9	0	0	1	0.3118	1.0431
68	357	1	554.4458	2	13	0	0	1	0.3109	0.9010
68	358	1	555.9958	15	14	0	0	1	0.3101	0.6637
68	359	1	557.5458	2	13	0	0	1	0.3092	0.6011
68	360	1	559.0958	15	14	90	1	1	0.3111	0.8276
68	361	1	560.6459	3	3	0	0	1	0.3102	1.0371
68	362	1	562.1958	1	15	0	0	1	0.3094	0.9273
68	363	1	563.7457	2	13	0	0	1	0.3085	1.1851
68	364	1	565.2957	1	15	0	0	1	0.3077	1.0438
68	365	1	566.8457	15	14	0	1	1	0.3096	1.2537
68	366	1	568.3957	2	13	90	1	1	0.3115	0.7756
68	367	1	569.9457	1	15	0	0	1	0.3106	0.9534
68	368	1	571.4958	14	9	0	0	1	0.3098	1.1794
68	369	1	573.0457	1	15	90	1	1	0.3117	1.1814
68	370	1	574.5957	15	14	90	1	1	0.3135	0.7838
68	371	1	576.1457	2	13	0	0	1	0.3127	0.5776
68	372	1	577.6956	15	14	0	0	1	0.3118	0.6596
68	373	1	579.2456	2	13	0	0	1	0.3110	0.7097
68	374	1	580.7957	15	14	0	0	1	0.3102	0.5832
68	375	1	582.3457	14	9	0	0	1	0.3093	0.7776
68	376	1	583.8956	1	15	90	0	1	0.3085	1.1000
68	377	1	585.4456	2	13	0	0	1	0.3077	0.8616
68	378	1	586.9955	3	3	0	1	1	0.3095	0.8478
68	379	1	588.5456	2	13	90	1	1	0.3113	0.5777
68	380	1	590.0955	15	14	0	0	1	0.3105	0.4199
68	381	1	591.6456	2	13	0	0	1	0.3097	0.5974
68	382	1	593.1956	1	15	0	0	1	0.3089	0.7593
68	383	1	594.7455	14	9	90	0	1	0.3081	1.1933
68	384	1	596.2955	2	13	0	0	1	0.3073	1.0676
68	385	1	597.8454	15	14	0	0	1	0.3065	1.0373
68	386	1	599.3955	3	3	0	0	1	0.3057	0.8639
68	387	1	600.9455	4	1	90	1	1	0.3075	0.6416
68	388	1	602.4954	3	3	0	1	1	0.3093	0.4680
68	389	1	604.0455	4	1	90	1	1	0.3111	0.8215
68	390	1	605.5954	6	2	0	0	1	0.3103	0.5997
68	391	1	607.1454	4	1	0	0	1	0.3095	0.7454
68	392	1	608.6954	7	11	0	0	1	0.3087	0.9555
68	393	1	610.2454	5	4	0	0	1	0.3079	0.8617
68	394	1	611.7954	6	2	0	0	1	0.3071	0.7999
68	395	1	613.3454	8	7	0	0	1	0.3063	0.6894
68	396	1	614.8954	7	11	0	1	1	0.3081	0.9958
68	397	1	616.4454	4	1	0	0	1	0.3073	0.9339
68	398	1	617.9954	3	3	0	0	1	0.3065	0.6316
68	399	1	619.5453	15	14	90	0	1	0.3058	1.1614
68	400	1	621.0953	1	15	0	-1	0	0.3050	-1.0000
68	401	1	622.8286	15	14	0	0	1	0.3042	1.2064
68	402	1	624.3787	2	13	0	1	1	0.3060	0.9521
68	403	1	625.9285	14	9	0	0	1	0.3052	1.1462
68	404	1	627.4786	13	12	90	1	1	0.3069	0.7641
68	405	1	629.0286	10	6	0	0	1	0.3062	1.0709
68	406	1	630.5786	12	8	0	1	1	0.3079	1.0721
68	407	1	632.1285	10	6	0	0	1	0.3071	0.7228
68	408	1	633.6785	9	5	0	0	1	0.3064	0.5962
68	409	1	635.2285	8	7	0	0	1	0.3056	0.7587
68	410	1	636.7785	7	11	0	0	1	0.3049	0.6645
68	411	1	638.3285	8	7	0	0	1	0.3041	0.6826
68	412	1	639.8785	9	5	0	0	1	0.3034	0.6362
68	413	1	641.4286	12	8	0	0	1	0.3027	0.9904
68	414	1	642.9785	11	10	0	0	1	0.3019	0.8005
68	415	1	644.5285	9	5	0	0	1	0.3012	0.6747
68	416	1	646.0785	12	8	90	1	1	0.3029	0.6445
68	417	1	647.6284	10	6	0	0	1	0.3022	1.0144
68	418	1	649.1784	13	12	0	0	1	0.3014	0.7923
68	419	1	650.7285	11	10	0	0	1	0.3007	0.5385
68	420	1	652.2784	12	8	0	1	1	0.3024	0.8607
68	421	1	653.8284	11	10	0	0	1	0.3017	0.5904
68	422	1	655.3784	12	8	90	0	1	0.3009	1.2967
68	423	1	656.9284	13	12	90	1	1	0.3026	0.9462
68	424	1	658.4784	11	10	90	1	1	0.3042	0.7249
68	425	1	660.0284	12	8	0	0	1	0.3035	1.0943
68	426	1	661.5785	10	6	0	0	1	0.3028	0.7602
68	427	1	663.1284	12	8	0	0	1	0.3021	0.7468
68	428	1	664.6783	10	6	90	1	1	0.3037	0.7963
68	429	1	666.2283	12	8	90	0	1	0.3030	1.0864
68	430	1	667.7783	9	5	90	0	1	0.3023	1.0248
68	431	1	669.3282	11	10	0	0	1	0.3016	0.8984
68	432	1	670.8782	12	8	90	0	1	0.3009	0.9804
68	433	1	672.4283	11	10	0	0	1	0.3002	0.8707
68	434	1	673.9783	13	12	0	1	1	0.3018	0.8407
68	435	1	675.5282	14	9	0	0	1	0.3011	1.2104
68	436	1	677.0782	15	14	0	0	1	0.3005	1.1003
68	437	1	678.6282	1	15	0	0	1	0.2998	0.9909
68	438	1	680.1782	14	9	0	0	1	0.2991	0.8648
68	439	1	681.7281	15	14	0	1	1	0.3007	0.7548
68	440	1	683.2782	14	9	90	1	1	0.3023	0.7088
68	441	1	685.3614	2	13	0	0	1	0.3016	0.7212
68	442	1	686.9114	1	15	0	0	1	0.3009	0.6918
68	443	1	688.4615	2	13	0	1	1	0.3025	0.8060
68	444	1	690.0115	15	14	0	1	1	0.3041	0.9670
68	445	1	691.5614	1	15	0	0	1	0.3034	0.7297
68	446	1	693.1114	2	13	90	1	1	0.3049	0.7476
68	447	1	694.6614	14	9	0	0	1	0.3043	1.0375
68	448	1	696.2114	15	14	0	1	1	0.3058	1.0077
68	449	1	697.7614	2	13	0	0	1	0.3051	0.7052
68	450	1	699.3115	3	3	0	0	1	0.3044	0.7871
68	451	1	700.8614	4	1	90	1	1	0.3060	0.8854
68	452	1	702.4114	5	4	0	0	1	0.3053	0.8232
68	453	1	703.9613	7	11	0	0	1	0.3046	0.6337
68	454	1	705.5113	5	4	0	1	1	0.3062	0.7958
68	455	1	707.0613	4	1	0	0	1	0.3055	0.4773
68	456	1	708.6113	5	4	0	0	1	0.3048	0.5762
68	457	1	710.1613	6	2	0	0	1	0.3042	0.7852
68	458	1	711.7113	8	7	0	0	1	0.3035	0.6915
68	459	1	713.2613	7	11	90	1	1	0.3050	0.7573
68	460	1	714.8112	6	2	90	1	1	0.3065	0.6473
68	461	1	716.3612	4	1	90	1	1	0.3080	0.5220
68	462	1	717.9112	6	2	0	0	1	0.3074	0.5714
68	463	1	719.4612	4	1	0	1	1	0.3089	0.3333
68	464	1	721.0112	5	4	90	0	1	0.3082	0.3678
68	465	1	722.5613	6	2	0	1	1	0.3097	0.9455
68	466	1	724.1112	5	4	0	1	1	0.3112	1.1237
68	467	1	725.6611	6	2	0	0	1	0.3105	0.4700
68	468	1	727.2111	8	7	0	0	1	0.3098	0.6957
68	469	1	728.7611	5	4	0	0	1	0.3092	0.9061
68	470	1	730.3111	8	7	0	0	1	0.3085	0.7474
68	471	1	731.8611	6	2	0	0	1	0.3079	0.6854
68	472	1	733.4112	4	1	0	0	1	0.3072	0.5753
68	473	1	734.9611	3	3	90	1	1	0.3087	0.6258
68	474	1	736.5111	4	1	0	0	1	0.3080	0.9797
68	475	1	738.0611	3	3	90	1	1	0.3095	1.3178
68	476	1	739.6110	1	15	90	1	1	0.3109	1.0319
68	477	1	741.1610	3	3	0	1	1	0.3124	1.1619
68	478	1	743.2277	1	15	0	0	1	0.3117	1.3353
68	479	1	744.7776	15	14	0	0	1	0.3111	1.1455
68	480	1	746.3276	2	13	0	0	1	0.3104	0.8430
68	481	1	747.8776	15	14	0	0	1	0.3098	0.8292
68	482	1	749.4276	14	9	90	0	1	0.3091	1.0077
68	483	1	750.9776	2	13	0	0	1	0.3085	0.8808
68	484	1	752.5276	15	14	0	0	1	0.3079	1.0596
68	485	1	754.0776	2	13	0	0	1	0.3072	1.2689
68	486	1	755.6276	15	14	90	1	1	0.3086	1.1592
68	487	1	757.1775	3	3	0	0	1	0.3080	1.3056
68	488	1	758.7275	4	1	0	0	1	0.3074	0.9711
68	489	1	760.2775	3	3	0	0	1	0.3067	0.8289
68	490	1	761.8276	2	13	90	1	1	0.3082	0.7832
68	491	1	763.3776	14	9	0	0	1	0.3075	0.9778
68	492	1	764.9275	1	15	90	1	1	0.3089	1.3474
68	493	1	766.4775	15	14	0	0	1	0.3083	1.3494
68	494	1	768.0609	2	13	90	1	1	0.3097	1.3175
68	495	1	769.6108	3	3	90	1	1	0.3111	1.2882
68	496	1	771.1608	15	14	0	0	1	0.3105	1.3857
68	497	1	772.7775	2	13	0	0	1	0.3099	1.0338
68	498	1	774.3274	15	14	0	1	1	0.3112	0.7154
68	499	1	775.8774	2	13	90	0	1	0.3106	0.8932
68	500	1	777.4274	15	14	0	-1	0	0.3100	-1.0000
68	501	1	779.2441	2	13	0	1	1	0.3114	1.1262
68	502	1	780.7941	1	15	0	0	1	0.3108	0.8884
68	503	1	782.3441	15	14	0	0	1	0.3101	0.5708
68	504	1	783.8941	3	3	0	1	1	0.3115	0.9083
68	505	1	785.4440	2	13	0	0	1	0.3109	0.6386
68	506	1	786.9940	14	9	90	0	1	0.3103	1.1044
68	507	1	788.5440	13	12	0	0	1	0.3097	1.0424
68	508	1	790.0940	11	10	0	0	1	0.3091	1.0284
68	509	1	791.6440	9	5	0	0	1	0.3084	1.0311
68	510	1	793.1940	8	7	0	0	1	0.3078	0.9208
68	511	1	794.7439	6	2	0	0	1	0.3072	0.9226
68	512	1	796.2939	5	4	0	0	1	0.3066	0.7805
68	513	1	797.8439	4	1	90	1	1	0.3080	0.6709
68	514	1	799.3939	5	4	0	0	1	0.3074	0.7534
68	515	1	800.9439	8	7	0	0	1	0.3068	0.6751
68	516	1	802.4939	9	5	0	0	1	0.3062	0.6608
68	517	1	804.0439	12	8	0	0	1	0.3056	1.1585
68	518	1	805.5939	10	6	0	0	1	0.3050	0.9368
68	519	1	807.1438	11	10	0	0	1	0.3044	0.8272
68	520	1	808.6938	10	6	0	0	1	0.3038	0.7649
68	521	1	810.2438	13	12	0	0	1	0.3033	0.6227
68	522	1	811.7938	10	6	0	0	1	0.3027	0.6249
68	523	1	813.3438	11	10	90	1	1	0.3040	0.6112
68	524	1	814.8938	9	5	0	1	1	0.3053	0.8047
68	525	1	816.4437	8	7	0	0	1	0.3048	0.8071
68	526	1	817.9938	9	5	0	0	1	0.3042	0.4890
68	527	1	819.5437	8	7	90	1	1	0.3055	0.6986
68	528	1	821.0937	5	4	90	1	1	0.3068	0.8286
68	529	1	822.6437	8	7	90	0	1	0.3062	0.9750
68	530	1	824.1937	6	2	90	1	1	0.3075	0.8006
68	531	1	825.7436	8	7	0	-1	0	0.3070	-1.0000
68	532	1	827.4770	5	4	0	0	1	0.3064	0.1414
68	533	1	829.0270	8	7	0	0	1	0.3058	0.4637
68	534	1	830.5770	5	4	90	1	1	0.3071	0.4495
68	535	1	832.2770	4	1	0	0	1	0.3065	1.0218
68	536	1	833.8270	5	4	0	0	1	0.3060	0.7676
68	537	1	835.3769	7	11	90	1	1	0.3073	0.7377
68	538	1	836.9270	6	2	0	0	1	0.3067	0.9153
68	539	1	838.4770	7	11	0	1	1	0.3080	1.0293
68	540	1	840.0269	4	1	90	1	1	0.3093	0.9838
68	541	1	841.5769	3	3	0	0	1	0.3087	1.0821
68	542	1	843.1269	4	1	0	0	1	0.3081	0.8758
68	543	1	844.6769	5	4	0	0	1	0.3076	0.7660
68	544	1	846.2269	7	11	90	1	1	0.3088	0.6234
68	545	1	847.7768	6	2	0	0	1	0.3083	0.6260
68	546	1	849.3269	4	1	0	0	1	0.3077	0.7874
68	547	1	850.8768	7	11	0	0	1	0.3071	0.9660
68	548	1	852.4268	8	7	0	1	1	0.3084	1.4955
68	549	1	854.1268	5	4	90	1	1	0.3097	0.7075
68	550	1	855.6768	7	11	0	0	1	0.3091	0.6297
68	551	1	857.2268	5	4	90	0	1	0.3085	0.8715
68	552	1	858.7768	8	7	90	1	1	0.3098	0.9214
68	553	1	860.3267	6	2	0	0	1	0.3092	0.8118
68	554	1	861.8768	5	4	0	0	1	0.3087	0.8934
68	555	1	863.4267	4	1	0	0	1	0.3081	0.9600
68	556	1	864.9767	3	3	90	1	1	0.3094	1.0897
68	557	1	866.5266	4	1	0	0	1	0.3088	1.1396
68	558	1	868.0767	3	3	0	0	1	0.3082	1.2064
68	559	1	869.6268	1	15	0	0	1	0.3077	1.1122
68	560	1	871.1766	3	3	0	0	1	0.3071	1.0496
68	561	1	872.7266	2	13	0	0	1	0.3066	1.1479
68	562	1	874.2766	3	3	0	0	1	0.3060	0.8939
68	563	1	875.8267	15	14	0	1	1	0.3073	1.0556
68	564	1	877.3766	2	13	90	1	1	0.3085	0.6416
68	565	1	878.9266	3	3	0	1	1	0.3097	1.1720
68	566	1	880.4766	1	15	0	0	1	0.3092	0.8374
68	567	1	882.0266	3	3	0	0	1	0.3086	0.7280
68	568	1	883.5766	4	1	0	0	1	0.3081	0.8421
68	569	1	885.1265	3	3	0	0	1	0.3076	0.7643
68	570	1	886.6765	2	13	90	0	1	0.3070	1.1181
68	571	1	888.2265	15	14	0	0	1	0.3065	1.2322
68	572	1	889.7765	14	9	0	0	1	0.3059	1.1380
68	573	1	891.3265	1	15	0	0	1	0.3054	1.0600
68	574	1	892.8765	3	3	90	0	1	0.3049	0.8859
68	575	1	894.4265	15	14	0	1	1	0.3061	0.9201
68	576	1	895.9764	3	3	0	0	1	0.3056	1.1937
68	577	1	897.5265	15	14	0	0	1	0.3050	1.1316
68	578	1	899.0765	2	13	0	0	1	0.3045	1.1501
68	579	1	900.6264	14	9	0	0	1	0.3040	0.8801
68	580	1	902.1764	1	15	0	0	1	0.3034	1.1700
68	581	1	903.7264	3	3	0	0	1	0.3029	1.0278
68	582	1	905.2764	2	13	0	0	1	0.3024	0.7583
68	583	1	906.8264	3	3	0	0	1	0.3019	1.0161
68	584	1	908.3764	4	1	0	0	1	0.3014	0.8257
68	585	1	909.9264	5	4	0	0	1	0.3009	0.8125
68	586	1	911.4763	7	11	0	1	1	0.3020	0.8458
68	587	1	913.0263	8	7	0	0	1	0.3015	1.0878
68	588	1	914.5763	6	2	90	1	1	0.3027	0.9457
68	589	1	916.1263	4	1	0	0	1	0.3022	0.8037
68	590	1	917.6764	5	4	0	0	1	0.3017	0.8057
68	591	1	919.2263	4	1	0	0	1	0.3012	0.7118
68	592	1	920.7762	7	11	0	1	1	0.3024	0.9379
68	593	1	922.3263	6	2	0	1	1	0.3035	1.1163
68	594	1	923.8763	5	4	0	0	1	0.3030	0.6541
68	595	1	925.4262	4	1	0	0	1	0.3025	0.7201
68	596	1	926.9762	7	11	0	0	1	0.3020	1.0425
68	597	1	928.5263	8	7	90	1	1	0.3032	0.6764
68	598	1	930.0762	6	2	90	1	1	0.3043	0.6138
68	599	1	931.6262	4	1	0	0	1	0.3038	0.9679
68	600	1	933.1762	5	4	90	1	1	0.3050	0.7299
68	601	1	1075.2250	6	2	0	-1	0	0.3045	-1.0000
68	602	1	1076.9584	8	7	0	0	1	0.3040	0.9958
68	603	1	1078.5084	6	2	0	0	1	0.3035	0.9501
68	604	1	1080.0583	8	7	0	0	1	0.3030	0.8079
68	605	1	1081.6083	7	11	0	0	1	0.3025	0.7607
68	606	1	1083.1583	8	7	90	1	1	0.3036	0.7635
68	607	1	1084.7082	6	2	0	0	1	0.3031	0.7018
68	608	1	1086.2582	5	4	90	1	1	0.3043	0.8478
68	609	1	1087.8083	8	7	0	0	1	0.3038	0.8499
68	610	1	1089.3583	7	11	0	0	1	0.3033	0.8039
68	611	1	1090.9082	8	7	90	1	1	0.3044	0.7737
68	612	1	1092.4581	9	5	0	0	1	0.3039	1.1436
68	613	1	1094.0082	8	7	0	0	1	0.3034	0.8735
68	614	1	1095.5582	9	5	0	0	1	0.3029	0.9081
68	615	1	1097.1081	12	8	0	0	1	0.3024	0.9575
68	616	1	1098.6582	9	5	90	0	1	0.3019	1.0399
68	617	1	1100.2082	10	6	0	0	1	0.3015	0.8019
68	618	1	1101.7581	11	10	90	1	1	0.3026	0.6920
68	619	1	1103.3080	12	8	0	0	1	0.3021	0.7420
68	620	1	1104.8581	13	12	0	0	1	0.3016	0.7919
68	621	1	1106.4081	10	6	90	1	1	0.3027	0.9055
68	622	1	1107.9580	12	8	0	0	1	0.3023	0.9722
68	623	1	1109.5081	11	10	0	0	1	0.3018	0.7980
68	624	1	1111.0580	9	5	90	0	1	0.3013	1.3442
68	625	1	1112.6247	11	10	0	0	1	0.3008	0.8654
68	626	1	1114.1746	9	5	0	0	1	0.3003	0.8350
68	627	1	1115.7246	8	7	0	0	1	0.2998	0.6775
68	628	1	1117.2746	9	5	0	0	1	0.2994	0.7275
68	629	1	1118.8247	12	8	0	0	1	0.2989	0.7453
68	630	1	1120.3747	9	5	0	0	1	0.2984	0.6670
68	631	1	1121.9246	8	7	0	1	1	0.2995	0.8931
68	632	1	1123.4746	9	5	0	0	1	0.2991	0.8150
68	633	1	1125.0246	12	8	90	0	1	0.2986	0.9934
68	634	1	1126.5746	9	5	0	0	1	0.2981	0.9154
68	635	1	1128.1245	10	6	0	1	1	0.2992	0.9014
68	636	1	1129.6746	12	8	0	0	1	0.2987	0.8238
68	637	1	1131.2245	10	6	0	0	1	0.2983	0.7295
68	638	1	1132.7745	12	8	0	0	1	0.2978	0.9075
68	639	1	1134.3245	10	6	0	0	1	0.2973	0.6375
68	640	1	1135.8745	12	8	0	0	1	0.2969	0.6555
68	641	1	1137.4244	13	12	0	0	1	0.2964	0.6572
68	642	1	1138.9744	11	10	0	0	1	0.2960	0.7071
68	643	1	1140.5245	9	5	0	0	1	0.2955	0.8054
68	644	1	1142.0744	12	8	0	0	1	0.2950	0.7274
68	645	1	1143.6244	11	10	0	0	1	0.2946	0.5536
68	646	1	1145.1744	10	6	0	0	1	0.2941	0.8119
68	647	1	1146.7244	11	10	0	0	1	0.2937	0.9577
68	648	1	1148.2744	12	8	0	0	1	0.2932	0.8472
68	649	1	1149.8244	13	12	90	1	1	0.2943	0.9132
68	650	1	1151.3744	11	10	90	1	1	0.2954	1.0277
68	651	1	1152.9243	12	8	0	0	1	0.2949	0.8381
68	652	1	1154.4743	10	6	0	0	1	0.2945	0.7915
68	653	1	1156.0243	12	8	0	0	1	0.2940	0.6336
68	654	1	1157.5743	10	6	0	0	1	0.2936	0.7156
68	655	1	1159.1243	9	5	0	0	1	0.2931	0.7973
68	656	1	1160.6743	11	10	0	0	1	0.2927	0.8311
68	657	1	1162.2243	9	5	0	0	1	0.2922	0.8656
68	658	1	1163.7742	8	7	0	0	1	0.2918	0.8037
68	659	1	1165.3242	5	4	0	0	1	0.2914	0.7581
68	660	1	1166.8742	6	2	0	0	1	0.2909	1.0477
68	661	1	1168.4242	5	4	0	1	1	0.2920	1.1139
68	662	1	1169.9742	4	1	0	0	1	0.2915	0.8914
68	663	1	1171.5242	7	11	0	0	1	0.2911	0.9257
68	664	1	1173.0743	5	4	0	0	1	0.2907	0.7835
68	665	1	1174.6242	8	7	0	0	1	0.2902	0.9298
68	666	1	1176.1741	9	5	0	0	1	0.2898	0.8679
68	667	1	1177.7242	8	7	90	1	1	0.2909	0.6941
68	668	1	1179.2741	6	2	0	0	1	0.2904	0.6954
68	669	1	1180.8241	7	11	0	0	1	0.2900	0.7459
68	670	1	1182.3741	8	7	0	0	1	0.2896	0.8274
68	671	1	1183.9242	9	5	0	0	1	0.2891	0.7974
68	672	1	1185.4741	12	8	0	0	1	0.2887	0.7517
68	673	1	1187.0240	9	5	90	0	1	0.2883	0.8978
68	674	1	1188.5740	11	10	0	1	1	0.2893	1.3955
68	675	1	1190.1574	13	12	90	0	1	0.2889	1.1080
68	676	1	1191.7074	14	9	90	0	1	0.2885	1.1107
68	677	1	1193.2573	2	13	0	1	1	0.2895	1.3526
68	678	1	1194.8073	15	14	0	1	1	0.2906	0.9865
68	679	1	1196.3574	14	9	0	0	1	0.2901	0.8604
68	680	1	1197.9074	13	12	0	0	1	0.2897	0.9420
68	681	1	1199.4573	14	9	90	0	1	0.2893	1.0887
68	682	1	1201.0074	15	14	0	0	1	0.2889	1.0904
68	683	1	1202.5573	1	15	0	0	1	0.2884	1.2681
68	684	1	1204.1072	3	3	0	0	1	0.2880	1.1422
68	685	1	1205.6572	1	15	0	0	1	0.2876	1.0642
68	686	1	1207.2072	2	13	0	1	1	0.2886	0.9865
68	687	1	1208.7572	15	14	0	0	1	0.2882	0.8122
68	688	1	1210.3072	1	15	0	0	1	0.2878	0.9107
68	689	1	1211.8573	2	13	0	0	1	0.2874	0.8322
68	690	1	1213.4072	3	3	0	0	1	0.2870	0.8985
68	691	1	1214.9572	4	1	90	0	1	0.2865	1.0286
68	692	1	1216.5071	7	11	0	0	1	0.2861	1.0149
68	693	1	1218.0571	6	2	0	0	1	0.2857	1.2091
68	694	1	1219.6072	7	11	0	0	1	0.2853	1.1628
68	695	1	1221.1571	4	1	0	0	1	0.2849	1.0848
68	696	1	1222.7072	7	11	0	0	1	0.2845	1.1503
68	697	1	1224.2571	6	2	0	0	1	0.2841	1.2488
68	698	1	1225.8071	8	7	90	0	1	0.2837	1.1707
68	699	1	1227.3570	6	2	90	1	1	0.2847	1.1247
68	700	1	1228.9071	5	4	0	0	1	0.2843	0.8866
68	701	1	1230.4570	6	2	0	0	1	0.2839	0.9207
68	702	1	1232.0070	4	1	0	1	1	0.2849	1.1623
68	703	1	1233.5571	3	3	0	0	1	0.2845	1.0205
68	704	1	1235.1070	15	14	0	0	1	0.2841	0.8943
68	705	1	1236.6570	1	15	0	0	1	0.2837	0.7688
68	706	1	1238.2070	2	13	0	0	1	0.2833	0.8509
68	707	1	1239.7570	1	15	0	1	1	0.2843	1.0608
68	708	1	1241.3069	3	3	0	0	1	0.2839	0.7904
68	709	1	1242.8569	2	13	0	0	1	0.2835	0.8727
68	710	1	1244.4070	1	15	0	0	1	0.2831	0.8109
68	711	1	1245.9569	2	13	0	0	1	0.2827	0.9568
68	712	1	1247.5069	1	15	0	0	1	0.2823	0.8469
68	713	1	1249.0569	3	3	0	0	1	0.2819	0.8807
68	714	1	1250.6069	15	14	90	1	1	0.2829	0.9308
68	715	1	1252.1569	3	3	0	0	1	0.2825	1.2047
68	716	1	1253.7069	2	13	90	0	1	0.2821	1.1429
68	717	1	1255.2569	14	9	0	0	1	0.2817	1.0808
68	718	1	1256.8068	2	13	0	0	1	0.2813	0.9865
68	719	1	1258.3568	3	3	90	0	1	0.2809	0.9090
68	720	1	1259.9068	4	1	0	1	1	0.2819	1.0065
68	721	1	1261.4568	5	4	0	0	1	0.2816	0.6890
68	722	1	1263.0068	6	2	0	0	1	0.2812	0.9310
68	723	1	1264.5568	5	4	0	0	1	0.2808	0.7249
68	724	1	1266.1068	7	11	90	1	1	0.2818	0.8067
68	725	1	1267.6568	4	1	0	0	1	0.2814	1.0645
68	726	1	1269.2067	3	3	0	0	1	0.2810	0.9226
68	727	1	1270.7567	2	13	0	0	1	0.2806	0.7331
68	728	1	1272.3067	3	3	90	1	1	0.2816	0.7508
68	729	1	1273.8567	2	13	0	0	1	0.2812	0.8170
68	730	1	1275.4067	14	9	0	0	1	0.2808	0.8512
68	731	1	1276.9567	13	12	0	0	1	0.2804	0.8526
68	732	1	1278.5067	12	8	0	0	1	0.2801	1.3345
68	733	1	1280.0733	13	12	90	1	1	0.2810	1.1440
68	734	1	1281.6233	12	8	0	0	1	0.2807	0.8580
68	735	1	1283.1733	13	12	0	0	1	0.2803	0.9562
68	736	1	1284.7233	12	8	0	0	1	0.2799	0.7025
68	737	1	1286.2733	13	12	90	0	1	0.2795	0.7520
68	738	1	1287.8232	14	9	90	0	1	0.2791	1.1707
68	739	1	1289.3732	13	12	0	0	1	0.2788	1.0281
68	740	1	1290.9232	12	8	90	0	1	0.2784	1.1423
68	741	1	1292.4732	13	12	90	0	1	0.2780	1.0646
68	742	1	1294.0232	11	10	0	1	1	0.2790	0.9384
68	743	1	1295.5733	13	12	0	0	1	0.2786	1.1804
68	744	1	1297.1232	12	8	90	0	1	0.2782	1.0701
68	745	1	1298.6731	10	6	0	0	1	0.2779	0.8324
68	746	1	1300.2231	13	12	90	0	1	0.2775	0.9945
68	747	1	1301.7731	11	10	0	0	1	0.2771	0.8841
68	748	1	1303.3231	12	8	0	0	1	0.2767	0.7751
68	749	1	1304.8731	11	10	90	1	1	0.2777	0.6325
68	750	1	1306.4231	12	8	0	0	1	0.2773	0.8428
68	751	1	1307.9732	11	10	0	0	1	0.2770	0.7800
68	752	1	1309.5232	10	6	0	0	1	0.2766	0.7505
68	753	1	1311.0731	13	12	90	0	1	0.2762	0.9767
68	754	1	1312.6231	10	6	0	0	1	0.2759	0.7225
68	755	1	1314.1730	9	5	0	0	1	0.2755	0.9002
68	756	1	1315.7231	10	6	0	0	1	0.2751	0.7749
68	757	1	1317.2731	13	12	0	0	1	0.2748	0.9361
68	758	1	1318.8231	12	8	0	0	1	0.2744	0.8107
68	759	1	1320.3729	10	6	0	0	1	0.2740	0.8126
68	760	1	1321.9230	13	12	0	0	1	0.2737	0.7507
68	761	1	1323.4729	10	6	0	0	1	0.2733	0.7684
68	762	1	1325.0229	11	10	0	0	1	0.2730	1.0262
68	763	1	1326.5729	12	8	0	0	1	0.2726	0.6922
68	764	1	1328.1230	9	5	0	0	1	0.2723	0.7265
68	765	1	1329.6730	11	10	0	0	1	0.2719	0.7445
68	766	1	1331.2229	10	6	0	0	1	0.2715	0.7305
68	767	1	1332.7729	12	8	0	0	1	0.2712	0.7488
68	768	1	1334.3229	13	12	90	0	1	0.2708	0.8143
68	769	1	1335.8729	11	10	0	0	1	0.2705	0.7683
68	770	1	1337.4229	13	12	0	0	1	0.2701	0.8831
68	771	1	1338.9729	10	6	0	0	1	0.2698	0.6921
68	772	1	1340.5228	9	5	90	0	1	0.2694	0.8070
68	773	1	1342.0728	8	7	0	0	1	0.2691	0.7927
68	774	1	1343.6228	7	11	0	0	1	0.2687	0.9067
68	775	1	1345.1728	6	2	90	0	1	0.2684	1.0844
68	776	1	1346.7228	4	1	0	0	1	0.2680	1.0863
68	777	1	1348.2728	3	3	0	0	1	0.2677	0.9288
68	778	1	1349.8228	2	13	0	0	1	0.2674	0.9466
68	779	1	1351.3728	15	14	90	0	1	0.2670	1.1565
68	780	1	1352.9227	1	15	0	0	1	0.2667	1.1428
68	781	1	1354.4727	2	13	0	0	1	0.2663	1.0331
68	782	1	1356.0227	1	15	90	1	1	0.2673	0.9224
68	783	1	1357.5727	14	9	0	0	1	0.2669	0.8127
68	784	1	1359.1226	13	12	0	0	1	0.2666	0.8627
68	785	1	1360.6727	14	9	0	0	1	0.2662	0.7684
68	786	1	1362.2226	15	14	0	0	1	0.2659	0.9628
68	787	1	1363.7726	14	9	0	0	1	0.2656	0.8525
68	788	1	1365.3226	1	15	0	0	1	0.2652	0.7909
68	789	1	1366.8726	2	13	0	0	1	0.2649	0.9688
68	790	1	1368.4226	15	14	0	0	1	0.2646	1.0829
68	791	1	1369.9726	2	13	0	0	1	0.2642	0.8925
68	792	1	1371.5226	3	3	0	0	1	0.2639	0.8145
68	793	1	1373.0726	4	1	0	0	1	0.2636	1.0408
68	794	1	1374.6225	7	11	0	0	1	0.2632	0.8825
68	795	1	1376.1726	6	2	0	0	1	0.2629	1.1246
68	796	1	1377.7225	7	11	0	0	1	0.2626	0.8549
68	797	1	1379.2725	5	4	0	0	1	0.2622	0.8085
68	798	1	1380.8224	8	7	0	0	1	0.2619	0.6665
68	799	1	1382.3726	7	11	0	0	1	0.2616	0.6370
68	800	1	1383.9225	6	2	0	0	1	0.2612	0.8952
68	801	1	1385.4724	8	7	0	0	1	0.2609	0.7692
68	802	1	1387.0224	6	2	0	0	1	0.2606	0.6426
68	803	1	1388.5724	8	7	0	0	1	0.2603	0.7575
68	804	1	1390.1224	9	5	0	0	1	0.2600	0.7750
68	805	1	1391.6724	10	6	0	0	1	0.2596	0.7286
68	806	1	1393.2225	12	8	0	0	1	0.2593	0.8108
68	807	1	1394.7724	11	10	90	1	1	0.2602	0.8766
68	808	1	1396.3224	10	6	0	0	1	0.2599	0.7186
68	809	1	1397.8723	9	5	90	0	1	0.2596	0.8807
68	810	1	1399.4223	11	10	0	0	1	0.2593	0.7709
68	811	1	1400.9723	13	12	0	0	1	0.2589	0.8688
68	812	1	1402.5223	14	9	0	0	1	0.2586	0.8067
68	813	1	1404.0726	2	13	0	0	1	0.2583	0.8088
68	814	1	1405.6224	3	3	0	0	1	0.2580	0.8109
68	815	1	1407.1723	15	14	0	0	1	0.2577	0.9735
68	816	1	1408.7223	14	9	0	0	1	0.2574	0.8631
68	817	1	1410.2723	2	13	0	0	1	0.2570	0.7216
68	818	1	1411.8223	3	3	0	0	1	0.2567	0.6747
68	819	1	1413.3727	15	14	0	0	1	0.2564	0.8852
68	820	1	1414.9223	14	9	0	0	1	0.2561	0.6793
68	821	1	1416.4723	15	14	0	0	1	0.2558	0.6813
68	822	1	1418.0222	14	9	0	0	1	0.2555	0.6352
68	823	1	1419.5722	1	15	0	0	1	0.2552	0.9096
68	824	1	1421.1222	3	3	0	0	1	0.2549	0.7677
68	825	1	1422.6722	2	13	0	0	1	0.2545	0.7048
68	826	1	1424.2222	14	9	0	0	1	0.2542	0.6757
68	827	1	1425.7722	15	14	0	1	1	0.2551	0.9487
68	828	1	1427.3222	3	3	0	0	1	0.2548	0.5828
68	829	1	1428.8721	15	14	90	0	1	0.2545	0.8892
68	830	1	1430.4221	1	15	0	0	1	0.2542	0.7318
68	831	1	1431.9721	2	13	0	0	1	0.2539	0.6848
68	832	1	1433.5221	14	9	0	0	1	0.2536	0.7509
68	833	1	1435.0721	13	12	0	0	1	0.2533	0.8489
68	834	1	1436.6221	11	10	0	0	1	0.2530	0.9148
68	835	1	1438.1721	10	6	90	1	1	0.2539	0.8057
68	836	1	1439.7220	12	8	0	0	1	0.2536	0.8552
68	837	1	1441.2720	9	5	0	0	1	0.2533	0.7938
68	838	1	1442.8220	12	8	0	0	1	0.2530	0.7796
68	839	1	1444.3720	9	5	0	0	1	0.2527	0.8134
68	840	1	1445.9220	8	7	0	0	1	0.2524	0.9755
68	841	1	1447.4721	6	2	0	0	1	0.2521	1.0098
68	842	1	1449.0220	8	7	90	1	1	0.2530	1.1074
68	843	1	1450.5719	9	5	0	0	1	0.2527	0.7570
68	844	1	1452.1219	10	6	90	1	1	0.2536	0.6794
68	845	1	1453.6719	11	10	0	0	1	0.2533	0.7136
68	846	1	1455.2219	13	12	90	0	1	0.2530	1.2439
68	847	1	1456.7719	14	9	0	0	1	0.2527	0.8299
68	848	1	1458.3219	13	12	0	0	1	0.2524	0.8157
68	849	1	1459.8719	11	10	90	1	1	0.2532	0.8335
68	850	1	1461.4219	12	8	0	0	1	0.2529	0.6758
68	851	1	1462.9718	10	6	90	1	1	0.2538	0.6291
68	852	1	1464.5218	11	10	0	0	1	0.2535	0.8390
68	853	1	1466.0718	12	8	90	0	1	0.2532	0.9691
68	854	1	1467.6218	13	12	0	0	1	0.2529	0.7475
68	855	1	1469.1719	14	9	0	0	1	0.2526	0.7820
68	856	1	1470.7218	13	12	0	0	1	0.2523	0.8321
68	857	1	1472.2718	12	8	0	0	1	0.2520	0.6740
68	858	1	1473.8218	9	5	90	0	1	0.2517	0.7876
68	859	1	1475.3717	8	7	0	0	1	0.2515	0.8851
68	860	1	1476.9217	9	5	0	0	1	0.2512	0.7920
68	861	1	1478.4717	8	7	90	1	1	0.2520	0.6815
68	862	1	1480.0218	9	5	0	0	1	0.2517	0.7639
68	863	1	1481.5717	8	7	0	0	1	0.2514	0.7816
68	864	1	1483.1217	6	2	0	0	1	0.2512	0.9592
68	865	1	1484.6716	7	11	0	0	1	0.2509	0.8495
68	866	1	1486.2217	6	2	0	0	1	0.2506	0.7880
68	867	1	1487.7716	7	11	0	1	1	0.2514	1.3331
68	868	1	1489.3217	6	2	0	0	1	0.2512	0.8712
68	869	1	1490.8717	4	1	0	0	1	0.2509	0.6180
68	870	1	1492.4216	5	4	0	0	1	0.2506	0.7642
68	871	1	1493.9716	8	7	0	0	1	0.2503	0.7341
68	872	1	1495.5216	5	4	0	0	1	0.2500	0.8480
68	873	1	1497.0716	4	1	0	0	1	0.2497	1.0894
68	874	1	1498.6215	7	11	0	0	1	0.2494	1.0122
68	875	1	1500.1716	4	1	0	0	1	0.2491	0.7897
68	876	1	1501.7216	6	2	0	0	1	0.2489	0.7592
68	877	1	1503.2715	7	11	0	0	1	0.2486	0.6973
68	878	1	1504.8215	8	7	0	0	1	0.2483	0.6677
68	879	1	1506.3715	7	11	0	0	1	0.2480	0.6214
68	880	1	1507.9215	4	1	90	1	1	0.2489	0.7038
68	881	1	1509.4715	6	2	90	1	1	0.2497	0.7381
68	882	1	1511.0214	8	7	0	0	1	0.2494	0.5476
68	883	1	1512.5715	9	5	0	0	1	0.2492	0.5493
68	884	1	1514.1214	8	7	90	1	1	0.2500	0.6962
68	885	1	1515.6714	6	2	0	0	1	0.2497	0.6974
68	886	1	1517.2214	8	7	0	0	1	0.2494	0.5882
68	887	1	1518.7714	5	4	90	1	1	0.2503	0.5743
68	888	1	1520.3214	6	2	0	0	1	0.2500	0.6882
68	889	1	1521.8714	5	4	0	0	1	0.2497	0.6743
68	890	1	1523.4214	8	7	0	0	1	0.2494	0.6281
68	891	1	1524.9713	7	11	0	0	1	0.2492	0.8214
68	892	1	1526.5213	4	1	0	0	1	0.2489	0.9038
68	893	1	1528.0713	7	11	0	0	1	0.2486	0.7304
68	894	1	1529.6213	5	4	0	0	1	0.2483	0.6834
68	895	1	1531.1713	4	1	0	0	1	0.2480	0.7655
68	896	1	1532.7213	3	3	0	0	1	0.2478	0.8955
68	897	1	1534.2713	1	15	0	0	1	0.2475	0.6904
68	898	1	1535.8213	14	9	0	0	1	0.2472	0.6434
68	899	1	1537.3712	2	13	90	1	1	0.2481	0.6615
68	900	1	1538.9213	14	9	0	0	1	0.2478	0.9043
68	901	1	1540.4712	2	13	90	0	1	0.2475	0.8739
68	902	1	1542.0212	15	14	0	1	1	0.2483	1.3076
68	903	1	1543.5712	2	13	0	0	1	0.2481	0.9424
68	904	1	1545.1212	3	3	0	0	1	0.2478	0.9124
68	905	1	1546.6712	1	15	0	0	1	0.2475	0.6743
68	906	1	1548.2212	2	13	90	0	1	0.2472	1.2356
68	907	1	1549.7711	3	3	0	0	1	0.2470	0.8855
68	908	1	1551.3211	1	15	0	0	1	0.2467	0.7284
68	909	1	1552.8711	15	14	90	0	1	0.2464	0.9704
68	910	1	1554.4211	1	15	0	0	1	0.2462	0.7155
68	911	1	1555.9712	2	13	0	0	1	0.2459	0.8295
68	912	1	1557.5211	1	15	0	0	1	0.2456	1.1043
68	913	1	1559.0711	2	13	0	0	1	0.2453	0.9462
68	914	1	1560.6211	3	3	90	1	1	0.2462	0.8045
68	915	1	1564.3210	15	14	0	1	1	0.2470	1.0562
68	916	1	1565.8710	14	9	0	0	1	0.2467	0.8017
68	917	1	1567.4210	1	15	0	0	1	0.2465	0.7716
68	918	1	1568.9710	2	13	90	0	1	0.2462	0.8701
68	919	1	1570.5210	14	9	0	0	1	0.2459	0.7761
68	920	1	1572.0710	2	13	0	0	1	0.2457	1.0503
68	921	1	1573.6209	15	14	0	1	1	0.2465	0.7966
68	922	1	1575.1709	2	13	90	0	1	0.2462	0.8626
68	923	1	1576.7209	15	14	0	1	1	0.2470	0.9605
68	924	1	1578.2709	3	3	90	0	1	0.2468	0.9145
68	925	1	1579.8209	1	15	0	0	1	0.2465	0.8527
68	926	1	1581.3709	14	9	0	0	1	0.2462	0.7418
68	927	1	1582.9209	2	13	90	0	1	0.2460	0.8085
68	928	1	1584.4709	15	14	0	1	1	0.2468	1.1778
68	929	1	1586.0209	3	3	90	0	1	0.2465	0.8118
68	930	1	1587.5708	2	13	0	0	1	0.2462	1.1181
68	931	1	1589.1208	15	14	0	0	1	0.2460	0.9922
68	932	1	1590.6708	14	9	0	0	1	0.2457	0.7538
68	933	1	1592.2208	1	15	0	0	1	0.2454	0.7398
68	934	1	1593.7709	2	13	0	0	1	0.2452	0.7262
68	935	1	1595.3208	15	14	90	0	1	0.2449	0.8566
68	936	1	1596.8708	14	9	90	1	1	0.2457	0.7946
68	937	1	1598.4374	1	15	0	0	1	0.2455	1.1801
68	938	1	1599.9874	2	13	90	0	1	0.2452	1.1811
68	939	1	1601.5375	15	14	90	0	1	0.2449	1.2320
68	940	1	1603.0875	14	9	90	0	1	0.2447	1.0731
68	941	1	1604.6374	13	12	0	0	1	0.2444	1.0277
68	942	1	1606.1874	11	10	90	1	1	0.2452	1.0781
68	943	1	1607.7373	13	12	0	0	1	0.2450	0.9522
68	944	1	1609.2874	10	6	90	1	1	0.2458	0.8259
68	945	1	1611.1206	11	10	0	0	1	0.2455	0.8319
68	946	1	1612.6706	13	12	0	0	1	0.2452	0.8827
68	947	1	1614.2207	10	6	0	0	1	0.2450	1.0444
68	948	1	1615.7706	9	5	90	0	1	0.2447	0.9339
68	949	1	1617.3206	10	6	0	1	1	0.2455	1.0486
68	950	1	1618.8706	12	8	0	0	1	0.2453	1.1944
68	951	1	1620.4206	10	6	90	0	1	0.2450	1.0687
68	952	1	1621.9706	11	10	0	0	1	0.2447	1.0227
68	953	1	1623.5208	10	6	0	0	1	0.2445	1.1837
68	954	1	1625.0706	12	8	0	0	1	0.2442	0.9784
68	955	1	1626.6205	11	10	0	0	1	0.2440	0.7880
68	956	1	1628.1705	12	8	0	0	1	0.2437	0.7589
68	957	1	1629.7205	10	6	0	0	1	0.2435	1.0809
68	958	1	1631.2705	12	8	0	0	1	0.2432	0.9229
68	959	1	1632.8205	9	5	0	0	1	0.2430	0.8609
68	960	1	1634.3705	11	10	0	0	1	0.2427	0.8307
68	961	1	1635.9205	12	8	0	0	1	0.2425	0.8328
68	962	1	1637.4704	10	6	90	0	1	0.2422	1.0908
68	963	1	1639.0204	12	8	0	0	1	0.2420	0.7256
68	964	1	1640.5704	13	12	0	0	1	0.2417	0.7421
68	965	1	1642.1204	12	8	0	0	1	0.2415	0.6321
68	966	1	1643.6704	13	12	0	0	1	0.2412	0.6825
68	967	1	1645.2204	11	10	0	0	1	0.2410	0.7001
68	968	1	1646.7704	12	8	0	0	1	0.2407	0.6221
68	969	1	1648.3203	13	12	90	1	1	0.2415	0.6247
68	970	1	1650.0370	10	6	0	1	1	0.2423	0.0168
68	971	1	1651.5871	13	12	90	0	1	0.2420	0.9103
68	972	1	1653.1370	10	6	90	0	1	0.2418	0.9438
68	973	1	1654.6870	13	12	0	0	1	0.2415	0.8495
68	974	1	1656.2370	11	10	0	0	1	0.2413	0.7404
68	975	1	1657.7869	12	8	90	0	1	0.2410	1.0624
68	976	1	1659.3370	10	6	0	0	1	0.2408	1.0644
68	977	1	1660.8869	13	12	0	0	1	0.2405	0.9229
68	978	1	1662.4370	11	10	0	0	1	0.2403	0.8603
68	979	1	1663.9870	10	6	90	0	1	0.2400	0.8464
68	980	1	1665.5369	9	5	0	0	1	0.2398	0.7996
68	981	1	1667.0869	12	8	0	0	1	0.2396	0.6896
68	982	1	1668.6369	9	5	0	0	1	0.2393	0.6276
68	983	1	1670.1868	11	10	90	1	1	0.2401	0.6785
68	984	1	1671.7368	9	5	0	0	1	0.2398	0.7276
68	985	1	1673.2869	11	10	0	0	1	0.2396	0.6984
68	986	1	1674.8369	10	6	0	1	1	0.2404	1.0036
68	987	1	1676.3868	11	10	0	0	1	0.2401	0.7825
68	988	1	1677.9368	10	6	90	0	1	0.2399	0.9446
68	989	1	1679.4868	11	10	0	0	1	0.2396	1.1057
68	990	1	1681.0368	13	12	0	0	1	0.2394	0.9004
68	991	1	1682.5867	11	10	0	0	1	0.2392	0.7897
68	992	1	1684.1367	13	12	90	0	1	0.2389	1.0165
68	993	1	1685.6868	14	9	0	0	1	0.2387	0.9866
68	994	1	1687.2367	1	15	90	0	1	0.2384	1.3565
68	995	1	1688.8200	15	14	0	0	1	0.2382	1.1332
68	996	1	1690.3701	14	9	0	0	1	0.2380	0.8463
68	997	1	1691.9201	13	12	90	1	1	0.2387	0.7363
68	998	1	1693.4700	12	8	0	0	1	0.2385	0.8354
68	999	1	1695.0200	10	6	0	1	1	0.2392	1.2212
68	1000	1	1696.5700	11	10	0	0	1	0.2390	1.1593
68	1001	1	1698.1200	13	12	0	0	1	0.2388	0.8253
68	1002	1	1699.6699	10	6	0	1	1	0.2395	0.9864
68	1003	1	1701.2199	11	10	0	0	1	0.2393	0.7333
68	1004	1	1702.7700	13	12	0	0	1	0.2390	0.7673
68	1005	1	1704.3200	12	8	0	0	1	0.2388	0.7686
68	1006	1	1705.8699	9	5	0	0	1	0.2386	0.8192
68	1007	1	1707.4199	11	10	0	0	1	0.2383	0.7566
68	1008	1	1708.9699	13	12	0	0	1	0.2381	0.7273
68	1009	1	1710.5199	10	6	0	1	1	0.2389	0.9534
68	1010	1	1712.0700	11	10	0	0	1	0.2386	0.6831
68	1011	1	1713.6199	12	8	0	0	1	0.2384	0.7333
68	1012	1	1715.1698	9	5	0	0	1	0.2381	0.7512
68	1013	1	1716.7198	10	6	0	1	1	0.2389	0.8973
68	1014	1	1718.2698	9	5	0	0	1	0.2387	0.7229
68	1015	1	1719.8198	10	6	0	-1	0	0.2384	-1.0000
68	1016	1	1721.5364	12	8	0	0	1	0.2382	0.0167
68	1017	1	1723.0864	10	6	0	0	1	0.2380	0.0188
68	1018	1	1724.6364	11	10	0	0	1	0.2377	0.6442
68	1019	1	1726.1864	13	12	90	0	1	0.2375	0.9182
68	1020	1	1727.7364	10	6	0	1	1	0.2382	1.0645
68	1021	1	1729.2866	13	12	0	0	1	0.2380	0.8905
68	1022	1	1730.8365	12	8	0	0	1	0.2378	0.7008
68	1023	1	1732.3864	13	12	0	0	1	0.2375	0.6379
68	1024	1	1733.9363	12	8	0	0	1	0.2373	0.6399
68	1025	1	1735.4863	10	6	90	0	1	0.2371	0.9460
68	1026	1	1737.0363	13	12	0	0	1	0.2368	0.7885
68	1027	1	1738.5863	14	9	0	0	1	0.2366	0.7263
68	1028	1	1740.1363	1	15	0	0	1	0.2364	0.9209
68	1029	1	1741.6863	3	3	0	0	1	0.2362	0.9548
68	1030	1	1743.2363	15	14	0	0	1	0.2359	1.1800
68	1031	1	1744.7863	2	13	0	0	1	0.2357	1.1024
68	1032	1	1746.3362	15	14	0	0	1	0.2355	1.0728
68	1033	1	1747.8862	1	15	0	0	1	0.2352	0.8500
68	1034	1	1749.4362	14	9	0	0	1	0.2350	0.7087
68	1035	1	1750.9862	1	15	0	0	1	0.2348	0.6629
68	1036	1	1752.5363	14	9	0	0	1	0.2346	0.6649
68	1037	1	1754.0862	2	13	0	0	1	0.2343	0.6190
68	1038	1	1755.6362	14	9	90	1	1	0.2351	0.7000
68	1039	1	1757.1862	1	15	0	0	1	0.2348	0.7830
68	1040	1	1758.7361	3	3	0	0	1	0.2346	0.9130
68	1041	1	1760.2861	15	14	90	0	1	0.2344	0.9461
68	1042	1	1761.8361	1	15	0	0	1	0.2342	0.6926
68	1043	1	1763.3862	14	9	0	0	1	0.2339	0.7109
68	1044	1	1764.9362	1	15	0	0	1	0.2337	0.6968
68	1045	1	1766.4861	3	3	0	0	1	0.2335	0.7941
68	1046	1	1768.0361	2	13	0	0	1	0.2333	1.0051
68	1047	1	1769.5861	1	15	0	0	1	0.2330	0.7670
68	1048	1	1771.1361	3	3	0	0	1	0.2328	0.7681
68	1049	1	1772.6861	1	15	0	0	1	0.2326	0.6422
68	1050	1	1774.2361	14	9	0	0	1	0.2324	0.9011
68	1051	1	1775.7861	15	14	0	1	1	0.2331	0.8551
68	1052	1	1777.3360	14	9	0	0	1	0.2329	0.7291
68	1053	1	1778.8860	13	12	90	0	1	0.2327	1.0026
68	1054	1	1780.4360	14	9	0	0	1	0.2324	0.7166
68	1055	1	1781.9860	15	14	90	0	1	0.2322	0.7510
68	1056	1	1783.5360	1	15	0	0	1	0.2320	0.7210
68	1057	1	1785.0860	3	3	0	0	1	0.2318	0.7542
68	1058	1	1786.6360	4	1	90	0	1	0.2316	1.4602
68	1059	1	1788.3359	5	4	0	0	1	0.2314	0.7372
68	1060	1	1789.8859	6	2	90	1	1	0.2321	0.7072
68	1061	1	1791.4359	5	4	0	0	1	0.2319	0.7082
68	1062	1	1792.9859	4	1	0	0	1	0.2316	1.0782
68	1063	1	1794.5359	3	3	0	0	1	0.2314	0.8569
68	1064	1	1796.0859	15	14	90	0	1	0.2312	0.9067
68	1065	1	1797.6358	3	3	90	0	1	0.2310	0.9409
68	1066	1	1799.1858	15	14	0	1	1	0.2317	1.2147
68	1067	1	1800.7358	14	9	0	0	1	0.2315	0.6572
68	1068	1	1802.2858	1	15	0	0	1	0.2313	0.7393
68	1069	1	1803.8359	3	3	0	0	1	0.2311	0.7412
68	1070	1	1805.3859	1	15	0	0	1	0.2308	0.8383
68	1071	1	1806.9358	14	9	90	0	1	0.2306	0.9682
68	1072	1	1808.4858	15	14	0	1	1	0.2313	0.9543
68	1073	1	1810.0357	3	3	0	0	1	0.2311	0.8129
68	1074	1	1811.5857	15	14	90	0	1	0.2309	0.8624
68	1075	1	1813.1357	1	15	0	0	1	0.2307	0.6404
68	1076	1	1814.6857	2	13	0	0	1	0.2305	1.0112
68	1077	1	1816.2358	1	15	90	0	1	0.2303	1.0128
68	1078	1	1817.7857	14	9	0	0	1	0.2301	0.8223
68	1079	1	1819.3357	13	12	0	0	1	0.2298	0.7928
68	1080	1	1820.8857	12	8	0	0	1	0.2296	0.7950
68	1081	1	1822.4356	9	5	0	0	1	0.2294	0.7484
68	1082	1	1823.9856	8	7	0	0	1	0.2292	0.7984
68	1083	1	1825.5356	9	5	0	0	1	0.2290	0.8173
68	1084	1	1827.0857	11	10	90	1	1	0.2297	0.7224
68	1085	1	1828.6357	10	6	0	0	1	0.2295	0.9804
68	1086	1	1830.1856	12	8	0	0	1	0.2293	0.7434
68	1087	1	1831.7356	10	6	0	0	1	0.2291	0.8413
68	1088	1	1833.2856	13	12	0	0	1	0.2289	0.7145
68	1089	1	1834.8356	10	6	90	0	1	0.2287	0.9093
68	1090	1	1836.3855	12	8	90	0	1	0.2284	1.0228
68	1091	1	1837.9356	13	12	0	0	1	0.2282	1.0413
68	1092	1	1839.4856	14	9	90	0	1	0.2280	0.9634
68	1093	1	1841.0355	2	13	0	0	1	0.2278	0.8854
68	1094	1	1842.5855	3	3	0	0	1	0.2276	0.9514
68	1095	1	1844.1355	15	14	0	0	1	0.2274	1.0166
68	1096	1	1845.6855	1	15	90	0	1	0.2272	0.9075
68	1097	1	1847.2355	15	14	90	0	1	0.2270	0.9255
68	1098	1	1848.7855	1	15	0	0	1	0.2268	0.7665
68	1099	1	1850.3354	2	13	0	0	1	0.2266	0.7534
68	1100	1	1851.8854	3	3	0	0	1	0.2264	0.7395
68	1101	1	1853.4354	1	15	0	0	1	0.2262	0.6126
68	1102	1	1854.9854	14	9	0	0	1	0.2260	0.7115
68	1103	1	1856.5354	15	14	0	1	1	0.2267	0.9526
68	1104	1	1858.0854	3	3	0	0	1	0.2264	0.6666
68	1105	1	1859.6354	4	1	90	1	1	0.2271	0.8618
68	1106	1	1861.1854	7	11	90	1	1	0.2278	0.9755
68	1107	1	1862.7353	4	1	0	0	1	0.2276	0.9294
68	1108	1	1864.2853	7	11	90	0	1	0.2274	0.8676
68	1109	1	1865.8353	8	7	0	0	1	0.2272	1.1896
68	1110	1	1867.3853	5	4	0	0	1	0.2270	1.0316
68	1111	1	1868.9353	4	1	0	0	1	0.2268	0.8887
68	1112	1	1870.4853	7	11	0	0	1	0.2266	0.8435
68	1113	1	1872.0353	8	7	0	0	1	0.2264	0.8935
68	1114	1	1873.5853	5	4	0	0	1	0.2262	0.8156
68	1115	1	1875.1352	6	2	0	0	1	0.2260	0.7367
68	1116	1	1876.6852	5	4	0	0	1	0.2258	0.6275
68	1117	1	1878.2352	4	1	0	0	1	0.2256	0.6131
68	1118	1	1879.7852	3	3	0	0	1	0.2254	1.1108
68	1119	1	1881.3353	4	1	0	0	1	0.2252	0.8255
68	1120	1	1882.8852	7	11	0	0	1	0.2250	0.8268
68	1121	1	1884.4352	8	7	0	0	1	0.2248	0.7807
68	1122	1	1885.9852	9	5	0	0	1	0.2246	0.6873
68	1123	1	1887.5351	10	6	0	0	1	0.2244	0.9613
68	1124	1	1889.0851	9	5	90	0	1	0.2242	0.8998
68	1125	1	1890.6351	10	6	0	0	1	0.2240	0.7576
68	1126	1	1892.1852	12	8	0	0	1	0.2238	0.8077
68	1127	1	1893.7351	9	5	90	0	1	0.2236	0.8253
68	1128	1	1895.2851	10	6	0	0	1	0.2234	0.9073
68	1129	1	1896.8351	9	5	0	0	1	0.2232	0.7338
68	1130	1	1898.3851	11	10	0	0	1	0.2230	0.5908
68	1131	1	1899.9350	9	5	0	0	1	0.2228	0.5614
68	1132	1	1901.4850	12	8	90	-1	0	0.2226	-1.0000
68	1133	1	1903.2184	9	5	0	0	1	0.2224	1.0695
68	1134	1	1904.7684	8	7	0	0	1	0.2222	0.8164
68	1135	1	1906.3183	5	4	0	0	1	0.2220	0.6264
68	1136	1	1907.8683	8	7	0	0	1	0.2218	0.5956
68	1137	1	1909.4183	6	2	90	1	1	0.2225	0.6456
68	1138	1	1910.9683	4	1	0	0	1	0.2223	0.8716
68	1139	1	1912.5183	6	2	0	0	1	0.2221	0.6664
68	1140	1	1914.0683	4	1	0	0	1	0.2219	0.8924
68	1141	1	1915.6183	7	11	0	0	1	0.2217	1.1655
68	1142	1	1917.1684	6	2	0	0	1	0.2215	0.9604
68	1143	1	1918.7183	7	11	90	1	1	0.2222	0.8016
68	1144	1	1920.2682	6	2	0	0	1	0.2220	0.7886
68	1145	1	1921.8182	8	7	0	0	1	0.2218	0.7421
68	1146	1	1923.3682	5	4	0	0	1	0.2216	0.7277
68	1147	1	1924.9182	6	2	0	0	1	0.2214	0.6020
68	1148	1	1926.4682	4	1	0	0	1	0.2213	0.8764
68	1149	1	1928.0182	3	3	0	0	1	0.2211	0.8936
68	1150	1	1929.5682	15	14	90	0	1	0.2209	1.2486
68	1151	1	1931.1181	1	15	0	0	1	0.2207	0.7862
68	1152	1	1932.6681	2	13	0	0	1	0.2205	0.6277
68	1153	1	1934.2181	14	9	0	0	1	0.2203	0.7103
68	1154	1	1935.7681	13	12	90	0	1	0.2201	1.0965
68	1155	1	1937.3181	12	8	0	0	1	0.2199	0.8743
68	1156	1	1938.8681	13	12	90	0	1	0.2197	0.9080
68	1157	1	1940.4181	14	9	90	0	1	0.2195	0.9897
68	1158	1	1941.9681	15	14	90	1	1	0.2202	0.9765
68	1159	1	1943.5181	3	3	0	0	1	0.2200	0.7547
68	1160	1	1945.0680	1	15	0	0	1	0.2198	0.7405
68	1161	1	1946.6180	2	13	0	0	1	0.2196	0.7905
68	1162	1	1948.1680	1	15	90	0	1	0.2194	1.0329
68	1163	1	1949.7181	14	9	90	0	1	0.2193	0.8906
68	1164	1	1951.2681	2	13	0	0	1	0.2191	0.7007
68	1165	1	1952.8180	14	9	0	0	1	0.2189	0.7828
68	1166	1	1954.3680	2	13	90	0	1	0.2187	1.1523
68	1167	1	1955.9179	3	3	0	0	1	0.2185	1.0586
68	1168	1	1957.4679	2	13	0	0	1	0.2183	0.7879
68	1169	1	1959.0179	14	9	90	0	1	0.2181	0.7258
68	1170	1	1960.5679	2	13	0	0	1	0.2179	0.6967
68	1171	1	1962.1180	14	9	90	0	1	0.2178	0.9227
68	1172	1	1963.6679	15	14	90	0	1	0.2176	0.8602
68	1173	1	1965.2179	1	15	0	0	1	0.2174	0.7183
68	1174	1	1966.7679	2	13	0	0	1	0.2172	0.5928
68	1175	1	1968.3179	14	9	0	0	1	0.2170	0.6423
68	1176	1	1969.8678	13	12	0	0	1	0.2168	0.7080
68	1177	1	1971.4179	14	9	90	0	1	0.2167	0.8225
68	1178	1	1972.9679	15	14	0	0	1	0.2165	0.8399
68	1179	1	1974.5178	2	13	0	0	1	0.2163	0.6499
68	1180	1	1976.0678	14	9	0	0	1	0.2161	0.7159
68	1181	1	1977.6178	13	12	0	0	1	0.2159	0.7667
68	1182	1	1979.1678	10	6	0	0	1	0.2157	0.9768
68	1183	1	1980.7178	12	8	0	0	1	0.2156	0.7228
68	1184	1	1982.2678	11	10	0	0	1	0.2154	0.7560
68	1185	1	1983.8177	12	8	90	0	1	0.2152	0.8388
68	1186	1	1985.3677	10	6	0	0	1	0.2150	0.9360
68	1187	1	1986.9177	12	8	90	0	1	0.2148	0.9551
68	1188	1	1988.4677	9	5	0	0	1	0.2146	0.7965
68	1189	1	1990.0177	8	7	0	0	1	0.2145	0.7188
68	1190	1	1991.5677	9	5	0	0	1	0.2143	0.5929
68	1191	1	1993.1177	12	8	0	0	1	0.2141	0.7550
68	1192	1	1994.6677	13	12	0	0	1	0.2139	0.7089
68	1193	1	1996.2176	10	6	0	0	1	0.2137	1.0149
68	1194	1	1997.7676	12	8	0	0	1	0.2136	0.7120
68	1195	1	1999.3176	9	5	0	0	1	0.2134	0.6344
68	1196	1	2000.8676	8	7	0	0	1	0.2132	0.6689
68	1197	1	2002.4176	5	4	90	1	1	0.2139	0.6070
68	1198	1	2003.9676	6	2	0	0	1	0.2137	1.1681
68	1199	1	2005.5176	8	7	90	1	1	0.2143	1.2989
68	1200	1	2007.0676	7	11	0	0	1	0.2142	0.8525
68	1201	1	2008.6175	8	7	90	1	1	0.2148	0.9190
68	1202	1	2010.1675	5	4	90	1	1	0.2155	0.6481
68	1203	1	2011.7175	8	7	0	0	1	0.2153	0.8907
68	1204	1	2013.2675	5	4	90	1	1	0.2159	0.6522
68	1205	1	2014.8175	6	2	0	0	1	0.2158	0.8946
68	1206	1	2016.3675	7	11	0	0	1	0.2156	0.9604
68	1207	1	2017.9175	8	7	0	0	1	0.2154	0.9787
68	1208	1	2019.4675	5	4	0	1	1	0.2161	0.8051
68	1209	1	2021.0174	7	11	0	0	1	0.2159	0.8230
68	1210	1	2022.5674	6	2	90	0	1	0.2157	0.9846
68	1211	1	2024.1174	7	11	0	0	1	0.2155	0.7782
68	1212	1	2025.6674	4	1	90	0	1	0.2153	1.0689
68	1213	1	2027.2175	3	3	0	0	1	0.2152	0.8462
68	1214	1	2028.7674	1	15	0	0	1	0.2150	0.8643
68	1215	1	2030.3174	3	3	0	0	1	0.2148	0.7383
68	1216	1	2031.8674	4	1	0	0	1	0.2146	1.0611
68	1217	1	2033.4173	7	11	0	0	1	0.2145	0.6787
68	1218	1	2034.9673	6	2	0	0	1	0.2143	0.9852
68	1219	1	2036.5174	5	4	0	0	1	0.2141	0.9389
68	1220	1	2038.0674	7	11	0	0	1	0.2139	0.7172
68	1221	1	2039.6173	8	7	0	0	1	0.2138	0.6062
68	1222	1	2041.1673	9	5	0	0	1	0.2136	0.8171
68	1223	1	2042.7173	8	7	0	0	1	0.2134	0.8188
68	1224	1	2044.2673	9	5	0	0	1	0.2132	0.8523
68	1225	1	2045.8172	10	6	0	0	1	0.2131	0.9352
68	1226	1	2047.3672	13	12	90	0	1	0.2129	1.0010
68	1227	1	2048.9173	12	8	90	0	1	0.2127	0.8587
68	1228	1	2050.4672	13	12	90	0	1	0.2125	0.9889
68	1229	1	2052.0172	14	9	0	0	1	0.2124	0.9423
68	1230	1	2053.5672	1	15	0	0	1	0.2122	0.7684
68	1231	1	2055.1172	15	14	0	0	1	0.2120	0.8024
68	1232	1	2056.6672	14	9	0	0	1	0.2119	0.7412
68	1233	1	2058.2172	2	13	0	0	1	0.2117	0.7271
68	1234	1	2059.7672	3	3	90	1	1	0.2123	0.7130
68	1235	1	2061.3171	2	13	0	0	1	0.2121	1.1624
68	1236	1	2062.8671	14	9	0	0	1	0.2120	0.7493
68	1237	1	2064.4171	15	14	0	0	1	0.2118	0.9111
68	1238	1	2065.9671	1	15	90	0	1	0.2116	0.8805
68	1239	1	2067.5171	14	9	0	0	1	0.2115	0.6269
68	1240	1	2069.0671	2	13	0	0	1	0.2113	0.6284
68	1241	1	2070.6171	1	15	90	0	1	0.2111	0.9348
68	1242	1	2072.1671	3	3	0	0	1	0.2110	0.8572
68	1243	1	2073.7170	1	15	0	0	1	0.2108	0.6354
68	1244	1	2075.2670	3	3	0	0	1	0.2106	0.6693
68	1245	1	2076.8170	2	13	90	0	1	0.2104	0.7994
68	1246	1	2078.3670	14	9	0	0	1	0.2103	0.6885
68	1247	1	2079.9171	1	15	0	0	1	0.2101	0.8828
68	1248	1	2081.4670	3	3	0	0	1	0.2099	0.8044
68	1249	1	2083.0170	2	13	0	0	1	0.2098	0.7109
68	1250	1	2084.5670	3	3	90	0	1	0.2096	0.7605
68	1251	1	2086.1169	15	14	0	0	1	0.2094	0.8906
68	1252	1	2087.6669	3	3	90	1	1	0.2101	0.6855
68	1253	1	2089.2169	4	1	0	0	1	0.2099	0.8154
68	1254	1	2090.7670	7	11	0	0	1	0.2097	0.7854
68	1255	1	2092.3170	4	1	0	0	1	0.2096	1.0585
68	1256	1	2093.8669	7	11	0	1	1	0.2102	1.1574
68	1257	1	2095.4169	6	2	0	0	1	0.2100	1.1275
68	1258	1	2096.9669	5	4	0	0	1	0.2099	0.8735
68	1259	1	2098.5169	7	11	0	0	1	0.2097	0.7954
68	1260	1	2100.0668	5	4	0	0	1	0.2095	0.6686
68	1261	1	2101.6169	7	11	0	0	1	0.2094	0.7350
68	1262	1	2103.1669	6	2	90	0	1	0.2092	0.8174
68	1263	1	2104.7168	8	7	0	0	1	0.2090	0.8509
68	1264	1	2106.2668	7	11	0	0	1	0.2089	0.7736
68	1265	1	2107.8168	4	1	0	0	1	0.2087	0.9035
68	1266	1	2109.3668	3	3	0	0	1	0.2085	1.0016
68	1267	1	2110.9168	15	14	0	0	1	0.2084	1.1467
68	1268	1	2112.4671	14	9	0	0	1	0.2082	0.8612
68	1269	1	2114.0168	2	13	90	0	1	0.2080	0.8146
68	1270	1	2115.5668	1	15	0	0	1	0.2079	0.7055
68	1271	1	2117.1167	3	3	0	0	1	0.2077	0.7227
68	1272	1	2118.6667	4	1	90	0	1	0.2075	1.0616
68	1273	1	2120.2167	5	4	0	0	1	0.2074	0.7587
68	1274	1	2121.7667	8	7	0	0	1	0.2072	0.6976
68	1275	1	2123.3167	9	5	0	0	1	0.2071	0.6996
68	1276	1	2124.8667	12	8	0	0	1	0.2069	0.7012
68	1277	1	2126.4167	10	6	0	0	1	0.2067	0.8627
68	1278	1	2127.9666	13	12	0	0	1	0.2066	0.8658
68	1279	1	2129.5167	12	8	0	0	1	0.2064	0.8668
68	1280	1	2131.0666	10	6	0	0	1	0.2062	0.9488
68	1281	1	2132.6166	13	12	0	0	1	0.2061	0.7914
68	1282	1	2134.1666	10	6	0	0	1	0.2059	0.8252
68	1283	1	2135.7166	13	12	0	0	1	0.2058	0.6517
68	1284	1	2137.2666	14	9	90	1	1	0.2064	0.7016
68	1285	1	2138.8165	15	14	90	1	1	0.2070	1.0712
68	1286	1	2140.3665	1	15	0	0	1	0.2068	0.9132
68	1287	1	2141.9166	2	13	0	0	1	0.2067	0.9956
68	1288	1	2143.4665	15	14	0	0	1	0.2065	0.9489
68	1289	1	2145.0166	2	13	0	0	1	0.2064	0.7912
68	1290	1	2146.5666	15	14	0	0	1	0.2062	0.7932
68	1291	1	2148.1165	1	15	0	0	1	0.2060	0.8918
68	1292	1	2149.6665	3	3	0	0	1	0.2059	0.8769
68	1293	1	2151.2164	1	15	0	0	1	0.2057	0.7518
68	1294	1	2152.7664	15	14	90	1	1	0.2063	1.0729
68	1295	1	2154.3164	1	15	90	0	1	0.2062	0.9318
68	1296	1	2155.8665	2	13	0	0	1	0.2060	0.7418
68	1297	1	2157.4165	1	15	90	0	1	0.2059	1.0469
68	1298	1	2158.9664	2	13	0	0	1	0.2057	0.8894
68	1299	1	2160.5164	3	3	0	0	1	0.2055	0.8598
68	1300	1	2162.0664	15	14	0	0	1	0.2054	0.9729
68	1301	1	2163.6163	3	3	0	0	1	0.2052	0.9280
68	1302	1	2165.1663	2	13	0	0	1	0.2051	0.6898
68	1303	1	2166.7164	14	9	0	0	1	0.2049	0.7559
68	1304	1	2168.2664	15	14	0	1	1	0.2055	0.8218
68	1305	1	2169.8163	2	13	0	0	1	0.2054	0.6310
68	1306	1	2171.3663	3	3	0	0	1	0.2052	0.7930
68	1307	1	2172.9163	1	15	0	0	1	0.2050	0.9078
68	1308	1	2174.4663	3	3	0	0	1	0.2049	0.8460
68	1309	1	2176.0163	2	13	0	0	1	0.2047	0.7039
68	1310	1	2177.5663	1	15	0	0	1	0.2046	0.7379
68	1311	1	2179.1163	2	13	0	0	1	0.2044	0.7239
68	1312	1	2180.6663	14	9	0	0	1	0.2043	0.7575
68	1313	1	2182.2162	2	13	0	0	1	0.2041	0.6634
68	1314	1	2183.7662	1	15	0	0	1	0.2040	0.6020
68	1315	1	2185.3162	3	3	0	0	1	0.2038	0.5880
68	1316	1	2186.8662	1	15	90	0	1	0.2036	0.8459
68	1317	1	2188.4162	2	13	90	0	1	0.2035	0.9111
68	1318	1	2189.9662	14	9	0	0	1	0.2033	0.7699
68	1319	1	2191.5161	13	12	0	0	1	0.2032	0.7560
68	1320	1	2193.0661	12	8	0	0	1	0.2030	0.7736
68	1321	1	2194.6161	10	6	0	0	1	0.2029	0.9039
68	1322	1	2196.1661	12	8	0	0	1	0.2027	0.7292
68	1323	1	2197.7161	10	6	0	0	1	0.2026	0.8757
68	1324	1	2199.2661	11	10	0	0	1	0.2024	0.9097
68	1325	1	2200.8161	9	5	0	0	1	0.2023	0.7834
68	1326	1	2202.3660	12	8	0	0	1	0.2021	0.6892
68	1327	1	2203.9160	13	12	0	0	1	0.2020	0.6600
68	1328	1	2205.4660	14	9	0	0	1	0.2018	0.6292
68	1329	1	2207.0160	1	15	0	0	1	0.2017	0.6158
68	1330	1	2208.5660	14	9	0	0	1	0.2015	0.6496
68	1331	1	2210.1160	1	15	0	0	1	0.2014	0.6192
68	1332	1	2211.6660	14	9	0	0	1	0.2012	0.6540
68	1333	1	2213.2160	15	14	0	0	1	0.2011	0.7833
68	1334	1	2214.7660	3	3	0	0	1	0.2009	0.6740
68	1335	1	2216.3160	15	14	0	0	1	0.2007	0.6760
68	1336	1	2217.8659	2	13	0	0	1	0.2006	0.6297
68	1337	1	2219.4159	3	3	0	0	1	0.2004	0.7442
68	1338	1	2220.9659	1	15	0	0	1	0.2003	0.6503
68	1339	1	2222.5161	14	9	0	0	1	0.2001	0.6671
68	1340	1	2224.0659	13	12	0	0	1	0.2000	0.7333
68	1341	1	2225.6159	10	6	0	0	1	0.1999	0.8473
68	1342	1	2227.1659	12	8	0	0	1	0.1997	0.7543
68	1343	1	2228.7158	10	6	90	0	1	0.1996	0.9633
68	1344	1	2230.2658	9	5	0	0	1	0.1994	0.8063
68	1345	1	2231.8158	11	10	0	0	1	0.1993	0.7442
68	1346	1	2233.3659	10	6	0	0	1	0.1991	0.9221
68	1347	1	2234.9158	9	5	0	0	1	0.1990	0.7636
68	1348	1	2236.4658	11	10	0	0	1	0.1988	0.6222
68	1349	1	2238.0158	12	8	0	0	1	0.1987	0.5920
68	1350	1	2239.5658	9	5	0	0	1	0.1985	0.6740
68	1351	1	2241.1157	8	7	0	0	1	0.1984	0.5474
68	1352	1	2242.6657	6	2	90	1	1	0.1990	0.9014
68	1353	1	2244.2158	4	1	0	0	1	0.1988	1.0313
68	1354	1	2245.7657	6	2	0	0	1	0.1987	1.0023
68	1355	1	2247.3157	8	7	90	1	1	0.1993	0.9557
68	1356	1	2248.8657	7	11	0	0	1	0.1991	0.7654
68	1357	1	2250.4157	4	1	0	0	1	0.1990	0.8165
68	1358	1	2251.9657	3	3	0	0	1	0.1988	0.9934
68	1359	1	2253.5156	2	13	0	0	1	0.1987	0.6283
68	1360	1	2255.0657	14	9	90	0	1	0.1985	0.8863
68	1361	1	2256.6156	1	15	90	0	1	0.1984	1.0475
68	1362	1	2258.1656	15	14	0	0	1	0.1982	1.1783
68	1363	1	2259.7156	14	9	90	0	1	0.1981	0.8444
68	1364	1	2261.2656	2	13	0	0	1	0.1979	0.8615
68	1365	1	2262.8156	14	9	0	0	1	0.1978	0.7035
68	1366	1	2264.3656	1	15	0	0	1	0.1977	0.6584
68	1367	1	2265.9156	2	13	0	0	1	0.1975	0.5958
68	1368	1	2267.4656	15	14	0	0	1	0.1974	0.7895
68	1369	1	2269.0155	1	15	0	0	1	0.1972	0.6635
68	1370	1	2270.5655	2	13	0	0	1	0.1971	0.5376
68	1371	1	2272.1155	3	3	90	1	1	0.1977	0.7004
68	1372	1	2273.6655	2	13	0	0	1	0.1975	0.6856
68	1373	1	2275.2155	14	9	0	0	1	0.1974	0.6884
68	1374	1	2276.7655	1	15	90	0	1	0.1972	0.7385
68	1375	1	2278.3155	15	14	0	0	1	0.1971	0.6920
68	1376	1	2279.8654	14	9	0	0	1	0.1969	0.6145
68	1377	1	2281.4154	15	14	90	0	1	0.1968	0.9036
68	1378	1	2282.9654	14	9	90	0	1	0.1967	0.8740
68	1379	1	2284.5154	13	12	90	0	1	0.1965	0.9404
68	1380	1	2286.0654	10	6	0	0	1	0.1964	0.9905
68	1381	1	2287.6154	9	5	0	0	1	0.1962	0.8644
68	1382	1	2289.1654	11	10	0	0	1	0.1961	0.7225
68	1383	1	2290.7154	10	6	0	0	1	0.1960	0.8042
68	1384	1	2292.2654	12	8	0	0	1	0.1958	0.8543
68	1385	1	2293.8153	10	6	0	0	1	0.1957	0.8245
68	1386	1	2295.3653	12	8	0	0	1	0.1955	0.6986
68	1387	1	2296.9153	10	6	90	0	1	0.1954	0.7797
68	1388	1	2298.4653	12	8	0	0	1	0.1952	0.7985
68	1389	1	2300.0154	11	10	0	0	1	0.1951	0.8640
68	1390	1	2301.5653	10	6	0	0	1	0.1950	0.8507
68	1391	1	2303.1153	13	12	0	0	1	0.1948	0.9007
68	1392	1	2304.6653	12	8	90	0	1	0.1947	0.9821
68	1393	1	2306.2153	10	6	90	0	1	0.1945	0.9197
68	1394	1	2307.7653	12	8	90	0	1	0.1944	1.0026
68	1395	1	2309.3153	11	10	0	0	1	0.1943	0.7966
68	1396	1	2310.8653	13	12	0	0	1	0.1941	0.8137
68	1397	1	2312.4152	11	10	0	0	1	0.1940	0.7842
68	1398	1	2313.9652	12	8	0	0	1	0.1938	0.7222
68	1399	1	2315.5152	9	5	0	0	1	0.1937	0.7562
68	1400	1	2317.0653	10	6	0	0	1	0.1936	0.8057
68	1	2	1.0166	4	1	0	-1	0	NaN	-1.0000
68	2	2	2.5499	7	11	0	-1	0	NaN	-1.0000
68	3	2	4.0832	8	7	0	-1	1	0.0000	0.5527
68	4	2	5.6166	5	4	0	-1	0	0.0000	-1.0000
68	5	2	7.1499	7	11	0	-1	1	0.0000	-1.0000
68	6	2	8.6833	6	2	0	-1	1	0.0000	-1.0000
68	7	2	10.2165	5	4	0	-1	0	0.0000	-1.0000
68	8	2	11.7498	4	1	0	-1	0	0.0000	-1.0000
68	9	2	13.2832	7	11	0	-1	0	0.0000	-1.0000
68	10	2	14.8165	6	2	0	-1	0	0.0000	-1.0000
68	11	2	16.3498	8	7	0	-1	0	0.0000	-1.0000
68	12	2	17.8831	7	11	0	-1	0	0.0000	-1.0000
68	13	2	19.4164	4	1	0	-1	0	0.0000	-1.0000
68	14	2	20.9498	5	4	0	-1	0	0.0000	-1.0000
68	15	2	22.4832	7	11	0	-1	0	0.0000	-1.0000
68	16	2	24.0165	8	7	0	-1	0	0.0000	-1.0000
68	17	2	25.5498	9	5	0	-1	1	0.0004	0.6221
68	18	2	27.0830	10	6	0	-1	0	0.0004	-1.0000
68	19	2	28.6164	11	10	0	-1	0	0.0004	-1.0000
68	20	2	30.1497	12	8	0	-1	1	0.0004	0.5656
68	21	2	31.6830	13	12	0	-1	0	0.0004	-1.0000
68	22	2	33.2163	14	9	0	-1	0	0.0004	-1.0000
68	23	2	34.7497	15	14	0	-1	0	0.0004	-1.0000
68	24	2	36.2830	1	15	0	-1	1	0.0004	0.8327
68	25	2	37.8163	2	13	0	-1	0	0.0004	-1.0000
68	26	2	39.3497	3	3	0	-1	1	0.0004	0.7898
68	27	2	40.8832	4	1	0	-1	0	0.0004	-1.0000
68	28	2	42.4163	5	4	0	-1	1	0.0004	0.9876
68	29	2	43.9496	6	2	0	-1	0	0.0004	-1.0000
68	30	2	45.4829	7	11	0	-1	0	0.0004	-1.0000
68	31	2	47.0162	6	2	0	-1	0	0.0004	-1.0000
68	32	2	48.5496	8	7	0	-1	0	0.0004	-1.0000
68	33	2	50.0829	7	11	0	-1	0	0.0004	-1.0000
68	34	2	51.6162	8	7	0	-1	0	0.0004	-1.0000
68	35	2	53.1495	6	2	0	-1	0	0.0004	-1.0000
68	36	2	54.6829	5	4	0	-1	1	0.0004	0.5610
68	37	2	56.2162	7	11	0	-1	0	0.0004	-1.0000
68	38	2	57.7495	5	4	0	-1	1	0.0004	0.6621
68	39	2	59.2828	8	7	0	-1	0	0.0004	-1.0000
68	40	2	60.8161	9	5	0	-1	0	0.0004	-1.0000
68	41	2	62.3494	10	6	0	-1	1	0.0004	0.8780
68	42	2	63.8828	9	5	0	-1	0	0.0004	-1.0000
68	43	2	65.4161	12	8	0	-1	1	0.0004	0.8354
68	44	2	66.9494	9	5	0	-1	0	0.0004	-1.0000
68	45	2	68.4828	8	7	0	-1	0	0.0004	-1.0000
68	46	2	70.0162	7	11	0	-1	0	0.0004	-1.0000
68	47	2	71.5494	6	2	0	-1	0	0.0004	-1.0000
68	48	2	73.0827	5	4	0	-1	1	0.0004	0.8490
68	49	2	74.6160	4	1	0	-1	0	0.0004	-1.0000
68	50	2	76.1494	3	3	0	-1	0	0.0004	-1.0000
68	51	2	77.6827	2	13	0	-1	0	0.0004	-1.0000
68	52	2	79.2160	1	15	0	-1	0	0.0004	-1.0000
68	53	2	80.7493	15	14	0	-1	0	0.0004	-1.0000
68	54	2	82.2826	14	9	0	-1	1	0.0004	0.6888
68	55	2	83.8159	13	12	0	-1	0	0.0004	-1.0000
68	56	2	85.3493	12	8	0	-1	1	0.0004	0.7585
68	57	2	86.8827	11	10	0	-1	0	0.0004	-1.0000
68	58	2	88.4160	10	6	0	-1	0	0.0004	-1.0000
68	59	2	89.9492	9	5	0	-1	0	0.0004	-1.0000
68	60	2	91.4826	8	7	0	-1	0	0.0004	-1.0000
68	61	2	93.0159	7	11	0	-1	0	0.0004	-1.0000
68	62	2	94.5492	8	7	0	-1	0	0.0004	-1.0000
68	63	2	96.0825	7	11	0	-1	0	0.0004	-1.0000
68	64	2	97.6158	4	1	0	-1	0	0.0004	-1.0000
68	65	2	99.1492	6	2	0	-1	0	0.0004	-1.0000
68	66	2	100.6825	4	1	0	-1	0	0.0004	-1.0000
68	67	2	102.2159	5	4	0	-1	1	0.0004	0.6915
68	68	2	103.7492	4	1	0	-1	0	0.0004	-1.0000
68	69	2	105.2825	7	11	0	-1	0	0.0004	-1.0000
68	70	2	106.8158	8	7	0	-1	0	0.0004	-1.0000
68	71	2	108.3491	7	11	0	-1	1	0.0004	0.7498
68	72	2	109.8824	8	7	0	-1	1	0.0004	0.8650
68	73	2	111.4157	9	5	0	-1	0	0.0004	-1.0000
68	74	2	112.9490	8	7	0	-1	0	0.0004	-1.0000
68	75	2	114.4824	5	4	0	-1	1	0.0004	1.0008
68	76	2	116.0157	6	2	0	-1	0	0.0004	-1.0000
68	77	2	117.5492	7	11	0	-1	0	0.0004	-1.0000
68	78	2	119.0824	8	7	0	-1	0	0.0004	-1.0000
68	79	2	120.6157	9	5	0	-1	0	0.0004	-1.0000
68	80	2	122.1490	10	6	0	-1	1	0.0004	1.2223
68	81	2	123.6823	11	10	0	-1	0	0.0004	-1.0000
68	82	2	125.2156	12	8	0	-1	0	0.0004	-1.0000
68	83	2	126.7490	13	12	0	-1	0	0.0004	-1.0000
68	84	2	128.2823	14	9	0	-1	1	0.0009	0.9134
68	85	2	129.8156	15	14	0	-1	1	0.0009	1.1722
68	86	2	131.3489	1	15	0	-1	0	0.0009	-1.0000
68	87	2	132.8823	2	13	0	-1	0	0.0009	-1.0000
68	88	2	134.4156	3	3	0	-1	0	0.0009	-1.0000
68	89	2	135.9490	4	1	0	-1	0	0.0009	-1.0000
68	90	2	137.4822	5	4	0	-1	1	0.0009	0.8011
68	91	2	139.0155	8	7	0	-1	0	0.0009	-1.0000
68	92	2	140.5489	7	11	0	-1	0	0.0009	-1.0000
68	93	2	142.0822	4	1	0	-1	0	0.0009	-1.0000
68	94	2	143.6155	6	2	0	-1	0	0.0009	-1.0000
68	95	2	145.1488	5	4	0	-1	1	0.0009	0.6388
68	96	2	146.6821	8	7	0	-1	0	0.0009	-1.0000
68	97	2	148.2155	7	11	0	-1	0	0.0009	-1.0000
68	98	2	149.7489	8	7	0	-1	0	0.0009	-1.0000
68	99	2	151.2822	7	11	0	-1	0	0.0009	-1.0000
68	100	2	152.8155	5	4	0	-1	1	0.0009	0.6362
68	101	2	154.3488	6	2	0	-1	0	0.0009	-1.0000
68	102	2	155.8821	7	11	0	-1	0	0.0009	-1.0000
68	103	2	157.4154	5	4	0	-1	1	0.0009	0.5163
68	104	2	158.9487	8	7	0	-1	0	0.0009	-1.0000
68	105	2	160.4820	7	11	0	-1	0	0.0009	-1.0000
68	106	2	162.0154	6	2	0	-1	0	0.0009	-1.0000
68	107	2	163.5487	5	4	0	-1	1	0.0009	0.8149
68	108	2	165.0820	4	1	0	-1	0	0.0009	-1.0000
68	109	2	166.6154	3	3	0	-1	0	0.0009	-1.0000
68	110	2	168.1487	2	13	0	-1	1	0.0009	0.7107
68	111	2	169.6820	1	15	0	-1	0	0.0009	-1.0000
68	112	2	171.2153	15	14	0	-1	0	0.0009	-1.0000
68	113	2	172.7487	14	9	0	-1	1	0.0009	0.6389
68	114	2	174.2819	13	12	0	-1	0	0.0009	-1.0000
68	115	2	175.8153	12	8	0	-1	1	0.0009	0.8044
68	116	2	177.3486	11	10	0	-1	0	0.0009	-1.0000
68	117	2	178.8819	10	6	0	-1	0	0.0009	-1.0000
68	118	2	180.4152	9	5	0	-1	0	0.0009	-1.0000
68	119	2	181.9487	8	7	0	-1	0	0.0009	-1.0000
68	120	2	183.4820	7	11	0	-1	0	0.0009	-1.0000
68	121	2	185.0152	5	4	0	-1	1	0.0009	0.5798
68	122	2	186.5485	8	7	0	-1	0	0.0009	-1.0000
68	123	2	188.0818	5	4	0	-1	1	0.0009	0.8569
68	124	2	189.6151	6	2	0	-1	0	0.0009	-1.0000
68	125	2	191.1485	8	7	0	-1	0	0.0009	-1.0000
68	126	2	192.6818	9	5	0	-1	0	0.0009	-1.0000
68	127	2	194.2151	12	8	0	-1	1	0.0009	0.7883
68	128	2	195.7484	11	10	0	-1	0	0.0009	-1.0000
68	129	2	197.2818	13	12	0	-1	0	0.0009	-1.0000
68	130	2	198.8151	11	10	0	-1	0	0.0009	-1.0000
68	131	2	200.3485	10	6	0	-1	1	0.0009	1.0865
68	132	2	201.8817	13	12	0	-1	0	0.0009	-1.0000
68	133	2	203.4150	10	6	0	-1	1	0.0009	1.1885
68	134	2	204.9484	9	5	0	-1	0	0.0009	-1.0000
68	135	2	206.4817	8	7	0	-1	0	0.0009	-1.0000
68	136	2	208.0150	9	5	0	-1	0	0.0009	-1.0000
68	137	2	209.5483	10	6	0	-1	1	0.0009	0.7027
68	138	2	211.0817	11	10	0	-1	0	0.0009	-1.0000
68	139	2	212.6150	12	8	0	-1	1	0.0009	1.0284
68	140	2	214.1484	13	12	0	-1	0	0.0009	-1.0000
68	141	2	215.6817	14	9	0	-1	1	0.0013	0.9697
68	142	2	217.2150	15	14	0	-1	0	0.0013	-1.0000
68	143	2	218.7483	1	15	0	-1	0	0.0013	-1.0000
68	144	2	220.2816	2	13	0	-1	0	0.0013	-1.0000
68	145	2	221.8149	3	3	0	-1	0	0.0013	-1.0000
68	146	2	223.3482	4	1	0	-1	0	0.0013	-1.0000
68	147	2	224.8816	5	4	0	-1	1	0.0013	0.9379
68	148	2	226.4149	6	2	0	-1	0	0.0013	-1.0000
68	149	2	227.9482	7	11	0	-1	0	0.0013	-1.0000
68	150	2	229.4816	8	7	0	-1	0	0.0013	-1.0000
68	151	2	231.0149	9	5	0	-1	0	0.0013	-1.0000
68	152	2	232.5483	11	10	0	-1	0	0.0013	-1.0000
68	153	2	234.0815	13	12	0	-1	0	0.0013	-1.0000
68	154	2	235.6148	12	8	0	-1	1	0.0013	0.7643
68	155	2	237.1481	10	6	0	-1	1	0.0013	1.1509
68	156	2	238.6814	12	8	0	-1	1	0.0013	0.9135
68	157	2	240.2148	9	5	0	-1	0	0.0013	-1.0000
68	158	2	241.7481	12	8	0	-1	1	0.0013	0.9665
68	159	2	243.2814	11	10	0	-1	0	0.0013	-1.0000
68	160	2	244.8147	10	6	0	-1	1	0.0013	1.0528
68	161	2	246.3481	9	5	0	-1	0	0.0013	-1.0000
68	162	2	247.8814	8	7	0	-1	0	0.0013	-1.0000
68	163	2	249.4147	6	2	0	-1	0	0.0013	-1.0000
68	164	2	250.9480	5	4	0	-1	1	0.0013	1.2233
68	165	2	252.4814	7	11	0	-1	0	0.0013	-1.0000
68	166	2	254.0147	6	2	0	-1	0	0.0013	-1.0000
68	167	2	255.5480	5	4	0	-1	1	0.0013	0.7995
68	168	2	257.0813	4	1	0	-1	0	0.0013	-1.0000
68	169	2	258.6146	3	3	0	-1	0	0.0013	-1.0000
68	170	2	260.1480	2	13	0	-1	0	0.0013	-1.0000
68	171	2	261.6813	1	15	0	-1	0	0.0013	-1.0000
68	172	2	263.2147	15	14	0	-1	0	0.0013	-1.0000
68	173	2	264.7480	14	9	0	-1	1	0.0013	0.8149
68	174	2	266.2813	13	12	0	-1	0	0.0013	-1.0000
68	175	2	267.8146	12	8	0	-1	1	0.0013	1.3319
68	176	2	269.3479	11	10	0	-1	0	0.0013	-1.0000
68	177	2	270.8812	10	6	0	-1	1	0.0013	0.8097
68	178	2	272.4145	9	5	0	-1	0	0.0013	-1.0000
68	179	2	273.9478	8	7	0	-1	0	0.0013	-1.0000
68	180	2	275.4812	7	11	0	-1	0	0.0013	-1.0000
68	181	2	277.0145	6	2	0	-1	0	0.0013	-1.0000
68	182	2	278.5479	5	4	0	-1	1	0.0013	0.7596
68	183	2	280.0812	7	11	0	-1	0	0.0013	-1.0000
68	184	2	281.6145	6	2	0	-1	0	0.0013	-1.0000
68	185	2	283.1478	4	1	0	-1	0	0.0013	-1.0000
68	186	2	284.6811	7	11	0	-1	0	0.0013	-1.0000
68	187	2	286.2144	4	1	0	-1	0	0.0013	-1.0000
68	188	2	287.7477	3	3	0	-1	0	0.0013	-1.0000
68	189	2	289.2811	2	13	0	-1	0	0.0013	-1.0000
68	190	2	290.8144	15	14	0	-1	0	0.0013	-1.0000
68	191	2	292.3477	1	15	0	-1	0	0.0013	-1.0000
68	192	2	293.8811	3	3	0	-1	0	0.0013	-1.0000
68	193	2	295.4144	1	15	0	-1	0	0.0013	-1.0000
68	194	2	296.9477	2	13	0	-1	0	0.0013	-1.0000
68	195	2	298.4810	14	9	0	-1	1	0.0013	0.7464
68	196	2	300.0144	13	12	0	-1	0	0.0013	-1.0000
68	197	2	301.5476	12	8	0	-1	1	0.0013	0.7510
68	198	2	303.0810	11	10	0	-1	0	0.0013	-1.0000
68	199	2	304.6143	10	6	0	-1	0	0.0013	-1.0000
68	200	2	306.1476	9	5	0	-1	0	0.0013	-1.0000
68	201	2	307.6809	8	7	0	-1	0	0.0013	-1.0000
68	202	2	309.2143	7	11	0	-1	0	0.0013	-1.0000
68	203	2	310.7477	6	2	0	-1	0	0.0013	-1.0000
68	204	2	312.2810	5	4	0	-1	1	0.0013	0.6581
68	205	2	313.8142	4	1	0	-1	0	0.0013	-1.0000
68	206	2	315.3475	3	3	0	-1	0	0.0013	-1.0000
68	207	2	316.8809	2	13	0	-1	0	0.0013	-1.0000
68	208	2	318.4142	1	15	0	-1	0	0.0013	-1.0000
68	209	2	319.9475	15	14	0	-1	0	0.0013	-1.0000
68	210	2	321.4808	14	9	0	-1	0	0.0013	-1.0000
68	211	2	323.0141	2	13	0	-1	0	0.0013	-1.0000
68	212	2	324.5475	3	3	0	-1	1	0.0013	0.1989
68	213	2	326.0808	1	15	0	-1	0	0.0013	-1.0000
68	214	2	327.6142	15	14	0	-1	0	0.0013	-1.0000
68	215	2	329.1474	14	9	0	-1	1	0.0013	0.8159
68	216	2	330.6808	13	12	0	-1	1	0.0017	0.9624
68	217	2	332.2141	14	9	0	-1	1	0.0022	0.8852
68	218	2	333.7474	15	14	0	-1	0	0.0022	-1.0000
68	219	2	335.2807	1	15	0	-1	0	0.0022	-1.0000
68	220	2	336.8140	2	13	0	-1	0	0.0022	-1.0000
68	221	2	338.3474	15	14	0	-1	0	0.0022	-1.0000
68	222	2	339.8807	2	13	0	-1	0	0.0022	-1.0000
68	223	2	341.4141	3	3	0	-1	0	0.0022	-1.0000
68	224	2	342.9474	1	15	0	-1	0	0.0022	-1.0000
68	225	2	344.4807	15	14	0	-1	0	0.0022	-1.0000
68	226	2	346.0140	1	15	0	-1	0	0.0022	-1.0000
68	227	2	347.5473	2	13	0	-1	0	0.0022	-1.0000
68	228	2	349.0807	3	3	0	-1	0	0.0022	-1.0000
68	229	2	350.6139	4	1	0	-1	0	0.0022	-1.0000
68	230	2	352.1472	5	4	0	-1	1	0.0022	0.6959
68	231	2	353.6806	6	2	0	-1	0	0.0022	-1.0000
68	232	2	355.2139	7	11	0	-1	0	0.0022	-1.0000
68	233	2	356.7472	8	7	0	-1	0	0.0022	-1.0000
68	234	2	358.2806	9	5	0	-1	0	0.0022	-1.0000
68	235	2	359.8139	10	6	0	-1	1	0.0022	0.6287
68	236	2	361.3472	11	10	0	-1	0	0.0022	-1.0000
68	237	2	362.8805	12	8	0	-1	0	0.0022	-1.0000
68	238	2	364.4138	13	12	0	-1	0	0.0022	-1.0000
68	239	2	365.9472	14	9	0	-1	1	0.0026	0.7200
68	240	2	367.4805	15	14	0	-1	0	0.0026	-1.0000
68	241	2	369.0138	2	13	0	-1	0	0.0026	-1.0000
68	242	2	370.5471	3	3	0	-1	0	0.0026	-1.0000
68	243	2	372.0805	1	15	0	-1	0	0.0026	-1.0000
68	244	2	373.6138	15	14	0	-1	0	0.0026	-1.0000
68	245	2	375.1472	14	9	0	-1	1	0.0026	0.7516
68	246	2	376.6804	15	14	0	-1	0	0.0026	-1.0000
68	247	2	378.2137	2	13	0	-1	0	0.0026	-1.0000
68	248	2	379.7471	3	3	0	-1	0	0.0026	-1.0000
68	249	2	381.2804	1	15	0	-1	0	0.0026	-1.0000
68	250	2	382.8137	2	13	0	-1	0	0.0026	-1.0000
68	251	2	384.3470	14	9	0	-1	1	0.0026	0.6082
68	252	2	385.8803	13	12	0	-1	0	0.0026	-1.0000
68	253	2	387.4137	11	10	0	-1	0	0.0026	-1.0000
68	254	2	388.9470	13	12	0	-1	0	0.0026	-1.0000
68	255	2	390.4803	11	10	0	-1	0	0.0026	-1.0000
68	256	2	392.0137	10	6	0	-1	1	0.0026	0.7810
68	257	2	393.5470	9	5	0	-1	0	0.0026	-1.0000
68	258	2	395.0803	8	7	0	-1	0	0.0026	-1.0000
68	259	2	396.6136	7	11	0	-1	0	0.0026	-1.0000
68	260	2	398.1469	6	2	0	-1	0	0.0026	-1.0000
68	261	2	399.6802	5	4	0	-1	1	0.0026	0.7150
68	262	2	401.2136	4	1	0	-1	0	0.0026	-1.0000
68	263	2	402.7469	3	3	0	-1	0	0.0026	-1.0000
68	264	2	404.2802	2	13	0	-1	0	0.0026	-1.0000
68	265	2	405.8135	1	15	0	-1	0	0.0026	-1.0000
68	266	2	407.3469	15	14	0	-1	0	0.0026	-1.0000
68	267	2	408.8802	14	9	0	-1	1	0.0026	0.5709
68	268	2	410.4135	13	12	0	-1	0	0.0026	-1.0000
68	269	2	411.9468	12	8	0	-1	1	0.0026	0.7679
68	270	2	413.4801	11	10	0	-1	0	0.0026	-1.0000
68	271	2	415.0135	12	8	0	-1	1	0.0026	0.6295
68	272	2	416.5468	13	12	0	-1	0	0.0026	-1.0000
68	273	2	418.0801	10	6	0	-1	1	0.0026	0.9224
68	274	2	419.6134	9	5	0	-1	0	0.0026	-1.0000
68	275	2	421.1467	11	10	0	-1	0	0.0026	-1.0000
68	276	2	422.6801	12	8	0	-1	1	0.0026	0.7549
68	277	2	424.2134	11	10	0	-1	0	0.0026	-1.0000
68	278	2	425.7469	12	8	0	-1	1	0.0026	0.7922
68	279	2	427.2801	13	12	0	-1	0	0.0026	-1.0000
68	280	2	428.8134	12	8	0	-1	1	0.0026	0.8772
68	281	2	430.3467	9	5	0	-1	0	0.0026	-1.0000
68	282	2	431.8800	10	6	0	-1	1	0.0026	1.1071
68	283	2	433.4133	11	10	0	-1	0	0.0026	-1.0000
68	284	2	434.9466	12	8	0	-1	1	0.0026	0.8725
68	285	2	436.4800	11	10	0	-1	0	0.0026	-1.0000
68	286	2	438.0133	12	8	0	-1	1	0.0026	1.2457
68	287	2	439.5466	13	12	0	-1	1	0.0026	0.0168
68	288	2	441.0800	14	9	0	-1	1	0.0030	1.2984
68	289	2	442.6133	15	14	0	-1	1	0.0030	0.0168
68	290	2	444.1466	1	15	0	-1	0	0.0030	-1.0000
68	291	2	445.6799	2	13	0	-1	0	0.0030	-1.0000
68	292	2	447.2132	3	3	0	-1	0	0.0030	-1.0000
68	293	2	448.7465	4	1	0	-1	0	0.0030	-1.0000
68	294	2	450.2799	5	4	0	-1	1	0.0030	0.7072
68	295	2	451.8132	6	2	0	-1	0	0.0030	-1.0000
68	296	2	453.3465	7	11	0	-1	0	0.0030	-1.0000
68	297	2	454.8799	8	7	0	-1	0	0.0030	-1.0000
68	298	2	456.4132	9	5	0	-1	0	0.0030	-1.0000
68	299	2	457.9465	10	6	0	-1	1	0.0030	0.7525
68	300	2	459.4799	11	10	0	-1	0	0.0030	-1.0000
68	301	2	461.0131	12	8	0	-1	1	0.0030	0.7257
68	302	2	462.5464	9	5	0	-1	0	0.0030	-1.0000
68	303	2	464.0798	8	7	0	-1	1	0.0035	0.6190
68	304	2	465.6131	7	11	0	-1	1	0.0035	0.7819
68	305	2	467.1464	6	2	0	-1	0	0.0035	-1.0000
68	306	2	468.6797	7	11	0	-1	0	0.0035	-1.0000
68	307	2	470.2130	4	1	0	-1	1	0.0034	0.9658
68	308	2	471.7464	6	2	0	-1	0	0.0034	-1.0000
68	309	2	473.2798	5	4	0	-1	0	0.0034	-1.0000
68	310	2	474.8130	6	2	0	-1	1	0.0034	0.0168
68	311	2	476.3463	7	11	0	-1	0	0.0034	-1.0000
68	312	2	477.8797	5	4	0	-1	1	0.0034	0.6267
68	313	2	479.4130	4	1	0	-1	0	0.0034	-1.0000
68	314	2	480.9463	7	11	0	-1	0	0.0034	-1.0000
68	315	2	482.4796	6	2	0	-1	0	0.0034	-1.0000
68	316	2	484.0129	7	11	0	-1	0	0.0034	-1.0000
68	317	2	485.5463	8	7	0	-1	0	0.0034	-1.0000
68	318	2	487.0797	9	5	0	-1	0	0.0034	-1.0000
68	319	2	488.6130	10	6	0	-1	1	0.0034	0.8376
68	320	2	490.1463	11	10	0	-1	0	0.0034	-1.0000
68	321	2	491.6796	12	8	0	-1	1	0.0034	0.9234
68	322	2	493.2129	13	12	0	-1	0	0.0034	-1.0000
68	323	2	494.7462	14	9	0	-1	1	0.0039	1.3607
68	324	2	496.2795	15	14	0	-1	0	0.0039	-1.0000
68	325	2	497.8128	1	15	0	-1	0	0.0039	-1.0000
68	326	2	499.3462	2	13	0	-1	0	0.0039	-1.0000
68	327	2	500.8795	3	3	0	-1	0	0.0039	-1.0000
68	328	2	502.4128	4	1	0	-1	0	0.0039	-1.0000
68	329	2	503.9462	5	4	0	-1	1	0.0039	1.2487
68	330	2	505.4795	6	2	0	-1	0	0.0039	-1.0000
68	331	2	507.0128	8	7	0	-1	0	0.0039	-1.0000
68	332	2	508.5461	7	11	0	-1	0	0.0039	-1.0000
68	333	2	510.0794	6	2	0	-1	0	0.0039	-1.0000
68	334	2	511.6127	4	1	0	-1	0	0.0039	-1.0000
68	335	2	513.1461	5	4	0	-1	1	0.0039	0.8959
68	336	2	514.6794	6	2	0	-1	0	0.0039	-1.0000
68	337	2	516.2127	5	4	0	-1	1	0.0039	0.8542
68	338	2	517.7460	8	7	0	-1	0	0.0039	-1.0000
68	339	2	519.2793	7	11	0	-1	0	0.0039	-1.0000
68	340	2	520.8127	6	2	0	-1	0	0.0039	-1.0000
68	341	2	522.3460	4	1	0	-1	0	0.0039	-1.0000
68	342	2	523.8794	5	4	0	-1	1	0.0039	1.2186
68	343	2	525.4126	7	11	0	-1	0	0.0039	-1.0000
68	344	2	526.9459	4	1	0	-1	0	0.0039	-1.0000
68	345	2	528.4793	7	11	0	-1	0	0.0039	-1.0000
68	346	2	530.0126	8	7	0	-1	0	0.0039	-1.0000
68	347	2	531.5459	9	5	0	-1	0	0.0039	-1.0000
68	348	2	533.0793	10	6	0	-1	1	0.0039	1.1390
68	349	2	534.6126	11	10	0	-1	0	0.0039	-1.0000
68	350	2	536.1459	12	8	0	-1	1	0.0039	0.7290
68	351	2	537.6793	13	12	0	-1	0	0.0039	-1.0000
68	352	2	539.2126	14	9	0	-1	1	0.0043	1.3416
68	353	2	540.7458	15	14	0	-1	0	0.0043	-1.0000
68	354	2	542.2792	1	15	0	-1	0	0.0043	-1.0000
68	355	2	543.8125	2	13	0	-1	0	0.0043	-1.0000
68	356	2	545.3458	3	3	0	-1	0	0.0043	-1.0000
68	357	2	546.8791	4	1	0	-1	0	0.0043	-1.0000
68	358	2	548.4125	5	4	0	-1	1	0.0043	1.1497
68	359	2	549.9458	6	2	0	-1	0	0.0043	-1.0000
68	360	2	551.4791	7	11	0	-1	0	0.0043	-1.0000
68	361	2	553.0125	6	2	0	-1	0	0.0043	-1.0000
68	362	2	554.5457	8	7	0	-1	0	0.0043	-1.0000
68	363	2	556.0791	9	5	0	-1	0	0.0043	-1.0000
68	364	2	557.6124	12	8	0	-1	1	0.0043	0.6544
68	365	2	559.1457	10	6	0	-1	1	0.0043	0.7846
68	366	2	560.6790	9	5	0	-1	0	0.0043	-1.0000
68	367	2	562.2123	8	7	0	-1	0	0.0043	-1.0000
68	368	2	563.7457	6	2	0	-1	0	0.0043	-1.0000
68	369	2	565.2790	4	1	0	-1	0	0.0043	-1.0000
68	370	2	566.8124	5	4	0	-1	1	0.0043	0.9583
68	371	2	568.3457	8	7	0	-1	0	0.0043	-1.0000
68	372	2	569.8790	9	5	0	-1	0	0.0043	-1.0000
68	373	2	571.4123	10	6	0	-1	1	0.0043	1.1740
68	374	2	572.9456	12	8	0	-1	1	0.0043	0.9530
68	375	2	574.4789	11	10	0	-1	0	0.0043	-1.0000
68	376	2	576.0122	10	6	0	-1	1	0.0043	0.8616
68	377	2	577.5456	9	5	0	-1	0	0.0043	-1.0000
68	378	2	579.0789	8	7	0	-1	0	0.0043	-1.0000
68	379	2	580.6122	7	11	0	-1	0	0.0043	-1.0000
68	380	2	582.1455	6	2	0	-1	0	0.0043	-1.0000
68	381	2	583.6789	5	4	0	-1	1	0.0043	0.6357
68	382	2	585.2122	4	1	0	-1	0	0.0043	-1.0000
68	383	2	586.7455	3	3	0	-1	0	0.0043	-1.0000
68	384	2	588.2788	2	13	0	-1	0	0.0043	-1.0000
68	385	2	589.8121	1	15	0	-1	0	0.0043	-1.0000
68	386	2	591.3455	15	14	0	-1	0	0.0043	-1.0000
68	387	2	592.8788	14	9	0	-1	1	0.0043	0.5879
68	388	2	594.4121	13	12	0	-1	0	0.0043	-1.0000
68	389	2	595.9454	12	8	0	-1	1	0.0043	0.7372
68	390	2	597.4788	11	10	0	-1	0	0.0043	-1.0000
68	391	2	599.0120	9	5	0	-1	0	0.0043	-1.0000
68	392	2	600.5455	8	7	0	-1	0	0.0043	-1.0000
68	393	2	602.0788	7	11	0	-1	0	0.0043	-1.0000
68	394	2	603.6121	6	2	0	-1	0	0.0043	-1.0000
68	395	2	605.1454	7	11	0	-1	0	0.0043	-1.0000
68	396	2	606.6787	5	4	0	-1	1	0.0043	0.6120
68	397	2	608.2120	8	7	0	-1	0	0.0043	-1.0000
68	398	2	609.7453	5	4	0	-1	1	0.0043	0.8405
68	399	2	611.2786	4	1	0	-1	0	0.0043	-1.0000
68	400	2	612.8120	3	3	0	-1	0	0.0043	-1.0000
68	401	2	614.3453	15	14	0	-1	0	0.0043	-1.0000
68	402	2	615.8786	3	3	0	-1	0	0.0043	-1.0000
68	403	2	617.4120	4	1	0	-1	0	0.0043	-1.0000
68	404	2	618.9453	3	3	0	-1	0	0.0043	-1.0000
68	405	2	620.4786	1	15	0	-1	0	0.0043	-1.0000
68	406	2	622.0119	2	13	0	-1	0	0.0043	-1.0000
68	407	2	623.5452	3	3	0	-1	0	0.0043	-1.0000
68	408	2	625.0785	4	1	0	-1	0	0.0043	-1.0000
68	409	2	626.6119	5	4	0	-1	1	0.0043	0.6302
68	410	2	628.1452	6	2	0	-1	0	0.0043	-1.0000
68	411	2	629.6785	7	11	0	-1	0	0.0043	-1.0000
68	412	2	631.2118	8	7	0	-1	0	0.0043	-1.0000
68	413	2	632.7452	9	5	0	-1	0	0.0043	-1.0000
68	414	2	634.2785	10	6	0	-1	1	0.0043	1.1081
68	415	2	635.8118	11	10	0	-1	0	0.0043	-1.0000
68	416	2	637.3451	12	8	0	-1	1	0.0043	0.7774
68	417	2	638.8784	13	12	0	-1	0	0.0043	-1.0000
68	418	2	640.4118	14	9	0	-1	1	0.0047	0.9264
68	419	2	641.9451	15	14	0	-1	0	0.0047	-1.0000
68	420	2	643.4784	1	15	0	-1	0	0.0047	-1.0000
68	421	2	645.0117	14	9	0	-1	1	0.0047	0.8389
68	422	2	646.5451	13	12	0	-1	0	0.0047	-1.0000
68	423	2	648.0784	11	10	0	-1	0	0.0047	-1.0000
68	424	2	649.6118	9	5	0	-1	0	0.0047	-1.0000
68	425	2	651.1451	8	7	0	-1	0	0.0047	-1.0000
68	426	2	652.6783	6	2	0	-1	0	0.0047	-1.0000
68	427	2	654.2116	8	7	0	-1	0	0.0047	-1.0000
68	428	2	655.7450	7	11	0	-1	0	0.0047	-1.0000
68	429	2	657.2783	4	1	0	-1	0	0.0047	-1.0000
68	430	2	658.8116	5	4	0	-1	1	0.0047	1.0061
68	431	2	660.3449	6	2	0	-1	0	0.0047	-1.0000
68	432	2	661.8783	7	11	0	-1	0	0.0047	-1.0000
68	433	2	663.4116	8	7	0	-1	0	0.0047	-1.0000
68	434	2	664.9450	9	5	0	-1	0	0.0047	-1.0000
68	435	2	666.4783	8	7	0	-1	0	0.0047	-1.0000
68	436	2	668.0115	9	5	0	-1	0	0.0047	-1.0000
68	437	2	669.5448	10	6	0	-1	1	0.0047	1.0733
68	438	2	671.0782	11	10	0	-1	0	0.0047	-1.0000
68	439	2	672.6115	12	8	0	-1	1	0.0047	1.0301
68	440	2	674.1448	13	12	0	-1	0	0.0047	-1.0000
68	441	2	675.6782	14	9	0	-1	1	0.0051	0.8761
68	442	2	677.2115	15	14	0	-1	0	0.0051	-1.0000
68	443	2	678.7448	1	15	0	-1	0	0.0051	-1.0000
68	444	2	680.2782	2	13	0	-1	0	0.0051	-1.0000
68	445	2	681.8115	3	3	0	-1	0	0.0051	-1.0000
68	446	2	683.3448	4	1	0	-1	0	0.0051	-1.0000
68	447	2	684.8781	5	4	0	-1	1	0.0051	1.1004
68	448	2	686.4114	6	2	0	-1	0	0.0051	-1.0000
68	449	2	687.9447	7	11	0	-1	0	0.0051	-1.0000
68	450	2	689.4780	8	7	0	-1	0	0.0051	-1.0000
68	451	2	691.0114	6	2	0	-1	0	0.0051	-1.0000
68	452	2	692.5447	8	7	0	-1	0	0.0051	-1.0000
68	453	2	694.0780	6	2	0	-1	0	0.0051	-1.0000
68	454	2	695.6113	8	7	0	-1	0	0.0051	-1.0000
68	455	2	697.1447	7	11	0	-1	0	0.0051	-1.0000
68	456	2	698.6781	5	4	0	-1	1	0.0051	0.7555
68	457	2	700.2113	8	7	0	-1	0	0.0051	-1.0000
68	458	2	701.7447	6	2	0	-1	0	0.0051	-1.0000
68	459	2	703.2780	5	4	0	-1	1	0.0051	0.9245
68	460	2	704.8113	7	11	0	-1	0	0.0051	-1.0000
68	461	2	706.3446	8	7	0	-1	0	0.0051	-1.0000
68	462	2	707.8779	9	5	0	-1	0	0.0051	-1.0000
68	463	2	709.4113	12	8	0	-1	1	0.0051	0.8392
68	464	2	710.9445	10	6	0	-1	1	0.0051	1.2415
68	465	2	712.4781	11	10	0	-1	0	0.0051	-1.0000
68	466	2	714.0113	10	6	0	-1	1	0.0051	0.9432
68	467	2	715.5447	9	5	0	-1	0	0.0051	-1.0000
68	468	2	717.0778	8	7	0	-1	0	0.0051	-1.0000
68	469	2	718.6112	7	11	0	-1	0	0.0051	-1.0000
68	470	2	720.1445	6	2	0	-1	0	0.0051	-1.0000
68	471	2	721.6778	5	4	0	-1	1	0.0051	0.9397
68	472	2	723.2111	4	1	0	-1	0	0.0051	-1.0000
68	473	2	724.7444	3	3	0	-1	0	0.0051	-1.0000
68	474	2	726.2778	2	13	0	-1	0	0.0051	-1.0000
68	475	2	727.8111	1	15	0	-1	0	0.0051	-1.0000
68	476	2	729.3445	15	14	0	-1	0	0.0051	-1.0000
68	477	2	730.8778	14	9	0	-1	1	0.0051	1.2442
68	478	2	732.4111	13	12	0	-1	0	0.0051	-1.0000
68	479	2	733.9444	12	8	0	-1	1	0.0051	0.8497
68	480	2	735.4777	11	10	0	-1	0	0.0051	-1.0000
68	481	2	737.0110	12	8	0	-1	0	0.0051	-1.0000
68	482	2	738.5443	13	12	0	-1	1	0.0051	0.0572
68	483	2	740.0777	14	9	0	-1	1	0.0055	0.6998
68	484	2	741.6110	15	14	0	-1	0	0.0055	-1.0000
68	485	2	743.1443	14	9	0	-1	1	0.0055	0.6901
68	486	2	744.6777	15	14	0	-1	0	0.0055	-1.0000
68	487	2	746.2112	2	13	0	-1	0	0.0055	-1.0000
68	488	2	747.7443	3	3	0	-1	0	0.0055	-1.0000
68	489	2	749.2776	15	14	0	-1	0	0.0055	-1.0000
68	490	2	750.8109	2	13	0	-1	0	0.0055	-1.0000
68	491	2	752.3442	1	15	0	-1	0	0.0055	-1.0000
68	492	2	753.8776	3	3	0	-1	0	0.0055	-1.0000
68	493	2	755.4109	4	1	0	-1	0	0.0055	-1.0000
68	494	2	756.9442	7	11	0	-1	0	0.0055	-1.0000
68	495	2	758.4776	6	2	0	-1	0	0.0055	-1.0000
68	496	2	760.0109	5	4	0	-1	1	0.0055	0.7028
68	497	2	761.5442	4	1	0	-1	0	0.0055	-1.0000
68	498	2	763.0776	3	3	0	-1	0	0.0055	-1.0000
68	499	2	764.6108	2	13	0	-1	0	0.0055	-1.0000
68	500	2	766.1441	1	15	0	-1	0	0.0055	-1.0000
68	501	2	767.6775	15	14	0	-1	0	0.0055	-1.0000
68	502	2	769.2108	14	9	0	-1	1	0.0055	1.0556
68	503	2	770.7441	13	12	0	-1	0	0.0055	-1.0000
68	504	2	772.2774	12	8	0	-1	1	0.0055	0.9650
68	505	2	773.8107	11	10	0	-1	0	0.0055	-1.0000
68	506	2	775.3441	10	6	0	-1	1	0.0055	0.9062
68	507	2	776.8775	9	5	0	-1	0	0.0055	-1.0000
68	508	2	778.4108	8	7	0	-1	0	0.0055	-1.0000
68	509	2	779.9440	7	11	0	-1	0	0.0055	-1.0000
68	510	2	781.4773	6	2	0	-1	0	0.0055	-1.0000
68	511	2	783.0107	7	11	0	-1	0	0.0055	-1.0000
68	512	2	784.5440	4	1	0	-1	0	0.0055	-1.0000
68	513	2	786.0773	7	11	0	-1	0	0.0055	-1.0000
68	514	2	787.6106	8	7	0	-1	0	0.0055	-1.0000
68	515	2	789.1440	7	11	0	-1	0	0.0055	-1.0000
68	516	2	790.6773	4	1	0	-1	0	0.0055	-1.0000
68	517	2	792.2107	5	4	0	-1	1	0.0055	0.7601
68	518	2	793.7440	4	1	0	-1	0	0.0055	-1.0000
68	519	2	795.2773	3	3	0	-1	0	0.0055	-1.0000
68	520	2	796.8106	15	14	0	-1	0	0.0055	-1.0000
68	521	2	798.3439	3	3	0	-1	0	0.0055	-1.0000
68	522	2	799.8772	4	1	0	-1	0	0.0055	-1.0000
68	523	2	801.4105	7	11	0	-1	0	0.0055	-1.0000
68	524	2	802.9438	5	4	0	-1	1	0.0055	1.1141
68	525	2	804.4773	4	1	0	-1	0	0.0055	-1.0000
68	526	2	806.0106	3	3	0	-1	0	0.0055	-1.0000
68	527	2	807.5439	2	13	0	-1	0	0.0055	-1.0000
68	528	2	809.0772	1	15	0	-1	0	0.0055	-1.0000
68	529	2	810.6105	15	14	0	-1	0	0.0055	-1.0000
68	530	2	812.1438	14	9	0	-1	1	0.0055	1.0495
68	531	2	813.6771	13	12	0	-1	0	0.0055	-1.0000
68	532	2	815.2104	12	8	0	-1	1	0.0055	1.3593
68	533	2	816.7437	11	10	0	-1	1	0.0055	0.0168
68	534	2	818.2771	10	6	0	-1	1	0.0055	0.7731
68	535	2	819.8104	9	5	0	-1	0	0.0055	-1.0000
68	536	2	821.3437	8	7	0	-1	0	0.0055	-1.0000
68	537	2	822.8771	7	11	0	-1	0	0.0055	-1.0000
68	538	2	824.4104	6	2	0	-1	0	0.0055	-1.0000
68	539	2	825.9437	5	4	0	-1	1	0.0055	0.9144
68	540	2	827.4770	4	1	0	-1	0	0.0055	-1.0000
68	541	2	829.0103	3	3	0	-1	0	0.0055	-1.0000
68	542	2	830.5436	15	14	0	-1	0	0.0055	-1.0000
68	543	2	832.0769	1	15	0	-1	0	0.0055	-1.0000
68	544	2	833.6102	14	9	0	-1	1	0.0055	0.7516
68	545	2	835.1436	2	13	0	-1	0	0.0055	-1.0000
68	546	2	836.6769	1	15	0	-1	0	0.0055	-1.0000
68	547	2	838.2102	3	3	0	-1	0	0.0055	-1.0000
68	548	2	839.7436	2	13	0	-1	0	0.0055	-1.0000
68	549	2	841.2770	15	14	0	-1	0	0.0055	-1.0000
68	550	2	842.8102	1	15	0	-1	0	0.0055	-1.0000
68	551	2	844.3435	2	13	0	-1	0	0.0055	-1.0000
68	552	2	845.8769	15	14	0	-1	0	0.0055	-1.0000
68	553	2	847.4102	2	13	0	-1	0	0.0055	-1.0000
68	554	2	848.9435	15	14	0	-1	0	0.0055	-1.0000
68	555	2	850.4768	3	3	0	-1	0	0.0055	-1.0000
68	556	2	852.0102	4	1	0	-1	0	0.0055	-1.0000
68	557	2	853.5435	5	4	0	-1	1	0.0055	0.8497
68	558	2	855.0768	6	2	0	-1	0	0.0055	-1.0000
68	559	2	856.6101	7	11	0	-1	0	0.0055	-1.0000
68	560	2	858.1435	8	7	0	-1	0	0.0055	-1.0000
68	561	2	859.6768	9	5	0	-1	0	0.0055	-1.0000
68	562	2	861.2100	10	6	0	-1	1	0.0055	1.3112
68	563	2	862.7434	11	10	0	-1	0	0.0055	-1.0000
68	564	2	864.2767	12	8	0	-1	1	0.0055	0.7571
68	565	2	865.8100	13	12	0	-1	0	0.0055	-1.0000
68	566	2	867.3434	14	9	0	-1	1	0.0059	0.9386
68	567	2	868.8767	15	14	0	-1	0	0.0059	-1.0000
68	568	2	870.4100	1	15	0	-1	0	0.0059	-1.0000
68	569	2	871.9433	2	13	0	-1	0	0.0059	-1.0000
68	570	2	873.4767	3	3	0	-1	0	0.0059	-1.0000
68	571	2	875.0100	4	1	0	-1	0	0.0059	-1.0000
68	572	2	876.5433	6	2	0	-1	0	0.0059	-1.0000
68	573	2	878.0766	7	11	0	-1	0	0.0059	-1.0000
68	574	2	879.6099	5	4	0	-1	1	0.0059	0.8003
68	575	2	881.1432	7	11	0	-1	0	0.0059	-1.0000
68	576	2	882.6766	6	2	0	-1	0	0.0059	-1.0000
68	577	2	884.2099	4	1	0	-1	0	0.0059	-1.0000
68	578	2	885.7432	7	11	0	-1	0	0.0059	-1.0000
68	579	2	887.2765	4	1	0	-1	0	0.0059	-1.0000
68	580	2	888.8099	3	3	0	-1	0	0.0059	-1.0000
68	581	2	890.3432	15	14	0	-1	0	0.0059	-1.0000
68	582	2	891.8765	2	13	0	-1	0	0.0059	-1.0000
68	583	2	893.4098	1	15	0	-1	0	0.0059	-1.0000
68	584	2	894.9432	14	9	0	-1	1	0.0059	0.7787
68	585	2	896.4765	13	12	0	-1	0	0.0059	-1.0000
68	586	2	898.0098	14	9	0	-1	1	0.0063	1.0082
68	587	2	899.5431	15	14	0	-1	0	0.0063	-1.0000
68	588	2	901.0764	1	15	0	-1	0	0.0063	-1.0000
68	589	2	902.6098	2	13	0	-1	0	0.0063	-1.0000
68	590	2	904.1431	3	3	0	-1	0	0.0063	-1.0000
68	591	2	905.6765	4	1	0	-1	0	0.0063	-1.0000
68	592	2	907.2098	5	4	0	-1	1	0.0063	0.7037
68	593	2	908.7431	6	2	0	-1	0	0.0063	-1.0000
68	594	2	910.2763	7	11	0	-1	0	0.0063	-1.0000
68	595	2	911.8097	8	7	0	-1	0	0.0063	-1.0000
68	596	2	913.3430	9	5	0	-1	0	0.0063	-1.0000
68	597	2	914.8763	10	6	0	-1	1	0.0063	0.8459
68	598	2	916.4097	11	10	0	-1	0	0.0063	-1.0000
68	599	2	917.9430	12	8	0	-1	1	0.0063	0.9303
68	600	2	919.4763	13	12	0	-1	0	0.0063	-1.0000
Actual parsing ratio
0.0063
Possible node parses
93.0000
 Node parses selected
0.1613
Possible other parses
507.0000
Other parses selected
4.6765
Chance parsing ratio
0.1550
