*********************************************
* Date/Time: 21-Feb-2020 14:10:36
* Seed: 209676.2
* Subject Number: 054
4	5	12	11	1	7	10	14	8	2	13	15	6	9	3	
*********************************************

Shape exposure time (seconds)
293.4699
subject	trial	phase	onset	node	shape	rotate	acc	resp	total	rt
54	1	1	1.0167	2	5	0	1	1	1.0000	1.3756
54	2	1	2.5666	1	4	90	1	1	1.0000	1.0257
54	3	1	4.1166	15	3	0	1	1	1.0000	1.1237
54	4	1	5.6665	14	9	0	1	1	1.0000	1.2217
54	5	1	7.2165	15	3	0	1	1	1.0000	1.2088
54	6	1	8.7665	2	5	0	-1	0	0.8333	-1.0000
54	7	1	10.5498	15	3	0	-1	0	0.7143	-1.0000
54	8	1	12.2831	1	4	0	1	1	0.7500	0.0453
54	9	1	13.8331	3	12	0	-1	0	0.6667	-1.0000
54	10	1	15.5665	15	3	0	1	1	0.7000	1.0344
54	11	1	17.1164	2	5	0	1	1	0.7273	0.7959
54	12	1	18.6665	1	4	90	1	1	0.7500	0.7987
54	13	1	20.2164	3	12	0	1	1	0.7692	0.9441
54	14	1	21.7665	1	4	90	1	1	0.7857	0.9462
54	15	1	23.3165	14	9	90	1	1	0.8000	1.2685
54	16	1	24.8665	1	4	0	1	1	0.8125	1.0778
54	17	1	26.4165	3	12	0	1	1	0.8235	0.8081
54	18	1	27.9665	4	11	0	1	1	0.8333	1.2102
54	19	1	29.5165	5	1	0	1	1	0.8421	1.0678
54	20	1	31.0665	4	11	0	1	1	0.8500	1.0383
54	21	1	32.6165	7	10	90	0	1	0.8095	1.1038
54	22	1	34.1665	4	11	0	1	1	0.8182	0.9787
54	23	1	35.7166	3	12	90	-1	0	0.7826	-1.0000
54	24	1	37.4498	1	4	0	1	1	0.7917	1.3593
54	25	1	38.9998	2	5	0	1	1	0.8000	1.1849
54	26	1	40.5498	15	3	0	1	1	0.8077	0.8507
54	27	1	42.0998	3	12	0	1	1	0.8148	0.8045
54	28	1	43.6498	2	5	0	1	1	0.8214	0.7587
54	29	1	45.1998	3	12	0	1	1	0.8276	0.7128
54	30	1	46.7499	1	4	0	1	1	0.8333	0.8431
54	31	1	48.2999	14	9	0	1	1	0.8387	0.7649
54	32	1	49.8500	1	4	0	1	1	0.8438	0.7987
54	33	1	51.3998	2	5	0	1	1	0.8485	0.7053
54	34	1	52.9499	14	9	0	1	1	0.8529	0.6914
54	35	1	54.4999	1	4	0	1	1	0.8571	0.6125
54	36	1	56.0499	14	9	0	1	1	0.8611	0.5665
54	37	1	57.5999	13	6	0	1	1	0.8649	0.8085
54	38	1	59.1499	10	2	0	1	1	0.8684	0.8266
54	39	1	60.6998	11	13	0	1	1	0.8718	1.3733
54	40	1	62.2499	12	15	0	1	1	0.8750	1.4385
54	41	1	63.8833	13	6	0	1	1	0.8780	0.8935
54	42	1	65.4332	12	15	0	1	1	0.8810	0.7191
54	43	1	66.9832	9	8	0	1	1	0.8837	0.8495
54	44	1	68.5332	10	2	0	1	1	0.8864	0.6755
54	45	1	70.0833	9	8	0	1	1	0.8889	0.5337
54	46	1	71.6333	11	13	0	1	1	0.8913	0.7275
54	47	1	73.1833	13	6	0	1	1	0.8936	0.6011
54	48	1	74.7333	14	9	0	1	1	0.8958	0.6515
54	49	1	76.2833	15	3	0	1	1	0.8980	0.6214
54	50	1	77.8333	14	9	90	0	1	0.8800	0.6394
54	51	1	79.3832	15	3	0	1	1	0.8824	0.7375
54	52	1	80.9333	3	12	0	1	1	0.8846	0.7234
54	53	1	82.4833	1	4	90	1	1	0.8868	0.7250
54	54	1	84.0333	15	3	0	1	1	0.8889	0.6313
54	55	1	85.5833	1	4	0	1	1	0.8909	0.8257
54	56	1	87.1333	15	3	0	1	1	0.8929	0.6671
54	57	1	88.6833	3	12	0	1	1	0.8947	0.6857
54	58	1	90.2333	1	4	0	1	1	0.8966	0.6391
54	59	1	91.7832	15	3	0	1	1	0.8983	0.6895
54	60	1	93.3333	14	9	0	1	1	0.9000	0.7071
54	61	1	94.8833	13	6	0	1	1	0.9016	0.5494
54	62	1	96.4333	10	2	0	1	1	0.9032	0.7754
54	63	1	97.9833	13	6	0	1	1	0.9048	0.7774
54	64	1	99.5333	11	13	0	-1	0	0.8906	-1.0000
54	65	1	101.2833	10	2	0	1	1	0.8923	0.0168
54	66	1	102.8334	13	6	0	1	1	0.8939	0.6790
54	67	1	104.3833	12	15	0	1	1	0.8955	0.8896
54	68	1	105.9334	10	2	0	1	1	0.8971	0.6675
54	69	1	107.4834	9	8	0	1	1	0.8986	0.6690
54	70	1	109.0333	11	13	0	1	1	0.9000	0.7350
54	71	1	110.5834	10	2	0	1	1	0.9014	0.6410
54	72	1	112.1334	13	6	0	1	1	0.9028	0.6270
54	73	1	113.6834	11	13	90	1	1	0.9041	0.9333
54	74	1	115.2333	10	2	90	0	1	0.8919	0.6631
54	75	1	116.7834	11	13	90	0	1	0.8800	0.7775
54	76	1	118.3333	13	6	0	1	1	0.8816	0.7955
54	77	1	119.8834	14	9	0	0	1	0.8701	0.8776
54	78	1	121.4333	15	3	0	1	1	0.8718	0.8310
54	79	1	122.9834	14	9	0	1	1	0.8734	0.8651
54	80	1	124.5333	1	4	90	1	1	0.8750	0.8675
54	81	1	126.0833	2	5	90	-1	0	0.8642	-1.0000
54	82	1	127.9334	3	12	0	1	1	0.8659	1.1950
54	83	1	129.4834	1	4	0	1	1	0.8675	1.0060
54	84	1	131.0334	2	5	0	1	1	0.8690	0.8153
54	85	1	132.5834	15	3	0	1	1	0.8706	0.7853
54	86	1	134.1334	1	4	0	1	1	0.8721	0.8033
54	87	1	135.6834	14	9	0	1	1	0.8736	1.3170
54	88	1	137.2334	13	6	0	1	1	0.8750	0.7920
54	89	1	138.7834	14	9	0	1	1	0.8764	0.6814
54	90	1	140.3334	2	5	90	1	1	0.8778	1.0030
54	91	1	141.8834	1	4	0	1	1	0.8791	0.6209
54	92	1	143.4334	2	5	0	1	1	0.8804	0.7350
54	93	1	144.9834	1	4	0	1	1	0.8817	0.5934
54	94	1	146.5334	15	3	0	1	1	0.8830	0.6430
54	95	1	148.0834	2	5	0	1	1	0.8842	0.7091
54	96	1	149.6334	3	12	0	1	1	0.8854	0.7112
54	97	1	151.1834	15	3	0	1	1	0.8866	0.6334
54	98	1	152.7334	14	9	0	1	1	0.8878	0.6350
54	99	1	154.2835	1	4	0	1	1	0.8889	0.5413
54	100	1	155.8334	3	12	0	1	1	0.8900	0.7514
54	101	1	157.3835	1	4	0	1	1	0.8911	0.6570
54	102	1	158.9335	3	12	90	1	1	0.8922	0.9152
54	103	1	160.4835	1	4	90	1	1	0.8932	0.8050
54	104	1	162.0334	14	9	0	1	1	0.8942	0.5676
54	105	1	163.5835	13	6	0	1	1	0.8952	0.5210
54	106	1	165.1335	10	2	0	1	1	0.8962	0.6194
54	107	1	166.6835	13	6	90	1	1	0.8972	0.8450
54	108	1	168.2335	14	9	0	1	1	0.8981	0.7033
54	109	1	169.7835	15	3	0	1	1	0.8991	0.6734
54	110	1	171.3335	2	5	0	1	1	0.9000	0.6594
54	111	1	172.8835	1	4	0	1	1	0.9009	0.6136
54	112	1	174.4335	15	3	0	1	1	0.9018	0.5836
54	113	1	175.9835	1	4	90	0	1	0.8938	0.4253
54	114	1	177.5335	14	9	0	1	1	0.8947	1.4674
54	115	1	179.1668	1	4	0	1	1	0.8957	0.0263
54	116	1	180.7168	2	5	0	1	1	0.8966	1.1166
54	117	1	182.2669	14	9	0	1	1	0.8974	0.8619
54	118	1	183.8168	2	5	0	1	1	0.8983	0.7357
54	119	1	185.3669	15	3	0	1	1	0.8992	0.6896
54	120	1	186.9168	14	9	0	1	1	0.9000	0.6917
54	121	1	188.4668	1	4	0	1	1	0.9008	0.6136
54	122	1	190.0169	14	9	0	1	1	0.9016	0.5841
54	123	1	191.5669	15	3	0	1	1	0.9024	0.6819
54	124	1	193.1169	2	5	0	1	1	0.9032	0.6838
54	125	1	194.6669	1	4	90	1	1	0.9040	0.6058
54	126	1	196.2169	3	12	0	1	1	0.9048	0.9919
54	127	1	197.7669	15	3	0	1	1	0.9055	0.6736
54	128	1	199.3169	2	5	0	1	1	0.9063	0.6601
54	129	1	200.8669	3	12	0	1	1	0.9070	0.7422
54	130	1	202.4168	15	3	0	1	1	0.9077	0.6000
54	131	1	203.9669	2	5	0	1	1	0.9084	0.6343
54	132	1	205.5169	3	12	0	1	1	0.9091	0.8278
54	133	1	207.0669	1	4	90	1	1	0.9098	0.8143
54	134	1	208.6170	14	9	0	1	1	0.9104	0.6560
54	135	1	210.1670	1	4	0	1	1	0.9111	0.6735
54	136	1	211.7169	14	9	0	1	1	0.9118	0.6597
54	137	1	213.2669	1	4	0	1	1	0.9124	0.7102
54	138	1	214.8169	3	12	0	1	1	0.9130	0.7761
54	139	1	216.3669	4	11	0	1	1	0.9137	1.3060
54	140	1	217.9169	6	7	0	0	1	0.9071	1.3236
54	141	1	219.4836	7	10	0	1	1	0.9078	1.2453
54	142	1	221.0336	8	14	0	1	1	0.9085	1.4714
54	143	1	222.6503	5	1	0	-1	0	0.9021	-1.0000
54	144	1	224.3837	8	14	90	0	1	0.8958	1.0175
54	145	1	225.9336	5	1	0	-1	0	0.8897	-1.0000
54	146	1	227.6503	7	10	90	0	1	0.8836	1.2546
54	147	1	229.2003	5	1	0	0	1	0.8776	1.1284
54	148	1	230.7503	8	14	0	1	1	0.8784	0.9870
54	149	1	232.3003	5	1	0	0	1	0.8725	1.1487
54	150	1	233.8503	8	14	90	0	1	0.8667	0.7829
54	151	1	235.4003	6	7	0	-1	0	0.8609	-1.0000
54	152	1	237.1337	7	10	0	-1	0	0.8553	-1.0000
54	153	1	238.8504	8	14	0	1	1	0.8562	0.9502
54	154	1	240.4003	6	7	0	1	1	0.8571	1.1445
54	155	1	241.9503	8	14	0	1	1	0.8581	0.8745
54	156	1	243.5003	6	7	0	1	1	0.8590	0.7166
54	157	1	245.0503	4	11	0	1	1	0.8599	0.9909
54	158	1	246.6004	7	10	0	1	1	0.8608	1.4562
54	159	1	248.2004	8	14	0	1	1	0.8616	0.9761
54	160	1	249.7504	7	10	90	0	1	0.8562	0.9626
54	161	1	251.3003	4	11	0	1	1	0.8571	0.8528
54	162	1	252.8503	7	10	0	1	1	0.8580	1.0466
54	163	1	254.4004	6	7	0	1	1	0.8589	0.7609
54	164	1	255.9504	4	11	0	1	1	0.8598	0.7948
54	165	1	257.5003	6	7	0	1	1	0.8606	0.8442
54	166	1	259.0504	8	14	0	1	1	0.8614	0.6866
54	167	1	260.6004	5	1	0	0	1	0.8563	0.7685
54	168	1	262.1504	7	10	0	1	1	0.8571	0.9146
54	169	1	263.7004	5	1	0	1	1	0.8580	0.8845
54	170	1	265.2504	6	7	0	1	1	0.8588	0.7587
54	171	1	266.8004	4	11	0	1	1	0.8596	0.7282
54	172	1	268.3504	3	12	0	1	1	0.8605	0.6828
54	173	1	269.9004	15	3	0	1	1	0.8613	0.6525
54	174	1	271.4504	3	12	0	1	1	0.8621	0.6224
54	175	1	273.0004	4	11	0	1	1	0.8629	0.5442
54	176	1	274.5504	6	7	0	1	1	0.8636	0.8667
54	177	1	276.1005	7	10	90	0	1	0.8588	0.8202
54	178	1	277.6504	8	14	0	-1	0	0.8539	-1.0000
54	179	1	279.4171	7	10	0	1	1	0.8547	0.8479
54	180	1	280.9671	8	14	0	1	1	0.8556	0.6099
54	181	1	282.5171	5	1	90	0	1	0.8508	0.5479
54	182	1	284.0671	6	7	0	1	1	0.8516	0.5500
54	183	1	285.6170	4	11	0	1	1	0.8525	0.9515
54	184	1	287.1671	6	7	0	1	1	0.8533	0.6662
54	185	1	288.7171	4	11	0	1	1	0.8541	0.8280
54	186	1	290.2671	7	10	0	1	1	0.8548	1.1020
54	187	1	291.8171	5	1	0	1	1	0.8556	1.0559
54	188	1	293.3671	4	11	0	1	1	0.8564	1.1059
54	189	1	294.9172	6	7	0	1	1	0.8571	0.8674
54	190	1	296.4671	8	14	0	1	1	0.8579	0.6616
54	191	1	298.0171	6	7	0	1	1	0.8586	0.6319
54	192	1	299.5671	4	11	0	1	1	0.8594	0.6176
54	193	1	301.1171	6	7	0	1	1	0.8601	0.6520
54	194	1	302.6671	4	11	0	1	1	0.8608	0.8137
54	195	1	304.2171	7	10	0	0	1	0.8564	1.1199
54	196	1	305.7671	4	11	0	1	1	0.8571	0.7698
54	197	1	307.3172	6	7	90	1	1	0.8579	1.1722
54	198	1	308.8671	5	1	0	1	1	0.8586	1.3180
54	199	1	310.4172	4	11	0	1	1	0.8593	0.7598
54	200	1	311.9672	5	1	0	1	1	0.8600	0.7614
54	201	1	313.5172	4	11	0	1	1	0.8607	0.6040
54	202	1	315.0672	6	7	0	1	1	0.8614	0.7018
54	203	1	316.6172	7	10	90	0	1	0.8571	1.4878
54	204	1	318.3340	4	11	0	-1	0	0.8529	-1.0000
54	205	1	320.0505	6	7	90	1	1	0.8537	1.2541
54	206	1	321.6005	5	1	0	1	1	0.8544	1.2886
54	207	1	323.1505	6	7	90	1	1	0.8551	1.0664
54	208	1	324.7005	7	10	0	1	1	0.8558	1.4041
54	209	1	326.2506	8	14	90	0	1	0.8517	0.7667
54	210	1	327.8005	5	1	0	1	1	0.8524	1.0884
54	211	1	329.3505	4	11	90	0	1	0.8483	0.8185
54	212	1	330.9005	6	7	90	1	1	0.8491	1.1246
54	213	1	332.4505	8	14	0	1	1	0.8498	0.7901
54	214	1	334.0006	6	7	0	1	1	0.8505	0.7764
54	215	1	335.5505	5	1	0	1	1	0.8512	1.0506
54	216	1	337.1006	7	10	0	0	1	0.8472	1.1008
54	217	1	338.6506	5	1	0	1	1	0.8479	0.8944
54	218	1	340.2006	8	14	0	1	1	0.8486	0.6408
54	219	1	341.7506	5	1	0	1	1	0.8493	1.2505
54	220	1	343.3006	6	7	0	1	1	0.8500	0.8205
54	221	1	344.8506	8	14	90	0	1	0.8462	0.6465
54	222	1	346.4006	6	7	0	1	1	0.8468	0.7608
54	223	1	347.9506	8	14	0	1	1	0.8475	0.8265
54	224	1	349.5006	7	10	0	1	1	0.8482	1.4841
54	225	1	351.1339	5	1	0	1	1	0.8489	1.0191
54	226	1	352.6839	7	10	0	1	1	0.8496	0.9092
54	227	1	354.2339	5	1	0	1	1	0.8502	0.7831
54	228	1	355.7840	8	14	90	1	1	0.8509	1.4253
54	229	1	357.4006	9	8	0	1	1	0.8515	1.0081
54	230	1	358.9506	10	2	0	1	1	0.8522	0.8345
54	231	1	360.5006	11	13	0	-1	0	0.8485	-1.0000
54	232	1	362.3173	12	15	0	-1	0	0.8448	-1.0000
54	233	1	364.0506	9	8	90	0	1	0.8412	0.0381
54	234	1	365.6007	12	15	0	1	1	0.8419	1.0163
54	235	1	367.1506	13	6	0	1	1	0.8426	0.8265
54	236	1	368.7007	12	15	0	1	1	0.8432	0.7003
54	237	1	370.2507	11	13	90	1	1	0.8439	0.9901
54	238	1	371.8006	10	2	0	1	1	0.8445	0.6409
54	239	1	373.3506	9	8	0	1	1	0.8452	0.6427
54	240	1	374.9006	12	15	0	1	1	0.8458	0.7081
54	241	1	376.4506	11	13	0	0	1	0.8423	0.7905
54	242	1	378.0007	9	8	0	1	1	0.8430	0.6006
54	243	1	379.5506	11	13	0	1	1	0.8436	0.8261
54	244	1	381.1006	9	8	90	1	1	0.8443	0.9249
54	245	1	382.6507	11	13	0	1	1	0.8449	1.1021
54	246	1	384.2007	12	15	0	1	1	0.8455	0.6562
54	247	1	385.7508	10	2	0	1	1	0.8462	0.6583
54	248	1	387.3007	13	6	0	1	1	0.8468	0.5328
54	249	1	388.8507	10	2	90	0	1	0.8434	0.5824
54	250	1	390.4007	9	8	0	1	1	0.8440	0.6963
54	251	1	391.9506	11	13	0	1	1	0.8446	0.8743
54	252	1	393.5007	12	15	0	1	1	0.8452	0.7644
54	253	1	395.0507	11	13	0	1	1	0.8458	0.5423
54	254	1	396.6007	10	2	0	1	1	0.8465	0.6720
54	255	1	398.1507	13	6	90	0	1	0.8431	0.5623
54	256	1	399.7007	11	13	0	1	1	0.8438	0.7883
54	257	1	401.2507	9	8	0	1	1	0.8444	0.9986
54	258	1	402.8007	10	2	0	1	1	0.8450	0.8244
54	259	1	404.3507	11	13	90	1	1	0.8456	0.9380
54	260	1	405.9008	9	8	90	1	1	0.8462	0.7799
54	261	1	407.4508	10	2	90	1	1	0.8467	0.8467
54	262	1	409.0007	9	8	0	1	1	0.8473	0.6730
54	263	1	410.5507	12	15	0	1	1	0.8479	0.8184
54	264	1	412.1008	13	6	0	1	1	0.8485	0.6440
54	265	1	413.6507	12	15	0	1	1	0.8491	0.7261
54	266	1	415.2008	9	8	0	1	1	0.8496	0.6003
54	267	1	416.7508	12	15	0	1	1	0.8502	0.8740
54	268	1	418.3007	13	6	0	1	1	0.8507	0.6050
54	269	1	419.8508	12	15	0	1	1	0.8513	0.6385
54	270	1	421.4008	10	2	0	1	1	0.8519	0.6082
54	271	1	422.9508	13	6	0	1	1	0.8524	0.5460
54	272	1	424.5008	11	13	0	1	1	0.8529	1.3640
54	273	1	426.0508	12	15	0	1	1	0.8535	0.6946
54	274	1	427.6008	13	6	0	1	1	0.8540	0.5844
54	275	1	429.1508	10	2	90	1	1	0.8545	0.7623
54	276	1	430.7008	9	8	90	1	1	0.8551	0.7488
54	277	1	432.2507	12	15	0	1	1	0.8556	0.7021
54	278	1	433.8008	11	13	0	1	1	0.8561	0.8804
54	279	1	435.3508	10	2	0	1	1	0.8566	0.5940
54	280	1	436.9008	13	6	0	1	1	0.8571	0.5801
54	281	1	438.4508	12	15	0	1	1	0.8577	0.6144
54	282	1	440.0008	13	6	0	1	1	0.8582	0.6165
54	283	1	441.5508	14	9	0	0	1	0.8551	1.1140
54	284	1	443.1008	1	4	0	-1	0	0.8521	-1.0000
54	285	1	444.9009	2	5	0	1	1	0.8526	1.0442
54	286	1	446.4509	3	12	0	1	1	0.8531	0.7579
54	287	1	448.0008	2	5	0	1	1	0.8537	0.6805
54	288	1	449.5508	3	12	90	1	1	0.8542	0.8584
54	289	1	451.1008	1	4	0	1	1	0.8547	0.6845
54	290	1	452.6508	2	5	0	1	1	0.8552	0.6383
54	291	1	454.2009	14	9	90	1	1	0.8557	0.8003
54	292	1	455.7508	1	4	0	1	1	0.8562	0.6583
54	293	1	457.3009	14	9	90	1	1	0.8567	0.7883
54	294	1	458.8509	15	3	0	1	1	0.8571	0.7904
54	295	1	460.4009	3	12	0	1	1	0.8576	0.7925
54	296	1	461.9509	1	4	0	1	1	0.8581	0.6184
54	297	1	463.5009	15	3	0	1	1	0.8586	0.6846
54	298	1	465.0509	14	9	0	1	1	0.8591	1.0701
54	299	1	466.6009	15	3	90	0	1	0.8562	0.8006
54	300	1	468.1509	3	12	0	1	1	0.8567	0.6900
54	301	1	469.7009	4	11	90	-1	0	0.8538	-1.0000
54	302	1	471.4343	5	1	0	1	1	0.8543	1.0552
54	303	1	472.9842	8	14	0	1	1	0.8548	0.7207
54	304	1	474.5343	9	8	90	1	1	0.8553	0.8826
54	305	1	476.0843	10	2	0	1	1	0.8557	1.0449
54	306	1	477.6343	12	15	0	1	1	0.8562	0.6306
54	307	1	479.1842	10	2	0	1	1	0.8567	0.5366
54	308	1	480.7343	12	15	0	0	1	0.8539	0.8747
54	309	1	482.2843	9	8	90	1	1	0.8544	0.8126
54	310	1	483.8343	10	2	0	1	1	0.8548	0.6389
54	311	1	485.3842	13	6	0	1	1	0.8553	0.6410
54	312	1	486.9342	14	9	0	1	1	0.8558	0.8986
54	313	1	488.4843	2	5	0	1	1	0.8562	0.7246
54	314	1	490.0343	3	12	0	1	1	0.8567	0.8230
54	315	1	491.5843	2	5	0	1	1	0.8571	0.7291
54	316	1	493.1343	1	4	0	1	1	0.8576	0.6189
54	317	1	494.6843	2	5	0	1	1	0.8580	0.5890
54	318	1	496.2343	3	12	90	1	1	0.8585	0.8466
54	319	1	497.7843	4	11	0	1	1	0.8589	0.9930
54	320	1	499.3343	7	10	0	1	1	0.8594	0.7709
54	321	1	500.8843	8	14	0	1	1	0.8598	0.6131
54	322	1	502.4343	7	10	0	1	1	0.8602	0.7908
54	323	1	503.9843	5	1	0	1	1	0.8607	1.0006
54	324	1	505.5343	8	14	0	1	1	0.8611	0.7627
54	325	1	507.0843	7	10	0	1	1	0.8615	0.7011
54	326	1	508.6343	8	14	90	0	1	0.8589	0.8466
54	327	1	510.1843	6	7	0	1	1	0.8593	1.3614
54	328	1	511.7344	7	10	0	1	1	0.8598	0.8833
54	329	1	513.2844	6	7	0	1	1	0.8602	0.8365
54	330	1	514.8343	8	14	0	1	1	0.8606	1.3509
54	331	1	516.4010	7	10	0	1	1	0.8610	0.7439
54	332	1	517.9510	4	11	0	1	1	0.8614	0.7779
54	333	1	519.5010	7	10	0	1	1	0.8619	0.7320
54	334	1	521.0510	8	14	0	1	1	0.8623	0.6381
54	335	1	522.6010	7	10	90	0	1	0.8597	0.6239
54	336	1	524.1510	6	7	0	1	1	0.8601	0.6419
54	337	1	525.7011	4	11	90	1	1	0.8605	1.3164
54	338	1	527.2510	7	10	0	1	1	0.8609	0.8702
54	339	1	528.8010	4	11	0	1	1	0.8614	1.3999
54	340	1	530.4011	7	10	0	1	1	0.8618	0.7600
54	341	1	531.9510	5	1	90	1	1	0.8622	1.0669
54	342	1	533.5010	6	7	0	1	1	0.8626	0.9719
54	343	1	535.0511	7	10	90	0	1	0.8601	0.9106
54	344	1	536.6011	5	1	0	1	1	0.8605	1.0882
54	345	1	538.1511	4	11	90	1	1	0.8609	0.9300
54	346	1	539.7010	7	10	0	1	1	0.8613	1.4128
54	347	1	541.2844	8	14	0	1	1	0.8617	0.8206
54	348	1	542.8344	6	7	90	1	1	0.8621	1.0469
54	349	1	544.3843	4	11	0	1	1	0.8625	1.0811
54	350	1	545.9344	6	7	0	1	1	0.8629	1.1790
54	351	1	547.4844	4	11	90	0	1	0.8604	0.8126
54	352	1	549.0344	3	12	0	1	1	0.8608	1.2785
54	353	1	550.5844	2	5	0	1	1	0.8612	0.7846
54	354	1	552.1344	15	3	0	1	1	0.8616	0.6909
54	355	1	553.6845	3	12	90	1	1	0.8620	0.8210
54	356	1	555.2344	15	3	0	1	1	0.8624	0.7591
54	357	1	556.7844	14	9	90	1	1	0.8627	0.8096
54	358	1	558.3345	1	4	0	1	1	0.8631	0.6510
54	359	1	559.8844	3	12	0	1	1	0.8635	0.9889
54	360	1	561.4344	1	4	0	1	1	0.8639	0.7024
54	361	1	562.9845	2	5	0	1	1	0.8643	1.0730
54	362	1	564.5345	15	3	0	1	1	0.8646	0.6907
54	363	1	566.0844	1	4	90	1	1	0.8650	0.7405
54	364	1	567.6345	14	9	0	1	1	0.8654	0.8385
54	365	1	569.1844	13	6	0	1	1	0.8658	0.7130
54	366	1	570.7345	11	13	0	1	1	0.8661	0.8745
54	367	1	572.2845	9	8	90	1	1	0.8665	0.6845
54	368	1	573.8345	8	14	90	1	1	0.8668	0.9105
54	369	1	575.3845	6	7	0	1	1	0.8672	0.7529
54	370	1	576.9344	4	11	0	1	1	0.8676	1.3950
54	371	1	578.5178	3	12	0	1	1	0.8679	0.8835
54	372	1	580.0678	2	5	0	1	1	0.8683	0.6456
54	373	1	581.6178	14	9	0	1	1	0.8686	0.9994
54	374	1	583.1679	15	3	0	1	1	0.8690	0.6651
54	375	1	584.7179	14	9	0	1	1	0.8693	0.6517
54	376	1	586.2678	1	4	0	1	1	0.8697	0.6375
54	377	1	587.8178	3	12	0	1	1	0.8700	0.6553
54	378	1	589.3678	1	4	0	1	1	0.8704	0.6256
54	379	1	590.9179	15	3	0	1	1	0.8707	0.6596
54	380	1	592.4679	14	9	0	1	1	0.8711	0.8537
54	381	1	594.0179	13	6	0	1	1	0.8714	0.6954
54	382	1	595.5679	12	15	0	1	1	0.8717	0.6974
54	383	1	597.1179	11	13	0	1	1	0.8721	0.8596
54	384	1	598.6679	13	6	0	1	1	0.8724	0.6851
54	385	1	600.2179	14	9	0	1	1	0.8727	0.6556
54	386	1	601.7679	13	6	0	1	1	0.8731	0.5294
54	387	1	603.3179	12	15	0	1	1	0.8734	0.6755
54	388	1	604.8679	10	2	90	1	1	0.8737	0.9171
54	389	1	606.4179	13	6	0	1	1	0.8740	0.6318
54	390	1	607.9679	12	15	0	1	1	0.8744	0.8575
54	391	1	609.5178	13	6	0	1	1	0.8747	0.6200
54	392	1	611.0679	14	9	90	1	1	0.8750	0.8293
54	393	1	612.6179	13	6	0	1	1	0.8753	0.6555
54	394	1	614.1679	11	13	0	1	1	0.8756	0.7214
54	395	1	615.7179	10	2	0	1	1	0.8759	0.8677
54	396	1	617.2679	12	15	0	1	1	0.8763	0.7251
54	397	1	618.8180	10	2	0	1	1	0.8766	0.6151
54	398	1	620.3679	13	6	90	1	1	0.8769	0.7611
54	399	1	621.9179	10	2	0	1	1	0.8772	0.5877
54	400	1	623.4680	12	15	0	1	1	0.8775	0.6854
54	401	1	625.0179	13	6	0	1	1	0.8778	0.7191
54	402	1	626.5679	10	2	90	1	1	0.8781	0.6735
54	403	1	628.1180	9	8	90	1	1	0.8784	0.7553
54	404	1	629.6679	10	2	90	0	1	0.8762	0.6775
54	405	1	631.2180	9	8	0	1	1	0.8765	0.9031
54	406	1	632.7679	10	2	90	1	1	0.8768	0.7779
54	407	1	634.3180	11	13	90	1	1	0.8771	1.0034
54	408	1	635.8680	9	8	0	1	1	0.8775	0.7176
54	409	1	637.4180	12	15	0	1	1	0.8778	0.6877
54	410	1	638.9680	9	8	0	1	1	0.8780	0.6253
54	411	1	640.5180	12	15	0	1	1	0.8783	0.7072
54	412	1	642.0679	11	13	0	1	1	0.8786	1.2053
54	413	1	643.6180	12	15	0	1	1	0.8789	0.7757
54	414	1	645.1680	10	2	90	1	1	0.8792	1.0974
54	415	1	646.7179	11	13	90	1	1	0.8795	0.8759
54	416	1	648.2680	13	6	90	1	1	0.8798	0.7971
54	417	1	649.8180	11	13	0	1	1	0.8801	0.8157
54	418	1	651.3680	12	15	0	1	1	0.8804	0.7695
54	419	1	652.9180	13	6	0	1	1	0.8807	0.6911
54	420	1	654.4680	11	13	0	1	1	0.8810	0.6452
54	421	1	656.0180	12	15	0	1	1	0.8812	0.6310
54	422	1	657.5680	10	2	0	1	1	0.8815	0.8574
54	423	1	659.1180	9	8	90	1	1	0.8818	0.7311
54	424	1	660.6680	8	14	0	1	1	0.8821	1.0210
54	425	1	662.2180	5	1	90	0	1	0.8800	1.4395
54	426	1	663.8848	8	14	0	1	1	0.8803	0.9405
54	427	1	665.4347	6	7	0	1	1	0.8806	0.8784
54	428	1	666.9847	4	11	90	0	1	0.8785	0.9287
54	429	1	668.5347	6	7	0	1	1	0.8788	0.9950
54	430	1	670.0847	5	1	0	1	1	0.8791	0.9804
54	431	1	671.6347	7	10	90	1	1	0.8794	1.1272
54	432	1	673.1847	8	14	0	1	1	0.8796	1.0004
54	433	1	674.7348	9	8	0	1	1	0.8799	1.0668
54	434	1	676.2847	12	15	0	1	1	0.8802	0.7964
54	435	1	677.8347	9	8	90	1	1	0.8805	0.8948
54	436	1	679.3847	8	14	90	1	1	0.8807	1.0091
54	437	1	680.9348	7	10	90	1	1	0.8810	1.3783
54	438	1	682.4848	5	1	90	1	1	0.8813	1.1889
54	439	1	684.0348	8	14	0	1	1	0.8815	1.2863
54	440	1	685.5847	5	1	0	1	1	0.8818	1.0488
54	441	1	687.1348	4	11	0	1	1	0.8821	0.9384
54	442	1	688.6848	7	10	0	1	1	0.8824	1.1807
54	443	1	690.2348	8	14	0	1	1	0.8826	1.0707
54	444	1	691.7848	7	10	90	1	1	0.8829	1.1524
54	445	1	693.3348	5	1	0	1	1	0.8831	0.8667
54	446	1	694.8848	8	14	0	1	1	0.8834	1.2684
54	447	1	696.4348	6	7	0	1	1	0.8837	0.8868
54	448	1	697.9848	5	1	0	1	1	0.8839	1.0487
54	449	1	699.5348	4	11	0	1	1	0.8842	0.6026
54	450	1	701.0847	3	12	0	1	1	0.8844	0.7167
54	451	1	702.6348	15	3	90	0	1	0.8825	0.6707
54	452	1	704.1847	2	5	0	1	1	0.8827	0.7528
54	453	1	705.7347	1	4	90	1	1	0.8830	0.8666
54	454	1	707.2848	3	12	0	1	1	0.8833	0.6613
54	455	1	708.8348	1	4	0	1	1	0.8835	0.7745
54	456	1	710.3848	3	12	0	1	1	0.8838	0.8087
54	457	1	711.9348	2	5	90	1	1	0.8840	0.8263
54	458	1	713.4848	1	4	0	1	1	0.8843	0.6685
54	459	1	715.0348	3	12	0	1	1	0.8845	0.6705
54	460	1	716.5848	2	5	0	1	1	0.8848	0.5929
54	461	1	718.1348	3	12	0	1	1	0.8850	0.7383
54	462	1	719.6849	2	5	0	1	1	0.8853	0.5963
54	463	1	721.2349	1	4	0	1	1	0.8855	0.6783
54	464	1	722.7849	3	12	90	1	1	0.8858	0.6647
54	465	1	724.3349	15	3	0	1	1	0.8860	0.7783
54	466	1	725.8849	3	12	0	1	1	0.8863	0.7167
54	467	1	727.4348	2	5	0	1	1	0.8865	0.6709
54	468	1	728.9849	14	9	0	1	1	0.8868	0.7844
54	469	1	730.5349	13	6	0	1	1	0.8870	0.6912
54	470	1	732.0849	12	15	0	1	1	0.8872	0.6766
54	471	1	733.6348	13	6	90	1	1	0.8875	0.7587
54	472	1	735.1849	14	9	0	1	1	0.8877	0.6803
54	473	1	736.7349	13	6	0	1	1	0.8879	0.8426
54	474	1	738.2849	11	13	90	1	1	0.8882	1.0209
54	475	1	739.8349	9	8	0	1	1	0.8884	0.6705
54	476	1	741.3849	10	2	0	1	1	0.8887	1.0403
54	477	1	742.9349	13	6	0	1	1	0.8889	0.7065
54	478	1	744.4850	11	13	0	1	1	0.8891	0.6926
54	479	1	746.0349	10	2	0	1	1	0.8894	0.6147
54	480	1	747.5849	12	15	90	1	1	0.8896	0.9207
54	481	1	749.1349	13	6	0	1	1	0.8898	0.6982
54	482	1	750.6849	10	2	0	1	1	0.8900	0.7004
54	483	1	752.2349	11	13	0	1	1	0.8903	0.6866
54	484	1	753.7849	9	8	0	1	1	0.8905	0.6083
54	485	1	755.3349	8	14	0	1	1	0.8907	0.7063
54	486	1	756.8849	7	10	0	1	1	0.8909	0.8683
54	487	1	758.4349	4	11	0	1	1	0.8912	0.7263
54	488	1	759.9850	5	1	0	1	1	0.8914	0.9846
54	489	1	761.5349	8	14	90	1	1	0.8916	0.8903
54	490	1	763.0850	5	1	0	1	1	0.8918	0.8446
54	491	1	764.6349	8	14	0	1	1	0.8921	1.0068
54	492	1	766.1849	5	1	0	1	1	0.8923	0.8968
54	493	1	767.7349	6	7	0	1	1	0.8925	0.7222
54	494	1	769.2849	7	10	90	1	1	0.8927	0.8368
54	495	1	770.8349	6	7	0	1	1	0.8929	0.7103
54	496	1	772.3850	8	14	0	1	1	0.8931	0.6643
54	497	1	773.9350	7	10	90	1	1	0.8934	0.7787
54	498	1	775.4850	8	14	90	1	1	0.8936	0.9245
54	499	1	777.0350	7	10	0	1	1	0.8938	0.9262
54	500	1	778.5850	4	11	0	1	1	0.8940	0.7849
54	501	1	780.1350	7	10	0	1	1	0.8942	0.9946
54	502	1	781.6851	4	11	0	1	1	0.8944	0.9168
54	503	1	783.2349	7	10	0	1	1	0.8946	0.8386
54	504	1	784.7850	5	1	0	1	1	0.8948	0.7603
54	505	1	786.3350	8	14	0	1	1	0.8950	0.9388
54	506	1	787.8850	5	1	90	1	1	0.8953	0.9406
54	507	1	789.4350	4	11	0	1	1	0.8955	0.7187
54	508	1	790.9850	6	7	90	1	1	0.8957	0.9126
54	509	1	792.5350	8	14	90	1	1	0.8959	0.8990
54	510	1	794.0850	7	10	0	1	1	0.8961	0.8682
54	511	1	795.6350	8	14	0	1	1	0.8963	0.6786
54	512	1	797.1850	5	1	0	1	1	0.8965	0.7610
54	513	1	798.7350	8	14	0	1	1	0.8967	0.6668
54	514	1	800.2850	6	7	90	1	1	0.8969	0.7328
54	515	1	801.8350	4	11	0	1	1	0.8971	0.6706
54	516	1	803.3851	5	1	0	1	1	0.8973	0.8002
54	517	1	804.9351	6	7	0	1	1	0.8975	0.6109
54	518	1	806.4850	5	1	0	1	1	0.8977	0.6926
54	519	1	808.0351	7	10	0	1	1	0.8979	0.7428
54	520	1	809.5851	5	1	0	1	1	0.8981	0.7607
54	521	1	811.1350	8	14	0	1	1	0.8983	0.6823
54	522	1	812.6850	5	1	90	1	1	0.8985	0.8602
54	523	1	814.2350	7	10	0	1	1	0.8987	0.6388
54	524	1	815.7851	4	11	0	1	1	0.8989	0.6886
54	525	1	817.3351	3	12	90	1	1	0.8990	0.8506
54	526	1	818.8851	4	11	0	1	1	0.8992	0.6922
54	527	1	820.4351	6	7	90	1	1	0.8994	0.6625
54	528	1	821.9851	5	1	0	1	1	0.8996	0.8084
54	529	1	823.5351	6	7	0	1	1	0.8998	0.6348
54	530	1	825.0851	5	1	0	1	1	0.9000	0.7325
54	531	1	826.6351	7	10	90	0	1	0.8983	1.0223
54	532	1	828.1852	6	7	90	0	1	0.8966	0.5765
54	533	1	829.7350	4	11	0	1	1	0.8968	0.6742
54	534	1	831.2851	3	12	0	1	1	0.8970	0.8045
54	535	1	832.8351	1	4	0	1	1	0.8972	0.6949
54	536	1	834.3851	15	3	0	1	1	0.8974	0.7444
54	537	1	835.9351	3	12	0	1	1	0.8976	0.7145
54	538	1	837.4851	15	3	0	1	1	0.8978	0.7644
54	539	1	839.0352	14	9	0	1	1	0.8980	0.7022
54	540	1	840.5852	2	5	0	1	1	0.8981	0.6561
54	541	1	842.1351	14	9	0	1	1	0.8983	0.7061
54	542	1	843.6852	15	3	90	1	1	0.8985	0.8530
54	543	1	845.2351	3	12	0	1	1	0.8987	0.7262
54	544	1	846.7851	1	4	0	1	1	0.8989	0.7444
54	545	1	848.3352	14	9	0	1	1	0.8991	0.6505
54	546	1	849.8852	15	3	90	1	1	0.8993	0.7008
54	547	1	851.4351	14	9	0	1	1	0.8995	0.7187
54	548	1	852.9852	2	5	0	1	1	0.8996	0.6405
54	549	1	854.5352	15	3	0	1	1	0.8998	0.7222
54	550	1	856.0852	3	12	90	1	1	0.9000	0.8846
54	551	1	857.6351	15	3	0	1	1	0.9002	0.8226
54	552	1	859.1852	2	5	0	1	1	0.9004	0.6807
54	553	1	860.7352	14	9	0	1	1	0.9005	0.6508
54	554	1	862.2852	1	4	0	1	1	0.9007	0.6527
54	555	1	863.8352	3	12	0	1	1	0.9009	0.8626
54	556	1	865.3852	4	11	0	1	1	0.9011	0.8962
54	557	1	866.9352	7	10	90	1	1	0.9013	0.8181
54	558	1	868.4852	6	7	90	1	1	0.9014	0.7885
54	559	1	870.0352	8	14	0	1	1	0.9016	0.7101
54	560	1	871.5852	9	8	0	1	1	0.9018	0.7605
54	561	1	873.1352	10	2	0	1	1	0.9020	0.7789
54	562	1	874.6852	11	13	0	1	1	0.9021	0.8922
54	563	1	876.2352	12	15	0	1	1	0.9023	0.7825
54	564	1	877.7852	13	6	0	1	1	0.9025	0.6249
54	565	1	879.3352	12	15	90	1	1	0.9027	0.8826
54	566	1	880.8852	10	2	0	1	1	0.9028	0.7565
54	567	1	882.4352	9	8	0	1	1	0.9030	0.6944
54	568	1	883.9853	10	2	0	1	1	0.9032	0.6326
54	569	1	885.5353	9	8	0	1	1	0.9033	0.6666
54	570	1	887.0853	12	15	0	1	1	0.9035	0.7005
54	571	1	888.6353	11	13	0	1	1	0.9037	0.7020
54	572	1	890.1853	12	15	90	1	1	0.9038	0.8004
54	573	1	891.7352	13	6	0	1	1	0.9040	0.6582
54	574	1	893.2852	11	13	90	1	1	0.9042	0.7884
54	575	1	894.8353	12	15	0	1	1	0.9043	0.5979
54	576	1	896.3853	10	2	0	1	1	0.9045	0.7287
54	577	1	897.9353	13	6	90	1	1	0.9047	0.9542
54	578	1	899.4853	12	15	0	-1	0	0.9031	-1.0000
54	579	1	901.3519	13	6	0	1	1	0.9033	0.6579
54	580	1	902.9020	12	15	0	1	1	0.9034	0.7074
54	581	1	904.4520	11	13	0	1	1	0.9036	0.7577
54	582	1	906.0019	12	15	0	1	1	0.9038	0.5676
54	583	1	907.5520	13	6	0	1	1	0.9039	0.6814
54	584	1	909.1020	11	13	0	1	1	0.9041	0.6198
54	585	1	910.6520	12	15	0	1	1	0.9043	0.7501
54	586	1	912.2020	10	2	0	1	1	0.9044	0.6715
54	587	1	913.7520	13	6	0	1	1	0.9046	0.6258
54	588	1	915.3020	14	9	0	1	1	0.9048	0.5958
54	589	1	916.8520	13	6	0	1	1	0.9049	0.6298
54	590	1	918.4020	11	13	0	1	1	0.9051	0.6481
54	591	1	919.9520	13	6	0	1	1	0.9052	0.6021
54	592	1	921.5020	10	2	0	1	1	0.9054	0.5393
54	593	1	923.0520	9	8	0	1	1	0.9056	0.7177
54	594	1	924.6020	12	15	0	1	1	0.9057	0.6553
54	595	1	926.1520	9	8	0	1	1	0.9059	0.6259
54	596	1	927.7020	12	15	90	1	1	0.9060	0.7243
54	597	1	929.2520	11	13	90	1	1	0.9062	0.8374
54	598	1	930.8020	9	8	90	1	1	0.9064	0.8075
54	599	1	932.3520	11	13	0	1	1	0.9065	0.7455
54	600	1	933.9020	12	15	0	1	1	0.9067	0.7802
54	601	1	1025.6190	10	2	0	-1	0	0.9052	-1.0000
54	602	1	1027.3689	12	15	0	1	1	0.9053	1.2011
54	603	1	1028.9189	10	2	90	-1	0	0.9038	-1.0000
54	604	1	1030.6523	11	13	0	1	1	0.9040	0.8136
54	605	1	1032.2023	12	15	90	1	1	0.9041	0.7032
54	606	1	1033.7522	13	6	0	1	1	0.9043	0.6733
54	607	1	1035.3023	14	9	90	1	1	0.9044	0.7233
54	608	1	1036.8523	15	3	0	1	1	0.9046	0.7416
54	609	1	1038.4023	1	4	0	1	1	0.9048	0.6319
54	610	1	1039.9523	3	12	0	0	1	0.9033	0.7293
54	611	1	1041.5023	2	5	0	1	1	0.9034	0.6838
54	612	1	1043.0523	1	4	0	1	1	0.9036	0.6216
54	613	1	1044.6023	14	9	0	1	1	0.9038	0.8156
54	614	1	1046.1523	15	3	0	1	1	0.9039	0.7056
54	615	1	1047.7023	14	9	0	1	1	0.9041	0.5803
54	616	1	1049.2523	2	5	90	1	1	0.9042	0.6613
54	617	1	1050.8023	14	9	0	1	1	0.9044	0.6315
54	618	1	1052.3523	13	6	0	1	1	0.9045	0.6338
54	619	1	1053.9023	12	15	0	1	1	0.9047	0.6996
54	620	1	1055.4524	13	6	90	1	1	0.9048	0.8292
54	621	1	1057.0023	10	2	0	1	1	0.9050	0.9758
54	622	1	1058.5523	13	6	0	1	1	0.9051	0.8013
54	623	1	1060.1023	10	2	0	1	1	0.9053	0.6597
54	624	1	1061.6523	13	6	0	1	1	0.9054	0.6295
54	625	1	1063.2023	12	15	90	1	1	0.9056	0.8233
54	626	1	1064.7523	11	13	90	1	1	0.9058	0.8417
54	627	1	1066.3023	13	6	90	1	1	0.9059	0.8273
54	628	1	1067.8524	14	9	0	1	1	0.9061	0.6692
54	629	1	1069.4024	2	5	0	1	1	0.9062	0.7512
54	630	1	1070.9523	14	9	90	1	1	0.9063	0.8496
54	631	1	1072.5024	1	4	0	1	1	0.9065	0.7877
54	632	1	1074.0524	3	12	0	1	1	0.9066	0.7894
54	633	1	1075.6024	4	11	0	1	1	0.9068	0.9672
54	634	1	1077.1524	7	10	0	1	1	0.9069	0.9055
54	635	1	1078.7024	5	1	0	1	1	0.9071	0.9713
54	636	1	1080.2524	6	7	0	1	1	0.9072	0.6378
54	637	1	1081.8024	5	1	0	1	1	0.9074	0.6396
54	638	1	1083.3524	4	11	0	1	1	0.9075	0.6575
54	639	1	1084.9024	3	12	90	1	1	0.9077	0.9634
54	640	1	1086.4524	4	11	0	1	1	0.9078	0.7412
54	641	1	1088.0024	6	7	0	1	1	0.9080	0.7914
54	642	1	1089.5524	7	10	0	1	1	0.9081	0.7455
54	643	1	1091.1024	4	11	0	1	1	0.9082	0.6351
54	644	1	1092.6524	7	10	90	1	1	0.9084	0.7501
54	645	1	1094.2024	6	7	90	1	1	0.9085	0.8475
54	646	1	1095.7524	5	1	0	1	1	0.9087	0.7694
54	647	1	1097.3024	8	14	90	1	1	0.9088	0.8832
54	648	1	1098.8525	5	1	0	1	1	0.9090	0.7258
54	649	1	1100.4025	6	7	0	1	1	0.9091	0.6159
54	650	1	1101.9525	4	11	0	1	1	0.9092	0.7133
54	651	1	1103.5024	5	1	0	1	1	0.9094	0.7952
54	652	1	1105.0525	4	11	90	0	1	0.9080	0.6535
54	653	1	1106.6025	5	1	0	1	1	0.9081	0.8632
54	654	1	1108.1525	8	14	0	0	1	0.9067	0.9300
54	655	1	1109.7024	9	8	90	1	1	0.9069	1.2837
54	656	1	1111.2524	8	14	0	1	1	0.9070	0.9018
54	657	1	1112.8025	5	1	0	1	1	0.9072	0.6795
54	658	1	1114.3525	6	7	90	1	1	0.9073	0.7931
54	659	1	1115.9025	4	11	90	0	1	0.9059	0.7155
54	660	1	1117.4525	3	12	90	1	1	0.9061	0.9736
54	661	1	1119.0025	4	11	90	1	1	0.9062	1.2317
54	662	1	1120.5524	7	10	0	1	1	0.9063	0.9454
54	663	1	1122.1025	8	14	0	1	1	0.9065	0.8036
54	664	1	1123.6525	5	1	0	1	1	0.9066	0.6934
54	665	1	1125.2025	6	7	90	1	1	0.9068	0.7754
54	666	1	1126.7525	7	10	0	1	1	0.9069	0.8418
54	667	1	1128.3025	5	1	0	1	1	0.9070	0.7797
54	668	1	1129.8525	7	10	0	1	1	0.9072	0.5896
54	669	1	1131.4025	8	14	0	1	1	0.9073	0.6231
54	670	1	1132.9525	5	1	0	1	1	0.9075	0.6895
54	671	1	1134.5025	6	7	0	1	1	0.9076	0.5955
54	672	1	1136.0526	8	14	0	1	1	0.9077	0.7411
54	673	1	1137.6025	9	8	0	1	1	0.9079	0.9674
54	674	1	1139.1525	11	13	0	1	1	0.9080	0.8255
54	675	1	1140.7025	10	2	0	1	1	0.9081	0.6677
54	676	1	1142.2525	11	13	0	1	1	0.9083	0.6536
54	677	1	1143.8025	13	6	90	1	1	0.9084	0.7831
54	678	1	1145.3525	10	2	90	1	1	0.9086	0.8650
54	679	1	1146.9025	12	15	0	1	1	0.9087	0.7232
54	680	1	1148.4525	11	13	0	1	1	0.9088	0.7091
54	681	1	1150.0026	12	15	0	1	1	0.9090	0.6953
54	682	1	1151.5525	10	2	0	1	1	0.9091	0.7291
54	683	1	1153.1026	13	6	0	1	1	0.9092	0.6034
54	684	1	1154.6526	14	9	90	1	1	0.9094	1.0862
54	685	1	1156.2026	15	3	0	1	1	0.9095	0.7836
54	686	1	1157.7526	1	4	0	1	1	0.9096	0.6891
54	687	1	1159.3026	2	5	0	1	1	0.9098	0.6918
54	688	1	1160.8526	15	3	0	1	1	0.9099	0.7579
54	689	1	1162.4026	1	4	0	1	1	0.9100	0.6312
54	690	1	1163.9527	14	9	0	1	1	0.9101	0.8253
54	691	1	1165.5026	2	5	0	1	1	0.9103	0.6038
54	692	1	1167.0527	15	3	0	1	1	0.9104	0.6056
54	693	1	1168.6026	2	5	0	1	1	0.9105	0.6236
54	694	1	1170.1527	15	3	0	1	1	0.9107	0.5933
54	695	1	1171.7026	14	9	0	1	1	0.9108	0.5955
54	696	1	1173.2526	13	6	0	1	1	0.9109	0.4856
54	697	1	1174.8027	14	9	0	1	1	0.9110	0.5350
54	698	1	1176.3526	1	4	0	1	1	0.9112	0.5051
54	699	1	1177.9026	15	3	0	1	1	0.9113	0.4755
54	700	1	1179.4526	3	12	0	1	1	0.9114	0.7174
54	701	1	1181.0026	4	11	90	0	1	0.9101	0.9279
54	702	1	1182.5526	6	7	0	1	1	0.9103	0.8175
54	703	1	1184.1026	4	11	0	0	1	0.9090	1.0437
54	704	1	1185.6527	3	12	0	1	1	0.9091	1.1090
54	705	1	1187.2027	15	3	90	0	1	0.9078	1.1590
54	706	1	1188.7526	14	9	0	1	1	0.9079	0.7451
54	707	1	1190.3027	1	4	0	1	1	0.9081	0.6031
54	708	1	1191.8527	14	9	90	1	1	0.9082	0.9417
54	709	1	1193.4026	2	5	90	1	1	0.9083	0.7995
54	710	1	1194.9527	14	9	0	1	1	0.9085	0.7854
54	711	1	1196.5026	2	5	90	1	1	0.9086	0.7715
54	712	1	1198.0527	3	12	0	1	1	0.9087	0.7571
54	713	1	1199.6027	15	3	0	1	1	0.9088	0.6951
54	714	1	1201.1526	14	9	90	1	1	0.9090	0.9857
54	715	1	1202.7027	15	3	0	1	1	0.9091	0.6359
54	716	1	1204.2527	1	4	90	1	1	0.9092	0.8293
54	717	1	1205.8027	3	12	0	1	1	0.9093	0.7831
54	718	1	1207.3526	4	11	0	1	1	0.9095	1.0102
54	719	1	1208.9027	5	1	0	1	1	0.9096	0.7238
54	720	1	1210.4527	8	14	0	1	1	0.9097	0.6934
54	721	1	1212.0027	6	7	0	1	1	0.9098	0.6470
54	722	1	1213.5527	4	11	0	1	1	0.9100	0.6814
54	723	1	1215.1028	6	7	0	1	1	0.9101	0.6670
54	724	1	1216.6527	4	11	90	1	1	0.9102	0.8930
54	725	1	1218.2027	6	7	90	1	1	0.9103	0.7994
54	726	1	1219.7527	7	10	0	1	1	0.9105	0.8656
54	727	1	1221.3027	6	7	0	1	1	0.9106	0.6756
54	728	1	1222.8527	4	11	90	1	1	0.9107	1.0130
54	729	1	1224.4027	6	7	0	1	1	0.9108	0.6478
54	730	1	1225.9528	8	14	0	1	1	0.9110	1.0010
54	731	1	1227.5027	7	10	90	1	1	0.9111	0.8431
54	732	1	1229.0528	8	14	0	1	1	0.9112	0.6533
54	733	1	1230.6028	5	1	0	1	1	0.9113	0.7516
54	734	1	1232.1528	6	7	0	1	1	0.9114	0.6255
54	735	1	1233.7028	5	1	0	1	1	0.9116	0.7071
54	736	1	1235.2528	8	14	90	1	1	0.9117	0.7415
54	737	1	1236.8028	9	8	0	1	1	0.9118	0.7115
54	738	1	1238.3528	12	15	0	1	1	0.9119	0.7296
54	739	1	1239.9028	9	8	90	1	1	0.9120	0.7794
54	740	1	1241.4528	11	13	0	1	1	0.9122	0.7010
54	741	1	1243.0028	9	8	0	0	1	0.9109	0.7350
54	742	1	1244.5528	8	14	90	1	1	0.9111	1.0890
54	743	1	1246.1028	7	10	0	1	1	0.9112	0.9473
54	744	1	1247.6528	6	7	90	1	1	0.9113	0.7575
54	745	1	1249.2028	7	10	0	1	1	0.9114	0.7270
54	746	1	1250.7528	6	7	0	1	1	0.9115	0.7454
54	747	1	1252.3028	4	11	0	1	1	0.9116	0.8433
54	748	1	1253.8528	5	1	0	1	1	0.9118	0.6377
54	749	1	1255.4028	4	11	0	1	1	0.9119	0.7198
54	750	1	1256.9528	5	1	0	1	1	0.9120	0.6895
54	751	1	1258.5028	6	7	0	1	1	0.9121	0.6111
54	752	1	1260.0528	5	1	0	1	1	0.9122	0.6291
54	753	1	1261.6028	8	14	0	1	1	0.9124	0.7110
54	754	1	1263.1528	9	8	0	1	1	0.9125	0.6177
54	755	1	1264.7529	11	13	90	1	1	0.9126	0.7935
54	756	1	1266.3029	9	8	0	1	1	0.9127	0.6353
54	757	1	1267.8529	10	2	0	1	1	0.9128	0.7330
54	758	1	1269.4029	9	8	0	1	1	0.9129	0.7997
54	759	1	1270.9529	11	13	90	1	1	0.9130	0.8817
54	760	1	1272.5028	13	6	0	1	1	0.9132	0.7071
54	761	1	1274.0529	14	9	0	1	1	0.9133	0.7249
54	762	1	1275.6028	1	4	0	1	1	0.9134	0.5990
54	763	1	1277.1528	15	3	0	1	1	0.9135	0.6814
54	764	1	1278.7029	3	12	0	1	1	0.9136	0.6995
54	765	1	1280.2529	2	5	0	1	1	0.9137	0.6217
54	766	1	1281.8029	15	3	0	1	1	0.9138	0.6554
54	767	1	1283.3530	3	12	0	1	1	0.9140	0.6254
54	768	1	1284.9029	1	4	90	1	1	0.9141	0.7397
54	769	1	1286.4528	3	12	0	1	1	0.9142	0.6777
54	770	1	1288.0029	15	3	0	1	1	0.9143	0.6794
54	771	1	1289.5529	2	5	0	1	1	0.9144	0.6490
54	772	1	1291.1029	1	4	90	1	1	0.9145	0.8113
54	773	1	1292.6529	14	9	0	1	1	0.9146	0.7330
54	774	1	1294.2030	1	4	0	1	1	0.9147	0.7199
54	775	1	1295.7529	14	9	0	1	1	0.9148	0.6901
54	776	1	1297.3029	2	5	0	1	1	0.9149	0.6589
54	777	1	1298.8530	14	9	0	1	1	0.9151	0.7092
54	778	1	1300.4029	13	6	0	1	1	0.9152	0.6312
54	779	1	1301.9529	12	15	0	1	1	0.9153	0.7292
54	780	1	1303.5029	13	6	0	1	1	0.9154	0.6350
54	781	1	1305.0529	14	9	0	1	1	0.9155	0.5889
54	782	1	1306.6030	2	5	0	1	1	0.9156	0.5589
54	783	1	1308.1530	1	4	0	1	1	0.9157	0.6089
54	784	1	1309.7030	2	5	90	0	1	0.9145	0.6598
54	785	1	1311.2529	3	12	0	1	1	0.9146	0.6930
54	786	1	1312.8029	4	11	0	1	1	0.9148	1.0633
54	787	1	1314.3530	6	7	0	1	1	0.9149	0.7769
54	788	1	1315.9030	5	1	0	1	1	0.9150	0.7149
54	789	1	1317.4530	8	14	0	1	1	0.9151	1.0532
54	790	1	1319.0030	7	10	0	1	1	0.9152	0.7512
54	791	1	1320.5530	4	11	0	1	1	0.9153	0.9929
54	792	1	1322.1029	3	12	0	1	1	0.9154	0.7874
54	793	1	1323.6530	4	11	90	0	1	0.9142	1.2050
54	794	1	1325.2030	6	7	0	1	1	0.9144	0.6789
54	795	1	1326.7530	7	10	90	1	1	0.9145	1.0974
54	796	1	1328.3030	8	14	90	1	1	0.9146	0.8917
54	797	1	1329.8530	5	1	0	1	1	0.9147	0.5892
54	798	1	1331.4030	8	14	0	1	1	0.9148	0.6235
54	799	1	1332.9530	6	7	0	1	1	0.9149	0.7053
54	800	1	1334.5030	7	10	0	1	1	0.9150	0.8672
54	801	1	1336.0530	4	11	90	1	1	0.9151	0.8692
54	802	1	1337.6031	5	1	90	1	1	0.9152	0.9518
54	803	1	1339.1530	7	10	90	1	1	0.9153	0.8250
54	804	1	1340.7030	5	1	0	1	1	0.9154	0.6511
54	805	1	1342.2530	6	7	0	1	1	0.9155	0.6213
54	806	1	1343.8031	5	1	0	1	1	0.9156	0.6715
54	807	1	1345.3531	6	7	0	1	1	0.9157	0.6252
54	808	1	1346.9030	4	11	0	1	1	0.9158	1.0430
54	809	1	1348.4530	5	1	0	1	1	0.9159	0.7732
54	810	1	1350.0030	7	10	90	1	1	0.9160	0.8069
54	811	1	1351.5531	4	11	0	1	1	0.9162	0.9057
54	812	1	1353.1031	5	1	0	1	1	0.9163	0.6509
54	813	1	1354.6530	4	11	90	1	1	0.9164	0.9894
54	814	1	1356.2030	7	10	0	1	1	0.9165	1.1989
54	815	1	1357.7531	6	7	0	1	1	0.9166	0.6893
54	816	1	1359.3031	4	11	0	1	1	0.9167	0.7072
54	817	1	1360.8531	3	12	0	1	1	0.9168	0.8215
54	818	1	1362.4031	4	11	0	1	1	0.9169	0.7431
54	819	1	1363.9530	7	10	0	1	1	0.9170	0.8249
54	820	1	1365.5030	5	1	0	1	1	0.9171	0.6512
54	821	1	1367.0531	6	7	0	1	1	0.9172	0.7170
54	822	1	1368.6031	8	14	0	1	1	0.9173	0.6719
54	823	1	1370.1531	5	1	0	1	1	0.9174	0.6731
54	824	1	1371.7031	4	11	0	1	1	0.9175	0.6749
54	825	1	1373.2531	7	10	0	1	1	0.9176	0.6132
54	826	1	1374.8031	6	7	90	1	1	0.9177	0.7909
54	827	1	1376.3531	4	11	0	1	1	0.9178	0.7291
54	828	1	1377.9031	7	10	0	1	1	0.9179	0.6989
54	829	1	1379.4531	6	7	0	1	1	0.9180	0.7174
54	830	1	1381.0031	5	1	0	1	1	0.9181	0.6231
54	831	1	1382.5531	8	14	90	1	1	0.9182	0.7693
54	832	1	1384.1031	6	7	0	1	1	0.9183	0.6111
54	833	1	1385.6531	5	1	0	1	1	0.9184	0.4853
54	834	1	1387.2032	6	7	90	1	1	0.9185	0.6792
54	835	1	1388.7531	8	14	0	1	1	0.9186	1.0653
54	836	1	1390.3032	7	10	0	1	1	0.9187	0.8748
54	837	1	1391.8531	5	1	0	1	1	0.9188	0.7169
54	838	1	1393.4031	4	11	0	1	1	0.9189	0.6389
54	839	1	1394.9532	6	7	0	1	1	0.9190	0.7051
54	840	1	1396.5031	7	10	90	1	1	0.9190	0.8671
54	841	1	1398.0532	5	1	0	1	1	0.9191	0.6130
54	842	1	1399.6032	8	14	0	1	1	0.9192	0.7270
54	843	1	1401.1532	7	10	0	0	1	0.9181	0.9528
54	844	1	1402.7032	4	11	0	1	1	0.9182	1.2112
54	845	1	1404.2531	6	7	0	1	1	0.9183	0.8776
54	846	1	1405.8031	8	14	0	1	1	0.9184	0.6713
54	847	1	1407.3532	9	8	0	1	1	0.9185	0.6575
54	848	1	1408.9032	8	14	0	1	1	0.9186	0.8348
54	849	1	1410.4532	5	1	0	1	1	0.9187	0.6931
54	850	1	1412.0032	6	7	0	1	1	0.9188	0.5988
54	851	1	1413.5533	4	11	0	1	1	0.9189	0.6495
54	852	1	1415.1032	6	7	0	1	1	0.9190	0.6028
54	853	1	1416.6532	5	1	0	1	1	0.9191	0.6528
54	854	1	1418.2032	7	10	0	1	1	0.9192	0.9433
54	855	1	1419.7532	8	14	0	1	1	0.9193	0.7372
54	856	1	1421.3032	6	7	0	1	1	0.9194	0.6112
54	857	1	1422.8532	7	10	0	1	1	0.9195	0.7093
54	858	1	1424.4032	6	7	0	1	1	0.9196	0.6469
54	859	1	1425.9532	7	10	0	1	1	0.9197	0.6492
54	860	1	1427.5032	6	7	0	1	1	0.9198	0.6033
54	861	1	1429.0532	7	10	0	1	1	0.9199	0.5568
54	862	1	1430.6032	5	1	0	1	1	0.9200	0.5748
54	863	1	1432.1533	7	10	0	1	1	0.9200	0.7050
54	864	1	1433.7032	4	11	0	1	1	0.9201	0.7714
54	865	1	1435.2532	3	12	0	1	1	0.9202	0.7733
54	866	1	1436.8032	4	11	0	1	1	0.9203	0.7111
54	867	1	1438.3532	7	10	0	1	1	0.9204	0.7450
54	868	1	1439.9032	8	14	0	1	1	0.9205	0.6833
54	869	1	1441.4532	5	1	0	1	1	0.9206	0.8454
54	870	1	1443.0033	4	11	0	1	1	0.9207	0.7351
54	871	1	1444.5533	3	12	0	1	1	0.9208	0.7047
54	872	1	1446.1033	2	5	0	1	1	0.9209	0.6751
54	873	1	1447.6533	15	3	0	1	1	0.9210	0.6448
54	874	1	1449.2033	1	4	0	1	1	0.9211	0.6472
54	875	1	1450.7533	15	3	0	1	1	0.9211	0.5531
54	876	1	1452.3033	1	4	0	1	1	0.9212	1.2109
54	877	1	1453.8533	2	5	0	1	1	0.9213	0.9888
54	878	1	1455.4033	3	12	0	1	1	0.9214	0.6550
54	879	1	1456.9533	4	11	90	0	1	0.9204	0.6888
54	880	1	1458.5033	6	7	0	1	1	0.9205	0.7396
54	881	1	1460.0533	8	14	0	1	1	0.9205	0.6932
54	882	1	1461.6034	7	10	0	1	1	0.9206	0.6792
54	883	1	1463.1534	5	1	90	1	1	0.9207	0.7291
54	884	1	1464.7033	4	11	0	1	1	0.9208	0.8429
54	885	1	1466.2533	3	12	0	1	1	0.9209	0.6854
54	886	1	1467.8034	2	5	0	1	1	0.9210	0.6712
54	887	1	1469.3533	15	3	0	1	1	0.9211	0.5768
54	888	1	1470.9033	3	12	0	1	1	0.9212	0.6269
54	889	1	1472.4533	2	5	0	1	1	0.9213	0.6614
54	890	1	1474.0033	15	3	0	1	1	0.9213	0.6470
54	891	1	1475.5534	14	9	0	1	1	0.9214	0.5532
54	892	1	1477.1033	1	4	90	1	1	0.9215	0.6190
54	893	1	1478.6533	15	3	0	1	1	0.9216	0.5732
54	894	1	1480.2033	14	9	0	1	1	0.9217	0.5747
54	895	1	1481.7533	2	5	0	1	1	0.9218	0.6091
54	896	1	1483.3033	15	3	90	0	1	0.9208	0.6592
54	897	1	1484.8533	3	12	0	1	1	0.9208	0.7251
54	898	1	1486.4034	1	4	0	1	1	0.9209	0.6790
54	899	1	1487.9533	14	9	0	1	1	0.9210	0.6172
54	900	1	1489.5034	2	5	0	1	1	0.9211	0.6512
54	901	1	1491.0534	15	3	90	1	1	0.9212	0.6854
54	902	1	1492.6034	2	5	0	1	1	0.9213	0.6076
54	903	1	1494.1535	1	4	0	1	1	0.9214	0.6574
54	904	1	1495.7034	3	12	90	1	1	0.9215	0.8191
54	905	1	1497.2534	4	11	90	1	1	0.9215	1.0927
54	906	1	1498.8035	3	12	0	1	1	0.9216	0.6947
54	907	1	1500.3534	1	4	0	1	1	0.9217	0.6337
54	908	1	1501.9034	2	5	0	1	1	0.9218	0.5711
54	909	1	1503.4534	3	12	0	1	1	0.9219	0.7493
54	910	1	1505.0035	1	4	0	-1	0	0.9209	-1.0000
54	911	1	1506.7201	15	3	0	0	1	0.9199	1.0343
54	912	1	1508.2701	3	12	0	1	1	0.9200	0.5881
54	913	1	1509.8201	4	11	0	1	1	0.9200	1.1184
54	914	1	1511.3701	7	10	90	1	1	0.9201	0.8804
54	915	1	1512.9201	5	1	0	1	1	0.9202	0.7223
54	916	1	1514.4701	8	14	0	1	1	0.9203	0.6120
54	917	1	1516.0201	9	8	0	1	1	0.9204	0.6140
54	918	1	1517.5701	11	13	0	1	1	0.9205	0.7601
54	919	1	1519.1202	13	6	0	1	1	0.9206	0.6345
54	920	1	1520.6702	14	9	0	1	1	0.9207	0.5721
54	921	1	1522.2202	2	5	0	1	1	0.9207	0.6704
54	922	1	1523.7701	3	12	0	1	1	0.9208	0.6722
54	923	1	1525.3201	2	5	0	1	1	0.9209	0.6907
54	924	1	1526.8702	3	12	0	1	1	0.9210	0.6764
54	925	1	1528.4201	4	11	0	1	1	0.9211	0.8544
54	926	1	1529.9702	6	7	90	0	1	0.9201	0.7759
54	927	1	1531.5201	7	10	0	1	1	0.9202	0.9700
54	928	1	1533.0702	8	14	0	1	1	0.9203	0.7483
54	929	1	1534.6201	9	8	0	1	1	0.9203	0.7029
54	930	1	1536.1702	10	2	0	1	1	0.9204	0.7522
54	931	1	1537.7202	12	15	0	1	1	0.9205	0.7386
54	932	1	1539.2702	9	8	0	1	1	0.9206	0.6284
54	933	1	1540.8202	10	2	90	1	1	0.9207	0.8063
54	934	1	1542.3702	11	13	90	1	1	0.9208	0.6810
54	935	1	1543.9202	12	15	0	1	1	0.9209	0.6187
54	936	1	1545.4702	13	6	0	1	1	0.9209	0.6207
54	937	1	1547.0202	11	13	90	1	1	0.9210	0.7346
54	938	1	1548.5702	10	2	0	1	1	0.9211	0.6405
54	939	1	1550.1202	13	6	0	1	1	0.9212	0.5940
54	940	1	1551.6702	10	2	0	1	1	0.9213	0.5329
54	941	1	1553.2202	9	8	0	1	1	0.9214	0.6463
54	942	1	1554.7702	12	15	90	1	1	0.9214	0.8403
54	943	1	1556.3202	11	13	0	-1	0	0.9205	-1.0000
54	944	1	1558.0702	12	15	90	1	1	0.9206	0.9160
54	945	1	1559.6202	10	2	0	1	1	0.9206	0.7264
54	946	1	1561.1702	9	8	0	1	1	0.9207	0.6005
54	947	1	1562.7202	12	15	0	1	1	0.9208	0.6187
54	948	1	1564.2703	9	8	90	1	1	0.9209	0.7159
54	949	1	1565.8203	11	13	0	1	1	0.9210	0.7182
54	950	1	1567.3703	12	15	0	1	1	0.9211	0.6084
54	951	1	1568.9202	13	6	0	1	1	0.9211	0.6419
54	952	1	1570.4702	14	9	0	1	1	0.9212	0.6443
54	953	1	1572.0203	2	5	90	1	1	0.9213	0.8226
54	954	1	1573.5703	3	12	90	1	1	0.9214	0.8727
54	955	1	1575.1203	4	11	0	1	1	0.9215	0.8902
54	956	1	1576.6703	7	10	0	1	1	0.9215	1.4846
54	957	1	1578.3703	8	14	0	1	1	0.9216	0.7600
54	958	1	1579.9203	5	1	0	0	1	0.9207	0.7783
54	959	1	1581.4703	7	10	0	1	1	0.9208	0.7005
54	960	1	1583.0203	6	7	0	1	1	0.9208	0.6392
54	961	1	1584.5703	5	1	0	1	1	0.9209	0.6408
54	962	1	1586.1204	7	10	0	1	1	0.9210	0.5621
54	963	1	1587.6703	8	14	90	1	1	0.9211	0.7888
54	964	1	1589.2203	5	1	90	1	1	0.9212	0.7427
54	965	1	1590.7703	6	7	0	1	1	0.9212	0.6643
54	966	1	1592.3203	4	11	0	1	1	0.9213	0.8104
54	967	1	1593.8703	7	10	0	1	1	0.9214	1.1000
54	968	1	1595.4203	4	11	90	0	1	0.9205	0.8783
54	969	1	1596.9703	5	1	90	1	1	0.9205	0.7523
54	970	1	1598.5203	7	10	0	1	1	0.9206	1.1063
54	971	1	1600.0703	8	14	0	1	1	0.9207	0.7401
54	972	1	1601.6203	6	7	0	1	1	0.9208	0.7588
54	973	1	1603.1704	5	1	0	1	1	0.9209	0.8238
54	974	1	1604.7204	6	7	0	1	1	0.9209	0.6178
54	975	1	1606.2704	5	1	90	1	1	0.9210	0.6683
54	976	1	1607.8205	8	14	90	1	1	0.9211	0.7984
54	977	1	1609.3704	5	1	0	1	1	0.9212	0.7523
54	978	1	1610.9204	7	10	0	1	1	0.9213	0.6739
54	979	1	1612.4704	8	14	0	1	1	0.9213	0.6442
54	980	1	1614.0203	5	1	0	1	1	0.9214	0.7103
54	981	1	1615.5704	6	7	0	1	1	0.9215	0.5844
54	982	1	1617.1204	5	1	90	1	1	0.9216	0.6503
54	983	1	1618.6704	8	14	0	1	1	0.9217	0.5399
54	984	1	1620.2204	9	8	0	1	1	0.9217	0.6382
54	985	1	1621.7704	11	13	0	1	1	0.9218	0.8645
54	986	1	1623.3204	9	8	0	1	1	0.9219	0.6584
54	987	1	1624.8704	10	2	0	1	1	0.9220	0.6602
54	988	1	1626.4204	13	6	90	1	1	0.9221	0.7579
54	989	1	1627.9704	11	13	0	1	1	0.9221	0.8883
54	990	1	1629.5204	13	6	0	1	1	0.9222	0.6183
54	991	1	1631.0704	11	13	0	1	1	0.9223	0.5559
54	992	1	1632.6204	12	15	0	1	1	0.9224	0.6223
54	993	1	1634.1704	13	6	0	1	1	0.9225	0.7042
54	994	1	1635.7205	12	15	0	1	1	0.9225	0.6103
54	995	1	1637.2704	13	6	0	1	1	0.9226	0.6442
54	996	1	1638.8204	12	15	0	1	1	0.9227	0.5664
54	997	1	1640.3704	11	13	90	1	1	0.9228	0.6963
54	998	1	1641.9204	9	8	0	1	1	0.9228	0.6019
54	999	1	1643.4705	12	15	0	1	1	0.9229	0.6365
54	1000	1	1645.0205	9	8	0	1	1	0.9230	0.7499
54	1001	1	1646.5704	12	15	0	1	1	0.9231	0.6402
54	1002	1	1648.1204	13	6	0	1	1	0.9232	0.6742
54	1003	1	1649.6704	11	13	0	1	1	0.9232	0.5959
54	1004	1	1651.2205	12	15	90	1	1	0.9233	0.8225
54	1005	1	1652.7704	13	6	90	0	1	0.9224	0.6959
54	1006	1	1654.3205	12	15	90	1	1	0.9225	0.8103
54	1007	1	1655.8705	11	13	0	1	1	0.9225	0.8762
54	1008	1	1657.4205	12	15	90	1	1	0.9226	0.7024
54	1009	1	1658.9705	11	13	0	1	1	0.9227	0.6238
54	1010	1	1660.5205	13	6	0	1	1	0.9228	0.6901
54	1011	1	1662.0705	12	15	0	1	1	0.9228	0.7085
54	1012	1	1663.6205	11	13	0	1	1	0.9229	0.6622
54	1013	1	1665.1704	12	15	0	1	1	0.9230	0.5523
54	1014	1	1666.7205	13	6	0	1	1	0.9231	0.5701
54	1015	1	1668.2705	14	9	0	1	1	0.9232	0.7323
54	1016	1	1669.8206	15	3	0	1	1	0.9232	0.7818
54	1017	1	1671.3705	3	12	0	1	1	0.9233	0.6886
54	1018	1	1672.9205	15	3	0	1	1	0.9234	0.6098
54	1019	1	1674.4705	2	5	0	1	1	0.9235	0.5319
54	1020	1	1676.0206	1	4	0	1	1	0.9235	0.5022
54	1021	1	1677.5705	14	9	0	1	1	0.9236	0.5522
54	1022	1	1679.1206	2	5	0	1	1	0.9237	0.6344
54	1023	1	1680.6706	3	12	0	1	1	0.9238	0.7001
54	1024	1	1682.2205	15	3	0	1	1	0.9238	0.7339
54	1025	1	1683.7705	2	5	0	1	1	0.9239	0.5762
54	1026	1	1685.3206	14	9	0	1	1	0.9240	0.5464
54	1027	1	1686.8705	2	5	0	1	1	0.9241	0.5486
54	1028	1	1688.4205	3	12	90	1	1	0.9241	0.7103
54	1029	1	1689.9705	15	3	0	1	1	0.9242	0.7919
54	1030	1	1691.5206	14	9	0	1	1	0.9243	0.6664
54	1031	1	1693.0705	15	3	0	1	1	0.9243	0.8121
54	1032	1	1694.6206	3	12	0	1	1	0.9244	0.5743
54	1033	1	1696.1706	1	4	0	1	1	0.9245	0.6558
54	1034	1	1697.7206	15	3	0	1	1	0.9246	0.9626
54	1035	1	1699.2706	14	9	0	1	1	0.9246	0.6442
54	1036	1	1700.8207	13	6	0	1	1	0.9247	0.5662
54	1037	1	1702.3706	12	15	0	1	1	0.9248	0.5844
54	1038	1	1703.9206	10	2	0	1	1	0.9249	0.6660
54	1039	1	1705.4706	13	6	0	1	1	0.9249	0.5719
54	1040	1	1707.0206	12	15	0	1	1	0.9250	0.5902
54	1041	1	1708.5707	9	8	0	1	1	0.9251	0.7680
54	1042	1	1710.1206	8	14	90	1	1	0.9251	0.7538
54	1043	1	1711.6707	9	8	0	1	1	0.9252	0.5645
54	1044	1	1713.2207	12	15	0	1	1	0.9253	0.7417
54	1045	1	1714.7706	9	8	0	1	1	0.9254	0.6638
54	1046	1	1716.3207	11	13	0	1	1	0.9254	0.6344
54	1047	1	1717.8708	9	8	0	1	1	0.9255	0.6205
54	1048	1	1719.4208	8	14	0	1	1	0.9256	0.7665
54	1049	1	1720.9707	6	7	0	1	1	0.9256	0.7523
54	1050	1	1722.5208	5	1	0	1	1	0.9257	0.8817
54	1051	1	1724.0708	7	10	0	1	1	0.9258	0.8366
54	1052	1	1725.6208	5	1	0	1	1	0.9259	0.6296
54	1053	1	1727.1708	6	7	0	1	1	0.9259	0.6325
54	1054	1	1728.7206	4	11	0	1	1	0.9260	0.7947
54	1055	1	1730.2708	7	10	0	1	1	0.9261	0.6684
54	1056	1	1731.8208	5	1	90	1	1	0.9261	0.6706
54	1057	1	1733.3708	6	7	0	1	1	0.9262	0.6562
54	1058	1	1734.9208	7	10	0	1	1	0.9263	0.6266
54	1059	1	1736.4709	8	14	0	1	1	0.9263	0.6284
54	1060	1	1738.0208	5	1	0	1	1	0.9264	0.7426
54	1061	1	1739.5708	6	7	0	1	1	0.9265	0.5206
54	1062	1	1741.1208	5	1	0	1	1	0.9266	0.5067
54	1063	1	1742.6708	7	10	0	1	1	0.9266	0.5086
54	1064	1	1744.2209	4	11	0	1	1	0.9267	0.6856
54	1065	1	1745.7708	5	1	0	1	1	0.9268	0.6566
54	1066	1	1747.3208	6	7	0	1	1	0.9268	0.5464
54	1067	1	1748.8708	5	1	0	1	1	0.9269	0.6121
54	1068	1	1750.4208	7	10	0	1	1	0.9270	0.6141
54	1069	1	1751.9708	4	11	0	1	1	0.9270	0.6486
54	1070	1	1753.5208	7	10	0	1	1	0.9271	0.5866
54	1071	1	1755.0708	8	14	90	1	1	0.9272	0.7796
54	1072	1	1756.6209	7	10	0	1	1	0.9272	0.6384
54	1073	1	1758.1709	4	11	0	1	1	0.9273	0.7844
54	1074	1	1759.7208	6	7	0	1	1	0.9274	0.6576
54	1075	1	1761.2708	4	11	0	1	1	0.9274	0.5006
54	1076	1	1762.8209	7	10	90	0	1	0.9266	0.3257
54	1077	1	1764.3708	8	14	0	1	1	0.9266	0.5997
54	1078	1	1765.9208	5	1	0	1	1	0.9267	0.6176
54	1079	1	1767.4709	6	7	90	1	1	0.9268	0.8281
54	1080	1	1769.0207	4	11	0	1	1	0.9269	0.6698
54	1081	1	1770.5709	7	10	90	1	1	0.9269	0.7196
54	1082	1	1772.1208	6	7	0	1	1	0.9270	0.8024
54	1083	1	1773.6708	8	14	0	1	1	0.9271	0.7080
54	1084	1	1775.2208	6	7	0	1	1	0.9271	0.6946
54	1085	1	1776.7709	7	10	0	1	1	0.9272	0.7125
54	1086	1	1778.3209	8	14	0	1	1	0.9273	0.6342
54	1087	1	1779.8709	7	10	90	1	1	0.9273	0.6836
54	1088	1	1781.4209	8	14	0	1	1	0.9274	0.6700
54	1089	1	1782.9709	9	8	0	1	1	0.9275	0.6882
54	1090	1	1784.5208	12	15	90	1	1	0.9275	0.9306
54	1091	1	1786.0710	11	13	0	1	1	0.9276	0.6759
54	1092	1	1787.6209	10	2	90	1	1	0.9277	0.7585
54	1093	1	1789.1709	11	13	0	1	1	0.9277	0.6484
54	1094	1	1790.7208	10	2	0	1	1	0.9278	0.7142
54	1095	1	1792.2708	13	6	0	1	1	0.9279	0.6841
54	1096	1	1793.8208	12	15	90	1	1	0.9279	1.1177
54	1097	1	1795.3708	10	2	0	1	1	0.9280	0.6881
54	1098	1	1796.9208	9	8	0	1	1	0.9281	0.6906
54	1099	1	1798.4708	11	13	0	1	1	0.9281	0.6597
54	1100	1	1800.0208	13	6	0	1	1	0.9282	0.6622
54	1101	1	1801.5708	14	9	0	1	1	0.9282	0.6162
54	1102	1	1803.1208	1	4	90	1	1	0.9283	0.6822
54	1103	1	1804.6708	14	9	0	1	1	0.9284	0.6201
54	1104	1	1806.2208	13	6	90	1	1	0.9284	0.7017
54	1105	1	1807.7708	14	9	0	1	1	0.9285	0.5602
54	1106	1	1809.3208	1	4	0	1	1	0.9286	0.6420
54	1107	1	1810.8710	15	3	90	1	1	0.9286	0.7085
54	1108	1	1812.4210	2	5	0	1	1	0.9287	0.5975
54	1109	1	1813.9710	3	12	90	0	1	0.9279	0.7285
54	1110	1	1815.5210	1	4	0	1	1	0.9279	0.6176
54	1111	1	1817.0710	14	9	0	1	1	0.9280	0.5236
54	1112	1	1818.6210	15	3	90	1	1	0.9281	0.8296
54	1113	1	1820.1710	1	4	0	1	1	0.9281	0.6079
54	1114	1	1821.7209	14	9	0	1	1	0.9282	0.6417
54	1115	1	1823.2710	15	3	0	1	1	0.9283	0.6602
54	1116	1	1824.8210	2	5	0	1	1	0.9283	0.7099
54	1117	1	1826.3709	15	3	0	1	1	0.9284	0.7445
54	1118	1	1827.9210	14	9	0	1	1	0.9284	0.5858
54	1119	1	1829.4710	2	5	0	1	1	0.9285	0.5245
54	1120	1	1831.0210	1	4	90	1	1	0.9286	0.6384
54	1121	1	1832.5710	14	9	0	1	1	0.9286	0.5765
54	1122	1	1834.1210	1	4	0	1	1	0.9287	0.5303
54	1123	1	1835.6711	15	3	0	1	1	0.9288	0.6283
54	1124	1	1837.2210	3	12	0	1	1	0.9288	0.7105
54	1125	1	1838.7710	2	5	0	1	1	0.9289	0.6005
54	1126	1	1840.3210	3	12	0	1	1	0.9290	0.6656
54	1127	1	1841.8710	15	3	0	1	1	0.9290	0.6524
54	1128	1	1843.4210	1	4	90	1	1	0.9291	0.6855
54	1129	1	1844.9709	2	5	0	1	1	0.9291	0.6087
54	1130	1	1846.5211	3	12	0	1	1	0.9292	0.8015
54	1131	1	1848.0710	1	4	0	1	1	0.9293	0.7243
54	1132	1	1849.6211	15	3	0	1	1	0.9293	0.7895
54	1133	1	1851.1711	3	12	0	1	1	0.9294	0.5843
54	1134	1	1852.7210	2	5	0	1	1	0.9295	0.6345
54	1135	1	1854.2712	3	12	90	0	1	0.9286	0.5720
54	1136	1	1855.8210	1	4	0	1	1	0.9287	0.6225
54	1137	1	1857.3711	3	12	0	1	1	0.9288	1.0724
54	1138	1	1858.9210	1	4	0	1	1	0.9288	0.7224
54	1139	1	1860.4710	3	12	90	1	1	0.9289	0.7235
54	1140	1	1862.0210	2	5	0	1	1	0.9289	0.6136
54	1141	1	1863.5710	14	9	0	1	1	0.9290	0.5680
54	1142	1	1865.1211	15	3	0	1	1	0.9291	0.7455
54	1143	1	1866.6711	2	5	0	1	1	0.9291	0.5884
54	1144	1	1868.2212	1	4	90	1	1	0.9292	0.7503
54	1145	1	1869.7711	3	12	0	1	1	0.9293	0.7675
54	1146	1	1871.3212	4	11	0	1	1	0.9293	0.9144
54	1147	1	1872.8711	3	12	0	1	1	0.9294	0.7241
54	1148	1	1874.4211	15	3	0	1	1	0.9294	0.6624
54	1149	1	1875.9711	14	9	90	0	1	0.9286	0.6164
54	1150	1	1877.5211	15	3	0	1	1	0.9287	0.6025
54	1151	1	1879.0711	14	9	90	1	1	0.9288	0.9883
54	1152	1	1880.6212	13	6	0	1	1	0.9288	0.6695
54	1153	1	1882.1712	12	15	90	1	1	0.9289	0.7674
54	1154	1	1883.7210	13	6	0	1	1	0.9289	0.7056
54	1155	1	1885.2711	14	9	0	1	1	0.9290	0.7085
54	1156	1	1886.8212	13	6	0	1	1	0.9291	0.5980
54	1157	1	1888.3711	12	15	90	1	1	0.9291	0.7122
54	1158	1	1889.9211	13	6	0	1	1	0.9292	0.6825
54	1159	1	1891.4712	10	2	90	1	1	0.9292	0.7643
54	1160	1	1893.0211	9	8	0	1	1	0.9293	0.6704
54	1161	1	1894.5711	11	13	0	1	1	0.9294	0.6884
54	1162	1	1896.1211	12	15	0	1	1	0.9294	0.7064
54	1163	1	1897.6712	13	6	0	1	1	0.9295	0.6279
54	1164	1	1899.2211	10	2	0	1	1	0.9296	0.6295
54	1165	1	1900.7712	11	13	90	1	1	0.9296	0.6804
54	1166	1	1902.3212	13	6	0	1	1	0.9297	0.6187
54	1167	1	1903.8712	10	2	0	1	1	0.9297	0.6835
54	1168	1	1905.4212	13	6	0	1	1	0.9298	0.7334
54	1169	1	1906.9712	12	15	0	0	1	0.9290	0.5924
54	1170	1	1908.5212	11	13	0	1	1	0.9291	0.6419
54	1171	1	1910.0712	12	15	0	1	1	0.9291	0.5960
54	1172	1	1911.6211	11	13	0	1	1	0.9292	0.6463
54	1173	1	1913.1713	13	6	0	1	1	0.9292	0.7123
54	1174	1	1914.7212	12	15	90	1	1	0.9293	0.7944
54	1175	1	1916.2714	13	6	0	1	1	0.9294	0.7641
54	1176	1	1917.8212	14	9	0	1	1	0.9294	0.6859
54	1177	1	1919.3713	15	3	0	1	1	0.9295	0.7194
54	1178	1	1920.9212	1	4	0	1	1	0.9295	0.6263
54	1179	1	1922.4712	3	12	0	1	1	0.9296	0.7723
54	1180	1	1924.0212	4	11	90	1	1	0.9297	1.1103
54	1181	1	1925.5711	7	10	0	1	1	0.9297	0.7762
54	1182	1	1927.1211	5	1	0	1	1	0.9298	0.6341
54	1183	1	1928.6712	8	14	0	1	1	0.9298	0.7003
54	1184	1	1930.2213	9	8	90	1	1	0.9299	0.8458
54	1185	1	1931.7712	8	14	0	1	1	0.9300	0.5920
54	1186	1	1933.3212	5	1	0	1	1	0.9300	0.6894
54	1187	1	1934.8713	6	7	0	1	1	0.9301	0.6114
54	1188	1	1936.4211	4	11	0	1	1	0.9301	0.8705
54	1189	1	1937.9713	7	10	0	1	1	0.9302	0.6794
54	1190	1	1939.5212	8	14	0	1	1	0.9303	0.6023
54	1191	1	1941.0713	5	1	0	1	1	0.9303	0.6204
54	1192	1	1942.6213	4	11	0	1	1	0.9304	0.6858
54	1193	1	1944.1712	5	1	0	1	1	0.9304	0.6082
54	1194	1	1945.7213	4	11	0	1	1	0.9305	0.8174
54	1195	1	1947.2713	5	1	0	1	1	0.9305	0.7078
54	1196	1	1948.8213	7	10	0	1	1	0.9306	0.6454
54	1197	1	1950.3712	5	1	0	1	1	0.9307	0.5841
54	1198	1	1951.9213	4	11	0	1	1	0.9307	0.6174
54	1199	1	1953.4713	3	12	90	1	1	0.9308	0.8915
54	1200	1	1955.0214	2	5	0	1	1	0.9308	0.6378
54	1201	1	1956.5714	14	9	0	1	1	0.9309	0.6716
54	1202	1	1958.1212	15	3	0	1	1	0.9309	0.6896
54	1203	1	1959.6713	3	12	0	1	1	0.9310	0.6918
54	1204	1	1961.2213	2	5	90	1	1	0.9311	0.7743
54	1205	1	1962.7714	14	9	0	1	1	0.9311	0.6954
54	1206	1	1964.3213	2	5	0	1	1	0.9312	0.5858
54	1207	1	1965.8712	3	12	0	1	1	0.9312	0.6363
54	1208	1	1967.4215	15	3	0	1	1	0.9313	0.7343
54	1209	1	1968.9714	14	9	0	1	1	0.9313	0.5282
54	1210	1	1970.5213	13	6	0	1	1	0.9314	0.7704
54	1211	1	1972.0714	10	2	90	1	1	0.9315	1.0914
54	1212	1	1973.6214	13	6	0	1	1	0.9315	0.7102
54	1213	1	1975.1714	10	2	0	1	1	0.9316	0.9994
54	1214	1	1976.7214	11	13	0	1	1	0.9316	0.8583
54	1215	1	1978.2714	12	15	0	1	1	0.9317	1.0363
54	1216	1	1979.8214	10	2	0	1	1	0.9317	0.6693
54	1217	1	1981.3714	9	8	0	1	1	0.9318	0.6880
54	1218	1	1982.9214	8	14	0	1	1	0.9319	0.8503
54	1219	1	1984.4714	9	8	0	1	1	0.9319	0.6602
54	1220	1	1986.0214	11	13	0	1	1	0.9320	0.5974
54	1221	1	1987.5714	13	6	0	1	1	0.9320	0.3763
54	1222	1	1989.1214	11	13	0	1	1	0.9321	0.6654
54	1223	1	1990.6713	13	6	0	1	1	0.9321	0.6684
54	1224	1	1992.2214	14	9	90	1	1	0.9322	0.8303
54	1225	1	1993.7714	2	5	0	1	1	0.9322	0.9762
54	1226	1	1995.3214	1	4	0	1	1	0.9323	0.7854
54	1227	1	1996.8714	3	12	0	1	1	0.9324	0.7404
54	1228	1	1998.4213	2	5	0	1	1	0.9324	0.7097
54	1229	1	1999.9714	15	3	0	1	1	0.9325	0.6643
54	1230	1	2001.5214	3	12	0	1	1	0.9325	0.6024
54	1231	1	2003.0714	15	3	90	1	1	0.9326	0.7644
54	1232	1	2004.6215	2	5	90	1	1	0.9326	0.7177
54	1233	1	2006.1715	1	4	0	1	1	0.9327	0.7202
54	1234	1	2007.7215	2	5	0	1	1	0.9327	0.6413
54	1235	1	2009.2715	14	9	0	1	1	0.9328	0.8043
54	1236	1	2010.8214	15	3	90	1	1	0.9328	0.7574
54	1237	1	2012.3713	3	12	0	1	1	0.9329	0.8403
54	1238	1	2013.9214	1	4	0	1	1	0.9330	0.6341
54	1239	1	2015.4715	14	9	0	1	1	0.9330	0.7634
54	1240	1	2017.0214	1	4	0	1	1	0.9331	0.6857
54	1241	1	2018.5715	2	5	0	1	1	0.9331	0.6073
54	1242	1	2020.1215	15	3	0	1	1	0.9332	0.6902
54	1243	1	2021.6715	14	9	90	1	1	0.9332	1.0436
54	1244	1	2023.2214	1	4	0	1	1	0.9333	1.1423
54	1245	1	2024.7715	3	12	90	1	1	0.9333	0.8883
54	1246	1	2026.3216	4	11	0	1	1	0.9334	0.8096
54	1247	1	2027.8715	6	7	0	1	1	0.9334	0.7002
54	1248	1	2029.4215	7	10	0	1	1	0.9335	0.7183
54	1249	1	2030.9714	5	1	0	1	1	0.9335	0.6880
54	1250	1	2032.5215	7	10	0	1	1	0.9336	0.6424
54	1251	1	2034.0715	4	11	0	1	1	0.9337	0.7873
54	1252	1	2035.6215	3	12	0	1	1	0.9337	0.7733
54	1253	1	2037.1717	2	5	0	1	1	0.9338	0.7112
54	1254	1	2038.7214	1	4	0	1	1	0.9338	0.7459
54	1255	1	2040.2715	14	9	0	1	1	0.9339	0.6673
54	1256	1	2041.8215	2	5	0	1	1	0.9339	0.6533
54	1257	1	2043.3715	14	9	0	1	1	0.9340	0.6553
54	1258	1	2044.9215	1	4	0	1	1	0.9340	0.6262
54	1259	1	2046.4716	3	12	0	1	1	0.9341	0.6921
54	1260	1	2048.0215	15	3	0	1	1	0.9341	0.7102
54	1261	1	2049.5716	3	12	0	1	1	0.9342	0.5199
54	1262	1	2051.1216	4	11	0	1	1	0.9342	0.6173
54	1263	1	2052.6715	5	1	90	1	1	0.9343	0.8599
54	1264	1	2054.2216	7	10	0	1	1	0.9343	0.6061
54	1265	1	2055.7715	5	1	0	1	1	0.9344	0.6393
54	1266	1	2057.3216	4	11	0	1	1	0.9344	0.7062
54	1267	1	2058.8716	5	1	90	1	1	0.9345	0.8997
54	1268	1	2060.4216	4	11	0	1	1	0.9345	0.7253
54	1269	1	2061.9716	7	10	0	1	1	0.9346	0.6797
54	1270	1	2063.5215	6	7	0	1	1	0.9346	0.7142
54	1271	1	2065.0716	5	1	0	1	1	0.9347	0.5882
54	1272	1	2066.6215	4	11	0	1	1	0.9347	0.7023
54	1273	1	2068.1716	3	12	0	1	1	0.9348	0.7201
54	1274	1	2069.7216	1	4	0	1	1	0.9349	0.6261
54	1275	1	2071.2716	2	5	0	1	1	0.9349	0.7241
54	1276	1	2072.8216	15	3	0	1	1	0.9350	0.6460
54	1277	1	2074.3715	1	4	0	1	1	0.9350	0.6318
54	1278	1	2075.9216	15	3	90	0	1	0.9343	0.6658
54	1279	1	2077.4716	2	5	0	1	1	0.9343	0.6038
54	1280	1	2079.0215	3	12	0	1	1	0.9344	0.6863
54	1281	1	2080.5716	1	4	0	1	1	0.9344	0.7199
54	1282	1	2082.1216	3	12	0	1	1	0.9345	0.7377
54	1283	1	2083.6717	2	5	0	1	1	0.9345	0.8192
54	1284	1	2085.2217	14	9	0	1	1	0.9346	0.8212
54	1285	1	2086.7716	15	3	0	1	1	0.9346	0.7122
54	1286	1	2088.3216	1	4	0	1	1	0.9347	0.6982
54	1287	1	2089.8716	14	9	0	1	1	0.9347	0.7313
54	1288	1	2091.4216	2	5	0	1	1	0.9348	0.8937
54	1289	1	2092.9716	14	9	0	1	1	0.9348	0.6562
54	1290	1	2094.5215	2	5	90	0	1	0.9341	0.7702
54	1291	1	2096.0717	1	4	0	1	1	0.9342	0.5792
54	1292	1	2097.6216	2	5	0	1	1	0.9342	0.6302
54	1293	1	2099.1717	1	4	0	1	1	0.9343	0.5195
54	1294	1	2100.7217	15	3	0	1	1	0.9343	0.8415
54	1295	1	2102.2717	3	12	90	1	1	0.9344	0.7952
54	1296	1	2103.8217	1	4	0	1	1	0.9344	0.7820
54	1297	1	2105.3717	3	12	0	1	1	0.9345	0.7522
54	1298	1	2106.9216	2	5	0	1	1	0.9345	0.7861
54	1299	1	2108.4717	3	12	90	1	1	0.9346	0.8832
54	1300	1	2110.0218	1	4	90	1	1	0.9346	0.9020
54	1301	1	2111.5717	15	3	0	1	1	0.9347	0.7441
54	1302	1	2113.1216	1	4	0	1	1	0.9347	0.6181
54	1303	1	2114.6717	15	3	90	1	1	0.9348	0.8761
54	1304	1	2116.2217	1	4	0	1	1	0.9348	0.6382
54	1305	1	2117.7717	14	9	0	1	1	0.9349	0.9272
54	1306	1	2119.3217	13	6	0	1	1	0.9349	0.6901
54	1307	1	2120.8717	11	13	90	1	1	0.9350	0.7877
54	1308	1	2122.4217	10	2	0	1	1	0.9350	0.9022
54	1309	1	2123.9717	11	13	0	1	1	0.9351	0.9841
54	1310	1	2125.5217	10	2	0	1	1	0.9351	0.9372
54	1311	1	2127.0717	12	15	0	1	1	0.9352	1.0041
54	1312	1	2128.6217	9	8	0	1	1	0.9352	1.1662
54	1313	1	2130.1718	8	14	0	1	1	0.9353	1.0081
54	1314	1	2131.7219	5	1	0	1	1	0.9353	0.8175
54	1315	1	2133.2719	6	7	0	1	1	0.9354	0.8990
54	1316	1	2134.8217	5	1	0	1	1	0.9354	0.8852
54	1317	1	2136.3718	7	10	0	1	1	0.9355	0.7441
54	1318	1	2137.9217	4	11	0	1	1	0.9355	1.0172
54	1319	1	2139.4718	7	10	90	0	1	0.9348	1.1954
54	1320	1	2141.0218	4	11	0	1	1	0.9348	0.9092
54	1321	1	2142.5717	3	12	90	1	1	0.9349	0.8321
54	1322	1	2144.1218	4	11	0	1	1	0.9349	0.9136
54	1323	1	2145.6719	7	10	0	1	1	0.9350	0.7719
54	1324	1	2147.2217	5	1	90	1	1	0.9350	0.7257
54	1325	1	2148.7718	8	14	0	1	1	0.9351	0.8074
54	1326	1	2150.3217	7	10	90	1	1	0.9351	0.6341
54	1327	1	2151.8718	6	7	0	1	1	0.9352	0.6511
54	1328	1	2153.4219	5	1	0	1	1	0.9352	0.5422
54	1329	1	2154.9718	7	10	0	1	1	0.9353	0.6232
54	1330	1	2156.5218	6	7	0	1	1	0.9353	0.5611
54	1331	1	2158.0718	4	11	0	1	1	0.9354	0.7712
54	1332	1	2159.6219	5	1	0	1	1	0.9354	0.7095
54	1333	1	2161.1718	4	11	90	0	1	0.9347	0.6472
54	1334	1	2162.7217	3	12	0	1	1	0.9348	0.6177
54	1335	1	2164.2718	15	3	90	1	1	0.9348	0.7321
54	1336	1	2165.8218	2	5	0	1	1	0.9349	0.6861
54	1337	1	2167.3718	14	9	0	1	1	0.9349	0.5920
54	1338	1	2168.9218	15	3	0	1	1	0.9350	0.6415
54	1339	1	2170.4718	1	4	0	1	1	0.9350	0.7401
54	1340	1	2172.0217	14	9	90	1	1	0.9351	0.8053
54	1341	1	2173.5719	2	5	0	1	1	0.9351	0.6955
54	1342	1	2175.1217	3	12	0	1	1	0.9352	0.7142
54	1343	1	2176.6719	4	11	90	1	1	0.9352	0.8751
54	1344	1	2178.2218	6	7	0	1	1	0.9353	0.6542
54	1345	1	2179.7719	5	1	0	1	1	0.9353	0.6391
54	1346	1	2181.3219	6	7	90	1	1	0.9354	0.6741
54	1347	1	2182.8719	8	14	0	1	1	0.9354	0.7071
54	1348	1	2184.4219	5	1	0	1	1	0.9355	0.6619
54	1349	1	2185.9719	4	11	0	1	1	0.9355	0.9841
54	1350	1	2187.5219	7	10	0	1	1	0.9356	1.0183
54	1351	1	2189.0719	8	14	0	1	1	0.9356	1.1480
54	1352	1	2190.6218	9	8	90	1	1	0.9357	1.2137
54	1353	1	2192.1718	10	2	0	1	1	0.9357	1.4720
54	1354	1	2193.8387	9	8	90	1	1	0.9357	0.7323
54	1355	1	2195.3885	12	15	0	1	1	0.9358	0.7671
54	1356	1	2196.9385	10	2	90	1	1	0.9358	0.9929
54	1357	1	2198.4886	13	6	0	1	1	0.9359	0.7871
54	1358	1	2200.0386	10	2	0	1	1	0.9359	0.8681
54	1359	1	2201.5886	11	13	0	1	1	0.9360	0.8233
54	1360	1	2203.1388	13	6	0	1	1	0.9360	0.7932
54	1361	1	2204.6886	10	2	0	1	1	0.9361	0.8904
54	1362	1	2206.2387	11	13	0	1	1	0.9361	0.7813
54	1363	1	2207.7886	13	6	0	1	1	0.9362	0.7665
54	1364	1	2209.3386	12	15	0	1	1	0.9362	0.8334
54	1365	1	2210.8886	9	8	0	1	1	0.9363	1.0424
54	1366	1	2212.4386	11	13	0	1	1	0.9363	1.0288
54	1367	1	2213.9886	10	2	0	1	1	0.9364	0.7749
54	1368	1	2215.5387	13	6	0	1	1	0.9364	0.6814
54	1369	1	2217.0886	14	9	0	1	1	0.9364	0.6994
54	1370	1	2218.6387	2	5	90	1	1	0.9365	0.7653
54	1371	1	2220.1885	1	4	0	1	1	0.9365	0.6714
54	1372	1	2221.7386	14	9	0	1	1	0.9366	0.8328
54	1373	1	2223.2886	2	5	0	1	1	0.9366	0.8504
54	1374	1	2224.8386	15	3	0	1	1	0.9367	0.7244
54	1375	1	2226.3886	14	9	0	1	1	0.9367	1.0308
54	1376	1	2227.9387	13	6	0	1	1	0.9368	0.8084
54	1377	1	2229.4887	12	15	0	1	1	0.9368	0.8267
54	1378	1	2231.0386	13	6	90	1	1	0.9369	0.8928
54	1379	1	2232.5887	11	13	90	1	1	0.9369	0.9272
54	1380	1	2234.1387	10	2	0	1	1	0.9370	0.7044
54	1381	1	2235.6887	13	6	0	1	1	0.9370	0.7553
54	1382	1	2237.2387	12	15	0	1	1	0.9370	1.0932
54	1383	1	2238.7887	9	8	0	1	1	0.9371	0.8233
54	1384	1	2240.3387	12	15	0	1	1	0.9371	0.8093
54	1385	1	2241.8887	13	6	90	1	1	0.9372	0.8584
54	1386	1	2243.4387	10	2	0	1	1	0.9372	0.7332
54	1387	1	2244.9886	11	13	0	1	1	0.9373	0.7193
54	1388	1	2246.5387	9	8	90	1	1	0.9373	0.7684
54	1389	1	2248.0887	12	15	0	1	1	0.9374	0.6752
54	1390	1	2249.6387	10	2	0	1	1	0.9374	0.6932
54	1391	1	2251.1888	13	6	0	1	1	0.9375	0.7263
54	1392	1	2252.7386	11	13	90	1	1	0.9375	0.7133
54	1393	1	2254.2889	12	15	0	1	1	0.9375	0.6512
54	1394	1	2255.8387	13	6	0	1	1	0.9376	0.6372
54	1395	1	2257.3887	10	2	0	1	1	0.9376	0.6064
54	1396	1	2258.9387	12	15	0	1	1	0.9377	0.7209
54	1397	1	2260.4888	10	2	0	1	1	0.9377	0.6593
54	1398	1	2262.0388	13	6	0	0	1	0.9371	1.1407
54	1399	1	2263.5887	14	9	0	1	1	0.9371	0.6628
54	1400	1	2265.1387	13	6	0	1	1	0.9371	0.6165
54	1	2	1.0167	10	2	0	-1	0	NaN	-1.0000
54	2	2	2.5497	9	8	0	-1	0	NaN	-1.0000
54	3	2	4.0832	10	2	0	-1	0	NaN	-1.0000
54	4	2	5.6167	13	6	0	-1	0	NaN	-1.0000
54	5	2	7.1498	14	9	0	-1	1	1.0000	1.0142
54	6	2	8.6832	2	5	0	-1	0	1.0000	-1.0000
54	7	2	10.2165	1	4	0	-1	0	1.0000	-1.0000
54	8	2	11.7498	14	9	0	-1	0	1.0000	-1.0000
54	9	2	13.2832	2	5	0	-1	0	1.0000	-1.0000
54	10	2	14.8164	1	4	0	-1	0	1.0000	-1.0000
54	11	2	16.3498	3	12	0	-1	0	1.0000	-1.0000
54	12	2	17.8832	2	5	0	-1	0	1.0000	-1.0000
54	13	2	19.4165	3	12	0	-1	0	1.0000	-1.0000
54	14	2	20.9498	4	11	0	-1	1	1.0000	1.0853
54	15	2	22.4832	6	7	0	-1	0	1.0000	-1.0000
54	16	2	24.0165	7	10	0	-1	0	1.0000	-1.0000
54	17	2	25.5500	8	14	0	-1	0	1.0000	-1.0000
54	18	2	27.0831	9	8	0	-1	0	1.0000	-1.0000
54	19	2	28.6167	10	2	0	-1	0	1.0000	-1.0000
54	20	2	30.1499	11	13	0	-1	0	1.0000	-1.0000
54	21	2	31.6834	12	15	0	-1	1	0.6667	0.9601
54	22	2	33.2166	13	6	0	-1	0	0.6667	-1.0000
54	23	2	34.7499	14	9	0	-1	1	0.7500	1.2536
54	24	2	36.2832	15	3	0	-1	0	0.7500	-1.0000
54	25	2	37.8166	1	4	0	-1	0	0.7500	-1.0000
54	26	2	39.3500	2	5	0	-1	0	0.7500	-1.0000
54	27	2	40.8833	3	12	0	-1	0	0.7500	-1.0000
54	28	2	42.4165	4	11	0	-1	1	0.8000	0.9151
54	29	2	43.9498	5	1	0	-1	0	0.8000	-1.0000
54	30	2	45.4832	6	7	0	-1	0	0.8000	-1.0000
54	31	2	47.0166	8	14	0	-1	1	0.6667	1.1951
54	32	2	48.5498	5	1	0	-1	0	0.6667	-1.0000
54	33	2	50.0832	4	11	0	-1	0	0.6667	-1.0000
54	34	2	51.6166	3	12	0	-1	0	0.6667	-1.0000
54	35	2	53.1500	2	5	0	-1	0	0.6667	-1.0000
54	36	2	54.6835	3	12	0	-1	1	0.5714	0.5997
54	37	2	56.2165	4	11	0	-1	0	0.5714	-1.0000
54	38	2	57.7499	5	1	0	-1	0	0.5714	-1.0000
54	39	2	59.2833	6	7	0	-1	0	0.5714	-1.0000
54	40	2	60.8167	5	1	0	-1	0	0.5714	-1.0000
54	41	2	62.3500	4	11	0	-1	0	0.5714	-1.0000
54	42	2	63.8834	6	7	0	-1	0	0.5714	-1.0000
54	43	2	65.4167	7	10	0	-1	0	0.5714	-1.0000
54	44	2	66.9502	6	7	0	-1	1	0.5000	0.9902
54	45	2	68.4832	8	14	0	-1	0	0.5000	-1.0000
54	46	2	70.0168	9	8	0	-1	0	0.5000	-1.0000
54	47	2	71.5500	10	2	0	-1	1	0.4444	0.9343
54	48	2	73.0834	11	13	0	-1	0	0.4444	-1.0000
54	49	2	74.6167	12	15	0	-1	0	0.4444	-1.0000
54	50	2	76.1502	13	6	0	-1	1	0.4000	0.8459
54	51	2	77.6833	14	9	0	-1	0	0.4000	-1.0000
54	52	2	79.2167	15	3	0	-1	0	0.4000	-1.0000
54	53	2	80.7500	1	4	0	-1	0	0.4000	-1.0000
54	54	2	82.2833	2	5	0	-1	0	0.4000	-1.0000
54	55	2	83.8166	3	12	0	-1	0	0.4000	-1.0000
54	56	2	85.3500	4	11	0	-1	1	0.4545	0.8776
54	57	2	86.8835	5	1	0	-1	0	0.4545	-1.0000
54	58	2	88.4167	6	7	0	-1	1	0.4167	1.3150
54	59	2	89.9500	7	10	0	-1	0	0.4167	-1.0000
54	60	2	91.4835	8	14	0	-1	0	0.4167	-1.0000
54	61	2	93.0166	7	10	0	-1	0	0.4167	-1.0000
54	62	2	94.5500	8	14	0	-1	0	0.4167	-1.0000
54	63	2	96.0834	5	1	0	-1	0	0.4167	-1.0000
54	64	2	97.6167	8	14	0	-1	0	0.4167	-1.0000
54	65	2	99.1502	5	1	0	-1	0	0.4167	-1.0000
54	66	2	100.6833	6	7	0	-1	0	0.4167	-1.0000
54	67	2	102.2168	4	11	0	-1	0	0.4167	-1.0000
54	68	2	103.7500	5	1	0	-1	0	0.4167	-1.0000
54	69	2	105.2835	6	7	0	-1	0	0.4167	-1.0000
54	70	2	106.8168	8	14	0	-1	0	0.4167	-1.0000
54	71	2	108.3501	5	1	0	-1	0	0.4167	-1.0000
54	72	2	109.8834	8	14	0	-1	0	0.4167	-1.0000
54	73	2	111.4167	6	7	0	-1	0	0.4167	-1.0000
54	74	2	112.9501	5	1	0	-1	0	0.4167	-1.0000
54	75	2	114.4836	7	10	0	-1	1	0.3846	1.1045
54	76	2	116.0168	8	14	0	-1	0	0.3846	-1.0000
54	77	2	117.5503	9	8	0	-1	0	0.3846	-1.0000
54	78	2	119.0835	10	2	0	-1	1	0.3571	0.9044
54	79	2	120.6170	11	13	0	-1	0	0.3571	-1.0000
54	80	2	122.1501	12	15	0	-1	0	0.3571	-1.0000
54	81	2	123.6835	13	6	0	-1	0	0.3571	-1.0000
54	82	2	125.2167	14	9	0	-1	1	0.4000	0.7715
54	83	2	126.7502	15	3	0	-1	0	0.4000	-1.0000
54	84	2	128.2835	1	4	0	-1	0	0.4000	-1.0000
54	85	2	129.8167	2	5	0	-1	0	0.4000	-1.0000
54	86	2	131.3500	3	12	0	-1	0	0.4000	-1.0000
54	87	2	132.8834	4	11	0	-1	0	0.4000	-1.0000
54	88	2	134.4168	5	1	0	-1	1	0.3750	0.0673
54	89	2	135.9501	6	7	0	-1	0	0.3750	-1.0000
54	90	2	137.4835	7	10	0	-1	0	0.3750	-1.0000
54	91	2	139.0169	8	14	0	-1	0	0.3750	-1.0000
54	92	2	140.5501	7	10	0	-1	0	0.3750	-1.0000
54	93	2	142.0835	4	11	0	-1	0	0.3750	-1.0000
54	94	2	143.6170	7	10	0	-1	0	0.3750	-1.0000
54	95	2	145.1501	5	1	0	-1	0	0.3750	-1.0000
54	96	2	146.6835	7	10	0	-1	0	0.3750	-1.0000
54	97	2	148.2169	4	11	0	-1	1	0.3529	0.8753
54	98	2	149.7502	3	12	0	-1	0	0.3529	-1.0000
54	99	2	151.2835	2	5	0	-1	0	0.3529	-1.0000
54	100	2	152.8169	14	9	0	-1	0	0.3529	-1.0000
54	101	2	154.3501	15	3	0	-1	0	0.3529	-1.0000
54	102	2	155.8836	14	9	0	-1	0	0.3529	-1.0000
54	103	2	157.4168	1	4	0	-1	0	0.3529	-1.0000
54	104	2	158.9502	14	9	0	-1	0	0.3529	-1.0000
54	105	2	160.4836	13	6	0	-1	0	0.3529	-1.0000
54	106	2	162.0168	12	15	0	-1	0	0.3529	-1.0000
54	107	2	163.5502	11	13	0	-1	0	0.3529	-1.0000
54	108	2	165.0837	10	2	0	-1	0	0.3529	-1.0000
54	109	2	166.6169	9	8	0	-1	0	0.3529	-1.0000
54	110	2	168.1502	8	14	0	-1	1	0.3889	1.1811
54	111	2	169.6836	7	10	0	-1	0	0.3889	-1.0000
54	112	2	171.2169	6	7	0	-1	0	0.3889	-1.0000
54	113	2	172.7502	5	1	0	-1	0	0.3889	-1.0000
54	114	2	174.2835	4	11	0	-1	0	0.3889	-1.0000
54	115	2	175.8171	3	12	0	-1	0	0.3889	-1.0000
54	116	2	177.3502	2	5	0	-1	0	0.3889	-1.0000
54	117	2	178.8836	1	4	0	-1	0	0.3889	-1.0000
54	118	2	180.4171	15	3	0	-1	1	0.3684	1.1707
54	119	2	181.9502	14	9	0	-1	0	0.3684	-1.0000
54	120	2	183.4836	13	6	0	-1	0	0.3684	-1.0000
54	121	2	185.0169	12	15	0	-1	0	0.3684	-1.0000
54	122	2	186.5504	9	8	0	-1	0	0.3684	-1.0000
54	123	2	188.0836	12	15	0	-1	1	0.3500	0.6720
54	124	2	189.6170	11	13	0	-1	0	0.3500	-1.0000
54	125	2	191.1503	12	15	0	-1	0	0.3500	-1.0000
54	126	2	192.6838	10	2	0	-1	0	0.3500	-1.0000
54	127	2	194.2170	11	13	0	-1	0	0.3500	-1.0000
54	128	2	196.0169	9	8	0	-1	1	0.3333	0.3553
54	129	2	197.5503	8	14	0	-1	0	0.3333	-1.0000
54	130	2	199.0836	9	8	0	-1	0	0.3333	-1.0000
54	131	2	200.6170	8	14	0	-1	0	0.3333	-1.0000
54	132	2	202.1503	9	8	0	-1	0	0.3333	-1.0000
54	133	2	203.6838	8	14	0	-1	0	0.3333	-1.0000
54	134	2	205.2170	7	10	0	-1	0	0.3333	-1.0000
54	135	2	206.7505	5	1	0	-1	0	0.3333	-1.0000
54	136	2	208.2838	6	7	0	-1	0	0.3333	-1.0000
54	137	2	209.8169	7	10	0	-1	0	0.3333	-1.0000
54	138	2	211.3503	8	14	0	-1	1	0.3182	0.7020
54	139	2	212.8837	9	8	0	-1	0	0.3182	-1.0000
54	140	2	214.4170	10	2	0	-1	0	0.3182	-1.0000
54	141	2	215.9503	11	13	0	-1	0	0.3182	-1.0000
54	142	2	217.4839	12	15	0	-1	0	0.3182	-1.0000
54	143	2	219.0170	13	6	0	-1	0	0.3182	-1.0000
54	144	2	220.5503	14	9	0	-1	1	0.3478	1.0693
54	145	2	222.0837	15	3	0	-1	0	0.3478	-1.0000
54	146	2	223.6170	1	4	0	-1	0	0.3478	-1.0000
54	147	2	225.1503	2	5	0	-1	0	0.3478	-1.0000
54	148	2	226.6837	3	12	0	-1	0	0.3478	-1.0000
54	149	2	228.2171	4	11	0	-1	0	0.3478	-1.0000
54	150	2	229.7503	5	1	0	-1	0	0.3478	-1.0000
54	151	2	231.2837	7	10	0	-1	0	0.3478	-1.0000
54	152	2	232.8170	4	11	0	-1	1	0.3333	1.0104
54	153	2	234.3504	3	12	0	-1	0	0.3333	-1.0000
54	154	2	235.8837	1	4	0	-1	0	0.3333	-1.0000
54	155	2	237.4171	14	9	0	-1	0	0.3333	-1.0000
54	156	2	238.9504	13	6	0	-1	0	0.3333	-1.0000
54	157	2	240.4837	10	2	0	-1	0	0.3333	-1.0000
54	158	2	242.0171	12	15	0	-1	0	0.3333	-1.0000
54	159	2	243.5504	11	13	0	-1	1	0.3200	0.8699
54	160	2	245.0838	13	6	0	-1	0	0.3200	-1.0000
54	161	2	246.6171	10	2	0	-1	0	0.3200	-1.0000
54	162	2	248.1504	12	15	0	-1	1	0.3077	1.0530
54	163	2	249.6838	11	13	0	-1	0	0.3077	-1.0000
54	164	2	251.2173	12	15	0	-1	0	0.3077	-1.0000
54	165	2	252.7504	11	13	0	-1	0	0.3077	-1.0000
54	166	2	254.2838	12	15	0	-1	0	0.3077	-1.0000
54	167	2	255.8171	13	6	0	-1	0	0.3077	-1.0000
54	168	2	257.3505	14	9	0	-1	1	0.3333	0.8936
54	169	2	258.8838	15	3	0	-1	0	0.3333	-1.0000
54	170	2	260.4172	1	4	0	-1	0	0.3333	-1.0000
54	171	2	261.9505	2	5	0	-1	0	0.3333	-1.0000
54	172	2	263.4840	3	12	0	-1	0	0.3333	-1.0000
54	173	2	265.0172	4	11	0	-1	1	0.3571	0.8266
54	174	2	266.5504	5	1	0	-1	0	0.3571	-1.0000
54	175	2	268.0837	6	7	0	-1	0	0.3571	-1.0000
54	176	2	269.6171	7	10	0	-1	0	0.3571	-1.0000
54	177	2	271.1505	8	14	0	-1	0	0.3571	-1.0000
54	178	2	272.6839	9	8	0	-1	0	0.3571	-1.0000
54	179	2	274.2172	10	2	0	-1	1	0.3448	0.9546
54	180	2	275.7505	11	13	0	-1	0	0.3448	-1.0000
54	181	2	277.2838	13	6	0	-1	0	0.3448	-1.0000
54	182	2	278.8171	12	15	0	-1	0	0.3448	-1.0000
54	183	2	280.3505	10	2	0	-1	0	0.3448	-1.0000
54	184	2	281.8839	13	6	0	-1	0	0.3448	-1.0000
54	185	2	283.4172	11	13	0	-1	0	0.3448	-1.0000
54	186	2	284.9505	12	15	0	-1	0	0.3448	-1.0000
54	187	2	286.4838	13	6	0	-1	0	0.3448	-1.0000
54	188	2	288.0174	10	2	0	-1	1	0.3333	0.7701
54	189	2	289.5504	11	13	0	-1	0	0.3333	-1.0000
54	190	2	291.0838	10	2	0	-1	0	0.3333	-1.0000
54	191	2	292.6172	12	15	0	-1	0	0.3333	-1.0000
54	192	2	294.1505	13	6	0	-1	0	0.3333	-1.0000
54	193	2	295.6839	10	2	0	-1	0	0.3333	-1.0000
54	194	2	297.2171	11	13	0	-1	0	0.3333	-1.0000
54	195	2	298.7507	13	6	0	-1	0	0.3333	-1.0000
54	196	2	300.2841	14	9	0	-1	1	0.3548	0.8238
54	197	2	301.8173	15	3	0	-1	0	0.3548	-1.0000
54	198	2	303.3506	1	4	0	-1	0	0.3548	-1.0000
54	199	2	304.8838	2	5	0	-1	0	0.3548	-1.0000
54	200	2	306.4174	3	12	0	-1	0	0.3548	-1.0000
54	201	2	307.9506	4	11	0	-1	1	0.3750	1.2058
54	202	2	309.4839	5	1	0	-1	0	0.3750	-1.0000
54	203	2	311.0173	6	7	0	-1	0	0.3750	-1.0000
54	204	2	312.5505	7	10	0	-1	0	0.3750	-1.0000
54	205	2	314.0839	8	14	0	-1	0	0.3750	-1.0000
54	206	2	315.6172	9	8	0	-1	0	0.3750	-1.0000
54	207	2	317.1505	10	2	0	-1	0	0.3750	-1.0000
54	208	2	318.6841	11	13	0	-1	0	0.3750	-1.0000
54	209	2	320.2174	12	15	0	-1	0	0.3750	-1.0000
54	210	2	321.7508	13	6	0	-1	0	0.3750	-1.0000
54	211	2	323.2840	11	13	0	-1	0	0.3750	-1.0000
54	212	2	324.8173	10	2	0	-1	0	0.3750	-1.0000
54	213	2	326.3507	11	13	0	-1	0	0.3750	-1.0000
54	214	2	327.8840	13	6	0	-1	0	0.3750	-1.0000
54	215	2	329.4173	10	2	0	-1	0	0.3750	-1.0000
54	216	2	330.9506	11	13	0	-1	0	0.3750	-1.0000
54	217	2	332.4840	9	8	0	-1	1	0.3636	0.8955
54	218	2	334.0173	8	14	0	-1	0	0.3636	-1.0000
54	219	2	335.5507	9	8	0	-1	0	0.3636	-1.0000
54	220	2	337.0839	12	15	0	-1	0	0.3636	-1.0000
54	221	2	338.6175	10	2	0	-1	0	0.3636	-1.0000
54	222	2	340.1507	9	8	0	-1	0	0.3636	-1.0000
54	223	2	341.6842	11	13	0	-1	0	0.3636	-1.0000
54	224	2	343.2173	10	2	0	-1	0	0.3636	-1.0000
54	225	2	344.7505	13	6	0	-1	0	0.3636	-1.0000
54	226	2	346.2839	14	9	0	-1	1	0.3824	0.6159
54	227	2	347.8174	15	3	0	-1	0	0.3824	-1.0000
54	228	2	349.3507	1	4	0	-1	0	0.3824	-1.0000
54	229	2	350.8840	2	5	0	-1	0	0.3824	-1.0000
54	230	2	352.4173	3	12	0	-1	0	0.3824	-1.0000
54	231	2	353.9507	4	11	0	-1	0	0.3824	-1.0000
54	232	2	355.4842	5	1	0	-1	1	0.3714	0.8883
54	233	2	357.0174	6	7	0	-1	0	0.3714	-1.0000
54	234	2	358.5507	7	10	0	-1	0	0.3714	-1.0000
54	235	2	360.0840	8	14	0	-1	0	0.3714	-1.0000
54	236	2	361.6176	9	8	0	-1	0	0.3714	-1.0000
54	237	2	363.1507	10	2	0	-1	0	0.3714	-1.0000
54	238	2	364.6842	11	13	0	-1	0	0.3714	-1.0000
54	239	2	366.2174	12	15	0	-1	0	0.3714	-1.0000
54	240	2	367.7507	13	6	0	-1	0	0.3714	-1.0000
54	241	2	369.2841	11	13	0	-1	0	0.3714	-1.0000
54	242	2	370.8174	9	8	0	-1	1	0.3611	1.2506
54	243	2	372.3506	11	13	0	-1	0	0.3611	-1.0000
54	244	2	373.8843	12	15	0	-1	0	0.3611	-1.0000
54	245	2	375.4173	11	13	0	-1	0	0.3611	-1.0000
54	246	2	376.9507	10	2	0	-1	0	0.3611	-1.0000
54	247	2	378.4841	13	6	0	-1	0	0.3611	-1.0000
54	248	2	380.0176	10	2	0	-1	0	0.3611	-1.0000
54	249	2	381.5507	12	15	0	-1	0	0.3611	-1.0000
54	250	2	383.0841	9	8	0	-1	0	0.3611	-1.0000
54	251	2	384.6176	10	2	0	-1	0	0.3611	-1.0000
54	252	2	386.1507	12	15	0	-1	0	0.3611	-1.0000
54	253	2	387.6843	9	8	0	-1	0	0.3611	-1.0000
54	254	2	389.2174	10	2	0	-1	0	0.3611	-1.0000
54	255	2	390.7508	12	15	0	-1	0	0.3611	-1.0000
54	256	2	392.2841	13	6	0	-1	0	0.3611	-1.0000
54	257	2	393.8176	14	9	0	-1	1	0.3784	0.7309
54	258	2	395.3508	15	3	0	-1	0	0.3784	-1.0000
54	259	2	396.8843	1	4	0	-1	0	0.3784	-1.0000
54	260	2	398.4176	2	5	0	-1	0	0.3784	-1.0000
54	261	2	399.9510	3	12	0	-1	0	0.3784	-1.0000
54	262	2	401.4842	4	11	0	-1	1	0.3947	0.6004
54	263	2	403.0175	5	1	0	-1	0	0.3947	-1.0000
54	264	2	404.5508	6	7	0	-1	0	0.3947	-1.0000
54	265	2	406.0842	7	10	0	-1	0	0.3947	-1.0000
54	266	2	407.6175	8	14	0	-1	0	0.3947	-1.0000
54	267	2	409.1509	9	8	0	-1	0	0.3947	-1.0000
54	268	2	410.6842	10	2	0	-1	1	0.3846	1.2077
54	269	2	412.2175	11	13	0	-1	0	0.3846	-1.0000
54	270	2	413.7508	12	15	0	-1	0	0.3846	-1.0000
54	271	2	415.2842	10	2	0	-1	0	0.3846	-1.0000
54	272	2	416.8175	11	13	0	-1	0	0.3846	-1.0000
54	273	2	418.3509	10	2	0	-1	0	0.3846	-1.0000
54	274	2	419.8842	12	15	0	-1	0	0.3846	-1.0000
54	275	2	421.4175	11	13	0	-1	0	0.3846	-1.0000
54	276	2	422.9508	10	2	0	-1	0	0.3846	-1.0000
54	277	2	424.4844	11	13	0	-1	0	0.3846	-1.0000
54	278	2	426.0175	9	8	0	-1	0	0.3846	-1.0000
54	279	2	427.5509	11	13	0	-1	0	0.3846	-1.0000
54	280	2	429.0842	12	15	0	-1	0	0.3846	-1.0000
54	281	2	430.6177	13	6	0	-1	1	0.3750	1.1148
54	282	2	432.1510	11	13	0	-1	0	0.3750	-1.0000
54	283	2	433.6841	9	8	0	-1	0	0.3750	-1.0000
54	284	2	435.2176	10	2	0	-1	0	0.3750	-1.0000
54	285	2	436.7508	9	8	0	-1	0	0.3750	-1.0000
54	286	2	438.2842	8	14	0	-1	0	0.3750	-1.0000
54	287	2	439.8176	7	10	0	-1	1	0.3659	0.1871
54	288	2	441.3509	6	7	0	-1	0	0.3659	-1.0000
54	289	2	442.8843	5	1	0	-1	0	0.3659	-1.0000
54	290	2	444.4178	4	11	0	-1	1	0.3571	1.0259
54	291	2	445.9509	3	12	0	-1	0	0.3571	-1.0000
54	292	2	447.4843	2	5	0	-1	0	0.3571	-1.0000
54	293	2	449.0175	1	4	0	-1	0	0.3571	-1.0000
54	294	2	450.5509	15	3	0	-1	0	0.3571	-1.0000
54	295	2	452.0843	14	9	0	-1	0	0.3571	-1.0000
54	296	2	453.6178	13	6	0	-1	0	0.3571	-1.0000
54	297	2	455.1510	12	15	0	-1	1	0.3488	0.7247
54	298	2	456.6843	11	13	0	-1	0	0.3488	-1.0000
54	299	2	458.2177	10	2	0	-1	0	0.3488	-1.0000
54	300	2	459.7510	9	8	0	-1	0	0.3488	-1.0000
54	301	2	461.2842	10	2	0	-1	0	0.3488	-1.0000
54	302	2	462.8176	11	13	0	-1	0	0.3488	-1.0000
54	303	2	464.3509	12	15	0	-1	0	0.3488	-1.0000
54	304	2	465.8843	10	2	0	-1	0	0.3488	-1.0000
54	305	2	467.4177	9	8	0	-1	0	0.3488	-1.0000
54	306	2	468.9510	10	2	0	-1	0	0.3488	-1.0000
54	307	2	470.4844	13	6	0	-1	0	0.3488	-1.0000
54	308	2	472.0177	10	2	0	-1	0	0.3488	-1.0000
54	309	2	473.5509	13	6	0	-1	0	0.3488	-1.0000
54	310	2	475.0842	11	13	0	-1	0	0.3488	-1.0000
54	311	2	476.6178	13	6	0	-1	0	0.3488	-1.0000
54	312	2	478.1509	11	13	0	-1	0	0.3488	-1.0000
54	313	2	479.6843	10	2	0	-1	0	0.3488	-1.0000
54	314	2	481.2177	11	13	0	-1	0	0.3488	-1.0000
54	315	2	482.7510	9	8	0	-1	0	0.3488	-1.0000
54	316	2	484.2844	10	2	0	-1	0	0.3488	-1.0000
54	317	2	485.8177	11	13	0	-1	0	0.3488	-1.0000
54	318	2	487.3510	12	15	0	-1	0	0.3488	-1.0000
54	319	2	488.8844	13	6	0	-1	0	0.3488	-1.0000
54	320	2	490.4179	14	9	0	-1	1	0.3636	0.6102
54	321	2	491.9511	15	3	0	-1	0	0.3636	-1.0000
54	322	2	493.4844	1	4	0	-1	0	0.3636	-1.0000
54	323	2	495.0178	2	5	0	-1	0	0.3636	-1.0000
54	324	2	496.5510	3	12	0	-1	0	0.3636	-1.0000
54	325	2	498.0845	4	11	0	-1	1	0.3778	1.0718
54	326	2	499.6177	5	1	0	-1	0	0.3778	-1.0000
54	327	2	501.1510	6	7	0	-1	0	0.3778	-1.0000
54	328	2	502.6844	7	10	0	-1	0	0.3778	-1.0000
54	329	2	504.2177	8	14	0	-1	0	0.3778	-1.0000
54	330	2	505.7510	9	8	0	-1	0	0.3778	-1.0000
54	331	2	507.2844	10	2	0	-1	1	0.3696	0.4482
54	332	2	508.8178	12	15	0	-1	0	0.3696	-1.0000
54	333	2	510.3511	13	6	0	-1	0	0.3696	-1.0000
54	334	2	511.8844	14	9	0	-1	1	0.3830	1.4793
54	335	2	513.4178	15	3	0	-1	1	0.3750	0.0168
54	336	2	514.9511	1	4	0	-1	0	0.3750	-1.0000
54	337	2	516.4844	2	5	0	-1	0	0.3750	-1.0000
54	338	2	518.0177	15	3	0	-1	0	0.3750	-1.0000
54	339	2	519.5512	3	12	0	-1	0	0.3750	-1.0000
54	340	2	521.0844	4	11	0	-1	0	0.3750	-1.0000
54	341	2	522.6177	3	12	0	-1	0	0.3750	-1.0000
54	342	2	524.1510	1	4	0	-1	0	0.3750	-1.0000
54	343	2	525.6846	14	9	0	-1	0	0.3750	-1.0000
54	344	2	527.2178	15	3	0	-1	0	0.3750	-1.0000
54	345	2	528.7513	2	5	0	-1	0	0.3750	-1.0000
54	346	2	530.2844	3	12	0	-1	0	0.3750	-1.0000
54	347	2	531.8178	4	11	0	-1	0	0.3750	-1.0000
54	348	2	533.3512	5	1	0	-1	0	0.3750	-1.0000
54	349	2	534.8844	6	7	0	-1	1	0.3673	0.3997
54	350	2	536.4179	7	10	0	-1	0	0.3673	-1.0000
54	351	2	537.9511	8	14	0	-1	0	0.3673	-1.0000
54	352	2	539.4845	9	8	0	-1	0	0.3673	-1.0000
54	353	2	541.0180	10	2	0	-1	0	0.3673	-1.0000
54	354	2	542.5512	11	13	0	-1	0	0.3673	-1.0000
54	355	2	544.0845	12	15	0	-1	0	0.3673	-1.0000
54	356	2	545.6180	13	6	0	-1	0	0.3673	-1.0000
54	357	2	547.1512	14	9	0	-1	1	0.3800	1.1576
54	358	2	548.6845	15	3	0	-1	0	0.3800	-1.0000
54	359	2	550.2179	1	4	0	-1	0	0.3800	-1.0000
54	360	2	551.7512	2	5	0	-1	0	0.3800	-1.0000
54	361	2	553.2845	15	3	0	-1	0	0.3800	-1.0000
54	362	2	554.8180	3	12	0	-1	0	0.3800	-1.0000
54	363	2	556.3514	1	4	0	-1	0	0.3800	-1.0000
54	364	2	557.8847	14	9	0	-1	0	0.3800	-1.0000
54	365	2	559.4179	2	5	0	-1	0	0.3800	-1.0000
54	366	2	560.9512	3	12	0	-1	0	0.3800	-1.0000
54	367	2	562.4846	4	11	0	-1	0	0.3800	-1.0000
54	368	2	564.0178	7	10	0	-1	1	0.3725	0.6263
54	369	2	565.8181	6	7	0	-1	0	0.3725	-1.0000
54	370	2	567.3512	7	10	0	-1	0	0.3725	-1.0000
54	371	2	568.8847	8	14	0	-1	0	0.3725	-1.0000
54	372	2	570.4181	5	1	0	-1	0	0.3725	-1.0000
54	373	2	571.9512	6	7	0	-1	0	0.3725	-1.0000
54	374	2	573.4848	7	10	0	-1	0	0.3725	-1.0000
54	375	2	575.0179	6	7	0	-1	0	0.3725	-1.0000
54	376	2	576.5514	5	1	0	-1	0	0.3725	-1.0000
54	377	2	578.0846	4	11	0	-1	0	0.3725	-1.0000
54	378	2	579.6180	3	12	0	-1	0	0.3725	-1.0000
54	379	2	581.1513	2	5	0	-1	0	0.3725	-1.0000
54	380	2	582.6845	1	4	0	-1	0	0.3725	-1.0000
54	381	2	584.2178	15	3	0	-1	0	0.3725	-1.0000
54	382	2	585.7512	14	9	0	-1	0	0.3725	-1.0000
54	383	2	587.2845	13	6	0	-1	0	0.3725	-1.0000
54	384	2	588.8180	12	15	0	-1	1	0.3654	0.6899
54	385	2	590.3513	11	13	0	-1	0	0.3654	-1.0000
54	386	2	591.8845	10	2	0	-1	0	0.3654	-1.0000
54	387	2	593.4179	9	8	0	-1	0	0.3654	-1.0000
54	388	2	594.9512	8	14	0	-1	0	0.3654	-1.0000
54	389	2	596.4848	7	10	0	-1	1	0.3585	1.2158
54	390	2	598.0179	6	7	0	-1	0	0.3585	-1.0000
54	391	2	599.5513	7	10	0	-1	0	0.3585	-1.0000
54	392	2	601.0846	5	1	0	-1	0	0.3585	-1.0000
54	393	2	602.6180	4	11	0	-1	0	0.3585	-1.0000
54	394	2	604.1513	5	1	0	-1	0	0.3585	-1.0000
54	395	2	605.6848	6	7	0	-1	0	0.3585	-1.0000
54	396	2	607.2180	5	1	0	-1	0	0.3585	-1.0000
54	397	2	608.7514	8	14	0	-1	0	0.3585	-1.0000
54	398	2	610.2846	5	1	0	-1	0	0.3585	-1.0000
54	399	2	611.8179	4	11	0	-1	0	0.3585	-1.0000
54	400	2	613.3512	3	12	0	-1	1	0.3704	0.8286
54	401	2	614.8847	15	3	0	-1	0	0.3704	-1.0000
54	402	2	616.4180	1	4	0	-1	0	0.3704	-1.0000
54	403	2	617.9513	14	9	0	-1	0	0.3704	-1.0000
54	404	2	619.4846	2	5	0	-1	0	0.3704	-1.0000
54	405	2	621.0180	1	4	0	-1	0	0.3704	-1.0000
54	406	2	622.5514	2	5	0	-1	0	0.3704	-1.0000
54	407	2	624.0846	3	12	0	-1	0	0.3704	-1.0000
54	408	2	625.6182	4	11	0	-1	0	0.3704	-1.0000
54	409	2	627.1513	5	1	0	-1	0	0.3704	-1.0000
54	410	2	628.6846	6	7	0	-1	1	0.3636	0.6312
54	411	2	630.2181	7	10	0	-1	0	0.3636	-1.0000
54	412	2	631.7513	8	14	0	-1	0	0.3636	-1.0000
54	413	2	633.2847	9	8	0	-1	0	0.3636	-1.0000
54	414	2	634.8179	10	2	0	-1	0	0.3636	-1.0000
54	415	2	636.3513	11	13	0	-1	0	0.3636	-1.0000
54	416	2	637.8849	12	15	0	-1	0	0.3636	-1.0000
54	417	2	639.4181	13	6	0	-1	0	0.3636	-1.0000
54	418	2	640.9514	14	9	0	-1	0	0.3636	-1.0000
54	419	2	642.4848	15	3	0	-1	0	0.3636	-1.0000
54	420	2	644.0180	1	4	0	-1	0	0.3636	-1.0000
54	421	2	645.5513	14	9	0	-1	0	0.3636	-1.0000
54	422	2	647.0847	15	3	0	-1	1	0.3571	0.2641
54	423	2	648.6180	1	4	0	-1	0	0.3571	-1.0000
54	424	2	650.1514	14	9	0	-1	0	0.3571	-1.0000
54	425	2	651.6847	13	6	0	-1	0	0.3571	-1.0000
54	426	2	653.2181	14	9	0	-1	0	0.3571	-1.0000
54	427	2	654.7515	15	3	0	-1	0	0.3571	-1.0000
54	428	2	656.2847	1	4	0	-1	0	0.3571	-1.0000
54	429	2	657.8183	2	5	0	-1	0	0.3571	-1.0000
54	430	2	659.3515	1	4	0	-1	0	0.3571	-1.0000
54	431	2	660.8848	15	3	0	-1	0	0.3571	-1.0000
54	432	2	662.4180	1	4	0	-1	0	0.3571	-1.0000
54	433	2	663.9515	14	9	0	-1	0	0.3571	-1.0000
54	434	2	665.4850	2	5	0	-1	0	0.3571	-1.0000
54	435	2	667.0182	14	9	0	-1	0	0.3571	-1.0000
54	436	2	668.5515	13	6	0	-1	0	0.3571	-1.0000
54	437	2	670.0848	12	15	0	-1	0	0.3571	-1.0000
54	438	2	671.6180	11	13	0	-1	1	0.3509	0.8344
54	439	2	673.1515	10	2	0	-1	0	0.3509	-1.0000
54	440	2	674.6848	9	8	0	-1	0	0.3509	-1.0000
54	441	2	676.2182	8	14	0	-1	0	0.3509	-1.0000
54	442	2	677.7515	7	10	0	-1	0	0.3509	-1.0000
54	443	2	679.2848	6	7	0	-1	0	0.3509	-1.0000
54	444	2	680.8181	5	1	0	-1	0	0.3509	-1.0000
54	445	2	682.3515	4	11	0	-1	0	0.3509	-1.0000
54	446	2	683.8848	3	12	0	-1	0	0.3509	-1.0000
54	447	2	685.4181	2	5	0	-1	1	0.3448	0.0167
54	448	2	686.9515	1	4	0	-1	0	0.3448	-1.0000
54	449	2	688.4849	15	3	0	-1	0	0.3448	-1.0000
54	450	2	690.0181	14	9	0	-1	0	0.3448	-1.0000
54	451	2	691.5517	1	4	0	-1	0	0.3448	-1.0000
54	452	2	693.0848	2	5	0	-1	0	0.3448	-1.0000
54	453	2	694.6181	14	9	0	-1	0	0.3448	-1.0000
54	454	2	696.1515	1	4	0	-1	0	0.3448	-1.0000
54	455	2	697.6851	14	9	0	-1	0	0.3448	-1.0000
54	456	2	699.2182	2	5	0	-1	0	0.3448	-1.0000
54	457	2	700.7516	3	12	0	-1	0	0.3448	-1.0000
54	458	2	702.2848	2	5	0	-1	0	0.3448	-1.0000
54	459	2	703.8182	3	12	0	-1	0	0.3448	-1.0000
54	460	2	705.3516	1	4	0	-1	0	0.3448	-1.0000
54	461	2	706.8849	3	12	0	-1	0	0.3448	-1.0000
54	462	2	708.4182	2	5	0	-1	0	0.3448	-1.0000
54	463	2	709.9515	14	9	0	-1	0	0.3448	-1.0000
54	464	2	711.4849	1	4	0	-1	0	0.3448	-1.0000
54	465	2	713.0183	14	9	0	-1	0	0.3448	-1.0000
54	466	2	714.5515	15	3	0	-1	0	0.3448	-1.0000
54	467	2	716.0849	1	4	0	-1	0	0.3448	-1.0000
54	468	2	717.8849	2	5	0	-1	0	0.3448	-1.0000
54	469	2	719.4183	3	12	0	-1	0	0.3448	-1.0000
54	470	2	720.9516	4	11	0	-1	0	0.3448	-1.0000
54	471	2	722.4851	5	1	0	-1	0	0.3448	-1.0000
54	472	2	724.0182	6	7	0	-1	1	0.3390	1.2982
54	473	2	725.5515	7	10	0	-1	0	0.3390	-1.0000
54	474	2	727.0849	8	14	0	-1	0	0.3390	-1.0000
54	475	2	728.6183	9	8	0	-1	0	0.3390	-1.0000
54	476	2	730.1516	10	2	0	-1	0	0.3390	-1.0000
54	477	2	731.6851	11	13	0	-1	0	0.3390	-1.0000
54	478	2	733.2183	12	15	0	-1	0	0.3390	-1.0000
54	479	2	734.7516	13	6	0	-1	0	0.3390	-1.0000
54	480	2	736.2850	14	9	0	-1	0	0.3390	-1.0000
54	481	2	737.8183	15	3	0	-1	0	0.3390	-1.0000
54	482	2	739.3518	14	9	0	-1	0	0.3390	-1.0000
54	483	2	740.8849	15	3	0	-1	0	0.3390	-1.0000
54	484	2	742.4184	1	4	0	-1	0	0.3390	-1.0000
54	485	2	743.9517	3	12	0	-1	0	0.3390	-1.0000
54	486	2	745.4852	4	11	0	-1	0	0.3390	-1.0000
54	487	2	747.0184	3	12	0	-1	0	0.3390	-1.0000
54	488	2	748.5518	15	3	0	-1	0	0.3390	-1.0000
54	489	2	750.0850	1	4	0	-1	0	0.3390	-1.0000
54	490	2	751.6183	3	12	0	-1	0	0.3390	-1.0000
54	491	2	753.1516	4	11	0	-1	0	0.3390	-1.0000
54	492	2	754.6850	7	10	0	-1	1	0.3333	0.6314
54	493	2	756.2182	4	11	0	-1	0	0.3333	-1.0000
54	494	2	757.7516	5	1	0	-1	0	0.3333	-1.0000
54	495	2	759.2852	7	10	0	-1	0	0.3333	-1.0000
54	496	2	760.8183	8	14	0	-1	0	0.3333	-1.0000
54	497	2	762.3516	9	8	0	-1	0	0.3333	-1.0000
54	498	2	763.8850	10	2	0	-1	0	0.3333	-1.0000
54	499	2	765.4184	11	13	0	-1	0	0.3333	-1.0000
54	500	2	766.9517	12	15	0	-1	1	0.3279	0.7653
54	501	2	768.4851	13	6	0	-1	0	0.3279	-1.0000
54	502	2	770.0184	14	9	0	-1	0	0.3279	-1.0000
54	503	2	771.5519	15	3	0	-1	1	0.3226	0.6610
54	504	2	773.0851	1	4	0	-1	0	0.3226	-1.0000
54	505	2	774.6186	2	5	0	-1	0	0.3226	-1.0000
54	506	2	776.1517	3	12	0	-1	0	0.3226	-1.0000
54	507	2	777.6851	4	11	0	-1	0	0.3226	-1.0000
54	508	2	779.2184	5	1	0	-1	0	0.3226	-1.0000
54	509	2	780.7517	6	7	0	-1	1	0.3175	0.6133
54	510	2	782.2851	7	10	0	-1	0	0.3175	-1.0000
54	511	2	783.8185	6	7	0	-1	1	0.3125	0.6664
54	512	2	785.3518	5	1	0	-1	0	0.3125	-1.0000
54	513	2	786.8850	4	11	0	-1	0	0.3125	-1.0000
54	514	2	788.4185	3	12	0	-1	0	0.3125	-1.0000
54	515	2	789.9517	2	5	0	-1	0	0.3125	-1.0000
54	516	2	791.4851	3	12	0	-1	0	0.3125	-1.0000
54	517	2	793.0186	2	5	0	-1	0	0.3125	-1.0000
54	518	2	794.5518	1	4	0	-1	0	0.3125	-1.0000
54	519	2	796.0851	15	3	0	-1	0	0.3125	-1.0000
54	520	2	797.6186	1	4	0	-1	0	0.3125	-1.0000
54	521	2	799.1518	3	12	0	-1	0	0.3125	-1.0000
54	522	2	800.6853	4	11	0	-1	0	0.3125	-1.0000
54	523	2	802.2186	7	10	0	-1	1	0.3077	0.6983
54	524	2	803.7518	4	11	0	-1	0	0.3077	-1.0000
54	525	2	805.2851	6	7	0	-1	0	0.3077	-1.0000
54	526	2	806.8185	7	10	0	-1	0	0.3077	-1.0000
54	527	2	808.3518	8	14	0	-1	0	0.3077	-1.0000
54	528	2	809.8853	9	8	0	-1	0	0.3077	-1.0000
54	529	2	811.4185	10	2	0	-1	0	0.3077	-1.0000
54	530	2	812.9520	11	13	0	-1	0	0.3077	-1.0000
54	531	2	814.4852	12	15	0	-1	1	0.3030	1.1032
54	532	2	816.0185	13	6	0	-1	0	0.3030	-1.0000
54	533	2	817.5520	14	9	0	-1	1	0.3134	0.8210
54	534	2	819.0851	15	3	0	-1	0	0.3134	-1.0000
54	535	2	820.6185	1	4	0	-1	0	0.3134	-1.0000
54	536	2	822.1520	2	5	0	-1	0	0.3134	-1.0000
54	537	2	823.6852	3	12	0	-1	0	0.3134	-1.0000
54	538	2	825.2184	4	11	0	-1	0	0.3134	-1.0000
54	539	2	826.7518	5	1	0	-1	1	0.3088	1.0609
54	540	2	828.2852	6	7	0	-1	0	0.3088	-1.0000
54	541	2	829.8184	8	14	0	-1	0	0.3088	-1.0000
54	542	2	831.3519	7	10	0	-1	0	0.3088	-1.0000
54	543	2	832.8852	5	1	0	-1	1	0.3043	0.7194
54	544	2	834.4186	4	11	0	-1	0	0.3043	-1.0000
54	545	2	835.9519	7	10	0	-1	0	0.3043	-1.0000
54	546	2	837.4854	8	14	0	-1	0	0.3043	-1.0000
54	547	2	839.0185	5	1	0	-1	0	0.3043	-1.0000
54	548	2	840.5521	6	7	0	-1	0	0.3043	-1.0000
54	549	2	842.0853	5	1	0	-1	0	0.3043	-1.0000
54	550	2	843.6185	4	11	0	-1	0	0.3043	-1.0000
54	551	2	845.1519	6	7	0	-1	0	0.3043	-1.0000
54	552	2	846.6851	7	10	0	-1	0	0.3043	-1.0000
54	553	2	848.2186	8	14	0	-1	0	0.3043	-1.0000
54	554	2	849.7521	5	1	0	-1	0	0.3043	-1.0000
54	555	2	851.2852	7	10	0	-1	0	0.3043	-1.0000
54	556	2	852.8185	8	14	0	-1	0	0.3043	-1.0000
54	557	2	854.3519	9	8	0	-1	1	0.3143	0.9811
54	558	2	855.8852	10	2	0	-1	0	0.3143	-1.0000
54	559	2	857.4185	11	13	0	-1	0	0.3143	-1.0000
54	560	2	858.9519	12	15	0	-1	0	0.3143	-1.0000
54	561	2	860.4853	13	6	0	-1	0	0.3143	-1.0000
54	562	2	862.0187	14	9	0	-1	1	0.3239	1.0741
54	563	2	863.5518	15	3	0	-1	0	0.3239	-1.0000
54	564	2	865.0853	1	4	0	-1	0	0.3239	-1.0000
54	565	2	866.6186	2	5	0	-1	0	0.3239	-1.0000
54	566	2	868.1520	3	12	0	-1	0	0.3239	-1.0000
54	567	2	869.6855	4	11	0	-1	0	0.3239	-1.0000
54	568	2	871.2188	5	1	0	-1	1	0.3194	0.9778
54	569	2	872.7520	6	7	0	-1	0	0.3194	-1.0000
54	570	2	874.2853	7	10	0	-1	0	0.3194	-1.0000
54	571	2	875.8188	6	7	0	-1	0	0.3194	-1.0000
54	572	2	877.3522	8	14	0	-1	0	0.3194	-1.0000
54	573	2	878.8854	9	8	0	-1	0	0.3194	-1.0000
54	574	2	880.4187	12	15	0	-1	1	0.3151	0.8665
54	575	2	881.9521	10	2	0	-1	0	0.3151	-1.0000
54	576	2	883.4853	12	15	0	-1	0	0.3151	-1.0000
54	577	2	885.0186	13	6	0	-1	0	0.3151	-1.0000
54	578	2	886.5519	10	2	0	-1	0	0.3151	-1.0000
54	579	2	888.0854	9	8	0	-1	0	0.3151	-1.0000
54	580	2	889.6189	8	14	0	-1	0	0.3151	-1.0000
54	581	2	891.1519	6	7	0	-1	0	0.3151	-1.0000
54	582	2	892.6855	7	10	0	-1	0	0.3151	-1.0000
54	583	2	894.2187	8	14	0	-1	1	0.3108	1.4823
54	584	2	895.7520	7	10	0	-1	1	0.3067	0.0168
54	585	2	897.2853	8	14	0	-1	0	0.3067	-1.0000
54	586	2	898.8187	9	8	0	-1	0	0.3067	-1.0000
54	587	2	900.3519	10	2	0	-1	0	0.3067	-1.0000
54	588	2	901.8854	11	13	0	-1	0	0.3067	-1.0000
54	589	2	903.4189	12	15	0	-1	1	0.3026	1.1621
54	590	2	904.9520	13	6	0	-1	0	0.3026	-1.0000
54	591	2	906.4854	14	9	0	-1	1	0.3117	1.0873
54	592	2	908.0187	15	3	0	-1	0	0.3117	-1.0000
54	593	2	909.5522	1	4	0	-1	0	0.3117	-1.0000
54	594	2	911.0854	2	5	0	-1	0	0.3117	-1.0000
54	595	2	912.6188	3	12	0	-1	0	0.3117	-1.0000
54	596	2	914.1520	4	11	0	-1	0	0.3117	-1.0000
54	597	2	915.6856	5	1	0	-1	0	0.3117	-1.0000
54	598	2	917.2188	6	7	0	-1	0	0.3117	-1.0000
54	599	2	918.7523	7	10	0	-1	1	0.3077	0.2130
54	600	2	920.2855	8	14	0	-1	0	0.3077	-1.0000
Actual parsing ratio
0.3077
Possible node parses
89.0000
 Node parses selected
0.2697
Possible other parses
511.0000
Other parses selected
0.1057
Chance parsing ratio
0.1483
Shock trials
128
369
468