*********************************************
* Date/Time: 20-Feb-2020 09:02:04
* Seed: 211021.2
* Subject Number: 051
13	1	4	7	8	5	11	12	2	6	14	15	10	3	9	
*********************************************

Shape exposure time (seconds)
318.5278
subject	trial	phase	onset	node	shape	rotate	acc	resp	total	rt
51	1	1	1.0167	10	6	0	-1	0	0.0000	-1.0000
51	2	1	2.8164	12	15	0	1	1	0.5000	0.7719
51	3	1	4.3664	9	2	0	-1	1	0.3333	-1.0000
51	4	1	6.0998	12	15	90	-1	0	0.2500	-1.0000
51	5	1	7.8164	9	2	0	-1	0	0.2000	-1.0000
51	6	1	9.5498	8	12	0	1	1	0.3333	0.1829
51	7	1	11.0998	9	2	0	1	1	0.4286	0.2648
51	8	1	12.6497	8	12	0	1	1	0.5000	0.5865
51	9	1	14.1998	6	5	0	-1	0	0.4444	-1.0000
51	10	1	15.9332	4	7	0	-1	0	0.4000	-1.0000
51	11	1	17.6665	6	5	0	-1	1	0.3636	-1.0000
51	12	1	19.4165	8	12	0	1	1	0.4167	1.0202
51	13	1	20.9665	6	5	0	1	1	0.4615	0.6700
51	14	1	22.5165	8	12	0	1	1	0.5000	1.0241
51	15	1	24.0664	5	8	90	-1	1	0.4667	-1.0000
51	16	1	25.7998	4	7	0	-1	1	0.4375	-1.0000
51	17	1	27.5332	7	11	0	-1	0	0.4118	-1.0000
51	18	1	29.2498	5	8	90	0	1	0.3889	0.2905
51	19	1	30.7998	7	11	0	-1	0	0.3684	-1.0000
51	20	1	32.5331	6	5	0	1	1	0.4000	0.0313
51	21	1	34.0832	4	7	0	1	1	0.4286	0.1132
51	22	1	35.6331	7	11	0	1	1	0.4545	1.3312
51	23	1	37.1832	8	12	0	1	1	0.4783	0.9494
51	24	1	38.7332	6	5	0	1	1	0.5000	0.7120
51	25	1	40.2831	7	11	0	1	1	0.5200	0.5219
51	26	1	41.8331	6	5	0	1	1	0.5385	0.7792
51	27	1	43.3832	7	11	0	1	1	0.5556	1.0532
51	28	1	44.9332	8	12	0	1	1	0.5714	1.4397
51	29	1	46.5999	7	11	0	-1	0	0.5517	-1.0000
51	30	1	48.3499	5	8	0	-1	0	0.5333	-1.0000
51	31	1	50.0999	4	7	0	1	1	0.5484	0.0324
51	32	1	51.6498	3	4	90	0	1	0.5313	1.3945
51	33	1	53.2832	15	9	90	-1	0	0.5152	-1.0000
51	34	1	55.0166	1	13	0	1	1	0.5294	0.3962
51	35	1	56.5665	14	3	90	0	1	0.5143	0.6382
51	36	1	58.1166	1	13	0	1	1	0.5278	1.4241
51	37	1	59.7499	14	3	0	-1	0	0.5135	-1.0000
51	38	1	61.4833	15	9	0	-1	0	0.5000	-1.0000
51	39	1	63.1999	1	13	0	-1	0	0.4872	-1.0000
51	40	1	64.9333	3	4	0	1	1	0.5000	0.1279
51	41	1	66.4832	15	9	0	1	1	0.5122	0.1772
51	42	1	68.0333	3	4	90	0	1	0.5000	0.3550
51	43	1	69.5832	1	13	0	1	1	0.5116	0.8692
51	44	1	71.1333	2	1	0	1	1	0.5227	1.2871
51	45	1	72.6833	15	9	0	-1	0	0.5111	-1.0000
51	46	1	74.4333	1	13	0	1	1	0.5217	1.2191
51	47	1	75.9832	2	1	0	1	1	0.5319	1.1581
51	48	1	77.5333	15	9	0	1	1	0.5417	1.1435
51	49	1	79.0833	1	13	0	1	1	0.5510	1.2091
51	50	1	80.6333	14	3	0	-1	0	0.5400	-1.0000
51	51	1	82.3833	2	1	0	-1	0	0.5294	-1.0000
51	52	1	84.1166	3	4	90	0	1	0.5192	0.6878
51	53	1	85.6666	4	7	0	1	1	0.5283	1.3778
51	54	1	87.2166	5	8	0	1	1	0.5370	1.4122
51	55	1	88.7666	4	7	0	1	1	0.5455	1.2378
51	56	1	90.3166	5	8	0	1	1	0.5536	1.2562
51	57	1	91.8666	4	7	0	1	1	0.5614	1.1941
51	58	1	93.4167	6	5	90	0	1	0.5517	1.2921
51	59	1	94.9666	5	8	0	-1	0	0.5424	-1.0000
51	60	1	96.7000	4	7	0	1	1	0.5500	0.2004
51	61	1	98.2500	7	11	0	-1	0	0.5410	-1.0000
51	62	1	99.9833	8	12	90	0	1	0.5323	0.0855
51	63	1	101.5333	9	2	0	1	1	0.5397	0.0874
51	64	1	103.0833	8	12	90	0	1	0.5313	0.9691
51	65	1	104.6333	9	2	90	0	1	0.5231	1.3391
51	66	1	106.2167	10	6	90	-1	0	0.5152	-1.0000
51	67	1	107.9500	12	15	0	1	1	0.5224	1.2709
51	68	1	109.5000	11	14	90	0	1	0.5147	1.4005
51	69	1	111.1334	10	6	0	-1	0	0.5072	-1.0000
51	70	1	112.8667	12	15	0	1	1	0.5143	0.2097
51	71	1	114.4167	10	6	0	1	1	0.5211	0.7401
51	72	1	115.9666	12	15	0	1	1	0.5278	1.0142
51	73	1	117.5168	10	6	0	1	1	0.5342	1.1121
51	74	1	119.0668	12	15	0	1	1	0.5405	1.2417
51	75	1	120.6167	9	2	0	1	1	0.5467	1.2442
51	76	1	122.1667	8	12	90	0	1	0.5395	1.2298
51	77	1	123.7167	5	8	0	-1	0	0.5325	-1.0000
51	78	1	125.4833	7	11	0	1	1	0.5385	1.1776
51	79	1	127.0333	4	7	0	-1	0	0.5316	-1.0000
51	80	1	128.8167	3	4	0	1	1	0.5375	1.2841
51	81	1	130.3667	4	7	90	0	1	0.5309	1.4778
51	82	1	132.0834	6	5	0	-1	0	0.5244	-1.0000
51	83	1	133.8168	5	8	0	1	1	0.5301	1.3237
51	84	1	135.3667	8	12	0	-1	0	0.5238	-1.0000
51	85	1	137.2001	5	8	90	0	1	0.5176	0.8847
51	86	1	138.7501	6	5	0	1	1	0.5233	1.4948
51	87	1	140.4001	5	8	0	-1	0	0.5172	-1.0000
51	88	1	142.1335	4	7	0	1	1	0.5227	0.8152
51	89	1	143.6834	5	8	0	1	1	0.5281	0.6411
51	90	1	145.2334	7	11	0	1	1	0.5333	1.2673
51	91	1	146.7834	8	12	90	0	1	0.5275	1.0935
51	92	1	148.3334	9	2	0	1	1	0.5326	1.4795
51	93	1	149.9501	12	15	0	-1	0	0.5269	-1.0000
51	94	1	151.7168	13	10	0	1	1	0.5319	0.9120
51	95	1	153.2668	10	6	0	1	1	0.5368	1.3781
51	96	1	154.8168	9	2	90	-1	0	0.5313	-1.0000
51	97	1	156.5501	11	14	90	0	1	0.5258	0.0313
51	98	1	158.1002	9	2	0	1	1	0.5306	1.2803
51	99	1	159.6501	10	6	0	-1	0	0.5253	-1.0000
51	100	1	161.3835	9	2	0	1	1	0.5300	0.1737
51	101	1	162.9334	12	15	0	1	1	0.5347	1.1196
51	102	1	164.4835	10	6	0	1	1	0.5392	1.1855
51	103	1	166.0335	9	2	0	1	1	0.5437	1.4273
51	104	1	167.6001	12	15	0	1	1	0.5481	1.4443
51	105	1	169.1668	10	6	90	-1	0	0.5429	-1.0000
51	106	1	170.9002	11	14	0	1	1	0.5472	0.7847
51	107	1	172.4501	13	10	0	1	1	0.5514	0.9306
51	108	1	174.0001	14	3	0	1	1	0.5556	1.1084
51	109	1	175.5501	1	13	0	1	1	0.5596	1.3028
51	110	1	177.1002	2	1	90	0	1	0.5545	1.2246
51	111	1	178.6501	3	4	0	1	1	0.5586	1.3386
51	112	1	180.2002	1	13	90	-1	0	0.5536	-1.0000
51	113	1	182.0669	2	1	0	-1	0	0.5487	-1.0000
51	114	1	183.8169	15	9	0	1	1	0.5526	1.1799
51	115	1	185.3668	2	1	0	-1	0	0.5478	-1.0000
51	116	1	187.1169	1	13	0	-1	0	0.5431	-1.0000
51	117	1	188.8669	15	9	0	1	1	0.5470	1.3459
51	118	1	190.4169	1	13	0	1	1	0.5508	1.3959
51	119	1	191.9835	14	3	90	-1	0	0.5462	-1.0000
51	120	1	193.7002	15	9	0	-1	0	0.5417	-1.0000
51	121	1	195.4336	2	1	0	1	1	0.5455	1.2595
51	122	1	196.9836	14	3	0	1	1	0.5492	1.1334
51	123	1	198.5336	1	13	0	-1	0	0.5447	-1.0000
51	124	1	200.3336	3	4	0	1	1	0.5484	1.2709
51	125	1	201.8835	15	9	0	1	1	0.5520	1.2575
51	126	1	203.4336	1	13	0	1	1	0.5556	1.3073
51	127	1	204.9836	15	9	0	-1	0	0.5512	-1.0000
51	128	1	206.7169	14	3	0	-1	0	0.5469	-1.0000
51	129	1	208.4670	15	9	0	1	1	0.5504	0.1621
51	130	1	210.0169	1	13	0	1	1	0.5538	1.1560
51	131	1	211.5669	15	9	0	1	1	0.5573	1.3819
51	132	1	213.1336	1	13	0	1	1	0.5606	1.4630
51	133	1	214.8003	14	3	90	0	1	0.5564	1.3486
51	134	1	216.3836	2	1	90	-1	0	0.5522	-1.0000
51	135	1	218.1170	3	4	0	1	1	0.5556	0.1599
51	136	1	219.6669	2	1	90	0	1	0.5515	0.4656
51	137	1	221.2169	3	4	0	1	1	0.5547	0.6918
51	138	1	222.7669	2	1	0	1	1	0.5580	0.5976
51	139	1	224.3169	1	13	0	1	1	0.5612	1.4316
51	140	1	226.0003	2	1	0	1	1	0.5643	1.1563
51	141	1	227.5503	3	4	0	1	1	0.5674	1.0627
51	142	1	229.1003	2	1	0	1	1	0.5704	1.3203
51	143	1	230.6503	14	3	0	1	1	0.5734	1.3868
51	144	1	232.2170	13	10	0	1	1	0.5764	0.9722
51	145	1	233.7670	11	14	90	0	1	0.5724	1.3580
51	146	1	235.3503	12	15	0	1	1	0.5753	1.3264
51	147	1	236.9003	9	2	0	1	1	0.5782	1.4248
51	148	1	238.4503	8	12	0	-1	0	0.5743	-1.0000
51	149	1	240.2337	6	5	0	1	1	0.5772	1.0829
51	150	1	241.7837	5	8	0	1	1	0.5800	1.1818
51	151	1	243.3337	6	5	0	-1	0	0.5762	-1.0000
51	152	1	245.0671	7	11	0	1	1	0.5789	0.0168
51	153	1	246.6170	6	5	0	-1	0	0.5752	-1.0000
51	154	1	248.3671	5	8	0	1	1	0.5779	0.7575
51	155	1	249.9171	6	5	0	1	1	0.5806	1.2555
51	156	1	251.4670	5	8	0	1	1	0.5833	1.4339
51	157	1	253.0837	7	11	0	1	1	0.5860	1.3853
51	158	1	254.6337	4	7	0	1	1	0.5886	1.4994
51	159	1	256.3337	5	8	0	-1	0	0.5849	-1.0000
51	160	1	258.0503	7	11	0	1	1	0.5875	1.3625
51	161	1	259.6004	8	12	0	1	1	0.5901	1.1882
51	162	1	261.1503	5	8	0	1	1	0.5926	1.0626
51	163	1	262.7004	8	12	90	-1	0	0.5890	-1.0000
51	164	1	264.4338	5	8	90	0	1	0.5854	0.3070
51	165	1	265.9837	4	7	90	0	1	0.5818	0.5809
51	166	1	267.5337	7	11	90	0	1	0.5783	0.5989
51	167	1	269.0838	4	7	0	1	1	0.5808	1.0492
51	168	1	270.6337	7	11	0	1	1	0.5833	1.4192
51	169	1	272.2004	6	5	0	-1	0	0.5799	-1.0000
51	170	1	274.0004	5	8	0	1	1	0.5824	0.9645
51	171	1	275.5504	8	12	0	1	1	0.5848	1.3342
51	172	1	277.1004	6	5	0	-1	0	0.5814	-1.0000
51	173	1	278.8337	4	7	0	1	1	0.5838	0.0168
51	174	1	280.3837	3	4	0	1	1	0.5862	0.4369
51	175	1	281.9839	15	9	0	1	1	0.5886	1.4608
51	176	1	283.6005	1	13	0	1	1	0.5909	1.2367
51	177	1	285.1505	14	3	0	1	1	0.5932	1.2066
51	178	1	286.7004	15	9	90	0	1	0.5899	1.0326
51	179	1	288.2504	14	3	0	-1	0	0.5866	-1.0000
51	180	1	290.0005	1	13	0	1	1	0.5889	0.6125
51	181	1	291.5505	14	3	0	-1	0	0.5856	-1.0000
51	182	1	293.4172	13	10	0	1	1	0.5879	0.5557
51	183	1	294.9672	10	6	0	1	1	0.5902	0.4137
51	184	1	296.5172	12	15	0	1	1	0.5924	0.7039
51	185	1	298.0671	11	14	0	-1	0	0.5892	-1.0000
51	186	1	300.0672	13	10	90	-1	1	0.5860	-1.0000
51	187	1	301.7838	10	6	90	0	1	0.5829	0.4609
51	188	1	303.3338	11	14	0	1	1	0.5851	0.8632
51	189	1	304.8838	10	6	0	-1	0	0.5820	-1.0000
51	190	1	306.6005	12	15	0	1	1	0.5842	0.2523
51	191	1	308.1505	11	14	90	0	1	0.5812	0.6063
51	192	1	309.7006	10	6	90	0	1	0.5781	1.2645
51	193	1	311.2505	9	2	90	-1	0	0.5751	-1.0000
51	194	1	312.9671	12	15	0	1	1	0.5773	0.1095
51	195	1	314.5172	10	6	90	0	1	0.5744	0.5276
51	196	1	316.0672	9	2	0	1	1	0.5765	0.9618
51	197	1	317.6172	10	6	0	1	1	0.5787	1.1717
51	198	1	319.1672	9	2	0	-1	0	0.5758	-1.0000
51	199	1	321.0172	11	14	90	0	1	0.5729	1.0838
51	200	1	322.5673	10	6	0	1	1	0.5750	0.7658
51	201	1	324.1172	12	15	90	0	1	0.5721	1.1995
51	202	1	325.6672	13	10	0	-1	0	0.5693	-1.0000
51	203	1	327.4005	14	3	0	1	1	0.5714	1.0206
51	204	1	328.9506	2	1	0	1	1	0.5735	1.4863
51	205	1	330.6339	1	13	0	1	1	0.5756	1.4190
51	206	1	332.2672	2	1	0	-1	0	0.5728	-1.0000
51	207	1	333.9839	1	13	90	0	1	0.5700	0.2448
51	208	1	335.5339	14	3	0	1	1	0.5721	0.8232
51	209	1	337.0839	13	10	0	-1	0	0.5694	-1.0000
51	210	1	338.8006	14	3	0	1	1	0.5714	1.3961
51	211	1	340.3505	15	9	90	-1	0	0.5687	-1.0000
51	212	1	342.1006	14	3	0	-1	0	0.5660	-1.0000
51	213	1	343.8340	13	10	0	1	1	0.5681	0.2353
51	214	1	345.3839	12	15	0	1	1	0.5701	1.3888
51	215	1	346.9340	13	10	90	-1	0	0.5674	-1.0000
51	216	1	348.6673	12	15	90	0	1	0.5648	0.7941
51	217	1	350.2173	13	10	0	1	1	0.5668	0.6194
51	218	1	351.7672	11	14	0	1	1	0.5688	0.4779
51	219	1	353.3172	10	6	0	1	1	0.5708	1.3117
51	220	1	354.8672	9	2	90	-1	0	0.5682	-1.0000
51	221	1	356.6007	8	12	0	-1	0	0.5656	-1.0000
51	222	1	358.3673	5	8	0	1	1	0.5676	0.5974
51	223	1	359.9173	6	5	90	0	1	0.5650	0.9037
51	224	1	361.4673	4	7	0	1	1	0.5670	1.1615
51	225	1	363.0172	5	8	90	0	1	0.5644	0.8755
51	226	1	364.5673	8	12	0	-1	0	0.5619	-1.0000
51	227	1	366.3006	9	2	90	0	1	0.5595	0.4246
51	228	1	367.8506	10	6	90	0	1	0.5570	0.7784
51	229	1	369.4006	12	15	90	-1	1	0.5546	-1.0000
51	230	1	371.1340	9	2	0	1	1	0.5565	0.1351
51	231	1	372.6840	10	6	90	0	1	0.5541	0.1213
51	232	1	374.2340	13	10	90	0	1	0.5517	0.2831
51	233	1	375.7840	12	15	0	-1	0	0.5494	-1.0000
51	234	1	377.5174	11	14	0	1	1	0.5513	0.5677
51	235	1	379.0674	12	15	0	1	1	0.5532	1.2099
51	236	1	380.6173	9	2	0	-1	0	0.5508	-1.0000
51	237	1	382.3340	10	6	0	1	1	0.5527	0.3593
51	238	1	383.8840	13	10	0	1	1	0.5546	1.2091
51	239	1	385.4341	11	14	90	0	1	0.5523	1.3707
51	240	1	387.0507	12	15	0	1	1	0.5542	1.2420
51	241	1	388.6007	11	14	0	-1	0	0.5519	-1.0000
51	242	1	390.3341	12	15	0	1	1	0.5537	0.9991
51	243	1	391.8840	13	10	0	1	1	0.5556	1.0975
51	244	1	393.4340	12	15	0	1	1	0.5574	1.3392
51	245	1	394.9841	10	6	0	-1	0	0.5551	-1.0000
51	246	1	396.7174	9	2	0	1	1	0.5569	0.0168
51	247	1	398.2674	8	12	90	-1	0	0.5547	-1.0000
51	248	1	400.0174	6	5	0	1	1	0.5565	0.0522
51	249	1	401.5674	7	11	0	1	1	0.5582	1.4618
51	250	1	403.2007	6	5	0	1	1	0.5600	1.1085
51	251	1	404.7507	7	11	0	1	1	0.5618	1.3344
51	252	1	406.3007	4	7	0	1	1	0.5635	1.1125
51	253	1	407.8507	3	4	0	1	1	0.5652	1.1300
51	254	1	409.4007	1	13	90	0	1	0.5630	1.3081
51	255	1	410.9508	3	4	0	-1	0	0.5608	-1.0000
51	256	1	412.7007	2	1	90	0	1	0.5586	1.3523
51	257	1	414.3007	14	3	0	1	1	0.5603	1.3682
51	258	1	415.8508	2	1	0	1	1	0.5620	1.3544
51	259	1	417.4007	15	9	0	1	1	0.5637	1.2761
51	260	1	418.9508	14	3	0	1	1	0.5654	1.2145
51	261	1	420.5008	13	10	0	1	1	0.5670	1.3443
51	262	1	422.0507	12	15	90	-1	0	0.5649	-1.0000
51	263	1	423.7841	9	2	0	-1	0	0.5627	-1.0000
51	264	1	425.5175	10	6	0	1	1	0.5644	0.3596
51	265	1	427.0675	12	15	0	1	1	0.5660	0.5220
51	266	1	428.6175	9	2	0	1	1	0.5677	0.3638
51	267	1	430.1675	12	15	90	0	1	0.5655	0.3655
51	268	1	431.7175	9	2	0	1	1	0.5672	0.2397
51	269	1	433.2675	8	12	0	1	1	0.5688	0.2258
51	270	1	434.8174	6	5	0	1	1	0.5704	1.0119
51	271	1	436.3675	7	11	0	1	1	0.5720	1.0141
51	272	1	437.9174	8	12	0	1	1	0.5735	1.2394
51	273	1	439.4675	9	2	0	1	1	0.5751	1.2896
51	274	1	441.0175	11	14	0	-1	0	0.5730	-1.0000
51	275	1	442.7508	10	6	90	0	1	0.5709	0.0226
51	276	1	444.3008	12	15	0	1	1	0.5725	1.1124
51	277	1	445.8509	9	2	0	1	1	0.5740	1.3704
51	278	1	447.4175	10	6	0	-1	0	0.5719	-1.0000
51	279	1	449.1675	12	15	0	1	1	0.5735	0.0376
51	280	1	450.7175	11	14	0	1	1	0.5750	0.1043
51	281	1	452.2675	12	15	0	1	1	0.5765	1.1780
51	282	1	453.8176	10	6	0	-1	0	0.5745	-1.0000
51	283	1	455.5509	11	14	0	-1	0	0.5724	-1.0000
51	284	1	457.3842	13	10	0	1	1	0.5739	1.1487
51	285	1	458.9342	12	15	0	-1	0	0.5719	-1.0000
51	286	1	460.6510	13	10	0	1	1	0.5734	1.0659
51	287	1	462.2008	14	3	90	0	1	0.5714	1.0360
51	288	1	463.7508	2	1	0	1	1	0.5729	0.9581
51	289	1	465.3009	3	4	90	0	1	0.5709	1.2326
51	290	1	466.8508	4	7	0	-1	0	0.5690	-1.0000
51	291	1	468.5842	5	8	0	-1	0	0.5670	-1.0000
51	292	1	470.3176	8	12	0	-1	0	0.5651	-1.0000
51	293	1	472.0676	5	8	0	1	1	0.5666	0.6257
51	294	1	473.6176	7	11	0	1	1	0.5680	1.2358
51	295	1	475.1676	5	8	0	1	1	0.5695	1.0620
51	296	1	476.7176	6	5	0	1	1	0.5709	0.9516
51	297	1	478.2676	7	11	0	1	1	0.5724	0.8894
51	298	1	479.8176	5	8	0	1	1	0.5738	1.0359
51	299	1	481.3676	8	12	0	1	1	0.5753	1.2618
51	300	1	482.9175	5	8	0	1	1	0.5767	1.4875
51	301	1	484.6010	6	5	0	-1	0	0.5748	-1.0000
51	302	1	486.3343	4	7	90	0	1	0.5728	0.1186
51	303	1	487.8843	5	8	0	1	1	0.5743	0.0886
51	304	1	489.4342	7	11	0	1	1	0.5757	1.0193
51	305	1	490.9843	8	12	0	1	1	0.5770	1.1170
51	306	1	492.5344	9	2	90	0	1	0.5752	1.4068
51	307	1	494.1843	10	6	0	-1	0	0.5733	-1.0000
51	308	1	496.0010	11	14	0	-1	0	0.5714	-1.0000
51	309	1	497.7509	12	15	0	1	1	0.5728	1.1984
51	310	1	499.3010	9	2	0	1	1	0.5742	1.4563
51	311	1	500.9676	11	14	0	1	1	0.5756	1.4535
51	312	1	502.6677	9	2	0	1	1	0.5769	1.1295
51	313	1	504.2176	12	15	90	0	1	0.5751	1.2913
51	314	1	505.7677	10	6	0	-1	0	0.5732	-1.0000
51	315	1	507.5011	12	15	0	1	1	0.5746	1.3998
51	316	1	509.0510	10	6	0	1	1	0.5759	0.7939
51	317	1	510.6010	13	10	0	-1	0	0.5741	-1.0000
51	318	1	512.3177	11	14	0	1	1	0.5755	0.8872
51	319	1	513.8676	13	10	0	1	1	0.5768	1.3214
51	320	1	515.4177	14	3	0	-1	0	0.5750	-1.0000
51	321	1	517.1344	13	10	90	-1	0	0.5732	-1.0000
51	322	1	519.0177	14	3	0	-1	0	0.5714	-1.0000
51	323	1	520.8844	2	1	0	1	1	0.5728	1.1532
51	324	1	522.4343	14	3	0	-1	0	0.5710	-1.0000
51	325	1	524.1677	15	9	0	1	1	0.5723	0.1576
51	326	1	525.7177	2	1	0	1	1	0.5736	0.9592
51	327	1	527.2677	14	3	0	1	1	0.5749	1.1693
51	328	1	528.8177	13	10	90	-1	0	0.5732	-1.0000
51	329	1	530.5677	11	14	0	1	1	0.5745	0.2704
51	330	1	532.1177	12	15	0	1	1	0.5758	0.7359
51	331	1	533.6677	9	2	0	-1	0	0.5740	-1.0000
51	332	1	535.4010	10	6	0	-1	0	0.5723	-1.0000
51	333	1	537.1344	13	10	0	1	1	0.5736	0.2306
51	334	1	538.6845	14	3	0	-1	0	0.5719	-1.0000
51	335	1	540.4011	1	13	0	1	1	0.5731	0.2118
51	336	1	541.9510	14	3	90	-1	0	0.5714	-1.0000
51	337	1	543.6678	1	13	0	1	1	0.5727	0.9292
51	338	1	545.2177	2	1	0	1	1	0.5740	1.4117
51	339	1	546.7844	1	13	0	1	1	0.5752	1.4128
51	340	1	548.3344	2	1	0	1	1	0.5765	1.1105
51	341	1	549.8844	3	4	90	0	1	0.5748	1.4008
51	342	1	551.5178	4	7	0	1	1	0.5760	1.3998
51	343	1	553.1344	3	4	0	1	1	0.5773	1.4945
51	344	1	554.8178	15	9	90	-1	0	0.5756	-1.0000
51	345	1	556.6678	3	4	90	0	1	0.5739	1.4658
51	346	1	558.3678	4	7	0	-1	1	0.5723	-1.0000
51	347	1	560.1010	3	4	0	1	1	0.5735	0.7204
51	348	1	561.6511	1	13	0	1	1	0.5747	0.7863
51	349	1	563.2011	2	1	0	1	1	0.5759	0.6603
51	350	1	564.7511	14	3	0	1	1	0.5771	0.5659
51	351	1	566.3011	1	13	0	1	1	0.5783	1.3198
51	352	1	567.8511	2	1	0	-1	0	0.5767	-1.0000
51	353	1	569.6345	15	9	0	1	1	0.5779	1.2505
51	354	1	571.1845	14	3	90	0	1	0.5763	1.0610
51	355	1	572.7344	2	1	0	1	1	0.5775	0.6950
51	356	1	574.2845	14	3	0	1	1	0.5787	0.7285
51	357	1	575.8345	1	13	0	-1	0	0.5770	-1.0000
51	358	1	577.5678	3	4	0	1	1	0.5782	0.5816
51	359	1	579.1178	15	9	0	1	1	0.5794	1.4953
51	360	1	580.7845	14	3	0	-1	0	0.5778	-1.0000
51	361	1	582.5179	1	13	90	-1	0	0.5762	-1.0000
51	362	1	584.2512	15	9	0	-1	0	0.5746	-1.0000
51	363	1	586.0179	1	13	90	-1	0	0.5730	-1.0000
51	364	1	587.7511	15	9	0	1	1	0.5742	0.1266
51	365	1	589.3012	2	1	0	1	1	0.5753	1.0083
51	366	1	590.8511	3	4	0	1	1	0.5765	1.0581
51	367	1	592.4013	15	9	0	1	1	0.5777	0.9806
51	368	1	593.9511	3	4	0	1	1	0.5788	1.2223
51	369	1	595.5012	15	9	0	1	1	0.5799	1.2562
51	370	1	597.0512	1	13	0	1	1	0.5811	1.0341
51	371	1	598.6012	2	1	0	1	1	0.5822	1.0518
51	372	1	600.1511	15	9	0	1	1	0.5833	0.9259
51	373	1	601.7012	14	3	0	1	1	0.5845	0.8163
51	374	1	603.2512	2	1	0	1	1	0.5856	0.8659
51	375	1	604.8012	15	9	0	1	1	0.5867	0.9961
51	376	1	606.3513	1	13	0	1	1	0.5878	0.9022
51	377	1	607.9012	14	3	0	1	1	0.5889	0.9362
51	378	1	609.4512	15	9	0	1	1	0.5899	1.0828
51	379	1	611.0012	14	3	90	-1	0	0.5884	-1.0000
51	380	1	612.7679	2	1	0	-1	0	0.5868	-1.0000
51	381	1	614.5179	3	4	90	0	1	0.5853	0.0796
51	382	1	616.0679	1	13	90	0	1	0.5838	0.2576
51	383	1	617.6179	3	4	0	1	1	0.5849	0.3715
51	384	1	619.1679	4	7	0	1	1	0.5859	1.1095
51	385	1	620.7180	7	11	0	-1	0	0.5844	-1.0000
51	386	1	622.4514	5	8	0	1	1	0.5855	0.5457
51	387	1	624.0012	6	5	0	1	1	0.5866	0.8520
51	388	1	625.5513	7	11	0	1	1	0.5876	1.3660
51	389	1	627.1012	5	8	0	-1	0	0.5861	-1.0000
51	390	1	628.8347	8	12	0	-1	0	0.5846	-1.0000
51	391	1	630.5680	7	11	0	1	1	0.5857	0.4290
51	392	1	632.1180	8	12	90	0	1	0.5842	0.3191
51	393	1	633.6680	5	8	0	1	1	0.5852	0.4811
51	394	1	635.2179	7	11	0	1	1	0.5863	0.9152
51	395	1	636.7679	5	8	0	1	1	0.5873	1.0932
51	396	1	638.3179	8	12	0	1	1	0.5884	1.3036
51	397	1	639.8680	6	5	0	1	1	0.5894	1.4333
51	398	1	641.4846	8	12	0	-1	0	0.5879	-1.0000
51	399	1	643.2180	6	5	90	0	1	0.5865	0.0168
51	400	1	644.7680	7	11	90	-1	0	0.5850	-1.0000
51	401	1	646.5013	4	7	0	1	1	0.5860	0.1918
51	402	1	648.0513	6	5	0	1	1	0.5871	0.4018
51	403	1	649.6013	8	12	90	-1	0	0.5856	-1.0000
51	404	1	651.3347	9	2	0	1	1	0.5866	1.0065
51	405	1	652.8846	8	12	0	1	1	0.5877	0.9125
51	406	1	654.4347	7	11	0	1	1	0.5887	0.8506
51	407	1	655.9847	5	8	90	-1	0	0.5872	-1.0000
51	408	1	657.7180	6	5	0	1	1	0.5882	0.4315
51	409	1	659.2681	7	11	0	1	1	0.5892	1.2174
51	410	1	660.8180	4	7	0	1	1	0.5902	1.4431
51	411	1	662.4513	6	5	0	1	1	0.5912	1.2984
51	412	1	664.0013	4	7	90	-1	0	0.5898	-1.0000
51	413	1	665.8180	5	8	0	-1	0	0.5884	-1.0000
51	414	1	667.5514	4	7	0	1	1	0.5894	1.4301
51	415	1	669.1681	6	5	0	1	1	0.5904	1.2531
51	416	1	670.7180	5	8	0	1	1	0.5913	1.4155
51	417	1	672.3181	7	11	0	-1	0	0.5899	-1.0000
51	418	1	674.0514	6	5	0	1	1	0.5909	0.1622
51	419	1	675.6014	4	7	0	1	1	0.5919	0.9965
51	420	1	677.1514	7	11	0	1	1	0.5929	1.1420
51	421	1	678.7014	4	7	0	1	1	0.5938	1.2078
51	422	1	680.2514	3	4	0	-1	0	0.5924	-1.0000
51	423	1	681.9847	15	9	0	-1	0	0.5910	-1.0000
51	424	1	683.7014	1	13	0	1	1	0.5920	0.0967
51	425	1	685.2514	3	4	0	1	1	0.5929	0.3381
51	426	1	686.8014	1	13	0	1	1	0.5939	1.0440
51	427	1	688.3514	14	3	0	-1	0	0.5925	-1.0000
51	428	1	690.1514	15	9	90	0	1	0.5911	1.2777
51	429	1	691.7015	1	13	0	-1	0	0.5897	-1.0000
51	430	1	693.5348	14	3	0	1	1	0.5907	1.4788
51	431	1	695.1514	1	13	0	1	1	0.5916	1.1737
51	432	1	696.7014	3	4	0	1	1	0.5926	1.1118
51	433	1	698.2515	1	13	0	1	1	0.5935	1.0817
51	434	1	699.8014	2	1	0	1	1	0.5945	1.0362
51	435	1	701.3514	1	13	0	1	1	0.5954	1.2779
51	436	1	702.9014	3	4	0	1	1	0.5963	1.3762
51	437	1	704.4515	4	7	0	1	1	0.5973	1.3140
51	438	1	706.0015	6	5	0	1	1	0.5982	1.2840
51	439	1	707.5514	4	7	0	1	1	0.5991	1.3977
51	440	1	709.1014	3	4	0	1	1	0.6000	1.4158
51	441	1	710.6514	2	1	0	1	1	0.6009	1.4497
51	442	1	712.2681	15	9	0	-1	0	0.5995	-1.0000
51	443	1	714.0015	14	3	90	0	1	0.5982	1.2682
51	444	1	715.5516	1	13	0	-1	0	0.5968	-1.0000
51	445	1	717.3016	15	9	0	1	1	0.5978	0.0167
51	446	1	718.8515	14	3	0	1	1	0.5987	0.2740
51	447	1	720.4015	15	9	0	1	1	0.5996	1.1238
51	448	1	721.9515	1	13	0	-1	0	0.5982	-1.0000
51	449	1	723.6849	2	1	0	1	1	0.5991	0.1128
51	450	1	725.2348	14	3	90	0	1	0.5978	1.1064
51	451	1	726.7849	2	1	0	1	1	0.5987	1.3324
51	452	1	728.3349	15	9	0	1	1	0.5996	1.4624
51	453	1	729.9182	3	4	0	1	1	0.6004	1.4793
51	454	1	731.5182	1	13	0	-1	0	0.5991	-1.0000
51	455	1	733.2349	14	3	90	0	1	0.5978	0.0989
51	456	1	734.7849	13	10	0	1	1	0.5987	0.3724
51	457	1	736.3348	14	3	0	1	1	0.5996	0.9984
51	458	1	737.8849	2	1	0	1	1	0.6004	1.1923
51	459	1	739.4348	3	4	0	1	1	0.6013	1.2746
51	460	1	740.9849	4	7	0	-1	0	0.6000	-1.0000
51	461	1	742.7682	5	8	0	1	1	0.6009	1.2375
51	462	1	744.3182	6	5	90	0	1	0.5996	1.3672
51	463	1	745.9349	8	12	0	-1	0	0.5983	-1.0000
51	464	1	747.6683	9	2	0	1	1	0.5991	0.9933
51	465	1	749.2183	11	14	0	-1	0	0.5978	-1.0000
51	466	1	750.9683	13	10	0	-1	0	0.5966	-1.0000
51	467	1	752.7183	12	15	0	1	1	0.5974	0.3438
51	468	1	754.2682	11	14	0	1	1	0.5983	0.7452
51	469	1	755.8182	13	10	0	1	1	0.5991	1.2119
51	470	1	757.3682	11	14	0	-1	0	0.5979	-1.0000
51	471	1	759.1016	10	6	90	0	1	0.5966	1.4636
51	472	1	760.7850	11	14	0	-1	0	0.5953	-1.0000
51	473	1	762.5349	12	15	0	1	1	0.5962	0.0168
51	474	1	764.0850	10	6	0	-1	0	0.5949	-1.0000
51	475	1	765.8017	9	2	0	1	1	0.5958	0.0167
51	476	1	767.3516	12	15	0	1	1	0.5966	0.2380
51	477	1	768.9016	10	6	0	-1	0	0.5954	-1.0000
51	478	1	770.6350	11	14	0	-1	0	0.5941	-1.0000
51	479	1	772.3683	10	6	90	0	1	0.5929	0.2453
51	480	1	773.9183	12	15	0	1	1	0.5938	1.2076
51	481	1	775.4683	11	14	0	-1	0	0.5925	-1.0000
51	482	1	777.2184	13	10	0	1	1	0.5934	0.1478
51	483	1	778.7684	11	14	0	1	1	0.5942	1.2529
51	484	1	780.3183	9	2	0	1	1	0.5950	1.1435
51	485	1	781.8683	11	14	0	-1	0	0.5938	-1.0000
51	486	1	783.6684	13	10	0	-1	0	0.5926	-1.0000
51	487	1	785.4017	11	14	0	1	1	0.5934	0.0168
51	488	1	786.9517	10	6	90	0	1	0.5922	1.3736
51	489	1	788.5683	13	10	0	1	1	0.5930	1.4211
51	490	1	790.1183	12	15	0	-1	0	0.5918	-1.0000
51	491	1	791.8351	10	6	0	1	1	0.5927	0.1385
51	492	1	793.3850	13	10	90	0	1	0.5915	0.5403
51	493	1	794.9350	11	14	0	-1	0	0.5903	-1.0000
51	494	1	796.6684	9	2	0	1	1	0.5911	1.0809
51	495	1	798.2183	8	12	0	1	1	0.5919	1.0990
51	496	1	799.7684	5	8	0	1	1	0.5927	0.8929
51	497	1	801.3184	6	5	90	0	1	0.5915	0.7988
51	498	1	802.8683	7	11	0	1	1	0.5924	1.2493
51	499	1	804.4184	5	8	0	1	1	0.5932	1.2511
51	500	1	805.9684	8	12	90	0	1	0.5920	1.3649
51	501	1	807.5684	6	5	0	1	1	0.5928	1.2212
51	502	1	809.1184	5	8	0	1	1	0.5936	0.9196
51	503	1	810.6685	8	12	0	-1	0	0.5924	-1.0000
51	504	1	812.4017	9	2	0	1	1	0.5933	0.9639
51	505	1	813.9518	10	6	0	1	1	0.5941	0.9018
51	506	1	815.5018	13	10	0	1	1	0.5949	0.9358
51	507	1	817.0518	10	6	0	1	1	0.5957	1.0978
51	508	1	818.6017	13	10	0	1	1	0.5965	0.9562
51	509	1	820.1517	14	3	0	1	1	0.5972	0.8140
51	510	1	821.7017	13	10	90	0	1	0.5961	0.8796
51	511	1	823.2518	10	6	0	1	1	0.5969	0.9787
51	512	1	824.8017	12	15	0	1	1	0.5977	0.9156
51	513	1	826.3517	10	6	0	1	1	0.5984	0.8056
51	514	1	827.9017	12	15	90	0	1	0.5973	1.1602
51	515	1	829.4517	11	14	0	1	1	0.5981	1.2418
51	516	1	831.0018	13	10	0	1	1	0.5988	1.0199
51	517	1	832.5518	14	3	0	1	1	0.5996	0.7016
51	518	1	834.1018	1	13	90	0	1	0.5985	0.8955
51	519	1	835.6518	15	9	0	1	1	0.5992	0.9139
51	520	1	837.2017	2	1	0	1	1	0.6000	1.2676
51	521	1	838.7518	14	3	0	1	1	0.6008	0.7416
51	522	1	840.3018	1	13	0	1	1	0.6015	0.6959
51	523	1	841.8518	3	4	0	1	1	0.6023	0.9537
51	524	1	843.4019	15	9	0	1	1	0.6031	0.9718
51	525	1	844.9519	14	3	0	1	1	0.6038	0.7975
51	526	1	846.5018	1	13	0	1	1	0.6046	1.0080
51	527	1	848.0518	15	9	0	1	1	0.6053	0.5941
51	528	1	849.6018	1	13	0	1	1	0.6061	0.6278
51	529	1	851.1518	15	9	0	1	1	0.6068	0.5660
51	530	1	852.7018	14	3	0	-1	0	0.6057	-1.0000
51	531	1	854.4352	13	10	90	0	1	0.6045	1.1222
51	532	1	855.9852	14	3	90	-1	0	0.6034	-1.0000
51	533	1	857.7186	2	1	0	-1	0	0.6023	-1.0000
51	534	1	859.4685	14	3	0	1	1	0.6030	0.7776
51	535	1	861.0185	1	13	0	1	1	0.6037	0.6832
51	536	1	862.5685	3	4	90	-1	0	0.6026	-1.0000
51	537	1	864.3019	15	9	0	1	1	0.6034	0.8237
51	538	1	865.8518	14	3	0	1	1	0.6041	0.7138
51	539	1	867.4018	2	1	0	1	1	0.6048	0.6358
51	540	1	868.9518	14	3	0	1	1	0.6056	0.7978
51	541	1	870.5019	15	9	90	0	1	0.6044	0.8317
51	542	1	872.0519	3	4	0	1	1	0.6052	0.7219
51	543	1	873.6019	15	9	0	1	1	0.6059	0.8998
51	544	1	875.1518	2	1	0	1	1	0.6066	0.7740
51	545	1	876.7018	15	9	90	-1	0	0.6055	-1.0000
51	546	1	878.4186	3	4	0	1	1	0.6062	0.7230
51	547	1	879.9686	4	7	90	0	1	0.6051	1.0452
51	548	1	881.5186	7	11	0	1	1	0.6058	1.3348
51	549	1	883.0686	4	7	0	1	1	0.6066	0.8088
51	550	1	884.6186	5	8	0	1	1	0.6073	0.7311
51	551	1	886.1686	7	11	0	1	1	0.6080	0.7176
51	552	1	887.7186	6	5	90	0	1	0.6069	0.6392
51	553	1	889.2686	5	8	0	1	1	0.6076	0.6890
51	554	1	890.8186	4	7	0	1	1	0.6083	0.7871
51	555	1	892.3686	7	11	0	1	1	0.6090	0.7411
51	556	1	893.9186	4	7	0	1	1	0.6097	0.8234
51	557	1	895.4686	7	11	0	1	1	0.6104	0.6009
51	558	1	897.0186	8	12	0	1	1	0.6111	0.9071
51	559	1	898.5686	7	11	0	-1	0	0.6100	-1.0000
51	560	1	900.2853	4	7	0	1	1	0.6107	0.8082
51	561	1	901.8353	5	8	0	1	1	0.6114	0.7623
51	562	1	903.3853	8	12	90	0	1	0.6103	0.6847
51	563	1	904.9353	9	2	0	1	1	0.6110	0.7341
51	564	1	906.4853	12	15	0	1	1	0.6117	0.8000
51	565	1	908.0353	11	14	90	-1	0	0.6106	-1.0000
51	566	1	909.7687	13	10	0	1	1	0.6113	1.4370
51	567	1	911.3353	12	15	0	1	1	0.6120	1.3906
51	568	1	912.9187	13	10	0	1	1	0.6127	1.0871
51	569	1	914.4687	10	6	0	1	1	0.6134	1.2169
51	570	1	916.0187	12	15	0	1	1	0.6140	1.2828
51	571	1	917.5687	13	10	0	1	1	0.6147	1.1888
51	572	1	919.1187	10	6	0	1	1	0.6154	1.1751
51	573	1	920.6686	11	14	0	1	1	0.6161	0.9211
51	574	1	922.2187	12	15	90	0	1	0.6150	0.8270
51	575	1	923.7687	9	2	0	1	1	0.6157	0.8610
51	576	1	925.3187	8	12	0	1	1	0.6163	1.0230
51	577	1	926.8687	6	5	0	1	1	0.6170	1.1211
51	578	1	928.4187	4	7	0	1	1	0.6176	0.7870
51	579	1	929.9687	5	8	0	1	1	0.6183	0.5967
51	580	1	931.5187	8	12	90	0	1	0.6172	0.8391
51	581	1	933.0687	6	5	0	1	1	0.6179	0.8087
51	582	1	934.6187	8	12	0	1	1	0.6186	0.9394
51	583	1	936.1687	6	5	0	-1	0	0.6175	-1.0000
51	584	1	937.9021	7	11	90	0	1	0.6164	0.4714
51	585	1	939.4521	6	5	0	1	1	0.6171	1.0017
51	586	1	941.0020	4	7	0	1	1	0.6177	0.7794
51	587	1	942.5521	3	4	0	1	1	0.6184	1.2295
51	588	1	944.1021	2	1	90	0	1	0.6173	0.8798
51	589	1	945.6521	1	13	0	1	1	0.6180	0.8497
51	590	1	947.2021	15	9	90	0	1	0.6169	1.0757
51	591	1	948.7520	3	4	0	1	1	0.6176	1.4617
51	592	1	950.3354	1	13	0	1	1	0.6182	0.7743
51	593	1	951.8854	2	1	90	0	1	0.6172	1.0168
51	594	1	953.4354	1	13	0	1	1	0.6178	0.7621
51	595	1	954.9855	14	3	0	1	1	0.6185	0.8443
51	596	1	956.5354	13	10	0	1	1	0.6191	0.7661
51	597	1	958.0854	10	6	0	1	1	0.6198	0.7044
51	598	1	959.6354	9	2	0	1	1	0.6204	0.7221
51	599	1	961.1854	8	12	0	1	1	0.6210	1.0285
51	600	1	962.7354	9	2	0	1	1	0.6217	0.8706
51	601	1	1055.4690	12	15	0	-1	0	0.6206	-1.0000
51	602	1	1057.1857	11	14	0	1	1	0.6213	0.9321
51	603	1	1058.7357	10	6	0	1	1	0.6219	0.9339
51	604	1	1060.2856	13	10	90	0	1	0.6209	0.8082
51	605	1	1061.8357	12	15	0	1	1	0.6215	0.7942
51	606	1	1063.3857	10	6	0	1	1	0.6221	0.8280
51	607	1	1064.9358	13	10	90	0	1	0.6211	0.7658
51	608	1	1066.4857	14	3	0	1	1	0.6217	0.6719
51	609	1	1068.0357	15	9	0	1	1	0.6223	0.8819
51	610	1	1069.5857	3	4	90	0	1	0.6213	0.9799
51	611	1	1071.1357	15	9	0	1	1	0.6219	0.6623
51	612	1	1072.6857	2	1	0	1	1	0.6225	0.6963
51	613	1	1074.2357	14	3	0	-1	0	0.6215	-1.0000
51	614	1	1075.9690	2	1	0	1	1	0.6221	0.5807
51	615	1	1077.5190	3	4	0	1	1	0.6228	0.7906
51	616	1	1079.0690	4	7	0	1	1	0.6234	0.5531
51	617	1	1080.6190	5	8	0	1	1	0.6240	0.6673
51	618	1	1082.1691	7	11	0	1	1	0.6246	0.6045
51	619	1	1083.7191	8	12	0	1	1	0.6252	0.7344
51	620	1	1085.2691	7	11	0	1	1	0.6258	0.7370
51	621	1	1086.8191	4	7	0	1	1	0.6264	0.7069
51	622	1	1088.3691	5	8	0	1	1	0.6270	0.7571
51	623	1	1089.9191	8	12	0	1	1	0.6276	0.6470
51	624	1	1091.4691	7	11	0	1	1	0.6282	0.5208
51	625	1	1093.0191	6	5	90	0	1	0.6272	1.1306
51	626	1	1094.5691	7	11	0	1	1	0.6278	0.6053
51	627	1	1096.1191	5	8	0	1	1	0.6284	0.6226
51	628	1	1097.6691	4	7	0	1	1	0.6290	0.5293
51	629	1	1099.2192	7	11	0	1	1	0.6296	0.4830
51	630	1	1100.7691	6	5	0	1	1	0.6302	0.9487
51	631	1	1102.3192	4	7	0	1	1	0.6307	0.5665
51	632	1	1103.8691	3	4	0	1	1	0.6313	1.0011
51	633	1	1105.4192	4	7	0	1	1	0.6319	0.5545
51	634	1	1106.9691	5	8	0	1	1	0.6325	0.7010
51	635	1	1108.5191	7	11	90	0	1	0.6315	0.5272
51	636	1	1110.0691	8	12	90	0	1	0.6305	0.6251
51	637	1	1111.6192	6	5	0	1	1	0.6311	0.5465
51	638	1	1113.1692	5	8	0	1	1	0.6317	0.5649
51	639	1	1114.7192	4	7	0	1	1	0.6322	0.5988
51	640	1	1116.2691	6	5	0	1	1	0.6328	0.7766
51	641	1	1117.8192	5	8	90	0	1	0.6318	0.6029
51	642	1	1119.3692	4	7	0	1	1	0.6324	0.5410
51	643	1	1120.9191	7	11	0	1	1	0.6330	0.6708
51	644	1	1122.4692	5	8	90	0	1	0.6320	0.6888
51	645	1	1124.0192	7	11	0	1	1	0.6326	0.4189
51	646	1	1125.5691	8	12	90	0	1	0.6316	1.1411
51	647	1	1127.1192	7	11	0	1	1	0.6321	0.9348
51	648	1	1128.6692	8	12	0	1	1	0.6327	0.9369
51	649	1	1130.2192	6	5	0	1	1	0.6333	1.0825
51	650	1	1131.7692	7	11	0	1	1	0.6338	0.7970
51	651	1	1133.3192	8	12	0	1	1	0.6344	0.9590
51	652	1	1134.8692	7	11	0	1	1	0.6350	0.8648
51	653	1	1136.4192	6	5	0	1	1	0.6355	0.8348
51	654	1	1137.9692	7	11	0	1	1	0.6361	0.9008
51	655	1	1139.5192	4	7	90	0	1	0.6351	0.6471
51	656	1	1141.0692	7	11	0	1	1	0.6357	0.7606
51	657	1	1142.6192	5	8	0	1	1	0.6362	0.7945
51	658	1	1144.1692	8	12	0	1	1	0.6368	0.7008
51	659	1	1145.7192	9	2	0	1	1	0.6373	0.7985
51	660	1	1147.2692	12	15	0	1	1	0.6379	0.7530
51	661	1	1148.8192	11	14	0	1	1	0.6384	0.6428
51	662	1	1150.3692	10	6	90	0	1	0.6375	0.8845
51	663	1	1151.9193	13	10	0	1	1	0.6380	0.5669
51	664	1	1153.4692	10	6	0	-1	0	0.6370	-1.0000
51	665	1	1155.2026	9	2	0	1	1	0.6376	0.4191
51	666	1	1156.7526	10	6	0	1	1	0.6381	0.7254
51	667	1	1158.3026	9	2	90	0	1	0.6372	0.9036
51	668	1	1159.8526	10	6	0	1	1	0.6377	0.6336
51	669	1	1161.4026	9	2	0	1	1	0.6383	0.7951
51	670	1	1162.9527	12	15	0	1	1	0.6388	0.8943
51	671	1	1164.5026	9	2	0	1	1	0.6393	0.8634
51	672	1	1166.0526	12	15	0	1	1	0.6399	0.6096
51	673	1	1167.6026	9	2	0	-1	0	0.6389	-1.0000
51	674	1	1169.3193	11	14	0	1	1	0.6395	1.1029
51	675	1	1170.8693	12	15	0	1	1	0.6400	0.7052
51	676	1	1172.4193	11	14	0	1	1	0.6405	0.6109
51	677	1	1173.9693	13	10	0	1	1	0.6411	0.8845
51	678	1	1175.5193	12	15	90	-1	0	0.6401	-1.0000
51	679	1	1177.2527	9	2	0	1	1	0.6406	0.5131
51	680	1	1178.8026	12	15	0	1	1	0.6412	0.8512
51	681	1	1180.3526	10	6	0	1	1	0.6417	0.9652
51	682	1	1181.9026	13	10	90	0	1	0.6408	0.7911
51	683	1	1183.4527	11	14	0	1	1	0.6413	0.4252
51	684	1	1185.0026	9	2	0	1	1	0.6418	0.6194
51	685	1	1186.5527	11	14	0	1	1	0.6423	0.2691
51	686	1	1188.1027	12	15	0	1	1	0.6429	0.4315
51	687	1	1189.6527	11	14	90	0	1	0.6419	0.4653
51	688	1	1191.2026	10	6	0	1	1	0.6424	0.1958
51	689	1	1192.7526	12	15	0	1	1	0.6430	0.0535
51	690	1	1194.3027	11	14	90	0	1	0.6420	0.1837
51	691	1	1195.8527	9	2	0	1	1	0.6425	0.7135
51	692	1	1197.4026	10	6	0	1	1	0.6431	0.8117
51	693	1	1198.9527	9	2	0	1	1	0.6436	0.8291
51	694	1	1200.5027	8	12	90	0	1	0.6427	0.7679
51	695	1	1202.0527	5	8	0	1	1	0.6432	1.0575
51	696	1	1203.6027	4	7	0	1	1	0.6437	0.9155
51	697	1	1205.1527	6	5	90	0	1	0.6428	0.9176
51	698	1	1206.7027	4	7	0	1	1	0.6433	0.5833
51	699	1	1208.2527	7	11	0	1	1	0.6438	0.6171
51	700	1	1209.8027	8	12	0	1	1	0.6443	0.6834
51	701	1	1211.3527	9	2	90	0	1	0.6434	0.8291
51	702	1	1212.9027	8	12	90	0	1	0.6425	0.7195
51	703	1	1214.4528	7	11	0	1	1	0.6430	0.5931
51	704	1	1216.0027	6	5	0	1	1	0.6435	1.2994
51	705	1	1217.5527	7	11	0	1	1	0.6440	0.6293
51	706	1	1219.1027	4	7	90	0	1	0.6431	0.7435
51	707	1	1220.6527	5	8	0	1	1	0.6436	0.6976
51	708	1	1222.2028	6	5	0	1	1	0.6441	1.0354
51	709	1	1223.7528	5	8	90	-1	0	0.6432	-1.0000
51	710	1	1225.4861	8	12	0	1	1	0.6437	0.7442
51	711	1	1227.0361	6	5	0	1	1	0.6442	0.6822
51	712	1	1228.5861	4	7	0	1	1	0.6447	0.6522
51	713	1	1230.1361	6	5	90	-1	0	0.6438	-1.0000
51	714	1	1231.8694	5	8	0	1	1	0.6443	0.9367
51	715	1	1233.4195	7	11	0	1	1	0.6448	0.7473
51	716	1	1234.9694	6	5	0	1	1	0.6453	0.9086
51	717	1	1236.5195	4	7	0	1	1	0.6457	0.7187
51	718	1	1238.0695	6	5	90	-1	0	0.6448	-1.0000
51	719	1	1239.8028	8	12	0	1	1	0.6453	0.6990
51	720	1	1241.3528	6	5	0	1	1	0.6458	0.8936
51	721	1	1242.9028	7	11	0	1	1	0.6463	0.6551
51	722	1	1244.4528	5	8	0	1	1	0.6468	0.6731
51	723	1	1246.0028	8	12	0	1	1	0.6473	0.8994
51	724	1	1247.5528	6	5	0	1	1	0.6478	0.7571
51	725	1	1249.1028	5	8	0	1	1	0.6483	0.6636
51	726	1	1250.6528	7	11	0	1	1	0.6488	0.7291
51	727	1	1252.2029	5	8	0	1	1	0.6492	0.6356
51	728	1	1253.7528	7	11	0	1	1	0.6497	0.5255
51	729	1	1255.3028	6	5	0	1	1	0.6502	0.7675
51	730	1	1256.8528	7	11	0	1	1	0.6507	0.5933
51	731	1	1258.4028	5	8	0	1	1	0.6512	0.6115
51	732	1	1259.9529	7	11	0	1	1	0.6516	0.5651
51	733	1	1261.5029	4	7	0	1	1	0.6521	0.5194
51	734	1	1263.0528	5	8	90	-1	0	0.6512	-1.0000
51	735	1	1264.7862	4	7	0	1	1	0.6517	0.6917
51	736	1	1266.3362	5	8	0	1	1	0.6522	0.6785
51	737	1	1267.8862	8	12	0	-1	0	0.6513	-1.0000
51	738	1	1269.6362	6	5	0	1	1	0.6518	0.8500
51	739	1	1271.1862	5	8	0	1	1	0.6522	0.6117
51	740	1	1272.7362	8	12	0	1	1	0.6527	0.7424
51	741	1	1274.2862	7	11	0	-1	0	0.6518	-1.0000
51	742	1	1276.0196	6	5	90	-1	0	0.6509	-1.0000
51	743	1	1277.7529	8	12	0	1	1	0.6514	0.8932
51	744	1	1279.3029	6	5	0	1	1	0.6519	0.5592
51	745	1	1280.8529	7	11	0	1	1	0.6523	1.3130
51	746	1	1282.4029	5	8	0	-1	1	0.6515	-1.0000
51	747	1	1284.1363	6	5	0	-1	1	0.6506	-1.0000
51	748	1	1286.0029	7	11	90	0	1	0.6497	0.2594
51	749	1	1287.5529	5	8	0	1	1	0.6502	0.5659
51	750	1	1289.1030	6	5	0	1	1	0.6507	0.7590
51	751	1	1290.6530	7	11	0	1	1	0.6511	0.6335
51	752	1	1292.2030	6	5	0	1	1	0.6516	0.8918
51	753	1	1293.7529	7	11	0	1	1	0.6521	0.5890
51	754	1	1295.3030	6	5	0	1	1	0.6525	0.8314
51	755	1	1296.8530	4	7	0	1	1	0.6530	1.3289
51	756	1	1298.4030	7	11	0	1	1	0.6534	0.7398
51	757	1	1299.9530	8	12	0	1	1	0.6539	0.7900
51	758	1	1301.5030	7	11	90	0	1	0.6530	0.8236
51	759	1	1303.0530	8	12	0	1	1	0.6535	0.7937
51	760	1	1304.6031	5	8	0	1	1	0.6539	0.6837
51	761	1	1306.1530	6	5	0	1	1	0.6544	0.8458
51	762	1	1307.7031	8	12	0	1	1	0.6549	0.7989
51	763	1	1309.2530	7	11	0	1	1	0.6553	0.5459
51	764	1	1310.8031	8	12	90	0	1	0.6545	0.7878
51	765	1	1312.3530	9	2	0	1	1	0.6549	0.7089
51	766	1	1313.9030	12	15	0	1	1	0.6554	0.9350
51	767	1	1315.4531	11	14	90	0	1	0.6545	0.8572
51	768	1	1317.0031	12	15	0	1	1	0.6549	0.6672
51	769	1	1318.5530	10	6	0	1	1	0.6554	0.8290
51	770	1	1320.1030	12	15	0	1	1	0.6558	0.8636
51	771	1	1321.6531	9	2	0	1	1	0.6563	0.4976
51	772	1	1323.2031	12	15	90	0	1	0.6554	0.7073
51	773	1	1324.7531	13	10	90	0	1	0.6546	0.6452
51	774	1	1326.3031	10	6	0	1	1	0.6550	0.6469
51	775	1	1327.8530	13	10	0	1	1	0.6555	0.6818
51	776	1	1329.4031	12	15	0	1	1	0.6559	0.6997
51	777	1	1330.9531	13	10	0	1	1	0.6564	0.6534
51	778	1	1332.5031	10	6	0	1	1	0.6568	0.7358
51	779	1	1334.0531	11	14	0	1	1	0.6573	1.1378
51	780	1	1335.6030	12	15	0	1	1	0.6577	0.9955
51	781	1	1337.1530	10	6	90	0	1	0.6569	1.0130
51	782	1	1338.7031	13	10	90	0	1	0.6560	0.8078
51	783	1	1340.2531	12	15	90	0	1	0.6552	0.8896
51	784	1	1341.8032	9	2	90	0	1	0.6543	0.5396
51	785	1	1343.3530	11	14	0	1	1	0.6548	0.3489
51	786	1	1344.9030	10	6	0	1	1	0.6552	0.9278
51	787	1	1346.4531	9	2	0	1	1	0.6557	0.6899
51	788	1	1348.0031	11	14	0	1	1	0.6561	0.8829
51	789	1	1349.5531	9	2	90	0	1	0.6553	0.6449
51	790	1	1351.1032	12	15	0	1	1	0.6557	1.0632
51	791	1	1352.6531	9	2	0	1	1	0.6561	0.7138
51	792	1	1354.2031	12	15	0	1	1	0.6566	0.7318
51	793	1	1355.7531	10	6	0	1	1	0.6570	0.7019
51	794	1	1357.3032	12	15	90	-1	0	0.6562	-1.0000
51	795	1	1359.0532	9	2	0	1	1	0.6566	0.7129
51	796	1	1360.6031	12	15	0	1	1	0.6570	0.7628
51	797	1	1362.1531	10	6	0	1	1	0.6575	0.5733
51	798	1	1363.7031	11	14	0	1	1	0.6579	0.9429
51	799	1	1365.2531	9	2	0	1	1	0.6583	0.7689
51	800	1	1366.8031	8	12	0	1	1	0.6587	0.9309
51	801	1	1368.3532	5	8	90	-1	0	0.6579	-1.0000
51	802	1	1370.1032	7	11	0	1	1	0.6584	0.5597
51	803	1	1371.6531	6	5	0	1	1	0.6588	0.8497
51	804	1	1373.2032	7	11	90	0	1	0.6580	0.7708
51	805	1	1374.7533	8	12	0	1	1	0.6584	0.7573
51	806	1	1376.3031	5	8	0	1	1	0.6588	0.7433
51	807	1	1377.8532	7	11	0	1	1	0.6592	0.6328
51	808	1	1379.4032	8	12	0	1	1	0.6597	0.8428
51	809	1	1380.9532	7	11	0	1	1	0.6601	0.6529
51	810	1	1382.5032	5	8	0	1	1	0.6605	0.6068
51	811	1	1384.0532	7	11	0	1	1	0.6609	0.5296
51	812	1	1385.6032	4	7	0	1	1	0.6613	0.9308
51	813	1	1387.1532	6	5	0	1	1	0.6617	0.6448
51	814	1	1388.7032	7	11	0	1	1	0.6622	0.6309
51	815	1	1390.2532	4	7	0	1	1	0.6626	1.1768
51	816	1	1391.8032	3	4	0	1	1	0.6630	0.9868
51	817	1	1393.3532	15	9	90	0	1	0.6622	1.1658
51	818	1	1394.9034	14	3	0	1	1	0.6626	1.2151
51	819	1	1396.4533	15	9	0	1	1	0.6630	0.7852
51	820	1	1398.0032	1	13	0	1	1	0.6634	0.8358
51	821	1	1399.5532	3	4	0	1	1	0.6638	0.7097
51	822	1	1401.1032	15	9	0	1	1	0.6642	0.9192
51	823	1	1402.6532	14	3	90	0	1	0.6634	0.7609
51	824	1	1404.2032	13	10	0	1	1	0.6638	0.8913
51	825	1	1405.7533	14	3	0	1	1	0.6642	1.1332
51	826	1	1407.3032	13	10	0	-1	0	0.6634	-1.0000
51	827	1	1409.0368	14	3	0	1	1	0.6638	0.6653
51	828	1	1410.5866	2	1	0	1	1	0.6643	0.7802
51	829	1	1412.1368	3	4	90	-1	0	0.6634	-1.0000
51	830	1	1413.8700	15	9	90	-1	0	0.6627	-1.0000
51	831	1	1415.6201	3	4	0	1	1	0.6631	0.9468
51	832	1	1417.1702	1	13	0	1	1	0.6635	0.9159
51	833	1	1418.7200	3	4	0	1	1	0.6639	0.9028
51	834	1	1420.2699	1	13	0	1	1	0.6643	0.6971
51	835	1	1421.8200	3	4	0	1	1	0.6647	0.6191
51	836	1	1423.3700	1	13	90	0	1	0.6639	0.5885
51	837	1	1424.9533	3	4	0	1	1	0.6643	0.8777
51	838	1	1426.5033	15	9	0	1	1	0.6647	0.9268
51	839	1	1428.0534	3	4	0	1	1	0.6651	0.7847
51	840	1	1429.6034	2	1	0	1	1	0.6655	0.7710
51	841	1	1431.1533	1	13	0	1	1	0.6659	0.7416
51	842	1	1432.7034	15	9	90	0	1	0.6651	0.8711
51	843	1	1434.2533	2	1	0	1	1	0.6655	0.6015
51	844	1	1435.8033	14	3	0	1	1	0.6659	0.7157
51	845	1	1437.3533	15	9	0	1	1	0.6663	0.4933
51	846	1	1438.9033	14	3	90	-1	0	0.6655	-1.0000
51	847	1	1440.6202	13	10	0	1	1	0.6659	0.1065
51	848	1	1442.1700	11	14	0	1	1	0.6663	0.5725
51	849	1	1443.7201	12	15	0	1	1	0.6667	0.5104
51	850	1	1445.2700	10	6	0	1	1	0.6671	0.6246
51	851	1	1446.8201	13	10	90	0	1	0.6663	1.0909
51	852	1	1448.3701	12	15	0	1	1	0.6667	0.7086
51	853	1	1449.9200	10	6	90	0	1	0.6659	0.6628
51	854	1	1451.4701	13	10	0	1	1	0.6663	0.5689
51	855	1	1453.0201	11	14	0	1	1	0.6667	0.9704
51	856	1	1454.5701	10	6	0	1	1	0.6671	0.8760
51	857	1	1456.1201	11	14	0	1	1	0.6674	0.6064
51	858	1	1457.6701	13	10	0	1	1	0.6678	0.4808
51	859	1	1459.2200	12	15	0	1	1	0.6682	1.0421
51	860	1	1460.7702	13	10	0	1	1	0.6686	1.0923
51	861	1	1462.3201	11	14	0	1	1	0.6690	0.8226
51	862	1	1463.8701	12	15	0	1	1	0.6694	0.7443
51	863	1	1465.4201	13	10	90	0	1	0.6686	0.5540
51	864	1	1466.9702	14	3	0	1	1	0.6690	0.6848
51	865	1	1468.5201	13	10	0	1	1	0.6694	0.6869
51	866	1	1470.0701	11	14	0	1	1	0.6697	0.6884
51	867	1	1471.6201	13	10	0	1	1	0.6701	0.7230
51	868	1	1473.1703	11	14	0	1	1	0.6705	0.5963
51	869	1	1474.7201	12	15	0	1	1	0.6709	0.5825
51	870	1	1476.2701	13	10	0	1	1	0.6713	0.7280
51	871	1	1477.8201	12	15	90	-1	0	0.6705	-1.0000
51	872	1	1479.5535	13	10	0	1	1	0.6709	0.6606
51	873	1	1481.1035	11	14	0	1	1	0.6712	0.6472
51	874	1	1482.6535	13	10	90	0	1	0.6705	1.0016
51	875	1	1484.2034	10	6	0	1	1	0.6709	0.9236
51	876	1	1485.7534	12	15	0	1	1	0.6712	0.8611
51	877	1	1487.3035	10	6	0	1	1	0.6716	0.7666
51	878	1	1488.8534	9	2	90	0	1	0.6708	0.8014
51	879	1	1490.4034	10	6	0	1	1	0.6712	0.0196
51	880	1	1491.9535	13	10	90	-1	0	0.6705	-1.0000
51	881	1	1493.6870	11	14	90	0	1	0.6697	0.5761
51	882	1	1495.2368	13	10	0	1	1	0.6701	0.9613
51	883	1	1496.7868	14	3	0	1	1	0.6704	0.8518
51	884	1	1498.3369	13	10	0	1	1	0.6708	1.0789
51	885	1	1499.8870	14	3	0	1	1	0.6712	0.7592
51	886	1	1501.4369	1	13	0	1	1	0.6716	0.7297
51	887	1	1502.9869	3	4	0	1	1	0.6719	0.7313
51	888	1	1504.5369	4	7	90	0	1	0.6712	0.8133
51	889	1	1506.0869	5	8	0	1	1	0.6715	0.0962
51	890	1	1507.6369	7	11	0	1	1	0.6719	0.6416
51	891	1	1509.1869	8	12	0	1	1	0.6723	0.8673
51	892	1	1510.7368	9	2	0	1	1	0.6726	0.8863
51	893	1	1512.2869	8	12	0	1	1	0.6730	0.5837
51	894	1	1513.8369	6	5	0	1	1	0.6734	0.8097
51	895	1	1515.3869	5	8	90	-1	0	0.6726	-1.0000
51	896	1	1517.1371	4	7	0	1	1	0.6730	0.6460
51	897	1	1518.6868	7	11	90	0	1	0.6722	0.6954
51	898	1	1520.2368	5	8	0	1	1	0.6726	0.6814
51	899	1	1521.7868	4	7	90	-1	0	0.6719	-1.0000
51	900	1	1523.5204	3	4	0	1	1	0.6722	0.9818
51	901	1	1525.0702	4	7	90	0	1	0.6715	0.6488
51	902	1	1526.6203	5	8	0	1	1	0.6718	0.5540
51	903	1	1528.1704	4	7	90	-1	0	0.6711	-1.0000
51	904	1	1529.9038	7	11	90	0	1	0.6704	0.7584
51	905	1	1531.4536	6	5	0	1	1	0.6707	0.6815
51	906	1	1533.0037	5	8	0	1	1	0.6711	0.6511
51	907	1	1534.5535	4	7	0	1	1	0.6714	0.7647
51	908	1	1536.1036	5	8	90	-1	0	0.6707	-1.0000
51	909	1	1537.8371	8	12	0	1	1	0.6711	0.7457
51	910	1	1539.3870	5	8	90	0	1	0.6703	0.9077
51	911	1	1540.9370	7	11	0	1	1	0.6707	0.9735
51	912	1	1542.4870	4	7	0	-1	0	0.6700	-1.0000
51	913	1	1544.2371	6	5	0	1	1	0.6703	0.6660
51	914	1	1545.7870	5	8	0	1	1	0.6707	0.7153
51	915	1	1547.3369	6	5	90	-1	0	0.6699	-1.0000
51	916	1	1549.0705	7	11	0	1	1	0.6703	0.8406
51	917	1	1550.6203	8	12	0	1	1	0.6707	0.7140
51	918	1	1552.1702	9	2	0	1	1	0.6710	1.3565
51	919	1	1553.7203	10	6	0	1	1	0.6714	0.7979
51	920	1	1555.2703	11	14	0	1	1	0.6717	0.9284
51	921	1	1556.8202	12	15	0	1	1	0.6721	0.9144
51	922	1	1558.3702	11	14	0	1	1	0.6725	0.6283
51	923	1	1559.9203	10	6	90	0	1	0.6717	0.5500
51	924	1	1561.4703	12	15	0	1	1	0.6721	0.9360
51	925	1	1563.0203	13	10	0	1	1	0.6724	1.0348
51	926	1	1564.5704	14	3	0	1	1	0.6728	0.9248
51	927	1	1566.1204	1	13	90	0	1	0.6721	0.8139
51	928	1	1567.6704	15	9	0	1	1	0.6724	0.8961
51	929	1	1569.2203	14	3	90	0	1	0.6717	1.1069
51	930	1	1570.7703	2	1	0	1	1	0.6720	1.1088
51	931	1	1572.3203	3	4	0	1	1	0.6724	0.8860
51	932	1	1573.8703	1	13	90	0	1	0.6717	0.9689
51	933	1	1575.4203	15	9	0	1	1	0.6720	0.7300
51	934	1	1576.9703	1	13	0	-1	0	0.6713	-1.0000
51	935	1	1578.7037	3	4	90	0	1	0.6706	0.6625
51	936	1	1580.2537	1	13	0	1	1	0.6709	0.7926
51	937	1	1581.8037	15	9	0	1	1	0.6713	0.6191
51	938	1	1583.3537	14	3	0	1	1	0.6716	1.0692
51	939	1	1584.9037	13	10	0	1	1	0.6720	0.9112
51	940	1	1586.4538	14	3	0	1	1	0.6723	0.8336
51	941	1	1588.0038	15	9	0	1	1	0.6727	0.6275
51	942	1	1589.5537	14	3	0	1	1	0.6730	0.5334
51	943	1	1591.1037	15	9	0	1	1	0.6734	0.5675
51	944	1	1592.6537	14	3	0	1	1	0.6737	0.5051
51	945	1	1594.2037	13	10	0	1	1	0.6741	0.4275
51	946	1	1595.7537	12	15	0	1	1	0.6744	0.7006
51	947	1	1597.3037	11	14	0	1	1	0.6748	0.7352
51	948	1	1598.8537	10	6	0	1	1	0.6751	0.8011
51	949	1	1600.4037	12	15	0	1	1	0.6754	0.7235
51	950	1	1601.9537	13	10	0	1	1	0.6758	0.5655
51	951	1	1603.5037	10	6	0	1	1	0.6761	0.6955
51	952	1	1605.0537	11	14	0	1	1	0.6765	0.7930
51	953	1	1606.6038	12	15	0	1	1	0.6768	0.7473
51	954	1	1608.1538	9	2	0	1	1	0.6771	0.7966
51	955	1	1609.7038	10	6	90	0	1	0.6764	0.8309
51	956	1	1611.2537	9	2	0	1	1	0.6768	1.1850
51	957	1	1612.8038	10	6	0	1	1	0.6771	1.2185
51	958	1	1614.3538	13	10	0	1	1	0.6775	0.8205
51	959	1	1615.9037	10	6	0	1	1	0.6778	0.9347
51	960	1	1617.4538	13	10	0	1	1	0.6781	0.6014
51	961	1	1619.0038	14	3	90	-1	0	0.6774	-1.0000
51	962	1	1620.8206	15	9	90	-1	0	0.6767	-1.0000
51	963	1	1622.5707	2	1	0	1	1	0.6771	0.8605
51	964	1	1624.1205	3	4	0	1	1	0.6774	0.6539
51	965	1	1625.6705	15	9	0	1	1	0.6777	0.5918
51	966	1	1627.2205	2	1	0	1	1	0.6781	0.5141
51	967	1	1628.7705	14	3	90	0	1	0.6774	1.2364
51	968	1	1630.3205	13	10	0	1	1	0.6777	0.8062
51	969	1	1631.8704	12	15	0	1	1	0.6780	0.7608
51	970	1	1633.4204	9	2	90	0	1	0.6773	0.6348
51	971	1	1634.9705	10	6	0	1	1	0.6777	1.2922
51	972	1	1636.5206	9	2	90	0	1	0.6770	0.7825
51	973	1	1638.0705	12	15	0	1	1	0.6773	0.0487
51	974	1	1639.6204	9	2	0	1	1	0.6776	0.4979
51	975	1	1641.1707	12	15	0	1	1	0.6779	0.6126
51	976	1	1642.7205	13	10	0	1	1	0.6783	0.6302
51	977	1	1644.2705	14	3	0	1	1	0.6786	0.8567
51	978	1	1645.8206	1	13	0	1	1	0.6789	0.7627
51	979	1	1647.3706	14	3	0	1	1	0.6793	0.5718
51	980	1	1648.9206	2	1	0	1	1	0.6796	0.7018
51	981	1	1650.4705	3	4	0	1	1	0.6799	0.6242
51	982	1	1652.0205	4	7	0	1	1	0.6802	1.1859
51	983	1	1653.5705	6	5	90	-1	0	0.6796	-1.0000
51	984	1	1655.3039	4	7	0	1	1	0.6799	0.6713
51	985	1	1656.8539	6	5	0	1	1	0.6802	0.9611
51	986	1	1658.4039	7	11	0	1	1	0.6805	0.5954
51	987	1	1659.9539	6	5	90	-1	0	0.6798	-1.0000
51	988	1	1661.7039	7	11	0	1	1	0.6802	0.4624
51	989	1	1663.2539	5	8	0	1	1	0.6805	0.5925
51	990	1	1664.8040	7	11	90	0	1	0.6798	0.3388
51	991	1	1666.3539	8	12	0	1	1	0.6801	0.5005
51	992	1	1667.9039	9	2	0	1	1	0.6804	0.0864
51	993	1	1669.5374	12	15	90	0	1	0.6798	1.1098
51	994	1	1671.0873	10	6	0	1	1	0.6801	0.7271
51	995	1	1672.6372	9	2	0	1	1	0.6804	0.5695
51	996	1	1674.1872	11	14	0	1	1	0.6807	0.7002
51	997	1	1675.7373	9	2	90	0	1	0.6800	0.6856
51	998	1	1677.2873	12	15	0	1	1	0.6804	0.6555
51	999	1	1678.8373	11	14	0	1	1	0.6807	0.7541
51	1000	1	1680.3873	12	15	0	1	1	0.6810	0.7396
51	1001	1	1681.9373	11	14	0	1	1	0.6813	0.5657
51	1002	1	1683.4872	10	6	90	-1	0	0.6806	-1.0000
51	1003	1	1685.2208	12	15	0	1	1	0.6810	0.6424
51	1004	1	1686.7706	11	14	0	1	1	0.6813	1.0918
51	1005	1	1688.3206	9	2	0	1	1	0.6816	0.7105
51	1006	1	1689.8707	11	14	0	1	1	0.6819	0.7121
51	1007	1	1691.4207	13	10	0	1	1	0.6822	0.8104
51	1008	1	1692.9707	12	15	0	1	1	0.6825	0.5887
51	1009	1	1694.5207	13	10	0	1	1	0.6829	0.4778
51	1010	1	1696.0707	12	15	0	1	1	0.6832	0.5757
51	1011	1	1697.6207	10	6	0	1	1	0.6835	0.5301
51	1012	1	1699.1707	13	10	0	1	1	0.6838	0.7082
51	1013	1	1700.7207	11	14	0	1	1	0.6841	0.5017
51	1014	1	1702.2707	9	2	0	1	1	0.6844	0.4557
51	1015	1	1703.8207	11	14	0	1	1	0.6847	0.3462
51	1016	1	1705.3707	12	15	90	0	1	0.6841	0.4446
51	1017	1	1706.9207	11	14	0	1	1	0.6844	0.4146
51	1018	1	1708.4709	10	6	0	1	1	0.6847	0.8155
51	1019	1	1710.0206	9	2	90	0	1	0.6840	0.9618
51	1020	1	1711.5708	12	15	0	1	1	0.6843	0.5646
51	1021	1	1713.1207	13	10	0	1	1	0.6846	0.6617
51	1022	1	1714.6707	11	14	0	1	1	0.6849	0.6481
51	1023	1	1716.2206	9	2	90	0	1	0.6843	0.5862
51	1024	1	1717.7707	8	12	90	-1	0	0.6836	-1.0000
51	1025	1	1719.5041	7	11	0	1	1	0.6839	0.6626
51	1026	1	1721.0540	4	7	0	1	1	0.6842	1.0325
51	1027	1	1722.6041	7	11	0	1	1	0.6845	0.6184
51	1028	1	1724.1541	6	5	0	1	1	0.6848	0.8453
51	1029	1	1725.7040	5	8	0	1	1	0.6851	0.6388
51	1030	1	1727.2540	7	11	0	-1	0	0.6845	-1.0000
51	1031	1	1728.9876	4	7	0	1	1	0.6848	0.6518
51	1032	1	1730.5376	7	11	0	1	1	0.6851	0.7338
51	1033	1	1732.0874	6	5	0	1	1	0.6854	0.7999
51	1034	1	1733.6374	4	7	0	1	1	0.6857	0.7856
51	1035	1	1735.1874	7	11	90	0	1	0.6850	0.6435
51	1036	1	1736.7375	5	8	0	1	1	0.6853	0.5489
51	1037	1	1738.2874	4	7	0	1	1	0.6856	0.9510
51	1038	1	1739.8374	6	5	0	1	1	0.6859	0.3291
51	1039	1	1741.3875	8	12	0	1	1	0.6862	0.2518
51	1040	1	1742.9375	6	5	0	-1	1	0.6856	-1.0000
51	1041	1	1744.8042	4	7	90	-1	1	0.6849	-1.0000
51	1042	1	1746.5210	3	4	0	1	1	0.6852	1.0861
51	1043	1	1748.0707	15	9	0	1	1	0.6855	0.7202
51	1044	1	1749.6208	1	13	0	1	1	0.6858	0.8337
51	1045	1	1751.1710	14	3	0	1	1	0.6861	1.1399
51	1046	1	1752.7207	15	9	0	-1	0	0.6855	-1.0000
51	1047	1	1754.4543	14	3	0	1	1	0.6858	0.4970
51	1048	1	1756.1042	15	9	0	1	1	0.6861	0.7188
51	1049	1	1757.6542	3	4	0	1	1	0.6864	0.6403
51	1050	1	1759.2042	15	9	0	1	1	0.6867	0.5627
51	1051	1	1760.7542	2	1	90	0	1	0.6860	0.8692
51	1052	1	1762.3042	14	3	0	1	1	0.6863	0.5663
51	1053	1	1763.8542	2	1	0	1	1	0.6866	0.6644
51	1054	1	1765.4042	3	4	0	1	1	0.6869	0.5864
51	1055	1	1766.9542	4	7	0	1	1	0.6872	0.9563
51	1056	1	1768.5042	3	4	0	1	1	0.6875	0.5747
51	1057	1	1770.0542	15	9	0	1	1	0.6878	0.6892
51	1058	1	1771.6042	1	13	0	1	1	0.6881	0.6910
51	1059	1	1773.1544	3	4	0	1	1	0.6884	0.6450
51	1060	1	1774.7041	4	7	0	1	1	0.6887	0.7583
51	1061	1	1776.2542	6	5	0	1	1	0.6890	0.9363
51	1062	1	1777.8041	8	12	0	1	1	0.6893	0.8754
51	1063	1	1779.3542	9	2	0	1	1	0.6896	1.0051
51	1064	1	1780.9042	11	14	0	1	1	0.6898	1.0072
51	1065	1	1782.4541	10	6	0	1	1	0.6901	1.2969
51	1066	1	1784.0042	11	14	0	1	1	0.6904	0.6583
51	1067	1	1785.5542	12	15	90	0	1	0.6898	1.0443
51	1068	1	1787.1044	13	10	0	1	1	0.6901	0.6786
51	1069	1	1788.6542	10	6	0	1	1	0.6904	0.8573
51	1070	1	1790.2043	9	2	0	1	1	0.6907	0.9231
51	1071	1	1791.7541	11	14	0	1	1	0.6909	0.6533
51	1072	1	1793.3042	12	15	0	1	1	0.6912	1.0064
51	1073	1	1794.8542	13	10	0	1	1	0.6915	0.8483
51	1074	1	1796.4043	14	3	90	0	1	0.6909	0.9146
51	1075	1	1797.9543	1	13	90	0	1	0.6902	0.9171
51	1076	1	1799.5042	2	1	0	1	1	0.6905	0.8223
51	1077	1	1801.0543	15	9	0	1	1	0.6908	0.6169
51	1078	1	1802.6042	2	1	0	1	1	0.6911	0.7792
51	1079	1	1804.1544	3	4	0	1	1	0.6914	0.6041
51	1080	1	1805.7042	4	7	0	1	1	0.6917	0.5753
51	1081	1	1807.2543	5	8	0	1	1	0.6920	0.6252
51	1082	1	1808.8043	8	12	0	1	1	0.6922	0.7067
51	1083	1	1810.3542	7	11	0	1	1	0.6925	0.5168
51	1084	1	1811.9043	8	12	90	0	1	0.6919	0.6786
51	1085	1	1813.4543	9	2	0	1	1	0.6922	0.2967
51	1086	1	1815.0043	8	12	0	1	1	0.6924	0.6187
51	1087	1	1816.5542	9	2	0	1	1	0.6927	0.5247
51	1088	1	1818.1043	10	6	0	1	1	0.6930	0.7031
51	1089	1	1819.6543	9	2	0	1	1	0.6933	0.7046
51	1090	1	1821.2043	12	15	0	1	1	0.6936	0.8031
51	1091	1	1822.7543	9	2	0	1	1	0.6939	0.4527
51	1092	1	1824.3045	11	14	90	0	1	0.6932	0.6151
51	1093	1	1825.8544	13	10	90	-1	0	0.6926	-1.0000
51	1094	1	1827.5878	12	15	0	1	1	0.6929	0.6748
51	1095	1	1829.1377	10	6	0	1	1	0.6932	0.8537
51	1096	1	1830.6876	11	14	0	1	1	0.6934	0.9191
51	1097	1	1832.2376	9	2	0	1	1	0.6937	1.0818
51	1098	1	1833.7878	8	12	0	1	1	0.6940	0.7949
51	1099	1	1835.3377	9	2	90	-1	0	0.6934	-1.0000
51	1100	1	1837.0712	11	14	0	1	1	0.6936	0.6479
51	1101	1	1838.6209	13	10	90	-1	0	0.6930	-1.0000
51	1102	1	1840.3712	11	14	90	-1	0	0.6924	-1.0000
51	1103	1	1842.1212	13	10	0	-1	0	0.6917	-1.0000
51	1104	1	1843.8379	10	6	0	1	1	0.6920	1.0811
51	1105	1	1845.3878	9	2	0	1	1	0.6923	0.8114
51	1106	1	1846.9376	11	14	0	1	1	0.6926	1.0218
51	1107	1	1848.4877	10	6	0	1	1	0.6929	0.7998
51	1108	1	1850.0377	13	10	0	1	1	0.6931	1.1057
51	1109	1	1851.5878	14	3	0	1	1	0.6934	0.8517
51	1110	1	1853.1376	1	13	0	-1	0	0.6928	-1.0000
51	1111	1	1854.8712	2	1	0	1	1	0.6931	0.6234
51	1112	1	1856.4211	1	13	0	1	1	0.6933	0.7696
51	1113	1	1857.9710	2	1	0	1	1	0.6936	0.6116
51	1114	1	1859.5211	14	3	0	1	1	0.6939	0.7905
51	1115	1	1861.0711	2	1	0	1	1	0.6942	0.5363
51	1116	1	1862.6211	15	9	0	1	1	0.6944	0.6179
51	1117	1	1864.1712	1	13	0	1	1	0.6947	0.6998
51	1118	1	1865.7211	3	4	0	1	1	0.6950	0.5580
51	1119	1	1867.2711	4	7	90	-1	0	0.6944	-1.0000
51	1120	1	1869.0046	7	11	0	1	1	0.6946	1.0020
51	1121	1	1870.5544	6	5	90	-1	0	0.6940	-1.0000
51	1122	1	1872.2878	4	7	0	1	1	0.6943	0.6477
51	1123	1	1873.8378	7	11	0	1	1	0.6946	0.6658
51	1124	1	1875.3877	6	5	0	1	1	0.6948	0.7952
51	1125	1	1876.9377	5	8	0	1	1	0.6951	0.8778
51	1126	1	1878.4878	8	12	0	1	1	0.6954	0.6392
51	1127	1	1880.0377	7	11	0	1	1	0.6957	0.5133
51	1128	1	1881.5878	8	12	90	-1	0	0.6950	-1.0000
51	1129	1	1883.3380	6	5	90	-1	0	0.6944	-1.0000
51	1130	1	1885.0880	5	8	0	1	1	0.6947	0.6794
51	1131	1	1886.6378	4	7	0	1	1	0.6950	0.8418
51	1132	1	1888.1877	5	8	0	1	1	0.6952	0.6993
51	1133	1	1889.7378	4	7	90	-1	0	0.6946	-1.0000
51	1134	1	1891.4713	6	5	0	1	1	0.6949	0.5033
51	1135	1	1893.0210	5	8	0	1	1	0.6952	0.6816
51	1136	1	1894.5712	7	11	0	1	1	0.6954	0.6199
51	1137	1	1896.1211	5	8	0	1	1	0.6957	0.5096
51	1138	1	1897.6713	6	5	0	1	1	0.6960	0.9439
51	1139	1	1899.2212	7	11	0	1	1	0.6962	0.7863
51	1140	1	1900.7712	6	5	0	1	1	0.6965	0.6600
51	1141	1	1902.3212	4	7	90	0	1	0.6959	0.9339
51	1142	1	1903.8713	5	8	0	1	1	0.6961	0.8074
51	1143	1	1905.4212	4	7	0	1	1	0.6964	0.6495
51	1144	1	1906.9712	3	4	0	1	1	0.6967	0.7635
51	1145	1	1908.5213	1	13	0	1	1	0.6969	0.8939
51	1146	1	1910.0712	14	3	0	1	1	0.6972	0.6878
51	1147	1	1911.6212	1	13	0	1	1	0.6975	0.6575
51	1148	1	1913.1712	15	9	0	1	1	0.6977	0.6283
51	1149	1	1914.7213	1	13	90	-1	0	0.6971	-1.0000
51	1150	1	1916.4547	3	4	0	1	1	0.6974	0.6239
51	1151	1	1918.0044	1	13	0	1	1	0.6977	0.7067
51	1152	1	1919.5545	2	1	0	1	1	0.6979	0.5967
51	1153	1	1921.1046	3	4	0	1	1	0.6982	0.5984
51	1154	1	1922.6545	15	9	0	1	1	0.6984	0.6651
51	1155	1	1924.2046	1	13	90	0	1	0.6978	0.5389
51	1156	1	1925.7546	3	4	0	1	1	0.6981	0.3494
51	1157	1	1927.3046	4	7	0	1	1	0.6984	0.6230
51	1158	1	1928.8545	5	8	0	1	1	0.6986	0.8811
51	1159	1	1930.4046	6	5	0	1	1	0.6989	0.9461
51	1160	1	1931.9546	5	8	0	1	1	0.6991	0.5490
51	1161	1	1933.5046	4	7	0	1	1	0.6994	0.9821
51	1162	1	1935.0546	3	4	0	1	1	0.6997	1.0801
51	1163	1	1936.6047	1	13	0	1	1	0.6999	0.6184
51	1164	1	1938.1545	2	1	90	0	1	0.6993	0.7162
51	1165	1	1939.7046	1	13	0	1	1	0.6996	0.6071
51	1166	1	1941.2546	15	9	0	1	1	0.6998	0.6250
51	1167	1	1942.8046	1	13	0	1	1	0.7001	0.5950
51	1168	1	1944.3548	15	9	0	1	1	0.7003	0.4199
51	1169	1	1945.9046	2	1	0	1	1	0.7006	0.6781
51	1170	1	1947.4546	14	3	0	1	1	0.7009	0.6650
51	1171	1	1949.0047	2	1	0	1	1	0.7011	0.6347
51	1172	1	1950.5546	15	9	0	1	1	0.7014	0.5724
51	1173	1	1952.1045	3	4	0	1	1	0.7016	0.3031
51	1174	1	1953.6546	1	13	0	1	1	0.7019	0.6725
51	1175	1	1955.2046	14	3	0	1	1	0.7021	0.5306
51	1176	1	1956.7546	2	1	90	0	1	0.7015	0.4841
51	1177	1	1958.3047	15	9	0	1	1	0.7018	0.7741
51	1178	1	1959.8547	2	1	0	1	1	0.7020	0.6169
51	1179	1	1961.4047	1	13	0	1	1	0.7023	0.5229
51	1180	1	1962.9546	15	9	0	1	1	0.7025	0.6050
51	1181	1	1964.5046	14	3	0	1	1	0.7028	0.6701
51	1182	1	1966.0546	15	9	0	1	1	0.7030	0.5926
51	1183	1	1967.6047	14	3	0	1	1	0.7033	0.7544
51	1184	1	1969.1547	13	10	0	1	1	0.7035	0.9490
51	1185	1	1970.7046	11	14	0	1	1	0.7038	0.8552
51	1186	1	1972.2547	9	2	0	1	1	0.7040	0.9685
51	1187	1	1973.8046	8	12	0	1	1	0.7043	0.8111
51	1188	1	1975.3547	5	8	0	1	1	0.7045	0.6365
51	1189	1	1976.9047	4	7	0	1	1	0.7048	0.8301
51	1190	1	1978.4547	7	11	90	0	1	0.7042	0.9445
51	1191	1	1980.0048	4	7	0	1	1	0.7045	1.0424
51	1192	1	1981.5548	6	5	0	1	1	0.7047	0.7560
51	1193	1	1983.1047	4	7	0	1	1	0.7049	0.7741
51	1194	1	1984.6547	5	8	0	1	1	0.7052	0.6161
51	1195	1	1986.2047	4	7	0	1	1	0.7054	0.8101
51	1196	1	1987.7547	3	4	0	1	1	0.7057	0.6521
51	1197	1	1989.3047	15	9	90	0	1	0.7051	0.7185
51	1198	1	1990.8548	2	1	0	1	1	0.7053	0.6729
51	1199	1	1992.4048	1	13	90	-1	0	0.7048	-1.0000
51	1200	1	1994.1216	2	1	0	1	1	0.7050	0.9737
51	1201	1	1995.6713	3	4	0	1	1	0.7052	0.6401
51	1202	1	1997.2215	15	9	0	1	1	0.7055	0.5461
51	1203	1	1998.7713	14	3	0	1	1	0.7057	0.7088
51	1204	1	2000.3215	2	1	0	1	1	0.7060	0.5497
51	1205	1	2001.8714	14	3	0	1	1	0.7062	0.5683
51	1206	1	2003.4214	2	1	0	1	1	0.7065	0.6183
51	1207	1	2004.9714	14	3	0	1	1	0.7067	0.4598
51	1208	1	2006.5215	15	9	0	1	1	0.7070	0.5256
51	1209	1	2008.0715	14	3	0	1	1	0.7072	0.5273
51	1210	1	2009.6215	1	13	0	1	1	0.7074	0.6738
51	1211	1	2011.1716	2	1	0	1	1	0.7077	0.5956
51	1212	1	2012.7215	14	3	0	1	1	0.7079	0.6456
51	1213	1	2014.2713	13	10	0	1	1	0.7082	0.7604
51	1214	1	2015.8214	10	6	0	1	1	0.7084	1.0014
51	1215	1	2017.3715	13	10	0	1	1	0.7086	0.8437
51	1216	1	2018.9214	14	3	0	1	1	0.7089	0.6057
51	1217	1	2020.4715	1	13	90	0	1	0.7083	0.6877
51	1218	1	2022.0215	2	1	0	1	1	0.7085	0.4501
51	1219	1	2023.5714	14	3	90	-1	0	0.7080	-1.0000
51	1220	1	2025.2883	2	1	0	1	1	0.7082	1.0868
51	1221	1	2026.8380	3	4	0	1	1	0.7084	0.6414
51	1222	1	2028.3882	15	9	0	1	1	0.7087	0.6750
51	1223	1	2029.9381	3	4	0	1	1	0.7089	0.5491
51	1224	1	2031.4882	15	9	90	-1	0	0.7083	-1.0000
51	1225	1	2033.2217	1	13	90	0	1	0.7078	0.8500
51	1226	1	2034.7715	15	9	0	1	1	0.7080	0.5956
51	1227	1	2036.3214	3	4	0	1	1	0.7082	0.5814
51	1228	1	2037.8715	1	13	0	1	1	0.7085	0.9357
51	1229	1	2039.4215	2	1	0	1	1	0.7087	0.7142
51	1230	1	2040.9716	14	3	0	1	1	0.7089	0.8921
51	1231	1	2042.5215	2	1	0	1	1	0.7092	0.7183
51	1232	1	2044.0715	3	4	0	1	1	0.7094	0.5598
51	1233	1	2045.6215	15	9	0	1	1	0.7097	0.5453
51	1234	1	2047.1716	14	3	0	1	1	0.7099	0.6443
51	1235	1	2048.7216	13	10	90	0	1	0.7093	0.7416
51	1236	1	2050.2715	10	6	0	1	1	0.7095	0.9676
51	1237	1	2051.8215	13	10	0	1	1	0.7098	0.7940
51	1238	1	2053.3716	14	3	90	-1	0	0.7092	-1.0000
51	1239	1	2055.1051	15	9	0	1	1	0.7094	0.5827
51	1240	1	2056.6549	2	1	90	-1	0	0.7089	-1.0000
51	1241	1	2058.3884	1	13	0	1	1	0.7091	1.0273
51	1242	1	2059.9384	2	1	0	1	1	0.7093	0.6450
51	1243	1	2061.4883	15	9	0	1	1	0.7096	0.5834
51	1244	1	2063.0382	14	3	90	-1	0	0.7090	-1.0000
51	1245	1	2064.7884	15	9	0	1	1	0.7092	0.5305
51	1246	1	2066.3384	14	3	90	-1	0	0.7087	-1.0000
51	1247	1	2068.0884	13	10	0	1	1	0.7089	0.9434
51	1248	1	2069.6383	12	15	0	1	1	0.7091	0.9455
51	1249	1	2071.1882	11	14	0	1	1	0.7094	0.7706
51	1250	1	2072.7383	12	15	0	1	1	0.7096	0.6615
51	1251	1	2074.2883	9	2	0	1	1	0.7098	0.9510
51	1252	1	2075.8382	8	12	90	0	1	0.7093	1.2732
51	1253	1	2077.3883	9	2	0	1	1	0.7095	0.8591
51	1254	1	2078.9383	8	12	90	-1	0	0.7089	-1.0000
51	1255	1	2080.6718	5	8	90	-1	0	0.7084	-1.0000
51	1256	1	2082.4051	7	11	0	1	1	0.7086	0.8021
51	1257	1	2083.9549	5	8	0	1	1	0.7088	0.9486
51	1258	1	2085.5050	8	12	0	1	1	0.7091	0.9659
51	1259	1	2087.0550	9	2	0	1	1	0.7093	0.9208
51	1260	1	2088.6050	11	14	0	1	1	0.7095	0.7139
51	1261	1	2090.1550	12	15	0	1	1	0.7098	0.6846
51	1262	1	2091.7050	10	6	90	-1	0	0.7092	-1.0000
51	1263	1	2093.4218	12	15	0	1	1	0.7094	1.1616
51	1264	1	2094.9716	13	10	0	1	1	0.7097	0.7642
51	1265	1	2096.5216	14	3	0	1	1	0.7099	0.8613
51	1266	1	2098.0718	13	10	0	1	1	0.7101	0.7512
51	1267	1	2099.6216	11	14	0	1	1	0.7103	0.8014
51	1268	1	2101.1718	10	6	90	-1	0	0.7098	-1.0000
51	1269	1	2102.9052	12	15	90	-1	0	0.7092	-1.0000
51	1270	1	2104.6385	9	2	0	1	1	0.7094	0.8568
51	1271	1	2106.1884	10	6	0	1	1	0.7097	1.0345
51	1272	1	2107.7383	12	15	0	1	1	0.7099	0.7170
51	1273	1	2109.2883	10	6	0	1	1	0.7101	0.8307
51	1274	1	2110.8384	12	15	0	1	1	0.7104	0.8495
51	1275	1	2112.3884	10	6	90	0	1	0.7098	0.6434
51	1276	1	2113.9384	12	15	0	1	1	0.7100	0.6926
51	1277	1	2115.4884	13	10	0	1	1	0.7103	0.7911
51	1278	1	2117.0384	14	3	90	-1	0	0.7097	-1.0000
51	1279	1	2118.7719	15	9	0	1	1	0.7099	0.7712
51	1280	1	2120.3217	2	1	0	1	1	0.7102	0.7096
51	1281	1	2121.8717	14	3	0	1	1	0.7104	0.7596
51	1282	1	2123.4217	1	13	0	1	1	0.7106	0.7621
51	1283	1	2124.9716	14	3	0	1	1	0.7108	0.7321
51	1284	1	2126.5217	13	10	0	1	1	0.7111	0.5572
51	1285	1	2128.0716	12	15	0	1	1	0.7113	0.9113
51	1286	1	2129.6217	13	10	0	1	1	0.7115	0.8972
51	1287	1	2131.1718	11	14	0	1	1	0.7117	0.5000
51	1288	1	2132.7217	13	10	0	1	1	0.7120	0.5972
51	1289	1	2134.2718	12	15	0	1	1	0.7122	0.6318
51	1290	1	2135.8218	9	2	0	1	1	0.7124	0.5537
51	1291	1	2137.3717	8	12	0	1	1	0.7126	0.8281
51	1292	1	2138.9217	6	5	0	1	1	0.7128	0.7497
51	1293	1	2140.4717	7	11	0	1	1	0.7131	0.8003
51	1294	1	2142.0218	5	8	0	1	1	0.7133	0.6579
51	1295	1	2143.5719	4	7	0	1	1	0.7135	0.6271
51	1296	1	2145.1217	6	5	0	1	1	0.7137	0.6142
51	1297	1	2146.6718	8	12	0	1	1	0.7140	0.7112
51	1298	1	2148.2218	9	2	0	1	1	0.7142	0.6332
51	1299	1	2149.7717	8	12	90	0	1	0.7136	1.0993
51	1300	1	2151.3218	5	8	0	1	1	0.7138	0.6372
51	1301	1	2152.8718	7	11	0	1	1	0.7141	0.9599
51	1302	1	2154.4218	5	8	0	1	1	0.7143	0.6901
51	1303	1	2155.9718	4	7	90	0	1	0.7137	0.7236
51	1304	1	2157.5218	5	8	90	-1	0	0.7132	-1.0000
51	1305	1	2159.2386	8	12	0	1	1	0.7134	0.9764
51	1306	1	2160.7885	9	2	0	1	1	0.7136	0.6269
51	1307	1	2162.3385	11	14	0	1	1	0.7138	0.6769
51	1308	1	2163.8885	13	10	0	1	1	0.7141	0.9034
51	1309	1	2165.4385	14	3	0	1	1	0.7143	0.6813
51	1310	1	2166.9886	15	9	0	1	1	0.7145	0.5870
51	1311	1	2168.5385	3	4	0	1	1	0.7147	0.7174
51	1312	1	2170.0885	4	7	0	1	1	0.7149	0.8633
51	1313	1	2171.6385	3	4	0	1	1	0.7152	0.7855
51	1314	1	2173.1885	4	7	0	1	1	0.7154	0.6745
51	1315	1	2174.7386	7	11	90	0	1	0.7148	0.6446
51	1316	1	2176.2885	5	8	0	1	1	0.7150	0.6155
51	1317	1	2177.8385	7	11	90	0	1	0.7145	0.7614
51	1318	1	2179.3886	8	12	90	-1	0	0.7140	-1.0000
51	1319	1	2181.1220	5	8	90	0	1	0.7134	0.8215
51	1320	1	2182.6719	4	7	0	1	1	0.7136	1.2880
51	1321	1	2184.2219	3	4	0	1	1	0.7139	0.7301
51	1322	1	2185.7719	4	7	0	1	1	0.7141	0.6991
51	1323	1	2187.3219	5	8	0	1	1	0.7143	0.6852
51	1324	1	2188.8719	4	7	0	1	1	0.7145	0.7192
51	1325	1	2190.4219	3	4	0	1	1	0.7147	0.6421
51	1326	1	2191.9718	2	1	0	1	1	0.7149	1.0432
51	1327	1	2193.5219	3	4	0	1	1	0.7151	0.6772
51	1328	1	2195.0718	15	9	0	1	1	0.7154	0.6637
51	1329	1	2196.6219	1	13	0	1	1	0.7156	1.3538
51	1330	1	2198.1719	14	3	0	1	1	0.7158	0.8120
51	1331	1	2199.7218	15	9	0	1	1	0.7160	0.6372
51	1332	1	2201.2719	2	1	0	1	1	0.7162	0.6720
51	1333	1	2202.8219	3	4	0	1	1	0.7164	0.6732
51	1334	1	2204.3719	1	13	0	1	1	0.7166	0.8195
51	1335	1	2205.9218	3	4	0	1	1	0.7169	0.6772
51	1336	1	2207.4720	1	13	0	1	1	0.7171	0.6799
51	1337	1	2209.0221	2	1	0	1	1	0.7173	0.5690
51	1338	1	2210.5719	15	9	0	1	1	0.7175	0.6671
51	1339	1	2212.1220	2	1	0	1	1	0.7177	0.6858
51	1340	1	2213.6720	14	3	90	-1	0	0.7172	-1.0000
51	1341	1	2215.4053	13	10	90	-1	0	0.7166	-1.0000
51	1342	1	2217.1221	12	15	90	-1	0	0.7161	-1.0000
51	1343	1	2218.8555	11	14	90	-1	0	0.7156	-1.0000
51	1344	1	2220.5721	12	15	0	1	1	0.7158	1.0670
51	1345	1	2222.1220	9	2	90	-1	0	0.7152	-1.0000
51	1346	1	2223.8555	10	6	0	1	1	0.7155	0.8724
51	1347	1	2225.4054	12	15	0	1	1	0.7157	0.7945
51	1348	1	2226.9553	11	14	0	1	1	0.7159	1.0207
51	1349	1	2228.5053	13	10	0	1	1	0.7161	0.7178
51	1350	1	2230.0552	12	15	90	-1	0	0.7156	-1.0000
51	1351	1	2231.7888	9	2	0	1	1	0.7158	0.7471
51	1352	1	2233.3386	10	6	0	1	1	0.7160	0.6689
51	1353	1	2234.8886	9	2	0	1	1	0.7162	1.4865
51	1354	1	2236.5555	11	14	90	-1	0	0.7157	-1.0000
51	1355	1	2238.2722	12	15	0	1	1	0.7159	0.7429
51	1356	1	2239.8219	11	14	0	1	1	0.7161	0.7452
51	1357	1	2241.3719	10	6	0	1	1	0.7163	0.7472
51	1358	1	2242.9220	12	15	0	1	1	0.7165	0.9896
51	1359	1	2244.4720	13	10	90	-1	0	0.7160	-1.0000
51	1360	1	2246.2055	11	14	0	1	1	0.7162	0.9224
51	1361	1	2247.7554	9	2	90	0	1	0.7157	0.9881
51	1362	1	2249.3054	12	15	0	1	1	0.7159	0.7991
51	1363	1	2250.8555	10	6	0	1	1	0.7161	0.6565
51	1364	1	2252.4054	12	15	0	1	1	0.7163	0.6747
51	1365	1	2253.9554	10	6	0	1	1	0.7165	0.5645
51	1366	1	2255.5054	11	14	0	1	1	0.7167	0.9026
51	1367	1	2257.0554	13	10	0	1	1	0.7169	0.7126
51	1368	1	2258.6053	14	3	0	1	1	0.7171	0.9538
51	1369	1	2260.1555	13	10	0	1	1	0.7173	0.7000
51	1370	1	2261.7054	14	3	90	-1	0	0.7168	-1.0000
51	1371	1	2263.4389	2	1	0	1	1	0.7170	1.1771
51	1372	1	2264.9888	15	9	0	1	1	0.7172	1.4191
51	1373	1	2266.5556	2	1	0	1	1	0.7174	1.0362
51	1374	1	2268.1053	15	9	0	1	1	0.7176	0.6218
51	1375	1	2269.6554	1	13	90	0	1	0.7171	1.0086
51	1376	1	2271.2054	14	3	0	1	1	0.7173	0.9457
51	1377	1	2272.7555	2	1	90	0	1	0.7168	0.8205
51	1378	1	2274.3056	3	4	0	1	1	0.7170	0.6615
51	1379	1	2275.8554	4	7	0	1	1	0.7172	0.7926
51	1380	1	2277.4055	5	8	0	1	1	0.7174	0.6341
51	1381	1	2278.9554	7	11	0	1	1	0.7176	0.9566
51	1382	1	2280.5055	5	8	0	1	1	0.7178	0.6545
51	1383	1	2282.0554	6	5	0	1	1	0.7180	0.7521
51	1384	1	2283.6054	8	12	0	1	1	0.7182	0.7858
51	1385	1	2285.1555	5	8	0	1	1	0.7184	0.6597
51	1386	1	2286.7055	7	11	0	1	1	0.7186	0.7899
51	1387	1	2288.2555	8	12	90	-1	0	0.7181	-1.0000
51	1388	1	2289.9723	9	2	90	0	1	0.7176	1.0437
51	1389	1	2291.5222	12	15	0	1	1	0.7178	0.7093
51	1390	1	2293.0721	11	14	0	1	1	0.7180	0.7600
51	1391	1	2294.6221	12	15	0	1	1	0.7182	0.6819
51	1392	1	2296.1723	13	10	90	-1	0	0.7177	-1.0000
51	1393	1	2297.9055	14	3	90	-1	0	0.7172	-1.0000
51	1394	1	2299.6390	1	13	90	-1	0	0.7166	-1.0000
51	1395	1	2301.3890	14	3	0	-1	0	0.7161	-1.0000
51	1396	1	2303.1557	1	13	0	1	1	0.7163	1.0915
51	1397	1	2304.7055	3	4	0	1	1	0.7165	0.6945
51	1398	1	2306.2555	1	13	90	-1	0	0.7160	-1.0000
51	1399	1	2307.9723	2	1	0	1	1	0.7162	0.8828
51	1400	1	2309.5222	14	3	0	1	1	0.7164	0.8059
51	1	2	1.0167	5	8	0	-1	0	NaN	-1.0000
51	2	2	2.5500	4	7	0	-1	0	NaN	-1.0000
51	3	2	4.0833	6	5	0	-1	0	NaN	-1.0000
51	4	2	5.6165	4	7	0	-1	1	0.0000	0.7745
51	5	2	7.1498	7	11	0	-1	1	0.0000	1.3055
51	6	2	8.6831	8	12	0	-1	0	0.0000	-1.0000
51	7	2	10.2165	6	5	0	-1	0	0.0000	-1.0000
51	8	2	11.7499	7	11	0	-1	1	0.0000	0.9135
51	9	2	13.2831	6	5	0	-1	0	0.0000	-1.0000
51	10	2	14.8165	4	7	0	-1	0	0.0000	-1.0000
51	11	2	16.3500	7	11	0	-1	0	0.0000	-1.0000
51	12	2	17.8832	6	5	0	-1	1	0.0000	0.8122
51	13	2	19.4166	8	12	0	-1	0	0.0000	-1.0000
51	14	2	20.9499	7	11	0	-1	1	0.0000	0.1290
51	15	2	22.4832	4	7	0	-1	1	0.0000	0.4681
51	16	2	24.0165	3	4	0	-1	1	0.1429	1.1740
51	17	2	25.5499	2	1	0	-1	1	0.1250	1.0646
51	18	2	27.0833	1	13	0	-1	0	0.1250	-1.0000
51	19	2	28.6165	15	9	0	-1	0	0.1250	-1.0000
51	20	2	30.1498	14	3	0	-1	0	0.1250	-1.0000
51	21	2	31.6833	13	10	0	-1	0	0.1250	-1.0000
51	22	2	33.2165	12	15	0	-1	0	0.1250	-1.0000
51	23	2	34.7501	11	14	0	-1	0	0.1250	-1.0000
51	24	2	36.2832	10	6	0	-1	1	0.1111	0.7314
51	25	2	37.8166	9	2	0	-1	0	0.1111	-1.0000
51	26	2	39.3499	8	12	0	-1	1	0.2000	0.6737
51	27	2	40.8833	7	11	0	-1	0	0.2000	-1.0000
51	28	2	42.4166	6	5	0	-1	1	0.1818	0.0863
51	29	2	43.9499	5	8	0	-1	0	0.1818	-1.0000
51	30	2	45.4833	4	7	0	-1	1	0.1667	0.7152
51	31	2	47.0165	3	4	0	-1	0	0.1667	-1.0000
51	32	2	48.5500	4	7	0	-1	1	0.2308	0.9455
51	33	2	50.0834	6	5	0	-1	0	0.2308	-1.0000
51	34	2	51.6166	5	8	0	-1	0	0.2308	-1.0000
51	35	2	53.1501	8	12	0	-1	0	0.2308	-1.0000
51	36	2	54.6833	6	5	0	-1	1	0.2143	0.9722
51	37	2	56.2166	5	8	0	-1	0	0.2143	-1.0000
51	38	2	57.7500	7	11	0	-1	1	0.2000	0.0814
51	39	2	59.2835	6	5	0	-1	0	0.2000	-1.0000
51	40	2	60.8166	5	8	0	-1	0	0.2000	-1.0000
51	41	2	62.3500	7	11	0	-1	1	0.1875	1.4654
51	42	2	63.8834	5	8	0	-1	0	0.1875	-1.0000
51	43	2	65.4168	7	11	0	-1	1	0.1765	1.0063
51	44	2	66.9500	4	7	0	-1	0	0.1765	-1.0000
51	45	2	68.4834	3	4	0	-1	0	0.1765	-1.0000
51	46	2	70.0166	2	1	0	-1	1	0.1667	0.4869
51	47	2	71.5500	1	13	0	-1	0	0.1667	-1.0000
51	48	2	73.0833	15	9	0	-1	0	0.1667	-1.0000
51	49	2	74.6166	14	3	0	-1	0	0.1667	-1.0000
51	50	2	76.1500	13	10	0	-1	0	0.1667	-1.0000
51	51	2	77.6833	12	15	0	-1	0	0.1667	-1.0000
51	52	2	79.2167	11	14	0	-1	1	0.1579	0.5827
51	53	2	80.7501	10	6	0	-1	0	0.1579	-1.0000
51	54	2	82.2835	9	2	0	-1	0	0.1579	-1.0000
51	55	2	83.8167	8	12	0	-1	1	0.2000	0.2388
51	56	2	85.3500	7	11	0	-1	0	0.2000	-1.0000
51	57	2	86.8834	6	5	0	-1	1	0.1905	0.7400
51	58	2	88.4167	5	8	0	-1	0	0.1905	-1.0000
51	59	2	89.9501	4	7	0	-1	1	0.1818	0.4254
51	60	2	91.4834	3	4	0	-1	0	0.1818	-1.0000
51	61	2	93.0169	4	7	0	-1	1	0.2174	0.3340
51	62	2	94.5501	3	4	0	-1	0	0.2174	-1.0000
51	63	2	96.0836	15	9	0	-1	1	0.2083	0.1316
51	64	2	97.6168	14	3	0	-1	1	0.2000	1.2548
51	65	2	99.1500	1	13	0	-1	0	0.2000	-1.0000
51	66	2	100.6834	14	3	0	-1	0	0.2000	-1.0000
51	67	2	102.2167	13	10	0	-1	0	0.2000	-1.0000
51	68	2	103.7503	11	14	0	-1	0	0.2000	-1.0000
51	69	2	105.2834	9	2	0	-1	0	0.2000	-1.0000
51	70	2	106.8167	8	12	0	-1	1	0.2308	0.7275
51	71	2	108.3501	9	2	0	-1	0	0.2308	-1.0000
51	72	2	109.8835	8	12	0	-1	1	0.2593	1.0031
51	73	2	111.4167	9	2	0	-1	0	0.2593	-1.0000
51	74	2	112.9501	10	6	0	-1	1	0.2500	1.0092
51	75	2	114.4834	13	10	0	-1	0	0.2500	-1.0000
51	76	2	116.0168	14	3	0	-1	0	0.2500	-1.0000
51	77	2	117.5502	15	9	0	-1	0	0.2500	-1.0000
51	78	2	119.0835	1	13	0	-1	1	0.2414	1.0515
51	79	2	120.6168	2	1	0	-1	0	0.2414	-1.0000
51	80	2	122.1502	3	4	0	-1	0	0.2414	-1.0000
51	81	2	123.6835	4	7	0	-1	0	0.2414	-1.0000
51	82	2	125.2168	5	8	0	-1	1	0.2333	1.1900
51	83	2	126.7501	6	5	0	-1	1	0.2258	0.7303
51	84	2	128.2835	7	11	0	-1	0	0.2258	-1.0000
51	85	2	129.8170	8	12	0	-1	0	0.2258	-1.0000
51	86	2	131.3501	9	2	0	-1	0	0.2258	-1.0000
51	87	2	132.8835	10	6	0	-1	0	0.2258	-1.0000
51	88	2	134.4170	11	14	0	-1	1	0.2188	0.1826
51	89	2	135.9501	12	15	0	-1	0	0.2188	-1.0000
51	90	2	137.4835	13	10	0	-1	0	0.2188	-1.0000
51	91	2	139.0168	14	3	0	-1	0	0.2188	-1.0000
51	92	2	140.5501	1	13	0	-1	1	0.2121	0.4005
51	93	2	142.0834	2	1	0	-1	0	0.2121	-1.0000
51	94	2	143.6169	14	3	0	-1	1	0.2059	0.9337
51	95	2	145.1501	13	10	0	-1	0	0.2059	-1.0000
51	96	2	146.6835	12	15	0	-1	1	0.2000	0.9235
51	97	2	148.2169	10	6	0	-1	0	0.2000	-1.0000
51	98	2	149.7504	12	15	0	-1	0	0.2000	-1.0000
51	99	2	151.2836	11	14	0	-1	0	0.2000	-1.0000
51	100	2	152.8169	9	2	0	-1	0	0.2000	-1.0000
51	101	2	154.3501	10	6	0	-1	1	0.1944	0.3609
51	102	2	155.8836	12	15	0	-1	0	0.1944	-1.0000
51	103	2	157.4169	11	14	0	-1	1	0.1892	1.3583
51	104	2	158.9502	9	2	0	-1	0	0.1892	-1.0000
51	105	2	160.4836	11	14	0	-1	1	0.1842	1.0119
51	106	2	162.0169	12	15	0	-1	0	0.1842	-1.0000
51	107	2	163.5502	13	10	0	-1	0	0.1842	-1.0000
51	108	2	165.0836	14	3	0	-1	0	0.1842	-1.0000
51	109	2	166.6169	15	9	0	-1	0	0.1842	-1.0000
51	110	2	168.1502	1	13	0	-1	0	0.1842	-1.0000
51	111	2	169.6835	2	1	0	-1	0	0.1842	-1.0000
51	112	2	171.2169	3	4	0	-1	1	0.1795	0.6948
51	113	2	172.7502	4	7	0	-1	0	0.1795	-1.0000
51	114	2	174.2835	5	8	0	-1	0	0.1795	-1.0000
51	115	2	175.8169	6	5	0	-1	0	0.1795	-1.0000
51	116	2	177.3503	7	11	0	-1	0	0.1795	-1.0000
51	117	2	178.8836	8	12	0	-1	0	0.1795	-1.0000
51	118	2	180.4169	9	2	0	-1	1	0.2000	0.3427
51	119	2	181.9503	10	6	0	-1	0	0.2000	-1.0000
51	120	2	183.4835	11	14	0	-1	0	0.2000	-1.0000
51	121	2	185.0170	10	6	0	-1	0	0.2000	-1.0000
51	122	2	186.5503	13	10	0	-1	1	0.1951	0.3528
51	123	2	188.0837	12	15	0	-1	0	0.1951	-1.0000
51	124	2	189.6169	11	14	0	-1	0	0.1951	-1.0000
51	125	2	191.1505	10	6	0	-1	0	0.1951	-1.0000
51	126	2	192.6835	13	10	0	-1	1	0.1905	0.1720
51	127	2	194.2171	11	14	0	-1	0	0.1905	-1.0000
51	128	2	195.7502	10	6	0	-1	0	0.1905	-1.0000
51	129	2	197.2837	13	10	0	-1	1	0.1860	0.3400
51	130	2	198.8170	10	6	0	-1	0	0.1860	-1.0000
51	131	2	200.3502	13	10	0	-1	0	0.1860	-1.0000
51	132	2	201.8836	10	6	0	-1	0	0.1860	-1.0000
51	133	2	203.4169	12	15	0	-1	0	0.1860	-1.0000
51	134	2	204.9504	11	14	0	-1	1	0.1818	0.0488
51	135	2	206.4837	12	15	0	-1	0	0.1818	-1.0000
51	136	2	208.0171	13	10	0	-1	1	0.1778	1.0300
51	137	2	209.5503	14	3	0	-1	0	0.1778	-1.0000
51	138	2	211.0836	15	9	0	-1	0	0.1778	-1.0000
51	139	2	212.6170	1	13	0	-1	1	0.1739	0.0168
51	140	2	214.1505	2	1	0	-1	0	0.1739	-1.0000
51	141	2	215.6837	3	4	0	-1	1	0.1702	0.0519
51	142	2	217.2171	4	7	0	-1	1	0.1875	1.3344
51	143	2	218.7503	5	8	0	-1	0	0.1875	-1.0000
51	144	2	220.2837	6	5	0	-1	1	0.1837	1.2440
51	145	2	221.8171	7	11	0	-1	0	0.1837	-1.0000
51	146	2	223.3503	8	12	0	-1	0	0.1837	-1.0000
51	147	2	224.8836	9	2	0	-1	0	0.1837	-1.0000
51	148	2	226.4170	10	6	0	-1	1	0.1800	0.8382
51	149	2	227.9503	11	14	0	-1	0	0.1800	-1.0000
51	150	2	229.4836	12	15	0	-1	0	0.1800	-1.0000
51	151	2	231.0171	10	6	0	-1	0	0.1800	-1.0000
51	152	2	232.5506	9	2	0	-1	1	0.1765	0.6411
51	153	2	234.0838	12	15	0	-1	0	0.1765	-1.0000
51	154	2	235.6173	9	2	0	-1	0	0.1765	-1.0000
51	155	2	237.1506	11	14	0	-1	0	0.1765	-1.0000
51	156	2	238.6836	13	10	0	-1	0	0.1765	-1.0000
51	157	2	240.2172	11	14	0	-1	0	0.1765	-1.0000
51	158	2	241.7504	13	10	0	-1	0	0.1765	-1.0000
51	159	2	243.2839	10	6	0	-1	0	0.1765	-1.0000
51	160	2	244.8171	12	15	0	-1	0	0.1765	-1.0000
51	161	2	246.3504	9	2	0	-1	0	0.1765	-1.0000
51	162	2	247.8838	8	12	0	-1	1	0.1923	0.7473
51	163	2	249.4170	9	2	0	-1	0	0.1923	-1.0000
51	164	2	250.9503	11	14	0	-1	0	0.1923	-1.0000
51	165	2	252.4838	13	10	0	-1	0	0.1923	-1.0000
51	166	2	254.0172	12	15	0	-1	0	0.1923	-1.0000
51	167	2	255.5503	11	14	0	-1	1	0.1887	0.0734
51	168	2	257.0838	10	6	0	-1	0	0.1887	-1.0000
51	169	2	258.6172	9	2	0	-1	0	0.1887	-1.0000
51	170	2	260.1506	8	12	0	-1	1	0.2037	1.2645
51	171	2	261.6837	7	11	0	-1	0	0.2037	-1.0000
51	172	2	263.2171	6	5	0	-1	1	0.2000	1.1586
51	173	2	264.7504	5	8	0	-1	0	0.2000	-1.0000
51	174	2	266.2840	4	7	0	-1	0	0.2000	-1.0000
51	175	2	267.8172	3	4	0	-1	0	0.2000	-1.0000
51	176	2	269.3505	2	1	0	-1	1	0.1964	1.3926
51	177	2	270.8838	1	13	0	-1	0	0.1964	-1.0000
51	178	2	272.4171	15	9	0	-1	0	0.1964	-1.0000
51	179	2	273.9505	14	3	0	-1	0	0.1964	-1.0000
51	180	2	275.4840	13	10	0	-1	1	0.2105	0.5876
51	181	2	277.0172	11	14	0	-1	0	0.2105	-1.0000
51	182	2	278.5505	9	2	0	-1	1	0.2069	1.1531
51	183	2	280.0839	8	12	0	-1	0	0.2069	-1.0000
51	184	2	281.6172	9	2	0	-1	0	0.2069	-1.0000
51	185	2	283.1505	11	14	0	-1	1	0.2034	0.4084
51	186	2	284.6839	13	10	0	-1	0	0.2034	-1.0000
51	187	2	286.4839	10	6	0	-1	0	0.2034	-1.0000
51	188	2	288.0174	11	14	0	-1	1	0.2000	0.3579
51	189	2	289.5506	12	15	0	-1	0	0.2000	-1.0000
51	190	2	291.0838	9	2	0	-1	0	0.2000	-1.0000
51	191	2	292.6171	11	14	0	-1	1	0.1967	0.9587
51	192	2	294.1505	12	15	0	-1	0	0.1967	-1.0000
51	193	2	295.6838	9	2	0	-1	0	0.1967	-1.0000
51	194	2	297.2173	10	6	0	-1	1	0.1935	0.9981
51	195	2	298.7506	11	14	0	-1	0	0.1935	-1.0000
51	196	2	300.2841	12	15	0	-1	0	0.1935	-1.0000
51	197	2	301.8174	13	10	0	-1	0	0.1935	-1.0000
51	198	2	303.3505	14	3	0	-1	1	0.2063	0.8811
51	199	2	304.8838	15	9	0	-1	0	0.2063	-1.0000
51	200	2	306.4171	1	13	0	-1	0	0.2063	-1.0000
51	201	2	307.9506	2	1	0	-1	1	0.2031	0.7607
51	202	2	309.4840	3	4	0	-1	0	0.2031	-1.0000
51	203	2	311.0173	4	7	0	-1	1	0.2154	1.2461
51	204	2	312.5508	5	8	0	-1	0	0.2154	-1.0000
51	205	2	314.0840	6	5	0	-1	0	0.2154	-1.0000
51	206	2	315.6173	7	11	0	-1	0	0.2154	-1.0000
51	207	2	317.1506	8	12	0	-1	0	0.2154	-1.0000
51	208	2	318.6840	9	2	0	-1	0	0.2154	-1.0000
51	209	2	320.2173	10	6	0	-1	1	0.2121	1.3576
51	210	2	321.7505	11	14	0	-1	0	0.2121	-1.0000
51	211	2	323.2840	12	15	0	-1	0	0.2121	-1.0000
51	212	2	324.8175	10	6	0	-1	1	0.2090	0.7582
51	213	2	326.3506	12	15	0	-1	0	0.2090	-1.0000
51	214	2	327.8839	9	2	0	-1	1	0.2059	1.2596
51	215	2	329.4173	11	14	0	-1	0	0.2059	-1.0000
51	216	2	330.9506	12	15	0	-1	0	0.2059	-1.0000
51	217	2	332.4839	13	10	0	-1	1	0.2029	0.8514
51	218	2	334.0173	10	6	0	-1	0	0.2029	-1.0000
51	219	2	335.5507	13	10	0	-1	0	0.2029	-1.0000
51	220	2	337.0839	11	14	0	-1	0	0.2029	-1.0000
51	221	2	338.6173	9	2	0	-1	1	0.2000	0.3185
51	222	2	340.1506	12	15	0	-1	0	0.2000	-1.0000
51	223	2	341.6841	13	10	0	-1	0	0.2000	-1.0000
51	224	2	343.2173	14	3	0	-1	0	0.2000	-1.0000
51	225	2	344.7507	2	1	0	-1	1	0.1972	1.4332
51	226	2	346.2842	3	4	0	-1	0	0.1972	-1.0000
51	227	2	347.8173	4	7	0	-1	0	0.1972	-1.0000
51	228	2	349.3506	5	8	0	-1	0	0.1972	-1.0000
51	229	2	350.8840	6	5	0	-1	1	0.1944	1.2995
51	230	2	352.4175	7	11	0	-1	0	0.1944	-1.0000
51	231	2	353.9506	8	12	0	-1	0	0.1944	-1.0000
51	232	2	355.4840	9	2	0	-1	0	0.1944	-1.0000
51	233	2	357.0174	10	6	0	-1	0	0.1944	-1.0000
51	234	2	358.5508	11	14	0	-1	1	0.1918	0.3845
51	235	2	360.0841	12	15	0	-1	0	0.1918	-1.0000
51	236	2	361.6176	13	10	0	-1	0	0.1918	-1.0000
51	237	2	363.1509	14	3	0	-1	1	0.2027	1.0167
51	238	2	364.6841	15	9	0	-1	0	0.2027	-1.0000
51	239	2	366.2174	1	13	0	-1	0	0.2027	-1.0000
51	240	2	367.7508	2	1	0	-1	1	0.2000	0.7206
51	241	2	369.2841	1	13	0	-1	0	0.2000	-1.0000
51	242	2	370.8174	2	1	0	-1	1	0.1974	0.1032
51	243	2	372.3508	15	9	0	-1	0	0.1974	-1.0000
51	244	2	373.8840	2	1	0	-1	1	0.1948	1.0357
51	245	2	375.4174	1	13	0	-1	0	0.1948	-1.0000
51	246	2	376.9508	14	3	0	-1	0	0.1948	-1.0000
51	247	2	378.4841	15	9	0	-1	1	0.1923	0.9158
51	248	2	380.0175	2	1	0	-1	0	0.1923	-1.0000
51	249	2	381.5507	14	3	0	-1	0	0.1923	-1.0000
51	250	2	383.0841	1	13	0	-1	0	0.1923	-1.0000
51	251	2	384.6175	2	1	0	-1	1	0.1899	0.7023
51	252	2	386.1509	14	3	0	-1	0	0.1899	-1.0000
51	253	2	387.6841	15	9	0	-1	1	0.1875	0.6592
51	254	2	389.2175	1	13	0	-1	0	0.1875	-1.0000
51	255	2	390.7508	2	1	0	-1	0	0.1875	-1.0000
51	256	2	392.2843	3	4	0	-1	1	0.1852	0.3471
51	257	2	393.8175	4	7	0	-1	0	0.1852	-1.0000
51	258	2	395.3507	5	8	0	-1	0	0.1852	-1.0000
51	259	2	396.8842	6	5	0	-1	0	0.1852	-1.0000
51	260	2	398.4175	7	11	0	-1	1	0.1829	0.9501
51	261	2	399.9507	8	12	0	-1	0	0.1829	-1.0000
51	262	2	401.4843	9	2	0	-1	0	0.1829	-1.0000
51	263	2	403.0175	10	6	0	-1	1	0.1807	0.7984
51	264	2	404.5509	11	14	0	-1	0	0.1807	-1.0000
51	265	2	406.0843	12	15	0	-1	1	0.1786	0.0168
51	266	2	407.6175	13	10	0	-1	1	0.1765	0.7899
51	267	2	409.1509	14	3	0	-1	0	0.1765	-1.0000
51	268	2	410.6842	15	9	0	-1	0	0.1765	-1.0000
51	269	2	412.2175	1	13	0	-1	0	0.1765	-1.0000
51	270	2	413.7510	2	1	0	-1	1	0.1744	0.5448
51	271	2	415.2842	15	9	0	-1	0	0.1744	-1.0000
51	272	2	416.8175	1	13	0	-1	1	0.1724	0.0544
51	273	2	418.3509	15	9	0	-1	0	0.1724	-1.0000
51	274	2	419.8842	1	13	0	-1	0	0.1724	-1.0000
51	275	2	421.4175	2	1	0	-1	0	0.1724	-1.0000
51	276	2	422.9509	3	4	0	-1	0	0.1724	-1.0000
51	277	2	424.4842	4	7	0	-1	0	0.1724	-1.0000
51	278	2	426.0175	7	11	0	-1	1	0.1705	0.7095
51	279	2	427.5508	6	5	0	-1	0	0.1705	-1.0000
51	280	2	429.0842	5	8	0	-1	0	0.1705	-1.0000
51	281	2	430.6176	7	11	0	-1	0	0.1705	-1.0000
51	282	2	432.1508	8	12	0	-1	1	0.1685	0.9446
51	283	2	433.6843	6	5	0	-1	0	0.1685	-1.0000
51	284	2	435.2176	4	7	0	-1	0	0.1685	-1.0000
51	285	2	436.7509	6	5	0	-1	0	0.1685	-1.0000
51	286	2	438.2842	7	11	0	-1	0	0.1685	-1.0000
51	287	2	439.8175	8	12	0	-1	0	0.1685	-1.0000
51	288	2	441.3508	9	2	0	-1	0	0.1685	-1.0000
51	289	2	442.8844	10	6	0	-1	0	0.1685	-1.0000
51	290	2	444.4175	11	14	0	-1	1	0.1667	1.1899
51	291	2	445.9509	12	15	0	-1	0	0.1667	-1.0000
51	292	2	447.4843	13	10	0	-1	0	0.1667	-1.0000
51	293	2	449.0175	14	3	0	-1	0	0.1667	-1.0000
51	294	2	450.5511	15	9	0	-1	0	0.1667	-1.0000
51	295	2	452.0844	1	13	0	-1	0	0.1667	-1.0000
51	296	2	453.6175	2	1	0	-1	0	0.1667	-1.0000
51	297	2	455.1510	3	4	0	-1	0	0.1667	-1.0000
51	298	2	456.6845	4	7	0	-1	1	0.1758	0.8426
51	299	2	458.2177	5	8	0	-1	0	0.1758	-1.0000
51	300	2	459.7510	6	5	0	-1	0	0.1758	-1.0000
51	301	2	461.2843	4	7	0	-1	0	0.1758	-1.0000
51	302	2	462.8177	7	11	0	-1	0	0.1758	-1.0000
51	303	2	464.3509	6	5	0	-1	1	0.1739	0.7765
51	304	2	465.8843	7	11	0	-1	0	0.1739	-1.0000
51	305	2	467.4177	8	12	0	-1	0	0.1739	-1.0000
51	306	2	468.9510	5	8	0	-1	0	0.1739	-1.0000
51	307	2	470.4843	6	5	0	-1	1	0.1720	0.5797
51	308	2	472.0177	7	11	0	-1	0	0.1720	-1.0000
51	309	2	473.5510	6	5	0	-1	1	0.1702	1.2721
51	310	2	475.0843	7	11	0	-1	0	0.1702	-1.0000
51	311	2	476.6177	5	8	0	-1	0	0.1702	-1.0000
51	312	2	478.1510	4	7	0	-1	1	0.1684	0.6885
51	313	2	479.6844	5	8	0	-1	0	0.1684	-1.0000
51	314	2	481.2178	4	7	0	-1	0	0.1684	-1.0000
51	315	2	482.7510	3	4	0	-1	1	0.1771	0.0409
51	316	2	484.2844	4	7	0	-1	0	0.1771	-1.0000
51	317	2	485.8176	5	8	0	-1	0	0.1771	-1.0000
51	318	2	487.3511	6	5	0	-1	1	0.1753	0.4649
51	319	2	488.8844	7	11	0	-1	0	0.1753	-1.0000
51	320	2	490.4177	8	12	0	-1	0	0.1753	-1.0000
51	321	2	491.9510	9	2	0	-1	1	0.1837	0.0170
51	322	2	493.4844	10	6	0	-1	1	0.1818	1.0035
51	323	2	495.0178	11	14	0	-1	0	0.1818	-1.0000
51	324	2	496.5510	12	15	0	-1	0	0.1818	-1.0000
51	325	2	498.0846	13	10	0	-1	0	0.1818	-1.0000
51	326	2	499.6178	14	3	0	-1	0	0.1818	-1.0000
51	327	2	501.1511	15	9	0	-1	0	0.1818	-1.0000
51	328	2	502.6846	1	13	0	-1	0	0.1818	-1.0000
51	329	2	504.2177	2	1	0	-1	1	0.1800	0.0171
51	330	2	505.7511	3	4	0	-1	0	0.1800	-1.0000
51	331	2	507.2844	4	7	0	-1	0	0.1800	-1.0000
51	332	2	508.8177	7	11	0	-1	1	0.1782	1.3658
51	333	2	510.3511	5	8	0	-1	0	0.1782	-1.0000
51	334	2	511.8844	6	5	0	-1	0	0.1782	-1.0000
51	335	2	513.4177	7	11	0	-1	0	0.1782	-1.0000
51	336	2	514.9512	5	8	0	-1	1	0.1765	1.0724
51	337	2	516.4843	8	12	0	-1	0	0.1765	-1.0000
51	338	2	518.0177	9	2	0	-1	0	0.1765	-1.0000
51	339	2	519.5511	11	14	0	-1	1	0.1748	1.1128
51	340	2	521.0844	10	6	0	-1	0	0.1748	-1.0000
51	341	2	522.6178	11	14	0	-1	0	0.1748	-1.0000
51	342	2	524.1512	13	10	0	-1	1	0.1731	0.7040
51	343	2	525.6845	10	6	0	-1	0	0.1731	-1.0000
51	344	2	527.2178	11	14	0	-1	0	0.1731	-1.0000
51	345	2	528.7511	12	15	0	-1	1	0.1714	0.5680
51	346	2	530.2847	13	10	0	-1	0	0.1714	-1.0000
51	347	2	531.8179	14	3	0	-1	1	0.1792	1.4063
51	348	2	533.3510	15	9	0	-1	0	0.1792	-1.0000
51	349	2	534.8845	1	13	0	-1	0	0.1792	-1.0000
51	350	2	536.4178	2	1	0	-1	1	0.1776	0.7260
51	351	2	537.9512	3	4	0	-1	0	0.1776	-1.0000
51	352	2	539.4845	4	7	0	-1	1	0.1852	1.4834
51	353	2	541.0178	5	8	0	-1	1	0.1835	0.0168
51	354	2	542.5512	6	5	0	-1	1	0.1818	0.8167
51	355	2	544.0844	7	11	0	-1	0	0.1818	-1.0000
51	356	2	545.6179	8	12	0	-1	1	0.1802	1.4135
51	357	2	547.1511	9	2	0	-1	0	0.1802	-1.0000
51	358	2	548.6844	10	6	0	-1	0	0.1802	-1.0000
51	359	2	550.2179	11	14	0	-1	0	0.1802	-1.0000
51	360	2	551.7512	12	15	0	-1	0	0.1802	-1.0000
51	361	2	553.2844	10	6	0	-1	0	0.1802	-1.0000
51	362	2	554.8179	13	10	0	-1	1	0.1786	0.7267
51	363	2	556.3512	14	3	0	-1	0	0.1786	-1.0000
51	364	2	557.8845	2	1	0	-1	0	0.1786	-1.0000
51	365	2	559.4179	1	13	0	-1	0	0.1786	-1.0000
51	366	2	560.9514	3	4	0	-1	0	0.1786	-1.0000
51	367	2	562.4845	2	1	0	-1	0	0.1786	-1.0000
51	368	2	564.0178	1	13	0	-1	0	0.1786	-1.0000
51	369	2	565.5512	3	4	0	-1	0	0.1786	-1.0000
51	370	2	567.0846	1	13	0	-1	0	0.1786	-1.0000
51	371	2	568.6179	2	1	0	-1	0	0.1786	-1.0000
51	372	2	570.1514	3	4	0	-1	0	0.1786	-1.0000
51	373	2	571.6846	15	9	0	-1	1	0.1770	0.8355
51	374	2	573.2179	3	4	0	-1	0	0.1770	-1.0000
51	375	2	574.7513	4	7	0	-1	0	0.1770	-1.0000
51	376	2	576.2845	5	8	0	-1	0	0.1770	-1.0000
51	377	2	577.8181	6	5	0	-1	0	0.1770	-1.0000
51	378	2	579.3513	7	11	0	-1	0	0.1770	-1.0000
51	379	2	580.8846	8	12	0	-1	0	0.1770	-1.0000
51	380	2	582.4179	9	2	0	-1	0	0.1770	-1.0000
51	381	2	583.9512	10	6	0	-1	0	0.1770	-1.0000
51	382	2	585.4846	11	14	0	-1	0	0.1770	-1.0000
51	383	2	587.0180	12	15	0	-1	1	0.1754	0.9418
51	384	2	588.5513	13	10	0	-1	0	0.1754	-1.0000
51	385	2	590.0846	14	3	0	-1	0	0.1754	-1.0000
51	386	2	591.6179	15	9	0	-1	0	0.1754	-1.0000
51	387	2	593.1513	1	13	0	-1	0	0.1754	-1.0000
51	388	2	594.6846	2	1	0	-1	1	0.1739	0.5871
51	389	2	596.2180	3	4	0	-1	0	0.1739	-1.0000
51	390	2	597.7514	4	7	0	-1	0	0.1739	-1.0000
51	391	2	599.5680	5	8	0	-1	1	0.1724	0.3754
51	392	2	601.1013	4	7	0	-1	0	0.1724	-1.0000
51	393	2	602.6347	6	5	0	-1	0	0.1724	-1.0000
51	394	2	604.1681	8	12	0	-1	0	0.1724	-1.0000
51	395	2	605.7013	6	5	0	-1	0	0.1724	-1.0000
51	396	2	607.2348	5	8	0	-1	1	0.1709	0.1494
51	397	2	608.7681	7	11	0	-1	0	0.1709	-1.0000
51	398	2	610.3012	8	12	0	-1	0	0.1709	-1.0000
51	399	2	611.8347	6	5	0	-1	0	0.1709	-1.0000
51	400	2	613.3679	4	7	0	-1	0	0.1709	-1.0000
51	401	2	614.9014	5	8	0	-1	1	0.1695	0.6102
51	402	2	616.4346	4	7	0	-1	0	0.1695	-1.0000
51	403	2	617.9680	5	8	0	-1	0	0.1695	-1.0000
51	404	2	619.5013	4	7	0	-1	0	0.1695	-1.0000
51	405	2	621.0349	7	11	0	-1	0	0.1695	-1.0000
51	406	2	622.5680	8	12	0	-1	0	0.1695	-1.0000
51	407	2	624.1014	9	2	0	-1	0	0.1695	-1.0000
51	408	2	625.6347	10	6	0	-1	1	0.1681	0.7415
51	409	2	627.1680	11	14	0	-1	0	0.1681	-1.0000
51	410	2	628.7014	12	15	0	-1	0	0.1681	-1.0000
51	411	2	630.2346	13	10	0	-1	0	0.1681	-1.0000
51	412	2	631.7680	14	3	0	-1	0	0.1681	-1.0000
51	413	2	633.3013	15	9	0	-1	0	0.1681	-1.0000
51	414	2	634.8348	1	13	0	-1	0	0.1681	-1.0000
51	415	2	636.3680	2	1	0	-1	0	0.1681	-1.0000
51	416	2	637.9014	3	4	0	-1	1	0.1667	0.7144
51	417	2	639.4347	4	7	0	-1	0	0.1667	-1.0000
51	418	2	640.9680	5	8	0	-1	0	0.1667	-1.0000
51	419	2	642.5014	6	5	0	-1	0	0.1667	-1.0000
51	420	2	644.0347	7	11	0	-1	1	0.1653	0.4209
51	421	2	645.5681	8	12	0	-1	0	0.1653	-1.0000
51	422	2	647.1015	6	5	0	-1	1	0.1639	1.4343
51	423	2	648.6347	8	12	0	-1	1	0.1626	0.0168
51	424	2	650.1680	5	8	0	-1	0	0.1626	-1.0000
51	425	2	651.7013	4	7	0	-1	0	0.1626	-1.0000
51	426	2	653.2347	6	5	0	-1	1	0.1613	0.9966
51	427	2	654.7681	5	8	0	-1	0	0.1613	-1.0000
51	428	2	656.3015	6	5	0	-1	0	0.1613	-1.0000
51	429	2	657.8348	4	7	0	-1	0	0.1613	-1.0000
51	430	2	659.3681	7	11	0	-1	1	0.1600	1.0073
51	431	2	660.9014	5	8	0	-1	0	0.1600	-1.0000
51	432	2	662.4347	7	11	0	-1	0	0.1600	-1.0000
51	433	2	663.9681	8	12	0	-1	0	0.1600	-1.0000
51	434	2	665.5015	9	2	0	-1	0	0.1600	-1.0000
51	435	2	667.0349	12	15	0	-1	0	0.1600	-1.0000
51	436	2	668.5682	11	14	0	-1	1	0.1587	0.5111
51	437	2	670.1015	10	6	0	-1	0	0.1587	-1.0000
51	438	2	671.6349	9	2	0	-1	0	0.1587	-1.0000
51	439	2	673.1682	8	12	0	-1	0	0.1587	-1.0000
51	440	2	674.7014	7	11	0	-1	1	0.1575	0.7943
51	441	2	676.2347	6	5	0	-1	0	0.1575	-1.0000
51	442	2	677.7682	5	8	0	-1	1	0.1563	1.2800
51	443	2	679.3014	4	7	0	-1	0	0.1563	-1.0000
51	444	2	680.8350	3	4	0	-1	0	0.1563	-1.0000
51	445	2	682.3682	2	1	0	-1	0	0.1563	-1.0000
51	446	2	683.9016	1	13	0	-1	0	0.1563	-1.0000
51	447	2	685.4348	15	9	0	-1	1	0.1550	0.3013
51	448	2	686.9683	14	3	0	-1	0	0.1550	-1.0000
51	449	2	688.5017	13	10	0	-1	0	0.1550	-1.0000
51	450	2	690.0349	12	15	0	-1	0	0.1550	-1.0000
51	451	2	691.5682	10	6	0	-1	0	0.1550	-1.0000
51	452	2	693.1016	12	15	0	-1	0	0.1550	-1.0000
51	453	2	694.6349	13	10	0	-1	0	0.1550	-1.0000
51	454	2	696.1682	11	14	0	-1	0	0.1550	-1.0000
51	455	2	697.7017	12	15	0	-1	1	0.1538	0.4016
51	456	2	699.2349	13	10	0	-1	0	0.1538	-1.0000
51	457	2	700.7681	10	6	0	-1	0	0.1538	-1.0000
51	458	2	702.3015	9	2	0	-1	0	0.1538	-1.0000
51	459	2	703.8349	8	12	0	-1	1	0.1603	0.6530
51	460	2	705.3683	9	2	0	-1	0	0.1603	-1.0000
51	461	2	706.9015	10	6	0	-1	0	0.1603	-1.0000
51	462	2	708.4349	13	10	0	-1	0	0.1603	-1.0000
51	463	2	709.9682	14	3	0	-1	0	0.1603	-1.0000
51	464	2	711.7850	15	9	0	-1	0	0.1603	-1.0000
51	465	2	713.3182	14	3	0	-1	1	0.1591	0.3859
51	466	2	714.8516	15	9	0	-1	0	0.1591	-1.0000
51	467	2	716.3848	1	13	0	-1	0	0.1591	-1.0000
51	468	2	717.9182	2	1	0	-1	0	0.1591	-1.0000
51	469	2	719.4518	3	4	0	-1	0	0.1591	-1.0000
51	470	2	720.9850	4	7	0	-1	1	0.1654	1.4872
51	471	2	722.5183	5	8	0	-1	1	0.1642	0.0168
51	472	2	724.0515	6	5	0	-1	0	0.1642	-1.0000
51	473	2	725.5849	7	11	0	-1	0	0.1642	-1.0000
51	474	2	727.1184	8	12	0	-1	1	0.1630	0.8099
51	475	2	728.6516	9	2	0	-1	0	0.1630	-1.0000
51	476	2	730.1850	10	6	0	-1	0	0.1630	-1.0000
51	477	2	731.7182	11	14	0	-1	1	0.1618	0.9457
51	478	2	733.2516	12	15	0	-1	0	0.1618	-1.0000
51	479	2	734.7852	13	10	0	-1	0	0.1618	-1.0000
51	480	2	736.3184	14	3	0	-1	1	0.1679	0.8095
51	481	2	737.8516	1	13	0	-1	0	0.1679	-1.0000
51	482	2	739.3850	3	4	0	-1	0	0.1679	-1.0000
51	483	2	740.9183	2	1	0	-1	1	0.1667	0.8816
51	484	2	742.4517	14	3	0	-1	0	0.1667	-1.0000
51	485	2	743.9850	1	13	0	-1	0	0.1667	-1.0000
51	486	2	745.5183	3	4	0	-1	1	0.1655	0.6340
51	487	2	747.0516	4	7	0	-1	0	0.1655	-1.0000
51	488	2	748.5852	7	11	0	-1	0	0.1655	-1.0000
51	489	2	750.1183	8	12	0	-1	1	0.1643	0.5781
51	490	2	751.6517	7	11	0	-1	0	0.1643	-1.0000
51	491	2	753.1850	8	12	0	-1	0	0.1643	-1.0000
51	492	2	754.7183	9	2	0	-1	1	0.1702	0.4899
51	493	2	756.2516	11	14	0	-1	0	0.1702	-1.0000
51	494	2	757.7852	12	15	0	-1	0	0.1702	-1.0000
51	495	2	759.3184	13	10	0	-1	1	0.1690	0.0820
51	496	2	760.8517	12	15	0	-1	1	0.1678	1.4607
51	497	2	762.3851	11	14	0	-1	1	0.1667	0.0168
51	498	2	763.9184	10	6	0	-1	0	0.1667	-1.0000
51	499	2	765.4517	9	2	0	-1	0	0.1667	-1.0000
51	500	2	766.9852	8	12	0	-1	0	0.1667	-1.0000
51	501	2	768.5184	7	11	0	-1	0	0.1667	-1.0000
51	502	2	770.0519	6	5	0	-1	1	0.1655	0.0999
51	503	2	771.5851	5	8	0	-1	0	0.1655	-1.0000
51	504	2	773.1184	4	7	0	-1	0	0.1655	-1.0000
51	505	2	774.6517	3	4	0	-1	0	0.1655	-1.0000
51	506	2	776.1850	2	1	0	-1	0	0.1655	-1.0000
51	507	2	777.7185	1	13	0	-1	0	0.1655	-1.0000
51	508	2	779.2517	15	9	0	-1	0	0.1655	-1.0000
51	509	2	780.7853	14	3	0	-1	1	0.1644	0.1346
51	510	2	782.3185	13	10	0	-1	0	0.1644	-1.0000
51	511	2	783.8519	14	3	0	-1	0	0.1644	-1.0000
51	512	2	785.3850	1	13	0	-1	1	0.1633	0.9425
51	513	2	786.9185	2	1	0	-1	0	0.1633	-1.0000
51	514	2	788.4517	1	13	0	-1	0	0.1633	-1.0000
51	515	2	789.9850	3	4	0	-1	0	0.1633	-1.0000
51	516	2	791.5183	2	1	0	-1	0	0.1633	-1.0000
51	517	2	793.0518	14	3	0	-1	0	0.1633	-1.0000
51	518	2	794.5851	13	10	0	-1	1	0.1689	1.0229
51	519	2	796.1184	14	3	0	-1	0	0.1689	-1.0000
51	520	2	797.6518	15	9	0	-1	1	0.1678	1.2997
51	521	2	799.1852	14	3	0	-1	0	0.1678	-1.0000
51	522	2	800.7185	1	13	0	-1	0	0.1678	-1.0000
51	523	2	802.2518	3	4	0	-1	0	0.1678	-1.0000
51	524	2	803.7851	2	1	0	-1	0	0.1678	-1.0000
51	525	2	805.3185	15	9	0	-1	0	0.1678	-1.0000
51	526	2	806.8520	1	13	0	-1	0	0.1678	-1.0000
51	527	2	808.3851	2	1	0	-1	1	0.1667	0.7273
51	528	2	809.9185	3	4	0	-1	0	0.1667	-1.0000
51	529	2	811.4520	4	7	0	-1	1	0.1722	1.3563
51	530	2	812.9852	5	8	0	-1	0	0.1722	-1.0000
51	531	2	814.5185	6	5	0	-1	0	0.1722	-1.0000
51	532	2	816.0520	7	11	0	-1	0	0.1722	-1.0000
51	533	2	817.5851	8	12	0	-1	0	0.1722	-1.0000
51	534	2	819.1185	9	2	0	-1	0	0.1722	-1.0000
51	535	2	820.6518	10	6	0	-1	0	0.1722	-1.0000
51	536	2	822.1854	11	14	0	-1	0	0.1722	-1.0000
51	537	2	823.7185	12	15	0	-1	0	0.1722	-1.0000
51	538	2	825.2518	13	10	0	-1	0	0.1722	-1.0000
51	539	2	826.7852	14	3	0	-1	0	0.1722	-1.0000
51	540	2	828.3184	15	9	0	-1	1	0.1711	0.6176
51	541	2	829.8521	3	4	0	-1	0	0.1711	-1.0000
51	542	2	831.3854	1	13	0	-1	0	0.1711	-1.0000
51	543	2	832.9187	15	9	0	-1	0	0.1711	-1.0000
51	544	2	834.4519	1	13	0	-1	0	0.1711	-1.0000
51	545	2	835.9854	14	3	0	-1	0	0.1711	-1.0000
51	546	2	837.5185	2	1	0	-1	1	0.1699	0.3296
51	547	2	839.0518	15	9	0	-1	0	0.1699	-1.0000
51	548	2	840.5852	14	3	0	-1	0	0.1699	-1.0000
51	549	2	842.1186	13	10	0	-1	1	0.1753	0.7054
51	550	2	843.6518	11	14	0	-1	0	0.1753	-1.0000
51	551	2	845.1854	12	15	0	-1	0	0.1753	-1.0000
51	552	2	846.7186	11	14	0	-1	1	0.1742	0.1698
51	553	2	848.2520	10	6	0	-1	0	0.1742	-1.0000
51	554	2	849.7852	12	15	0	-1	0	0.1742	-1.0000
51	555	2	851.3185	11	14	0	-1	1	0.1731	0.4014
51	556	2	852.8520	12	15	0	-1	0	0.1731	-1.0000
51	557	2	854.3853	13	10	0	-1	0	0.1731	-1.0000
51	558	2	855.9186	14	3	0	-1	0	0.1731	-1.0000
51	559	2	857.4519	15	9	0	-1	1	0.1720	0.7001
51	560	2	858.9853	1	13	0	-1	0	0.1720	-1.0000
51	561	2	860.5186	2	1	0	-1	0	0.1720	-1.0000
51	562	2	862.0520	3	4	0	-1	0	0.1720	-1.0000
51	563	2	863.5855	4	7	0	-1	1	0.1772	0.5984
51	564	2	865.1187	5	8	0	-1	0	0.1772	-1.0000
51	565	2	866.6519	6	5	0	-1	1	0.1761	1.2285
51	566	2	868.1853	7	11	0	-1	0	0.1761	-1.0000
51	567	2	869.7186	8	12	0	-1	0	0.1761	-1.0000
51	568	2	871.2519	9	2	0	-1	0	0.1761	-1.0000
51	569	2	872.7853	10	6	0	-1	0	0.1761	-1.0000
51	570	2	874.3185	11	14	0	-1	0	0.1761	-1.0000
51	571	2	875.8522	10	6	0	-1	0	0.1761	-1.0000
51	572	2	877.3852	12	15	0	-1	0	0.1761	-1.0000
51	573	2	878.9187	10	6	0	-1	0	0.1761	-1.0000
51	574	2	880.4519	11	14	0	-1	0	0.1761	-1.0000
51	575	2	881.9852	13	10	0	-1	1	0.1750	0.4544
51	576	2	883.5186	14	3	0	-1	0	0.1750	-1.0000
51	577	2	885.0520	15	9	0	-1	0	0.1750	-1.0000
51	578	2	886.5854	1	13	0	-1	1	0.1739	1.1830
51	579	2	888.1187	3	4	0	-1	0	0.1739	-1.0000
51	580	2	889.6520	15	9	0	-1	0	0.1739	-1.0000
51	581	2	891.1854	1	13	0	-1	1	0.1728	0.9502
51	582	2	892.7187	14	3	0	-1	0	0.1728	-1.0000
51	583	2	894.2520	1	13	0	-1	0	0.1728	-1.0000
51	584	2	895.7855	14	3	0	-1	0	0.1728	-1.0000
51	585	2	897.3187	13	10	0	-1	0	0.1728	-1.0000
51	586	2	898.8521	14	3	0	-1	0	0.1728	-1.0000
51	587	2	900.3853	15	9	0	-1	1	0.1718	0.7107
51	588	2	901.9187	1	13	0	-1	0	0.1718	-1.0000
51	589	2	903.4519	2	1	0	-1	0	0.1718	-1.0000
51	590	2	904.9853	3	4	0	-1	0	0.1718	-1.0000
51	591	2	906.5188	4	7	0	-1	0	0.1718	-1.0000
51	592	2	908.0520	5	8	0	-1	1	0.1707	0.7561
51	593	2	909.5854	6	5	0	-1	0	0.1707	-1.0000
51	594	2	911.1188	7	11	0	-1	0	0.1707	-1.0000
51	595	2	912.6522	8	12	0	-1	0	0.1707	-1.0000
51	596	2	914.1854	9	2	0	-1	0	0.1707	-1.0000
51	597	2	915.7187	10	6	0	-1	0	0.1707	-1.0000
51	598	2	917.2521	11	14	0	-1	1	0.1697	0.1479
51	599	2	918.7854	12	15	0	-1	0	0.1697	-1.0000
51	600	2	920.3188	13	10	0	-1	1	0.1687	0.0169
Actual parsing ratio
0.1687
Possible node parses
95.0000
 Node parses selected
0.2947
Possible other parses
505.0000
Other parses selected
0.2733
Chance parsing ratio
0.1583
Shock trials
187
391
464