*********************************************
* Date/Time: 25-Feb-2020 14:20:26
* Seed: 210197
* Subject Number: 056
15	11	6	14	4	5	9	12	2	10	13	3	1	7	8	
*********************************************

Shape exposure time (seconds)
295.4682
subject	trial	phase	onset	node	shape	rotate	acc	resp	total	rt
56	1	1	1.0167	11	13	0	-1	0	0.0000	-1.0000
56	2	1	2.7831	13	1	0	-1	0	0.0000	-1.0000
56	3	1	4.5164	10	10	90	0	1	0.0000	0.0623
56	4	1	6.0664	13	1	90	1	1	0.2500	1.0084
56	5	1	7.7165	11	13	0	1	1	0.4000	1.3263
56	6	1	9.2831	12	3	90	0	1	0.3333	1.0399
56	7	1	10.8332	10	10	0	0	1	0.2857	1.4253
56	8	1	12.5498	13	1	0	1	1	0.3750	1.1006
56	9	1	14.0997	10	10	0	1	1	0.4444	0.9267
56	10	1	15.6498	13	1	0	1	1	0.5000	1.1690
56	11	1	17.1998	10	10	0	1	1	0.5455	0.8829
56	12	1	18.7498	13	1	0	1	1	0.5833	0.6773
56	13	1	20.2998	10	10	0	1	1	0.6154	0.7111
56	14	1	21.8498	12	3	90	1	1	0.6429	1.1287
56	15	1	23.3998	9	2	0	0	1	0.6000	1.3707
56	16	1	25.0165	12	3	0	0	1	0.5625	1.4985
56	17	1	26.7332	11	13	0	1	1	0.5882	1.2693
56	18	1	28.2831	12	3	90	0	1	0.5556	1.1279
56	19	1	29.8332	11	13	0	0	1	0.5263	1.3053
56	20	1	31.3832	12	3	0	1	1	0.5500	1.1635
56	21	1	32.9332	9	2	0	1	1	0.5714	1.1335
56	22	1	34.4831	10	10	90	0	1	0.5455	1.0874
56	23	1	36.0332	11	13	0	1	1	0.5652	1.1056
56	24	1	37.5832	13	1	0	1	1	0.5833	1.3157
56	25	1	39.1331	10	10	90	1	1	0.6000	1.0299
56	26	1	40.6831	9	2	0	1	1	0.6154	1.1276
56	27	1	42.2332	12	3	90	0	1	0.5926	0.9377
56	28	1	43.7831	13	1	0	1	1	0.6071	1.2761
56	29	1	45.3332	12	3	0	0	1	0.5862	0.9257
56	30	1	46.8832	11	13	90	1	1	0.6000	1.3920
56	31	1	48.5165	9	2	0	0	1	0.5806	1.1984
56	32	1	50.0665	12	3	0	1	1	0.5938	1.2805
56	33	1	51.6165	11	13	0	1	1	0.6061	1.1863
56	34	1	53.1665	9	2	0	1	1	0.6176	1.4767
56	35	1	54.8332	8	12	0	0	1	0.6000	1.4259
56	36	1	56.4999	6	5	0	1	1	0.6111	1.3106
56	37	1	58.0499	4	14	0	1	1	0.6216	1.0251
56	38	1	59.5999	7	9	0	1	1	0.6316	1.1874
56	39	1	61.1499	5	4	0	1	1	0.6410	1.0612
56	40	1	62.6999	7	9	0	1	1	0.6500	1.0789
56	41	1	64.2499	4	14	0	1	1	0.6585	0.8569
56	42	1	65.7999	7	9	0	1	1	0.6667	0.7627
56	43	1	67.3499	5	4	90	1	1	0.6744	1.1166
56	44	1	68.8999	4	14	0	1	1	0.6818	0.8306
56	45	1	70.4499	6	5	0	1	1	0.6889	1.0892
56	46	1	71.9999	7	9	0	1	1	0.6957	0.9472
56	47	1	73.5499	4	14	0	1	1	0.7021	0.7734
56	48	1	75.0999	6	5	0	1	1	0.7083	1.0151
56	49	1	76.6499	5	4	0	1	1	0.7143	0.9211
56	50	1	78.1999	4	14	90	1	1	0.7200	0.8910
56	51	1	79.7499	7	9	0	1	1	0.7255	0.8606
56	52	1	81.3000	5	4	0	1	1	0.7308	1.1190
56	53	1	82.8499	4	14	0	1	1	0.7358	0.8650
56	54	1	84.3999	5	4	0	1	1	0.7407	0.7226
56	55	1	85.9499	7	9	0	1	1	0.7455	0.7571
56	56	1	87.4999	4	14	0	1	1	0.7500	0.8870
56	57	1	89.0500	7	9	0	1	1	0.7544	0.8408
56	58	1	90.6000	8	12	0	0	1	0.7414	1.1790
56	59	1	92.1501	6	5	0	-1	0	0.7288	-1.0000
56	60	1	94.0166	4	14	0	-1	0	0.7167	-1.0000
56	61	1	95.7333	3	6	0	0	1	0.7049	1.0698
56	62	1	97.2833	4	14	90	0	1	0.6935	0.9277
56	63	1	98.8334	3	6	0	0	1	0.6825	1.2976
56	64	1	100.3833	15	8	0	1	1	0.6875	1.4917
56	65	1	102.1000	1	15	0	1	1	0.6923	1.1025
56	66	1	103.6500	14	7	0	0	1	0.6818	0.9930
56	67	1	105.2000	2	11	0	1	1	0.6866	1.2350
56	68	1	106.7500	15	8	0	1	1	0.6912	0.9169
56	69	1	108.3000	3	6	0	1	1	0.6957	0.9186
56	70	1	109.8500	1	15	0	1	1	0.7000	1.2093
56	71	1	111.4000	3	6	0	1	1	0.7042	1.0830
56	72	1	112.9500	2	11	90	0	1	0.6944	0.9730
56	73	1	114.5001	1	15	90	1	1	0.6986	1.4225
56	74	1	116.2000	2	11	90	0	1	0.6892	1.1953
56	75	1	117.7500	15	8	0	1	1	0.6933	1.2451
56	76	1	119.3001	2	11	0	0	1	0.6842	1.0710
56	77	1	120.8500	1	15	0	0	1	0.6753	1.3129
56	78	1	122.4001	15	8	0	1	1	0.6795	0.8825
56	79	1	123.9500	2	11	0	1	1	0.6835	1.1249
56	80	1	125.5001	15	8	0	1	1	0.6875	0.6631
56	81	1	127.0500	14	7	0	1	1	0.6914	1.1768
56	82	1	128.6000	1	15	0	1	1	0.6951	1.0669
56	83	1	130.1500	2	11	0	1	1	0.6988	0.7972
56	84	1	131.7001	3	6	0	1	1	0.7024	0.6871
56	85	1	133.2500	2	11	90	0	1	0.6941	0.8165
56	86	1	134.8000	15	8	0	1	1	0.6977	0.9306
56	87	1	136.3501	2	11	0	1	1	0.7011	1.0770
56	88	1	137.9001	15	8	0	1	1	0.7045	0.8871
56	89	1	139.4500	1	15	0	1	1	0.7079	0.7610
56	90	1	141.0001	3	6	0	1	1	0.7111	0.7630
56	91	1	142.5501	1	15	0	1	1	0.7143	0.8768
56	92	1	144.1001	3	6	90	0	1	0.7065	1.0386
56	93	1	145.6501	1	15	0	1	1	0.7097	1.2328
56	94	1	147.2001	2	11	0	1	1	0.7128	1.1386
56	95	1	148.7501	3	6	90	0	1	0.7053	1.1086
56	96	1	150.3001	4	14	0	1	1	0.7083	1.3830
56	97	1	151.9167	6	5	0	1	1	0.7113	1.1901
56	98	1	153.4668	7	9	90	1	1	0.7143	1.1760
56	99	1	155.0168	6	5	0	1	1	0.7172	1.4185
56	100	1	156.6668	5	4	0	1	1	0.7200	1.0318
56	101	1	158.2168	7	9	90	1	1	0.7228	1.0024
56	102	1	159.7668	6	5	0	1	1	0.7255	0.9722
56	103	1	161.3168	8	12	0	1	1	0.7282	1.2138
56	104	1	162.8668	6	5	90	0	1	0.7212	0.9605
56	105	1	164.4168	7	9	0	1	1	0.7238	1.1702
56	106	1	165.9668	8	12	0	1	1	0.7264	1.1878
56	107	1	167.5168	5	4	90	1	1	0.7290	1.0785
56	108	1	169.0668	7	9	0	1	1	0.7315	0.9364
56	109	1	170.6168	4	14	90	1	1	0.7339	1.1138
56	110	1	172.1668	7	9	0	1	1	0.7364	0.9081
56	111	1	173.7168	6	5	0	0	1	0.7297	1.0386
56	112	1	175.2668	8	12	0	1	1	0.7321	1.2802
56	113	1	176.8168	9	2	90	1	1	0.7345	1.3618
56	114	1	178.3835	8	12	0	1	1	0.7368	1.0596
56	115	1	179.9335	7	9	0	1	1	0.7391	0.7735
56	116	1	181.4835	8	12	90	1	1	0.7414	1.0794
56	117	1	183.0335	7	9	0	1	1	0.7436	0.8258
56	118	1	184.5835	8	12	0	1	1	0.7458	0.6352
56	119	1	186.1335	5	4	0	1	1	0.7479	0.8456
56	120	1	187.6836	6	5	0	1	1	0.7500	1.1032
56	121	1	189.2335	8	12	0	1	1	0.7521	0.9136
56	122	1	190.7835	9	2	0	1	1	0.7541	1.0435
56	123	1	192.3335	10	10	0	1	1	0.7561	1.1734
56	124	1	193.8835	11	13	0	1	1	0.7581	1.4312
56	125	1	195.5502	13	1	90	1	1	0.7600	1.2047
56	126	1	197.1002	12	3	90	0	1	0.7540	1.0789
56	127	1	198.6502	11	13	0	1	1	0.7559	1.2885
56	128	1	200.2002	12	3	0	0	1	0.7500	1.0349
56	129	1	201.7503	11	13	0	1	1	0.7519	0.8927
56	130	1	203.3002	13	1	0	1	1	0.7538	0.8790
56	131	1	204.8502	12	3	0	1	1	0.7557	0.8488
56	132	1	206.4002	10	10	0	1	1	0.7576	0.7701
56	133	1	207.9503	9	2	90	0	1	0.7519	1.1564
56	134	1	209.5003	11	13	0	1	1	0.7537	1.1905
56	135	1	211.0502	10	10	0	0	1	0.7481	1.1127
56	136	1	212.6002	13	1	0	1	1	0.7500	0.9865
56	137	1	214.1503	11	13	0	1	1	0.7518	1.1008
56	138	1	215.7003	13	1	0	1	1	0.7536	0.8464
56	139	1	217.2503	11	13	0	1	1	0.7554	0.6564
56	140	1	218.8002	9	2	90	0	1	0.7500	1.2190
56	141	1	220.3503	11	13	0	1	1	0.7518	1.1251
56	142	1	221.9003	13	1	90	1	1	0.7535	1.2548
56	143	1	223.4503	12	3	0	1	1	0.7552	1.0647
56	144	1	225.0002	9	2	0	1	1	0.7569	1.0511
56	145	1	226.5503	8	12	0	1	1	0.7586	0.8609
56	146	1	228.1003	6	5	0	1	1	0.7603	1.2145
56	147	1	229.6503	5	4	0	1	1	0.7619	0.8965
56	148	1	231.2004	7	9	0	1	1	0.7635	0.8668
56	149	1	232.7503	8	12	0	1	1	0.7651	0.8528
56	150	1	234.3003	7	9	0	1	1	0.7667	0.8385
56	151	1	235.8503	4	14	0	1	1	0.7682	1.0490
56	152	1	237.4003	6	5	0	1	1	0.7697	0.9227
56	153	1	238.9503	8	12	0	1	1	0.7712	0.7963
56	154	1	240.5003	5	4	0	1	1	0.7727	0.7669
56	155	1	242.0503	7	9	0	1	1	0.7742	0.7049
56	156	1	243.6003	8	12	0	1	1	0.7756	0.8348
56	157	1	245.1503	6	5	0	1	1	0.7771	1.0764
56	158	1	246.7003	4	14	0	1	1	0.7785	0.9663
56	159	1	248.2504	5	4	0	1	1	0.7799	0.8248
56	160	1	249.8003	7	9	0	1	1	0.7813	0.7790
56	161	1	251.3504	4	14	90	1	1	0.7826	1.0205
56	162	1	252.9004	5	4	0	1	1	0.7840	0.7992
56	163	1	254.4504	6	5	0	1	1	0.7853	0.9284
56	164	1	256.0003	4	14	0	1	1	0.7866	0.7383
56	165	1	257.5504	6	5	0	1	1	0.7879	0.7887
56	166	1	259.1004	7	9	0	1	1	0.7892	0.6784
56	167	1	260.6504	5	4	0	1	1	0.7904	0.6963
56	168	1	262.2004	4	14	90	1	1	0.7917	1.1623
56	169	1	263.7504	5	4	0	1	1	0.7929	0.6850
56	170	1	265.3004	7	9	0	1	1	0.7941	0.5432
56	171	1	266.8504	5	4	0	1	1	0.7953	0.6727
56	172	1	268.4004	4	14	90	1	1	0.7965	0.9626
56	173	1	269.9505	5	4	0	1	1	0.7977	0.6925
56	174	1	271.5004	7	9	90	1	1	0.7989	0.9984
56	175	1	273.0504	4	14	90	1	1	0.8000	1.1931
56	176	1	274.6004	3	6	0	1	1	0.8011	1.2265
56	177	1	276.1504	2	11	90	0	1	0.7966	1.3410
56	178	1	277.7171	1	15	0	-1	0	0.7921	-1.0000
56	179	1	279.4505	2	11	0	1	1	0.7933	1.1603
56	180	1	281.0004	3	6	0	1	1	0.7944	1.1304
56	181	1	282.5504	1	15	0	1	1	0.7956	1.0363
56	182	1	284.1005	14	7	90	1	1	0.7967	1.1503
56	183	1	285.6504	2	11	0	1	1	0.7978	1.0086
56	184	1	287.2004	1	15	0	1	1	0.7989	1.1543
56	185	1	288.7504	15	8	0	1	1	0.8000	0.8688
56	186	1	290.3005	3	6	0	1	1	0.8011	0.9983
56	187	1	291.8504	15	8	0	1	1	0.8021	0.7283
56	188	1	293.4005	1	15	0	1	1	0.8032	1.0826
56	189	1	294.9505	3	6	0	-1	0	0.7989	-1.0000
56	190	1	296.7338	15	8	0	1	1	0.8000	1.2536
56	191	1	298.2838	1	15	0	1	1	0.8010	0.8230
56	192	1	299.8338	15	8	0	1	1	0.8021	0.7456
56	193	1	301.3838	3	6	0	1	1	0.8031	1.0351
56	194	1	302.9338	2	11	0	1	1	0.8041	1.0530
56	195	1	304.4838	15	8	0	1	1	0.8051	0.8153
56	196	1	306.0338	3	6	0	1	1	0.8061	0.7693
56	197	1	307.5838	1	15	0	1	1	0.8071	0.8195
56	198	1	309.1338	15	8	90	1	1	0.8081	0.9014
56	199	1	310.6838	3	6	0	1	1	0.8090	0.7270
56	200	1	312.2338	1	15	0	1	1	0.8100	0.7773
56	201	1	313.7838	15	8	0	1	1	0.8109	0.6356
56	202	1	315.3339	3	6	0	1	1	0.8119	0.8129
56	203	1	316.8839	15	8	0	1	1	0.8128	0.7993
56	204	1	318.4338	14	7	0	-1	0	0.8088	-1.0000
56	205	1	320.2339	13	1	90	0	1	0.8049	1.3210
56	206	1	321.8006	11	13	0	1	1	0.8058	1.2903
56	207	1	323.3505	10	10	0	1	1	0.8068	0.9243
56	208	1	324.9006	13	1	0	1	1	0.8077	0.7825
56	209	1	326.4505	11	13	0	1	1	0.8086	1.0563
56	210	1	328.0005	10	10	0	1	1	0.8095	0.7707
56	211	1	329.5505	12	3	0	1	1	0.8104	0.9162
56	212	1	331.1006	9	2	0	1	1	0.8113	0.8709
56	213	1	332.6505	8	12	0	1	1	0.8122	0.8883
56	214	1	334.2005	7	9	0	1	1	0.8131	0.8747
56	215	1	335.7506	5	4	0	1	1	0.8140	0.8924
56	216	1	337.3005	6	5	0	1	1	0.8148	0.8789
56	217	1	338.8505	8	12	0	1	1	0.8157	0.7523
56	218	1	340.4006	7	9	0	1	1	0.8165	0.9626
56	219	1	341.9505	6	5	0	1	1	0.8174	0.8207
56	220	1	343.5006	8	12	0	1	1	0.8182	0.7747
56	221	1	345.0506	7	9	0	1	1	0.8190	0.6802
56	222	1	346.6008	8	12	0	1	1	0.8198	0.7945
56	223	1	348.1507	9	2	0	1	1	0.8206	1.0042
56	224	1	349.7006	11	13	0	0	1	0.8170	1.2305
56	225	1	351.2507	12	3	0	1	1	0.8178	1.0726
56	226	1	352.8007	9	2	90	0	1	0.8142	0.7542
56	227	1	354.3507	10	10	0	1	1	0.8150	0.7889
56	228	1	355.9008	12	3	90	1	1	0.8158	1.0787
56	229	1	357.4508	10	10	0	1	1	0.8166	0.6161
56	230	1	359.0007	9	2	0	1	1	0.8174	0.9222
56	231	1	360.5507	8	12	90	1	1	0.8182	0.8606
56	232	1	362.1006	6	5	0	1	1	0.8190	0.7030
56	233	1	363.6507	7	9	90	1	1	0.8197	0.9289
56	234	1	365.2007	4	14	0	1	1	0.8205	1.0102
56	235	1	366.7507	6	5	0	1	1	0.8213	0.7082
56	236	1	368.3008	8	12	0	1	1	0.8220	0.7906
56	237	1	369.8508	7	9	0	1	1	0.8228	0.6801
56	238	1	371.4007	4	14	0	1	1	0.8235	0.8267
56	239	1	372.9508	6	5	0	1	1	0.8243	0.7969
56	240	1	374.5007	5	4	0	1	1	0.8250	0.7985
56	241	1	376.0508	7	9	0	1	1	0.8257	0.6567
56	242	1	377.6008	4	14	0	1	1	0.8264	0.8824
56	243	1	379.1508	6	5	0	1	1	0.8272	0.9648
56	244	1	380.7007	8	12	0	1	1	0.8279	0.8228
56	245	1	382.2508	6	5	0	1	1	0.8286	0.8568
56	246	1	383.8008	8	12	90	1	1	0.8293	0.6988
56	247	1	385.3507	6	5	0	1	1	0.8300	0.7806
56	248	1	386.9008	5	4	0	1	1	0.8306	0.7187
56	249	1	388.4508	8	12	0	1	1	0.8313	1.3927
56	250	1	390.0010	6	5	0	1	1	0.8320	0.8026
56	251	1	391.5508	8	12	0	1	1	0.8327	0.9642
56	252	1	393.1008	5	4	0	1	1	0.8333	0.6949
56	253	1	394.6508	8	12	0	1	1	0.8340	0.7601
56	254	1	396.2008	9	2	0	1	1	0.8346	0.6505
56	255	1	397.7508	10	10	90	1	1	0.8353	1.0207
56	256	1	399.3009	11	13	0	1	1	0.8359	1.1341
56	257	1	400.8508	13	1	0	1	1	0.8366	0.9121
56	258	1	402.4009	11	13	0	1	1	0.8372	1.0267
56	259	1	403.9508	12	3	0	1	1	0.8378	0.7250
56	260	1	405.5009	11	13	0	1	1	0.8385	0.7267
56	261	1	407.0508	13	1	0	1	1	0.8391	0.8565
56	262	1	408.6009	12	3	90	1	1	0.8397	0.8745
56	263	1	410.1508	11	13	0	1	1	0.8403	0.9410
56	264	1	411.7008	9	2	0	1	1	0.8409	0.8473
56	265	1	413.2508	10	10	90	1	1	0.8415	1.0241
56	266	1	414.8009	11	13	0	1	1	0.8421	0.9460
56	267	1	416.3509	13	1	0	1	1	0.8427	0.8681
56	268	1	417.9009	14	7	0	1	1	0.8433	1.1262
56	269	1	419.4509	1	15	90	0	1	0.8401	0.9365
56	270	1	421.0009	15	8	0	1	1	0.8407	0.8261
56	271	1	422.5509	3	6	0	1	1	0.8413	0.9727
56	272	1	424.1008	15	8	90	1	1	0.8419	0.9742
56	273	1	425.6509	3	6	0	1	1	0.8425	0.7527
56	274	1	427.2009	15	8	0	1	1	0.8431	0.6577
56	275	1	428.7509	2	11	0	1	1	0.8436	0.9166
56	276	1	430.3010	14	7	0	1	1	0.8442	0.8060
56	277	1	431.8509	2	11	0	1	1	0.8448	0.9681
56	278	1	433.4009	14	7	0	1	1	0.8453	0.7467
56	279	1	434.9509	2	11	90	0	1	0.8423	0.8602
56	280	1	436.5009	15	8	90	1	1	0.8429	0.8467
56	281	1	438.0509	3	6	0	1	1	0.8434	0.7207
56	282	1	439.6008	2	11	90	0	1	0.8404	0.8182
56	283	1	441.1509	1	15	0	1	1	0.8410	1.0767
56	284	1	442.7009	3	6	0	1	1	0.8415	1.2060
56	285	1	444.2509	1	15	0	1	1	0.8421	0.7921
56	286	1	445.8009	14	7	0	1	1	0.8427	0.7781
56	287	1	447.3508	1	15	0	1	1	0.8432	0.6201
56	288	1	448.9010	3	6	0	1	1	0.8438	0.8460
56	289	1	450.4510	15	8	0	1	1	0.8443	0.7527
56	290	1	452.0009	1	15	90	1	1	0.8448	1.2023
56	291	1	453.5511	15	8	0	1	1	0.8454	0.7400
56	292	1	455.1009	2	11	0	1	1	0.8459	0.8381
56	293	1	456.6510	1	15	0	1	1	0.8464	0.8245
56	294	1	458.2010	2	11	90	0	1	0.8435	0.8746
56	295	1	459.7510	14	7	0	1	1	0.8441	0.8126
56	296	1	461.3011	15	8	0	1	1	0.8446	0.7499
56	297	1	462.8510	14	7	0	1	1	0.8451	0.7040
56	298	1	464.4010	2	11	0	1	1	0.8456	0.6580
56	299	1	465.9509	14	7	90	1	1	0.8462	1.0126
56	300	1	467.5009	1	15	0	1	1	0.8467	0.7741
56	301	1	469.0510	15	8	0	1	1	0.8472	0.7600
56	302	1	470.6010	2	11	0	1	1	0.8477	0.8740
56	303	1	472.1510	1	15	90	-1	0	0.8449	-1.0000
56	304	1	473.8845	2	11	0	1	1	0.8454	1.3672
56	305	1	475.4843	1	15	0	1	1	0.8459	1.2391
56	306	1	477.0343	15	8	0	1	1	0.8464	0.9047
56	307	1	478.5843	14	7	0	1	1	0.8469	0.9391
56	308	1	480.1342	2	11	0	1	1	0.8474	1.2293
56	309	1	481.6844	3	6	0	1	1	0.8479	0.7674
56	310	1	483.2344	15	8	0	1	1	0.8484	0.6573
56	311	1	484.7844	3	6	90	0	1	0.8457	1.0107
56	312	1	486.3343	4	14	0	1	1	0.8462	1.1247
56	313	1	487.8843	5	4	0	1	1	0.8466	0.9193
56	314	1	489.4345	7	9	0	1	1	0.8471	1.0011
56	315	1	490.9844	6	5	90	1	1	0.8476	1.4512
56	316	1	492.6177	7	9	90	1	1	0.8481	1.0493
56	317	1	494.1676	4	14	0	1	1	0.8486	0.8282
56	318	1	495.7176	7	9	90	1	1	0.8491	0.7334
56	319	1	497.2676	8	12	0	1	1	0.8495	0.8320
56	320	1	498.8176	5	4	90	1	1	0.8500	1.0254
56	321	1	500.3676	4	14	0	1	1	0.8505	0.6282
56	322	1	501.9177	6	5	90	1	1	0.8509	0.9817
56	323	1	503.4677	8	12	90	1	1	0.8514	0.8394
56	324	1	505.0176	5	4	90	0	1	0.8488	1.1134
56	325	1	506.5677	7	9	0	1	1	0.8492	0.8120
56	326	1	508.1177	5	4	0	1	1	0.8497	0.8943
56	327	1	509.6677	8	12	90	0	1	0.8471	1.3600
56	328	1	511.2512	7	9	0	1	1	0.8476	0.7362
56	329	1	512.8011	6	5	0	1	1	0.8480	1.3147
56	330	1	514.3510	8	12	0	1	1	0.8485	1.0766
56	331	1	515.9011	6	5	90	0	1	0.8459	1.2380
56	332	1	517.4512	4	14	0	1	1	0.8464	0.7766
56	333	1	519.0011	6	5	0	1	1	0.8468	1.4508
56	334	1	520.6513	5	4	90	0	1	0.8443	0.9523
56	335	1	522.2012	7	9	0	1	1	0.8448	1.3545
56	336	1	523.7846	4	14	0	1	1	0.8452	0.8584
56	337	1	525.3344	7	9	0	1	1	0.8457	0.9092
56	338	1	526.8845	4	14	0	1	1	0.8462	0.6873
56	339	1	528.4344	5	4	0	1	1	0.8466	0.8491
56	340	1	529.9846	6	5	0	1	1	0.8471	0.8346
56	341	1	531.5344	4	14	0	1	1	0.8475	0.7413
56	342	1	533.0845	3	6	0	1	1	0.8480	0.8707
56	343	1	534.6344	1	15	90	0	1	0.8455	0.7447
56	344	1	536.1845	15	8	0	1	1	0.8459	0.9715
56	345	1	537.7345	2	11	0	1	1	0.8464	0.9567
56	346	1	539.2845	15	8	0	1	1	0.8468	0.7194
56	347	1	540.8346	3	6	0	1	1	0.8473	0.7693
56	348	1	542.3845	15	8	0	1	1	0.8477	0.6586
56	349	1	543.9344	14	7	0	1	1	0.8481	0.7414
56	350	1	545.4845	2	11	0	1	1	0.8486	0.8235
56	351	1	547.0345	1	15	0	1	1	0.8490	0.9366
56	352	1	548.5844	2	11	0	1	1	0.8494	1.0675
56	353	1	550.1346	15	8	0	1	1	0.8499	0.7486
56	354	1	551.6845	14	7	90	1	1	0.8503	1.0073
56	355	1	553.2347	1	15	0	1	1	0.8507	1.1366
56	356	1	554.7845	2	11	0	1	1	0.8511	0.8512
56	357	1	556.3345	3	6	0	1	1	0.8515	1.0933
56	358	1	557.8846	15	8	0	1	1	0.8520	0.7753
56	359	1	559.4346	2	11	0	1	1	0.8524	1.1453
56	360	1	560.9844	15	8	0	1	1	0.8528	0.6351
56	361	1	562.5345	14	7	0	1	1	0.8532	0.6533
56	362	1	564.0845	13	1	0	1	1	0.8536	0.9753
56	363	1	565.6345	10	10	0	1	1	0.8540	0.7370
56	364	1	567.1846	12	3	0	1	1	0.8544	0.6912
56	365	1	568.7345	10	10	0	1	1	0.8548	0.7571
56	366	1	570.2847	11	13	0	0	1	0.8525	1.0305
56	367	1	571.8346	10	10	0	1	1	0.8529	0.7452
56	368	1	573.3846	12	3	0	1	1	0.8533	0.7152
56	369	1	574.9346	10	10	0	1	1	0.8537	0.7014
56	370	1	576.4846	13	1	90	0	1	0.8514	0.8313
56	371	1	578.0346	14	7	0	1	1	0.8518	0.8006
56	372	1	579.5846	13	1	0	1	1	0.8522	0.9305
56	373	1	581.1346	10	10	0	1	1	0.8525	0.6932
56	374	1	582.6846	12	3	0	1	1	0.8529	0.6312
56	375	1	584.2346	13	1	90	0	1	0.8507	1.1453
56	376	1	585.7847	14	7	0	1	1	0.8511	0.6510
56	377	1	587.3346	2	11	0	1	1	0.8515	0.8766
56	378	1	588.8846	3	6	90	0	1	0.8492	1.2472
56	379	1	590.4346	4	14	0	1	1	0.8496	0.7690
56	380	1	591.9847	3	6	0	1	1	0.8500	0.8185
56	381	1	593.5346	15	8	0	1	1	0.8504	0.6929
56	382	1	595.0845	2	11	0	1	1	0.8508	0.9668
56	383	1	596.6346	1	15	0	1	1	0.8512	0.7605
56	384	1	598.1847	14	7	0	1	1	0.8516	0.7149
56	385	1	599.7346	15	8	0	1	1	0.8519	0.6846
56	386	1	601.2847	1	15	0	1	1	0.8523	0.6865
56	387	1	602.8346	2	11	0	1	1	0.8527	0.5932
56	388	1	604.3847	14	7	0	1	1	0.8531	0.7065
56	389	1	605.9347	1	15	0	1	1	0.8535	0.7086
56	390	1	607.4848	2	11	0	1	1	0.8538	0.8225
56	391	1	609.0347	15	8	0	1	1	0.8542	0.7929
56	392	1	610.5846	3	6	0	1	1	0.8546	0.9072
56	393	1	612.1346	4	14	0	1	1	0.8550	0.8126
56	394	1	613.6847	5	4	90	1	1	0.8553	0.9265
56	395	1	615.2346	4	14	0	1	1	0.8557	0.7532
56	396	1	616.7847	6	5	0	1	1	0.8561	0.8031
56	397	1	618.3347	4	14	0	1	1	0.8564	0.8207
56	398	1	619.8847	6	5	0	1	1	0.8568	0.8390
56	399	1	621.4346	8	12	90	1	1	0.8571	0.9371
56	400	1	622.9847	5	4	0	1	1	0.8575	0.8432
56	401	1	624.5347	7	9	0	1	1	0.8579	0.8293
56	402	1	626.0847	6	5	90	1	1	0.8582	1.0072
56	403	1	627.6349	8	12	0	1	1	0.8586	0.9767
56	404	1	629.1847	6	5	0	1	1	0.8589	0.8349
56	405	1	630.7347	7	9	0	1	1	0.8593	0.6930
56	406	1	632.2847	6	5	0	1	1	0.8596	0.7586
56	407	1	633.8347	7	9	0	1	1	0.8600	0.7612
56	408	1	635.3847	8	12	0	1	1	0.8603	0.7472
56	409	1	636.9349	5	4	0	1	1	0.8606	0.7011
56	410	1	638.4848	6	5	0	1	1	0.8610	0.7351
56	411	1	640.0347	5	4	0	1	1	0.8613	0.7367
56	412	1	641.5848	4	14	0	1	1	0.8617	0.7392
56	413	1	643.1349	7	9	0	1	1	0.8620	0.7088
56	414	1	644.6847	5	4	90	1	1	0.8623	1.0630
56	415	1	646.2347	8	12	0	1	1	0.8627	1.0652
56	416	1	647.7848	6	5	0	1	1	0.8630	0.7305
56	417	1	649.3347	7	9	0	1	1	0.8633	0.6850
56	418	1	650.8848	6	5	0	1	1	0.8636	0.7992
56	419	1	652.4348	4	14	0	1	1	0.8640	0.7845
56	420	1	653.9848	7	9	0	1	1	0.8643	0.7710
56	421	1	655.5348	6	5	0	1	1	0.8646	0.7573
56	422	1	657.0848	8	12	0	1	1	0.8649	0.8230
56	423	1	658.6347	7	9	0	1	1	0.8652	0.8732
56	424	1	660.1848	5	4	0	1	1	0.8656	0.8105
56	425	1	661.7349	7	9	0	1	1	0.8659	0.7169
56	426	1	663.2847	8	12	0	1	1	0.8662	0.7190
56	427	1	664.8348	5	4	0	1	1	0.8665	0.6731
56	428	1	666.3848	6	5	90	1	1	0.8668	0.8512
56	429	1	667.9348	8	12	90	1	1	0.8671	0.9011
56	430	1	669.4849	7	9	90	1	1	0.8674	0.8544
56	431	1	671.0348	4	14	0	1	1	0.8677	0.7765
56	432	1	672.5848	3	6	0	0	1	0.8657	1.0991
56	433	1	674.1349	2	11	90	1	1	0.8661	1.2283
56	434	1	675.6848	14	7	90	1	1	0.8664	1.0547
56	435	1	677.2348	1	15	0	1	1	0.8667	0.8970
56	436	1	678.7849	3	6	0	1	1	0.8670	1.0268
56	437	1	680.3347	15	8	0	1	1	0.8673	0.6766
56	438	1	681.8847	14	7	0	1	1	0.8676	0.6632
56	439	1	683.4349	13	1	90	1	1	0.8679	1.1138
56	440	1	684.9848	12	3	0	1	1	0.8682	0.6985
56	441	1	686.5349	10	10	0	1	1	0.8685	0.7172
56	442	1	688.0850	11	13	0	1	1	0.8688	0.6869
56	443	1	689.6349	9	2	0	0	1	0.8668	1.2812
56	444	1	691.1849	11	13	90	0	1	0.8649	0.8823
56	445	1	692.7349	13	1	0	1	1	0.8652	0.9965
56	446	1	694.2849	14	7	0	1	1	0.8655	0.8551
56	447	1	695.8349	15	8	0	1	1	0.8658	1.1610
56	448	1	697.3850	2	11	90	1	1	0.8661	1.2263
56	449	1	698.9348	15	8	0	1	1	0.8664	0.6525
56	450	1	700.4849	3	6	0	1	1	0.8667	0.7829
56	451	1	702.0349	2	11	0	0	1	0.8647	0.9931
56	452	1	703.5849	14	7	0	1	1	0.8650	0.8511
56	453	1	705.1349	13	1	0	1	1	0.8653	0.8204
56	454	1	706.6849	14	7	0	1	1	0.8656	0.6468
56	455	1	708.2349	15	8	0	1	1	0.8659	0.7130
56	456	1	709.7849	14	7	90	1	1	0.8662	0.8911
56	457	1	711.3350	2	11	0	1	1	0.8665	1.0210
56	458	1	712.8849	1	15	90	0	1	0.8646	0.7504
56	459	1	714.4350	2	11	0	1	1	0.8649	0.8171
56	460	1	715.9850	1	15	0	1	1	0.8652	0.7551
56	461	1	717.5348	3	6	0	1	1	0.8655	0.6928
56	462	1	719.0849	1	15	0	1	1	0.8658	0.7264
56	463	1	720.6350	14	7	0	1	1	0.8661	0.7448
56	464	1	722.1850	13	1	0	1	1	0.8664	0.6350
56	465	1	723.7349	12	3	0	1	1	0.8667	0.7012
56	466	1	725.2850	11	13	90	1	1	0.8670	1.0070
56	467	1	726.8350	13	1	0	1	1	0.8672	1.0410
56	468	1	728.3849	11	13	90	0	1	0.8654	1.2344
56	469	1	729.9351	13	1	0	1	1	0.8657	0.7083
56	470	1	731.4851	11	13	0	1	1	0.8660	0.8866
56	471	1	733.0349	12	3	0	1	1	0.8662	0.6491
56	472	1	734.5851	10	10	0	1	1	0.8665	0.6348
56	473	1	736.1349	13	1	0	1	1	0.8668	0.7813
56	474	1	737.6849	10	10	0	1	1	0.8671	1.0871
56	475	1	739.2350	9	2	0	1	1	0.8674	0.9130
56	476	1	740.7850	8	12	0	1	1	0.8676	0.8032
56	477	1	742.3350	9	2	0	1	1	0.8679	0.7891
56	478	1	743.8850	8	12	0	1	1	0.8682	0.7264
56	479	1	745.4350	7	9	0	1	1	0.8685	0.7764
56	480	1	746.9850	8	12	0	1	1	0.8688	0.7148
56	481	1	748.5350	5	4	0	1	1	0.8690	0.6364
56	482	1	750.0850	8	12	0	1	1	0.8693	0.8471
56	483	1	751.6350	9	2	0	1	1	0.8696	0.8488
56	484	1	753.1850	10	10	0	1	1	0.8698	0.7547
56	485	1	754.7350	13	1	0	1	1	0.8701	0.7404
56	486	1	756.2850	12	3	0	1	1	0.8704	0.7270
56	487	1	757.8350	9	2	0	1	1	0.8706	0.7123
56	488	1	759.3850	12	3	0	1	1	0.8709	0.9388
56	489	1	760.9351	10	10	0	1	1	0.8712	0.6529
56	490	1	762.4852	9	2	0	1	1	0.8714	0.5587
56	491	1	764.0350	10	10	0	1	1	0.8717	0.6083
56	492	1	765.5851	11	13	0	1	1	0.8720	0.5623
56	493	1	767.1350	13	1	90	1	1	0.8722	1.0611
56	494	1	768.6852	10	10	90	1	1	0.8725	1.0950
56	495	1	770.2351	9	2	0	1	1	0.8727	1.1927
56	496	1	771.7850	10	10	0	1	1	0.8730	0.8751
56	497	1	773.3350	11	13	0	1	1	0.8732	0.8608
56	498	1	774.8851	13	1	0	1	1	0.8735	0.6870
56	499	1	776.4351	10	10	0	1	1	0.8737	0.6405
56	500	1	777.9851	13	1	0	1	1	0.8740	0.4830
56	501	1	779.5351	12	3	0	1	1	0.8743	0.5650
56	502	1	781.0851	11	13	90	0	1	0.8725	0.4069
56	503	1	782.6351	13	1	0	1	1	0.8728	0.5684
56	504	1	784.1850	10	10	0	1	1	0.8730	0.6190
56	505	1	785.7350	11	13	90	1	1	0.8733	0.9888
56	506	1	787.2850	13	1	90	0	1	0.8715	0.9270
56	507	1	788.8350	11	13	0	1	1	0.8718	1.1050
56	508	1	790.3852	13	1	90	1	1	0.8720	0.9786
56	509	1	791.9351	10	10	0	1	1	0.8723	0.7890
56	510	1	793.4852	13	1	0	1	1	0.8725	0.7269
56	511	1	795.0351	14	7	0	1	1	0.8728	0.6489
56	512	1	796.5853	15	8	0	1	1	0.8730	0.6981
56	513	1	798.1351	3	6	0	1	1	0.8733	0.9890
56	514	1	799.6851	4	14	0	1	1	0.8735	1.0543
56	515	1	801.2351	5	4	0	1	1	0.8738	0.6728
56	516	1	802.7852	7	9	0	1	1	0.8740	0.6749
56	517	1	804.3351	4	14	90	1	1	0.8743	1.3646
56	518	1	805.9185	7	9	0	1	1	0.8745	0.7576
56	519	1	807.4685	8	12	90	-1	0	0.8728	-1.0000
56	520	1	809.2020	6	5	0	1	1	0.8731	1.0901
56	521	1	810.7518	5	4	0	1	1	0.8733	0.8677
56	522	1	812.3019	6	5	0	1	1	0.8736	0.9022
56	523	1	813.8518	7	9	0	1	1	0.8738	0.7444
56	524	1	815.4019	6	5	0	1	1	0.8740	0.7619
56	525	1	816.9518	5	4	0	1	1	0.8743	0.7485
56	526	1	818.5017	6	5	0	1	1	0.8745	0.6224
56	527	1	820.0519	8	12	0	1	1	0.8748	1.1521
56	528	1	821.6019	7	9	0	1	1	0.8750	0.6736
56	529	1	823.1519	5	4	0	1	1	0.8752	0.6430
56	530	1	824.7019	8	12	90	1	1	0.8755	0.8863
56	531	1	826.2518	7	9	0	1	1	0.8757	0.5844
56	532	1	827.8018	8	12	0	0	1	0.8741	0.6663
56	533	1	829.3519	5	4	0	1	1	0.8743	0.6842
56	534	1	830.9019	8	12	0	1	1	0.8745	0.6860
56	535	1	832.4520	9	2	0	1	1	0.8748	0.6715
56	536	1	834.0019	8	12	90	0	1	0.8731	0.5623
56	537	1	835.5520	6	5	0	1	1	0.8734	1.3000
56	538	1	837.1019	7	9	0	1	1	0.8736	0.9344
56	539	1	838.6518	6	5	0	1	1	0.8738	0.7604
56	540	1	840.2019	5	4	90	1	1	0.8741	0.8736
56	541	1	841.7519	8	12	90	1	1	0.8743	0.8923
56	542	1	843.3018	5	4	90	1	1	0.8745	0.8784
56	543	1	844.8519	8	12	90	0	1	0.8729	0.7841
56	544	1	846.4019	9	2	0	1	1	0.8732	0.8182
56	545	1	847.9519	12	3	90	1	1	0.8734	0.8844
56	546	1	849.5020	11	13	0	1	1	0.8736	1.0621
56	547	1	851.0520	13	1	0	1	1	0.8739	0.8560
56	548	1	852.6019	11	13	0	1	1	0.8741	0.9861
56	549	1	854.1519	10	10	0	1	1	0.8743	0.7803
56	550	1	855.7021	13	1	90	1	1	0.8745	1.0060
56	551	1	857.2519	12	3	0	1	1	0.8748	0.8803
56	552	1	858.8019	13	1	0	1	1	0.8750	0.7543
56	553	1	860.3520	10	10	0	1	1	0.8752	0.7562
56	554	1	861.9019	13	1	0	1	1	0.8755	0.7420
56	555	1	863.4520	11	13	0	1	1	0.8757	0.8238
56	556	1	865.0020	13	1	0	1	1	0.8759	0.7302
56	557	1	866.5521	11	13	0	1	1	0.8761	0.9553
56	558	1	868.1020	13	1	90	1	1	0.8763	0.8461
56	559	1	869.6519	10	10	90	1	1	0.8766	1.1041
56	560	1	871.2019	12	3	0	1	1	0.8768	0.9936
56	561	1	872.7520	13	1	0	1	1	0.8770	0.9480
56	562	1	874.3020	11	13	0	1	1	0.8772	0.9660
56	563	1	875.8520	9	2	0	1	1	0.8774	0.7604
56	564	1	877.4020	8	12	0	1	1	0.8777	0.8416
56	565	1	878.9522	9	2	0	1	1	0.8779	1.0514
56	566	1	880.5021	11	13	0	1	1	0.8781	0.9741
56	567	1	882.0520	9	2	0	1	1	0.8783	0.9115
56	568	1	883.6020	8	12	0	1	1	0.8785	0.7383
56	569	1	885.1520	5	4	0	1	1	0.8787	0.7241
56	570	1	886.7020	8	12	90	1	1	0.8789	0.7895
56	571	1	888.2520	7	9	90	1	1	0.8792	0.8723
56	572	1	889.8020	8	12	0	1	1	0.8794	1.0021
56	573	1	891.3520	7	9	0	1	1	0.8796	0.7635
56	574	1	892.9020	8	12	0	1	1	0.8798	0.9895
56	575	1	894.4520	9	2	0	1	1	0.8800	0.6720
56	576	1	896.0020	11	13	0	1	1	0.8802	0.8983
56	577	1	897.5522	10	10	0	1	1	0.8804	0.6758
56	578	1	899.1021	13	1	0	1	1	0.8806	0.7101
56	579	1	900.6521	10	10	0	1	1	0.8808	0.6161
56	580	1	902.2020	12	3	0	1	1	0.8810	0.6182
56	581	1	903.7520	10	10	0	1	1	0.8812	0.5880
56	582	1	905.3020	12	3	90	0	1	0.8797	0.5740
56	583	1	906.8521	10	10	0	1	1	0.8799	0.7520
56	584	1	908.4021	12	3	0	1	1	0.8801	0.6422
56	585	1	909.9520	9	2	0	1	1	0.8803	0.7395
56	586	1	911.5021	8	12	0	1	1	0.8805	0.7419
56	587	1	913.0521	6	5	0	1	1	0.8807	0.6962
56	588	1	914.6021	5	4	0	1	1	0.8810	1.0014
56	589	1	916.1521	8	12	0	1	1	0.8812	0.7154
56	590	1	917.7021	6	5	90	1	1	0.8814	0.9902
56	591	1	919.2521	5	4	0	1	1	0.8816	0.6881
56	592	1	920.8021	6	5	0	1	1	0.8818	0.7382
56	593	1	922.3521	5	4	0	1	1	0.8820	0.6440
56	594	1	923.9021	6	5	90	1	1	0.8822	0.7902
56	595	1	925.4521	4	14	0	1	1	0.8824	0.7120
56	596	1	927.0021	6	5	90	1	1	0.8826	0.7952
56	597	1	928.5523	7	9	0	1	1	0.8827	0.8920
56	598	1	930.1021	5	4	0	1	1	0.8829	0.7815
56	599	1	931.6522	8	12	0	1	1	0.8831	0.7999
56	600	1	933.2022	5	4	90	1	1	0.8833	0.9294
56	601	1	1014.1692	4	14	0	-1	0	0.8819	-1.0000
56	602	1	1015.9025	3	6	0	-1	0	0.8804	-1.0000
56	603	1	1017.6525	2	11	0	1	1	0.8806	1.0232
56	604	1	1019.2023	3	6	0	1	1	0.8808	0.7377
56	605	1	1020.7524	2	11	0	1	1	0.8810	1.0117
56	606	1	1022.3023	3	6	0	1	1	0.8812	0.7261
56	607	1	1023.8524	15	8	0	1	1	0.8814	0.6474
56	608	1	1025.4025	14	7	90	1	1	0.8816	0.8572
56	609	1	1026.9524	15	8	90	1	1	0.8818	1.2113
56	610	1	1028.5022	1	15	90	1	1	0.8820	0.9099
56	611	1	1030.0524	14	7	0	1	1	0.8822	0.8321
56	612	1	1031.6023	2	11	0	1	1	0.8824	0.8180
56	613	1	1033.1524	15	8	0	1	1	0.8825	0.6601
56	614	1	1034.7024	3	6	0	1	1	0.8827	0.6299
56	615	1	1036.2524	1	15	0	1	1	0.8829	0.7441
56	616	1	1037.8023	3	6	0	1	1	0.8831	0.7142
56	617	1	1039.3524	15	8	0	1	1	0.8833	0.6678
56	618	1	1040.9024	2	11	0	1	1	0.8835	0.9253
56	619	1	1042.4525	3	6	0	1	1	0.8837	0.6718
56	620	1	1044.0024	1	15	0	1	1	0.8839	0.7381
56	621	1	1045.5523	14	7	0	1	1	0.8841	0.8040
56	622	1	1047.1024	2	11	0	1	1	0.8842	0.6947
56	623	1	1048.6524	1	15	0	1	1	0.8844	0.6156
56	624	1	1050.2024	14	7	0	1	1	0.8846	0.6013
56	625	1	1051.7525	13	1	0	1	1	0.8848	0.7158
56	626	1	1053.3023	12	3	0	1	1	0.8850	0.8619
56	627	1	1054.8524	9	2	90	1	1	0.8852	1.0558
56	628	1	1056.4024	11	13	90	1	1	0.8854	1.1853
56	629	1	1057.9524	12	3	0	1	1	0.8855	0.9321
56	630	1	1059.5023	13	1	0	1	1	0.8857	0.7579
56	631	1	1061.0524	14	7	0	1	1	0.8859	0.7917
56	632	1	1062.6024	15	8	0	1	1	0.8861	0.6658
56	633	1	1064.1524	1	15	0	1	1	0.8863	0.6833
56	634	1	1065.7025	15	8	0	1	1	0.8864	0.6536
56	635	1	1067.2525	1	15	0	1	1	0.8866	0.9119
56	636	1	1068.8025	14	7	0	1	1	0.8868	0.8018
56	637	1	1070.3525	1	15	0	1	1	0.8870	0.7713
56	638	1	1071.9025	2	11	0	1	1	0.8871	0.7741
56	639	1	1073.4524	15	8	0	1	1	0.8873	0.6794
56	640	1	1075.0025	2	11	90	1	1	0.8875	1.3053
56	641	1	1076.5525	14	7	0	1	1	0.8877	0.8117
56	642	1	1078.1025	15	8	0	1	1	0.8879	0.6378
56	643	1	1079.6526	14	7	0	1	1	0.8880	0.8479
56	644	1	1081.2026	2	11	0	1	1	0.8882	0.8173
56	645	1	1082.7526	3	6	90	1	1	0.8884	0.9805
56	646	1	1084.3024	15	8	90	1	1	0.8885	0.9016
56	647	1	1085.8525	1	15	0	1	1	0.8887	1.0798
56	648	1	1087.4026	3	6	0	1	1	0.8889	0.9217
56	649	1	1088.9525	1	15	0	1	1	0.8891	0.7481
56	650	1	1090.5024	2	11	90	1	1	0.8892	0.9578
56	651	1	1092.0525	1	15	0	1	1	0.8894	0.7039
56	652	1	1093.6025	3	6	90	1	1	0.8896	1.2493
56	653	1	1095.1526	2	11	0	1	1	0.8897	1.1077
56	654	1	1096.7025	3	6	0	1	1	0.8899	0.9333
56	655	1	1098.2527	1	15	0	1	1	0.8901	0.8399
56	656	1	1099.8026	14	7	0	1	1	0.8902	0.6337
56	657	1	1101.3526	1	15	0	1	1	0.8904	0.7313
56	658	1	1102.9025	15	8	0	1	1	0.8906	0.6379
56	659	1	1104.4525	2	11	0	1	1	0.8907	0.8633
56	660	1	1106.0026	3	6	0	1	1	0.8909	0.5775
56	661	1	1107.5527	15	8	0	1	1	0.8911	0.6117
56	662	1	1109.1026	3	6	0	1	1	0.8912	0.6460
56	663	1	1110.6527	15	8	0	1	1	0.8914	0.5998
56	664	1	1112.2025	2	11	0	1	1	0.8916	0.7457
56	665	1	1113.7526	15	8	0	1	1	0.8917	0.6519
56	666	1	1115.3026	1	15	90	1	1	0.8919	0.8777
56	667	1	1116.8526	2	11	90	1	1	0.8921	0.7998
56	668	1	1118.4027	15	8	0	1	1	0.8922	0.7052
56	669	1	1119.9525	2	11	0	1	1	0.8924	0.7553
56	670	1	1121.5027	14	7	0	1	1	0.8925	0.6299
56	671	1	1123.0526	13	1	0	1	1	0.8927	0.7441
56	672	1	1124.6028	14	7	90	1	1	0.8929	0.8098
56	673	1	1126.1527	1	15	0	1	1	0.8930	0.7157
56	674	1	1127.7026	14	7	0	1	1	0.8932	0.7496
56	675	1	1129.2526	15	8	0	1	1	0.8933	0.7036
56	676	1	1130.8026	1	15	0	1	1	0.8935	0.6739
56	677	1	1132.3526	2	11	0	1	1	0.8936	0.6118
56	678	1	1133.9026	15	8	0	1	1	0.8938	0.6452
56	679	1	1135.4526	1	15	0	1	1	0.8940	0.5037
56	680	1	1137.0027	15	8	0	1	1	0.8941	0.5538
56	681	1	1138.5526	2	11	0	1	1	0.8943	0.6041
56	682	1	1140.1026	3	6	0	1	1	0.8944	0.7977
56	683	1	1141.6526	1	15	0	1	1	0.8946	0.5918
56	684	1	1143.2027	2	11	0	1	1	0.8947	0.5916
56	685	1	1144.7525	1	15	0	1	1	0.8949	0.5158
56	686	1	1146.3027	14	7	0	1	1	0.8950	0.5172
56	687	1	1147.8527	13	1	0	1	1	0.8952	0.8395
56	688	1	1149.4026	12	3	0	1	1	0.8953	0.7452
56	689	1	1150.9527	9	2	0	1	1	0.8955	1.0512
56	690	1	1152.5027	11	13	0	0	1	0.8942	1.0213
56	691	1	1154.0527	10	10	0	1	1	0.8944	0.7199
56	692	1	1155.6026	11	13	0	1	1	0.8945	0.9619
56	693	1	1157.1527	9	2	0	1	1	0.8947	0.6444
56	694	1	1158.7026	12	3	0	1	1	0.8948	0.5814
56	695	1	1160.2527	10	10	90	0	1	0.8935	0.6632
56	696	1	1161.8027	12	3	0	1	1	0.8937	0.8899
56	697	1	1163.3527	13	1	0	1	1	0.8938	0.7159
56	698	1	1164.9028	11	13	0	1	1	0.8940	1.0536
56	699	1	1166.4527	9	2	0	1	1	0.8941	0.7511
56	700	1	1168.0026	8	12	0	1	1	0.8943	0.8173
56	701	1	1169.5529	5	4	0	1	1	0.8944	0.8038
56	702	1	1171.1027	6	5	0	1	1	0.8946	0.8859
56	703	1	1172.6527	4	14	0	1	1	0.8947	0.6951
56	704	1	1174.2027	5	4	0	1	1	0.8949	0.6655
56	705	1	1175.7527	7	9	0	1	1	0.8950	0.6352
56	706	1	1177.3027	6	5	0	1	1	0.8952	0.7819
56	707	1	1178.8527	7	9	0	1	1	0.8953	0.6551
56	708	1	1180.4028	5	4	0	1	1	0.8955	0.5292
56	709	1	1181.9527	8	12	90	1	1	0.8956	0.8840
56	710	1	1183.5028	6	5	90	1	1	0.8958	0.8540
56	711	1	1185.0528	5	4	0	1	1	0.8959	0.6792
56	712	1	1186.6027	8	12	0	1	1	0.8961	0.7300
56	713	1	1188.1528	5	4	0	1	1	0.8962	0.7317
56	714	1	1189.7028	7	9	0	1	1	0.8964	0.6375
56	715	1	1191.2528	6	5	0	1	1	0.8965	0.6072
56	716	1	1192.8028	8	12	0	1	1	0.8966	0.7538
56	717	1	1194.3528	5	4	90	0	1	0.8954	0.6276
56	718	1	1195.9028	8	12	0	1	1	0.8955	0.7258
56	719	1	1197.4527	6	5	0	1	1	0.8957	0.7920
56	720	1	1199.0028	4	14	90	1	1	0.8958	0.9851
56	721	1	1200.5529	5	4	0	1	1	0.8960	0.7149
56	722	1	1202.1028	6	5	90	1	1	0.8961	0.9578
56	723	1	1203.6529	5	4	0	1	1	0.8963	0.7036
56	724	1	1205.2028	4	14	0	1	1	0.8964	0.6739
56	725	1	1206.7528	5	4	0	1	1	0.8966	0.6911
56	726	1	1208.3029	8	12	0	1	1	0.8967	0.6618
56	727	1	1209.8529	6	5	0	1	1	0.8968	0.5831
56	728	1	1211.4028	4	14	0	1	1	0.8970	0.6495
56	729	1	1212.9528	7	9	90	1	1	0.8971	0.9719
56	730	1	1214.5028	8	12	0	1	1	0.8973	0.6532
56	731	1	1216.0528	5	4	0	1	1	0.8974	0.6237
56	732	1	1217.6028	6	5	0	1	1	0.8975	0.6731
56	733	1	1219.1527	7	9	0	1	1	0.8977	0.6278
56	734	1	1220.7029	5	4	0	1	1	0.8978	0.6459
56	735	1	1222.2528	7	9	0	1	1	0.8980	0.5836
56	736	1	1223.8029	8	12	0	1	1	0.8981	0.7297
56	737	1	1225.3528	9	2	90	1	1	0.8982	1.0516
56	738	1	1226.9029	12	3	0	1	1	0.8984	0.9097
56	739	1	1228.4529	9	2	0	1	1	0.8985	0.9432
56	740	1	1230.0029	11	13	0	1	1	0.8986	0.8976
56	741	1	1231.5529	9	2	0	1	1	0.8988	1.0598
56	742	1	1233.1029	12	3	0	1	1	0.8989	0.6618
56	743	1	1234.6529	13	1	90	1	1	0.8991	1.0156
56	744	1	1236.2029	10	10	0	1	1	0.8992	0.6491
56	745	1	1237.7529	9	2	0	1	1	0.8993	0.7151
56	746	1	1239.3029	11	13	0	1	1	0.8995	0.9258
56	747	1	1240.8529	9	2	0	1	1	0.8996	0.7358
56	748	1	1242.4029	11	13	90	0	1	0.8984	0.7537
56	749	1	1243.9529	13	1	0	1	1	0.8985	1.3475
56	750	1	1245.5029	12	3	0	1	1	0.8987	1.0296
56	751	1	1247.0529	9	2	0	1	1	0.8988	0.7918
56	752	1	1248.6030	12	3	0	1	1	0.8989	0.6334
56	753	1	1250.1529	13	1	0	1	1	0.8991	0.9564
56	754	1	1251.7029	14	7	0	1	1	0.8992	0.7018
56	755	1	1253.2529	13	1	0	1	1	0.8993	0.6235
56	756	1	1254.8028	10	10	0	1	1	0.8995	0.6892
56	757	1	1256.3529	11	13	0	1	1	0.8996	1.1071
56	758	1	1257.9029	10	10	0	1	1	0.8997	0.6616
56	759	1	1259.4529	11	13	0	1	1	0.8999	1.1111
56	760	1	1261.0029	13	1	0	1	1	0.9000	0.6496
56	761	1	1262.5531	14	7	0	1	1	0.9001	0.7154
56	762	1	1264.1029	1	15	0	1	1	0.9003	0.7338
56	763	1	1265.6530	14	7	0	1	1	0.9004	0.5910
56	764	1	1267.2031	13	1	0	1	1	0.9005	0.5770
56	765	1	1268.7531	10	10	0	1	1	0.9007	0.5634
56	766	1	1270.3028	9	2	0	1	1	0.9008	0.5652
56	767	1	1271.8529	11	13	90	0	1	0.8996	0.5031
56	768	1	1273.4030	9	2	0	1	1	0.8997	0.6654
56	769	1	1274.9530	8	12	0	1	1	0.8999	0.7150
56	770	1	1276.5030	5	4	0	1	1	0.9000	0.5095
56	771	1	1278.0530	6	5	0	1	1	0.9001	0.7675
56	772	1	1279.6030	4	14	0	1	1	0.9003	0.5136
56	773	1	1281.1529	5	4	90	1	1	0.9004	0.8518
56	774	1	1282.7030	4	14	0	1	1	0.9005	0.6937
56	775	1	1284.2530	5	4	0	1	1	0.9006	0.5832
56	776	1	1285.8030	6	5	0	1	1	0.9008	0.6654
56	777	1	1287.3531	5	4	0	1	1	0.9009	0.6352
56	778	1	1288.9030	8	12	0	1	1	0.9010	0.7016
56	779	1	1290.4529	6	5	0	1	1	0.9012	0.5912
56	780	1	1292.0031	8	12	90	1	1	0.9013	0.8814
56	781	1	1293.5532	5	4	0	1	1	0.9014	0.6115
56	782	1	1295.1030	8	12	0	1	1	0.9015	0.6771
56	783	1	1296.6530	5	4	90	1	1	0.9017	0.8395
56	784	1	1298.2030	8	12	0	1	1	0.9018	0.7139
56	785	1	1299.7531	5	4	0	1	1	0.9019	0.7475
56	786	1	1301.3031	7	9	0	1	1	0.9020	0.6693
56	787	1	1302.8530	5	4	0	1	1	0.9022	0.5910
56	788	1	1304.4031	7	9	0	1	1	0.9023	0.7369
56	789	1	1305.9531	6	5	0	1	1	0.9024	0.9955
56	790	1	1307.5031	5	4	0	1	1	0.9025	0.9490
56	791	1	1309.0530	4	14	0	1	1	0.9027	0.6955
56	792	1	1310.6031	5	4	0	1	1	0.9028	0.5705
56	793	1	1312.1531	6	5	0	1	1	0.9029	0.7952
56	794	1	1313.7030	8	12	0	1	1	0.9030	0.8611
56	795	1	1315.2530	5	4	0	1	1	0.9031	0.7511
56	796	1	1316.8031	8	12	90	0	1	0.9020	0.6729
56	797	1	1318.3531	9	2	0	1	1	0.9021	0.7078
56	798	1	1319.9030	8	12	0	1	1	0.9023	0.6130
56	799	1	1321.4531	5	4	0	1	1	0.9024	0.6317
56	800	1	1323.0031	4	14	90	1	1	0.9025	0.9537
56	801	1	1324.5530	5	4	0	1	1	0.9026	0.7477
56	802	1	1326.1031	4	14	0	1	1	0.9027	0.7654
56	803	1	1327.6531	6	5	0	1	1	0.9029	0.6075
56	804	1	1329.2031	5	4	0	1	1	0.9030	0.6575
56	805	1	1330.7530	4	14	90	0	1	0.9019	0.4511
56	806	1	1332.3031	5	4	0	1	1	0.9020	0.5496
56	807	1	1333.8531	8	12	0	1	1	0.9021	0.6795
56	808	1	1335.4032	9	2	0	1	1	0.9022	0.4896
56	809	1	1336.9531	8	12	0	1	1	0.9023	0.5070
56	810	1	1338.5031	7	9	0	1	1	0.9025	0.4137
56	811	1	1340.0531	5	4	90	0	1	0.9014	0.4795
56	812	1	1341.6031	6	5	0	1	1	0.9015	0.7533
56	813	1	1343.1532	8	12	0	1	1	0.9016	0.6754
56	814	1	1344.7032	6	5	0	1	1	0.9017	0.5175
56	815	1	1346.2531	7	9	90	1	1	0.9018	0.8391
56	816	1	1347.8030	5	4	90	1	1	0.9020	0.8099
56	817	1	1349.3531	7	9	0	1	1	0.9021	0.6190
56	818	1	1350.9031	5	4	90	1	1	0.9022	1.0534
56	819	1	1352.4531	4	14	0	1	1	0.9023	0.7835
56	820	1	1354.0033	3	6	0	1	1	0.9024	0.9775
56	821	1	1355.5531	1	15	0	1	1	0.9026	0.6433
56	822	1	1357.1032	15	8	90	1	1	0.9027	0.8053
56	823	1	1358.6533	3	6	0	1	1	0.9028	0.8709
56	824	1	1360.2032	4	14	0	1	1	0.9029	0.7610
56	825	1	1361.7532	3	6	0	1	1	0.9030	0.7955
56	826	1	1363.3032	4	14	0	1	1	0.9031	0.6049
56	827	1	1364.8531	6	5	0	1	1	0.9033	0.6716
56	828	1	1366.4032	7	9	0	1	1	0.9034	0.8177
56	829	1	1367.9533	6	5	90	1	1	0.9035	0.9955
56	830	1	1369.5033	7	9	0	1	1	0.9036	0.6456
56	831	1	1371.0531	6	5	0	1	1	0.9037	0.5990
56	832	1	1372.6034	5	4	0	1	1	0.9038	0.6647
56	833	1	1374.1532	7	9	0	1	1	0.9040	0.6029
56	834	1	1375.7032	8	12	0	1	1	0.9041	0.7976
56	835	1	1377.2533	9	2	0	1	1	0.9042	0.7036
56	836	1	1378.8031	12	3	0	1	1	0.9043	0.6898
56	837	1	1380.3532	10	10	0	1	1	0.9044	0.8349
56	838	1	1381.9032	13	1	0	1	1	0.9045	0.7409
56	839	1	1383.4532	11	13	0	1	1	0.9046	0.8878
56	840	1	1385.0032	10	10	0	1	1	0.9048	0.6497
56	841	1	1386.5533	13	1	0	1	1	0.9049	0.8433
56	842	1	1388.1033	11	13	90	0	1	0.9038	1.1489
56	843	1	1389.6532	13	1	0	1	1	0.9039	0.7355
56	844	1	1391.2032	14	7	90	1	1	0.9040	0.8655
56	845	1	1392.7532	15	8	90	1	1	0.9041	0.6596
56	846	1	1394.3033	14	7	0	1	1	0.9043	0.7422
56	847	1	1395.8533	1	15	90	0	1	0.9032	0.6945
56	848	1	1397.4033	15	8	90	1	1	0.9033	0.9693
56	849	1	1398.9533	1	15	0	1	1	0.9034	0.7469
56	850	1	1400.5033	3	6	0	1	1	0.9035	0.7336
56	851	1	1402.0533	1	15	0	1	1	0.9036	0.5909
56	852	1	1403.6032	3	6	0	1	1	0.9038	0.6097
56	853	1	1405.1533	15	8	0	1	1	0.9039	0.6115
56	854	1	1406.7033	1	15	90	1	1	0.9040	0.9329
56	855	1	1408.2533	14	7	0	1	1	0.9041	0.7270
56	856	1	1409.8033	15	8	0	1	1	0.9042	0.7453
56	857	1	1411.3533	3	6	0	1	1	0.9043	0.6994
56	858	1	1412.9033	2	11	0	1	1	0.9044	1.2609
56	859	1	1414.4532	1	15	0	1	1	0.9045	0.5917
56	860	1	1416.0033	15	8	0	1	1	0.9047	0.5929
56	861	1	1417.5532	14	7	0	1	1	0.9048	0.5790
56	862	1	1419.1033	13	1	0	1	1	0.9049	0.9495
56	863	1	1420.6533	11	13	0	1	1	0.9050	0.8229
56	864	1	1422.2033	12	3	0	1	1	0.9051	0.5536
56	865	1	1423.7535	13	1	0	1	1	0.9052	0.6187
56	866	1	1425.3033	10	10	0	1	1	0.9053	0.5573
56	867	1	1426.8532	9	2	0	1	1	0.9054	0.5437
56	868	1	1428.4033	8	12	0	1	1	0.9055	0.6736
56	869	1	1429.9533	7	9	0	1	1	0.9056	0.6589
56	870	1	1431.5033	4	14	0	1	1	0.9057	0.6296
56	871	1	1433.0533	7	9	90	0	1	0.9047	0.7914
56	872	1	1434.6034	5	4	0	1	1	0.9048	0.8895
56	873	1	1436.1534	8	12	0	1	1	0.9049	0.6834
56	874	1	1437.7033	6	5	0	1	1	0.9050	0.7339
56	875	1	1439.2534	4	14	0	1	1	0.9051	0.6229
56	876	1	1440.8034	3	6	0	1	1	0.9053	0.6895
56	877	1	1442.3534	15	8	0	1	1	0.9054	0.5316
56	878	1	1443.9034	3	6	0	1	1	0.9055	0.6296
56	879	1	1445.4534	15	8	0	1	1	0.9056	0.5994
56	880	1	1447.0034	3	6	0	1	1	0.9057	0.6972
56	881	1	1448.5534	15	8	0	1	1	0.9058	0.6036
56	882	1	1450.1034	3	6	0	1	1	0.9059	0.6374
56	883	1	1451.6534	15	8	0	1	1	0.9060	0.6074
56	884	1	1453.2034	3	6	0	1	1	0.9061	0.6093
56	885	1	1454.7534	2	11	0	1	1	0.9062	0.6595
56	886	1	1456.3034	15	8	0	1	1	0.9063	0.7888
56	887	1	1457.8534	14	7	0	1	1	0.9064	0.6154
56	888	1	1459.4034	15	8	0	1	1	0.9065	0.5216
56	889	1	1460.9534	2	11	90	0	1	0.9055	0.9708
56	890	1	1462.5035	1	15	90	1	1	0.9056	1.1175
56	891	1	1464.0533	14	7	0	1	1	0.9057	0.6070
56	892	1	1465.6034	13	1	0	1	1	0.9058	0.6568
56	893	1	1467.1535	14	7	90	1	1	0.9059	0.7712
56	894	1	1468.7034	2	11	0	1	1	0.9060	0.8055
56	895	1	1470.2535	3	6	90	1	1	0.9061	1.2069
56	896	1	1471.8034	4	14	0	1	1	0.9063	0.6488
56	897	1	1473.3535	7	9	0	1	1	0.9064	0.5873
56	898	1	1474.9034	4	14	0	1	1	0.9065	0.6048
56	899	1	1476.4535	3	6	0	1	1	0.9066	0.7035
56	900	1	1478.0035	15	8	0	1	1	0.9067	0.6255
56	901	1	1479.5535	14	7	0	1	1	0.9068	0.6588
56	902	1	1481.1035	1	15	0	1	1	0.9069	0.7735
56	903	1	1482.6536	3	6	0	1	1	0.9070	0.6151
56	904	1	1484.2035	2	11	0	1	1	0.9071	0.7928
56	905	1	1485.7535	3	6	0	1	1	0.9072	0.5711
56	906	1	1487.3036	15	8	90	1	1	0.9073	0.8770
56	907	1	1488.8536	2	11	90	1	1	0.9074	0.7667
56	908	1	1490.4036	14	7	0	1	1	0.9075	0.6092
56	909	1	1491.9536	13	1	0	1	1	0.9076	0.6754
56	910	1	1493.5035	10	10	0	1	1	0.9077	0.7568
56	911	1	1495.0535	11	13	0	1	1	0.9078	1.0953
56	912	1	1496.6035	9	2	90	1	1	0.9079	1.0175
56	913	1	1498.1535	12	3	0	1	1	0.9080	0.6988
56	914	1	1499.7035	11	13	0	0	1	0.9070	0.9576
56	915	1	1501.2536	10	10	0	1	1	0.9071	0.7347
56	916	1	1502.8035	9	2	0	1	1	0.9072	0.6894
56	917	1	1504.3536	12	3	0	1	1	0.9073	0.8508
56	918	1	1505.9035	10	10	0	1	1	0.9074	0.8056
56	919	1	1507.4535	12	3	90	1	1	0.9075	0.8554
56	920	1	1509.0036	10	10	0	1	1	0.9076	0.5368
56	921	1	1510.5535	13	1	0	1	1	0.9077	0.6835
56	922	1	1512.1036	10	10	90	1	1	0.9078	0.8932
56	923	1	1513.6536	9	2	0	1	1	0.9079	1.0234
56	924	1	1515.2035	11	13	0	1	1	0.9080	0.8008
56	925	1	1516.7536	10	10	0	1	1	0.9081	0.5635
56	926	1	1518.3036	12	3	0	1	1	0.9082	0.5974
56	927	1	1519.8536	13	1	0	1	1	0.9083	0.8068
56	928	1	1521.4036	11	13	0	1	1	0.9084	0.7294
56	929	1	1522.9536	10	10	0	1	1	0.9085	0.6995
56	930	1	1524.5037	13	1	0	1	1	0.9086	0.8132
56	931	1	1526.0536	10	10	0	1	1	0.9087	0.6553
56	932	1	1527.6036	9	2	90	1	1	0.9088	0.9134
56	933	1	1529.1535	10	10	0	1	1	0.9089	0.7072
56	934	1	1530.7035	9	2	0	1	1	0.9090	0.7248
56	935	1	1532.2535	10	10	0	1	1	0.9091	0.8228
56	936	1	1533.8036	12	3	90	1	1	0.9092	1.0007
56	937	1	1535.3537	10	10	90	1	1	0.9093	0.9073
56	938	1	1536.9036	9	2	0	1	1	0.9094	0.8611
56	939	1	1538.4536	10	10	0	1	1	0.9095	0.7195
56	940	1	1540.0036	13	1	0	1	1	0.9096	0.7534
56	941	1	1541.5538	12	3	0	1	1	0.9097	0.6746
56	942	1	1543.1036	13	1	0	1	1	0.9098	0.6774
56	943	1	1544.6536	11	13	0	1	1	0.9099	0.8075
56	944	1	1546.2036	12	3	0	1	1	0.9100	0.7294
56	945	1	1547.7536	11	13	0	1	1	0.9101	0.8594
56	946	1	1549.3037	13	1	0	1	1	0.9101	0.7327
56	947	1	1550.8536	14	7	0	1	1	0.9102	0.8148
56	948	1	1552.4036	2	11	90	1	1	0.9103	1.3132
56	949	1	1553.9536	15	8	90	1	1	0.9104	0.8515
56	950	1	1555.5036	2	11	0	1	1	0.9105	0.7568
56	951	1	1557.0536	14	7	0	1	1	0.9106	0.7268
56	952	1	1558.6038	1	15	0	1	1	0.9107	0.7453
56	953	1	1560.1537	2	11	0	1	1	0.9108	0.8432
56	954	1	1561.7037	14	7	0	1	1	0.9109	0.7488
56	955	1	1563.2537	15	8	90	1	1	0.9110	0.9435
56	956	1	1564.8037	14	7	0	1	1	0.9111	0.6734
56	957	1	1566.3537	15	8	0	1	1	0.9112	0.7546
56	958	1	1567.9036	1	15	0	1	1	0.9113	0.7252
56	959	1	1569.4537	14	7	0	1	1	0.9114	0.5994
56	960	1	1571.0037	13	1	0	1	1	0.9115	0.6975
56	961	1	1572.5539	11	13	90	0	1	0.9105	0.3953
56	962	1	1574.1037	10	10	0	1	1	0.9106	0.9892
56	963	1	1575.6538	12	3	0	1	1	0.9107	0.5746
56	964	1	1577.2037	9	2	0	1	1	0.9108	0.6572
56	965	1	1578.7537	11	13	0	1	1	0.9109	1.2994
56	966	1	1580.3038	12	3	0	1	1	0.9110	0.7090
56	967	1	1581.8537	11	13	0	1	1	0.9111	0.8393
56	968	1	1583.4037	13	1	0	1	1	0.9112	0.6976
56	969	1	1584.9537	14	7	0	1	1	0.9112	0.5871
56	970	1	1586.5037	1	15	0	1	1	0.9113	0.6053
56	971	1	1588.0537	2	11	90	1	1	0.9114	0.7832
56	972	1	1589.6038	15	8	0	1	1	0.9115	0.6092
56	973	1	1591.1538	14	7	0	1	1	0.9116	0.6431
56	974	1	1592.7038	15	8	0	1	1	0.9117	0.8531
56	975	1	1594.2538	2	11	0	1	1	0.9118	0.9514
56	976	1	1595.8037	15	8	0	1	1	0.9119	0.7452
56	977	1	1597.3538	1	15	0	1	1	0.9120	0.6347
56	978	1	1598.9037	14	7	0	1	1	0.9121	0.6855
56	979	1	1600.4538	13	1	0	1	1	0.9122	0.6871
56	980	1	1602.0038	11	13	0	1	1	0.9122	0.9453
56	981	1	1603.5538	12	3	0	1	1	0.9123	0.8027
56	982	1	1605.1037	13	1	0	1	1	0.9124	0.6942
56	983	1	1606.6538	12	3	0	1	1	0.9125	0.5993
56	984	1	1608.2038	9	2	90	1	1	0.9126	0.9050
56	985	1	1609.7538	8	12	0	1	1	0.9127	0.8593
56	986	1	1611.3039	7	9	90	1	1	0.9128	0.9250
56	987	1	1612.8538	4	14	0	1	1	0.9129	0.7834
56	988	1	1614.4039	6	5	0	1	1	0.9130	0.7370
56	989	1	1615.9539	8	12	90	1	1	0.9130	0.9309
56	990	1	1617.5037	7	9	0	1	1	0.9131	0.8207
56	991	1	1619.0539	4	14	0	1	1	0.9132	0.6305
56	992	1	1620.6038	7	9	0	1	1	0.9133	0.7448
56	993	1	1622.1538	5	4	0	1	1	0.9134	0.7471
56	994	1	1623.7040	7	9	90	1	1	0.9135	0.7816
56	995	1	1625.2538	4	14	90	1	1	0.9136	0.7986
56	996	1	1626.8037	7	9	0	1	1	0.9137	0.8652
56	997	1	1628.3537	5	4	0	1	1	0.9137	0.7074
56	998	1	1629.9038	4	14	0	1	1	0.9138	0.6292
56	999	1	1631.4538	5	4	0	1	1	0.9139	0.5834
56	1000	1	1633.0040	4	14	0	1	1	0.9140	0.7612
56	1001	1	1634.5540	6	5	90	1	1	0.9141	0.7952
56	1002	1	1636.1039	8	12	0	1	1	0.9142	0.9573
56	1003	1	1637.6539	6	5	90	1	1	0.9143	0.8953
56	1004	1	1639.2038	5	4	90	1	1	0.9143	0.9287
56	1005	1	1640.7538	4	14	0	1	1	0.9144	0.6588
56	1006	1	1642.3038	6	5	0	1	1	0.9145	0.6772
56	1007	1	1643.8539	4	14	0	1	1	0.9146	0.6790
56	1008	1	1645.4040	7	9	90	1	1	0.9147	0.8572
56	1009	1	1646.9539	4	14	0	1	1	0.9148	0.6673
56	1010	1	1648.5039	7	9	0	1	1	0.9149	0.6686
56	1011	1	1650.0539	5	4	90	1	1	0.9149	0.9919
56	1012	1	1651.6040	7	9	90	1	1	0.9150	0.8168
56	1013	1	1653.1539	6	5	0	1	1	0.9151	0.7394
56	1014	1	1654.7039	5	4	90	1	1	0.9152	0.8053
56	1015	1	1656.2539	7	9	0	1	1	0.9153	0.7106
56	1016	1	1657.8039	5	4	90	1	1	0.9154	0.9213
56	1017	1	1659.3539	7	9	0	1	1	0.9154	0.7793
56	1018	1	1660.9039	8	12	0	1	1	0.9155	0.7813
56	1019	1	1662.4539	9	2	90	1	1	0.9156	1.1034
56	1020	1	1664.0039	11	13	90	1	1	0.9157	0.8814
56	1021	1	1665.5539	13	1	0	1	1	0.9158	0.7394
56	1022	1	1667.1040	14	7	90	1	1	0.9159	0.8530
56	1023	1	1668.6539	15	8	0	1	1	0.9159	0.8707
56	1024	1	1670.2038	3	6	0	1	1	0.9160	0.7927
56	1025	1	1671.7540	1	15	0	1	1	0.9161	0.8754
56	1026	1	1673.3040	3	6	0	1	1	0.9162	0.7973
56	1027	1	1674.8540	2	11	0	1	1	0.9163	0.8315
56	1028	1	1676.4040	14	7	0	1	1	0.9163	0.9610
56	1029	1	1677.9540	2	11	0	1	1	0.9164	0.7393
56	1030	1	1679.5039	1	15	0	1	1	0.9165	0.6766
56	1031	1	1681.0540	2	11	0	1	1	0.9166	0.6951
56	1032	1	1682.6040	15	8	0	1	1	0.9167	0.6645
56	1033	1	1684.1540	14	7	90	1	1	0.9167	0.8586
56	1034	1	1685.7040	1	15	0	1	1	0.9168	0.7176
56	1035	1	1687.2539	2	11	0	1	1	0.9169	0.6546
56	1036	1	1688.8039	1	15	90	1	1	0.9170	0.8331
56	1037	1	1690.3540	3	6	90	1	1	0.9171	0.8832
56	1038	1	1691.9040	2	11	90	1	1	0.9171	1.1565
56	1039	1	1693.4541	1	15	90	1	1	0.9172	0.9825
56	1040	1	1695.0039	2	11	0	1	1	0.9173	0.6814
56	1041	1	1696.5542	3	6	0	1	1	0.9174	0.8110
56	1042	1	1698.1041	1	15	0	1	1	0.9175	1.1165
56	1043	1	1699.6540	3	6	0	1	1	0.9175	0.6551
56	1044	1	1701.2039	15	8	0	1	1	0.9176	0.6414
56	1045	1	1702.7540	1	15	0	1	1	0.9177	0.6749
56	1046	1	1704.3040	15	8	90	1	1	0.9178	0.7416
56	1047	1	1705.8540	3	6	0	1	1	0.9179	0.8710
56	1048	1	1707.4040	1	15	0	1	1	0.9179	0.7292
56	1049	1	1708.9541	3	6	90	1	1	0.9180	0.8590
56	1050	1	1710.5040	1	15	0	1	1	0.9181	0.6369
56	1051	1	1712.0540	15	8	90	1	1	0.9182	0.8633
56	1052	1	1713.6041	14	7	0	1	1	0.9183	0.6572
56	1053	1	1715.1541	13	1	0	1	1	0.9183	0.8029
56	1054	1	1716.7041	10	10	0	1	1	0.9184	0.6286
56	1055	1	1718.2541	11	13	0	1	1	0.9185	0.9353
56	1056	1	1719.8041	10	10	90	1	1	0.9186	1.1932
56	1057	1	1721.3541	11	13	0	1	1	0.9186	1.0826
56	1058	1	1722.9041	12	3	0	1	1	0.9187	0.8772
56	1059	1	1724.4542	10	10	0	1	1	0.9188	1.0229
56	1060	1	1726.0040	9	2	90	0	1	0.9179	1.1696
56	1061	1	1727.5543	8	12	0	1	1	0.9180	0.7069
56	1062	1	1729.1040	9	2	0	1	1	0.9181	0.8210
56	1063	1	1730.6541	8	12	0	1	1	0.9182	0.8546
56	1064	1	1732.2040	7	9	0	1	1	0.9182	0.9526
56	1065	1	1733.7541	5	4	0	1	1	0.9183	0.8273
56	1066	1	1735.3041	8	12	90	1	1	0.9184	0.9572
56	1067	1	1736.8541	5	4	0	1	1	0.9185	0.7032
56	1068	1	1738.4042	8	12	0	1	1	0.9185	0.8330
56	1069	1	1739.9541	7	9	0	1	1	0.9186	0.7072
56	1070	1	1741.5042	5	4	0	1	1	0.9187	0.7090
56	1071	1	1743.0541	8	12	0	1	1	0.9188	0.6950
56	1072	1	1744.6041	6	5	90	1	1	0.9188	0.7767
56	1073	1	1746.1541	5	4	90	1	1	0.9189	0.7953
56	1074	1	1747.7041	8	12	0	1	1	0.9190	0.6851
56	1075	1	1749.2541	7	9	0	1	1	0.9191	0.8472
56	1076	1	1750.8042	5	4	0	1	1	0.9191	0.7049
56	1077	1	1752.3541	8	12	0	1	1	0.9192	0.7233
56	1078	1	1753.9042	5	4	90	1	1	0.9193	0.8371
56	1079	1	1755.4541	8	12	0	1	1	0.9194	0.8233
56	1080	1	1757.0042	5	4	0	1	1	0.9194	0.6324
56	1081	1	1758.5541	4	14	0	1	1	0.9195	0.6673
56	1082	1	1760.1042	5	4	0	1	1	0.9196	0.6849
56	1083	1	1761.6541	4	14	0	1	1	0.9197	0.6551
56	1084	1	1763.2042	6	5	0	1	1	0.9197	0.7364
56	1085	1	1764.7542	7	9	0	1	1	0.9198	0.6752
56	1086	1	1766.3042	8	12	0	1	1	0.9199	0.6925
56	1087	1	1767.8542	9	2	0	1	1	0.9200	1.0152
56	1088	1	1769.4041	8	12	0	1	1	0.9200	0.7450
56	1089	1	1770.9543	9	2	0	1	1	0.9201	0.7143
56	1090	1	1772.5043	11	13	0	1	1	0.9202	1.2612
56	1091	1	1774.0542	10	10	0	1	1	0.9203	0.8144
56	1092	1	1775.6042	11	13	0	1	1	0.9203	0.9930
56	1093	1	1777.1543	13	1	0	1	1	0.9204	0.7065
56	1094	1	1778.7042	10	10	0	1	1	0.9205	0.6292
56	1095	1	1780.2542	11	13	0	1	1	0.9205	0.8064
56	1096	1	1781.8042	9	2	0	1	1	0.9206	0.6012
56	1097	1	1783.3541	12	3	0	1	1	0.9207	0.6989
56	1098	1	1784.9042	11	13	0	1	1	0.9208	0.6532
56	1099	1	1786.4543	10	10	0	1	1	0.9208	0.7503
56	1100	1	1788.0042	11	13	90	0	1	0.9200	0.9770
56	1101	1	1789.5544	12	3	0	1	1	0.9201	0.7069
56	1102	1	1791.1042	9	2	0	1	1	0.9201	0.5964
56	1103	1	1792.6543	10	10	0	1	1	0.9202	0.5184
56	1104	1	1794.2043	12	3	0	1	1	0.9203	0.6329
56	1105	1	1795.7543	10	10	0	1	1	0.9204	0.5544
56	1106	1	1797.3043	12	3	0	1	1	0.9204	0.5559
56	1107	1	1798.8542	11	13	90	0	1	0.9196	0.9430
56	1108	1	1800.4042	12	3	0	1	1	0.9197	0.7531
56	1109	1	1801.9543	10	10	0	1	1	0.9197	1.1228
56	1110	1	1803.5042	13	1	0	1	1	0.9198	0.9485
56	1111	1	1805.0543	11	13	0	1	1	0.9199	1.0790
56	1112	1	1806.6044	10	10	0	1	1	0.9200	1.1770
56	1113	1	1808.1544	13	1	0	1	1	0.9200	0.6984
56	1114	1	1809.7043	10	10	0	1	1	0.9201	0.5405
56	1115	1	1811.2543	9	2	0	1	1	0.9202	0.4469
56	1116	1	1812.8043	8	12	0	1	1	0.9203	0.6730
56	1117	1	1814.3543	9	2	0	1	1	0.9203	0.6750
56	1118	1	1815.9043	12	3	90	1	1	0.9204	1.1892
56	1119	1	1817.4543	13	1	0	1	1	0.9205	1.0949
56	1120	1	1819.0042	10	10	0	1	1	0.9205	0.9372
56	1121	1	1820.5545	12	3	0	1	1	0.9206	0.9389
56	1122	1	1822.1044	11	13	0	0	1	0.9198	1.0051
56	1123	1	1823.6543	10	10	0	1	1	0.9199	0.5104
56	1124	1	1825.2043	12	3	0	1	1	0.9199	0.8490
56	1125	1	1826.7543	11	13	0	1	1	0.9200	0.9471
56	1126	1	1828.3045	10	10	0	1	1	0.9201	0.6603
56	1127	1	1829.8543	11	13	0	1	1	0.9201	0.5830
56	1128	1	1831.4043	9	2	90	1	1	0.9202	0.9211
56	1129	1	1832.9544	8	12	0	1	1	0.9203	0.6670
56	1130	1	1834.5043	6	5	0	1	1	0.9204	0.6852
56	1131	1	1836.0544	8	12	0	1	1	0.9204	0.7030
56	1132	1	1837.6043	7	9	0	1	1	0.9205	0.6409
56	1133	1	1839.1543	8	12	90	1	1	0.9206	0.9308
56	1134	1	1840.7044	9	2	0	1	1	0.9206	0.8211
56	1135	1	1842.2543	11	13	0	1	1	0.9207	0.8224
56	1136	1	1843.8043	12	3	90	1	1	0.9208	1.0164
56	1137	1	1845.3543	9	2	0	1	1	0.9208	0.6665
56	1138	1	1846.9044	12	3	0	1	1	0.9209	0.7812
56	1139	1	1848.4544	11	13	0	1	1	0.9210	1.3270
56	1140	1	1850.0045	13	1	0	1	1	0.9211	0.7683
56	1141	1	1851.5546	11	13	90	1	1	0.9211	0.7228
56	1142	1	1853.1043	10	10	0	1	1	0.9212	0.6605
56	1143	1	1854.6544	11	13	0	1	1	0.9213	0.5510
56	1144	1	1856.2044	12	3	0	1	1	0.9213	0.8730
56	1145	1	1857.7544	11	13	90	1	1	0.9214	0.6188
56	1146	1	1859.3044	12	3	0	1	1	0.9215	0.6211
56	1147	1	1860.8544	10	10	0	1	1	0.9215	0.6225
56	1148	1	1862.4046	13	1	0	1	1	0.9216	0.6415
56	1149	1	1863.9544	14	7	0	1	1	0.9217	0.7383
56	1150	1	1865.5044	15	8	0	1	1	0.9217	0.6608
56	1151	1	1867.0544	3	6	0	1	1	0.9218	0.6948
56	1152	1	1868.6044	1	15	0	1	1	0.9219	0.6964
56	1153	1	1870.1544	2	11	0	1	1	0.9219	0.9549
56	1154	1	1871.7044	3	6	0	1	1	0.9220	0.6684
56	1155	1	1873.2544	4	14	0	1	1	0.9221	0.6705
56	1156	1	1874.8045	5	4	90	1	1	0.9221	0.9443
56	1157	1	1876.3544	7	9	0	1	1	0.9222	0.8184
56	1158	1	1877.9045	5	4	0	1	1	0.9223	0.9487
56	1159	1	1879.4544	4	14	0	1	1	0.9223	0.6311
56	1160	1	1881.0044	3	6	0	1	1	0.9224	0.7283
56	1161	1	1882.5545	15	8	90	1	1	0.9225	0.8587
56	1162	1	1884.1045	1	15	0	1	1	0.9225	0.6683
56	1163	1	1885.6545	3	6	0	1	1	0.9226	0.7508
56	1164	1	1887.2045	2	11	0	1	1	0.9227	0.6883
56	1165	1	1888.7545	14	7	0	1	1	0.9227	0.6910
56	1166	1	1890.3044	1	15	0	1	1	0.9228	0.6929
56	1167	1	1891.8545	14	7	0	1	1	0.9229	0.5830
56	1168	1	1893.4044	13	1	90	0	1	0.9221	1.1767
56	1169	1	1894.9545	14	7	90	1	1	0.9222	0.9384
56	1170	1	1896.5044	2	11	0	1	1	0.9222	0.6372
56	1171	1	1898.0545	14	7	90	1	1	0.9223	0.7990
56	1172	1	1899.6044	15	8	0	1	1	0.9224	0.6407
56	1173	1	1901.1544	2	11	0	1	1	0.9224	0.6591
56	1174	1	1902.7045	15	8	90	1	1	0.9225	0.9963
56	1175	1	1904.2545	14	7	0	1	1	0.9226	0.5983
56	1176	1	1905.8045	15	8	0	1	1	0.9226	0.6649
56	1177	1	1907.3544	1	15	90	0	1	0.9218	0.8263
56	1178	1	1908.9046	3	6	0	1	1	0.9219	0.7648
56	1179	1	1910.4546	2	11	0	1	1	0.9220	0.6386
56	1180	1	1912.0045	3	6	0	1	1	0.9220	0.6090
56	1181	1	1913.5545	2	11	0	1	1	0.9221	0.5949
56	1182	1	1915.1045	1	15	0	1	1	0.9222	0.6282
56	1183	1	1916.6546	15	8	0	1	1	0.9222	0.5983
56	1184	1	1918.2046	1	15	0	1	1	0.9223	0.6969
56	1185	1	1919.7546	14	7	0	1	1	0.9224	0.6037
56	1186	1	1921.3046	15	8	0	1	1	0.9224	0.6366
56	1187	1	1922.8545	14	7	0	1	1	0.9225	0.4948
56	1188	1	1924.4046	1	15	0	1	1	0.9226	0.6409
56	1189	1	1925.9546	14	7	0	1	1	0.9226	0.7226
56	1190	1	1927.5046	1	15	90	1	1	0.9227	0.8523
56	1191	1	1929.0547	3	6	0	1	1	0.9228	0.6782
56	1192	1	1930.6046	15	8	0	1	1	0.9228	0.6963
56	1193	1	1932.1546	14	7	0	1	1	0.9229	0.5542
56	1194	1	1933.7046	15	8	0	1	1	0.9229	0.6523
56	1195	1	1935.2546	1	15	0	1	1	0.9230	0.6547
56	1196	1	1936.8046	2	11	0	1	1	0.9231	0.8331
56	1197	1	1938.3546	1	15	0	1	1	0.9231	0.5782
56	1198	1	1939.9045	2	11	0	1	1	0.9232	0.8210
56	1199	1	1941.4547	1	15	90	0	1	0.9224	0.5981
56	1200	1	1943.0046	15	8	0	1	1	0.9225	0.5849
56	1201	1	1944.5548	14	7	0	1	1	0.9226	0.7468
56	1202	1	1946.1046	1	15	0	1	1	0.9226	0.6687
56	1203	1	1947.6548	14	7	0	1	1	0.9227	0.6068
56	1204	1	1949.2046	1	15	0	1	1	0.9228	0.5608
56	1205	1	1950.7546	15	8	0	1	1	0.9228	0.6109
56	1206	1	1952.3046	2	11	0	1	1	0.9229	0.5487
56	1207	1	1953.8546	1	15	0	1	1	0.9229	0.5030
56	1208	1	1955.4046	15	8	90	1	1	0.9230	0.8404
56	1209	1	1956.9547	1	15	0	1	1	0.9231	0.5702
56	1210	1	1958.5046	15	8	0	1	1	0.9231	0.6362
56	1211	1	1960.0548	1	15	0	1	1	0.9232	0.5747
56	1212	1	1961.6047	3	6	0	1	1	0.9233	0.7848
56	1213	1	1963.1547	1	15	0	1	1	0.9233	0.5623
56	1214	1	1964.7047	3	6	0	1	1	0.9234	0.4529
56	1215	1	1966.2547	4	14	0	1	1	0.9235	0.4870
56	1216	1	1967.8047	5	4	0	1	1	0.9235	0.6169
56	1217	1	1969.3547	4	14	90	1	1	0.9236	0.9385
56	1218	1	1970.9047	3	6	0	1	1	0.9236	0.6522
56	1219	1	1972.4548	4	14	0	1	1	0.9237	0.6870
56	1220	1	1974.0047	6	5	0	1	1	0.9238	0.7369
56	1221	1	1975.5547	4	14	0	1	1	0.9238	0.6582
56	1222	1	1977.1047	3	6	0	1	1	0.9239	0.6130
56	1223	1	1978.6547	2	11	0	1	1	0.9240	0.6789
56	1224	1	1980.2046	15	8	0	1	1	0.9240	0.7447
56	1225	1	1981.7547	1	15	0	1	1	0.9241	0.7310
56	1226	1	1983.3047	15	8	0	1	1	0.9241	0.6369
56	1227	1	1984.8547	14	7	0	1	1	0.9242	0.6226
56	1228	1	1986.4047	15	8	0	1	1	0.9243	0.6888
56	1229	1	1987.9547	14	7	0	1	1	0.9243	0.7869
56	1230	1	1989.5047	15	8	0	1	1	0.9244	0.7088
56	1231	1	1991.0547	2	11	90	1	1	0.9245	0.8229
56	1232	1	1992.6048	14	7	0	1	1	0.9245	0.5529
56	1233	1	1994.1547	13	1	0	1	1	0.9246	0.6828
56	1234	1	1995.7047	11	13	0	1	1	0.9246	1.2926
56	1235	1	1997.2546	13	1	0	1	1	0.9247	0.6388
56	1236	1	1998.8048	11	13	0	1	1	0.9248	0.6562
56	1237	1	2000.3548	10	10	0	1	1	0.9248	0.5628
56	1238	1	2001.9048	12	3	0	1	1	0.9249	0.6283
56	1239	1	2003.4548	9	2	90	1	1	0.9249	0.8385
56	1240	1	2005.0047	10	10	90	1	1	0.9250	0.9850
56	1241	1	2006.5549	12	3	0	1	1	0.9251	1.2105
56	1242	1	2008.1048	13	1	0	1	1	0.9251	0.7005
56	1243	1	2009.6548	10	10	0	1	1	0.9252	0.6225
56	1244	1	2011.2048	9	2	0	1	1	0.9252	0.6242
56	1245	1	2012.7548	12	3	0	1	1	0.9253	0.6265
56	1246	1	2014.3049	13	1	90	1	1	0.9254	0.8525
56	1247	1	2015.8548	14	7	0	1	1	0.9254	0.6466
56	1248	1	2017.4047	2	11	0	1	1	0.9255	0.6803
56	1249	1	2018.9548	1	15	0	1	1	0.9255	0.7308
56	1250	1	2020.5049	2	11	0	1	1	0.9256	0.6521
56	1251	1	2022.0548	1	15	0	1	1	0.9257	0.6545
56	1252	1	2023.6048	15	8	0	1	1	0.9257	0.6726
56	1253	1	2025.1548	2	11	0	1	1	0.9258	0.5462
56	1254	1	2026.7048	15	8	90	1	1	0.9258	0.7568
56	1255	1	2028.2548	2	11	0	1	1	0.9259	0.7261
56	1256	1	2029.8047	14	7	0	1	1	0.9260	0.9849
56	1257	1	2031.3549	15	8	0	1	1	0.9260	0.6501
56	1258	1	2032.9049	3	6	0	1	1	0.9261	0.7009
56	1259	1	2034.4549	1	15	0	1	1	0.9261	0.6548
56	1260	1	2036.0048	2	11	0	1	1	0.9262	0.6728
56	1261	1	2037.5550	15	8	0	1	1	0.9262	0.5304
56	1262	1	2039.1048	14	7	90	1	1	0.9263	0.8207
56	1263	1	2040.6549	15	8	0	1	1	0.9264	0.5189
56	1264	1	2042.2049	14	7	0	1	1	0.9264	0.6489
56	1265	1	2043.7549	13	1	0	1	1	0.9265	0.8108
56	1266	1	2045.3049	10	10	0	1	1	0.9265	1.1172
56	1267	1	2046.8549	11	13	0	1	1	0.9266	0.8628
56	1268	1	2048.4050	10	10	0	1	1	0.9267	0.8321
56	1269	1	2049.9549	9	2	0	1	1	0.9267	1.0268
56	1270	1	2051.5049	10	10	90	1	1	0.9268	1.0768
56	1271	1	2053.0548	13	1	0	1	1	0.9268	0.6142
56	1272	1	2054.6049	10	10	0	1	1	0.9269	0.5528
56	1273	1	2056.1549	13	1	0	1	1	0.9269	0.6501
56	1274	1	2057.7049	10	10	90	1	1	0.9270	0.8121
56	1275	1	2059.2548	9	2	0	1	1	0.9271	0.9267
56	1276	1	2060.8049	8	12	90	1	1	0.9271	0.9608
56	1277	1	2062.3550	6	5	90	1	1	0.9272	0.7707
56	1278	1	2063.9049	5	4	0	1	1	0.9272	0.8045
56	1279	1	2065.4551	6	5	0	1	1	0.9273	0.7427
56	1280	1	2067.0049	8	12	0	1	1	0.9273	0.8081
56	1281	1	2068.5548	6	5	0	1	1	0.9274	0.6341
56	1282	1	2070.1049	7	9	0	1	1	0.9275	0.6841
56	1283	1	2071.6549	4	14	0	1	1	0.9275	0.6706
56	1284	1	2073.2050	3	6	0	1	1	0.9276	0.7364
56	1285	1	2074.7550	4	14	0	1	1	0.9276	0.5620
56	1286	1	2076.3050	3	6	0	1	1	0.9277	0.5968
56	1287	1	2077.8549	2	11	0	1	1	0.9277	0.8388
56	1288	1	2079.4049	15	8	0	1	1	0.9278	0.6648
56	1289	1	2080.9550	2	11	0	1	1	0.9279	0.6985
56	1290	1	2082.5049	15	8	0	1	1	0.9279	0.6521
56	1291	1	2084.0550	14	7	0	1	1	0.9280	0.6547
56	1292	1	2085.6050	13	1	0	1	1	0.9280	0.6888
56	1293	1	2087.1550	10	10	0	1	1	0.9281	0.5946
56	1294	1	2088.7050	13	1	0	1	1	0.9281	0.5321
56	1295	1	2090.2550	10	10	0	1	1	0.9282	0.5981
56	1296	1	2091.8049	12	3	0	1	1	0.9282	0.5041
56	1297	1	2093.3550	10	10	0	1	1	0.9283	0.5065
56	1298	1	2094.9049	9	2	0	1	1	0.9284	0.8602
56	1299	1	2096.4550	11	13	0	1	1	0.9284	0.9907
56	1300	1	2098.0050	12	3	0	1	1	0.9285	0.6568
56	1301	1	2099.5550	10	10	0	1	1	0.9285	0.6428
56	1302	1	2101.1050	11	13	0	1	1	0.9286	0.7401
56	1303	1	2102.6550	13	1	0	1	1	0.9286	0.6780
56	1304	1	2104.2050	14	7	0	1	1	0.9287	0.6325
56	1305	1	2105.7550	15	8	0	1	1	0.9287	0.5868
56	1306	1	2107.3051	2	11	0	1	1	0.9288	1.0207
56	1307	1	2108.8550	14	7	0	1	1	0.9288	0.6546
56	1308	1	2110.4051	13	1	90	0	1	0.9281	0.7847
56	1309	1	2111.9550	11	13	90	0	1	0.9274	1.2510
56	1310	1	2113.5051	12	3	90	1	1	0.9275	0.9485
56	1311	1	2115.0550	11	13	0	1	1	0.9275	0.9830
56	1312	1	2116.6049	12	3	90	1	1	0.9276	0.9528
56	1313	1	2118.1551	11	13	0	1	1	0.9276	0.9707
56	1314	1	2119.7050	10	10	0	1	1	0.9277	0.6533
56	1315	1	2121.2551	13	1	0	1	1	0.9278	0.6220
56	1316	1	2122.8051	12	3	0	1	1	0.9278	0.6247
56	1317	1	2124.3550	13	1	90	0	1	0.9271	1.2186
56	1318	1	2125.9051	10	10	90	0	1	0.9264	1.3640
56	1319	1	2127.4886	11	13	0	1	1	0.9265	0.9011
56	1320	1	2129.0383	10	10	90	1	1	0.9265	0.8550
56	1321	1	2130.5884	11	13	0	1	1	0.9266	0.8575
56	1322	1	2132.1384	13	1	0	1	1	0.9266	0.6831
56	1323	1	2133.6883	10	10	0	1	1	0.9267	0.5733
56	1324	1	2135.2383	11	13	0	1	1	0.9267	0.8634
56	1325	1	2136.7883	13	1	0	1	1	0.9268	0.6572
56	1326	1	2138.3384	10	10	0	1	1	0.9268	0.6431
56	1327	1	2139.8885	9	2	0	1	1	0.9269	0.7090
56	1328	1	2141.4384	8	12	90	0	1	0.9262	0.6467
56	1329	1	2142.9885	9	2	0	1	1	0.9263	0.7766
56	1330	1	2144.5385	11	13	0	1	1	0.9263	0.7947
56	1331	1	2146.0884	9	2	0	1	1	0.9264	0.6371
56	1332	1	2147.6385	8	12	0	1	1	0.9264	0.6554
56	1333	1	2149.1885	6	5	0	1	1	0.9265	0.8006
56	1334	1	2150.7385	5	4	0	1	1	0.9265	0.6107
56	1335	1	2152.2885	8	12	90	1	1	0.9266	0.9333
56	1336	1	2153.8385	5	4	90	1	1	0.9266	0.8231
56	1337	1	2155.3885	6	5	90	1	1	0.9267	0.8734
56	1338	1	2156.9384	5	4	90	1	1	0.9268	0.7634
56	1339	1	2158.4886	8	12	90	1	1	0.9268	0.8132
56	1340	1	2160.0385	5	4	0	1	1	0.9269	0.7187
56	1341	1	2161.5885	4	14	0	1	1	0.9269	0.7528
56	1342	1	2163.1385	3	6	90	1	1	0.9270	0.8834
56	1343	1	2164.6885	4	14	0	1	1	0.9270	0.6450
56	1344	1	2166.2385	6	5	0	1	1	0.9271	0.6466
56	1345	1	2167.7886	5	4	0	1	1	0.9271	0.6965
56	1346	1	2169.3385	7	9	0	1	1	0.9272	0.7794
56	1347	1	2170.8885	6	5	0	1	1	0.9272	0.6526
56	1348	1	2172.4385	4	14	0	1	1	0.9273	0.6066
56	1349	1	2173.9885	5	4	0	1	1	0.9274	0.5610
56	1350	1	2175.5384	8	12	90	1	1	0.9274	1.1071
56	1351	1	2177.0884	5	4	90	1	1	0.9275	0.8374
56	1352	1	2178.6386	7	9	0	1	1	0.9275	0.6629
56	1353	1	2180.1886	6	5	0	1	1	0.9276	0.8093
56	1354	1	2181.7386	5	4	0	1	1	0.9276	0.6673
56	1355	1	2183.2885	6	5	90	1	1	0.9277	1.0054
56	1356	1	2184.8386	5	4	90	0	1	0.9270	0.7671
56	1357	1	2186.3887	4	14	0	1	1	0.9270	0.7371
56	1358	1	2187.9385	7	9	0	1	1	0.9271	0.6586
56	1359	1	2189.4887	4	14	0	1	1	0.9272	0.8052
56	1360	1	2191.0385	5	4	0	1	1	0.9272	0.7111
56	1361	1	2192.5886	7	9	0	1	1	0.9273	0.6333
56	1362	1	2194.1385	8	12	0	0	1	0.9266	1.0995
56	1363	1	2195.6886	6	5	90	-1	0	0.9259	-1.0000
56	1364	1	2197.4220	5	4	90	1	1	0.9260	1.1918
56	1365	1	2198.9719	4	14	90	1	1	0.9260	1.1621
56	1366	1	2200.5219	7	9	90	1	1	0.9261	0.9560
56	1367	1	2202.0719	6	5	0	1	1	0.9261	1.1338
56	1368	1	2203.6219	5	4	0	1	1	0.9262	0.8005
56	1369	1	2205.1719	8	12	90	1	1	0.9262	0.9459
56	1370	1	2206.7219	7	9	0	1	1	0.9263	1.0593
56	1371	1	2208.2720	8	12	0	1	1	0.9263	0.8217
56	1372	1	2209.8220	7	9	0	1	1	0.9264	0.6313
56	1373	1	2211.3719	6	5	0	1	1	0.9264	0.6339
56	1374	1	2212.9219	7	9	0	1	1	0.9265	0.5880
56	1375	1	2214.4720	5	4	0	1	1	0.9265	0.6051
56	1376	1	2216.0220	4	14	0	1	1	0.9266	0.6400
56	1377	1	2217.5721	6	5	0	1	1	0.9267	0.8015
56	1378	1	2219.1220	5	4	0	1	1	0.9267	0.6278
56	1379	1	2220.6720	4	14	90	1	1	0.9268	0.8212
56	1380	1	2222.2220	5	4	0	1	1	0.9268	0.6633
56	1381	1	2223.7720	7	9	0	1	1	0.9269	0.7138
56	1382	1	2225.3220	5	4	0	1	1	0.9269	0.6040
56	1383	1	2226.8720	8	12	0	1	1	0.9270	0.7659
56	1384	1	2228.4220	9	2	0	1	1	0.9270	0.7358
56	1385	1	2229.9721	8	12	0	1	1	0.9271	0.6740
56	1386	1	2231.5219	6	5	0	1	1	0.9271	0.6761
56	1387	1	2233.0719	5	4	0	1	1	0.9272	0.5819
56	1388	1	2234.6220	6	5	0	1	1	0.9272	0.6320
56	1389	1	2236.1720	4	14	0	1	1	0.9273	0.6332
56	1390	1	2237.7220	5	4	0	1	1	0.9273	0.5398
56	1391	1	2239.2720	6	5	0	1	1	0.9274	0.5267
56	1392	1	2240.8219	4	14	0	1	1	0.9274	0.4641
56	1393	1	2242.3720	3	6	0	1	1	0.9275	0.8658
56	1394	1	2243.9220	2	11	0	1	1	0.9275	0.7396
56	1395	1	2245.4719	1	15	0	1	1	0.9276	0.6299
56	1396	1	2247.0219	3	6	0	1	1	0.9277	0.4873
56	1397	1	2248.5720	1	15	0	1	1	0.9277	0.6017
56	1398	1	2250.1220	3	6	0	1	1	0.9278	0.5881
56	1399	1	2251.6720	2	11	0	1	1	0.9278	0.7657
56	1400	1	2253.2220	3	6	0	1	1	0.9279	0.7353
56	1	2	1.0167	6	5	0	-1	0	NaN	-1.0000
56	2	2	2.5497	8	12	0	-1	0	NaN	-1.0000
56	3	2	4.0831	7	9	0	-1	0	NaN	-1.0000
56	4	2	5.6167	6	5	0	-1	0	NaN	-1.0000
56	5	2	7.1500	7	9	0	-1	0	NaN	-1.0000
56	6	2	8.6830	5	4	0	-1	0	NaN	-1.0000
56	7	2	10.2165	7	9	0	-1	0	NaN	-1.0000
56	8	2	11.7500	8	12	0	-1	0	NaN	-1.0000
56	9	2	13.2832	7	9	0	-1	0	NaN	-1.0000
56	10	2	14.8166	5	4	0	-1	0	NaN	-1.0000
56	11	2	16.3498	8	12	0	-1	0	NaN	-1.0000
56	12	2	17.8831	6	5	0	-1	0	NaN	-1.0000
56	13	2	19.4165	8	12	0	-1	0	NaN	-1.0000
56	14	2	20.9499	9	2	0	-1	1	1.0000	0.7882
56	15	2	22.4833	11	13	0	-1	1	0.5000	1.0304
56	16	2	24.0165	10	10	0	-1	0	0.5000	-1.0000
56	17	2	25.5499	9	2	0	-1	0	0.5000	-1.0000
56	18	2	27.0831	8	12	0	-1	0	0.5000	-1.0000
56	19	2	28.6166	7	9	0	-1	0	0.5000	-1.0000
56	20	2	30.1499	6	5	0	-1	0	0.5000	-1.0000
56	21	2	31.6833	5	4	0	-1	0	0.5000	-1.0000
56	22	2	33.2166	4	14	0	-1	0	0.5000	-1.0000
56	23	2	34.7499	3	6	0	-1	0	0.5000	-1.0000
56	24	2	36.2831	2	11	0	-1	0	0.5000	-1.0000
56	25	2	37.8168	1	15	0	-1	0	0.5000	-1.0000
56	26	2	39.3500	15	8	0	-1	0	0.5000	-1.0000
56	27	2	40.8834	14	7	0	-1	0	0.5000	-1.0000
56	28	2	42.4165	13	1	0	-1	0	0.5000	-1.0000
56	29	2	43.9500	12	3	0	-1	0	0.5000	-1.0000
56	30	2	45.4832	11	13	0	-1	1	0.3333	1.0067
56	31	2	47.0166	10	10	0	-1	0	0.3333	-1.0000
56	32	2	48.8333	12	3	0	-1	0	0.3333	-1.0000
56	33	2	50.3668	9	2	0	-1	0	0.3333	-1.0000
56	34	2	51.9000	12	3	0	-1	0	0.3333	-1.0000
56	35	2	53.4334	11	13	0	-1	0	0.3333	-1.0000
56	36	2	54.9665	12	3	0	-1	0	0.3333	-1.0000
56	37	2	56.4999	9	2	0	-1	0	0.3333	-1.0000
56	38	2	58.0333	10	10	0	-1	0	0.3333	-1.0000
56	39	2	59.5666	9	2	0	-1	0	0.3333	-1.0000
56	40	2	61.0999	12	3	0	-1	0	0.3333	-1.0000
56	41	2	62.6332	9	2	0	-1	0	0.3333	-1.0000
56	42	2	64.1666	11	13	0	-1	0	0.3333	-1.0000
56	43	2	65.7000	10	10	0	-1	0	0.3333	-1.0000
56	44	2	67.2333	13	1	0	-1	0	0.3333	-1.0000
56	45	2	68.7666	14	7	0	-1	0	0.3333	-1.0000
56	46	2	70.3000	15	8	0	-1	0	0.3333	-1.0000
56	47	2	71.8332	1	15	0	-1	0	0.3333	-1.0000
56	48	2	73.3668	2	11	0	-1	0	0.3333	-1.0000
56	49	2	74.9000	3	6	0	-1	0	0.3333	-1.0000
56	50	2	76.4334	4	14	0	-1	0	0.3333	-1.0000
56	51	2	77.9669	5	4	0	-1	0	0.3333	-1.0000
56	52	2	79.4999	6	5	0	-1	0	0.3333	-1.0000
56	53	2	81.0334	7	9	0	-1	0	0.3333	-1.0000
56	54	2	82.5667	8	12	0	-1	0	0.3333	-1.0000
56	55	2	84.1001	9	2	0	-1	0	0.3333	-1.0000
56	56	2	85.6333	10	10	0	-1	0	0.3333	-1.0000
56	57	2	87.1667	11	13	0	-1	1	0.2500	0.8594
56	58	2	88.7000	12	3	0	-1	0	0.2500	-1.0000
56	59	2	90.2333	13	1	0	-1	0	0.2500	-1.0000
56	60	2	91.7667	14	7	0	-1	0	0.2500	-1.0000
56	61	2	93.3001	1	15	0	-1	0	0.2500	-1.0000
56	62	2	94.8333	14	7	0	-1	0	0.2500	-1.0000
56	63	2	96.3666	13	1	0	-1	0	0.2500	-1.0000
56	64	2	97.9002	11	13	0	-1	0	0.2500	-1.0000
56	65	2	99.4334	9	2	0	-1	0	0.2500	-1.0000
56	66	2	100.9669	11	13	0	-1	0	0.2500	-1.0000
56	67	2	102.5002	13	1	0	-1	0	0.2500	-1.0000
56	68	2	104.0333	12	3	0	-1	0	0.2500	-1.0000
56	69	2	105.5666	13	1	0	-1	0	0.2500	-1.0000
56	70	2	107.1001	10	10	0	-1	0	0.2500	-1.0000
56	71	2	108.6336	9	2	0	-1	0	0.2500	-1.0000
56	72	2	110.1669	10	10	0	-1	0	0.2500	-1.0000
56	73	2	111.7001	13	1	0	-1	0	0.2500	-1.0000
56	74	2	113.2334	10	10	0	-1	0	0.2500	-1.0000
56	75	2	114.7669	11	13	0	-1	1	0.2000	1.2750
56	76	2	116.3001	12	3	0	-1	1	0.1667	0.0168
56	77	2	117.8334	13	1	0	-1	0	0.1667	-1.0000
56	78	2	119.3668	14	7	0	-1	0	0.1667	-1.0000
56	79	2	120.9003	15	8	0	-1	0	0.1667	-1.0000
56	80	2	122.4333	1	15	0	-1	0	0.1667	-1.0000
56	81	2	123.9668	2	11	0	-1	0	0.1667	-1.0000
56	82	2	125.5003	3	6	0	-1	0	0.1667	-1.0000
56	83	2	127.0335	4	14	0	-1	0	0.1667	-1.0000
56	84	2	128.5668	5	4	0	-1	0	0.1667	-1.0000
56	85	2	130.1000	6	5	0	-1	0	0.1667	-1.0000
56	86	2	131.6333	7	9	0	-1	0	0.1667	-1.0000
56	87	2	133.1669	8	12	0	-1	0	0.1667	-1.0000
56	88	2	134.7001	9	2	0	-1	0	0.1667	-1.0000
56	89	2	136.2335	10	10	0	-1	0	0.1667	-1.0000
56	90	2	137.7670	11	13	0	-1	0	0.1667	-1.0000
56	91	2	139.3002	10	10	0	-1	0	0.1667	-1.0000
56	92	2	140.8337	11	13	0	-1	0	0.1667	-1.0000
56	93	2	142.3668	12	3	0	-1	0	0.1667	-1.0000
56	94	2	143.9002	9	2	0	-1	0	0.1667	-1.0000
56	95	2	145.4334	12	3	0	-1	0	0.1667	-1.0000
56	96	2	146.9669	11	13	0	-1	0	0.1667	-1.0000
56	97	2	148.5002	9	2	0	-1	0	0.1667	-1.0000
56	98	2	150.0335	10	10	0	-1	0	0.1667	-1.0000
56	99	2	151.5668	12	3	0	-1	0	0.1667	-1.0000
56	100	2	153.1002	13	1	0	-1	0	0.1667	-1.0000
56	101	2	154.6335	12	3	0	-1	0	0.1667	-1.0000
56	102	2	156.1668	13	1	0	-1	0	0.1667	-1.0000
56	103	2	157.7002	10	10	0	-1	0	0.1667	-1.0000
56	104	2	159.2336	9	2	0	-1	0	0.1667	-1.0000
56	105	2	160.7671	11	13	0	-1	0	0.1667	-1.0000
56	106	2	162.3001	10	10	0	-1	0	0.1667	-1.0000
56	107	2	163.8335	9	2	0	-1	0	0.1667	-1.0000
56	108	2	165.3668	8	12	0	-1	0	0.1667	-1.0000
56	109	2	166.9002	7	9	0	-1	0	0.1667	-1.0000
56	110	2	168.4336	6	5	0	-1	0	0.1667	-1.0000
56	111	2	169.9668	5	4	0	-1	0	0.1667	-1.0000
56	112	2	171.5003	4	14	0	-1	0	0.1667	-1.0000
56	113	2	173.0335	3	6	0	-1	0	0.1667	-1.0000
56	114	2	174.5669	2	11	0	-1	0	0.1667	-1.0000
56	115	2	176.1002	1	15	0	-1	0	0.1667	-1.0000
56	116	2	177.6337	15	8	0	-1	0	0.1667	-1.0000
56	117	2	179.1669	14	7	0	-1	0	0.1667	-1.0000
56	118	2	180.7003	13	1	0	-1	0	0.1667	-1.0000
56	119	2	182.2336	12	3	0	-1	0	0.1667	-1.0000
56	120	2	183.7669	11	13	0	-1	1	0.1429	0.7711
56	121	2	185.3002	13	1	0	-1	0	0.1429	-1.0000
56	122	2	186.8335	11	13	0	-1	1	0.1250	0.7927
56	123	2	188.3669	12	3	0	-1	0	0.1250	-1.0000
56	124	2	189.9002	10	10	0	-1	0	0.1250	-1.0000
56	125	2	191.4335	13	1	0	-1	0	0.1250	-1.0000
56	126	2	192.9670	10	10	0	-1	0	0.1250	-1.0000
56	127	2	194.5004	12	3	0	-1	0	0.1250	-1.0000
56	128	2	196.0337	9	2	0	-1	0	0.1250	-1.0000
56	129	2	197.5669	11	13	0	-1	1	0.1111	0.9871
56	130	2	199.1003	12	3	0	-1	0	0.1111	-1.0000
56	131	2	200.6338	11	13	0	-1	0	0.1111	-1.0000
56	132	2	202.1669	9	2	0	-1	0	0.1111	-1.0000
56	133	2	203.7005	12	3	0	-1	0	0.1111	-1.0000
56	134	2	205.2337	9	2	0	-1	0	0.1111	-1.0000
56	135	2	206.7669	10	10	0	-1	0	0.1111	-1.0000
56	136	2	208.3003	9	2	0	-1	0	0.1111	-1.0000
56	137	2	209.8339	8	12	0	-1	0	0.1111	-1.0000
56	138	2	211.3672	7	9	0	-1	0	0.1111	-1.0000
56	139	2	212.9003	6	5	0	-1	0	0.1111	-1.0000
56	140	2	214.4336	5	4	0	-1	0	0.1111	-1.0000
56	141	2	215.9672	4	14	0	-1	0	0.1111	-1.0000
56	142	2	217.5004	3	6	0	-1	0	0.1111	-1.0000
56	143	2	219.0336	2	11	0	-1	0	0.1111	-1.0000
56	144	2	220.5670	1	15	0	-1	0	0.1111	-1.0000
56	145	2	222.1003	15	8	0	-1	0	0.1111	-1.0000
56	146	2	223.6336	14	7	0	-1	0	0.1111	-1.0000
56	147	2	225.1670	13	1	0	-1	0	0.1111	-1.0000
56	148	2	226.7004	12	3	0	-1	0	0.1111	-1.0000
56	149	2	228.2336	11	13	0	-1	0	0.1111	-1.0000
56	150	2	229.7671	10	10	0	-1	0	0.1111	-1.0000
56	151	2	231.3006	9	2	0	-1	0	0.1111	-1.0000
56	152	2	232.8337	10	10	0	-1	0	0.1111	-1.0000
56	153	2	234.3670	11	13	0	-1	0	0.1111	-1.0000
56	154	2	235.9004	13	1	0	-1	0	0.1111	-1.0000
56	155	2	237.4336	10	10	0	-1	0	0.1111	-1.0000
56	156	2	238.9670	9	2	0	-1	0	0.1111	-1.0000
56	157	2	240.5006	8	12	0	-1	0	0.1111	-1.0000
56	158	2	242.0338	6	5	0	-1	0	0.1111	-1.0000
56	159	2	243.5673	7	9	0	-1	0	0.1111	-1.0000
56	160	2	245.1004	4	14	0	-1	0	0.1111	-1.0000
56	161	2	246.6336	3	6	0	-1	0	0.1111	-1.0000
56	162	2	248.1671	4	14	0	-1	0	0.1111	-1.0000
56	163	2	249.7004	6	5	0	-1	0	0.1111	-1.0000
56	164	2	251.2337	5	4	0	-1	0	0.1111	-1.0000
56	165	2	252.7671	8	12	0	-1	0	0.1111	-1.0000
56	166	2	254.3005	7	9	0	-1	0	0.1111	-1.0000
56	167	2	255.8339	6	5	0	-1	0	0.1111	-1.0000
56	168	2	257.3671	5	4	0	-1	0	0.1111	-1.0000
56	169	2	258.9005	4	14	0	-1	0	0.1111	-1.0000
56	170	2	260.4338	3	6	0	-1	0	0.1111	-1.0000
56	171	2	261.9671	2	11	0	-1	0	0.1111	-1.0000
56	172	2	263.5004	1	15	0	-1	0	0.1111	-1.0000
56	173	2	265.0338	15	8	0	-1	0	0.1111	-1.0000
56	174	2	266.5671	14	7	0	-1	0	0.1111	-1.0000
56	175	2	268.1005	13	1	0	-1	0	0.1111	-1.0000
56	176	2	269.6338	12	3	0	-1	0	0.1111	-1.0000
56	177	2	271.1672	11	13	0	-1	0	0.1111	-1.0000
56	178	2	272.7007	10	10	0	-1	0	0.1111	-1.0000
56	179	2	274.2338	9	2	0	-1	0	0.1111	-1.0000
56	180	2	275.7673	8	12	0	-1	0	0.1111	-1.0000
56	181	2	277.3004	5	4	0	-1	0	0.1111	-1.0000
56	182	2	278.8338	7	9	0	-1	0	0.1111	-1.0000
56	183	2	280.3673	6	5	0	-1	0	0.1111	-1.0000
56	184	2	281.9004	7	9	0	-1	0	0.1111	-1.0000
56	185	2	283.4338	4	14	0	-1	0	0.1111	-1.0000
56	186	2	284.9674	7	9	0	-1	0	0.1111	-1.0000
56	187	2	286.5006	8	12	0	-1	0	0.1111	-1.0000
56	188	2	288.0337	6	5	0	-1	0	0.1111	-1.0000
56	189	2	289.5672	8	12	0	-1	0	0.1111	-1.0000
56	190	2	291.1006	9	2	0	-1	0	0.1111	-1.0000
56	191	2	292.6339	11	13	0	-1	0	0.1111	-1.0000
56	192	2	294.1672	9	2	0	-1	0	0.1111	-1.0000
56	193	2	295.7007	12	3	0	-1	0	0.1111	-1.0000
56	194	2	297.2339	9	2	0	-1	0	0.1111	-1.0000
56	195	2	298.7674	10	10	0	-1	0	0.1111	-1.0000
56	196	2	300.3005	9	2	0	-1	0	0.1111	-1.0000
56	197	2	301.8339	8	12	0	-1	0	0.1111	-1.0000
56	198	2	303.3672	7	9	0	-1	0	0.1111	-1.0000
56	199	2	304.9005	6	5	0	-1	0	0.1111	-1.0000
56	200	2	306.4338	5	4	0	-1	0	0.1111	-1.0000
56	201	2	307.9672	4	14	0	-1	0	0.1111	-1.0000
56	202	2	309.5006	3	6	0	-1	0	0.1111	-1.0000
56	203	2	311.0338	2	11	0	-1	0	0.1111	-1.0000
56	204	2	312.5672	1	15	0	-1	0	0.1111	-1.0000
56	205	2	314.1005	15	8	0	-1	0	0.1111	-1.0000
56	206	2	315.6338	14	7	0	-1	0	0.1111	-1.0000
56	207	2	317.1674	13	1	0	-1	0	0.1111	-1.0000
56	208	2	318.7008	12	3	0	-1	0	0.1111	-1.0000
56	209	2	320.2339	11	13	0	-1	1	0.1000	1.2804
56	210	2	321.7672	10	10	0	-1	0	0.1000	-1.0000
56	211	2	323.3005	9	2	0	-1	0	0.1000	-1.0000
56	212	2	324.8339	11	13	0	-1	0	0.1000	-1.0000
56	213	2	326.3673	12	3	0	-1	0	0.1000	-1.0000
56	214	2	327.9006	11	13	0	-1	0	0.1000	-1.0000
56	215	2	329.4339	13	1	0	-1	0	0.1000	-1.0000
56	216	2	330.9672	12	3	0	-1	0	0.1000	-1.0000
56	217	2	332.5007	9	2	0	-1	0	0.1000	-1.0000
56	218	2	334.0339	11	13	0	-1	0	0.1000	-1.0000
56	219	2	335.5673	10	10	0	-1	0	0.1000	-1.0000
56	220	2	337.1007	11	13	0	-1	0	0.1000	-1.0000
56	221	2	338.6340	13	1	0	-1	0	0.1000	-1.0000
56	222	2	340.1673	14	7	0	-1	0	0.1000	-1.0000
56	223	2	341.7006	1	15	0	-1	0	0.1000	-1.0000
56	224	2	343.2339	3	6	0	-1	0	0.1000	-1.0000
56	225	2	344.7673	2	11	0	-1	0	0.1000	-1.0000
56	226	2	346.3006	1	15	0	-1	0	0.1000	-1.0000
56	227	2	347.8339	15	8	0	-1	0	0.1000	-1.0000
56	228	2	349.3674	14	7	0	-1	0	0.1000	-1.0000
56	229	2	350.9006	13	1	0	-1	0	0.1000	-1.0000
56	230	2	352.4340	12	3	0	-1	0	0.1000	-1.0000
56	231	2	353.9674	11	13	0	-1	0	0.1000	-1.0000
56	232	2	355.5007	10	10	0	-1	0	0.1000	-1.0000
56	233	2	357.0342	9	2	0	-1	0	0.1000	-1.0000
56	234	2	358.5674	8	12	0	-1	0	0.1000	-1.0000
56	235	2	360.1009	7	9	0	-1	0	0.1000	-1.0000
56	236	2	361.6341	6	5	0	-1	0	0.1000	-1.0000
56	237	2	363.1674	5	4	0	-1	0	0.1000	-1.0000
56	238	2	364.7009	4	14	0	-1	0	0.1000	-1.0000
56	239	2	366.2340	3	6	0	-1	0	0.1000	-1.0000
56	240	2	367.7673	2	11	0	-1	0	0.1000	-1.0000
56	241	2	369.3007	3	6	0	-1	0	0.1000	-1.0000
56	242	2	370.8340	4	14	0	-1	0	0.1000	-1.0000
56	243	2	372.3673	7	9	0	-1	0	0.1000	-1.0000
56	244	2	373.9007	5	4	0	-1	0	0.1000	-1.0000
56	245	2	375.4341	6	5	0	-1	0	0.1000	-1.0000
56	246	2	376.9674	7	9	0	-1	0	0.1000	-1.0000
56	247	2	378.5007	5	4	0	-1	0	0.1000	-1.0000
56	248	2	380.0340	6	5	0	-1	0	0.1000	-1.0000
56	249	2	381.5676	5	4	0	-1	0	0.1000	-1.0000
56	250	2	383.1008	4	14	0	-1	0	0.1000	-1.0000
56	251	2	384.6340	5	4	0	-1	0	0.1000	-1.0000
56	252	2	386.1674	7	9	0	-1	0	0.1000	-1.0000
56	253	2	387.7008	4	14	0	-1	0	0.1000	-1.0000
56	254	2	389.2341	7	9	0	-1	0	0.1000	-1.0000
56	255	2	390.7676	8	12	0	-1	0	0.1000	-1.0000
56	256	2	392.3010	7	9	0	-1	0	0.1000	-1.0000
56	257	2	393.8341	6	5	0	-1	0	0.1000	-1.0000
56	258	2	395.3674	5	4	0	-1	0	0.1000	-1.0000
56	259	2	396.9007	4	14	0	-1	0	0.1000	-1.0000
56	260	2	398.4341	3	6	0	-1	0	0.1000	-1.0000
56	261	2	399.9675	2	11	0	-1	0	0.1000	-1.0000
56	262	2	401.5007	1	15	0	-1	0	0.1000	-1.0000
56	263	2	403.0341	15	8	0	-1	0	0.1000	-1.0000
56	264	2	404.5675	14	7	0	-1	0	0.1000	-1.0000
56	265	2	406.1008	13	1	0	-1	0	0.1000	-1.0000
56	266	2	407.6341	12	3	0	-1	0	0.1000	-1.0000
56	267	2	409.1675	11	13	0	-1	0	0.1000	-1.0000
56	268	2	410.7010	10	10	0	-1	0	0.1000	-1.0000
56	269	2	412.2341	9	2	0	-1	0	0.1000	-1.0000
56	270	2	413.7677	8	12	0	-1	0	0.1000	-1.0000
56	271	2	415.3009	7	9	0	-1	0	0.1000	-1.0000
56	272	2	416.8341	6	5	0	-1	0	0.1000	-1.0000
56	273	2	418.3675	8	12	0	-1	0	0.1000	-1.0000
56	274	2	419.9009	9	2	0	-1	0	0.1000	-1.0000
56	275	2	421.4341	12	3	0	-1	0	0.1000	-1.0000
56	276	2	422.9674	13	1	0	-1	0	0.1000	-1.0000
56	277	2	424.5009	11	13	0	-1	0	0.1000	-1.0000
56	278	2	426.0341	12	3	0	-1	0	0.1000	-1.0000
56	279	2	427.5675	9	2	0	-1	0	0.1000	-1.0000
56	280	2	429.1008	12	3	0	-1	0	0.1000	-1.0000
56	281	2	430.6342	10	10	0	-1	0	0.1000	-1.0000
56	282	2	432.1676	12	3	0	-1	0	0.1000	-1.0000
56	283	2	433.7008	13	1	0	-1	0	0.1000	-1.0000
56	284	2	435.2342	11	13	0	-1	0	0.1000	-1.0000
56	285	2	436.7676	9	2	0	-1	0	0.1000	-1.0000
56	286	2	438.3009	10	10	0	-1	0	0.1000	-1.0000
56	287	2	440.1009	11	13	0	-1	0	0.1000	-1.0000
56	288	2	441.6341	12	3	0	-1	0	0.1000	-1.0000
56	289	2	443.1675	13	1	0	-1	0	0.1000	-1.0000
56	290	2	444.7008	14	7	0	-1	0	0.1000	-1.0000
56	291	2	446.2341	15	8	0	-1	0	0.1000	-1.0000
56	292	2	447.7677	1	15	0	-1	0	0.1000	-1.0000
56	293	2	449.3009	2	11	0	-1	0	0.1000	-1.0000
56	294	2	450.8344	3	6	0	-1	0	0.1000	-1.0000
56	295	2	452.3675	4	14	0	-1	0	0.1000	-1.0000
56	296	2	453.9010	5	4	0	-1	0	0.1000	-1.0000
56	297	2	455.4342	6	5	0	-1	0	0.1000	-1.0000
56	298	2	456.9675	7	9	0	-1	0	0.1000	-1.0000
56	299	2	458.5009	8	12	0	-1	0	0.1000	-1.0000
56	300	2	460.0342	9	2	0	-1	0	0.1000	-1.0000
56	301	2	461.5676	12	3	0	-1	0	0.1000	-1.0000
56	302	2	463.1010	11	13	0	-1	0	0.1000	-1.0000
56	303	2	464.6342	9	2	0	-1	0	0.1000	-1.0000
56	304	2	466.1677	12	3	0	-1	0	0.1000	-1.0000
56	305	2	467.7011	9	2	0	-1	0	0.1000	-1.0000
56	306	2	469.2343	12	3	0	-1	0	0.1000	-1.0000
56	307	2	470.7676	10	10	0	-1	0	0.1000	-1.0000
56	308	2	472.3011	12	3	0	-1	0	0.1000	-1.0000
56	309	2	473.8343	11	13	0	-1	0	0.1000	-1.0000
56	310	2	475.3676	13	1	0	-1	0	0.1000	-1.0000
56	311	2	476.9009	12	3	0	-1	0	0.1000	-1.0000
56	312	2	478.4343	10	10	0	-1	0	0.1000	-1.0000
56	313	2	479.9676	9	2	0	-1	0	0.1000	-1.0000
56	314	2	481.5010	8	12	0	-1	0	0.1000	-1.0000
56	315	2	483.0342	5	4	0	-1	0	0.1000	-1.0000
56	316	2	484.5677	6	5	0	-1	0	0.1000	-1.0000
56	317	2	486.1010	7	9	0	-1	0	0.1000	-1.0000
56	318	2	487.6343	8	12	0	-1	0	0.1000	-1.0000
56	319	2	489.1677	9	2	0	-1	0	0.1000	-1.0000
56	320	2	490.7010	10	10	0	-1	0	0.1000	-1.0000
56	321	2	492.2343	11	13	0	-1	0	0.1000	-1.0000
56	322	2	493.7676	12	3	0	-1	0	0.1000	-1.0000
56	323	2	495.3012	13	1	0	-1	0	0.1000	-1.0000
56	324	2	496.8343	14	7	0	-1	0	0.1000	-1.0000
56	325	2	498.3676	15	8	0	-1	0	0.1000	-1.0000
56	326	2	499.9012	1	15	0	-1	0	0.1000	-1.0000
56	327	2	501.4343	2	11	0	-1	0	0.1000	-1.0000
56	328	2	502.9677	3	6	0	-1	0	0.1000	-1.0000
56	329	2	504.5011	4	14	0	-1	0	0.1000	-1.0000
56	330	2	506.0343	5	4	0	-1	0	0.1000	-1.0000
56	331	2	507.5677	6	5	0	-1	0	0.1000	-1.0000
56	332	2	509.1013	4	14	0	-1	0	0.1000	-1.0000
56	333	2	510.6344	5	4	0	-1	0	0.1000	-1.0000
56	334	2	512.1678	4	14	0	-1	0	0.1000	-1.0000
56	335	2	513.7010	5	4	0	-1	0	0.1000	-1.0000
56	336	2	515.2343	6	5	0	-1	0	0.1000	-1.0000
56	337	2	516.7679	7	9	0	-1	0	0.1000	-1.0000
56	338	2	518.3011	8	12	0	-1	0	0.1000	-1.0000
56	339	2	519.8344	6	5	0	-1	0	0.1000	-1.0000
56	340	2	521.3679	5	4	0	-1	0	0.1000	-1.0000
56	341	2	522.9010	4	14	0	-1	0	0.1000	-1.0000
56	342	2	524.4343	5	4	0	-1	0	0.1000	-1.0000
56	343	2	525.9678	6	5	0	-1	0	0.1000	-1.0000
56	344	2	527.5011	4	14	0	-1	0	0.1000	-1.0000
56	345	2	529.0344	3	6	0	-1	0	0.1000	-1.0000
56	346	2	530.5678	2	11	0	-1	0	0.1000	-1.0000
56	347	2	532.1012	1	15	0	-1	0	0.1000	-1.0000
56	348	2	533.6344	15	8	0	-1	0	0.1000	-1.0000
56	349	2	535.1680	14	7	0	-1	0	0.1000	-1.0000
56	350	2	536.7012	13	1	0	-1	0	0.1000	-1.0000
56	351	2	538.2344	12	3	0	-1	0	0.1000	-1.0000
56	352	2	539.7678	11	13	0	-1	0	0.1000	-1.0000
56	353	2	541.3011	10	10	0	-1	0	0.1000	-1.0000
56	354	2	542.8345	9	2	0	-1	0	0.1000	-1.0000
56	355	2	544.3679	8	12	0	-1	0	0.1000	-1.0000
56	356	2	545.9011	7	9	0	-1	0	0.1000	-1.0000
56	357	2	547.4344	6	5	0	-1	0	0.1000	-1.0000
56	358	2	548.9677	5	4	0	-1	0	0.1000	-1.0000
56	359	2	550.5012	4	14	0	-1	0	0.1000	-1.0000
56	360	2	552.0345	3	6	0	-1	0	0.1000	-1.0000
56	361	2	553.5678	15	8	0	-1	0	0.1000	-1.0000
56	362	2	555.1012	2	11	0	-1	0	0.1000	-1.0000
56	363	2	556.6344	15	8	0	-1	0	0.1000	-1.0000
56	364	2	558.1679	14	7	0	-1	0	0.1000	-1.0000
56	365	2	559.7012	15	8	0	-1	0	0.1000	-1.0000
56	366	2	561.2345	14	7	0	-1	0	0.1000	-1.0000
56	367	2	562.7679	2	11	0	-1	0	0.1000	-1.0000
56	368	2	564.3012	14	7	0	-1	0	0.1000	-1.0000
56	369	2	565.8345	1	15	0	-1	0	0.1000	-1.0000
56	370	2	567.3678	2	11	0	-1	0	0.1000	-1.0000
56	371	2	568.9012	15	8	0	-1	0	0.1000	-1.0000
56	372	2	570.4345	2	11	0	-1	0	0.1000	-1.0000
56	373	2	571.9679	14	7	0	-1	0	0.1000	-1.0000
56	374	2	573.5013	15	8	0	-1	0	0.1000	-1.0000
56	375	2	575.0345	14	7	0	-1	0	0.1000	-1.0000
56	376	2	576.5679	15	8	0	-1	0	0.1000	-1.0000
56	377	2	578.1013	1	15	0	-1	0	0.1000	-1.0000
56	378	2	579.6346	2	11	0	-1	0	0.1000	-1.0000
56	379	2	581.1678	3	6	0	-1	0	0.1000	-1.0000
56	380	2	582.7013	4	14	0	-1	0	0.1000	-1.0000
56	381	2	584.2346	5	4	0	-1	0	0.1000	-1.0000
56	382	2	585.7679	6	5	0	-1	0	0.1000	-1.0000
56	383	2	587.3012	7	9	0	-1	0	0.1000	-1.0000
56	384	2	588.8345	8	12	0	-1	0	0.1000	-1.0000
56	385	2	590.3679	9	2	0	-1	0	0.1000	-1.0000
56	386	2	591.9013	10	10	0	-1	0	0.1000	-1.0000
56	387	2	593.4346	11	13	0	-1	0	0.1000	-1.0000
56	388	2	594.9679	12	3	0	-1	0	0.1000	-1.0000
56	389	2	596.5012	13	1	0	-1	0	0.1000	-1.0000
56	390	2	598.0345	14	7	0	-1	0	0.1000	-1.0000
56	391	2	599.5680	2	11	0	-1	0	0.1000	-1.0000
56	392	2	601.1012	1	15	0	-1	0	0.1000	-1.0000
56	393	2	602.6346	14	7	0	-1	0	0.1000	-1.0000
56	394	2	604.1680	1	15	0	-1	0	0.1000	-1.0000
56	395	2	605.7013	2	11	0	-1	0	0.1000	-1.0000
56	396	2	607.2346	15	8	0	-1	0	0.1000	-1.0000
56	397	2	608.7680	3	6	0	-1	0	0.1000	-1.0000
56	398	2	610.3013	2	11	0	-1	0	0.1000	-1.0000
56	399	2	611.8346	15	8	0	-1	0	0.1000	-1.0000
56	400	2	613.3682	3	6	0	-1	0	0.1000	-1.0000
56	401	2	614.9013	15	8	0	-1	0	0.1000	-1.0000
56	402	2	616.4346	1	15	0	-1	0	0.1000	-1.0000
56	403	2	617.9682	3	6	0	-1	0	0.1000	-1.0000
56	404	2	619.5013	4	14	0	-1	0	0.1000	-1.0000
56	405	2	621.0346	5	4	0	-1	0	0.1000	-1.0000
56	406	2	622.5680	6	5	0	-1	0	0.1000	-1.0000
56	407	2	624.1015	7	9	0	-1	0	0.1000	-1.0000
56	408	2	625.6347	8	12	0	-1	0	0.1000	-1.0000
56	409	2	627.1681	9	2	0	-1	0	0.1000	-1.0000
56	410	2	628.7014	10	10	0	-1	0	0.1000	-1.0000
56	411	2	630.2347	11	13	0	-1	0	0.1000	-1.0000
56	412	2	631.7680	12	3	0	-1	0	0.1000	-1.0000
56	413	2	633.3014	13	1	0	-1	0	0.1000	-1.0000
56	414	2	634.8346	14	7	0	-1	0	0.1000	-1.0000
56	415	2	636.3680	15	8	0	-1	0	0.1000	-1.0000
56	416	2	637.9014	1	15	0	-1	0	0.1000	-1.0000
56	417	2	639.4346	2	11	0	-1	0	0.1000	-1.0000
56	418	2	640.9681	3	6	0	-1	0	0.1000	-1.0000
56	419	2	642.5013	4	14	0	-1	0	0.1000	-1.0000
56	420	2	644.0347	5	4	0	-1	0	0.1000	-1.0000
56	421	2	645.5683	6	5	0	-1	0	0.1000	-1.0000
56	422	2	647.1014	7	9	0	-1	0	0.1000	-1.0000
56	423	2	648.6347	4	14	0	-1	0	0.1000	-1.0000
56	424	2	650.1681	6	5	0	-1	0	0.1000	-1.0000
56	425	2	651.7014	4	14	0	-1	0	0.1000	-1.0000
56	426	2	653.2347	7	9	0	-1	0	0.1000	-1.0000
56	427	2	654.7680	6	5	0	-1	0	0.1000	-1.0000
56	428	2	656.3014	8	12	0	-1	0	0.1000	-1.0000
56	429	2	657.8348	6	5	0	-1	0	0.1000	-1.0000
56	430	2	659.3681	7	9	0	-1	0	0.1000	-1.0000
56	431	2	660.9014	8	12	0	-1	0	0.1000	-1.0000
56	432	2	662.4347	7	9	0	-1	0	0.1000	-1.0000
56	433	2	663.9680	5	4	0	-1	0	0.1000	-1.0000
56	434	2	665.5016	6	5	0	-1	0	0.1000	-1.0000
56	435	2	667.0347	8	12	0	-1	0	0.1000	-1.0000
56	436	2	668.5683	9	2	0	-1	0	0.1000	-1.0000
56	437	2	670.1014	10	10	0	-1	0	0.1000	-1.0000
56	438	2	671.6347	11	13	0	-1	0	0.1000	-1.0000
56	439	2	673.1682	12	3	0	-1	0	0.1000	-1.0000
56	440	2	674.7015	13	1	0	-1	0	0.1000	-1.0000
56	441	2	676.2348	14	7	0	-1	0	0.1000	-1.0000
56	442	2	677.7683	15	8	0	-1	0	0.1000	-1.0000
56	443	2	679.3015	1	15	0	-1	0	0.1000	-1.0000
56	444	2	680.8347	2	11	0	-1	0	0.1000	-1.0000
56	445	2	682.3682	3	6	0	-1	0	0.1000	-1.0000
56	446	2	683.9015	4	14	0	-1	0	0.1000	-1.0000
56	447	2	685.4347	5	4	0	-1	0	0.1000	-1.0000
56	448	2	686.9682	6	5	0	-1	0	0.1000	-1.0000
56	449	2	688.5015	7	9	0	-1	0	0.1000	-1.0000
56	450	2	690.0348	8	12	0	-1	0	0.1000	-1.0000
56	451	2	691.5683	5	4	0	-1	0	0.1000	-1.0000
56	452	2	693.1015	7	9	0	-1	0	0.1000	-1.0000
56	453	2	694.6349	4	14	0	-1	0	0.1000	-1.0000
56	454	2	696.1682	3	6	0	-1	0	0.1000	-1.0000
56	455	2	697.7015	2	11	0	-1	0	0.1000	-1.0000
56	456	2	699.2349	1	15	0	-1	0	0.1000	-1.0000
56	457	2	700.7682	14	7	0	-1	0	0.1000	-1.0000
56	458	2	702.3015	13	1	0	-1	0	0.1000	-1.0000
56	459	2	703.8348	11	13	0	-1	0	0.1000	-1.0000
56	460	2	705.3682	10	10	0	-1	0	0.1000	-1.0000
56	461	2	706.9015	12	3	0	-1	0	0.1000	-1.0000
56	462	2	708.4349	13	1	0	-1	0	0.1000	-1.0000
56	463	2	709.9682	10	10	0	-1	0	0.1000	-1.0000
56	464	2	711.5016	13	1	0	-1	0	0.1000	-1.0000
56	465	2	713.0348	11	13	0	-1	0	0.1000	-1.0000
56	466	2	714.5682	10	10	0	-1	0	0.1000	-1.0000
56	467	2	716.1016	9	2	0	-1	0	0.1000	-1.0000
56	468	2	717.6349	8	12	0	-1	0	0.1000	-1.0000
56	469	2	719.1683	7	9	0	-1	0	0.1000	-1.0000
56	470	2	720.7017	6	5	0	-1	0	0.1000	-1.0000
56	471	2	722.2349	5	4	0	-1	0	0.1000	-1.0000
56	472	2	723.7682	4	14	0	-1	0	0.1000	-1.0000
56	473	2	725.3016	3	6	0	-1	0	0.1000	-1.0000
56	474	2	726.8349	2	11	0	-1	0	0.1000	-1.0000
56	475	2	728.3683	1	15	0	-1	0	0.1000	-1.0000
56	476	2	729.9015	15	8	0	-1	0	0.1000	-1.0000
56	477	2	731.4349	14	7	0	-1	0	0.1000	-1.0000
56	478	2	732.9682	13	1	0	-1	0	0.1000	-1.0000
56	479	2	734.5015	12	3	0	-1	0	0.1000	-1.0000
56	480	2	736.0348	11	13	0	-1	0	0.1000	-1.0000
56	481	2	737.5685	12	3	0	-1	0	0.1000	-1.0000
56	482	2	739.1016	9	2	0	-1	0	0.1000	-1.0000
56	483	2	740.6350	10	10	0	-1	0	0.1000	-1.0000
56	484	2	742.1685	11	13	0	-1	0	0.1000	-1.0000
56	485	2	743.7017	12	3	0	-1	0	0.1000	-1.0000
56	486	2	745.2349	11	13	0	-1	0	0.1000	-1.0000
56	487	2	746.7683	10	10	0	-1	0	0.1000	-1.0000
56	488	2	748.3017	13	1	0	-1	0	0.1000	-1.0000
56	489	2	749.8350	10	10	0	-1	0	0.1000	-1.0000
56	490	2	751.3683	9	2	0	-1	0	0.1000	-1.0000
56	491	2	752.9016	10	10	0	-1	0	0.1000	-1.0000
56	492	2	754.4350	11	13	0	-1	0	0.1000	-1.0000
56	493	2	755.9683	12	3	0	-1	0	0.1000	-1.0000
56	494	2	757.5016	10	10	0	-1	0	0.1000	-1.0000
56	495	2	759.0350	12	3	0	-1	0	0.1000	-1.0000
56	496	2	760.5684	13	1	0	-1	0	0.1000	-1.0000
56	497	2	762.1019	14	7	0	-1	0	0.1000	-1.0000
56	498	2	763.6350	15	8	0	-1	0	0.1000	-1.0000
56	499	2	765.1684	1	15	0	-1	0	0.1000	-1.0000
56	500	2	766.7019	2	11	0	-1	0	0.1000	-1.0000
56	501	2	768.2350	3	6	0	-1	0	0.1000	-1.0000
56	502	2	769.7685	4	14	0	-1	0	0.1000	-1.0000
56	503	2	771.3017	5	4	0	-1	0	0.1000	-1.0000
56	504	2	773.1184	6	5	0	-1	0	0.1000	-1.0000
56	505	2	774.6518	7	9	0	-1	0	0.1000	-1.0000
56	506	2	776.1850	8	12	0	-1	0	0.1000	-1.0000
56	507	2	777.7184	9	2	0	-1	0	0.1000	-1.0000
56	508	2	779.2518	10	10	0	-1	0	0.1000	-1.0000
56	509	2	780.7851	11	13	0	-1	0	0.1000	-1.0000
56	510	2	782.3184	12	3	0	-1	0	0.1000	-1.0000
56	511	2	783.8518	13	1	0	-1	0	0.1000	-1.0000
56	512	2	785.3851	12	3	0	-1	0	0.1000	-1.0000
56	513	2	786.9184	11	13	0	-1	0	0.1000	-1.0000
56	514	2	788.4517	9	2	0	-1	0	0.1000	-1.0000
56	515	2	789.9851	12	3	0	-1	0	0.1000	-1.0000
56	516	2	791.5186	11	13	0	-1	0	0.1000	-1.0000
56	517	2	793.0518	12	3	0	-1	0	0.1000	-1.0000
56	518	2	794.5851	13	1	0	-1	0	0.1000	-1.0000
56	519	2	796.1184	10	10	0	-1	0	0.1000	-1.0000
56	520	2	797.6520	9	2	0	-1	0	0.1000	-1.0000
56	521	2	799.1852	12	3	0	-1	0	0.1000	-1.0000
56	522	2	800.7186	9	2	0	-1	0	0.1000	-1.0000
56	523	2	802.2518	8	12	0	-1	0	0.1000	-1.0000
56	524	2	803.7851	6	5	0	-1	0	0.1000	-1.0000
56	525	2	805.3184	4	14	0	-1	0	0.1000	-1.0000
56	526	2	806.8518	3	6	0	-1	0	0.1000	-1.0000
56	527	2	808.3852	2	11	0	-1	0	0.1000	-1.0000
56	528	2	809.9184	1	15	0	-1	0	0.1000	-1.0000
56	529	2	811.4518	15	8	0	-1	0	0.1000	-1.0000
56	530	2	812.9851	14	7	0	-1	0	0.1000	-1.0000
56	531	2	814.5185	13	1	0	-1	0	0.1000	-1.0000
56	532	2	816.0519	12	3	0	-1	0	0.1000	-1.0000
56	533	2	817.5851	11	13	0	-1	0	0.1000	-1.0000
56	534	2	819.1185	10	10	0	-1	0	0.1000	-1.0000
56	535	2	820.6520	9	2	0	-1	0	0.1000	-1.0000
56	536	2	822.1851	8	12	0	-1	0	0.1000	-1.0000
56	537	2	823.7185	7	9	0	-1	0	0.1000	-1.0000
56	538	2	825.2519	6	5	0	-1	0	0.1000	-1.0000
56	539	2	826.7851	5	4	0	-1	0	0.1000	-1.0000
56	540	2	828.3186	4	14	0	-1	0	0.1000	-1.0000
56	541	2	829.8518	5	4	0	-1	0	0.1000	-1.0000
56	542	2	831.3852	8	12	0	-1	0	0.1000	-1.0000
56	543	2	832.9186	9	2	0	-1	0	0.1000	-1.0000
56	544	2	834.4518	12	3	0	-1	0	0.1000	-1.0000
56	545	2	835.9852	13	1	0	-1	0	0.1000	-1.0000
56	546	2	837.5185	10	10	0	-1	0	0.1000	-1.0000
56	547	2	839.0518	13	1	0	-1	0	0.1000	-1.0000
56	548	2	840.5852	11	13	0	-1	0	0.1000	-1.0000
56	549	2	842.1185	12	3	0	-1	0	0.1000	-1.0000
56	550	2	843.6519	11	13	0	-1	0	0.1000	-1.0000
56	551	2	845.1852	10	10	0	-1	0	0.1000	-1.0000
56	552	2	846.7185	9	2	0	-1	0	0.1000	-1.0000
56	553	2	848.2518	12	3	0	-1	0	0.1000	-1.0000
56	554	2	849.7852	13	1	0	-1	0	0.1000	-1.0000
56	555	2	851.3185	11	13	0	-1	0	0.1000	-1.0000
56	556	2	852.8519	10	10	0	-1	0	0.1000	-1.0000
56	557	2	854.3852	9	2	0	-1	0	0.1000	-1.0000
56	558	2	855.9186	8	12	0	-1	0	0.1000	-1.0000
56	559	2	857.4519	7	9	0	-1	0	0.1000	-1.0000
56	560	2	858.9852	6	5	0	-1	0	0.1000	-1.0000
56	561	2	860.5186	5	4	0	-1	0	0.1000	-1.0000
56	562	2	862.0519	4	14	0	-1	0	0.1000	-1.0000
56	563	2	863.5852	3	6	0	-1	0	0.1000	-1.0000
56	564	2	865.1186	2	11	0	-1	0	0.1000	-1.0000
56	565	2	866.6520	1	15	0	-1	0	0.1000	-1.0000
56	566	2	868.1852	15	8	0	-1	0	0.1000	-1.0000
56	567	2	869.7185	14	7	0	-1	0	0.1000	-1.0000
56	568	2	871.2520	13	1	0	-1	0	0.1000	-1.0000
56	569	2	872.7852	12	3	0	-1	0	0.1000	-1.0000
56	570	2	874.3187	11	13	0	-1	0	0.1000	-1.0000
56	571	2	875.8520	12	3	0	-1	0	0.1000	-1.0000
56	572	2	877.3853	10	10	0	-1	0	0.1000	-1.0000
56	573	2	878.9185	11	13	0	-1	0	0.1000	-1.0000
56	574	2	880.4520	12	3	0	-1	0	0.1000	-1.0000
56	575	2	881.9853	9	2	0	-1	0	0.1000	-1.0000
56	576	2	883.5188	11	13	0	-1	0	0.1000	-1.0000
56	577	2	885.0522	10	10	0	-1	0	0.1000	-1.0000
56	578	2	886.5853	9	2	0	-1	0	0.1000	-1.0000
56	579	2	888.1187	11	13	0	-1	0	0.1000	-1.0000
56	580	2	889.6520	12	3	0	-1	0	0.1000	-1.0000
56	581	2	891.1854	10	10	0	-1	0	0.1000	-1.0000
56	582	2	892.7187	11	13	0	-1	0	0.1000	-1.0000
56	583	2	894.2520	13	1	0	-1	0	0.1000	-1.0000
56	584	2	895.7854	12	3	0	-1	0	0.1000	-1.0000
56	585	2	897.3187	13	1	0	-1	0	0.1000	-1.0000
56	586	2	898.8519	14	7	0	-1	0	0.1000	-1.0000
56	587	2	900.3853	15	8	0	-1	0	0.1000	-1.0000
56	588	2	901.9187	1	15	0	-1	0	0.1000	-1.0000
56	589	2	903.4522	2	11	0	-1	0	0.1000	-1.0000
56	590	2	904.9853	3	6	0	-1	0	0.1000	-1.0000
56	591	2	906.5187	4	14	0	-1	0	0.1000	-1.0000
56	592	2	908.0520	5	4	0	-1	0	0.1000	-1.0000
56	593	2	909.5854	6	5	0	-1	0	0.1000	-1.0000
56	594	2	911.1187	7	9	0	-1	0	0.1000	-1.0000
56	595	2	912.6521	8	12	0	-1	0	0.1000	-1.0000
56	596	2	914.1853	9	2	0	-1	0	0.1000	-1.0000
56	597	2	915.7188	10	10	0	-1	0	0.1000	-1.0000
56	598	2	917.2520	11	13	0	-1	0	0.1000	-1.0000
56	599	2	918.7854	12	3	0	-1	0	0.1000	-1.0000
56	600	2	920.3188	13	1	0	-1	0	0.1000	-1.0000
Actual parsing ratio
0.1000
Possible node parses
77.0000
 Node parses selected
0.0130
Possible other parses
523.0000
Other parses selected
0.0172
Chance parsing ratio
0.1283
Shock trials
32
287
504