*********************************************
* Date/Time: 20-Feb-2020 12:36:36
* Seed: 212057.1
* Subject Number: 052
9	11	5	3	1	8	13	4	2	15	12	10	6	7	14	
*********************************************

Shape exposure time (seconds)
164.5088
subject	trial	phase	onset	node	shape	rotate	acc	resp	total	rt
52	1	1	1.0166	6	8	0	0	1	0.0000	1.0080
52	2	1	2.5664	5	1	0	1	1	0.5000	1.2980
52	3	1	4.1163	7	13	0	0	1	0.3333	1.2521
52	4	1	5.6664	8	4	0	0	1	0.2500	1.2380
52	5	1	7.2164	5	1	0	1	1	0.4000	1.0959
52	6	1	8.7664	6	8	0	1	1	0.5000	0.9702
52	7	1	10.3164	8	4	0	1	1	0.5714	1.0516
52	8	1	11.8664	9	2	0	1	1	0.6250	1.2301
52	9	1	13.4165	10	15	0	-1	0	0.5556	-1.0000
52	10	1	15.1498	12	10	0	1	1	0.6000	0.9867
52	11	1	16.6999	11	12	90	1	1	0.6364	1.0362
52	12	1	18.2498	10	15	0	0	1	0.5833	1.1823
52	13	1	19.7998	9	2	0	1	1	0.6154	0.7363
52	14	1	21.3498	11	12	90	0	1	0.5714	1.3628
52	15	1	22.9499	10	15	0	1	1	0.6000	1.1387
52	16	1	24.4998	11	12	90	0	1	0.5625	1.3647
52	17	1	26.0998	10	15	0	1	1	0.5882	1.4447
52	18	1	27.6832	11	12	0	-1	0	0.5556	-1.0000
52	19	1	29.4331	12	10	0	1	1	0.5789	1.2474
52	20	1	30.9831	9	2	0	0	1	0.5500	0.8650
52	21	1	32.5331	8	4	0	0	1	0.5238	1.0271
52	22	1	34.0832	6	8	0	0	1	0.5000	0.9969
52	23	1	35.6331	7	13	0	1	1	0.5217	0.6634
52	24	1	37.1831	8	4	0	1	1	0.5417	0.9690
52	25	1	38.7332	5	1	0	1	1	0.5600	0.9390
52	26	1	40.2832	8	4	0	-1	0	0.5385	-1.0000
52	27	1	42.0665	9	2	0	1	1	0.5556	0.7730
52	28	1	43.6164	10	15	0	1	1	0.5714	0.9363
52	29	1	45.1665	11	12	0	1	1	0.5862	1.1943
52	30	1	46.7165	13	6	90	0	1	0.5667	0.8278
52	31	1	48.2665	10	15	0	1	1	0.5806	0.6540
52	32	1	49.8165	11	12	0	1	1	0.5938	0.9442
52	33	1	51.3666	13	6	0	1	1	0.6061	1.0096
52	34	1	52.9165	12	10	90	0	1	0.5882	0.9477
52	35	1	54.4666	13	6	0	1	1	0.6000	1.2056
52	36	1	56.0165	12	10	0	0	1	0.5833	0.7921
52	37	1	57.5666	11	12	0	0	1	0.5676	0.8098
52	38	1	59.1166	10	15	0	1	1	0.5789	0.7637
52	39	1	60.6665	11	12	0	1	1	0.5897	0.9739
52	40	1	62.2165	13	6	0	-1	0	0.5750	-1.0000
52	41	1	63.9499	14	7	0	1	1	0.5854	1.0667
52	42	1	65.4999	2	11	0	1	1	0.5952	0.7644
52	43	1	67.0499	14	7	0	1	1	0.6047	0.6705
52	44	1	68.5999	1	9	0	1	1	0.6136	0.6407
52	45	1	70.1499	3	5	90	0	1	0.6000	0.7863
52	46	1	71.7000	15	14	0	1	1	0.6087	0.7083
52	47	1	73.2499	3	5	0	0	1	0.5957	0.7268
52	48	1	74.7999	1	9	0	1	1	0.6042	0.7443
52	49	1	76.3499	15	14	0	1	1	0.6122	1.1153
52	50	1	77.8999	1	9	0	1	1	0.6200	1.4847
52	51	1	79.5666	2	11	90	-1	0	0.6078	-1.0000
52	52	1	81.4499	1	9	0	1	1	0.6154	0.8302
52	53	1	82.9999	2	11	0	1	1	0.6226	0.9123
52	54	1	84.5499	1	9	0	1	1	0.6296	0.6905
52	55	1	86.0999	3	5	0	0	1	0.6182	0.7410
52	56	1	87.6499	1	9	0	1	1	0.6250	0.5183
52	57	1	89.2000	14	7	90	0	1	0.6140	0.7123
52	58	1	90.7499	1	9	90	1	1	0.6207	1.1786
52	59	1	92.2999	15	14	90	0	1	0.6102	0.9563
52	60	1	93.8499	14	7	0	1	1	0.6167	1.0550
52	61	1	95.4000	2	11	90	0	1	0.6066	0.7683
52	62	1	96.9499	15	14	0	0	1	0.5968	0.7387
52	63	1	98.5000	14	7	0	1	1	0.6032	0.3247
52	64	1	100.0500	15	14	90	0	1	0.5938	1.0786
52	65	1	101.6000	1	9	90	0	1	0.5846	0.5523
52	66	1	103.1500	2	11	0	1	1	0.5909	1.0664
52	67	1	104.7000	3	5	0	1	1	0.5970	0.8925
52	68	1	106.2500	15	14	0	1	1	0.6029	1.0222
52	69	1	107.8000	1	9	0	1	1	0.6087	1.0247
52	70	1	109.3500	2	11	0	-1	0	0.6000	-1.0000
52	71	1	111.0833	1	9	0	1	1	0.6056	0.0289
52	72	1	112.6333	2	11	0	1	1	0.6111	0.8629
52	73	1	114.1833	15	14	0	0	1	0.6027	0.8009
52	74	1	115.7333	3	5	90	0	1	0.5946	0.4842
52	75	1	117.2833	15	14	0	1	1	0.6000	0.9169
52	76	1	118.8333	3	5	0	1	1	0.6053	1.4317
52	77	1	120.4833	15	14	0	1	1	0.6104	1.1089
52	78	1	122.0333	14	7	0	1	1	0.6154	0.8229
52	79	1	123.5834	13	6	90	0	1	0.6076	0.8895
52	80	1	125.1334	11	12	0	1	1	0.6125	0.8912
52	81	1	126.6834	10	15	0	1	1	0.6173	1.1493
52	82	1	128.2333	9	2	0	1	1	0.6220	1.0711
52	83	1	129.7833	8	4	0	1	1	0.6265	0.9609
52	84	1	131.3334	6	8	0	1	1	0.6310	0.7556
52	85	1	132.8833	8	4	0	1	1	0.6353	1.2534
52	86	1	134.4333	7	13	0	0	1	0.6279	0.9675
52	87	1	135.9834	5	1	0	1	1	0.6322	0.7292
52	88	1	137.5334	7	13	0	1	1	0.6364	0.4753
52	89	1	139.0833	5	1	0	1	1	0.6404	0.5249
52	90	1	140.6334	8	4	0	1	1	0.6444	0.4152
52	91	1	142.1834	7	13	90	0	1	0.6374	0.4812
52	92	1	143.7334	8	4	0	1	1	0.6413	0.9153
52	93	1	145.2834	6	8	0	0	1	0.6344	0.9337
52	94	1	146.8334	4	3	0	0	1	0.6277	0.9349
52	95	1	148.3834	3	5	0	1	1	0.6316	0.7609
52	96	1	149.9335	1	9	0	1	1	0.6354	0.8271
52	97	1	151.4834	14	7	0	1	1	0.6392	0.8770
52	98	1	153.0335	1	9	0	1	1	0.6429	0.9108
52	99	1	154.5835	15	14	90	0	1	0.6364	1.3289
52	100	1	156.1334	3	5	0	1	1	0.6400	1.0757
52	101	1	157.6834	15	14	90	-1	0	0.6337	-1.0000
52	102	1	159.4168	14	7	90	1	1	0.6373	0.0636
52	103	1	160.9668	15	14	0	1	1	0.6408	0.9775
52	104	1	162.5168	2	11	0	1	1	0.6442	0.7395
52	105	1	164.0668	15	14	0	1	1	0.6476	0.0377
52	106	1	165.6168	3	5	0	0	1	0.6415	0.9678
52	107	1	167.1668	1	9	0	1	1	0.6449	0.6495
52	108	1	168.7168	14	7	0	0	1	0.6389	1.2275
52	109	1	170.2668	1	9	90	1	1	0.6422	0.8460
52	110	1	171.8168	14	7	0	1	1	0.6455	0.8795
52	111	1	173.3668	13	6	90	0	1	0.6396	1.2658
52	112	1	174.9169	14	7	0	1	1	0.6429	0.7881
52	113	1	176.4668	15	14	0	1	1	0.6460	1.2217
52	114	1	178.0168	3	5	0	1	1	0.6491	1.3684
52	115	1	179.6168	4	3	0	-1	0	0.6435	-1.0000
52	116	1	181.3502	6	8	0	1	1	0.6466	0.0821
52	117	1	182.9002	7	13	0	0	1	0.6410	1.1241
52	118	1	184.4502	8	4	0	1	1	0.6441	0.6306
52	119	1	186.0002	7	13	0	1	1	0.6471	0.6165
52	120	1	187.5502	5	1	0	1	1	0.6500	0.7626
52	121	1	189.1002	6	8	0	1	1	0.6529	1.4366
52	122	1	190.7169	7	13	0	1	1	0.6557	1.3559
52	123	1	192.3002	8	4	0	1	1	0.6585	1.3881
52	124	1	193.9169	9	2	0	-1	0	0.6532	-1.0000
52	125	1	195.7669	11	12	0	-1	0	0.6480	-1.0000
52	126	1	197.5002	9	2	90	0	1	0.6429	0.0168
52	127	1	199.0502	8	4	90	0	1	0.6378	0.8302
52	128	1	200.6003	9	2	0	1	1	0.6406	0.9440
52	129	1	202.1502	11	12	0	1	1	0.6434	1.1388
52	130	1	203.7002	13	6	0	1	1	0.6462	1.3321
52	131	1	205.2503	11	12	0	1	1	0.6489	0.9341
52	132	1	206.8003	9	2	0	1	1	0.6515	1.0641
52	133	1	208.3502	8	4	90	1	1	0.6541	1.1309
52	134	1	209.9002	7	13	0	1	1	0.6567	1.4842
52	135	1	211.6003	5	1	90	0	1	0.6519	1.1441
52	136	1	213.1503	8	4	0	1	1	0.6544	1.0181
52	137	1	214.7002	6	8	90	0	1	0.6496	0.8286
52	138	1	216.2502	5	1	0	1	1	0.6522	0.9105
52	139	1	217.8003	6	8	0	0	1	0.6475	1.1524
52	140	1	219.3503	5	1	0	1	1	0.6500	0.5623
52	141	1	220.9003	6	8	0	1	1	0.6525	0.7083
52	142	1	222.4503	8	4	0	1	1	0.6549	0.9501
52	143	1	224.0003	9	2	0	1	1	0.6573	1.3366
52	144	1	225.5669	12	10	0	1	1	0.6597	1.3535
52	145	1	227.2503	9	2	90	1	1	0.6621	1.2064
52	146	1	228.8003	11	12	0	-1	0	0.6575	-1.0000
52	147	1	230.5337	9	2	90	1	1	0.6599	0.7229
52	148	1	232.0836	10	15	0	1	1	0.6622	0.8688
52	149	1	233.6337	11	12	0	0	1	0.6577	1.0152
52	150	1	235.1836	9	2	0	1	1	0.6600	0.6812
52	151	1	236.7336	11	12	90	0	1	0.6556	0.8752
52	152	1	238.2837	13	6	0	1	1	0.6579	0.6691
52	153	1	239.8337	12	10	0	1	1	0.6601	1.2631
52	154	1	241.3837	11	12	0	0	1	0.6558	1.1529
52	155	1	242.9337	12	10	0	1	1	0.6581	0.5787
52	156	1	244.4837	9	2	90	0	1	0.6538	0.7411
52	157	1	246.0337	11	12	90	0	1	0.6497	1.3667
52	158	1	247.7504	9	2	0	1	1	0.6519	0.9624
52	159	1	249.3004	11	12	90	1	1	0.6541	1.0443
52	160	1	250.8503	9	2	90	0	1	0.6500	1.0628
52	161	1	252.4004	12	10	0	0	1	0.6460	0.9200
52	162	1	253.9503	9	2	0	1	1	0.6481	1.0985
52	163	1	255.5004	8	4	0	1	1	0.6503	0.8287
52	164	1	257.0503	6	8	0	1	1	0.6524	0.8785
52	165	1	258.6004	8	4	0	1	1	0.6545	0.7685
52	166	1	260.1504	9	2	90	1	1	0.6566	1.3465
52	167	1	261.7004	11	12	90	0	1	0.6527	1.3641
52	168	1	263.2837	12	10	90	-1	0	0.6488	-1.0000
52	169	1	265.0170	10	15	0	1	1	0.6509	0.3994
52	170	1	266.5670	13	6	0	1	1	0.6529	0.8334
52	171	1	268.1170	10	15	0	1	1	0.6550	0.9794
52	172	1	269.6670	12	10	0	1	1	0.6570	1.1414
52	173	1	271.2171	9	2	0	0	1	0.6532	1.2876
52	174	1	272.7671	8	4	0	1	1	0.6552	0.6817
52	175	1	274.3172	6	8	0	1	1	0.6571	0.7320
52	176	1	275.8673	7	13	90	1	1	0.6591	1.2452
52	177	1	277.4172	5	1	0	1	1	0.6610	1.3762
52	178	1	278.9671	7	13	0	0	1	0.6573	1.0253
52	179	1	280.5172	5	1	0	1	1	0.6592	0.8361
52	180	1	282.0672	4	3	0	1	1	0.6611	0.8053
52	181	1	283.6174	3	5	0	1	1	0.6630	1.0797
52	182	1	285.1671	1	9	0	1	1	0.6648	0.8743
52	183	1	286.7171	3	5	0	0	1	0.6612	1.4524
52	184	1	288.4007	4	3	0	1	1	0.6630	0.4883
52	185	1	289.9505	7	13	0	1	1	0.6649	1.2748
52	186	1	291.5006	4	3	90	1	1	0.6667	0.9568
52	187	1	293.0506	7	13	90	0	1	0.6631	0.8628
52	188	1	294.6006	4	3	90	1	1	0.6649	0.9919
52	189	1	296.1506	3	5	0	1	1	0.6667	0.8019
52	190	1	297.7006	15	14	0	1	1	0.6684	0.7728
52	191	1	299.2506	2	11	90	0	1	0.6649	0.8868
52	192	1	300.8006	14	7	0	1	1	0.6667	0.6959
52	193	1	302.3506	13	6	0	0	1	0.6632	1.4182
52	194	1	303.9839	12	10	0	1	1	0.6649	0.4575
52	195	1	305.5338	11	12	0	0	1	0.6615	1.2754
52	196	1	307.0839	10	15	0	1	1	0.6633	0.7974
52	197	1	308.6339	13	6	0	1	1	0.6650	1.0875
52	198	1	310.1839	10	15	0	1	1	0.6667	0.9294
52	199	1	311.7339	9	2	90	0	1	0.6633	1.1707
52	200	1	313.2839	10	15	0	1	1	0.6650	0.7254
52	201	1	314.8339	13	6	0	1	1	0.6667	1.1436
52	202	1	316.3840	14	7	0	1	1	0.6683	0.9206
52	203	1	317.9339	15	14	0	1	1	0.6700	1.0516
52	204	1	319.4840	14	7	0	1	1	0.6716	1.0533
52	205	1	321.0340	1	9	0	1	1	0.6732	1.0868
52	206	1	322.5841	15	14	0	1	1	0.6748	1.2172
52	207	1	324.1340	3	5	0	1	1	0.6763	1.1873
52	208	1	325.6839	1	9	0	1	1	0.6779	1.0611
52	209	1	327.2340	14	7	0	1	1	0.6794	1.0154
52	210	1	328.7841	2	11	0	0	1	0.6762	1.2572
52	211	1	330.3339	3	5	0	1	1	0.6777	0.6666
52	212	1	331.8839	15	14	0	1	1	0.6792	0.5730
52	213	1	333.4339	3	5	0	1	1	0.6808	0.5269
52	214	1	334.9839	4	3	0	1	1	0.6822	1.0406
52	215	1	336.5340	6	8	0	1	1	0.6837	1.1706
52	216	1	338.0839	4	3	0	1	1	0.6852	1.2687
52	217	1	339.6339	7	13	0	1	1	0.6866	1.2077
52	218	1	341.1839	6	8	0	1	1	0.6881	1.2732
52	219	1	342.7339	5	1	0	1	1	0.6895	1.1632
52	220	1	344.2839	6	8	90	1	1	0.6909	1.2459
52	221	1	345.8340	7	13	0	1	1	0.6923	1.0234
52	222	1	347.3840	5	1	0	1	1	0.6937	0.9766
52	223	1	348.9340	6	8	0	1	1	0.6951	1.4426
52	224	1	350.6009	5	1	0	1	1	0.6964	1.3437
52	225	1	352.1508	8	4	0	1	1	0.6978	1.0587
52	226	1	353.7008	7	13	0	1	1	0.6991	1.2046
52	227	1	355.2508	8	4	0	1	1	0.7004	0.9978
52	228	1	356.8006	5	1	0	1	1	0.7018	0.8729
52	229	1	358.3506	8	4	0	1	1	0.7031	0.7628
52	230	1	359.9007	6	8	0	1	1	0.7043	0.8287
52	231	1	361.4507	8	4	0	1	1	0.7056	0.7027
52	232	1	363.0008	6	8	90	1	1	0.7069	0.8641
52	233	1	364.5507	4	3	0	1	1	0.7082	0.8347
52	234	1	366.1007	5	1	0	1	1	0.7094	1.1879
52	235	1	367.6507	4	3	0	1	1	0.7106	1.0626
52	236	1	369.2007	7	13	90	-1	0	0.7076	-1.0000
52	237	1	371.0009	6	8	0	1	1	0.7089	0.9285
52	238	1	372.5507	7	13	0	1	1	0.7101	0.9623
52	239	1	374.1007	5	1	0	1	1	0.7113	0.8679
52	240	1	375.6508	7	13	0	1	1	0.7125	0.6942
52	241	1	377.2008	8	4	0	1	1	0.7137	0.6319
52	242	1	378.7508	6	8	0	1	1	0.7149	0.7627
52	243	1	380.3008	4	3	0	1	1	0.7160	0.7640
52	244	1	381.8507	6	8	0	1	1	0.7172	0.6381
52	245	1	383.4007	7	13	90	0	1	0.7143	0.8479
52	246	1	384.9508	8	4	0	1	1	0.7154	0.9147
52	247	1	386.5007	9	2	0	1	1	0.7166	0.8048
52	248	1	388.0507	12	10	0	1	1	0.7177	0.7264
52	249	1	389.6008	13	6	0	1	1	0.7189	0.6638
52	250	1	391.1508	11	12	90	0	1	0.7160	0.6819
52	251	1	392.7008	10	15	0	1	1	0.7171	0.6847
52	252	1	394.2508	11	12	0	0	1	0.7143	0.7181
52	253	1	395.8008	12	10	0	1	1	0.7154	0.5758
52	254	1	397.3508	11	12	0	1	1	0.7165	0.8498
52	255	1	398.9009	9	2	0	1	1	0.7176	0.5966
52	256	1	400.4509	10	15	90	1	1	0.7188	0.9828
52	257	1	402.0007	13	6	90	0	1	0.7160	0.8723
52	258	1	403.5509	11	12	90	-1	0	0.7132	-1.0000
52	259	1	405.3843	9	2	0	1	1	0.7143	0.6247
52	260	1	406.9341	12	10	0	1	1	0.7154	0.5313
52	261	1	408.4842	11	12	0	1	1	0.7165	0.7733
52	262	1	410.0341	13	6	0	1	1	0.7176	0.6146
52	263	1	411.5841	11	12	90	1	1	0.7186	0.5373
52	264	1	413.1341	12	10	90	0	1	0.7159	0.7472
52	265	1	414.6842	11	12	0	1	1	0.7170	0.7973
52	266	1	416.2341	12	10	0	1	1	0.7180	1.2150
52	267	1	417.7841	10	15	0	1	1	0.7191	0.7694
52	268	1	419.3341	9	2	0	1	1	0.7201	0.7548
52	269	1	420.8842	11	12	0	1	1	0.7212	0.6449
52	270	1	422.4342	12	10	0	1	1	0.7222	0.8234
52	271	1	423.9841	13	6	0	1	1	0.7232	0.5373
52	272	1	425.5341	14	7	0	1	1	0.7243	0.5394
52	273	1	427.0842	1	9	0	1	1	0.7253	0.6374
52	274	1	428.6342	15	14	0	1	1	0.7263	0.7825
52	275	1	430.1842	2	11	0	1	1	0.7273	0.9933
52	276	1	431.7342	14	7	0	1	1	0.7283	0.7548
52	277	1	433.2842	2	11	0	1	1	0.7292	0.8372
52	278	1	434.8342	3	5	0	1	1	0.7302	0.6474
52	279	1	436.3842	15	14	0	1	1	0.7312	0.6965
52	280	1	437.9342	2	11	0	1	1	0.7321	0.8436
52	281	1	439.4842	14	7	0	1	1	0.7331	0.8774
52	282	1	441.0342	15	14	0	1	1	0.7340	0.8150
52	283	1	442.5843	2	11	0	1	1	0.7350	0.7529
52	284	1	444.1342	3	5	90	0	1	0.7324	0.8834
52	285	1	445.6842	2	11	0	1	1	0.7333	0.7410
52	286	1	447.2343	3	5	0	1	1	0.7343	0.6792
52	287	1	448.7843	2	11	0	1	1	0.7352	0.6653
52	288	1	450.3343	1	9	0	1	1	0.7361	0.6511
52	289	1	451.8842	14	7	90	0	1	0.7336	0.4285
52	290	1	453.4342	15	14	0	1	1	0.7345	0.6229
52	291	1	454.9843	1	9	0	1	1	0.7354	0.5604
52	292	1	456.5343	15	14	0	1	1	0.7363	0.6912
52	293	1	458.0843	1	9	0	1	1	0.7372	0.6454
52	294	1	459.6342	2	11	0	1	1	0.7381	0.7909
52	295	1	461.1843	1	9	90	1	1	0.7390	0.7768
52	296	1	462.7342	15	14	0	1	1	0.7399	0.6512
52	297	1	464.2843	14	7	90	0	1	0.7374	1.1493
52	298	1	465.8343	1	9	0	1	1	0.7383	0.5904
52	299	1	467.3842	15	14	0	1	1	0.7391	0.6893
52	300	1	468.9344	2	11	0	1	1	0.7400	0.8670
52	301	1	470.4843	15	14	0	1	1	0.7409	0.8364
52	302	1	472.0343	14	7	0	1	1	0.7417	0.9191
52	303	1	473.5843	1	9	90	1	1	0.7426	0.9364
52	304	1	475.1343	15	14	0	1	1	0.7434	0.7473
52	305	1	476.6843	1	9	0	1	1	0.7443	0.6854
52	306	1	478.2343	15	14	90	0	1	0.7418	1.1348
52	307	1	479.7842	14	7	90	1	1	0.7427	1.2010
52	308	1	481.3343	2	11	0	1	1	0.7435	0.8513
52	309	1	482.8843	3	5	0	1	1	0.7443	0.9173
52	310	1	484.4343	4	3	90	1	1	0.7452	1.4630
52	311	1	486.0512	3	5	0	1	1	0.7460	0.9344
52	312	1	487.6012	15	14	0	1	1	0.7468	0.6165
52	313	1	489.1510	3	5	0	1	1	0.7476	0.6345
52	314	1	490.7011	2	11	0	1	1	0.7484	1.2285
52	315	1	492.2510	3	5	0	1	1	0.7492	1.2468
52	316	1	493.8010	1	9	0	1	1	0.7500	0.8477
52	317	1	495.3511	2	11	90	1	1	0.7508	1.2826
52	318	1	496.9010	14	7	0	1	1	0.7516	1.0767
52	319	1	498.4511	2	11	0	1	1	0.7524	0.8065
52	320	1	500.0011	14	7	0	1	1	0.7531	1.1917
52	321	1	501.5511	13	6	0	1	1	0.7539	0.6985
52	322	1	503.1011	11	12	0	1	1	0.7547	1.2281
52	323	1	504.6511	12	10	0	1	1	0.7554	0.8144
52	324	1	506.2011	13	6	0	1	1	0.7562	0.6245
52	325	1	507.7511	11	12	0	0	1	0.7538	0.8980
52	326	1	509.3011	13	6	0	1	1	0.7546	0.5646
52	327	1	510.8511	12	10	0	1	1	0.7554	0.0857
52	328	1	512.4011	9	2	0	1	1	0.7561	0.8885
52	329	1	513.9511	10	15	90	0	1	0.7538	0.7621
52	330	1	515.5011	9	2	0	1	1	0.7545	0.6207
52	331	1	517.0511	8	4	90	1	1	0.7553	0.8617
52	332	1	518.6011	6	8	0	1	1	0.7560	0.9445
52	333	1	520.1511	8	4	0	1	1	0.7568	1.2337
52	334	1	521.7011	7	13	0	1	1	0.7575	1.0604
52	335	1	523.2512	4	3	0	1	1	0.7582	1.1105
52	336	1	524.8011	5	1	0	1	1	0.7589	0.7597
52	337	1	526.3512	4	3	0	1	1	0.7596	0.6825
52	338	1	527.9013	5	1	90	0	1	0.7574	0.6514
52	339	1	529.4511	6	8	0	1	1	0.7581	0.6385
52	340	1	531.0012	8	4	0	1	1	0.7588	0.6400
52	341	1	532.5510	5	1	0	1	1	0.7595	0.7066
52	342	1	534.1011	8	4	0	1	1	0.7602	0.9321
52	343	1	535.6511	9	2	0	1	1	0.7609	0.9184
52	344	1	537.2011	12	10	0	1	1	0.7616	0.8404
52	345	1	538.7512	13	6	0	1	1	0.7623	0.8422
52	346	1	540.3012	12	10	0	1	1	0.7630	0.8445
52	347	1	541.8512	11	12	0	0	1	0.7608	0.7665
52	348	1	543.4012	9	2	0	1	1	0.7615	0.6244
52	349	1	544.9511	11	12	0	0	1	0.7593	1.0266
52	350	1	546.5012	9	2	0	1	1	0.7600	0.3883
52	351	1	548.0512	11	12	90	0	1	0.7578	0.3896
52	352	1	549.6014	13	6	0	1	1	0.7585	0.7115
52	353	1	551.1512	10	15	0	1	1	0.7592	0.7456
52	354	1	552.7012	13	6	0	1	1	0.7599	0.6365
52	355	1	554.2512	14	7	0	1	1	0.7606	0.8786
52	356	1	555.8013	15	14	0	1	1	0.7612	0.5763
52	357	1	557.3512	1	9	90	1	1	0.7619	0.7865
52	358	1	558.9012	14	7	0	1	1	0.7626	1.0445
52	359	1	560.4513	2	11	0	1	1	0.7632	0.8864
52	360	1	562.0012	14	7	0	1	1	0.7639	0.8236
52	361	1	563.5512	13	6	0	1	1	0.7645	0.7782
52	362	1	565.1012	10	15	0	1	1	0.7652	1.0365
52	363	1	566.6512	12	10	0	1	1	0.7658	0.8456
52	364	1	568.2012	9	2	0	0	1	0.7637	1.1525
52	365	1	569.7513	11	12	90	0	1	0.7616	1.0101
52	366	1	571.3013	13	6	0	1	1	0.7623	0.6122
52	367	1	572.8513	10	15	0	1	1	0.7629	0.6787
52	368	1	574.4012	9	2	0	1	1	0.7636	0.8083
52	369	1	575.9512	10	15	0	1	1	0.7642	0.7456
52	370	1	577.5013	13	6	0	1	1	0.7649	0.7636
52	371	1	579.0512	14	7	0	1	1	0.7655	0.8305
52	372	1	580.6014	15	14	0	0	1	0.7634	1.3279
52	373	1	582.1681	2	11	0	1	1	0.7641	0.7536
52	374	1	583.7180	15	14	90	0	1	0.7620	0.6757
52	375	1	585.2681	2	11	0	1	1	0.7627	0.7575
52	376	1	586.8179	14	7	0	1	1	0.7633	0.8718
52	377	1	588.3680	2	11	0	1	1	0.7639	0.7929
52	378	1	589.9179	14	7	0	1	1	0.7646	0.7950
52	379	1	591.4680	1	9	0	1	1	0.7652	0.8768
52	380	1	593.0180	3	5	90	1	1	0.7658	1.0552
52	381	1	594.5679	2	11	0	1	1	0.7664	0.8330
52	382	1	596.1180	15	14	0	1	1	0.7670	0.8995
52	383	1	597.6680	3	5	0	1	1	0.7676	0.7577
52	384	1	599.2180	2	11	0	1	1	0.7682	0.7909
52	385	1	600.7680	1	9	0	1	1	0.7688	0.6971
52	386	1	602.3180	15	14	0	1	1	0.7694	0.6511
52	387	1	603.8680	3	5	90	1	1	0.7700	0.7817
52	388	1	605.4180	2	11	0	1	1	0.7706	0.6389
52	389	1	606.9679	3	5	0	1	1	0.7712	0.6730
52	390	1	608.5180	2	11	0	1	1	0.7718	0.8997
52	391	1	610.0680	3	5	90	1	1	0.7724	0.9809
52	392	1	611.6180	4	3	0	1	1	0.7730	0.8076
52	393	1	613.1680	5	1	0	1	1	0.7735	1.0496
52	394	1	614.7181	6	8	0	1	1	0.7741	0.8908
52	395	1	616.2680	7	13	0	1	1	0.7747	1.1498
52	396	1	617.8180	5	1	0	1	1	0.7753	1.0397
52	397	1	619.3681	7	13	0	1	1	0.7758	0.7216
52	398	1	620.9179	4	3	0	1	1	0.7764	0.6914
52	399	1	622.4680	3	5	0	1	1	0.7769	0.8529
52	400	1	624.0180	1	9	0	1	1	0.7775	0.7276
52	401	1	625.5680	2	11	90	1	1	0.7781	1.3378
52	402	1	627.1180	15	14	0	1	1	0.7786	0.8278
52	403	1	628.6681	3	5	90	0	1	0.7767	1.1969
52	404	1	630.2180	15	14	0	1	1	0.7772	0.8797
52	405	1	631.7681	2	11	90	0	1	0.7753	1.1853
52	406	1	633.3180	15	14	0	1	1	0.7759	0.5149
52	407	1	634.8681	1	9	0	1	1	0.7764	0.8698
52	408	1	636.4181	14	7	0	1	1	0.7770	0.8557
52	409	1	637.9681	13	6	90	0	1	0.7751	0.7937
52	410	1	639.5181	10	15	0	1	1	0.7756	0.8916
52	411	1	641.0681	9	2	90	0	1	0.7737	0.8933
52	412	1	642.6181	8	4	90	1	1	0.7743	1.0876
52	413	1	644.1681	6	8	90	1	1	0.7748	0.9457
52	414	1	645.7181	8	4	90	1	1	0.7754	1.2197
52	415	1	647.2681	7	13	0	1	1	0.7759	0.8688
52	416	1	648.8181	6	8	0	1	1	0.7764	0.7438
52	417	1	650.3680	7	13	0	1	1	0.7770	0.5698
52	418	1	651.9181	6	8	0	1	1	0.7775	0.6193
52	419	1	653.4681	7	13	0	1	1	0.7780	0.6688
52	420	1	655.0181	4	3	0	1	1	0.7786	0.6238
52	421	1	656.5682	3	5	0	1	1	0.7791	0.7054
52	422	1	658.1181	2	11	0	1	1	0.7796	0.6117
52	423	1	659.6681	3	5	0	1	1	0.7801	0.5972
52	424	1	661.2181	2	11	0	1	1	0.7807	0.6148
52	425	1	662.7681	14	7	90	1	1	0.7812	1.0168
52	426	1	664.3181	15	14	0	1	1	0.7817	0.6838
52	427	1	665.8681	14	7	90	0	1	0.7799	1.3249
52	428	1	667.4348	15	14	0	1	1	0.7804	0.7671
52	429	1	668.9848	14	7	0	1	1	0.7809	1.1854
52	430	1	670.5348	13	6	0	1	1	0.7814	0.8991
52	431	1	672.0848	12	10	0	0	1	0.7796	1.1889
52	432	1	673.6348	11	12	0	1	1	0.7801	0.8382
52	433	1	675.1847	9	2	0	1	1	0.7806	0.9362
52	434	1	676.7348	11	12	0	1	1	0.7811	1.0191
52	435	1	678.2848	13	6	90	0	1	0.7793	0.8930
52	436	1	679.8348	10	15	0	1	1	0.7798	0.7026
52	437	1	681.3848	9	2	0	1	1	0.7803	0.8331
52	438	1	682.9348	11	12	0	1	1	0.7808	0.9310
52	439	1	684.4849	10	15	0	1	1	0.7813	0.7886
52	440	1	686.0348	12	10	0	1	1	0.7818	0.8074
52	441	1	687.5848	9	2	0	1	1	0.7823	0.6806
52	442	1	689.1348	10	15	0	1	1	0.7828	0.6661
52	443	1	690.6848	13	6	0	1	1	0.7833	0.8766
52	444	1	692.2348	12	10	0	1	1	0.7838	0.7511
52	445	1	693.7849	11	12	0	1	1	0.7843	0.8491
52	446	1	695.3348	10	15	90	1	1	0.7848	0.9790
52	447	1	696.8848	11	12	0	1	1	0.7852	0.7086
52	448	1	698.4348	9	2	0	1	1	0.7857	0.6311
52	449	1	699.9849	11	12	0	1	1	0.7862	0.7130
52	450	1	701.5348	12	10	0	1	1	0.7867	0.7462
52	451	1	703.0849	9	2	90	1	1	0.7871	0.8289
52	452	1	704.6349	12	10	0	1	1	0.7876	0.5910
52	453	1	706.1849	13	6	0	1	1	0.7881	0.6402
52	454	1	707.7349	10	15	90	1	1	0.7885	1.0433
52	455	1	709.2848	12	10	0	1	1	0.7890	0.6606
52	456	1	710.8350	9	2	0	1	1	0.7895	0.6629
52	457	1	712.3849	11	12	0	1	1	0.7899	0.8249
52	458	1	713.9349	10	15	0	1	1	0.7904	1.1141
52	459	1	715.4848	11	12	0	1	1	0.7908	1.0690
52	460	1	717.0349	9	2	0	1	1	0.7913	0.7981
52	461	1	718.5849	12	10	0	1	1	0.7918	0.6727
52	462	1	720.1349	13	6	0	1	1	0.7922	1.0901
52	463	1	721.6849	10	15	0	1	1	0.7927	1.1560
52	464	1	723.2349	13	6	0	1	1	0.7931	1.0149
52	465	1	724.7849	12	10	0	1	1	0.7935	0.8084
52	466	1	726.3348	9	2	0	1	1	0.7940	0.6990
52	467	1	727.8850	8	4	0	1	1	0.7944	0.9890
52	468	1	729.4350	7	13	0	1	1	0.7949	1.1829
52	469	1	730.9850	8	4	0	1	1	0.7953	1.0086
52	470	1	732.5349	6	8	90	1	1	0.7957	1.0429
52	471	1	734.0849	7	13	0	1	1	0.7962	0.8530
52	472	1	735.6350	4	3	0	1	1	0.7966	0.8228
52	473	1	737.1850	5	1	0	1	1	0.7970	0.9048
52	474	1	738.7349	8	4	0	1	1	0.7975	0.7781
52	475	1	740.2849	6	8	0	1	1	0.7979	1.0845
52	476	1	741.8350	4	3	0	1	1	0.7983	0.8949
52	477	1	743.3849	6	8	0	1	1	0.7987	0.7678
52	478	1	744.9350	5	1	0	1	1	0.7992	0.6430
52	479	1	746.4849	6	8	0	1	1	0.7996	0.7730
52	480	1	748.0349	4	3	0	1	1	0.8000	0.6621
52	481	1	749.5850	3	5	0	1	1	0.8004	0.8728
52	482	1	751.1350	2	11	90	1	1	0.8008	1.0346
52	483	1	752.6851	1	9	0	1	1	0.8012	0.8769
52	484	1	754.2351	3	5	0	1	1	0.8017	0.7823
52	485	1	755.7849	15	14	0	1	1	0.8021	0.6882
52	486	1	757.3350	2	11	90	1	1	0.8025	0.9146
52	487	1	758.8850	14	7	0	1	1	0.8029	0.9008
52	488	1	760.4350	13	6	0	1	1	0.8033	1.1426
52	489	1	761.9849	14	7	0	0	1	0.8016	1.1444
52	490	1	763.5350	13	6	0	1	1	0.8020	1.0827
52	491	1	765.0850	11	12	0	1	1	0.8024	0.8610
52	492	1	766.6351	9	2	0	1	1	0.8028	1.1341
52	493	1	768.1850	11	12	0	1	1	0.8032	0.9607
52	494	1	769.7350	10	15	0	1	1	0.8036	0.9307
52	495	1	771.2850	11	12	0	1	1	0.8040	0.7089
52	496	1	772.8350	13	6	0	1	1	0.8044	0.6301
52	497	1	774.3851	14	7	90	0	1	0.8028	0.9840
52	498	1	775.9351	15	14	0	1	1	0.8032	0.6825
52	499	1	777.4850	14	7	0	0	1	0.8016	0.6523
52	500	1	779.0350	1	9	0	1	1	0.8020	0.6548
52	501	1	780.5850	15	14	0	1	1	0.8024	0.5768
52	502	1	782.1351	1	9	0	1	1	0.8028	0.6584
52	503	1	783.6850	15	14	0	1	1	0.8032	0.6450
52	504	1	785.2350	3	5	0	1	1	0.8036	1.3341
52	505	1	786.7851	2	11	0	1	1	0.8040	0.7610
52	506	1	788.3351	3	5	0	1	1	0.8043	0.7305
52	507	1	789.8850	15	14	0	1	1	0.8047	0.7490
52	508	1	791.4351	2	11	90	1	1	0.8051	1.1500
52	509	1	792.9850	1	9	0	1	1	0.8055	0.5921
52	510	1	794.5351	2	11	90	0	1	0.8039	0.7066
52	511	1	796.0851	15	14	0	1	1	0.8043	0.6930
52	512	1	797.6351	2	11	0	1	1	0.8047	0.7740
52	513	1	799.1852	14	7	0	1	1	0.8051	0.7764
52	514	1	800.7351	2	11	90	1	1	0.8054	0.9066
52	515	1	802.2851	1	9	0	1	1	0.8058	0.5881
52	516	1	803.8351	15	14	0	1	1	0.8062	0.6228
52	517	1	805.3851	1	9	90	1	1	0.8066	0.9444
52	518	1	806.9352	15	14	0	1	1	0.8069	0.7383
52	519	1	808.4851	3	5	0	1	1	0.8073	0.5644
52	520	1	810.0352	4	3	0	1	1	0.8077	1.0308
52	521	1	811.5851	7	13	0	1	1	0.8081	1.1449
52	522	1	813.1352	6	8	90	1	1	0.8084	0.9065
52	523	1	814.6851	7	13	0	1	1	0.8088	0.8927
52	524	1	816.2352	6	8	0	1	1	0.8092	1.0388
52	525	1	817.7851	7	13	0	1	1	0.8095	0.7520
52	526	1	819.3352	4	3	90	1	1	0.8099	0.8669
52	527	1	820.8852	3	5	0	1	1	0.8102	0.7403
52	528	1	822.4351	1	9	0	1	1	0.8106	0.5989
52	529	1	823.9852	15	14	90	1	1	0.8110	0.9680
52	530	1	825.5351	3	5	0	1	1	0.8113	1.0661
52	531	1	827.0853	2	11	0	1	1	0.8117	0.9404
52	532	1	828.6352	15	14	0	1	1	0.8120	0.7657
52	533	1	830.1851	2	11	90	0	1	0.8105	1.0404
52	534	1	831.7352	3	5	0	1	1	0.8109	0.5624
52	535	1	833.2853	1	9	0	1	1	0.8112	0.7405
52	536	1	834.8352	3	5	0	1	1	0.8116	0.9028
52	537	1	836.3852	15	14	0	1	1	0.8119	0.8566
52	538	1	837.9352	14	7	0	1	1	0.8123	0.8427
52	539	1	839.4852	15	14	90	1	1	0.8126	0.8924
52	540	1	841.0352	14	7	90	1	1	0.8130	0.9106
52	541	1	842.5852	2	11	0	1	1	0.8133	0.6244
52	542	1	844.1353	3	5	0	1	1	0.8137	0.5948
52	543	1	845.6852	4	3	0	1	1	0.8140	0.6447
52	544	1	847.2352	3	5	0	1	1	0.8143	0.6940
52	545	1	848.7853	2	11	0	1	1	0.8147	0.6647
52	546	1	850.3354	15	14	0	1	1	0.8150	0.7944
52	547	1	851.8852	1	9	90	1	1	0.8154	0.7329
52	548	1	853.4353	15	14	0	1	1	0.8157	0.6388
52	549	1	854.9853	1	9	90	1	1	0.8160	0.6728
52	550	1	856.5352	3	5	90	1	1	0.8164	0.8189
52	551	1	858.0853	1	9	0	1	1	0.8167	0.8205
52	552	1	859.6353	14	7	0	1	1	0.8170	0.9506
52	553	1	861.1852	1	9	0	1	1	0.8174	1.4009
52	554	1	862.7353	2	11	0	1	1	0.8177	0.7944
52	555	1	864.2853	15	14	0	1	1	0.8180	0.7003
52	556	1	865.8353	2	11	0	1	1	0.8183	0.7499
52	557	1	867.3853	1	9	0	1	1	0.8187	0.6248
52	558	1	868.9353	2	11	0	1	1	0.8190	0.8824
52	559	1	870.4854	1	9	0	1	1	0.8193	0.5967
52	560	1	872.0353	14	7	0	1	1	0.8196	0.8067
52	561	1	873.5855	2	11	90	0	1	0.8182	0.6806
52	562	1	875.1353	3	5	0	1	1	0.8185	0.6827
52	563	1	876.6853	4	3	0	1	1	0.8188	0.6847
52	564	1	878.2353	6	8	90	1	1	0.8191	1.1180
52	565	1	879.7853	8	4	0	1	1	0.8195	0.8159
52	566	1	881.3353	9	2	0	1	1	0.8198	0.7219
52	567	1	882.8854	12	10	0	1	1	0.8201	0.7239
52	568	1	884.4353	13	6	0	1	1	0.8204	0.8707
52	569	1	885.9854	14	7	0	1	1	0.8207	0.8399
52	570	1	887.5353	15	14	0	1	1	0.8211	0.7303
52	571	1	889.0854	14	7	90	1	1	0.8214	0.9719
52	572	1	890.6353	1	9	90	1	1	0.8217	0.8628
52	573	1	892.1854	14	7	0	1	1	0.8220	0.7843
52	574	1	893.7353	13	6	0	1	1	0.8223	0.6580
52	575	1	895.2854	12	10	0	1	1	0.8226	0.6767
52	576	1	896.8355	13	6	90	1	1	0.8229	1.0622
52	577	1	898.3854	11	12	0	1	1	0.8232	1.3679
52	578	1	899.9354	13	6	0	1	1	0.8235	0.9547
52	579	1	901.4854	10	15	0	1	1	0.8238	1.1168
52	580	1	903.0354	13	6	0	1	1	0.8241	0.8459
52	581	1	904.5854	14	7	0	1	1	0.8244	0.7367
52	582	1	906.1354	2	11	0	1	1	0.8247	0.8019
52	583	1	907.6854	1	9	0	1	1	0.8250	0.6768
52	584	1	909.2354	14	7	90	0	1	0.8236	0.7907
52	585	1	910.7854	15	14	0	1	1	0.8239	0.6172
52	586	1	912.3353	14	7	0	1	1	0.8242	1.0028
52	587	1	913.8854	13	6	0	1	1	0.8245	0.6519
52	588	1	915.4354	12	10	0	1	1	0.8248	0.5899
52	589	1	916.9854	10	15	0	1	1	0.8251	0.7848
52	590	1	918.5354	9	2	0	1	1	0.8254	0.7228
52	591	1	920.0854	8	4	90	1	1	0.8257	0.8362
52	592	1	921.6354	7	13	0	1	1	0.8260	0.9346
52	593	1	923.1855	6	8	0	1	1	0.8263	0.7758
52	594	1	924.7354	5	1	0	1	1	0.8266	1.0187
52	595	1	926.2854	7	13	0	1	1	0.8269	0.9728
52	596	1	927.8354	5	1	90	0	1	0.8255	0.7668
52	597	1	929.3855	7	13	90	0	1	0.8241	0.8799
52	598	1	930.9355	4	3	90	0	1	0.8227	1.3946
52	599	1	932.5523	3	5	0	1	1	0.8230	0.6578
52	600	1	934.1022	4	3	0	1	1	0.8233	1.0116
52	601	1	1016.0025	5	1	0	-1	0	0.8220	-1.0000
52	602	1	1017.7525	6	8	0	1	1	0.8223	1.2495
52	603	1	1019.3024	5	1	0	1	1	0.8226	0.7878
52	604	1	1020.8524	8	4	0	1	1	0.8228	0.6453
52	605	1	1022.4023	6	8	0	1	1	0.8231	0.6481
52	606	1	1023.9523	7	13	0	0	1	0.8218	0.8092
52	607	1	1025.5024	5	1	90	0	1	0.8204	0.9078
52	608	1	1027.0524	4	3	0	1	1	0.8207	0.5415
52	609	1	1028.6025	7	13	90	1	1	0.8210	0.7029
52	610	1	1030.1523	8	4	0	1	1	0.8213	0.5619
52	611	1	1031.7024	9	2	0	1	1	0.8216	0.7398
52	612	1	1033.2524	10	15	0	1	1	0.8219	0.7418
52	613	1	1034.8024	12	10	90	0	1	0.8206	0.7594
52	614	1	1036.3524	10	15	0	1	1	0.8208	0.4579
52	615	1	1037.9023	12	10	0	1	1	0.8211	0.6040
52	616	1	1039.4524	13	6	0	1	1	0.8214	0.9890
52	617	1	1041.0024	14	7	90	1	1	0.8217	1.0079
52	618	1	1042.5526	15	14	0	1	1	0.8220	0.7215
52	619	1	1044.1023	14	7	0	1	1	0.8223	0.9471
52	620	1	1045.6524	15	14	0	1	1	0.8226	0.9490
52	621	1	1047.2024	3	5	0	1	1	0.8229	0.7279
52	622	1	1048.7524	2	11	0	1	1	0.8232	0.7135
52	623	1	1050.3024	1	9	0	1	1	0.8234	0.6841
52	624	1	1051.8524	15	14	0	1	1	0.8237	0.6530
52	625	1	1053.4025	3	5	0	1	1	0.8240	0.7190
52	626	1	1054.9524	4	3	0	1	1	0.8243	0.8179
52	627	1	1056.5024	7	13	0	1	1	0.8246	0.9954
52	628	1	1058.0525	5	1	0	1	1	0.8248	0.6298
52	629	1	1059.6025	4	3	0	1	1	0.8251	0.5830
52	630	1	1061.1524	5	1	0	1	1	0.8254	0.4900
52	631	1	1062.7025	8	4	0	1	1	0.8257	0.6034
52	632	1	1064.2523	9	2	0	1	1	0.8259	0.5420
52	633	1	1065.8024	12	10	90	0	1	0.8246	0.6710
52	634	1	1067.3525	10	15	0	1	1	0.8249	0.6893
52	635	1	1068.9025	9	2	90	0	1	0.8236	0.6917
52	636	1	1070.4526	11	12	0	1	1	0.8239	0.9814
52	637	1	1072.0025	12	10	0	1	1	0.8242	0.7279
52	638	1	1073.5524	10	15	90	1	1	0.8245	0.9531
52	639	1	1075.1024	12	10	0	1	1	0.8247	0.9400
52	640	1	1076.6524	9	2	0	1	1	0.8250	0.6219
52	641	1	1078.2025	11	12	0	1	1	0.8253	0.9113
52	642	1	1079.7525	13	6	0	1	1	0.8255	0.9770
52	643	1	1081.3024	11	12	0	0	1	0.8243	1.0755
52	644	1	1082.8525	12	10	0	1	1	0.8245	0.6770
52	645	1	1084.4025	10	15	90	0	1	0.8233	1.0310
52	646	1	1085.9526	12	10	0	1	1	0.8235	1.1298
52	647	1	1087.5025	11	12	0	1	1	0.8238	0.8436
52	648	1	1089.0525	10	15	0	1	1	0.8241	0.9418
52	649	1	1090.6027	12	10	0	1	1	0.8243	0.7192
52	650	1	1092.1524	9	2	0	1	1	0.8246	0.7851
52	651	1	1093.7025	11	12	0	1	1	0.8249	0.7718
52	652	1	1095.2524	10	15	0	1	1	0.8252	0.5655
52	653	1	1096.8025	12	10	0	1	1	0.8254	0.6639
52	654	1	1098.3525	9	2	0	1	1	0.8257	0.6810
52	655	1	1099.9024	12	10	0	1	1	0.8260	0.6200
52	656	1	1101.4526	13	6	0	1	1	0.8262	0.8293
52	657	1	1103.0026	11	12	90	1	1	0.8265	0.9278
52	658	1	1104.5525	10	15	0	1	1	0.8267	0.9938
52	659	1	1106.1025	12	10	0	1	1	0.8270	0.6918
52	660	1	1107.6525	9	2	90	1	1	0.8273	0.9179
52	661	1	1109.2026	8	4	0	1	1	0.8275	0.5998
52	662	1	1110.7527	7	13	0	1	1	0.8278	0.6657
52	663	1	1112.3025	8	4	0	1	1	0.8281	0.5876
52	664	1	1113.8526	5	1	90	1	1	0.8283	0.8290
52	665	1	1115.4026	6	8	0	1	1	0.8286	0.7193
52	666	1	1116.9525	5	1	0	1	1	0.8288	0.8816
52	667	1	1118.5026	4	3	0	1	1	0.8291	0.7237
52	668	1	1120.0525	7	13	0	1	1	0.8293	0.8219
52	669	1	1121.6028	8	4	0	1	1	0.8296	0.7276
52	670	1	1123.1526	9	2	90	0	1	0.8284	1.0181
52	671	1	1124.7026	12	10	0	1	1	0.8286	0.8917
52	672	1	1126.2526	11	12	0	1	1	0.8289	0.7177
52	673	1	1127.8026	9	2	90	1	1	0.8291	0.8157
52	674	1	1129.3526	11	12	0	1	1	0.8294	0.6890
52	675	1	1130.9026	9	2	90	0	1	0.8281	0.5789
52	676	1	1132.4527	10	15	90	0	1	0.8269	0.9977
52	677	1	1134.0026	13	6	90	1	1	0.8272	1.2718
52	678	1	1135.5526	10	15	0	1	1	0.8274	0.9854
52	679	1	1137.1025	9	2	90	1	1	0.8277	0.9074
52	680	1	1138.6528	10	15	0	1	1	0.8279	0.9254
52	681	1	1140.2026	12	10	0	1	1	0.8282	0.6238
52	682	1	1141.7527	13	6	0	1	1	0.8284	0.7209
52	683	1	1143.3026	14	7	0	1	1	0.8287	0.7556
52	684	1	1144.8526	13	6	0	1	1	0.8289	0.5978
52	685	1	1146.4027	14	7	90	1	1	0.8292	0.8077
52	686	1	1147.9527	2	11	90	1	1	0.8294	0.9218
52	687	1	1149.5027	1	9	0	1	1	0.8297	0.8598
52	688	1	1151.0527	14	7	0	1	1	0.8299	0.7817
52	689	1	1152.6028	13	6	90	1	1	0.8302	0.8631
52	690	1	1154.1526	14	7	90	1	1	0.8304	0.9778
52	691	1	1155.7026	1	9	0	1	1	0.8307	0.7557
52	692	1	1157.2527	3	5	0	1	1	0.8309	0.9493
52	693	1	1158.8027	2	11	90	0	1	0.8297	1.1917
52	694	1	1160.3527	14	7	0	1	1	0.8300	1.2258
52	695	1	1161.9029	1	9	90	1	1	0.8302	1.0987
52	696	1	1163.4527	15	14	0	1	1	0.8305	0.7653
52	697	1	1165.0026	2	11	0	1	1	0.8307	0.7350
52	698	1	1166.5527	1	9	0	1	1	0.8309	0.5777
52	699	1	1168.1027	14	7	0	1	1	0.8312	0.6755
52	700	1	1169.6527	13	6	0	1	1	0.8314	0.7249
52	701	1	1171.2027	10	15	90	1	1	0.8317	1.1755
52	702	1	1172.7526	9	2	0	1	1	0.8319	0.6819
52	703	1	1174.3027	12	10	90	1	1	0.8321	0.8757
52	704	1	1175.8527	10	15	0	1	1	0.8324	0.7018
52	705	1	1177.4027	13	6	0	1	1	0.8326	0.7989
52	706	1	1178.9527	11	12	0	1	1	0.8329	0.7853
52	707	1	1180.5027	9	2	0	1	1	0.8331	0.5952
52	708	1	1182.0527	12	10	0	1	1	0.8333	0.6777
52	709	1	1183.6029	11	12	90	1	1	0.8336	0.9676
52	710	1	1185.1527	9	2	0	1	1	0.8338	0.8732
52	711	1	1186.7028	12	10	0	1	1	0.8340	0.7628
52	712	1	1188.2529	11	12	90	1	1	0.8343	0.9256
52	713	1	1189.8027	13	6	0	1	1	0.8345	0.7677
52	714	1	1191.3526	14	7	90	1	1	0.8347	1.2179
52	715	1	1192.9028	2	11	0	1	1	0.8350	0.8198
52	716	1	1194.4528	3	5	0	1	1	0.8352	0.7898
52	717	1	1196.0028	4	3	90	1	1	0.8354	0.9512
52	718	1	1197.5527	3	5	90	1	1	0.8357	1.3050
52	719	1	1199.1028	1	9	0	1	1	0.8359	0.7958
52	720	1	1200.6528	3	5	0	1	1	0.8361	0.9893
52	721	1	1202.2027	4	3	0	0	1	0.8350	1.1509
52	722	1	1203.7528	3	5	90	1	1	0.8352	1.4888
52	723	1	1205.3863	2	11	0	1	1	0.8354	0.8314
52	724	1	1206.9361	3	5	90	1	1	0.8356	0.8495
52	725	1	1208.4860	1	9	0	1	1	0.8359	0.5645
52	726	1	1210.0361	3	5	0	1	1	0.8361	0.6776
52	727	1	1211.5861	1	9	90	1	1	0.8363	0.6799
52	728	1	1213.1362	3	5	0	1	1	0.8365	0.7623
52	729	1	1214.6861	1	9	0	1	1	0.8368	0.5559
52	730	1	1216.2361	3	5	0	1	1	0.8370	0.5899
52	731	1	1217.7862	2	11	0	1	1	0.8372	0.8474
52	732	1	1219.3362	1	9	0	1	1	0.8374	0.6103
52	733	1	1220.8862	3	5	0	1	1	0.8377	0.7235
52	734	1	1222.4361	2	11	0	1	1	0.8379	0.7260
52	735	1	1223.9862	15	14	90	1	1	0.8381	0.8244
52	736	1	1225.5363	14	7	90	1	1	0.8383	0.9062
52	737	1	1227.0862	2	11	0	1	1	0.8385	0.6844
52	738	1	1228.6362	14	7	0	1	1	0.8388	0.9903
52	739	1	1230.1862	15	14	90	0	1	0.8376	1.0074
52	740	1	1231.7362	3	5	0	1	1	0.8378	1.0740
52	741	1	1233.2862	1	9	90	1	1	0.8381	0.7722
52	742	1	1234.8361	15	14	90	0	1	0.8369	0.6623
52	743	1	1236.3863	2	11	90	0	1	0.8358	0.8554
52	744	1	1237.9362	15	14	0	1	1	0.8360	0.7780
52	745	1	1239.4862	14	7	0	1	1	0.8362	0.8278
52	746	1	1241.0362	2	11	0	1	1	0.8365	0.8464
52	747	1	1242.5864	3	5	0	1	1	0.8367	0.7833
52	748	1	1244.1363	2	11	0	1	1	0.8369	0.6734
52	749	1	1245.6862	15	14	0	1	1	0.8371	1.0926
52	750	1	1247.2361	14	7	0	1	1	0.8373	0.7424
52	751	1	1248.7862	1	9	0	1	1	0.8375	0.6635
52	752	1	1250.3362	15	14	0	1	1	0.8378	0.6984
52	753	1	1251.8863	1	9	0	1	1	0.8380	0.6044
52	754	1	1253.4363	2	11	90	1	1	0.8382	0.8938
52	755	1	1254.9862	3	5	0	1	1	0.8384	0.8803
52	756	1	1256.5363	15	14	0	1	1	0.8386	0.7223
52	757	1	1258.0863	14	7	0	1	1	0.8388	1.2034
52	758	1	1259.6363	15	14	0	1	1	0.8391	0.7255
52	759	1	1261.1862	14	7	0	1	1	0.8393	0.6962
52	760	1	1262.7362	15	14	0	1	1	0.8395	0.6023
52	761	1	1264.2864	1	9	0	1	1	0.8397	0.5882
52	762	1	1265.8363	14	7	90	1	1	0.8399	0.7822
52	763	1	1267.3862	15	14	0	1	1	0.8401	0.6564
52	764	1	1268.9362	1	9	90	1	1	0.8403	0.8815
52	765	1	1270.4864	14	7	0	1	1	0.8405	0.8521
52	766	1	1272.0363	15	14	0	1	1	0.8407	0.8222
52	767	1	1273.5864	14	7	90	1	1	0.8409	1.1114
52	768	1	1275.1362	13	6	0	1	1	0.8411	0.9540
52	769	1	1276.6863	14	7	0	1	1	0.8414	0.9243
52	770	1	1278.2362	13	6	90	1	1	0.8416	1.0855
52	771	1	1279.7863	14	7	90	1	1	0.8418	1.1038
52	772	1	1281.3363	15	14	0	1	1	0.8420	0.9294
52	773	1	1282.8863	14	7	0	1	1	0.8422	1.1081
52	774	1	1284.4364	13	6	0	1	1	0.8424	0.8542
52	775	1	1285.9863	12	10	0	1	1	0.8426	0.6795
52	776	1	1287.5363	10	15	0	1	1	0.8428	0.8255
52	777	1	1289.0864	11	12	90	1	1	0.8430	1.2278
52	778	1	1290.6365	13	6	0	1	1	0.8432	1.2942
52	779	1	1292.1864	14	7	0	1	1	0.8434	1.1033
52	780	1	1293.7363	1	9	0	1	1	0.8436	1.0102
52	781	1	1295.2863	3	5	0	1	1	0.8438	0.9314
52	782	1	1296.8363	15	14	0	1	1	0.8440	0.7264
52	783	1	1298.3863	2	11	0	1	1	0.8442	0.7755
52	784	1	1299.9364	3	5	0	1	1	0.8444	0.6662
52	785	1	1301.4864	4	3	90	0	1	0.8433	1.0522
52	786	1	1303.0363	5	1	0	1	1	0.8435	1.1342
52	787	1	1304.5864	8	4	90	1	1	0.8437	0.9114
52	788	1	1306.1364	9	2	90	0	1	0.8426	0.6894
52	789	1	1307.6863	10	15	0	1	1	0.8428	0.6763
52	790	1	1309.2363	11	12	0	1	1	0.8430	0.9023
52	791	1	1310.7864	10	15	90	1	1	0.8432	0.9674
52	792	1	1312.3363	13	6	0	1	1	0.8434	0.6823
52	793	1	1313.8864	12	10	0	1	1	0.8436	0.7319
52	794	1	1315.4364	10	15	0	1	1	0.8438	0.6702
52	795	1	1316.9864	11	12	0	1	1	0.8440	1.1198
52	796	1	1318.5364	13	6	0	1	1	0.8442	0.9142
52	797	1	1320.0863	10	15	0	1	1	0.8444	0.9483
52	798	1	1321.6364	12	10	0	1	1	0.8446	0.7420
52	799	1	1323.1865	13	6	0	1	1	0.8448	0.5999
52	800	1	1324.7363	12	10	0	1	1	0.8450	0.6501
52	801	1	1326.2865	9	2	90	1	1	0.8452	1.0201
52	802	1	1327.8364	10	15	0	1	1	0.8454	0.8462
52	803	1	1329.3864	13	6	0	1	1	0.8456	0.7681
52	804	1	1330.9365	10	15	0	1	1	0.8458	1.0898
52	805	1	1332.4864	11	12	0	1	1	0.8460	1.0914
52	806	1	1334.0364	9	2	0	1	1	0.8462	0.8702
52	807	1	1335.5864	12	10	0	1	1	0.8463	0.6643
52	808	1	1337.1364	13	6	0	1	1	0.8465	0.7143
52	809	1	1338.6865	14	7	0	1	1	0.8467	0.8282
52	810	1	1340.2365	2	11	0	1	1	0.8469	0.7663
52	811	1	1341.7863	14	7	0	1	1	0.8471	0.7675
52	812	1	1343.3365	13	6	90	0	1	0.8461	0.7854
52	813	1	1344.8865	14	7	0	1	1	0.8462	0.7874
52	814	1	1346.4364	2	11	0	1	1	0.8464	0.6460
52	815	1	1347.9865	3	5	0	1	1	0.8466	0.6313
52	816	1	1349.5366	2	11	90	1	1	0.8468	0.8100
52	817	1	1351.0865	1	9	0	1	1	0.8470	0.6042
52	818	1	1352.6365	3	5	0	1	1	0.8472	0.6702
52	819	1	1354.1864	1	9	0	1	1	0.8474	0.5920
52	820	1	1355.7365	15	14	0	1	1	0.8476	0.6894
52	821	1	1357.2865	3	5	0	1	1	0.8477	0.6114
52	822	1	1358.8365	1	9	0	1	1	0.8479	0.6294
52	823	1	1360.3865	14	7	0	1	1	0.8481	0.6642
52	824	1	1361.9365	13	6	0	1	1	0.8483	0.6493
52	825	1	1363.4864	14	7	0	1	1	0.8485	0.6994
52	826	1	1365.0365	2	11	0	1	1	0.8487	0.6694
52	827	1	1366.5867	14	7	90	1	1	0.8489	0.8001
52	828	1	1368.1365	15	14	0	1	1	0.8490	0.6893
52	829	1	1369.6865	1	9	90	1	1	0.8492	0.9314
52	830	1	1371.2366	14	7	0	1	1	0.8494	1.1256
52	831	1	1372.7865	1	9	0	1	1	0.8496	0.7122
52	832	1	1374.3366	15	14	0	1	1	0.8498	0.6179
52	833	1	1375.8865	3	5	0	1	1	0.8499	0.6037
52	834	1	1377.4366	4	3	0	1	1	0.8501	0.9256
52	835	1	1378.9865	6	8	90	1	1	0.8503	0.9442
52	836	1	1380.5365	7	13	0	0	1	0.8493	1.0581
52	837	1	1382.0866	6	8	0	1	1	0.8495	0.7392
52	838	1	1383.6366	5	1	0	1	1	0.8496	0.7573
52	839	1	1385.1866	7	13	0	1	1	0.8498	1.0642
52	840	1	1386.7365	6	8	0	1	1	0.8500	0.6494
52	841	1	1388.2866	4	3	90	1	1	0.8502	1.0199
52	842	1	1389.8365	7	13	90	0	1	0.8492	0.9421
52	843	1	1391.3866	6	8	0	1	1	0.8493	0.7999
52	844	1	1392.9365	8	4	0	1	1	0.8495	0.6262
52	845	1	1394.4867	5	1	0	1	1	0.8497	0.7552
52	846	1	1396.0366	8	4	0	1	1	0.8499	0.6933
52	847	1	1397.5865	5	1	90	1	1	0.8501	0.9199
52	848	1	1399.1365	6	8	0	1	1	0.8502	0.6022
52	849	1	1400.6865	8	4	90	0	1	0.8492	0.5881
52	850	1	1402.2365	7	13	0	1	1	0.8494	0.6374
52	851	1	1403.7866	6	8	0	1	1	0.8496	0.6398
52	852	1	1405.3367	8	4	90	1	1	0.8498	0.8022
52	853	1	1406.8866	9	2	0	1	1	0.8499	0.7873
52	854	1	1408.4366	11	12	0	1	1	0.8501	0.8853
52	855	1	1409.9866	12	10	0	1	1	0.8503	0.6642
52	856	1	1411.5366	13	6	0	1	1	0.8505	0.7295
52	857	1	1413.0866	14	7	90	1	1	0.8506	0.6997
52	858	1	1414.6366	2	11	0	1	1	0.8508	0.7657
52	859	1	1416.1867	14	7	0	1	1	0.8510	0.8160
52	860	1	1417.7367	15	14	90	1	1	0.8512	1.0416
52	861	1	1419.2867	1	9	0	1	1	0.8513	0.7081
52	862	1	1420.8367	3	5	0	-1	0	0.8503	-1.0000
52	863	1	1422.5535	15	14	0	1	1	0.8505	0.0493
52	864	1	1424.1034	14	7	0	1	1	0.8507	0.6914
52	865	1	1425.6534	1	9	0	1	1	0.8509	0.6127
52	866	1	1427.2034	3	5	0	1	1	0.8510	1.0148
52	867	1	1428.7534	2	11	0	1	1	0.8512	0.6645
52	868	1	1430.3033	3	5	90	1	1	0.8514	0.6826
52	869	1	1431.8534	15	14	90	0	1	0.8504	0.6690
52	870	1	1433.4033	3	5	0	1	1	0.8506	0.7673
52	871	1	1434.9533	1	9	0	1	1	0.8507	0.6726
52	872	1	1436.5034	2	11	0	1	1	0.8509	0.6273
52	873	1	1438.0534	3	5	0	1	1	0.8511	0.6294
52	874	1	1439.6036	15	14	0	1	1	0.8513	0.6312
52	875	1	1441.1534	2	11	0	1	1	0.8514	0.5695
52	876	1	1442.7034	14	7	0	0	1	0.8505	0.7473
52	877	1	1444.2535	15	14	90	1	1	0.8506	0.9084
52	878	1	1445.8033	2	11	0	1	1	0.8508	0.8313
52	879	1	1447.3534	15	14	0	1	1	0.8510	0.6410
52	880	1	1448.9033	1	9	0	1	1	0.8511	0.5796
52	881	1	1450.4534	14	7	0	1	1	0.8513	0.6609
52	882	1	1452.0033	1	9	0	1	1	0.8515	0.5986
52	883	1	1453.5533	2	11	0	1	1	0.8516	0.5690
52	884	1	1455.1034	1	9	0	1	1	0.8518	0.6030
52	885	1	1456.6534	15	14	0	1	1	0.8520	0.6210
52	886	1	1458.2034	3	5	0	1	1	0.8521	0.7508
52	887	1	1459.7534	1	9	0	1	1	0.8523	0.5929
52	888	1	1461.3034	3	5	90	0	1	0.8514	0.7234
52	889	1	1462.8535	4	3	0	1	1	0.8515	0.9013
52	890	1	1464.4033	7	13	0	1	1	0.8517	1.1115
52	891	1	1465.9534	4	3	90	0	1	0.8507	1.0486
52	892	1	1467.5035	6	8	0	1	1	0.8509	0.6517
52	893	1	1469.0535	5	1	0	1	1	0.8511	0.6531
52	894	1	1470.6035	8	4	0	1	1	0.8512	0.6225
52	895	1	1472.1534	6	8	90	1	1	0.8514	0.8486
52	896	1	1473.7035	4	3	0	1	1	0.8516	0.7707
52	897	1	1475.2535	3	5	0	1	1	0.8517	0.9004
52	898	1	1476.8034	2	11	0	1	1	0.8519	0.7906
52	899	1	1478.3535	14	7	0	1	1	0.8521	0.8893
52	900	1	1479.9035	2	11	90	0	1	0.8511	0.8425
52	901	1	1481.4535	3	5	90	1	1	0.8513	1.0535
52	902	1	1483.0035	1	9	0	1	1	0.8514	0.7345
52	903	1	1484.5534	15	14	0	1	1	0.8516	0.5935
52	904	1	1486.1034	2	11	0	1	1	0.8518	0.5952
52	905	1	1487.6535	14	7	0	1	1	0.8519	0.6614
52	906	1	1489.2035	13	6	0	1	1	0.8521	0.6945
52	907	1	1490.7536	12	10	90	1	1	0.8523	0.9527
52	908	1	1492.3034	11	12	0	1	1	0.8524	0.8431
52	909	1	1493.8535	12	10	0	1	1	0.8526	0.9408
52	910	1	1495.4034	11	12	90	1	1	0.8527	1.0394
52	911	1	1496.9535	12	10	90	1	1	0.8529	1.0725
52	912	1	1498.5036	10	15	90	1	1	0.8531	1.1072
52	913	1	1500.0535	11	12	0	1	1	0.8532	0.9334
52	914	1	1501.6035	10	15	90	1	1	0.8534	1.0313
52	915	1	1503.1537	11	12	90	0	1	0.8525	0.7612
52	916	1	1504.7036	9	2	0	1	1	0.8526	0.7313
52	917	1	1506.2536	12	10	0	1	1	0.8528	0.6684
52	918	1	1507.8035	9	2	0	0	1	0.8519	1.0709
52	919	1	1509.3536	12	10	0	1	1	0.8520	0.6092
52	920	1	1510.9036	10	15	0	1	1	0.8522	0.4189
52	921	1	1512.4536	13	6	0	1	1	0.8523	0.7890
52	922	1	1514.0036	12	10	0	1	1	0.8525	0.9348
52	923	1	1515.5535	9	2	0	1	1	0.8527	0.8886
52	924	1	1517.1036	10	15	0	1	1	0.8528	0.8113
52	925	1	1518.6536	9	2	0	1	1	0.8530	0.7648
52	926	1	1520.2036	11	12	0	1	1	0.8531	0.9585
52	927	1	1521.7536	9	2	0	1	1	0.8533	0.8332
52	928	1	1523.3035	8	4	0	1	1	0.8534	0.7709
52	929	1	1524.8536	7	13	0	1	1	0.8536	1.1249
52	930	1	1526.4035	6	8	90	1	1	0.8538	1.1110
52	931	1	1527.9536	7	13	0	1	1	0.8539	1.4645
52	932	1	1529.5371	6	8	0	1	1	0.8541	1.0649
52	933	1	1531.0870	4	3	0	1	1	0.8542	0.7951
52	934	1	1532.6370	5	1	0	1	1	0.8544	1.2450
52	935	1	1534.1870	7	13	0	1	1	0.8545	0.9598
52	936	1	1535.7369	6	8	0	1	1	0.8547	0.8171
52	937	1	1537.2869	5	1	0	1	1	0.8549	0.8999
52	938	1	1538.8370	6	8	0	1	1	0.8550	0.7571
52	939	1	1540.3869	8	4	0	1	1	0.8552	0.7599
52	940	1	1541.9369	5	1	90	1	1	0.8553	0.9540
52	941	1	1543.4870	4	3	0	1	1	0.8555	0.9396
52	942	1	1545.0370	7	13	0	1	1	0.8556	0.7180
52	943	1	1546.5869	8	4	0	1	1	0.8558	0.6557
52	944	1	1548.1370	7	13	0	1	1	0.8559	0.8331
52	945	1	1549.6871	5	1	0	1	1	0.8561	0.8515
52	946	1	1551.2370	4	3	0	1	1	0.8562	0.8531
52	947	1	1552.7870	6	8	0	1	1	0.8564	0.9200
52	948	1	1554.3369	8	4	90	1	1	0.8565	0.9221
52	949	1	1555.8870	5	1	90	1	1	0.8567	1.0677
52	950	1	1557.4370	8	4	0	1	1	0.8568	0.8140
52	951	1	1558.9870	7	13	0	1	1	0.8570	0.7839
52	952	1	1560.5371	8	4	0	1	1	0.8571	0.7859
52	953	1	1562.0870	6	8	90	1	1	0.8573	1.1720
52	954	1	1563.6369	8	4	0	1	1	0.8574	0.8372
52	955	1	1565.1870	7	13	0	1	1	0.8576	0.7919
52	956	1	1566.7370	5	1	0	1	1	0.8577	0.8579
52	957	1	1568.2870	8	4	90	1	1	0.8579	0.7959
52	958	1	1569.8370	5	1	90	1	1	0.8580	1.1019
52	959	1	1571.3870	4	3	0	1	1	0.8582	0.8955
52	960	1	1572.9370	6	8	0	1	1	0.8583	0.7860
52	961	1	1574.4869	4	3	90	0	1	0.8574	1.2041
52	962	1	1576.0370	7	13	0	1	1	0.8576	1.1251
52	963	1	1577.5870	5	1	90	0	1	0.8567	1.0480
52	964	1	1579.1371	8	4	0	1	1	0.8568	0.6658
52	965	1	1580.6871	5	1	0	0	1	0.8560	0.9558
52	966	1	1582.2371	4	3	0	-1	0	0.8551	-1.0000
52	967	1	1583.9706	5	1	0	1	1	0.8552	0.9040
52	968	1	1585.5203	7	13	0	1	1	0.8554	0.8102
52	969	1	1587.0704	8	4	0	1	1	0.8555	0.7317
52	970	1	1588.6204	7	13	0	1	1	0.8557	0.7985
52	971	1	1590.1704	4	3	90	1	1	0.8558	1.0242
52	972	1	1591.7204	3	5	0	1	1	0.8560	1.0899
52	973	1	1593.2703	4	3	0	1	1	0.8561	0.7718
52	974	1	1594.8204	3	5	0	1	1	0.8563	0.7904
52	975	1	1596.3704	15	14	0	1	1	0.8564	0.8397
52	976	1	1597.9204	3	5	0	1	1	0.8566	0.7626
52	977	1	1599.4703	2	11	90	1	1	0.8567	0.8758
52	978	1	1601.0204	15	14	0	1	1	0.8569	0.7018
52	979	1	1602.5705	1	9	0	1	1	0.8570	0.7046
52	980	1	1604.1204	2	11	0	1	1	0.8571	0.6906
52	981	1	1605.6704	1	9	0	1	1	0.8573	0.7240
52	982	1	1607.2205	3	5	0	1	1	0.8574	0.9985
52	983	1	1608.7705	2	11	90	1	1	0.8576	0.8885
52	984	1	1610.3205	3	5	0	1	1	0.8577	0.8577
52	985	1	1611.8705	1	9	0	1	1	0.8579	0.7165
52	986	1	1613.4204	2	11	0	1	1	0.8580	0.9906
52	987	1	1614.9705	15	14	0	1	1	0.8582	0.7997
52	988	1	1616.5205	2	11	90	0	1	0.8573	0.9463
52	989	1	1618.0705	1	9	0	1	1	0.8574	0.6765
52	990	1	1619.6205	15	14	0	1	1	0.8576	0.7104
52	991	1	1621.1704	1	9	0	1	1	0.8577	0.6007
52	992	1	1622.7205	14	7	0	1	1	0.8579	0.8906
52	993	1	1624.2704	13	6	0	1	1	0.8580	0.7006
52	994	1	1625.8205	11	12	90	1	1	0.8581	1.0385
52	995	1	1627.3704	10	15	0	1	1	0.8583	0.8008
52	996	1	1628.9205	13	6	90	0	1	0.8574	0.6425
52	997	1	1630.4705	12	10	0	1	1	0.8576	0.8846
52	998	1	1632.0205	10	15	90	1	1	0.8577	0.8546
52	999	1	1633.5704	12	10	0	1	1	0.8579	0.8247
52	1000	1	1635.1205	13	6	0	1	1	0.8580	0.7299
52	1001	1	1636.6704	10	15	90	1	1	0.8581	0.9085
52	1002	1	1638.2205	11	12	0	1	1	0.8583	0.8625
52	1003	1	1639.7705	9	2	0	1	1	0.8584	0.8164
52	1004	1	1641.3206	12	10	0	1	1	0.8586	0.6896
52	1005	1	1642.8706	10	15	0	1	1	0.8587	0.8202
52	1006	1	1644.4204	12	10	0	1	1	0.8588	0.7579
52	1007	1	1645.9705	13	6	0	1	1	0.8590	0.8244
52	1008	1	1647.5205	11	12	0	1	1	0.8591	0.8102
52	1009	1	1649.0704	12	10	0	1	1	0.8593	1.0202
52	1010	1	1650.6204	9	2	0	1	1	0.8594	1.0707
52	1011	1	1652.1705	8	4	0	1	1	0.8595	0.8637
52	1012	1	1653.7204	5	1	0	1	1	0.8597	0.7698
52	1013	1	1655.2706	7	13	0	1	1	0.8598	0.6924
52	1014	1	1656.8206	8	4	90	1	1	0.8600	0.7425
52	1015	1	1658.3706	7	13	0	1	1	0.8601	0.6960
52	1016	1	1659.9206	6	8	0	1	1	0.8602	0.7301
52	1017	1	1661.4706	4	3	0	1	1	0.8604	1.0682
52	1018	1	1663.0205	6	8	0	1	1	0.8605	0.7817
52	1019	1	1664.5706	8	4	0	1	1	0.8606	0.6882
52	1020	1	1666.1206	5	1	0	1	1	0.8608	0.7865
52	1021	1	1667.6706	4	3	0	1	1	0.8609	0.7882
52	1022	1	1669.2206	7	13	0	1	1	0.8611	0.7096
52	1023	1	1670.7706	5	1	0	1	1	0.8612	0.6954
52	1024	1	1672.3206	7	13	0	1	1	0.8613	0.6824
52	1025	1	1673.8706	8	4	90	1	1	0.8615	1.0046
52	1026	1	1675.4206	6	8	0	1	1	0.8616	0.7664
52	1027	1	1676.9707	5	1	90	1	1	0.8617	1.0567
52	1028	1	1678.5206	4	3	0	1	1	0.8619	0.7225
52	1029	1	1680.0706	5	1	0	1	1	0.8620	0.7083
52	1030	1	1681.6206	7	13	0	1	1	0.8621	0.7099
52	1031	1	1683.1706	4	3	0	1	1	0.8623	0.7923
52	1032	1	1684.7207	5	1	0	1	1	0.8624	0.6504
52	1033	1	1686.2706	6	8	0	1	1	0.8625	0.6204
52	1034	1	1687.8206	5	1	0	1	1	0.8627	0.8625
52	1035	1	1689.3708	4	3	0	1	1	0.8628	0.8318
52	1036	1	1690.9205	6	8	0	1	1	0.8629	0.7866
52	1037	1	1692.4707	5	1	0	1	1	0.8631	0.7405
52	1038	1	1694.0207	8	4	0	1	1	0.8632	0.7575
52	1039	1	1695.5707	9	2	0	1	1	0.8633	1.1756
52	1040	1	1697.1207	10	15	0	1	1	0.8635	1.0502
52	1041	1	1698.6707	13	6	90	1	1	0.8636	1.0516
52	1042	1	1700.2207	10	15	90	1	1	0.8637	1.0536
52	1043	1	1701.7707	13	6	0	1	1	0.8639	0.9116
52	1044	1	1703.3207	12	10	0	1	1	0.8640	0.8180
52	1045	1	1704.8707	11	12	0	1	1	0.8641	1.0605
52	1046	1	1706.4206	9	2	90	1	1	0.8642	1.0786
52	1047	1	1707.9707	8	4	0	1	1	0.8644	0.9356
52	1048	1	1709.5206	6	8	0	1	1	0.8645	0.8256
52	1049	1	1711.0707	5	1	0	1	1	0.8646	0.9083
52	1050	1	1712.6207	7	13	0	1	1	0.8648	0.7656
52	1051	1	1714.1707	8	4	0	1	1	0.8649	0.7356
52	1052	1	1715.7207	9	2	0	1	1	0.8650	0.8335
52	1053	1	1717.2707	10	15	90	1	1	0.8651	0.8044
52	1054	1	1718.8207	11	12	0	1	1	0.8653	0.9820
52	1055	1	1720.3706	10	15	0	1	1	0.8654	1.0319
52	1056	1	1721.9207	13	6	0	1	1	0.8655	0.7615
52	1057	1	1723.4707	10	15	0	1	1	0.8657	0.7805
52	1058	1	1725.0207	9	2	0	1	1	0.8658	0.6695
52	1059	1	1726.5708	10	15	0	1	1	0.8659	0.7036
52	1060	1	1728.1207	13	6	90	1	1	0.8660	0.9465
52	1061	1	1729.6708	10	15	0	1	1	0.8662	0.8523
52	1062	1	1731.2208	12	10	0	1	1	0.8663	0.7585
52	1063	1	1732.7708	11	12	0	1	1	0.8664	0.8879
52	1064	1	1734.3207	10	15	0	1	1	0.8665	0.7296
52	1065	1	1735.8708	12	10	0	1	1	0.8667	0.7485
52	1066	1	1737.4208	13	6	0	1	1	0.8668	0.7663
52	1067	1	1738.9708	11	12	0	1	1	0.8669	1.0404
52	1068	1	1740.5208	13	6	0	1	1	0.8670	0.8024
52	1069	1	1742.0708	14	7	0	1	1	0.8672	1.1402
52	1070	1	1743.6207	2	11	0	1	1	0.8673	0.9346
52	1071	1	1745.1708	3	5	0	1	1	0.8674	0.7920
52	1072	1	1746.7208	1	9	0	1	1	0.8675	0.7615
52	1073	1	1748.2708	15	14	0	1	1	0.8677	0.9235
52	1074	1	1749.8208	3	5	90	1	1	0.8678	0.9099
52	1075	1	1751.3709	4	3	0	1	1	0.8679	0.7839
52	1076	1	1752.9207	5	1	0	1	1	0.8680	0.7706
52	1077	1	1754.4707	4	3	0	1	1	0.8682	0.7083
52	1078	1	1756.0208	6	8	90	1	1	0.8683	0.8703
52	1079	1	1757.5708	7	13	0	1	1	0.8684	0.8875
52	1080	1	1759.1207	8	4	0	1	1	0.8685	0.8740
52	1081	1	1760.6708	9	2	0	1	1	0.8686	0.7484
52	1082	1	1762.2208	8	4	0	1	1	0.8688	0.7335
52	1083	1	1763.7709	6	8	0	1	1	0.8689	0.7844
52	1084	1	1765.3209	7	13	0	1	1	0.8690	0.8823
52	1085	1	1766.8708	5	1	0	1	1	0.8691	0.9635
52	1086	1	1768.4207	7	13	0	1	1	0.8692	0.8385
52	1087	1	1769.9708	6	8	0	1	1	0.8694	0.6479
52	1088	1	1771.5209	7	13	0	1	1	0.8695	0.5691
52	1089	1	1773.0709	5	1	0	1	1	0.8696	0.6995
52	1090	1	1774.6210	7	13	0	1	1	0.8697	0.7821
52	1091	1	1776.1709	5	1	0	1	1	0.8698	0.7035
52	1092	1	1777.7209	8	4	90	1	1	0.8700	0.9144
52	1093	1	1779.2708	7	13	0	1	1	0.8701	0.9485
52	1094	1	1780.8209	5	1	0	1	1	0.8702	0.9024
52	1095	1	1782.3708	6	8	0	1	1	0.8703	0.7604
52	1096	1	1783.9209	8	4	0	1	1	0.8704	0.7455
52	1097	1	1785.4710	6	8	0	1	1	0.8706	0.8119
52	1098	1	1787.0209	4	3	0	1	1	0.8707	0.7175
52	1099	1	1788.5709	3	5	0	1	1	0.8708	0.7838
52	1100	1	1790.1210	2	11	0	1	1	0.8709	0.7854
52	1101	1	1791.6709	1	9	0	1	1	0.8710	0.6763
52	1102	1	1793.2208	2	11	0	1	1	0.8711	0.6625
52	1103	1	1794.7708	3	5	0	1	1	0.8713	0.7279
52	1104	1	1796.3210	15	14	0	1	1	0.8714	0.9858
52	1105	1	1797.8708	14	7	0	1	1	0.8715	0.8596
52	1106	1	1799.4208	13	6	0	1	1	0.8716	0.8296
52	1107	1	1800.9709	12	10	0	1	1	0.8717	0.6884
52	1108	1	1802.5209	11	12	0	1	1	0.8718	0.8018
52	1109	1	1804.0709	10	15	90	1	1	0.8720	0.9799
52	1110	1	1805.6209	9	2	0	1	1	0.8721	0.7259
52	1111	1	1807.1710	12	10	0	1	1	0.8722	0.9840
52	1112	1	1808.7210	10	15	0	1	1	0.8723	1.1294
52	1113	1	1810.2709	13	6	0	1	1	0.8724	0.8283
52	1114	1	1811.8210	10	15	90	1	1	0.8725	0.9262
52	1115	1	1813.3709	9	2	90	1	1	0.8726	0.8643
52	1116	1	1814.9209	10	15	90	1	1	0.8728	0.8823
52	1117	1	1816.4710	11	12	0	1	1	0.8729	0.8043
52	1118	1	1818.0210	10	15	0	1	1	0.8730	0.6943
52	1119	1	1819.5710	9	2	90	1	1	0.8731	0.8398
52	1120	1	1821.1210	10	15	0	1	1	0.8732	0.8904
52	1121	1	1822.6710	11	12	90	1	1	0.8733	1.1482
52	1122	1	1824.2209	12	10	90	0	1	0.8725	1.3903
52	1123	1	1825.8378	9	2	90	1	1	0.8727	1.1486
52	1124	1	1827.3877	8	4	90	1	1	0.8728	1.0228
52	1125	1	1828.9376	7	13	90	0	1	0.8720	0.8812
52	1126	1	1830.4877	6	8	0	1	1	0.8721	0.6117
52	1127	1	1832.0377	7	13	0	1	1	0.8722	0.8216
52	1128	1	1833.5876	4	3	90	1	1	0.8723	0.9668
52	1129	1	1835.1376	7	13	0	1	1	0.8725	0.7458
52	1130	1	1836.6877	5	1	0	1	1	0.8726	0.7315
52	1131	1	1838.2376	7	13	0	1	1	0.8727	1.1012
52	1132	1	1839.7877	5	1	0	1	1	0.8728	0.6867
52	1133	1	1841.3377	7	13	0	1	1	0.8729	0.6247
52	1134	1	1842.8877	8	4	0	1	1	0.8730	0.5791
52	1135	1	1844.4376	7	13	90	1	1	0.8731	0.6448
52	1136	1	1845.9877	8	4	0	1	1	0.8732	0.7757
52	1137	1	1847.5377	7	13	0	1	1	0.8734	0.7935
52	1138	1	1849.0877	8	4	0	1	1	0.8735	0.5874
52	1139	1	1850.6376	9	2	0	1	1	0.8736	0.7493
52	1140	1	1852.1876	10	15	90	1	1	0.8737	0.7828
52	1141	1	1853.7377	11	12	0	1	1	0.8738	0.8813
52	1142	1	1855.2878	10	15	0	1	1	0.8739	1.0747
52	1143	1	1856.8377	9	2	0	1	1	0.8740	0.7413
52	1144	1	1858.3878	12	10	0	1	1	0.8741	0.6146
52	1145	1	1859.9376	13	6	0	1	1	0.8742	0.7128
52	1146	1	1861.4877	12	10	0	1	1	0.8743	0.7157
52	1147	1	1863.0379	13	6	0	1	1	0.8745	0.6206
52	1148	1	1864.5878	11	12	90	1	1	0.8746	0.8307
52	1149	1	1866.1378	9	2	0	1	1	0.8747	1.0407
52	1150	1	1867.6877	11	12	0	1	1	0.8748	0.9156
52	1151	1	1869.2378	10	15	0	1	1	0.8749	0.7411
52	1152	1	1870.7878	13	6	0	1	1	0.8750	0.7116
52	1153	1	1872.3377	14	7	0	1	1	0.8751	1.0328
52	1154	1	1873.8878	13	6	0	1	1	0.8752	0.7476
52	1155	1	1875.4378	14	7	0	1	1	0.8753	0.5731
52	1156	1	1876.9877	13	6	0	1	1	0.8754	0.5748
52	1157	1	1878.5378	14	7	0	1	1	0.8755	0.7367
52	1158	1	1880.0879	1	9	0	1	1	0.8756	0.6589
52	1159	1	1881.6378	3	5	0	1	1	0.8758	0.8688
52	1160	1	1883.1878	2	11	0	1	1	0.8759	0.7427
52	1161	1	1884.7378	14	7	90	1	1	0.8760	0.8255
52	1162	1	1886.2878	1	9	90	1	1	0.8761	0.7476
52	1163	1	1887.8377	2	11	0	1	1	0.8762	0.7015
52	1164	1	1889.3878	14	7	0	1	1	0.8763	0.7353
52	1165	1	1890.9378	1	9	90	1	1	0.8764	0.9447
52	1166	1	1892.4878	3	5	0	1	1	0.8765	0.7230
52	1167	1	1894.0378	4	3	0	1	1	0.8766	0.6779
52	1168	1	1895.5879	3	5	90	1	1	0.8767	0.7426
52	1169	1	1897.1378	2	11	0	1	1	0.8768	0.6007
52	1170	1	1898.6878	1	9	0	1	1	0.8769	0.5711
52	1171	1	1900.2378	3	5	0	1	1	0.8770	0.6697
52	1172	1	1901.7878	15	14	0	1	1	0.8771	0.7836
52	1173	1	1903.3379	3	5	0	1	1	0.8772	0.7046
52	1174	1	1904.8879	15	14	0	1	1	0.8773	0.6433
52	1175	1	1906.4379	3	5	0	1	1	0.8774	0.6453
52	1176	1	1907.9879	4	3	0	1	1	0.8776	0.7594
52	1177	1	1909.5379	7	13	90	1	1	0.8777	0.8730
52	1178	1	1911.0878	5	1	0	1	1	0.8778	0.6515
52	1179	1	1912.6379	8	4	0	1	1	0.8779	0.6535
52	1180	1	1914.1878	6	8	0	1	1	0.8780	0.8156
52	1181	1	1915.7379	4	3	90	1	1	0.8781	0.7372
52	1182	1	1917.2879	3	5	0	1	1	0.8782	0.6907
52	1183	1	1918.8379	1	9	90	1	1	0.8783	0.7255
52	1184	1	1920.3879	2	11	0	1	1	0.8784	0.6796
52	1185	1	1921.9379	1	9	0	1	1	0.8785	0.5857
52	1186	1	1923.4879	2	11	90	1	1	0.8786	0.7475
52	1187	1	1925.0379	15	14	90	1	1	0.8787	0.9894
52	1188	1	1926.5879	2	11	0	1	1	0.8788	0.6866
52	1189	1	1928.1378	3	5	90	1	1	0.8789	0.7377
52	1190	1	1929.6878	4	3	0	1	1	0.8790	0.8027
52	1191	1	1931.2379	3	5	0	1	1	0.8791	0.7256
52	1192	1	1932.7879	15	14	0	1	1	0.8792	0.6787
52	1193	1	1934.3379	14	7	90	1	1	0.8793	0.8415
52	1194	1	1935.8879	15	14	0	1	1	0.8794	0.6667
52	1195	1	1937.4379	14	7	0	1	1	0.8795	0.6855
52	1196	1	1938.9879	2	11	0	1	1	0.8796	0.6876
52	1197	1	1940.5379	15	14	0	1	1	0.8797	0.5773
52	1198	1	1942.0879	3	5	0	1	1	0.8798	0.6432
52	1199	1	1943.6379	1	9	0	1	1	0.8799	0.6455
52	1200	1	1945.1880	14	7	0	1	1	0.8800	0.5826
52	1201	1	1946.7380	15	14	90	0	1	0.8793	0.6173
52	1202	1	1948.2880	14	7	0	1	1	0.8794	0.7634
52	1203	1	1949.8379	2	11	0	1	1	0.8795	0.7487
52	1204	1	1951.3880	15	14	0	1	1	0.8796	0.7995
52	1205	1	1952.9379	14	7	0	1	1	0.8797	0.6567
52	1206	1	1954.4880	13	6	0	1	1	0.8798	0.7066
52	1207	1	1956.0379	10	15	90	0	1	0.8790	0.8216
52	1208	1	1957.5880	9	2	0	1	1	0.8791	0.8866
52	1209	1	1959.1380	12	10	0	1	1	0.8792	0.7133
52	1210	1	1960.6880	13	6	0	1	1	0.8793	0.5872
52	1211	1	1962.2380	14	7	0	1	1	0.8794	0.5892
52	1212	1	1963.7881	1	9	0	1	1	0.8795	0.5749
52	1213	1	1965.3380	14	7	0	1	1	0.8796	0.6094
52	1214	1	1966.8880	13	6	0	1	1	0.8797	0.6269
52	1215	1	1968.4380	10	15	0	1	1	0.8798	0.6774
52	1216	1	1969.9880	11	12	0	1	1	0.8799	0.8866
52	1217	1	1971.5380	10	15	0	1	1	0.8800	0.9535
52	1218	1	1973.0881	11	12	90	1	1	0.8801	1.0994
52	1219	1	1974.6380	10	15	90	1	1	0.8802	1.2294
52	1220	1	1976.1880	9	2	0	1	1	0.8803	0.8155
52	1221	1	1977.7380	12	10	0	1	1	0.8804	0.6254
52	1222	1	1979.2880	10	15	0	1	1	0.8805	0.6911
52	1223	1	1980.8380	11	12	90	0	1	0.8798	0.7086
52	1224	1	1982.3881	10	15	0	1	1	0.8799	0.5511
52	1225	1	1983.9381	9	2	90	1	1	0.8800	0.8254
52	1226	1	1985.4880	11	12	0	1	1	0.8801	0.8106
52	1227	1	1987.0381	10	15	0	1	1	0.8802	0.6685
52	1228	1	1988.5881	9	2	0	1	1	0.8803	0.7027
52	1229	1	1990.1380	8	4	0	1	1	0.8804	0.6255
52	1230	1	1991.6881	6	8	0	1	1	0.8805	0.6595
52	1231	1	1993.2381	7	13	0	0	1	0.8798	0.8846
52	1232	1	1994.7881	8	4	90	1	1	0.8799	0.9672
52	1233	1	1996.3380	5	1	0	1	1	0.8800	0.6655
52	1234	1	1997.8881	4	3	0	1	1	0.8801	0.0753
52	1235	1	1999.4381	5	1	0	1	1	0.8802	0.3650
52	1236	1	2000.9881	4	3	0	1	1	0.8803	0.5912
52	1237	1	2002.5381	7	13	0	0	1	0.8795	0.7529
52	1238	1	2004.0881	6	8	0	1	1	0.8796	0.6908
52	1239	1	2005.6380	8	4	0	1	1	0.8797	0.5975
52	1240	1	2007.1882	7	13	90	0	1	0.8790	0.8870
52	1241	1	2008.7381	4	3	0	1	1	0.8791	0.7772
52	1242	1	2010.2881	6	8	0	1	1	0.8792	0.5545
52	1243	1	2011.8382	4	3	0	1	1	0.8793	0.5088
52	1244	1	2013.3881	7	13	90	1	1	0.8794	0.7026
52	1245	1	2014.9382	8	4	90	1	1	0.8795	0.8645
52	1246	1	2016.4880	5	1	0	1	1	0.8796	0.9946
52	1247	1	2018.0381	8	4	90	1	1	0.8797	0.8213
52	1248	1	2019.5881	9	2	0	1	1	0.8798	0.8869
52	1249	1	2021.1381	11	12	90	1	1	0.8799	0.9690
52	1250	1	2022.6882	13	6	0	1	1	0.8800	0.7473
52	1251	1	2024.2381	11	12	90	1	1	0.8801	0.6686
52	1252	1	2025.7882	13	6	0	1	1	0.8802	0.6234
52	1253	1	2027.3382	11	12	0	1	1	0.8803	0.5930
52	1254	1	2028.8882	10	15	90	-1	0	0.8796	-1.0000
52	1255	1	2030.6217	9	2	0	1	1	0.8797	1.0370
52	1256	1	2032.1715	11	12	0	1	1	0.8798	1.1200
52	1257	1	2033.7215	12	10	90	1	1	0.8799	0.9778
52	1258	1	2035.2716	10	15	0	1	1	0.8800	0.7871
52	1259	1	2036.8215	11	12	0	1	1	0.8801	0.8701
52	1260	1	2038.3715	12	10	0	1	1	0.8802	0.9515
52	1261	1	2039.9215	13	6	0	1	1	0.8803	0.6016
52	1262	1	2041.4715	14	7	90	1	1	0.8803	1.0195
52	1263	1	2043.0215	15	14	0	1	1	0.8804	0.7021
52	1264	1	2044.5715	1	9	0	1	1	0.8805	0.6080
52	1265	1	2046.1214	2	11	0	1	1	0.8806	0.8660
52	1266	1	2047.6716	1	9	90	1	1	0.8807	0.9951
52	1267	1	2049.2216	15	14	0	1	1	0.8808	0.8371
52	1268	1	2050.7715	1	9	0	1	1	0.8809	0.8072
52	1269	1	2052.3215	15	14	0	1	1	0.8810	0.6500
52	1270	1	2053.8717	14	7	0	1	1	0.8811	0.7796
52	1271	1	2055.4216	13	6	0	1	1	0.8812	0.6374
52	1272	1	2056.9716	11	12	0	1	1	0.8813	0.8955
52	1273	1	2058.5215	10	15	0	1	1	0.8814	1.0898
52	1274	1	2060.0716	12	10	0	1	1	0.8815	0.6919
52	1275	1	2061.6215	11	12	90	0	1	0.8808	0.6937
52	1276	1	2063.1717	12	10	0	1	1	0.8809	0.6151
52	1277	1	2064.7216	11	12	0	1	1	0.8810	0.6656
52	1278	1	2066.2715	12	10	90	0	1	0.8803	0.6361
52	1279	1	2067.8216	13	6	0	1	1	0.8804	0.7811
52	1280	1	2069.3717	11	12	0	1	1	0.8805	0.7835
52	1281	1	2070.9216	13	6	0	1	1	0.8806	0.5939
52	1282	1	2072.4716	14	7	0	0	1	0.8799	0.8358
52	1283	1	2074.0216	13	6	0	1	1	0.8800	0.6621
52	1284	1	2075.5716	11	12	90	0	1	0.8793	0.9036
52	1285	1	2077.1216	10	15	0	1	1	0.8794	0.6500
52	1286	1	2078.6715	11	12	90	1	1	0.8795	0.7472
52	1287	1	2080.2217	13	6	90	0	1	0.8788	0.6851
52	1288	1	2081.7716	11	12	0	-1	0	0.8781	-1.0000
52	1289	1	2083.5550	13	6	0	1	1	0.8782	0.8566
52	1290	1	2085.1049	12	10	90	0	1	0.8775	0.6662
52	1291	1	2086.6549	10	15	0	1	1	0.8776	0.7328
52	1292	1	2088.2050	9	2	0	1	1	0.8777	0.6538
52	1293	1	2089.7550	11	12	0	1	1	0.8778	0.6883
52	1294	1	2091.3050	12	10	0	1	1	0.8779	0.8818
52	1295	1	2092.8550	9	2	0	0	1	0.8772	0.8521
52	1296	1	2094.4052	12	10	0	1	1	0.8773	0.7264
52	1297	1	2095.9549	11	12	90	1	1	0.8774	0.8724
52	1298	1	2097.5049	13	6	0	1	1	0.8775	0.6023
52	1299	1	2099.0549	12	10	90	0	1	0.8768	0.5727
52	1300	1	2100.6049	9	2	0	1	1	0.8769	0.6378
52	1301	1	2102.1550	8	4	0	1	1	0.8770	0.7198
52	1302	1	2103.7049	9	2	0	1	1	0.8771	0.7388
52	1303	1	2105.2550	8	4	0	1	1	0.8772	0.6606
52	1304	1	2106.8052	7	13	0	1	1	0.8773	0.8696
52	1305	1	2108.3550	6	8	90	1	1	0.8774	0.8246
52	1306	1	2109.9050	8	4	0	1	1	0.8775	0.6022
52	1307	1	2111.4552	5	1	0	1	1	0.8776	0.7005
52	1308	1	2113.0051	4	3	0	1	1	0.8777	0.6383
52	1309	1	2114.5550	7	13	90	1	1	0.8778	0.9763
52	1310	1	2116.1051	6	8	0	1	1	0.8779	0.7067
52	1311	1	2117.6551	7	13	90	1	1	0.8780	1.1401
52	1312	1	2119.2050	6	8	90	1	1	0.8780	0.8861
52	1313	1	2120.7551	8	4	0	1	1	0.8781	0.6477
52	1314	1	2122.3050	5	1	0	1	1	0.8782	0.6027
52	1315	1	2123.8551	6	8	0	1	1	0.8783	0.6205
52	1316	1	2125.4051	7	13	0	1	1	0.8784	0.6545
52	1317	1	2126.9551	5	1	0	1	1	0.8785	0.5923
52	1318	1	2128.5051	8	4	0	1	1	0.8786	0.5625
52	1319	1	2130.0551	9	2	90	1	1	0.8787	0.8846
52	1320	1	2131.6052	8	4	0	1	1	0.8788	0.6144
52	1321	1	2133.1551	9	2	0	1	1	0.8789	0.6637
52	1322	1	2134.7051	8	4	90	1	1	0.8790	0.8585
52	1323	1	2136.2551	5	1	0	1	1	0.8791	0.7165
52	1324	1	2137.8052	4	3	0	1	1	0.8792	0.8305
52	1325	1	2139.3551	5	1	0	1	1	0.8792	0.6717
52	1326	1	2140.9051	7	13	0	1	1	0.8793	0.7697
52	1327	1	2142.4552	6	8	90	1	1	0.8794	1.3479
52	1328	1	2144.0050	8	4	0	1	1	0.8795	0.8703
52	1329	1	2145.5550	6	8	0	1	1	0.8796	0.5678
52	1330	1	2147.1051	4	3	0	1	1	0.8797	0.6506
52	1331	1	2148.6550	6	8	0	1	1	0.8798	0.6207
52	1332	1	2150.2051	7	13	0	1	1	0.8799	0.9257
52	1333	1	2151.7552	6	8	0	1	1	0.8800	0.6565
52	1334	1	2153.3052	8	4	0	1	1	0.8801	0.7544
52	1335	1	2154.8552	5	1	0	1	1	0.8801	0.6597
52	1336	1	2156.4052	4	3	0	1	1	0.8802	0.6945
52	1337	1	2157.9552	3	5	0	1	1	0.8803	0.8397
52	1338	1	2159.5052	2	11	0	1	1	0.8804	0.8425
52	1339	1	2161.0551	1	9	0	1	1	0.8805	0.6366
52	1340	1	2162.6053	14	7	0	1	1	0.8806	0.8144
52	1341	1	2164.1552	13	6	0	1	1	0.8807	0.8637
52	1342	1	2165.7051	11	12	0	1	1	0.8808	1.1067
52	1343	1	2167.2552	9	2	90	1	1	0.8809	1.1086
52	1344	1	2168.8051	11	12	0	1	1	0.8810	0.8377
52	1345	1	2170.3553	12	10	0	1	1	0.8810	0.7123
52	1346	1	2171.9052	10	15	0	1	1	0.8811	0.6985
52	1347	1	2173.4553	11	12	0	1	1	0.8812	0.8436
52	1348	1	2175.0052	13	6	0	1	1	0.8813	0.9265
52	1349	1	2176.5552	10	15	0	1	1	0.8814	1.1524
52	1350	1	2178.1052	9	2	0	1	1	0.8815	0.6741
52	1351	1	2179.6552	11	12	90	0	1	0.8808	0.5320
52	1352	1	2181.2052	13	6	0	1	1	0.8809	0.6938
52	1353	1	2182.7553	10	15	0	1	1	0.8810	1.0796
52	1354	1	2184.3052	12	10	0	1	1	0.8811	1.1782
52	1355	1	2185.8552	13	6	0	1	1	0.8812	0.6684
52	1356	1	2187.4052	11	12	0	1	1	0.8813	0.6216
52	1357	1	2188.9552	9	2	0	1	1	0.8814	0.7676
52	1358	1	2190.5052	8	4	90	1	1	0.8814	0.9785
52	1359	1	2192.0552	9	2	0	1	1	0.8815	0.8046
52	1360	1	2193.6053	10	15	0	1	1	0.8816	0.7260
52	1361	1	2195.1553	11	12	0	1	1	0.8817	0.7119
52	1362	1	2196.7052	9	2	0	1	1	0.8818	0.6022
52	1363	1	2198.2553	10	15	0	1	1	0.8819	0.6205
52	1364	1	2199.8053	9	2	90	1	1	0.8820	0.7976
52	1365	1	2201.3551	8	4	0	1	1	0.8821	0.7207
52	1366	1	2202.9053	7	13	90	1	1	0.8821	0.8816
52	1367	1	2204.4554	4	3	90	1	1	0.8822	1.1724
52	1368	1	2206.0053	5	1	0	1	1	0.8823	0.8540
52	1369	1	2207.5553	8	4	90	1	1	0.8824	0.9038
52	1370	1	2209.1053	6	8	0	1	1	0.8825	0.6983
52	1371	1	2210.6553	5	1	0	1	1	0.8826	0.7164
52	1372	1	2212.2052	7	13	90	1	1	0.8827	0.7825
52	1373	1	2213.7554	6	8	90	1	1	0.8827	0.8004
52	1374	1	2215.3053	4	3	0	1	1	0.8828	0.6579
52	1375	1	2216.8553	6	8	0	1	1	0.8829	0.6436
52	1376	1	2218.4053	4	3	0	1	1	0.8830	0.7105
52	1377	1	2219.9553	5	1	0	1	1	0.8831	0.7436
52	1378	1	2221.5054	8	4	90	1	1	0.8832	0.7295
52	1379	1	2223.0554	9	2	0	1	1	0.8832	0.6524
52	1380	1	2224.6055	8	4	0	1	1	0.8833	0.6055
52	1381	1	2226.1552	9	2	0	1	1	0.8834	0.5286
52	1382	1	2227.7053	11	12	90	1	1	0.8835	1.0264
52	1383	1	2229.2553	13	6	90	1	1	0.8836	1.3325
52	1384	1	2230.8053	11	12	0	1	1	0.8837	0.6304
52	1385	1	2232.3554	13	6	0	1	1	0.8838	0.6796
52	1386	1	2233.9053	11	12	0	1	1	0.8838	0.7623
52	1387	1	2235.4555	13	6	0	1	1	0.8839	0.5710
52	1388	1	2237.0053	14	7	90	1	1	0.8840	0.7506
52	1389	1	2238.5554	2	11	0	1	1	0.8841	0.6883
52	1390	1	2240.1054	14	7	0	1	1	0.8842	0.7863
52	1391	1	2241.6554	1	9	0	1	1	0.8843	0.6276
52	1392	1	2243.2053	14	7	0	1	1	0.8843	0.7577
52	1393	1	2244.7554	2	11	90	1	1	0.8844	0.8720
52	1394	1	2246.3053	14	7	0	1	1	0.8845	1.2904
52	1395	1	2247.8553	15	14	0	1	1	0.8846	0.6999
52	1396	1	2249.4053	3	5	0	1	1	0.8847	0.7345
52	1397	1	2250.9553	1	9	0	1	1	0.8848	0.5120
52	1398	1	2252.5054	3	5	90	1	1	0.8848	0.9304
52	1399	1	2254.0553	1	9	90	1	1	0.8849	0.7241
52	1400	1	2255.6056	2	11	90	0	1	0.8843	0.6623
52	1	2	1.0167	4	3	0	-1	1	0.0000	-1.0000
52	2	2	2.5499	6	8	0	-1	1	0.0000	-1.0000
52	3	2	4.0832	7	13	0	-1	1	0.0000	-1.0000
52	4	2	5.6167	5	1	0	-1	0	0.0000	-1.0000
52	5	2	7.1499	6	8	0	-1	0	0.0000	-1.0000
52	6	2	8.6831	8	4	0	-1	0	0.0000	-1.0000
52	7	2	10.2166	7	13	0	-1	0	0.0000	-1.0000
52	8	2	11.7498	8	4	0	-1	0	0.0000	-1.0000
52	9	2	13.2834	9	2	0	-1	0	0.0000	-1.0000
52	10	2	14.8165	12	10	0	-1	0	0.0000	-1.0000
52	11	2	16.3501	10	15	0	-1	0	0.0000	-1.0000
52	12	2	17.8832	9	2	0	-1	0	0.0000	-1.0000
52	13	2	19.4166	8	4	0	-1	0	0.0000	-1.0000
52	14	2	20.9499	7	13	0	-1	0	0.0000	-1.0000
52	15	2	22.4833	6	8	0	-1	0	0.0000	-1.0000
52	16	2	24.0166	5	1	0	-1	0	0.0000	-1.0000
52	17	2	25.5501	4	3	0	-1	0	0.0000	-1.0000
52	18	2	27.0832	3	5	0	-1	0	0.0000	-1.0000
52	19	2	28.6165	2	11	0	-1	0	0.0000	-1.0000
52	20	2	30.1499	1	9	0	-1	0	0.0000	-1.0000
52	21	2	31.6835	15	14	0	-1	0	0.0000	-1.0000
52	22	2	33.2166	14	7	0	-1	0	0.0000	-1.0000
52	23	2	34.7500	13	6	0	-1	0	0.0000	-1.0000
52	24	2	36.2832	12	10	0	-1	0	0.0000	-1.0000
52	25	2	37.8166	11	12	0	-1	0	0.0000	-1.0000
52	26	2	39.3500	10	15	0	-1	0	0.0000	-1.0000
52	27	2	40.8832	9	2	0	-1	0	0.0000	-1.0000
52	28	2	42.4168	8	4	0	-1	0	0.0000	-1.0000
52	29	2	43.9500	7	13	0	-1	0	0.0000	-1.0000
52	30	2	45.4832	6	8	0	-1	0	0.0000	-1.0000
52	31	2	47.0166	4	3	0	-1	0	0.0000	-1.0000
52	32	2	48.5500	5	1	0	-1	0	0.0000	-1.0000
52	33	2	50.0833	4	3	0	-1	0	0.0000	-1.0000
52	34	2	51.6167	5	1	0	-1	0	0.0000	-1.0000
52	35	2	53.1500	6	8	0	-1	0	0.0000	-1.0000
52	36	2	54.6834	8	4	0	-1	0	0.0000	-1.0000
52	37	2	56.2167	6	8	0	-1	0	0.0000	-1.0000
52	38	2	57.7500	4	3	0	-1	0	0.0000	-1.0000
52	39	2	59.2833	3	5	0	-1	0	0.0000	-1.0000
52	40	2	60.8166	1	9	0	-1	0	0.0000	-1.0000
52	41	2	62.3501	14	7	0	-1	0	0.0000	-1.0000
52	42	2	63.8833	13	6	0	-1	0	0.0000	-1.0000
52	43	2	65.4167	10	15	0	-1	0	0.0000	-1.0000
52	44	2	66.9500	9	2	0	-1	0	0.0000	-1.0000
52	45	2	68.4832	10	15	0	-1	0	0.0000	-1.0000
52	46	2	70.0167	9	2	0	-1	0	0.0000	-1.0000
52	47	2	71.5500	8	4	0	-1	0	0.0000	-1.0000
52	48	2	73.0836	7	13	0	-1	0	0.0000	-1.0000
52	49	2	74.6169	6	8	0	-1	0	0.0000	-1.0000
52	50	2	76.1500	5	1	0	-1	0	0.0000	-1.0000
52	51	2	77.6833	4	3	0	-1	0	0.0000	-1.0000
52	52	2	79.2167	3	5	0	-1	0	0.0000	-1.0000
52	53	2	80.7501	2	11	0	-1	0	0.0000	-1.0000
52	54	2	82.2836	1	9	0	-1	0	0.0000	-1.0000
52	55	2	83.8169	15	14	0	-1	0	0.0000	-1.0000
52	56	2	85.3502	14	7	0	-1	0	0.0000	-1.0000
52	57	2	86.8834	13	6	0	-1	0	0.0000	-1.0000
52	58	2	88.4169	12	10	0	-1	0	0.0000	-1.0000
52	59	2	89.9501	11	12	0	-1	0	0.0000	-1.0000
52	60	2	91.4834	10	15	0	-1	0	0.0000	-1.0000
52	61	2	93.0167	11	12	0	-1	0	0.0000	-1.0000
52	62	2	94.5500	10	15	0	-1	0	0.0000	-1.0000
52	63	2	96.0835	11	12	0	-1	0	0.0000	-1.0000
52	64	2	97.6168	10	15	0	-1	0	0.0000	-1.0000
52	65	2	99.1501	13	6	0	-1	0	0.0000	-1.0000
52	66	2	100.6835	10	15	0	-1	0	0.0000	-1.0000
52	67	2	102.2168	13	6	0	-1	0	0.0000	-1.0000
52	68	2	103.7501	14	7	0	-1	0	0.0000	-1.0000
52	69	2	105.2834	2	11	0	-1	0	0.0000	-1.0000
52	70	2	106.8168	3	5	0	-1	0	0.0000	-1.0000
52	71	2	108.3503	4	3	0	-1	0	0.0000	-1.0000
52	72	2	109.8835	3	5	0	-1	0	0.0000	-1.0000
52	73	2	111.4168	4	3	0	-1	0	0.0000	-1.0000
52	74	2	112.9502	7	13	0	-1	0	0.0000	-1.0000
52	75	2	114.4834	6	8	0	-1	0	0.0000	-1.0000
52	76	2	116.0168	5	1	0	-1	0	0.0000	-1.0000
52	77	2	117.5501	4	3	0	-1	0	0.0000	-1.0000
52	78	2	119.0834	3	5	0	-1	0	0.0000	-1.0000
52	79	2	120.6168	2	11	0	-1	0	0.0000	-1.0000
52	80	2	122.1502	1	9	0	-1	0	0.0000	-1.0000
52	81	2	123.6834	15	14	0	-1	0	0.0000	-1.0000
52	82	2	125.2168	14	7	0	-1	0	0.0000	-1.0000
52	83	2	126.7501	13	6	0	-1	0	0.0000	-1.0000
52	84	2	128.2834	12	10	0	-1	0	0.0000	-1.0000
52	85	2	129.8168	11	12	0	-1	0	0.0000	-1.0000
52	86	2	131.3504	10	15	0	-1	0	0.0000	-1.0000
52	87	2	132.8837	9	2	0	-1	0	0.0000	-1.0000
52	88	2	134.4170	8	4	0	-1	0	0.0000	-1.0000
52	89	2	135.9502	7	13	0	-1	0	0.0000	-1.0000
52	90	2	137.4837	6	8	0	-1	0	0.0000	-1.0000
52	91	2	139.0168	5	1	0	-1	0	0.0000	-1.0000
52	92	2	140.5504	8	4	0	-1	0	0.0000	-1.0000
52	93	2	142.0836	7	13	0	-1	0	0.0000	-1.0000
52	94	2	143.6168	5	1	0	-1	0	0.0000	-1.0000
52	95	2	145.1501	4	3	0	-1	0	0.0000	-1.0000
52	96	2	146.6835	7	13	0	-1	0	0.0000	-1.0000
52	97	2	148.2169	4	3	0	-1	0	0.0000	-1.0000
52	98	2	149.7501	5	1	0	-1	0	0.0000	-1.0000
52	99	2	151.2836	7	13	0	-1	0	0.0000	-1.0000
52	100	2	152.8171	8	4	0	-1	0	0.0000	-1.0000
52	101	2	154.3502	5	1	0	-1	0	0.0000	-1.0000
52	102	2	155.8838	4	3	0	-1	0	0.0000	-1.0000
52	103	2	157.4171	5	1	0	-1	0	0.0000	-1.0000
52	104	2	158.9502	7	13	0	-1	0	0.0000	-1.0000
52	105	2	160.4835	5	1	0	-1	0	0.0000	-1.0000
52	106	2	162.0171	6	8	0	-1	0	0.0000	-1.0000
52	107	2	163.5504	7	13	0	-1	0	0.0000	-1.0000
52	108	2	165.0835	8	4	0	-1	0	0.0000	-1.0000
52	109	2	166.6169	9	2	0	-1	0	0.0000	-1.0000
52	110	2	168.1502	10	15	0	-1	0	0.0000	-1.0000
52	111	2	169.6837	11	12	0	-1	0	0.0000	-1.0000
52	112	2	171.2169	12	10	0	-1	0	0.0000	-1.0000
52	113	2	172.7505	13	6	0	-1	0	0.0000	-1.0000
52	114	2	174.2838	14	7	0	-1	0	0.0000	-1.0000
52	115	2	175.8170	15	14	0	-1	0	0.0000	-1.0000
52	116	2	177.3503	1	9	0	-1	0	0.0000	-1.0000
52	117	2	178.8836	2	11	0	-1	0	0.0000	-1.0000
52	118	2	180.4170	3	5	0	-1	0	0.0000	-1.0000
52	119	2	181.9503	4	3	0	-1	0	0.0000	-1.0000
52	120	2	183.4836	5	1	0	-1	0	0.0000	-1.0000
52	121	2	185.0171	8	4	0	-1	0	0.0000	-1.0000
52	122	2	186.5502	9	2	0	-1	0	0.0000	-1.0000
52	123	2	188.0836	12	10	0	-1	0	0.0000	-1.0000
52	124	2	189.6169	11	12	0	-1	0	0.0000	-1.0000
52	125	2	191.1502	12	10	0	-1	0	0.0000	-1.0000
52	126	2	192.6837	9	2	0	-1	0	0.0000	-1.0000
52	127	2	194.2170	12	10	0	-1	0	0.0000	-1.0000
52	128	2	195.7503	9	2	0	-1	0	0.0000	-1.0000
52	129	2	197.2836	10	15	0	-1	0	0.0000	-1.0000
52	130	2	198.8170	13	6	0	-1	0	0.0000	-1.0000
52	131	2	200.3505	11	12	0	-1	0	0.0000	-1.0000
52	132	2	201.8836	12	10	0	-1	0	0.0000	-1.0000
52	133	2	203.4170	11	12	0	-1	0	0.0000	-1.0000
52	134	2	204.9504	10	15	0	-1	0	0.0000	-1.0000
52	135	2	206.4838	13	6	0	-1	0	0.0000	-1.0000
52	136	2	208.0170	14	7	0	-1	0	0.0000	-1.0000
52	137	2	209.5506	15	14	0	-1	0	0.0000	-1.0000
52	138	2	211.0837	1	9	0	-1	0	0.0000	-1.0000
52	139	2	212.6171	2	11	0	-1	0	0.0000	-1.0000
52	140	2	214.1503	3	5	0	-1	0	0.0000	-1.0000
52	141	2	215.6837	4	3	0	-1	0	0.0000	-1.0000
52	142	2	217.2172	5	1	0	-1	0	0.0000	-1.0000
52	143	2	218.7503	6	8	0	-1	0	0.0000	-1.0000
52	144	2	220.2837	7	13	0	-1	0	0.0000	-1.0000
52	145	2	221.8171	8	4	0	-1	0	0.0000	-1.0000
52	146	2	223.3504	9	2	0	-1	0	0.0000	-1.0000
52	147	2	224.8838	10	15	0	-1	0	0.0000	-1.0000
52	148	2	226.4173	11	12	0	-1	0	0.0000	-1.0000
52	149	2	227.9506	12	10	0	-1	0	0.0000	-1.0000
52	150	2	229.4838	13	6	0	-1	0	0.0000	-1.0000
52	151	2	231.0173	12	10	0	-1	0	0.0000	-1.0000
52	152	2	232.5505	10	15	0	-1	0	0.0000	-1.0000
52	153	2	234.0838	9	2	0	-1	0	0.0000	-1.0000
52	154	2	235.6171	11	12	0	-1	0	0.0000	-1.0000
52	155	2	237.1504	9	2	0	-1	0	0.0000	-1.0000
52	156	2	238.6837	11	12	0	-1	0	0.0000	-1.0000
52	157	2	240.2173	10	15	0	-1	0	0.0000	-1.0000
52	158	2	241.7504	13	6	0	-1	0	0.0000	-1.0000
52	159	2	243.2838	11	12	0	-1	0	0.0000	-1.0000
52	160	2	244.8171	13	6	0	-1	0	0.0000	-1.0000
52	161	2	246.3505	12	10	0	-1	0	0.0000	-1.0000
52	162	2	247.8837	11	12	0	-1	0	0.0000	-1.0000
52	163	2	249.4171	12	10	0	-1	0	0.0000	-1.0000
52	164	2	250.9506	11	12	0	-1	0	0.0000	-1.0000
52	165	2	252.4838	9	2	0	-1	0	0.0000	-1.0000
52	166	2	254.0172	8	4	0	-1	0	0.0000	-1.0000
52	167	2	255.5507	7	13	0	-1	0	0.0000	-1.0000
52	168	2	257.0839	6	8	0	-1	0	0.0000	-1.0000
52	169	2	258.6171	5	1	0	-1	0	0.0000	-1.0000
52	170	2	260.1505	4	3	0	-1	0	0.0000	-1.0000
52	171	2	261.6837	3	5	0	-1	0	0.0000	-1.0000
52	172	2	263.2173	2	11	0	-1	0	0.0000	-1.0000
52	173	2	264.7505	1	9	0	-1	0	0.0000	-1.0000
52	174	2	266.2838	15	14	0	-1	0	0.0000	-1.0000
52	175	2	267.8171	14	7	0	-1	0	0.0000	-1.0000
52	176	2	269.3507	13	6	0	-1	0	0.0000	-1.0000
52	177	2	270.8839	12	10	0	-1	0	0.0000	-1.0000
52	178	2	272.4174	11	12	0	-1	0	0.0000	-1.0000
52	179	2	273.9505	10	15	0	-1	0	0.0000	-1.0000
52	180	2	275.4839	9	2	0	-1	0	0.0000	-1.0000
52	181	2	277.0173	12	10	0	-1	0	0.0000	-1.0000
52	182	2	278.5505	13	6	0	-1	0	0.0000	-1.0000
52	183	2	280.0838	14	7	0	-1	0	0.0000	-1.0000
52	184	2	281.6173	13	6	0	-1	0	0.0000	-1.0000
52	185	2	283.1505	11	12	0	-1	0	0.0000	-1.0000
52	186	2	284.6841	10	15	0	-1	0	0.0000	-1.0000
52	187	2	286.2172	11	12	0	-1	0	0.0000	-1.0000
52	188	2	287.7507	12	10	0	-1	0	0.0000	-1.0000
52	189	2	289.2839	13	6	0	-1	0	0.0000	-1.0000
52	190	2	290.8172	10	15	0	-1	0	0.0000	-1.0000
52	191	2	292.3505	13	6	0	-1	0	0.0000	-1.0000
52	192	2	293.8838	10	15	0	-1	0	0.0000	-1.0000
52	193	2	295.4173	11	12	0	-1	0	0.0000	-1.0000
52	194	2	296.9506	9	2	0	-1	0	0.0000	-1.0000
52	195	2	298.4840	12	10	0	-1	0	0.0000	-1.0000
52	196	2	300.0173	11	12	0	-1	0	0.0000	-1.0000
52	197	2	301.8172	10	15	0	-1	0	0.0000	-1.0000
52	198	2	303.3506	9	2	0	-1	0	0.0000	-1.0000
52	199	2	304.8839	8	4	0	-1	0	0.0000	-1.0000
52	200	2	306.4175	7	13	0	-1	0	0.0000	-1.0000
52	201	2	307.9505	6	8	0	-1	0	0.0000	-1.0000
52	202	2	309.4840	5	1	0	-1	0	0.0000	-1.0000
52	203	2	311.0172	4	3	0	-1	0	0.0000	-1.0000
52	204	2	312.5505	3	5	0	-1	0	0.0000	-1.0000
52	205	2	314.0839	2	11	0	-1	0	0.0000	-1.0000
52	206	2	315.6173	1	9	0	-1	0	0.0000	-1.0000
52	207	2	317.1506	15	14	0	-1	0	0.0000	-1.0000
52	208	2	318.6839	14	7	0	-1	0	0.0000	-1.0000
52	209	2	320.2173	13	6	0	-1	0	0.0000	-1.0000
52	210	2	321.7507	12	10	0	-1	0	0.0000	-1.0000
52	211	2	323.2840	9	2	0	-1	0	0.0000	-1.0000
52	212	2	324.8173	10	15	0	-1	0	0.0000	-1.0000
52	213	2	326.3507	13	6	0	-1	0	0.0000	-1.0000
52	214	2	327.8840	10	15	0	-1	0	0.0000	-1.0000
52	215	2	329.4173	11	12	0	-1	0	0.0000	-1.0000
52	216	2	330.9506	12	10	0	-1	0	0.0000	-1.0000
52	217	2	332.4840	11	12	0	-1	0	0.0000	-1.0000
52	218	2	334.0174	13	6	0	-1	0	0.0000	-1.0000
52	219	2	335.5508	10	15	0	-1	0	0.0000	-1.0000
52	220	2	337.0840	9	2	0	-1	0	0.0000	-1.0000
52	221	2	338.6173	11	12	0	-1	0	0.0000	-1.0000
52	222	2	340.1506	13	6	0	-1	0	0.0000	-1.0000
52	223	2	341.6841	14	7	0	-1	0	0.0000	-1.0000
52	224	2	343.2174	13	6	0	-1	0	0.0000	-1.0000
52	225	2	344.7509	12	10	0	-1	0	0.0000	-1.0000
52	226	2	346.2840	11	12	0	-1	1	0.0000	1.1575
52	227	2	347.8174	10	15	0	-1	0	0.0000	-1.0000
52	228	2	349.3509	9	2	0	-1	0	0.0000	-1.0000
52	229	2	350.8841	8	4	0	-1	0	0.0000	-1.0000
52	230	2	352.4176	7	13	0	-1	0	0.0000	-1.0000
52	231	2	353.9509	6	8	0	-1	0	0.0000	-1.0000
52	232	2	355.4842	5	1	0	-1	0	0.0000	-1.0000
52	233	2	357.0173	4	3	0	-1	0	0.0000	-1.0000
52	234	2	358.5507	3	5	0	-1	0	0.0000	-1.0000
52	235	2	360.0840	2	11	0	-1	0	0.0000	-1.0000
52	236	2	361.6174	1	9	0	-1	0	0.0000	-1.0000
52	237	2	363.1507	15	14	0	-1	0	0.0000	-1.0000
52	238	2	364.6840	14	7	0	-1	0	0.0000	-1.0000
52	239	2	366.2173	13	6	0	-1	0	0.0000	-1.0000
52	240	2	367.7508	12	10	0	-1	0	0.0000	-1.0000
52	241	2	369.2841	11	12	0	-1	0	0.0000	-1.0000
52	242	2	370.8176	13	6	0	-1	0	0.0000	-1.0000
52	243	2	372.3510	10	15	0	-1	0	0.0000	-1.0000
52	244	2	373.8840	9	2	0	-1	0	0.0000	-1.0000
52	245	2	375.4175	10	15	0	-1	0	0.0000	-1.0000
52	246	2	376.9508	13	6	0	-1	0	0.0000	-1.0000
52	247	2	378.4841	10	15	0	-1	0	0.0000	-1.0000
52	248	2	380.0175	12	10	0	-1	0	0.0000	-1.0000
52	249	2	381.5509	13	6	0	-1	0	0.0000	-1.0000
52	250	2	383.0841	10	15	0	-1	0	0.0000	-1.0000
52	251	2	384.6174	12	10	0	-1	0	0.0000	-1.0000
52	252	2	386.1509	10	15	0	-1	0	0.0000	-1.0000
52	253	2	387.6841	11	12	0	-1	0	0.0000	-1.0000
52	254	2	389.2174	9	2	0	-1	0	0.0000	-1.0000
52	255	2	390.7510	12	10	0	-1	0	0.0000	-1.0000
52	256	2	392.2841	11	12	0	-1	0	0.0000	-1.0000
52	257	2	393.8175	10	15	0	-1	0	0.0000	-1.0000
52	258	2	395.3510	9	2	0	-1	0	0.0000	-1.0000
52	259	2	396.8841	8	4	0	-1	0	0.0000	-1.0000
52	260	2	398.4175	7	13	0	-1	1	0.0000	0.2555
52	261	2	399.9509	6	8	0	-1	0	0.0000	-1.0000
52	262	2	401.4841	5	1	0	-1	0	0.0000	-1.0000
52	263	2	403.0175	4	3	0	-1	0	0.0000	-1.0000
52	264	2	404.5509	3	5	0	-1	0	0.0000	-1.0000
52	265	2	406.0842	2	11	0	-1	1	0.0000	0.6216
52	266	2	407.6176	1	9	0	-1	0	0.0000	-1.0000
52	267	2	409.1508	15	14	0	-1	0	0.0000	-1.0000
52	268	2	410.6841	14	7	0	-1	0	0.0000	-1.0000
52	269	2	412.2174	13	6	0	-1	0	0.0000	-1.0000
52	270	2	413.7508	12	10	0	-1	0	0.0000	-1.0000
52	271	2	415.2842	11	12	0	-1	0	0.0000	-1.0000
52	272	2	416.8175	13	6	0	-1	0	0.0000	-1.0000
52	273	2	418.3509	12	10	0	-1	0	0.0000	-1.0000
52	274	2	419.8842	10	15	0	-1	0	0.0000	-1.0000
52	275	2	421.4176	12	10	0	-1	0	0.0000	-1.0000
52	276	2	422.9509	10	15	0	-1	0	0.0000	-1.0000
52	277	2	424.4842	12	10	0	-1	0	0.0000	-1.0000
52	278	2	426.0175	9	2	0	-1	0	0.0000	-1.0000
52	279	2	427.5511	10	15	0	-1	0	0.0000	-1.0000
52	280	2	429.0842	11	12	0	-1	0	0.0000	-1.0000
52	281	2	430.6175	13	6	0	-1	0	0.0000	-1.0000
52	282	2	432.1509	12	10	0	-1	0	0.0000	-1.0000
52	283	2	433.6843	11	12	0	-1	0	0.0000	-1.0000
52	284	2	435.2175	13	6	0	-1	0	0.0000	-1.0000
52	285	2	436.7510	11	12	0	-1	0	0.0000	-1.0000
52	286	2	438.2842	10	15	0	-1	0	0.0000	-1.0000
52	287	2	439.8176	9	2	0	-1	0	0.0000	-1.0000
52	288	2	441.3509	8	4	0	-1	1	0.0006	1.3230
52	289	2	442.8843	7	13	0	-1	0	0.0006	-1.0000
52	290	2	444.4176	6	8	0	-1	0	0.0006	-1.0000
52	291	2	445.9510	5	1	0	-1	0	0.0006	-1.0000
52	292	2	447.4844	4	3	0	-1	0	0.0006	-1.0000
52	293	2	449.0177	3	5	0	-1	0	0.0006	-1.0000
52	294	2	450.5510	2	11	0	-1	0	0.0006	-1.0000
52	295	2	452.0843	1	9	0	-1	1	0.0006	1.0536
52	296	2	453.6176	15	14	0	-1	0	0.0006	-1.0000
52	297	2	455.1509	14	7	0	-1	0	0.0006	-1.0000
52	298	2	456.6843	13	6	0	-1	0	0.0006	-1.0000
52	299	2	458.2177	12	10	0	-1	0	0.0006	-1.0000
52	300	2	459.7510	11	12	0	-1	0	0.0006	-1.0000
52	301	2	461.2843	13	6	0	-1	0	0.0006	-1.0000
52	302	2	462.8177	10	15	0	-1	0	0.0006	-1.0000
52	303	2	464.3512	13	6	0	-1	0	0.0006	-1.0000
52	304	2	465.8844	14	7	0	-1	0	0.0006	-1.0000
52	305	2	467.4176	1	9	0	-1	0	0.0006	-1.0000
52	306	2	468.9510	14	7	0	-1	0	0.0006	-1.0000
52	307	2	470.4843	1	9	0	-1	0	0.0006	-1.0000
52	308	2	472.0176	3	5	0	-1	0	0.0006	-1.0000
52	309	2	473.5511	1	9	0	-1	0	0.0006	-1.0000
52	310	2	475.3677	14	7	0	-1	0	0.0006	-1.0000
52	311	2	476.9011	15	14	0	-1	0	0.0006	-1.0000
52	312	2	478.4343	1	9	0	-1	0	0.0006	-1.0000
52	313	2	479.9679	15	14	0	-1	0	0.0006	-1.0000
52	314	2	481.5012	1	9	0	-1	0	0.0006	-1.0000
52	315	2	483.0343	2	11	0	-1	0	0.0006	-1.0000
52	316	2	484.5677	1	9	0	-1	0	0.0006	-1.0000
52	317	2	486.1010	15	14	0	-1	0	0.0006	-1.0000
52	318	2	487.6343	14	7	0	-1	1	0.0006	1.0552
52	319	2	489.1677	13	6	0	-1	0	0.0006	-1.0000
52	320	2	490.7013	12	10	0	-1	0	0.0006	-1.0000
52	321	2	492.2344	11	12	0	-1	0	0.0006	-1.0000
52	322	2	493.7678	10	15	0	-1	0	0.0006	-1.0000
52	323	2	495.3011	9	2	0	-1	0	0.0006	-1.0000
52	324	2	496.8344	8	4	0	-1	0	0.0006	-1.0000
52	325	2	498.3677	7	13	0	-1	1	0.0006	0.8982
52	326	2	499.9011	6	8	0	-1	0	0.0006	-1.0000
52	327	2	501.4344	5	1	0	-1	0	0.0006	-1.0000
52	328	2	502.9678	4	3	0	-1	0	0.0006	-1.0000
52	329	2	504.5012	3	5	0	-1	0	0.0006	-1.0000
52	330	2	506.0345	2	11	0	-1	0	0.0006	-1.0000
52	331	2	507.5678	15	14	0	-1	1	0.0006	0.8817
52	332	2	509.1010	1	9	0	-1	0	0.0006	-1.0000
52	333	2	510.6344	14	7	0	-1	0	0.0006	-1.0000
52	334	2	512.1678	1	9	0	-1	0	0.0006	-1.0000
52	335	2	513.7011	15	14	0	-1	0	0.0006	-1.0000
52	336	2	515.2344	3	5	0	-1	0	0.0006	-1.0000
52	337	2	516.7678	2	11	0	-1	0	0.0006	-1.0000
52	338	2	518.3012	14	7	0	-1	0	0.0006	-1.0000
52	339	2	519.8344	15	14	0	-1	0	0.0006	-1.0000
52	340	2	521.3678	1	9	0	-1	0	0.0006	-1.0000
52	341	2	522.9012	2	11	0	-1	0	0.0006	-1.0000
52	342	2	524.4344	15	14	0	-1	0	0.0006	-1.0000
52	343	2	525.9678	1	9	0	-1	0	0.0006	-1.0000
52	344	2	527.5012	15	14	0	-1	0	0.0006	-1.0000
52	345	2	529.0345	2	11	0	-1	0	0.0006	-1.0000
52	346	2	530.5678	3	5	0	-1	0	0.0006	-1.0000
52	347	2	532.1011	4	3	0	-1	0	0.0006	-1.0000
52	348	2	533.6344	5	1	0	-1	0	0.0006	-1.0000
52	349	2	535.1678	6	8	0	-1	1	0.0006	0.8017
52	350	2	536.7011	7	13	0	-1	1	0.0006	0.0168
52	351	2	538.2345	8	4	0	-1	0	0.0006	-1.0000
52	352	2	539.7678	9	2	0	-1	0	0.0006	-1.0000
52	353	2	541.3012	10	15	0	-1	0	0.0006	-1.0000
52	354	2	542.8345	11	12	0	-1	1	0.0006	1.2311
52	355	2	544.3678	12	10	0	-1	1	0.0006	0.0662
52	356	2	545.9014	13	6	0	-1	0	0.0006	-1.0000
52	357	2	547.4345	14	7	0	-1	0	0.0006	-1.0000
52	358	2	548.9679	15	14	0	-1	0	0.0006	-1.0000
52	359	2	550.5012	1	9	0	-1	0	0.0006	-1.0000
52	360	2	552.0346	2	11	0	-1	0	0.0006	-1.0000
52	361	2	553.5679	1	9	0	-1	0	0.0006	-1.0000
52	362	2	555.1013	2	11	0	-1	1	0.0006	0.5967
52	363	2	556.6345	14	7	0	-1	0	0.0006	-1.0000
52	364	2	558.1678	2	11	0	-1	0	0.0006	-1.0000
52	365	2	559.7013	15	14	0	-1	0	0.0006	-1.0000
52	366	2	561.2346	3	5	0	-1	0	0.0006	-1.0000
52	367	2	562.7678	2	11	0	-1	0	0.0006	-1.0000
52	368	2	564.3013	3	5	0	-1	0	0.0006	-1.0000
52	369	2	565.8345	15	14	0	-1	0	0.0006	-1.0000
52	370	2	567.3679	14	7	0	-1	0	0.0006	-1.0000
52	371	2	568.9013	1	9	0	-1	0	0.0006	-1.0000
52	372	2	570.4345	3	5	0	-1	0	0.0006	-1.0000
52	373	2	571.9679	4	3	0	-1	0	0.0006	-1.0000
52	374	2	573.5014	3	5	0	-1	0	0.0006	-1.0000
52	375	2	575.0347	2	11	0	-1	1	0.0006	0.9192
52	376	2	576.5680	1	9	0	-1	0	0.0006	-1.0000
52	377	2	578.1012	15	14	0	-1	0	0.0006	-1.0000
52	378	2	579.6345	14	7	0	-1	0	0.0006	-1.0000
52	379	2	581.1679	13	6	0	-1	0	0.0006	-1.0000
52	380	2	582.7012	12	10	0	-1	0	0.0006	-1.0000
52	381	2	584.2345	11	12	0	-1	0	0.0006	-1.0000
52	382	2	585.7680	10	15	0	-1	0	0.0006	-1.0000
52	383	2	587.3015	9	2	0	-1	0	0.0006	-1.0000
52	384	2	588.8347	8	4	0	-1	0	0.0006	-1.0000
52	385	2	590.3679	7	13	0	-1	0	0.0006	-1.0000
52	386	2	591.9013	6	8	0	-1	0	0.0006	-1.0000
52	387	2	593.4346	5	1	0	-1	0	0.0006	-1.0000
52	388	2	594.9680	4	3	0	-1	0	0.0006	-1.0000
52	389	2	596.5012	3	5	0	-1	1	0.0011	0.8762
52	390	2	598.0346	2	11	0	-1	0	0.0011	-1.0000
52	391	2	599.5681	15	14	0	-1	0	0.0011	-1.0000
52	392	2	601.1014	3	5	0	-1	0	0.0011	-1.0000
52	393	2	602.6346	2	11	0	-1	0	0.0011	-1.0000
52	394	2	604.1680	15	14	0	-1	0	0.0011	-1.0000
52	395	2	605.7013	3	5	0	-1	0	0.0011	-1.0000
52	396	2	607.2346	15	14	0	-1	0	0.0011	-1.0000
52	397	2	608.7680	1	9	0	-1	0	0.0011	-1.0000
52	398	2	610.3014	14	7	0	-1	0	0.0011	-1.0000
52	399	2	611.8347	2	11	0	-1	0	0.0011	-1.0000
52	400	2	613.3680	15	14	0	-1	0	0.0011	-1.0000
52	401	2	614.9013	1	9	0	-1	0	0.0011	-1.0000
52	402	2	616.4347	15	14	0	-1	0	0.0011	-1.0000
52	403	2	617.9680	3	5	0	-1	0	0.0011	-1.0000
52	404	2	619.5014	15	14	0	-1	0	0.0011	-1.0000
52	405	2	621.0348	1	9	0	-1	0	0.0011	-1.0000
52	406	2	622.5681	2	11	0	-1	0	0.0011	-1.0000
52	407	2	624.1014	3	5	0	-1	0	0.0011	-1.0000
52	408	2	625.6346	4	3	0	-1	0	0.0011	-1.0000
52	409	2	627.1681	5	1	0	-1	0	0.0011	-1.0000
52	410	2	628.7014	6	8	0	-1	0	0.0011	-1.0000
52	411	2	630.2348	7	13	0	-1	0	0.0011	-1.0000
52	412	2	631.7681	8	4	0	-1	1	0.0011	0.7292
52	413	2	633.3014	9	2	0	-1	0	0.0011	-1.0000
52	414	2	634.8347	10	15	0	-1	0	0.0011	-1.0000
52	415	2	636.3681	11	12	0	-1	0	0.0011	-1.0000
52	416	2	637.9015	12	10	0	-1	0	0.0011	-1.0000
52	417	2	639.4348	13	6	0	-1	0	0.0011	-1.0000
52	418	2	640.9680	14	7	0	-1	0	0.0011	-1.0000
52	419	2	642.5016	15	14	0	-1	0	0.0011	-1.0000
52	420	2	644.0347	1	9	0	-1	0	0.0011	-1.0000
52	421	2	645.5681	3	5	0	-1	0	0.0011	-1.0000
52	422	2	647.1015	15	14	0	-1	0	0.0011	-1.0000
52	423	2	648.6347	14	7	0	-1	0	0.0011	-1.0000
52	424	2	650.1681	2	11	0	-1	0	0.0011	-1.0000
52	425	2	651.7015	15	14	0	-1	0	0.0011	-1.0000
52	426	2	653.2348	1	9	0	-1	1	0.0011	0.9273
52	427	2	654.7681	3	5	0	-1	1	0.0011	0.0167
52	428	2	656.3014	1	9	0	-1	0	0.0011	-1.0000
52	429	2	657.8347	3	5	0	-1	0	0.0011	-1.0000
52	430	2	659.3681	2	11	0	-1	0	0.0011	-1.0000
52	431	2	660.9015	3	5	0	-1	0	0.0011	-1.0000
52	432	2	662.4347	1	9	0	-1	0	0.0011	-1.0000
52	433	2	663.9682	14	7	0	-1	0	0.0011	-1.0000
52	434	2	665.5015	1	9	0	-1	0	0.0011	-1.0000
52	435	2	667.0349	14	7	0	-1	0	0.0011	-1.0000
52	436	2	668.5681	15	14	0	-1	0	0.0011	-1.0000
52	437	2	670.1015	1	9	0	-1	0	0.0011	-1.0000
52	438	2	671.6347	2	11	0	-1	0	0.0011	-1.0000
52	439	2	673.1682	3	5	0	-1	0	0.0011	-1.0000
52	440	2	674.7014	4	3	0	-1	0	0.0011	-1.0000
52	441	2	676.2349	5	1	0	-1	1	0.0011	0.9994
52	442	2	677.7682	6	8	0	-1	0	0.0011	-1.0000
52	443	2	679.3016	7	13	0	-1	0	0.0011	-1.0000
52	444	2	680.8348	8	4	0	-1	0	0.0011	-1.0000
52	445	2	682.3682	9	2	0	-1	0	0.0011	-1.0000
52	446	2	683.9016	10	15	0	-1	0	0.0011	-1.0000
52	447	2	685.4348	11	12	0	-1	0	0.0011	-1.0000
52	448	2	686.9684	12	10	0	-1	0	0.0011	-1.0000
52	449	2	688.5017	13	6	0	-1	1	0.0011	0.9878
52	450	2	690.0348	14	7	0	-1	0	0.0011	-1.0000
52	451	2	691.5682	2	11	0	-1	0	0.0011	-1.0000
52	452	2	693.1015	14	7	0	-1	0	0.0011	-1.0000
52	453	2	694.6348	1	9	0	-1	0	0.0011	-1.0000
52	454	2	696.1683	2	11	0	-1	0	0.0011	-1.0000
52	455	2	697.7016	3	5	0	-1	0	0.0011	-1.0000
52	456	2	699.2349	1	9	0	-1	0	0.0011	-1.0000
52	457	2	700.7683	2	11	0	-1	0	0.0011	-1.0000
52	458	2	702.3017	1	9	0	-1	0	0.0011	-1.0000
52	459	2	703.8349	2	11	0	-1	0	0.0011	-1.0000
52	460	2	705.3684	1	9	0	-1	0	0.0011	-1.0000
52	461	2	706.9015	14	7	0	-1	0	0.0011	-1.0000
52	462	2	708.4349	13	6	0	-1	0	0.0011	-1.0000
52	463	2	709.9682	12	10	0	-1	0	0.0011	-1.0000
52	464	2	711.5016	13	6	0	-1	0	0.0011	-1.0000
52	465	2	713.0350	11	12	0	-1	0	0.0011	-1.0000
52	466	2	714.5682	10	15	0	-1	0	0.0011	-1.0000
52	467	2	716.1018	9	2	0	-1	0	0.0011	-1.0000
52	468	2	717.6349	8	4	0	-1	0	0.0011	-1.0000
52	469	2	719.1682	7	13	0	-1	0	0.0011	-1.0000
52	470	2	720.7017	6	8	0	-1	0	0.0011	-1.0000
52	471	2	722.2349	5	1	0	-1	0	0.0011	-1.0000
52	472	2	723.7683	4	3	0	-1	0	0.0011	-1.0000
52	473	2	725.3018	3	5	0	-1	0	0.0011	-1.0000
52	474	2	726.8349	2	11	0	-1	0	0.0011	-1.0000
52	475	2	728.3684	1	9	0	-1	0	0.0011	-1.0000
52	476	2	729.9015	15	14	0	-1	0	0.0011	-1.0000
52	477	2	731.4349	14	7	0	-1	0	0.0011	-1.0000
52	478	2	732.9683	13	6	0	-1	1	0.0017	0.9215
52	479	2	734.5016	12	10	0	-1	0	0.0017	-1.0000
52	480	2	736.0350	11	12	0	-1	0	0.0017	-1.0000
52	481	2	737.5684	10	15	0	-1	0	0.0017	-1.0000
52	482	2	739.1017	9	2	0	-1	0	0.0017	-1.0000
52	483	2	740.6350	11	12	0	-1	0	0.0017	-1.0000
52	484	2	742.1684	9	2	0	-1	0	0.0017	-1.0000
52	485	2	743.7017	10	15	0	-1	0	0.0017	-1.0000
52	486	2	745.2350	11	12	0	-1	0	0.0017	-1.0000
52	487	2	746.7683	13	6	0	-1	0	0.0017	-1.0000
52	488	2	748.3016	10	15	0	-1	0	0.0017	-1.0000
52	489	2	749.8350	9	2	0	-1	0	0.0017	-1.0000
52	490	2	751.3683	10	15	0	-1	0	0.0017	-1.0000
52	491	2	753.1683	12	10	0	-1	0	0.0017	-1.0000
52	492	2	754.7017	13	6	0	-1	1	0.0017	1.1882
52	493	2	756.2350	12	10	0	-1	0	0.0017	-1.0000
52	494	2	757.7684	13	6	0	-1	0	0.0017	-1.0000
52	495	2	759.3017	12	10	0	-1	0	0.0017	-1.0000
52	496	2	760.8351	13	6	0	-1	0	0.0017	-1.0000
52	497	2	762.3683	14	7	0	-1	0	0.0017	-1.0000
52	498	2	763.9017	15	14	0	-1	0	0.0017	-1.0000
52	499	2	765.4350	1	9	0	-1	0	0.0017	-1.0000
52	500	2	766.9684	2	11	0	-1	0	0.0017	-1.0000
52	501	2	768.5017	3	5	0	-1	0	0.0017	-1.0000
52	502	2	770.0350	4	3	0	-1	0	0.0017	-1.0000
52	503	2	771.5684	5	1	0	-1	1	0.0017	0.5140
52	504	2	773.1018	6	8	0	-1	0	0.0017	-1.0000
52	505	2	774.6350	7	13	0	-1	0	0.0017	-1.0000
52	506	2	776.1686	8	4	0	-1	0	0.0017	-1.0000
52	507	2	777.7018	9	2	0	-1	0	0.0017	-1.0000
52	508	2	779.2350	10	15	0	-1	0	0.0017	-1.0000
52	509	2	780.7684	11	12	0	-1	0	0.0017	-1.0000
52	510	2	782.3020	12	10	0	-1	0	0.0017	-1.0000
52	511	2	783.8351	9	2	0	-1	0	0.0017	-1.0000
52	512	2	785.3685	12	10	0	-1	0	0.0017	-1.0000
52	513	2	786.9020	9	2	0	-1	0	0.0017	-1.0000
52	514	2	788.4351	12	10	0	-1	0	0.0017	-1.0000
52	515	2	789.9687	9	2	0	-1	0	0.0017	-1.0000
52	516	2	791.5017	10	15	0	-1	0	0.0017	-1.0000
52	517	2	793.0352	9	2	0	-1	0	0.0017	-1.0000
52	518	2	794.5685	11	12	0	-1	0	0.0017	-1.0000
52	519	2	796.1018	12	10	0	-1	0	0.0017	-1.0000
52	520	2	797.6351	10	15	0	-1	0	0.0017	-1.0000
52	521	2	799.1687	13	6	0	-1	0	0.0017	-1.0000
52	522	2	800.7018	11	12	0	-1	0	0.0017	-1.0000
52	523	2	802.2351	13	6	0	-1	0	0.0017	-1.0000
52	524	2	803.7685	11	12	0	-1	1	0.0017	0.5695
52	525	2	805.3018	10	15	0	-1	0	0.0017	-1.0000
52	526	2	806.8352	11	12	0	-1	0	0.0017	-1.0000
52	527	2	808.3685	12	10	0	-1	0	0.0017	-1.0000
52	528	2	809.9020	13	6	0	-1	0	0.0017	-1.0000
52	529	2	811.4354	14	7	0	-1	0	0.0017	-1.0000
52	530	2	812.9685	15	14	0	-1	1	0.0017	0.0257
52	531	2	814.5018	1	9	0	-1	0	0.0017	-1.0000
52	532	2	816.0351	2	11	0	-1	0	0.0017	-1.0000
52	533	2	817.5686	3	5	0	-1	0	0.0017	-1.0000
52	534	2	819.1019	4	3	0	-1	0	0.0017	-1.0000
52	535	2	820.6352	5	1	0	-1	0	0.0017	-1.0000
52	536	2	822.1685	6	8	0	-1	0	0.0017	-1.0000
52	537	2	823.7018	7	13	0	-1	0	0.0017	-1.0000
52	538	2	825.2352	8	4	0	-1	1	0.0017	1.0546
52	539	2	826.7685	9	2	0	-1	0	0.0017	-1.0000
52	540	2	828.3019	10	15	0	-1	0	0.0017	-1.0000
52	541	2	829.8352	13	6	0	-1	0	0.0017	-1.0000
52	542	2	831.3686	12	10	0	-1	0	0.0017	-1.0000
52	543	2	832.9019	13	6	0	-1	0	0.0017	-1.0000
52	544	2	834.4352	10	15	0	-1	0	0.0017	-1.0000
52	545	2	835.9688	13	6	0	-1	0	0.0017	-1.0000
52	546	2	837.5021	10	15	0	-1	1	0.0017	1.4758
52	547	2	839.0352	11	12	0	-1	1	0.0016	0.0167
52	548	2	840.5685	13	6	0	-1	0	0.0016	-1.0000
52	549	2	842.1021	12	10	0	-1	0	0.0016	-1.0000
52	550	2	843.6353	9	2	0	-1	0	0.0016	-1.0000
52	551	2	845.1688	11	12	0	-1	0	0.0016	-1.0000
52	552	2	846.7021	13	6	0	-1	0	0.0016	-1.0000
52	553	2	848.2353	14	7	0	-1	0	0.0016	-1.0000
52	554	2	849.7685	1	9	0	-1	0	0.0016	-1.0000
52	555	2	851.3019	14	7	0	-1	0	0.0016	-1.0000
52	556	2	852.8355	13	6	0	-1	0	0.0016	-1.0000
52	557	2	854.3687	12	10	0	-1	0	0.0016	-1.0000
52	558	2	855.9021	11	12	0	-1	0	0.0016	-1.0000
52	559	2	857.4353	10	15	0	-1	0	0.0016	-1.0000
52	560	2	858.9687	9	2	0	-1	0	0.0016	-1.0000
52	561	2	860.5019	8	4	0	-1	0	0.0016	-1.0000
52	562	2	862.0354	7	13	0	-1	0	0.0016	-1.0000
52	563	2	863.5688	6	8	0	-1	0	0.0016	-1.0000
52	564	2	865.1022	5	1	0	-1	0	0.0016	-1.0000
52	565	2	866.6353	4	3	0	-1	0	0.0016	-1.0000
52	566	2	868.1688	3	5	0	-1	0	0.0016	-1.0000
52	567	2	869.7021	2	11	0	-1	1	0.0016	1.1641
52	568	2	871.2354	1	9	0	-1	0	0.0016	-1.0000
52	569	2	872.7687	15	14	0	-1	0	0.0016	-1.0000
52	570	2	874.3020	14	7	0	-1	0	0.0016	-1.0000
52	571	2	875.8353	13	6	0	-1	0	0.0016	-1.0000
52	572	2	877.3687	10	15	0	-1	0	0.0016	-1.0000
52	573	2	878.9020	13	6	0	-1	0	0.0016	-1.0000
52	574	2	880.4354	14	7	0	-1	0	0.0016	-1.0000
52	575	2	881.9688	13	6	0	-1	1	0.0022	1.2968
52	576	2	883.5020	10	15	0	-1	1	0.0022	0.0167
52	577	2	885.0354	11	12	0	-1	0	0.0022	-1.0000
52	578	2	886.5686	9	2	0	-1	0	0.0022	-1.0000
52	579	2	888.1020	12	10	0	-1	1	0.0022	0.6996
52	580	2	889.6353	9	2	0	-1	0	0.0022	-1.0000
52	581	2	891.1689	10	15	0	-1	0	0.0022	-1.0000
52	582	2	892.7020	9	2	0	-1	0	0.0022	-1.0000
52	583	2	894.2353	8	4	0	-1	0	0.0022	-1.0000
52	584	2	895.7687	6	8	0	-1	0	0.0022	-1.0000
52	585	2	897.3020	8	4	0	-1	0	0.0022	-1.0000
52	586	2	898.8354	9	2	0	-1	0	0.0022	-1.0000
52	587	2	900.3689	10	15	0	-1	0	0.0022	-1.0000
52	588	2	901.9023	11	12	0	-1	0	0.0022	-1.0000
52	589	2	903.4353	12	10	0	-1	0	0.0022	-1.0000
52	590	2	904.9688	13	6	0	-1	0	0.0022	-1.0000
52	591	2	906.5022	14	7	0	-1	0	0.0022	-1.0000
52	592	2	908.0354	15	14	0	-1	0	0.0022	-1.0000
52	593	2	909.5688	1	9	0	-1	0	0.0022	-1.0000
52	594	2	911.1020	2	11	0	-1	0	0.0022	-1.0000
52	595	2	912.6354	3	5	0	-1	0	0.0022	-1.0000
52	596	2	914.1687	4	3	0	-1	0	0.0022	-1.0000
52	597	2	915.7023	5	1	0	-1	0	0.0022	-1.0000
52	598	2	917.2354	6	8	0	-1	0	0.0022	-1.0000
52	599	2	918.7688	7	13	0	-1	0	0.0022	-1.0000
52	600	2	920.3023	8	4	0	-1	1	0.0022	1.4439
Actual parsing ratio
0.0022
Possible node parses
82.0000
 Node parses selected
0.0488
Possible other parses
518.0000
Other parses selected
3.5135
Chance parsing ratio
0.1367
Shock trials
197
310
491