*********************************************
* Date/Time: 25-Feb-2020 12:34:37
* Seed: 212386.8
* Subject Number: 055
8	2	11	7	14	1	5	4	6	9	15	10	12	13	3	
*********************************************

Shape exposure time (seconds)
193.6074
subject	trial	phase	onset	node	shape	rotate	acc	resp	total	rt
55	1	1	1.0167	5	14	0	-1	0	0.0000	-1.0000
55	2	1	2.7831	4	7	0	-1	0	0.0000	-1.0000
55	3	1	4.5165	7	5	0	-1	0	0.0000	-1.0000
55	4	1	6.2498	5	14	0	-1	0	0.0000	-1.0000
55	5	1	7.9998	7	5	0	-1	0	0.0000	-1.0000
55	6	1	9.7498	4	7	0	-1	0	0.0000	-1.0000
55	7	1	11.4998	7	5	0	-1	0	0.0000	-1.0000
55	8	1	13.2498	6	1	0	1	1	0.1250	1.3956
55	9	1	14.8664	5	14	0	-1	0	0.1111	-1.0000
55	10	1	16.5998	7	5	0	1	1	0.2000	0.4137
55	11	1	18.1498	5	14	0	1	1	0.2727	0.0319
55	12	1	19.6998	6	1	0	-1	0	0.2500	-1.0000
55	13	1	21.4331	4	7	0	0	1	0.2308	0.1562
55	14	1	22.9831	6	1	0	1	1	0.2857	0.7982
55	15	1	24.5331	4	7	0	1	1	0.3333	0.7199
55	16	1	26.0831	7	5	90	0	1	0.3125	0.9940
55	17	1	27.6331	5	14	0	1	1	0.3529	1.2524
55	18	1	29.1832	7	5	0	-1	0	0.3333	-1.0000
55	19	1	30.9165	6	1	0	0	1	0.3158	0.0169
55	20	1	32.4665	7	5	0	1	1	0.3500	0.9469
55	21	1	34.0164	4	7	0	0	1	0.3333	0.8686
55	22	1	35.5665	7	5	0	1	1	0.3636	0.6147
55	23	1	37.1165	8	4	0	1	1	0.3913	0.8730
55	24	1	38.6666	5	14	0	1	1	0.4167	0.9708
55	25	1	40.2165	4	7	0	1	1	0.4400	1.0686
55	26	1	41.7665	7	5	0	0	1	0.4231	0.9910
55	27	1	43.3165	8	4	0	1	1	0.4444	0.6085
55	28	1	44.8665	5	14	90	0	1	0.4286	0.5306
55	29	1	46.4165	7	5	0	1	1	0.4483	0.9331
55	30	1	47.9665	4	7	90	0	1	0.4333	1.1429
55	31	1	49.5165	3	11	0	-1	0	0.4194	-1.0000
55	32	1	51.2499	2	2	0	1	1	0.4375	1.2358
55	33	1	52.7999	3	11	0	1	1	0.4545	1.0614
55	34	1	54.3499	2	2	0	0	1	0.4412	0.6796
55	35	1	55.8999	3	11	0	1	1	0.4571	0.5532
55	36	1	57.4498	1	8	0	1	1	0.4722	1.1155
55	37	1	58.9998	14	13	0	1	1	0.4865	1.1335
55	38	1	60.5499	2	2	0	1	1	0.5000	0.8152
55	39	1	62.0999	3	11	0	1	1	0.5128	0.7055
55	40	1	63.6499	1	8	90	0	1	0.5000	1.2514
55	41	1	65.1999	15	3	0	0	1	0.4878	1.0615
55	42	1	66.7499	1	8	0	1	1	0.5000	0.5036
55	43	1	68.2999	3	11	0	1	1	0.5116	0.3933
55	44	1	69.8499	15	3	0	1	1	0.5227	0.4753
55	45	1	71.3999	3	11	0	1	1	0.5333	0.4932
55	46	1	72.9499	4	7	90	0	1	0.5217	0.5117
55	47	1	74.5000	5	14	0	1	1	0.5319	0.9611
55	48	1	76.0499	6	1	90	0	1	0.5208	0.8036
55	49	1	77.5999	8	4	90	0	1	0.5102	1.0776
55	50	1	79.1499	7	5	90	0	1	0.5000	1.1911
55	51	1	80.6999	6	1	0	-1	0	0.4902	-1.0000
55	52	1	82.4333	8	4	0	1	1	0.5000	1.1883
55	53	1	83.9833	9	6	0	1	1	0.5094	1.0779
55	54	1	85.5333	12	10	90	1	1	0.5185	1.1444
55	55	1	87.0833	10	9	0	1	1	0.5273	1.0659
55	56	1	88.6333	13	12	0	1	1	0.5357	0.8599
55	57	1	90.1833	14	13	0	0	1	0.5263	1.0063
55	58	1	91.7333	15	3	90	0	1	0.5172	0.4961
55	59	1	93.2833	14	13	0	1	1	0.5254	1.4898
55	60	1	94.8833	15	3	0	1	1	0.5333	1.2664
55	61	1	96.4333	2	2	90	0	1	0.5246	0.7724
55	62	1	97.9833	3	11	0	0	1	0.5161	0.7262
55	63	1	99.5333	2	2	0	1	1	0.5238	0.9048
55	64	1	101.0833	3	11	0	1	1	0.5313	1.0182
55	65	1	102.6333	2	2	90	0	1	0.5231	1.0682
55	66	1	104.1833	14	13	0	0	1	0.5152	0.8944
55	67	1	105.7333	2	2	0	1	1	0.5224	0.6399
55	68	1	107.2833	1	8	0	1	1	0.5294	0.5142
55	69	1	108.8333	15	3	0	1	1	0.5362	1.3482
55	70	1	110.3833	3	11	0	1	1	0.5429	1.0941
55	71	1	111.9334	2	2	0	1	1	0.5493	1.1602
55	72	1	113.4833	14	13	0	1	1	0.5556	1.0502
55	73	1	115.0333	1	8	0	1	1	0.5616	1.1643
55	74	1	116.5833	3	11	0	0	1	0.5541	1.1982
55	75	1	118.1334	2	2	90	0	1	0.5467	0.6400
55	76	1	119.6833	3	11	0	1	1	0.5526	1.1543
55	77	1	121.2334	2	2	0	1	1	0.5584	1.2521
55	78	1	122.7833	15	3	0	1	1	0.5641	1.2223
55	79	1	124.3334	3	11	0	-1	0	0.5570	-1.0000
55	80	1	126.0834	2	2	0	-1	0	0.5500	-1.0000
55	81	1	127.8334	3	11	0	1	1	0.5556	0.0443
55	82	1	129.3834	15	3	0	1	1	0.5610	0.8938
55	83	1	130.9334	2	2	0	1	1	0.5663	0.7199
55	84	1	132.4834	14	13	0	1	1	0.5714	0.9140
55	85	1	134.0334	1	8	0	1	1	0.5765	0.7878
55	86	1	135.5835	14	13	0	1	1	0.5814	0.9180
55	87	1	137.1334	15	3	0	1	1	0.5862	0.9039
55	88	1	138.6834	3	11	90	1	1	0.5909	1.0184
55	89	1	140.2334	15	3	0	1	1	0.5955	0.6518
55	90	1	141.7834	2	2	90	0	1	0.5889	0.5898
55	91	1	143.3334	1	8	0	1	1	0.5934	0.8165
55	92	1	144.8834	14	13	90	0	1	0.5870	0.8181
55	93	1	146.4334	13	12	0	1	1	0.5914	1.0602
55	94	1	147.9834	11	15	90	0	1	0.5851	1.0786
55	95	1	149.5334	13	12	0	1	1	0.5895	0.9678
55	96	1	151.0835	10	9	0	1	1	0.5938	0.8582
55	97	1	152.6334	12	10	0	1	1	0.5979	1.1164
55	98	1	154.1834	9	6	0	1	1	0.6020	0.7345
55	99	1	155.7335	10	9	0	1	1	0.6061	1.2800
55	100	1	157.2834	9	6	0	1	1	0.6100	0.6422
55	101	1	158.8335	12	10	0	1	1	0.6139	0.9637
55	102	1	160.3834	9	6	0	1	1	0.6176	0.7582
55	103	1	161.9335	10	9	0	1	1	0.6214	0.7437
55	104	1	163.4835	11	15	0	1	1	0.6250	1.0182
55	105	1	165.0335	12	10	90	0	1	0.6190	1.2920
55	106	1	166.5835	13	12	0	-1	0	0.6132	-1.0000
55	107	1	168.3169	10	9	90	0	1	0.6075	1.4643
55	108	1	170.0169	9	6	0	1	1	0.6111	1.2526
55	109	1	171.5668	12	10	0	-1	0	0.6055	-1.0000
55	110	1	173.3002	11	15	0	1	1	0.6091	0.6893
55	111	1	174.8501	9	6	0	1	1	0.6126	0.4191
55	112	1	176.4002	11	15	0	1	1	0.6161	0.6611
55	113	1	177.9502	10	9	0	1	1	0.6195	0.7111
55	114	1	179.5003	11	15	0	1	1	0.6228	0.6015
55	115	1	181.0502	13	12	0	1	1	0.6261	0.8751
55	116	1	182.6003	14	13	0	0	1	0.6207	0.8932
55	117	1	184.1502	13	12	0	1	1	0.6239	0.4311
55	118	1	185.7002	14	13	0	1	1	0.6271	0.4656
55	119	1	187.2502	1	8	0	1	1	0.6303	0.8671
55	120	1	188.8002	2	2	0	1	1	0.6333	0.9011
55	121	1	190.3501	14	13	0	1	1	0.6364	0.9354
55	122	1	191.9002	2	2	0	1	1	0.6393	0.6333
55	123	1	193.4502	1	8	0	1	1	0.6423	0.7791
55	124	1	195.0002	3	11	0	1	1	0.6452	0.7015
55	125	1	196.5502	4	7	0	1	1	0.6480	0.5910
55	126	1	198.1002	5	14	0	1	1	0.6508	0.9451
55	127	1	199.6502	7	5	0	1	1	0.6535	0.7555
55	128	1	201.2002	8	4	0	1	1	0.6563	0.8211
55	129	1	202.7502	9	6	0	1	1	0.6589	0.6633
55	130	1	204.3002	10	9	0	1	1	0.6615	0.6811
55	131	1	205.8503	12	10	0	1	1	0.6641	0.9870
55	132	1	207.4003	13	12	0	1	1	0.6667	1.1970
55	133	1	208.9503	10	9	90	0	1	0.6617	0.8157
55	134	1	210.5002	9	6	0	1	1	0.6642	0.8334
55	135	1	212.0503	10	9	0	0	1	0.6593	0.9317
55	136	1	213.6002	9	6	0	1	1	0.6618	0.4533
55	137	1	215.1503	10	9	0	1	1	0.6642	0.5673
55	138	1	216.7003	13	12	0	1	1	0.6667	0.6653
55	139	1	218.2503	11	15	0	1	1	0.6691	0.6352
55	140	1	219.8003	9	6	0	1	1	0.6714	0.7655
55	141	1	221.3503	11	15	0	1	1	0.6738	0.9754
55	142	1	222.9003	12	10	0	1	1	0.6761	1.0257
55	143	1	224.4503	10	9	0	1	1	0.6783	0.8835
55	144	1	226.0003	12	10	0	1	1	0.6806	0.9974
55	145	1	227.5504	9	6	0	1	1	0.6828	0.6149
55	146	1	229.1003	10	9	0	1	1	0.6849	0.6815
55	147	1	230.6503	12	10	0	1	1	0.6871	0.5709
55	148	1	232.2003	10	9	0	1	1	0.6892	0.5250
55	149	1	233.7503	13	12	0	1	1	0.6913	0.6236
55	150	1	235.3003	14	13	0	1	1	0.6933	0.5453
55	151	1	236.8503	2	2	0	1	1	0.6954	0.5631
55	152	1	238.4003	15	3	90	0	1	0.6908	0.5654
55	153	1	239.9503	14	13	0	1	1	0.6928	0.8394
55	154	1	241.5003	2	2	0	1	1	0.6948	0.4572
55	155	1	243.0503	3	11	90	0	1	0.6903	0.6674
55	156	1	244.6004	1	8	90	0	1	0.6859	1.2455
55	157	1	246.1504	15	3	0	-1	0	0.6815	-1.0000
55	158	1	247.9504	1	8	0	1	1	0.6835	0.6793
55	159	1	249.5004	3	11	0	1	1	0.6855	0.6173
55	160	1	251.0504	4	7	0	1	1	0.6875	0.5550
55	161	1	252.6003	5	14	0	1	1	0.6894	0.8613
55	162	1	254.1503	4	7	0	1	1	0.6914	0.5272
55	163	1	255.7003	5	14	0	1	1	0.6933	1.3613
55	164	1	257.2505	7	5	0	1	1	0.6951	0.6269
55	165	1	258.8004	8	4	0	1	1	0.6970	0.7730
55	166	1	260.3504	7	5	0	1	1	0.6988	0.6154
55	167	1	261.9004	8	4	0	1	1	0.7006	0.4734
55	168	1	263.4504	6	1	0	1	1	0.7024	0.5392
55	169	1	265.0004	7	5	0	1	1	0.7041	0.4614
55	170	1	266.5504	4	7	0	1	1	0.7059	0.6557
55	171	1	268.1004	5	14	0	1	1	0.7076	0.7534
55	172	1	269.6504	6	1	0	1	1	0.7093	0.5633
55	173	1	271.2004	8	4	0	1	1	0.7110	0.6610
55	174	1	272.7504	9	6	0	1	1	0.7126	0.5992
55	175	1	274.3004	11	15	0	1	1	0.7143	0.8253
55	176	1	275.8505	12	10	0	1	1	0.7159	1.1153
55	177	1	277.4004	11	15	0	-1	0	0.7119	-1.0000
55	178	1	279.1338	12	10	0	1	1	0.7135	1.2082
55	179	1	280.6837	10	9	90	0	1	0.7095	0.8101
55	180	1	282.2338	9	6	0	1	1	0.7111	0.6200
55	181	1	283.7838	12	10	90	0	1	0.7072	0.5419
55	182	1	285.3338	9	6	0	1	1	0.7088	0.6716
55	183	1	286.8838	10	9	90	0	1	0.7049	0.9620
55	184	1	288.4338	12	10	0	0	1	0.7011	0.8519
55	185	1	289.9838	10	9	90	0	1	0.6973	0.7576
55	186	1	291.5338	12	10	90	-1	0	0.6935	-1.0000
55	187	1	293.2504	10	9	0	1	1	0.6952	0.0168
55	188	1	294.8004	13	12	90	0	1	0.6915	1.2853
55	189	1	296.3504	14	13	0	0	1	0.6878	1.4632
55	190	1	298.0338	13	12	90	0	1	0.6842	0.6436
55	191	1	299.5838	12	10	90	0	1	0.6806	0.6140
55	192	1	301.1338	13	12	0	1	1	0.6823	0.9842
55	193	1	302.6838	11	15	90	0	1	0.6788	1.0180
55	194	1	304.2338	9	6	90	0	1	0.6753	0.9877
55	195	1	305.7838	8	4	0	-1	0	0.6718	-1.0000
55	196	1	307.5339	6	1	0	-1	0	0.6684	-1.0000
55	197	1	309.2838	7	5	0	1	1	0.6701	0.2416
55	198	1	310.8339	4	7	0	1	1	0.6717	0.9636
55	199	1	312.3839	7	5	0	1	1	0.6734	0.9180
55	200	1	313.9338	8	4	90	0	1	0.6700	0.9356
55	201	1	315.4838	9	6	0	1	1	0.6716	1.0180
55	202	1	317.0338	10	9	0	1	1	0.6733	0.9240
55	203	1	318.5839	9	6	0	1	1	0.6749	0.9900
55	204	1	320.1338	11	15	0	1	1	0.6765	0.8162
55	205	1	321.6839	12	10	0	1	1	0.6780	0.8179
55	206	1	323.2339	11	15	0	1	1	0.6796	0.8039
55	207	1	324.7839	10	9	0	1	1	0.6812	1.1415
55	208	1	326.3339	11	15	0	1	1	0.6827	0.6160
55	209	1	327.8838	13	12	0	1	1	0.6842	0.7139
55	210	1	329.4339	12	10	0	1	1	0.6857	0.5400
55	211	1	330.9839	9	6	90	0	1	0.6825	0.5421
55	212	1	332.5339	12	10	0	0	1	0.6792	1.0238
55	213	1	334.0839	11	15	0	1	1	0.6808	0.6416
55	214	1	335.6339	9	6	0	1	1	0.6822	0.6119
55	215	1	337.1839	11	15	90	0	1	0.6791	0.7096
55	216	1	338.7339	9	6	0	1	1	0.6806	1.2876
55	217	1	340.2839	11	15	0	0	1	0.6774	1.1302
55	218	1	341.8339	9	6	90	0	1	0.6743	0.8116
55	219	1	343.3839	8	4	0	0	1	0.6712	1.0702
55	220	1	344.9339	5	14	0	1	1	0.6727	1.2636
55	221	1	346.4839	4	7	90	0	1	0.6697	0.7860
55	222	1	348.0340	7	5	0	1	1	0.6712	1.1717
55	223	1	349.5839	8	4	90	-1	0	0.6682	-1.0000
55	224	1	351.3173	7	5	0	1	1	0.6696	0.8324
55	225	1	352.8672	5	14	0	0	1	0.6667	1.0265
55	226	1	354.4173	6	1	0	1	1	0.6681	0.8525
55	227	1	355.9673	7	5	0	1	1	0.6696	0.5824
55	228	1	357.5173	6	1	0	1	1	0.6711	0.7762
55	229	1	359.0672	4	7	0	1	1	0.6725	0.7622
55	230	1	360.6173	6	1	0	1	1	0.6739	0.6366
55	231	1	362.1673	7	5	0	1	1	0.6753	0.6866
55	232	1	363.7173	8	4	90	1	1	0.6767	0.9609
55	233	1	365.2673	9	6	0	0	1	0.6738	0.8985
55	234	1	366.8173	12	10	0	0	1	0.6709	0.8684
55	235	1	368.3673	9	6	0	1	1	0.6723	1.4625
55	236	1	369.9340	8	4	0	1	1	0.6737	0.9520
55	237	1	371.4840	9	6	0	1	1	0.6751	0.6655
55	238	1	373.0340	12	10	0	0	1	0.6723	1.0996
55	239	1	374.5840	11	15	0	1	1	0.6736	0.5420
55	240	1	376.1340	12	10	0	1	1	0.6750	0.4635
55	241	1	377.6840	9	6	0	1	1	0.6763	0.8336
55	242	1	379.2340	11	15	0	1	1	0.6777	0.7875
55	243	1	380.7840	9	6	90	0	1	0.6749	0.6941
55	244	1	382.3341	12	10	90	0	1	0.6721	1.0960
55	245	1	383.8840	10	9	0	1	1	0.6735	1.3219
55	246	1	385.4340	11	15	0	1	1	0.6748	0.6999
55	247	1	386.9840	9	6	0	1	1	0.6761	1.1179
55	248	1	388.5341	10	9	0	1	1	0.6774	0.6238
55	249	1	390.0840	11	15	0	1	1	0.6787	1.1855
55	250	1	391.6340	13	12	0	1	1	0.6800	0.7875
55	251	1	393.1840	14	13	0	1	1	0.6813	1.0775
55	252	1	394.7340	2	2	90	0	1	0.6786	0.5997
55	253	1	396.2841	14	13	0	1	1	0.6798	0.7937
55	254	1	397.8340	13	12	0	1	1	0.6811	0.8280
55	255	1	399.3841	12	10	0	-1	0	0.6784	-1.0000
55	256	1	401.1174	13	12	90	-1	0	0.6758	-1.0000
55	257	1	402.8341	12	10	0	1	1	0.6770	0.7243
55	258	1	404.3841	10	9	0	1	1	0.6783	0.9814
55	259	1	405.9341	11	15	90	0	1	0.6757	0.8555
55	260	1	407.4841	13	12	0	1	1	0.6769	0.8577
55	261	1	409.0341	14	13	0	1	1	0.6782	0.6999
55	262	1	410.5841	15	3	90	0	1	0.6756	0.5255
55	263	1	412.1341	1	8	0	0	1	0.6730	1.1518
55	264	1	413.6841	3	11	0	1	1	0.6742	0.6579
55	265	1	415.2341	2	2	0	1	1	0.6755	1.0435
55	266	1	416.7841	15	3	90	0	1	0.6729	0.6620
55	267	1	418.3341	14	13	0	1	1	0.6742	0.6639
55	268	1	419.8841	2	2	0	1	1	0.6754	1.4975
55	269	1	421.5341	1	8	0	1	1	0.6766	1.3355
55	270	1	423.0841	2	2	0	1	1	0.6778	0.7620
55	271	1	424.6341	1	8	0	1	1	0.6790	1.1314
55	272	1	426.1841	14	13	0	1	1	0.6801	1.0382
55	273	1	427.7341	15	3	90	0	1	0.6777	0.5757
55	274	1	429.2842	14	13	90	0	1	0.6752	1.1697
55	275	1	430.8342	1	8	0	1	1	0.6764	1.0118
55	276	1	432.3841	15	3	0	1	1	0.6775	0.6779
55	277	1	433.9342	3	11	0	1	1	0.6787	0.7594
55	278	1	435.4842	4	7	0	1	1	0.6799	0.7134
55	279	1	437.0341	6	1	0	1	1	0.6810	0.6675
55	280	1	438.5841	7	5	90	0	1	0.6786	0.6376
55	281	1	440.1342	8	4	0	1	1	0.6797	0.5761
55	282	1	441.6842	6	1	0	1	1	0.6809	1.2178
55	283	1	443.2342	5	14	0	1	1	0.6820	0.8680
55	284	1	444.7841	4	7	0	1	1	0.6831	0.7577
55	285	1	446.3342	3	11	90	0	1	0.6807	0.6474
55	286	1	447.8842	4	7	0	1	1	0.6818	0.6814
55	287	1	449.4342	5	14	0	1	1	0.6829	0.7480
55	288	1	450.9842	7	5	0	1	1	0.6840	0.5579
55	289	1	452.5342	5	14	0	1	1	0.6851	0.7041
55	290	1	454.0842	6	1	0	1	1	0.6862	0.6895
55	291	1	455.6342	8	4	0	1	1	0.6873	0.5158
55	292	1	457.1842	6	1	0	1	1	0.6884	0.7257
55	293	1	458.7342	7	5	90	0	1	0.6860	0.6958
55	294	1	460.2842	8	4	0	1	1	0.6871	0.6973
55	295	1	461.8342	5	14	0	1	1	0.6881	0.5878
55	296	1	463.3842	6	1	0	1	1	0.6892	0.4618
55	297	1	464.9342	7	5	0	1	1	0.6902	0.6081
55	298	1	466.4842	4	7	0	1	1	0.6913	0.4335
55	299	1	468.0342	3	11	0	1	1	0.6923	0.6919
55	300	1	469.5842	1	8	0	1	1	0.6933	0.5978
55	301	1	471.1343	15	3	0	1	1	0.6944	0.7119
55	302	1	472.6843	1	8	0	1	1	0.6954	0.6498
55	303	1	474.2342	15	3	0	1	1	0.6964	0.4757
55	304	1	475.7842	2	2	0	0	1	0.6941	1.1177
55	305	1	477.3343	15	3	0	1	1	0.6951	0.5437
55	306	1	478.8843	2	2	0	1	1	0.6961	1.1377
55	307	1	480.4343	3	11	0	1	1	0.6971	0.9795
55	308	1	481.9843	1	8	0	1	1	0.6981	0.5174
55	309	1	483.5343	2	2	90	0	1	0.6958	0.5679
55	310	1	485.0842	14	13	0	1	1	0.6968	0.9218
55	311	1	486.6342	13	12	90	0	1	0.6945	0.7001
55	312	1	488.1843	10	9	0	1	1	0.6955	1.3734
55	313	1	489.7343	12	10	0	1	1	0.6965	1.1036
55	314	1	491.2843	9	6	90	0	1	0.6943	1.1697
55	315	1	492.8343	8	4	90	0	1	0.6921	0.7398
55	316	1	494.3843	5	14	0	1	1	0.6930	0.8537
55	317	1	495.9343	8	4	0	1	1	0.6940	1.1438
55	318	1	497.4843	7	5	90	0	1	0.6918	0.7616
55	319	1	499.0343	6	1	0	1	1	0.6928	0.8119
55	320	1	500.5843	5	14	90	0	1	0.6906	0.6696
55	321	1	502.1343	8	4	0	1	1	0.6916	1.3599
55	322	1	503.6843	9	6	0	-1	0	0.6894	-1.0000
55	323	1	505.4177	12	10	90	0	1	0.6873	0.7965
55	324	1	506.9676	10	9	90	0	1	0.6852	0.8626
55	325	1	508.5176	11	15	0	1	1	0.6862	1.4084
55	326	1	510.0676	13	12	0	1	1	0.6871	1.1546
55	327	1	511.6177	10	9	0	1	1	0.6881	1.0123
55	328	1	513.1677	13	12	0	1	1	0.6890	0.9660
55	329	1	514.7177	11	15	0	1	1	0.6900	0.7440
55	330	1	516.2676	9	6	90	0	1	0.6879	0.5384
55	331	1	517.8177	12	10	90	0	1	0.6858	1.1643
55	332	1	519.3677	13	12	0	1	1	0.6867	1.2300
55	333	1	520.9177	11	15	0	1	1	0.6877	0.6245
55	334	1	522.4676	12	10	0	1	1	0.6886	0.9141
55	335	1	524.0177	11	15	0	1	1	0.6896	0.5803
55	336	1	525.5677	13	12	0	1	1	0.6905	0.9185
55	337	1	527.1177	12	10	0	1	1	0.6914	0.8884
55	338	1	528.6677	9	6	0	1	1	0.6923	0.5702
55	339	1	530.2177	10	9	0	1	1	0.6932	0.6521
55	340	1	531.7677	11	15	0	1	1	0.6941	0.5264
55	341	1	533.3177	9	6	0	1	1	0.6950	0.5920
55	342	1	534.8677	11	15	0	1	1	0.6959	0.3544
55	343	1	536.4178	9	6	90	0	1	0.6939	0.9482
55	344	1	537.9677	8	4	0	1	1	0.6948	1.1100
55	345	1	539.5177	7	5	0	1	1	0.6957	0.6804
55	346	1	541.0677	5	14	0	1	1	0.6965	0.7142
55	347	1	542.6177	7	5	90	0	1	0.6945	0.7323
55	348	1	544.1677	6	1	0	1	1	0.6954	0.5419
55	349	1	545.7178	8	4	0	1	1	0.6963	0.6240
55	350	1	547.2677	6	1	90	0	1	0.6943	0.9140
55	351	1	548.8177	5	14	0	1	1	0.6952	0.7245
55	352	1	550.3677	6	1	0	1	1	0.6960	0.7583
55	353	1	551.9178	8	4	0	1	1	0.6969	0.7440
55	354	1	553.4678	6	1	0	1	1	0.6977	1.0503
55	355	1	555.0177	5	14	0	1	1	0.6986	0.8284
55	356	1	556.5678	7	5	0	1	1	0.6994	0.8140
55	357	1	558.1177	4	7	0	1	1	0.7003	0.7200
55	358	1	559.6678	6	1	0	1	1	0.7011	1.2342
55	359	1	561.2178	7	5	90	0	1	0.6992	1.0607
55	360	1	562.7678	4	7	0	1	1	0.7000	0.7905
55	361	1	564.3178	5	14	0	1	1	0.7008	1.0962
55	362	1	565.8678	4	7	0	1	1	0.7017	1.1624
55	363	1	567.4178	5	14	0	1	1	0.7025	0.7000
55	364	1	568.9678	4	7	90	0	1	0.7005	0.5740
55	365	1	570.5178	6	1	0	1	1	0.7014	0.6722
55	366	1	572.0678	7	5	90	0	1	0.6995	0.6582
55	367	1	573.6178	4	7	90	0	1	0.6975	0.8200
55	368	1	575.1678	3	11	0	1	1	0.6984	0.9500
55	369	1	576.7178	2	2	0	1	1	0.6992	1.2560
55	370	1	578.2678	14	13	90	0	1	0.6973	0.6342
55	371	1	579.8178	1	8	90	0	1	0.6954	1.1479
55	372	1	581.3679	3	11	90	0	1	0.6935	1.2623
55	373	1	582.9179	2	2	90	-1	0	0.6917	-1.0000
55	374	1	584.6512	14	13	0	1	1	0.6925	1.0986
55	375	1	586.2012	15	3	0	1	1	0.6933	0.9886
55	376	1	587.7512	3	11	0	1	1	0.6941	0.8152
55	377	1	589.3011	4	7	0	1	1	0.6950	0.5451
55	378	1	590.8512	5	14	90	0	1	0.6931	1.1549
55	379	1	592.4012	8	4	0	1	1	0.6939	1.1089
55	380	1	593.9512	7	5	90	0	1	0.6921	0.6949
55	381	1	595.5012	8	4	0	1	1	0.6929	0.6169
55	382	1	597.0512	5	14	0	1	1	0.6937	0.7470
55	383	1	598.6012	8	4	90	0	1	0.6919	0.9726
55	384	1	600.1512	7	5	0	1	1	0.6927	0.8150
55	385	1	601.7012	5	14	0	1	1	0.6935	0.8650
55	386	1	603.2512	8	4	90	0	1	0.6917	0.6269
55	387	1	604.8012	9	6	0	1	1	0.6925	0.8370
55	388	1	606.3512	8	4	90	0	1	0.6907	1.0150
55	389	1	607.9012	5	14	0	1	1	0.6915	0.9046
55	390	1	609.4512	8	4	90	0	1	0.6897	1.2266
55	391	1	611.0013	7	5	0	1	1	0.6905	0.8765
55	392	1	612.5512	8	4	0	1	1	0.6913	1.0869
55	393	1	614.1013	9	6	90	0	1	0.6896	0.5769
55	394	1	615.6512	11	15	0	1	1	0.6904	0.9950
55	395	1	617.2012	10	9	0	1	1	0.6911	1.3648
55	396	1	618.7513	11	15	0	1	1	0.6919	0.7588
55	397	1	620.3012	13	12	0	1	1	0.6927	1.1768
55	398	1	621.8512	14	13	0	1	1	0.6935	1.1471
55	399	1	623.4013	2	2	90	0	1	0.6917	0.9571
55	400	1	624.9512	15	3	90	1	1	0.6925	1.1346
55	401	1	626.5013	14	13	0	1	1	0.6933	1.0728
55	402	1	628.0513	2	2	0	1	1	0.6940	0.9308
55	403	1	629.6013	15	3	0	0	1	0.6923	1.0766
55	404	1	631.1513	3	11	90	0	1	0.6906	0.9990
55	405	1	632.7013	1	8	90	0	1	0.6889	0.8089
55	406	1	634.2513	14	13	0	1	1	0.6897	1.3551
55	407	1	635.8014	15	3	0	1	1	0.6904	1.1647
55	408	1	637.3513	14	13	90	0	1	0.6887	0.7668
55	409	1	638.9013	13	12	0	1	1	0.6895	1.0092
55	410	1	640.4513	12	10	0	1	1	0.6902	0.9632
55	411	1	642.0014	9	6	0	1	1	0.6910	0.8205
55	412	1	643.5513	12	10	0	1	1	0.6917	0.7749
55	413	1	645.1013	10	9	0	1	1	0.6925	0.5686
55	414	1	646.6513	11	15	0	1	1	0.6932	0.6029
55	415	1	648.2013	12	10	0	1	1	0.6940	0.4925
55	416	1	649.7513	13	12	0	1	1	0.6947	0.8785
55	417	1	651.3013	12	10	0	1	1	0.6954	1.3929
55	418	1	652.8513	10	9	90	0	1	0.6938	1.1390
55	419	1	654.4013	12	10	0	1	1	0.6945	1.0286
55	420	1	655.9513	11	15	0	1	1	0.6952	0.6949
55	421	1	657.5014	12	10	0	1	1	0.6960	0.8885
55	422	1	659.0514	11	15	0	1	1	0.6967	1.0192
55	423	1	660.6013	9	6	0	0	1	0.6950	0.9731
55	424	1	662.1513	11	15	0	1	1	0.6958	0.5425
55	425	1	663.7014	12	10	0	1	1	0.6965	0.8004
55	426	1	665.2514	9	6	0	1	1	0.6972	0.7868
55	427	1	666.8014	11	15	0	1	1	0.6979	0.5487
55	428	1	668.3514	10	9	0	1	1	0.6986	0.8709
55	429	1	669.9014	9	6	0	1	1	0.6993	0.5525
55	430	1	671.4514	12	10	0	1	1	0.7000	0.5868
55	431	1	673.0014	11	15	0	1	1	0.7007	0.7169
55	432	1	674.5514	10	9	90	0	1	0.6991	1.1194
55	433	1	676.1014	11	15	0	1	1	0.6998	0.5770
55	434	1	677.6514	13	12	0	1	1	0.7005	0.6428
55	435	1	679.2014	11	15	0	1	1	0.7011	0.5969
55	436	1	680.7514	13	12	0	1	1	0.7018	0.6950
55	437	1	682.3014	14	13	0	1	1	0.7025	0.6647
55	438	1	683.8514	2	2	0	1	1	0.7032	0.5385
55	439	1	685.4014	1	8	90	0	1	0.7016	0.6209
55	440	1	686.9514	15	3	0	1	1	0.7023	0.6549
55	441	1	688.5015	2	2	0	1	1	0.7029	0.5444
55	442	1	690.0514	15	3	0	1	1	0.7036	0.7391
55	443	1	691.6014	2	2	0	1	1	0.7043	0.5329
55	444	1	693.1515	1	8	0	1	1	0.7050	1.2388
55	445	1	694.7014	15	3	0	1	1	0.7056	0.7770
55	446	1	696.2514	1	8	90	0	1	0.7040	0.9708
55	447	1	697.8015	14	13	0	1	1	0.7047	0.7008
55	448	1	699.3515	13	12	0	1	1	0.7054	0.7825
55	449	1	700.9015	12	10	0	-1	0	0.7038	-1.0000
55	450	1	702.7348	13	12	90	0	1	0.7022	1.1116
55	451	1	704.2848	14	13	0	1	1	0.7029	0.8259
55	452	1	705.8348	13	12	90	0	1	0.7013	1.0513
55	453	1	707.3848	14	13	0	1	1	0.7020	0.5894
55	454	1	708.9348	1	8	0	1	1	0.7026	1.1197
55	455	1	710.4848	3	11	0	1	1	0.7033	0.9291
55	456	1	712.0348	4	7	0	1	1	0.7039	0.8350
55	457	1	713.5848	5	14	0	1	1	0.7046	0.9815
55	458	1	715.1349	7	5	0	1	1	0.7052	0.6797
55	459	1	716.6849	6	1	0	1	1	0.7059	0.8731
55	460	1	718.2348	7	5	90	0	1	0.7043	0.6352
55	461	1	719.7848	8	4	0	1	1	0.7050	1.0051
55	462	1	721.3348	6	1	0	1	1	0.7056	0.8635
55	463	1	722.8849	8	4	0	1	1	0.7063	0.8651
55	464	1	724.4349	5	14	90	0	1	0.7047	1.4755
55	465	1	726.1349	8	4	0	1	1	0.7054	1.1514
55	466	1	727.6848	7	5	0	1	1	0.7060	0.7058
55	467	1	729.2349	6	1	0	1	1	0.7066	0.6911
55	468	1	730.7849	8	4	90	0	1	0.7051	0.6132
55	469	1	732.3348	7	5	0	1	1	0.7058	0.5671
55	470	1	733.8849	6	1	0	1	1	0.7064	0.7453
55	471	1	735.4349	4	7	0	1	1	0.7070	0.6356
55	472	1	736.9849	6	1	0	1	1	0.7076	0.8615
55	473	1	738.5349	4	7	90	0	1	0.7061	0.6552
55	474	1	740.0849	7	5	90	0	1	0.7046	0.8973
55	475	1	741.6349	6	1	90	0	1	0.7032	1.0117
55	476	1	743.1849	7	5	0	1	1	0.7038	0.7254
55	477	1	744.7349	6	1	90	0	1	0.7023	0.8398
55	478	1	746.2849	8	4	0	1	1	0.7029	0.8733
55	479	1	747.8349	5	14	0	1	1	0.7035	1.0671
55	480	1	749.3849	4	7	90	0	1	0.7021	0.6857
55	481	1	750.9349	5	14	90	0	1	0.7006	0.6394
55	482	1	752.4849	8	4	90	0	1	0.6992	0.6254
55	483	1	754.0349	6	1	0	1	1	0.6998	0.8031
55	484	1	755.5849	8	4	0	1	1	0.7004	0.8852
55	485	1	757.1349	5	14	0	1	1	0.7010	0.8394
55	486	1	758.6849	4	7	0	1	1	0.7016	0.6651
55	487	1	760.2349	3	11	0	1	1	0.7023	1.1954
55	488	1	761.7849	1	8	0	1	1	0.7029	1.1014
55	489	1	763.3349	2	2	0	1	1	0.7035	0.6556
55	490	1	764.8849	15	3	90	1	1	0.7041	0.9934
55	491	1	766.4349	2	2	0	1	1	0.7047	1.2033
55	492	1	767.9850	15	3	0	1	1	0.7053	1.1893
55	493	1	769.5349	2	2	0	1	1	0.7059	1.0634
55	494	1	771.0849	3	11	0	1	1	0.7065	1.2896
55	495	1	772.6350	4	7	0	1	1	0.7071	0.7470
55	496	1	774.1850	7	5	0	1	1	0.7077	0.6210
55	497	1	775.7350	6	1	0	1	1	0.7082	0.8630
55	498	1	777.2850	8	4	0	1	1	0.7088	1.0570
55	499	1	778.8350	9	6	90	-1	0	0.7074	-1.0000
55	500	1	780.5851	8	4	0	1	1	0.7080	0.7658
55	501	1	782.1350	9	6	0	1	1	0.7086	1.1033
55	502	1	783.6850	10	9	90	0	1	0.7072	0.8174
55	503	1	785.2350	9	6	0	1	1	0.7078	0.9799
55	504	1	786.7850	8	4	0	1	1	0.7083	1.0457
55	505	1	788.3350	5	14	90	0	1	0.7069	1.3030
55	506	1	789.8850	8	4	0	1	1	0.7075	1.0810
55	507	1	791.4350	5	14	0	0	1	0.7061	1.3230
55	508	1	792.9851	7	5	0	1	1	0.7067	0.7489
55	509	1	794.5350	6	1	0	1	1	0.7073	0.6070
55	510	1	796.0850	7	5	0	1	1	0.7078	0.6417
55	511	1	797.6350	4	7	0	1	1	0.7084	0.8673
55	512	1	799.1851	5	14	0	1	1	0.7090	0.5649
55	513	1	800.7350	8	4	90	0	1	0.7076	0.6310
55	514	1	802.2851	5	14	0	1	1	0.7082	0.7294
55	515	1	803.8350	8	4	0	1	1	0.7087	0.8109
55	516	1	805.3850	6	1	90	0	1	0.7074	0.5890
55	517	1	806.9350	4	7	0	1	1	0.7079	0.7675
55	518	1	808.4851	5	14	0	1	1	0.7085	0.8332
55	519	1	810.0350	6	1	90	0	1	0.7071	0.6270
55	520	1	811.5850	4	7	0	1	1	0.7077	0.5174
55	521	1	813.1351	3	11	0	1	1	0.7083	0.6149
55	522	1	814.6851	4	7	0	1	1	0.7088	0.6013
55	523	1	816.2351	3	11	0	1	1	0.7094	0.4752
55	524	1	817.7851	15	3	0	1	1	0.7099	0.7013
55	525	1	819.3351	3	11	0	1	1	0.7105	0.5429
55	526	1	820.8851	15	3	0	1	1	0.7110	0.6890
55	527	1	822.4351	2	2	0	1	1	0.7116	0.5152
55	528	1	823.9851	15	3	0	1	1	0.7121	0.8692
55	529	1	825.5351	1	8	0	1	1	0.7127	0.7270
55	530	1	827.0851	2	2	0	1	1	0.7132	0.5050
55	531	1	828.6351	1	8	0	1	1	0.7137	0.4435
55	532	1	830.1851	15	3	0	1	1	0.7143	0.9415
55	533	1	831.7352	1	8	0	1	1	0.7148	0.7989
55	534	1	833.2851	3	11	90	0	1	0.7135	0.8973
55	535	1	834.8351	15	3	0	1	1	0.7140	0.8349
55	536	1	836.3851	1	8	0	1	1	0.7146	0.7893
55	537	1	837.9351	14	13	0	1	1	0.7151	0.7272
55	538	1	839.4852	13	12	0	1	1	0.7156	0.8729
55	539	1	841.0351	12	10	90	0	1	0.7143	0.6833
55	540	1	842.5852	9	6	0	1	1	0.7148	0.6214
55	541	1	844.1351	10	9	0	1	1	0.7153	0.6070
55	542	1	845.6852	12	10	90	0	1	0.7140	0.7852
55	543	1	847.2351	13	12	0	1	1	0.7145	0.7393
55	544	1	848.7852	11	15	0	1	1	0.7151	0.7889
55	545	1	850.3352	12	10	0	1	1	0.7156	0.7592
55	546	1	851.8851	11	15	0	1	1	0.7161	0.5530
55	547	1	853.4352	10	9	0	1	1	0.7166	0.8910
55	548	1	854.9852	9	6	90	0	1	0.7153	0.7332
55	549	1	856.5352	11	15	0	1	1	0.7158	0.9909
55	550	1	858.0852	12	10	0	1	1	0.7164	1.0893
55	551	1	859.6352	11	15	0	-1	0	0.7151	-1.0000
55	552	1	861.3519	10	9	0	1	1	0.7156	0.9745
55	553	1	862.9018	9	6	0	1	1	0.7161	0.8643
55	554	1	864.4519	8	4	0	0	1	0.7148	0.9788
55	555	1	866.0019	9	6	0	1	1	0.7153	1.1726
55	556	1	867.5518	8	4	0	1	1	0.7158	1.0145
55	557	1	869.1019	7	5	90	0	1	0.7145	0.6963
55	558	1	870.6519	6	1	0	1	1	0.7151	0.7462
55	559	1	872.2019	4	7	0	-1	0	0.7138	-1.0000
55	560	1	873.9352	3	11	0	0	1	0.7125	0.0167
55	561	1	875.4852	2	2	0	1	1	0.7130	0.7449
55	562	1	877.0352	3	11	0	1	1	0.7135	0.3790
55	563	1	878.5852	2	2	0	1	1	0.7140	0.2692
55	564	1	880.1353	3	11	0	1	1	0.7145	1.0068
55	565	1	881.6853	1	8	0	1	1	0.7150	0.7212
55	566	1	883.2352	2	2	0	1	1	0.7155	0.6110
55	567	1	884.7852	15	3	0	-1	0	0.7143	-1.0000
55	568	1	886.5186	2	2	0	1	1	0.7148	0.8640
55	569	1	888.0686	15	3	0	1	1	0.7153	0.8335
55	570	1	889.6185	14	13	0	1	1	0.7158	0.8042
55	571	1	891.1686	1	8	0	1	1	0.7163	0.6140
55	572	1	892.7186	15	3	0	1	1	0.7168	0.5682
55	573	1	894.2686	14	13	0	1	1	0.7173	0.4420
55	574	1	895.8186	1	8	0	1	1	0.7178	0.7322
55	575	1	897.3686	14	13	0	1	1	0.7183	0.7978
55	576	1	898.9186	13	12	0	1	1	0.7188	1.0880
55	577	1	900.4686	10	9	0	1	1	0.7192	0.8819
55	578	1	902.0186	9	6	0	1	1	0.7197	0.9955
55	579	1	903.5686	8	4	90	0	1	0.7185	1.0298
55	580	1	905.1186	7	5	0	1	1	0.7190	0.7279
55	581	1	906.6686	8	4	0	1	1	0.7194	0.8738
55	582	1	908.2186	9	6	0	1	1	0.7199	0.6840
55	583	1	909.7686	10	9	0	1	1	0.7204	0.5095
55	584	1	911.3186	9	6	0	1	1	0.7209	1.3279
55	585	1	912.8686	8	4	0	1	1	0.7214	1.2656
55	586	1	914.4186	6	1	0	1	1	0.7218	0.8359
55	587	1	915.9687	4	7	0	1	1	0.7223	0.8380
55	588	1	917.5186	5	14	0	1	1	0.7228	0.7122
55	589	1	919.0686	4	7	0	1	1	0.7233	0.6178
55	590	1	920.6187	5	14	90	-1	0	0.7220	-1.0000
55	591	1	922.3520	7	5	0	1	1	0.7225	0.9184
55	592	1	923.9020	6	1	0	1	1	0.7230	0.7762
55	593	1	925.4520	7	5	0	1	1	0.7234	0.4744
55	594	1	927.0020	8	4	0	1	1	0.7239	1.0365
55	595	1	928.5520	5	14	0	1	1	0.7244	0.6225
55	596	1	930.1020	6	1	0	1	1	0.7248	0.6564
55	597	1	931.6520	7	5	0	1	1	0.7253	0.5148
55	598	1	933.2020	4	7	0	1	1	0.7258	0.5806
55	599	1	934.7521	6	1	90	0	1	0.7245	0.7262
55	600	1	936.3021	4	7	0	1	1	0.7250	0.7285
55	601	1	1016.3356	6	1	0	-1	0	0.7238	-1.0000
55	602	1	1018.0522	7	5	0	1	1	0.7243	1.2025
55	603	1	1019.6023	8	4	0	1	1	0.7247	0.7884
55	604	1	1021.1522	7	5	0	1	1	0.7252	0.4224
55	605	1	1022.7022	5	14	0	1	1	0.7256	0.4084
55	606	1	1024.2523	7	5	0	1	1	0.7261	0.3624
55	607	1	1025.8022	4	7	0	1	1	0.7265	0.2689
55	608	1	1027.3523	7	5	0	1	1	0.7270	0.3021
55	609	1	1028.9022	8	4	90	0	1	0.7258	0.3365
55	610	1	1030.4523	7	5	90	0	1	0.7246	0.4181
55	611	1	1032.0023	5	14	0	1	1	0.7250	0.4360
55	612	1	1033.5523	7	5	90	0	1	0.7239	0.7584
55	613	1	1035.1023	5	14	0	1	1	0.7243	0.3924
55	614	1	1036.6523	7	5	0	0	1	0.7231	0.9860
55	615	1	1038.2023	8	4	0	1	1	0.7236	0.4601
55	616	1	1039.7523	7	5	0	0	1	0.7224	0.8144
55	617	1	1041.3023	6	1	0	1	1	0.7229	0.3040
55	618	1	1042.8523	5	14	0	1	1	0.7233	0.3860
55	619	1	1044.4023	7	5	0	1	1	0.7237	0.3563
55	620	1	1045.9523	6	1	0	1	1	0.7242	0.4547
55	621	1	1047.5023	5	14	0	1	1	0.7246	0.4405
55	622	1	1049.0524	7	5	0	1	1	0.7251	0.4103
55	623	1	1050.6023	6	1	0	1	1	0.7255	0.6045
55	624	1	1052.1523	8	4	0	1	1	0.7260	0.4780
55	625	1	1053.7023	7	5	0	1	1	0.7264	0.4641
55	626	1	1055.2523	8	4	0	1	1	0.7268	0.4824
55	627	1	1056.8023	9	6	0	1	1	0.7273	0.5480
55	628	1	1058.3524	8	4	90	1	1	0.7277	0.9660
55	629	1	1059.9024	7	5	0	1	1	0.7281	1.4160
55	630	1	1061.4524	6	1	0	1	1	0.7286	0.8101
55	631	1	1063.0023	8	4	0	1	1	0.7290	0.7960
55	632	1	1064.5523	6	1	0	1	1	0.7294	0.9421
55	633	1	1066.1024	8	4	90	0	1	0.7283	0.9604
55	634	1	1067.6524	6	1	0	1	1	0.7287	0.6740
55	635	1	1069.2023	8	4	0	1	1	0.7291	0.6764
55	636	1	1070.7523	9	6	0	1	1	0.7296	0.5983
55	637	1	1072.3023	10	9	0	1	1	0.7300	1.4164
55	638	1	1073.9024	13	12	0	1	1	0.7304	0.6320
55	639	1	1075.4524	12	10	0	1	1	0.7308	0.5707
55	640	1	1077.0024	9	6	0	1	1	0.7312	0.3960
55	641	1	1078.5524	10	9	90	0	1	0.7301	0.4143
55	642	1	1080.1024	13	12	0	1	1	0.7305	0.4160
55	643	1	1081.6524	12	10	0	1	1	0.7309	0.8666
55	644	1	1083.2024	10	9	0	1	1	0.7314	0.6284
55	645	1	1084.7524	11	15	0	1	1	0.7318	0.4544
55	646	1	1086.3025	10	9	90	0	1	0.7307	0.5199
55	647	1	1087.8524	11	15	0	1	1	0.7311	0.9380
55	648	1	1089.4024	13	12	0	1	1	0.7315	0.7803
55	649	1	1090.9525	10	9	0	1	1	0.7319	0.4463
55	650	1	1092.5024	12	10	0	1	1	0.7323	0.5443
55	651	1	1094.0525	13	12	0	1	1	0.7327	0.4179
55	652	1	1095.6025	10	9	90	0	1	0.7316	0.4844
55	653	1	1097.1525	13	12	0	1	1	0.7320	0.5659
55	654	1	1098.7024	12	10	0	1	1	0.7324	0.3279
55	655	1	1100.2525	13	12	0	1	1	0.7328	0.5064
55	656	1	1101.8024	12	10	0	1	1	0.7332	0.4444
55	657	1	1103.3525	13	12	0	1	1	0.7336	0.3660
55	658	1	1104.9025	10	9	0	1	1	0.7340	0.6880
55	659	1	1106.4525	12	10	0	1	1	0.7344	0.5624
55	660	1	1108.0025	10	9	0	1	1	0.7348	0.6283
55	661	1	1109.5525	13	12	0	1	1	0.7352	0.4544
55	662	1	1111.1024	14	13	90	0	1	0.7341	0.5521
55	663	1	1112.6525	1	8	0	1	1	0.7345	0.6182
55	664	1	1114.2025	15	3	90	0	1	0.7334	0.5400
55	665	1	1115.7525	3	11	0	1	1	0.7338	0.6060
55	666	1	1117.3025	4	7	0	1	1	0.7342	0.6245
55	667	1	1118.8525	7	5	90	0	1	0.7331	0.7703
55	668	1	1120.4025	4	7	90	0	1	0.7320	0.8839
55	669	1	1121.9526	5	14	0	1	1	0.7324	0.7422
55	670	1	1123.5025	8	4	0	-1	0	0.7313	-1.0000
55	671	1	1125.3026	5	14	90	0	1	0.7303	0.6401
55	672	1	1126.8525	6	1	0	1	1	0.7307	0.6739
55	673	1	1128.4025	8	4	0	1	1	0.7311	0.8680
55	674	1	1129.9525	6	1	0	1	1	0.7315	0.9023
55	675	1	1131.5025	4	7	0	1	1	0.7319	0.5683
55	676	1	1133.0525	6	1	0	1	1	0.7322	0.6342
55	677	1	1134.6025	7	5	90	0	1	0.7312	0.7480
55	678	1	1136.1525	6	1	0	1	1	0.7316	0.7503
55	679	1	1137.7025	8	4	0	1	1	0.7320	0.6083
55	680	1	1139.2525	5	14	0	1	1	0.7324	0.6739
55	681	1	1140.8026	6	1	0	1	1	0.7327	0.5163
55	682	1	1142.3525	7	5	90	0	1	0.7317	0.5664
55	683	1	1143.9026	6	1	0	1	1	0.7321	0.5361
55	684	1	1145.4525	4	7	0	1	1	0.7325	0.5061
55	685	1	1147.0025	7	5	0	1	1	0.7328	0.1559
55	686	1	1148.5526	4	7	0	1	1	0.7332	0.5901
55	687	1	1150.1025	7	5	0	1	1	0.7336	0.4480
55	688	1	1151.6526	8	4	0	1	1	0.7340	0.3383
55	689	1	1153.2026	7	5	0	1	1	0.7344	0.3399
55	690	1	1154.7526	4	7	0	1	1	0.7348	0.4384
55	691	1	1156.3027	6	1	0	1	1	0.7352	0.4878
55	692	1	1157.8526	7	5	0	1	1	0.7355	0.3145
55	693	1	1159.4026	8	4	0	1	1	0.7359	0.3959
55	694	1	1160.9526	5	14	0	1	1	0.7363	0.3179
55	695	1	1162.5026	4	7	0	1	1	0.7367	0.6882
55	696	1	1164.0526	7	5	0	1	1	0.7371	0.6103
55	697	1	1165.6026	5	14	0	1	1	0.7374	0.5002
55	698	1	1167.1526	8	4	0	1	1	0.7378	0.3106
55	699	1	1168.7026	5	14	0	1	1	0.7382	0.5047
55	700	1	1170.2526	8	4	0	1	1	0.7386	1.0983
55	701	1	1171.8026	6	1	0	1	1	0.7389	0.7322
55	702	1	1173.3526	4	7	0	1	1	0.7393	0.6542
55	703	1	1174.9026	7	5	90	0	1	0.7383	0.6879
55	704	1	1176.4527	6	1	0	1	1	0.7386	0.5780
55	705	1	1178.0026	8	4	0	1	1	0.7390	0.6279
55	706	1	1179.5526	7	5	0	1	1	0.7394	0.4379
55	707	1	1181.1026	4	7	0	1	1	0.7397	0.4728
55	708	1	1182.6526	5	14	0	1	1	0.7401	0.5708
55	709	1	1184.2027	4	7	0	1	1	0.7405	0.6202
55	710	1	1185.7527	7	5	0	1	1	0.7408	0.5263
55	711	1	1187.3027	4	7	0	1	1	0.7412	0.5442
55	712	1	1188.8527	5	14	0	1	1	0.7416	0.7225
55	713	1	1190.4026	6	1	90	0	1	0.7405	0.5959
55	714	1	1191.9526	4	7	0	1	1	0.7409	0.5819
55	715	1	1193.5026	6	1	90	1	1	0.7413	0.8883
55	716	1	1195.0527	5	14	90	0	1	0.7402	0.7144
55	717	1	1196.6027	4	7	0	1	1	0.7406	0.6683
55	718	1	1198.1527	5	14	0	1	1	0.7409	0.6061
55	719	1	1199.7027	8	4	0	1	1	0.7413	0.4159
55	720	1	1201.2527	6	1	0	1	1	0.7417	0.7543
55	721	1	1202.8027	7	5	0	1	1	0.7420	0.7398
55	722	1	1204.3526	4	7	0	1	1	0.7424	0.8703
55	723	1	1205.9027	7	5	0	1	1	0.7427	1.2882
55	724	1	1207.4527	8	4	0	1	1	0.7431	0.7941
55	725	1	1209.0027	9	6	90	0	1	0.7421	0.5239
55	726	1	1210.5527	8	4	0	1	1	0.7424	0.4780
55	727	1	1212.1027	5	14	0	1	1	0.7428	0.4799
55	728	1	1213.6527	4	7	0	1	1	0.7431	0.4019
55	729	1	1215.2027	5	14	0	1	1	0.7435	0.4679
55	730	1	1216.7527	4	7	0	1	1	0.7438	0.3898
55	731	1	1218.3027	6	1	0	1	1	0.7442	0.5198
55	732	1	1219.8528	5	14	0	1	1	0.7445	0.4580
55	733	1	1221.4027	4	7	0	1	1	0.7449	0.4606
55	734	1	1222.9527	6	1	0	1	1	0.7452	0.4788
55	735	1	1224.5027	8	4	0	1	1	0.7456	0.5603
55	736	1	1226.0528	9	6	0	1	1	0.7459	0.5458
55	737	1	1227.6027	11	15	0	1	1	0.7463	0.5321
55	738	1	1229.1528	13	12	0	1	1	0.7466	0.6142
55	739	1	1230.7028	11	15	0	1	1	0.7470	0.5522
55	740	1	1232.2527	9	6	0	1	1	0.7473	0.6018
55	741	1	1233.8027	8	4	0	1	1	0.7476	0.5884
55	742	1	1235.3527	9	6	0	1	1	0.7480	0.6219
55	743	1	1236.9027	8	4	0	1	1	0.7483	0.4802
55	744	1	1238.4528	5	14	90	0	1	0.7473	0.6585
55	745	1	1240.0028	6	1	0	1	1	0.7477	0.5158
55	746	1	1241.5528	5	14	0	1	1	0.7480	0.7740
55	747	1	1243.1028	4	7	90	0	1	0.7470	0.6323
55	748	1	1244.6528	5	14	0	1	1	0.7473	0.5538
55	749	1	1246.2028	8	4	0	1	1	0.7477	0.6197
55	750	1	1247.7528	5	14	0	1	1	0.7480	0.6058
55	751	1	1249.3028	4	7	0	1	1	0.7483	0.9438
55	752	1	1250.8528	3	11	0	1	1	0.7487	0.5621
55	753	1	1252.4028	2	2	0	1	1	0.7490	0.6444
55	754	1	1253.9528	14	13	0	1	1	0.7493	0.5981
55	755	1	1255.5028	1	8	0	1	1	0.7497	0.5042
55	756	1	1257.0528	14	13	90	0	1	0.7487	0.6024
55	757	1	1258.6028	2	2	0	1	1	0.7490	0.4918
55	758	1	1260.1528	1	8	0	1	1	0.7493	0.3981
55	759	1	1261.7029	15	3	0	1	1	0.7497	0.9278
55	760	1	1263.2528	3	11	0	1	1	0.7500	0.5302
55	761	1	1264.8029	15	3	0	1	1	0.7503	0.2926
55	762	1	1266.3528	3	11	0	1	1	0.7507	0.5818
55	763	1	1267.9028	15	3	0	1	1	0.7510	0.6001
55	764	1	1269.4528	1	8	0	1	1	0.7513	0.8741
55	765	1	1271.0029	3	11	90	0	1	0.7503	0.5877
55	766	1	1272.5528	15	3	0	1	1	0.7507	0.4458
55	767	1	1274.1029	2	2	0	1	1	0.7510	0.4162
55	768	1	1275.6528	14	13	90	0	1	0.7500	0.3860
55	769	1	1277.2029	2	2	0	1	1	0.7503	0.5324
55	770	1	1278.7529	1	8	0	1	1	0.7506	0.7420
55	771	1	1280.3029	15	3	90	0	1	0.7497	0.5842
55	772	1	1281.8529	3	11	0	1	1	0.7500	0.4745
55	773	1	1283.4029	2	2	90	0	1	0.7490	0.6201
55	774	1	1284.9529	14	13	0	-1	0	0.7481	-1.0000
55	775	1	1286.7362	15	3	90	0	1	0.7471	1.2705
55	776	1	1288.2863	2	2	90	0	1	0.7461	0.8408
55	777	1	1289.8363	3	11	0	1	1	0.7465	1.2264
55	778	1	1291.3863	15	3	0	1	1	0.7468	1.4844
55	779	1	1293.0196	2	2	90	0	1	0.7458	0.6831
55	780	1	1294.5696	3	11	0	1	1	0.7462	0.7335
55	781	1	1296.1197	2	2	0	1	1	0.7465	0.7352
55	782	1	1297.6696	15	3	0	1	1	0.7468	0.9617
55	783	1	1299.2196	1	8	0	1	1	0.7471	0.7231
55	784	1	1300.7696	3	11	0	1	1	0.7474	0.4698
55	785	1	1302.3196	1	8	0	1	1	0.7478	0.9514
55	786	1	1303.8696	14	13	0	1	1	0.7481	0.8890
55	787	1	1305.4197	1	8	0	1	1	0.7484	0.9713
55	788	1	1306.9696	3	11	0	1	1	0.7487	0.6694
55	789	1	1308.5196	2	2	0	1	1	0.7490	0.7999
55	790	1	1310.0696	1	8	0	1	1	0.7494	0.5296
55	791	1	1311.6196	3	11	0	1	1	0.7497	0.5155
55	792	1	1313.1696	2	2	0	1	1	0.7500	0.5971
55	793	1	1314.7197	1	8	0	1	1	0.7503	0.4554
55	794	1	1316.2696	14	13	0	1	1	0.7506	0.8251
55	795	1	1317.8196	2	2	0	1	1	0.7509	0.4111
55	796	1	1319.3696	3	11	0	1	1	0.7513	0.5250
55	797	1	1320.9196	1	8	0	1	1	0.7516	0.5751
55	798	1	1322.4696	3	11	0	1	1	0.7519	0.4973
55	799	1	1324.0197	2	2	0	1	1	0.7522	0.4997
55	800	1	1325.5696	1	8	0	1	1	0.7525	0.4531
55	801	1	1327.1196	3	11	0	1	1	0.7528	0.4071
55	802	1	1328.6697	4	7	90	0	1	0.7519	0.3612
55	803	1	1330.2196	6	1	0	1	1	0.7522	0.7480
55	804	1	1331.7697	8	4	0	1	1	0.7525	0.7493
55	805	1	1333.3196	9	6	90	0	1	0.7516	0.9111
55	806	1	1334.8697	8	4	0	1	1	0.7519	0.7690
55	807	1	1336.4197	7	5	0	1	1	0.7522	0.5153
55	808	1	1337.9697	8	4	0	1	1	0.7525	0.9973
55	809	1	1339.5197	5	14	0	1	1	0.7528	0.6954
55	810	1	1341.0698	6	1	0	1	1	0.7531	0.5054
55	811	1	1342.6197	8	4	0	1	1	0.7534	0.4111
55	812	1	1344.1697	5	14	0	1	1	0.7537	0.4613
55	813	1	1345.7197	4	7	90	0	1	0.7528	0.4637
55	814	1	1347.2697	6	1	0	1	1	0.7531	0.6890
55	815	1	1348.8197	4	7	0	1	1	0.7534	0.7232
55	816	1	1350.3698	6	1	0	1	1	0.7537	0.5650
55	817	1	1351.9197	8	4	90	1	1	0.7540	1.0154
55	818	1	1353.4698	7	5	0	1	1	0.7543	0.5853
55	819	1	1355.0197	8	4	0	1	1	0.7546	0.8431
55	820	1	1356.5697	9	6	0	1	1	0.7549	0.9097
55	821	1	1358.1198	10	9	0	1	1	0.7552	0.6874
55	822	1	1359.6697	11	15	0	1	1	0.7555	0.6575
55	823	1	1361.2197	12	10	0	1	1	0.7558	0.7074
55	824	1	1362.7698	10	9	0	1	1	0.7561	0.6609
55	825	1	1364.3198	9	6	0	1	1	0.7564	0.8229
55	826	1	1365.8698	12	10	0	1	1	0.7567	0.7770
55	827	1	1367.4197	13	12	0	1	1	0.7570	0.7477
55	828	1	1368.9697	14	13	0	1	1	0.7572	1.0697
55	829	1	1370.5198	13	12	0	1	1	0.7575	0.6713
55	830	1	1372.0698	11	15	0	1	1	0.7578	0.6415
55	831	1	1373.6198	10	9	0	1	1	0.7581	0.7230
55	832	1	1375.1698	9	6	90	0	1	0.7572	0.9329
55	833	1	1376.7198	8	4	0	1	1	0.7575	0.9832
55	834	1	1378.2698	7	5	0	1	1	0.7578	0.5852
55	835	1	1379.8197	5	14	90	0	1	0.7569	0.6832
55	836	1	1381.3698	8	4	0	1	1	0.7572	0.9413
55	837	1	1382.9198	9	6	0	1	1	0.7575	0.7030
55	838	1	1384.4698	12	10	0	1	1	0.7578	0.7535
55	839	1	1386.0198	11	15	0	1	1	0.7580	0.6111
55	840	1	1387.5698	12	10	0	1	1	0.7583	0.7892
55	841	1	1389.1198	10	9	0	1	1	0.7586	0.5350
55	842	1	1390.6698	9	6	0	1	1	0.7589	0.4893
55	843	1	1392.2199	11	15	0	1	1	0.7592	0.6669
55	844	1	1393.7698	12	10	0	1	1	0.7595	0.7170
55	845	1	1395.3199	10	9	90	0	1	0.7586	0.6069
55	846	1	1396.8699	11	15	90	-1	0	0.7577	-1.0000
55	847	1	1398.6701	10	9	0	1	1	0.7580	0.7287
55	848	1	1400.2199	12	10	0	1	1	0.7583	0.4113
55	849	1	1401.7699	11	15	0	1	1	0.7585	0.3817
55	850	1	1403.3199	10	9	0	1	1	0.7588	0.3509
55	851	1	1404.8699	9	6	0	1	1	0.7591	0.5618
55	852	1	1406.4199	12	10	0	1	1	0.7594	0.5469
55	853	1	1407.9700	11	15	0	1	1	0.7597	0.3248
55	854	1	1409.5200	10	9	90	0	1	0.7588	0.6638
55	855	1	1411.0700	9	6	90	0	1	0.7579	1.1937
55	856	1	1412.6200	10	9	0	1	1	0.7582	1.0196
55	857	1	1414.1700	11	15	0	1	1	0.7585	0.7489
55	858	1	1415.7200	9	6	0	1	1	0.7587	0.5117
55	859	1	1417.2699	8	4	0	1	1	0.7590	0.5458
55	860	1	1418.8200	6	1	0	1	1	0.7593	0.5156
55	861	1	1420.3700	5	14	0	1	1	0.7596	0.4848
55	862	1	1421.9200	6	1	0	1	1	0.7599	0.5517
55	863	1	1423.4701	5	14	0	1	1	0.7601	0.4736
55	864	1	1425.0200	4	7	0	1	1	0.7604	0.7789
55	865	1	1426.5700	3	11	0	1	1	0.7607	0.6858
55	866	1	1428.1200	4	7	0	1	1	0.7610	0.6713
55	867	1	1429.6699	3	11	0	1	1	0.7612	0.9458
55	868	1	1431.2201	4	7	0	1	1	0.7615	0.7556
55	869	1	1432.7699	7	5	0	1	1	0.7618	0.8699
55	870	1	1434.3200	6	1	0	1	1	0.7621	0.9034
55	871	1	1435.8701	4	7	90	0	1	0.7612	0.6016
55	872	1	1437.4200	7	5	90	0	1	0.7603	0.7158
55	873	1	1438.9700	8	4	0	1	1	0.7606	1.1169
55	874	1	1440.5200	7	5	0	1	1	0.7609	0.8952
55	875	1	1442.0700	8	4	0	1	1	0.7611	0.7533
55	876	1	1443.6200	7	5	90	0	1	0.7603	0.4997
55	877	1	1445.1701	6	1	0	1	1	0.7605	0.8530
55	878	1	1446.7200	7	5	0	1	1	0.7608	0.5837
55	879	1	1448.2701	4	7	0	1	1	0.7611	0.6017
55	880	1	1449.8201	3	11	0	1	1	0.7614	0.5557
55	881	1	1451.3700	15	3	0	1	1	0.7616	0.9577
55	882	1	1452.9201	2	2	90	0	1	0.7608	0.7028
55	883	1	1454.4701	3	11	0	1	1	0.7610	0.9136
55	884	1	1456.0200	1	8	0	1	1	0.7613	0.8508
55	885	1	1457.5701	3	11	90	0	1	0.7605	0.6608
55	886	1	1459.1201	1	8	0	1	1	0.7607	0.7113
55	887	1	1460.6700	2	2	0	1	1	0.7610	0.7457
55	888	1	1462.2201	1	8	0	1	1	0.7613	0.6991
55	889	1	1463.7700	2	2	0	1	1	0.7615	0.8298
55	890	1	1465.3200	1	8	0	1	1	0.7618	0.8318
55	891	1	1466.8701	2	2	0	1	1	0.7621	0.4808
55	892	1	1468.4200	14	13	90	0	1	0.7612	0.4348
55	893	1	1469.9701	2	2	0	1	1	0.7615	0.6617
55	894	1	1471.5201	1	8	90	0	1	0.7606	0.3436
55	895	1	1473.0701	3	11	0	1	1	0.7609	0.8088
55	896	1	1474.6201	15	3	0	1	1	0.7612	1.0836
55	897	1	1476.1701	1	8	0	1	1	0.7614	0.7973
55	898	1	1477.7201	3	11	0	1	1	0.7617	0.6396
55	899	1	1479.2701	2	2	90	0	1	0.7608	0.5619
55	900	1	1480.8203	3	11	0	1	1	0.7611	0.6106
55	901	1	1482.3702	2	2	0	1	1	0.7614	0.6775
55	902	1	1483.9203	14	13	90	0	1	0.7605	1.0146
55	903	1	1485.4702	15	3	0	1	1	0.7608	0.8416
55	904	1	1487.0202	2	2	0	1	1	0.7611	0.9556
55	905	1	1488.5703	15	3	0	1	1	0.7613	0.9096
55	906	1	1490.1202	2	2	0	1	1	0.7616	0.6873
55	907	1	1491.6702	15	3	0	1	1	0.7619	0.6895
55	908	1	1493.2201	3	11	0	1	1	0.7621	0.6117
55	909	1	1494.7704	1	8	0	1	1	0.7624	0.7246
55	910	1	1496.3202	15	3	0	1	1	0.7626	0.8548
55	911	1	1497.8702	1	8	90	1	1	0.7629	1.0177
55	912	1	1499.4202	3	11	0	1	1	0.7632	0.8756
55	913	1	1500.9702	1	8	0	1	1	0.7634	0.7327
55	914	1	1502.5203	14	13	0	1	1	0.7637	0.6227
55	915	1	1504.0702	2	2	90	0	1	0.7628	0.7207
55	916	1	1505.6202	3	11	90	0	1	0.7620	0.7397
55	917	1	1507.1702	1	8	0	1	1	0.7623	0.9007
55	918	1	1508.7203	14	13	0	1	1	0.7625	0.7275
55	919	1	1510.2702	2	2	0	1	1	0.7628	0.7136
55	920	1	1511.8202	14	13	0	1	1	0.7630	0.7156
55	921	1	1513.3701	2	2	0	1	1	0.7633	1.1169
55	922	1	1514.9204	14	13	0	1	1	0.7636	0.6714
55	923	1	1516.4702	2	2	90	0	1	0.7627	0.6731
55	924	1	1518.0204	14	13	0	1	1	0.7630	1.0270
55	925	1	1519.5702	2	2	90	0	1	0.7622	0.7572
55	926	1	1521.1203	15	3	90	0	1	0.7613	1.0149
55	927	1	1522.6704	3	11	0	1	1	0.7616	0.6006
55	928	1	1524.2202	15	3	90	1	1	0.7619	1.0357
55	929	1	1525.7703	2	2	0	1	1	0.7621	0.7655
55	930	1	1527.3203	14	13	90	0	1	0.7613	0.6556
55	931	1	1528.8703	1	8	0	1	1	0.7615	0.8975
55	932	1	1530.4203	15	3	0	1	1	0.7618	0.9787
55	933	1	1531.9703	2	2	0	1	1	0.7621	0.9491
55	934	1	1533.5202	14	13	0	1	1	0.7623	0.7756
55	935	1	1535.0703	15	3	0	1	1	0.7626	0.9847
55	936	1	1536.6202	1	8	0	1	1	0.7628	0.6673
55	937	1	1538.1703	14	13	0	1	1	0.7631	0.6051
55	938	1	1539.7203	1	8	90	0	1	0.7623	0.6067
55	939	1	1541.2703	15	3	0	1	1	0.7625	0.6731
55	940	1	1542.8203	3	11	0	1	1	0.7628	0.4987
55	941	1	1544.3703	15	3	0	1	1	0.7630	0.8215
55	942	1	1545.9203	2	2	0	1	1	0.7633	0.8075
55	943	1	1547.4703	1	8	0	1	1	0.7635	0.9376
55	944	1	1549.0203	14	13	90	0	1	0.7627	0.8436
55	945	1	1550.5703	13	12	0	1	1	0.7630	0.8616
55	946	1	1552.1203	10	9	0	1	1	0.7632	0.8952
55	947	1	1553.6704	12	10	0	1	1	0.7635	0.9126
55	948	1	1555.2203	11	15	0	1	1	0.7637	1.2836
55	949	1	1556.7703	12	10	0	-1	0	0.7629	-1.0000
55	950	1	1558.4872	13	12	0	1	1	0.7632	0.6404
55	951	1	1560.0370	11	15	90	0	1	0.7624	0.6749
55	952	1	1561.5871	12	10	90	0	1	0.7616	0.5328
55	953	1	1563.1371	10	9	0	1	1	0.7618	0.7580
55	954	1	1564.6869	11	15	0	1	1	0.7621	0.7121
55	955	1	1566.2370	9	6	0	1	1	0.7623	1.1940
55	956	1	1567.7871	10	9	90	0	1	0.7615	0.6688
55	957	1	1569.3370	9	6	0	1	1	0.7618	1.0385
55	958	1	1570.8870	10	9	0	1	1	0.7620	0.5769
55	959	1	1572.4372	12	10	0	1	1	0.7623	0.5302
55	960	1	1573.9871	10	9	0	1	1	0.7625	0.6289
55	961	1	1575.5371	11	15	0	1	1	0.7627	0.3428
55	962	1	1577.0870	13	12	0	1	1	0.7630	0.4564
55	963	1	1578.6372	11	15	0	1	1	0.7632	0.3627
55	964	1	1580.1871	13	12	0	1	1	0.7635	0.7489
55	965	1	1581.7370	14	13	0	1	1	0.7637	0.8147
55	966	1	1583.2871	13	12	0	1	1	0.7640	0.6880
55	967	1	1584.8370	11	15	90	0	1	0.7632	0.9146
55	968	1	1586.3871	9	6	0	1	1	0.7634	0.8204
55	969	1	1587.9372	10	9	90	0	1	0.7626	0.5987
55	970	1	1589.4871	11	15	0	1	1	0.7629	0.7128
55	971	1	1591.0371	13	12	0	1	1	0.7631	0.9224
55	972	1	1592.5870	12	10	90	0	1	0.7623	0.7961
55	973	1	1594.1371	10	9	0	1	1	0.7626	0.6860
55	974	1	1595.6871	12	10	0	1	1	0.7628	0.9766
55	975	1	1597.2371	9	6	0	1	1	0.7631	0.5147
55	976	1	1598.7871	11	15	0	1	1	0.7633	0.4199
55	977	1	1600.3371	9	6	0	1	1	0.7636	0.5029
55	978	1	1601.8871	8	4	0	1	1	0.7638	0.5047
55	979	1	1603.4372	5	14	90	0	1	0.7630	0.6828
55	980	1	1604.9870	7	5	0	1	1	0.7633	0.5570
55	981	1	1606.5371	4	7	0	1	1	0.7635	0.6067
55	982	1	1608.0872	6	1	0	1	1	0.7637	0.4961
55	983	1	1609.6372	8	4	0	1	1	0.7640	0.8182
55	984	1	1611.1870	6	1	0	1	1	0.7642	0.6285
55	985	1	1612.7372	5	14	0	1	1	0.7645	0.3107
55	986	1	1614.2872	6	1	0	1	1	0.7647	0.2959
55	987	1	1615.8372	8	4	0	1	1	0.7649	0.3148
55	988	1	1617.3871	5	14	0	1	1	0.7652	0.7006
55	989	1	1618.9372	8	4	0	1	1	0.7654	0.8318
55	990	1	1620.4872	7	5	90	0	1	0.7646	0.8967
55	991	1	1622.0372	6	1	0	1	1	0.7649	0.6423
55	992	1	1623.5872	7	5	0	1	1	0.7651	0.3723
55	993	1	1625.1371	6	1	0	1	1	0.7654	0.7269
55	994	1	1626.6872	7	5	90	1	1	0.7656	0.8090
55	995	1	1628.2371	5	14	0	1	1	0.7658	1.2745
55	996	1	1629.7871	4	7	0	1	1	0.7661	1.3085
55	997	1	1631.3372	5	14	0	-1	0	0.7653	-1.0000
55	998	1	1633.0707	8	4	0	1	1	0.7655	1.4653
55	999	1	1634.6705	9	6	0	1	1	0.7658	1.2095
55	1000	1	1636.2205	12	10	0	1	1	0.7660	1.2595
55	1001	1	1637.7706	11	15	0	1	1	0.7662	1.2294
55	1002	1	1639.3205	13	12	0	1	1	0.7665	1.0386
55	1003	1	1640.8705	14	13	0	1	1	0.7667	0.6727
55	1004	1	1642.4205	13	12	90	0	1	0.7659	0.8354
55	1005	1	1643.9705	11	15	0	1	1	0.7662	0.8694
55	1006	1	1645.5206	12	10	0	1	1	0.7664	1.1589
55	1007	1	1647.0706	13	12	90	0	1	0.7656	1.0974
55	1008	1	1648.6206	11	15	0	1	1	0.7659	1.2274
55	1009	1	1650.1706	9	6	0	1	1	0.7661	1.2294
55	1010	1	1651.7206	11	15	0	1	1	0.7663	1.1989
55	1011	1	1653.2705	9	6	0	1	1	0.7666	0.8326
55	1012	1	1654.8205	11	15	90	0	1	0.7658	0.8826
55	1013	1	1656.3705	9	6	0	1	1	0.7660	0.7255
55	1014	1	1657.9207	10	9	0	1	1	0.7663	0.9024
55	1015	1	1659.4706	12	10	0	1	1	0.7665	0.8414
55	1016	1	1661.0208	10	9	0	1	1	0.7667	0.9064
55	1017	1	1662.5705	12	10	0	1	1	0.7670	0.9246
55	1018	1	1664.1206	9	6	90	0	1	0.7662	0.9913
55	1019	1	1665.6706	8	4	0	1	1	0.7664	1.2655
55	1020	1	1667.2207	6	1	0	1	1	0.7667	0.8513
55	1021	1	1668.7706	8	4	0	1	1	0.7669	0.8853
55	1022	1	1670.3205	5	14	90	0	1	0.7661	0.8066
55	1023	1	1671.8707	8	4	0	1	1	0.7664	0.5840
55	1024	1	1673.4207	7	5	0	1	1	0.7666	0.5388
55	1025	1	1674.9707	8	4	0	1	1	0.7668	0.8285
55	1026	1	1676.5206	7	5	0	1	1	0.7671	0.5435
55	1027	1	1678.0706	8	4	0	1	1	0.7673	0.7849
55	1028	1	1679.6207	7	5	0	1	1	0.7675	0.6755
55	1029	1	1681.1707	4	7	0	1	1	0.7677	0.7093
55	1030	1	1682.7206	3	11	0	1	1	0.7680	0.8235
55	1031	1	1684.2707	15	3	0	-1	0	0.7672	-1.0000
55	1032	1	1686.0042	3	11	0	1	1	0.7674	0.6759
55	1033	1	1687.5540	1	8	90	1	1	0.7677	1.3820
55	1034	1	1689.1040	14	13	90	0	1	0.7669	1.0000
55	1035	1	1690.6541	15	3	0	1	1	0.7671	1.2900
55	1036	1	1692.2039	14	13	0	1	1	0.7674	1.0193
55	1037	1	1693.7540	2	2	0	1	1	0.7676	0.7664
55	1038	1	1695.3040	14	13	0	1	1	0.7678	0.6720
55	1039	1	1696.8541	2	2	0	1	1	0.7680	0.5137
55	1040	1	1698.4040	14	13	90	0	1	0.7673	0.7720
55	1041	1	1699.9539	1	8	0	0	1	0.7666	1.0462
55	1042	1	1701.5040	14	13	0	1	1	0.7668	0.6638
55	1043	1	1703.0541	13	12	0	1	1	0.7670	0.7131
55	1044	1	1704.6041	11	15	0	1	1	0.7672	0.6679
55	1045	1	1706.1541	9	6	0	1	1	0.7675	1.0379
55	1046	1	1707.7040	12	10	0	1	1	0.7677	0.6552
55	1047	1	1709.2540	9	6	0	1	1	0.7679	0.5615
55	1048	1	1710.8040	12	10	0	1	1	0.7681	0.6121
55	1049	1	1712.3541	13	12	90	0	1	0.7674	0.5019
55	1050	1	1713.9040	12	10	0	1	1	0.7676	0.6321
55	1051	1	1715.4540	9	6	0	1	1	0.7678	0.4405
55	1052	1	1717.0041	11	15	0	1	1	0.7681	0.8439
55	1053	1	1718.5542	9	6	0	1	1	0.7683	1.0370
55	1054	1	1720.1041	11	15	90	0	1	0.7676	1.4249
55	1055	1	1721.7709	13	12	0	1	1	0.7678	1.1332
55	1056	1	1723.3207	10	9	90	0	1	0.7670	1.1025
55	1057	1	1724.8708	12	10	0	1	1	0.7673	0.7212
55	1058	1	1726.4208	13	12	0	1	1	0.7675	1.1393
55	1059	1	1727.9708	10	9	0	1	1	0.7677	1.1406
55	1060	1	1729.5208	12	10	0	1	1	0.7679	1.2232
55	1061	1	1731.0708	13	12	0	1	1	0.7681	0.7136
55	1062	1	1732.6207	11	15	0	1	1	0.7684	0.6665
55	1063	1	1734.1709	10	9	0	1	1	0.7686	0.4609
55	1064	1	1735.7208	9	6	0	1	1	0.7688	0.5753
55	1065	1	1737.2708	10	9	0	1	1	0.7690	0.7367
55	1066	1	1738.8207	11	15	0	1	1	0.7692	0.8825
55	1067	1	1740.3708	12	10	0	1	1	0.7694	0.5974
55	1068	1	1741.9210	10	9	90	-1	0	0.7687	-1.0000
55	1069	1	1743.6543	13	12	0	1	1	0.7689	0.6737
55	1070	1	1745.2040	12	10	90	0	1	0.7682	0.4201
55	1071	1	1746.7540	11	15	0	1	1	0.7684	0.7252
55	1072	1	1748.3040	10	9	0	1	1	0.7687	0.7117
55	1073	1	1749.8541	13	12	0	1	1	0.7689	0.6812
55	1074	1	1751.4040	11	15	0	1	1	0.7691	0.6516
55	1075	1	1752.9541	9	6	0	1	1	0.7693	0.7015
55	1076	1	1754.5042	12	10	0	1	1	0.7695	0.5434
55	1077	1	1756.0542	10	9	0	1	1	0.7697	0.6260
55	1078	1	1757.6041	11	15	0	1	1	0.7699	0.6120
55	1079	1	1759.1541	9	6	0	1	1	0.7702	0.5180
55	1080	1	1760.7042	11	15	0	1	1	0.7704	0.4551
55	1081	1	1762.2542	13	12	0	1	1	0.7706	0.4900
55	1082	1	1763.8042	11	15	90	0	1	0.7699	0.5075
55	1083	1	1765.3542	10	9	0	1	1	0.7701	0.7339
55	1084	1	1766.9041	13	12	0	1	1	0.7703	0.6241
55	1085	1	1768.4541	10	9	0	1	1	0.7705	0.7215
55	1086	1	1770.0041	11	15	0	1	1	0.7707	0.6752
55	1087	1	1771.5542	13	12	0	1	1	0.7709	0.9025
55	1088	1	1773.1042	10	9	0	1	1	0.7711	0.9035
55	1089	1	1774.6543	13	12	90	0	1	0.7704	0.7296
55	1090	1	1776.2041	10	9	0	1	1	0.7706	1.0831
55	1091	1	1777.7541	11	15	0	1	1	0.7709	1.0852
55	1092	1	1779.3042	12	10	0	1	1	0.7711	1.1198
55	1093	1	1780.8542	9	6	0	1	1	0.7713	0.9782
55	1094	1	1782.4043	10	9	0	1	1	0.7715	0.9320
55	1095	1	1783.9544	13	12	0	1	1	0.7717	0.6778
55	1096	1	1785.5043	10	9	0	1	1	0.7719	0.3120
55	1097	1	1787.0542	13	12	0	1	1	0.7721	0.3931
55	1098	1	1788.6042	11	15	0	1	1	0.7723	0.7640
55	1099	1	1790.1542	13	12	90	0	1	0.7716	0.9091
55	1100	1	1791.7042	12	10	0	0	1	0.7709	0.9919
55	1101	1	1793.2543	9	6	0	1	1	0.7711	0.6415
55	1102	1	1794.8042	10	9	0	1	1	0.7713	0.6755
55	1103	1	1796.3543	11	15	0	1	1	0.7715	0.9498
55	1104	1	1797.9042	12	10	0	1	1	0.7717	0.8559
55	1105	1	1799.4542	9	6	0	1	1	0.7719	0.6495
55	1106	1	1801.0043	10	9	0	1	1	0.7722	0.5234
55	1107	1	1802.5542	12	10	0	1	1	0.7724	0.4775
55	1108	1	1804.1043	10	9	0	1	1	0.7726	0.4314
55	1109	1	1805.6543	12	10	0	1	1	0.7728	0.9140
55	1110	1	1807.2043	10	9	0	1	1	0.7730	0.8680
55	1111	1	1808.7543	12	10	0	1	1	0.7732	0.8053
55	1112	1	1810.3043	11	15	0	0	1	0.7725	1.2391
55	1113	1	1811.8543	12	10	0	1	1	0.7727	0.7611
55	1114	1	1813.4043	10	9	0	1	1	0.7729	0.8920
55	1115	1	1814.9543	9	6	0	1	1	0.7731	0.6699
55	1116	1	1816.5042	12	10	0	1	1	0.7733	0.7195
55	1117	1	1818.0543	13	12	0	1	1	0.7735	0.7059
55	1118	1	1819.6043	11	15	0	1	1	0.7737	0.5960
55	1119	1	1821.1543	9	6	0	1	1	0.7739	0.5819
55	1120	1	1822.7043	10	9	0	1	1	0.7741	0.5510
55	1121	1	1824.2542	13	12	90	0	1	0.7734	1.2096
55	1122	1	1825.8043	11	15	0	1	1	0.7736	0.6831
55	1123	1	1827.3544	12	10	0	1	1	0.7738	0.7979
55	1124	1	1828.9044	13	12	90	0	1	0.7731	0.5590
55	1125	1	1830.4542	11	15	0	1	1	0.7733	0.8652
55	1126	1	1832.0044	9	6	90	0	1	0.7726	1.2517
55	1127	1	1833.5543	11	15	0	1	1	0.7728	1.1578
55	1128	1	1835.1044	12	10	0	1	1	0.7730	0.9519
55	1129	1	1836.6543	13	12	0	1	1	0.7733	1.4011
55	1130	1	1838.2043	12	10	90	0	1	0.7726	1.0191
55	1131	1	1839.7545	10	9	0	1	1	0.7728	1.1009
55	1132	1	1841.3043	9	6	0	1	1	0.7730	0.8320
55	1133	1	1842.8544	12	10	0	1	1	0.7732	0.7700
55	1134	1	1844.4043	9	6	0	1	1	0.7734	0.5471
55	1135	1	1845.9543	10	9	90	0	1	0.7727	0.7899
55	1136	1	1847.5044	11	15	0	1	1	0.7729	1.4958
55	1137	1	1849.1044	12	10	0	1	1	0.7731	0.8870
55	1138	1	1850.6544	11	15	0	1	1	0.7733	0.6173
55	1139	1	1852.2044	10	9	0	1	1	0.7735	1.2594
55	1140	1	1853.7543	13	12	0	1	1	0.7737	0.7655
55	1141	1	1855.3043	12	10	0	1	1	0.7739	0.8479
55	1142	1	1856.8544	11	15	0	-1	0	0.7732	-1.0000
55	1143	1	1858.5877	13	12	0	1	1	0.7734	0.9406
55	1144	1	1860.1377	12	10	0	1	1	0.7736	0.8141
55	1145	1	1861.6877	10	9	0	1	1	0.7738	0.6877
55	1146	1	1863.2379	11	15	0	1	1	0.7740	0.5623
55	1147	1	1864.7878	13	12	0	-1	0	0.7733	-1.0000
55	1148	1	1866.5213	11	15	0	-1	0	0.7726	-1.0000
55	1149	1	1868.2546	10	9	0	-1	0	0.7720	-1.0000
55	1150	1	1869.9713	12	10	0	1	1	0.7722	0.8685
55	1151	1	1871.5210	9	6	90	-1	0	0.7715	-1.0000
55	1152	1	1873.2546	12	10	0	1	1	0.7717	0.3368
55	1153	1	1874.8045	13	12	0	1	1	0.7719	0.4998
55	1154	1	1876.3546	12	10	0	1	1	0.7721	0.5808
55	1155	1	1877.9045	13	12	0	1	1	0.7723	0.3753
55	1156	1	1879.4545	12	10	0	1	1	0.7725	0.6177
55	1157	1	1881.0045	13	12	90	0	1	0.7718	0.5874
55	1158	1	1882.5544	12	10	0	1	1	0.7720	0.9094
55	1159	1	1884.1045	10	9	0	1	1	0.7722	0.9269
55	1160	1	1885.6546	13	12	0	1	1	0.7724	0.7208
55	1161	1	1887.2045	12	10	0	1	1	0.7726	0.6918
55	1162	1	1888.7546	10	9	0	-1	0	0.7719	-1.0000
55	1163	1	1890.4880	9	6	90	0	1	0.7713	0.6564
55	1164	1	1892.0379	10	9	0	1	1	0.7715	0.4984
55	1165	1	1893.5878	13	12	0	1	1	0.7717	0.5324
55	1166	1	1895.1379	12	10	0	1	1	0.7719	0.5176
55	1167	1	1896.6878	13	12	90	0	1	0.7712	0.5037
55	1168	1	1898.2378	14	13	0	1	1	0.7714	0.6984
55	1169	1	1899.7880	13	12	90	0	1	0.7707	0.7804
55	1170	1	1901.3379	10	9	0	1	1	0.7709	0.7655
55	1171	1	1902.8878	11	15	90	0	1	0.7703	0.7837
55	1172	1	1904.4379	13	12	90	0	1	0.7696	0.6576
55	1173	1	1905.9879	11	15	90	0	1	0.7690	1.0923
55	1174	1	1907.5380	9	6	0	1	1	0.7692	1.0615
55	1175	1	1909.0879	10	9	90	0	1	0.7685	0.6324
55	1176	1	1910.6379	12	10	0	1	1	0.7687	0.8416
55	1177	1	1912.1878	13	12	0	0	1	0.7681	0.9245
55	1178	1	1913.7379	14	13	0	0	1	0.7674	1.1504
55	1179	1	1915.2880	1	8	0	1	1	0.7676	1.3919
55	1180	1	1916.8378	15	3	0	-1	0	0.7669	-1.0000
55	1181	1	1918.5547	14	13	0	1	1	0.7671	1.0056
55	1182	1	1920.1045	15	3	0	1	1	0.7673	0.8958
55	1183	1	1921.6546	2	2	0	1	1	0.7675	0.8329
55	1184	1	1923.2045	14	13	0	1	1	0.7677	0.4518
55	1185	1	1924.7547	1	8	0	1	1	0.7679	0.6454
55	1186	1	1926.3046	2	2	0	1	1	0.7681	0.5037
55	1187	1	1927.8545	15	3	90	0	1	0.7675	0.4894
55	1188	1	1929.4045	2	2	0	1	1	0.7677	0.4754
55	1189	1	1930.9546	1	8	0	1	1	0.7679	0.7971
55	1190	1	1932.5046	3	11	0	1	1	0.7681	0.6869
55	1191	1	1934.0546	4	7	0	1	1	0.7683	0.6417
55	1192	1	1935.6046	7	5	0	1	1	0.7685	0.3869
55	1193	1	1937.1546	6	1	0	1	1	0.7687	0.8378
55	1194	1	1938.7046	7	5	0	1	1	0.7688	0.6469
55	1195	1	1940.2546	5	14	90	0	1	0.7682	1.0812
55	1196	1	1941.8046	4	7	0	1	1	0.7684	0.8593
55	1197	1	1943.3547	3	11	0	1	1	0.7686	0.5411
55	1198	1	1944.9046	1	8	0	1	1	0.7688	0.9758
55	1199	1	1946.4547	3	11	0	1	1	0.7690	0.7058
55	1200	1	1948.0046	15	3	0	1	1	0.7692	0.9628
55	1201	1	1949.5547	14	13	0	1	1	0.7694	0.7098
55	1202	1	1951.1047	13	12	0	1	1	0.7696	0.4877
55	1203	1	1952.6546	11	15	0	1	1	0.7697	0.4578
55	1204	1	1954.2046	12	10	90	0	1	0.7691	0.3957
55	1205	1	1955.7547	9	6	0	1	1	0.7693	0.5728
55	1206	1	1957.3047	8	4	0	1	1	0.7695	0.3988
55	1207	1	1958.8547	7	5	0	1	1	0.7697	0.5608
55	1208	1	1960.4047	5	14	0	1	1	0.7699	0.4828
55	1209	1	1961.9547	6	1	0	1	1	0.7701	0.5817
55	1210	1	1963.5046	8	4	0	1	1	0.7702	0.5999
55	1211	1	1965.0545	5	14	0	1	1	0.7704	0.7458
55	1212	1	1966.6046	7	5	0	1	1	0.7706	0.8589
55	1213	1	1968.1547	4	7	0	1	1	0.7708	1.1648
55	1214	1	1969.7047	6	1	0	-1	0	0.7702	-1.0000
55	1215	1	1971.4549	4	7	0	1	1	0.7704	0.3932
55	1216	1	1973.0047	6	1	0	1	1	0.7706	0.5548
55	1217	1	1974.5547	5	14	90	0	1	0.7699	0.7497
55	1218	1	1976.1047	6	1	0	-1	0	0.7693	-1.0000
55	1219	1	1977.8382	5	14	0	1	1	0.7695	0.7137
55	1220	1	1979.3880	8	4	0	1	1	0.7697	0.4595
55	1221	1	1980.9380	9	6	0	1	1	0.7699	0.6064
55	1222	1	1982.4880	12	10	0	1	1	0.7700	0.8159
55	1223	1	1984.0381	11	15	0	1	1	0.7702	1.0099
55	1224	1	1985.5880	12	10	0	1	1	0.7704	0.8044
55	1225	1	1987.1381	9	6	90	0	1	0.7698	0.8063
55	1226	1	1988.6881	11	15	0	1	1	0.7700	0.7114
55	1227	1	1990.2380	13	12	0	1	1	0.7702	0.9538
55	1228	1	1991.7881	11	15	0	0	1	0.7695	1.3878
55	1229	1	1993.4049	10	9	90	0	1	0.7689	0.6986
55	1230	1	1994.9548	13	12	0	-1	0	0.7683	-1.0000
55	1231	1	1996.6882	11	15	0	1	1	0.7685	0.5517
55	1232	1	1998.2381	13	12	0	1	1	0.7687	0.3784
55	1233	1	1999.7881	11	15	0	1	1	0.7689	0.5075
55	1234	1	2001.3381	10	9	0	1	1	0.7690	0.7344
55	1235	1	2002.8881	11	15	0	1	1	0.7692	0.5923
55	1236	1	2004.4382	9	6	0	1	1	0.7694	0.5617
55	1237	1	2005.9880	11	15	0	1	1	0.7696	0.7403
55	1238	1	2007.5381	10	9	0	1	1	0.7698	0.7579
55	1239	1	2009.0880	13	12	0	1	1	0.7700	0.7437
55	1240	1	2010.6381	11	15	0	1	1	0.7702	0.6495
55	1241	1	2012.1881	13	12	0	1	1	0.7703	0.6515
55	1242	1	2013.7381	10	9	0	1	1	0.7705	0.5894
55	1243	1	2015.2881	13	12	0	1	1	0.7707	0.5764
55	1244	1	2016.8380	10	9	0	1	1	0.7709	0.4816
55	1245	1	2018.3881	11	15	0	1	1	0.7711	0.5318
55	1246	1	2019.9382	9	6	0	1	1	0.7713	0.4703
55	1247	1	2021.4882	11	15	90	0	1	0.7706	0.4403
55	1248	1	2023.0382	10	9	0	1	1	0.7708	0.6502
55	1249	1	2024.5882	12	10	0	1	1	0.7710	0.5234
55	1250	1	2026.1382	11	15	0	1	1	0.7712	0.5735
55	1251	1	2027.6882	12	10	0	1	1	0.7714	0.6719
55	1252	1	2029.2382	9	6	0	1	1	0.7716	0.6262
55	1253	1	2030.7881	10	9	0	1	1	0.7717	1.1075
55	1254	1	2032.3381	11	15	0	1	1	0.7719	0.8384
55	1255	1	2033.8882	12	10	90	0	1	0.7713	0.5361
55	1256	1	2035.4381	9	6	0	1	1	0.7715	0.7300
55	1257	1	2036.9882	10	9	90	0	1	0.7709	0.6034
55	1258	1	2038.5382	12	10	0	-1	0	0.7703	-1.0000
55	1259	1	2040.2717	10	9	0	1	1	0.7705	0.7439
55	1260	1	2041.8215	13	12	0	1	1	0.7706	0.8262
55	1261	1	2043.3715	12	10	0	1	1	0.7708	1.0681
55	1262	1	2044.9215	10	9	0	1	1	0.7710	0.7509
55	1263	1	2046.4715	11	15	0	1	1	0.7712	1.2966
55	1264	1	2048.0215	9	6	0	1	1	0.7714	0.8029
55	1265	1	2049.5716	11	15	0	1	1	0.7715	0.5810
55	1266	1	2051.1216	12	10	0	1	1	0.7717	0.6480
55	1267	1	2052.6715	13	12	0	1	1	0.7719	0.5045
55	1268	1	2054.2216	12	10	0	1	1	0.7721	1.2263
55	1269	1	2055.7716	13	12	0	1	1	0.7723	0.7491
55	1270	1	2057.3216	11	15	0	1	1	0.7724	0.7349
55	1271	1	2058.8716	10	9	0	1	1	0.7726	0.6249
55	1272	1	2060.4217	9	6	0	1	1	0.7728	0.4990
55	1273	1	2061.9716	12	10	0	1	1	0.7730	1.3969
55	1274	1	2063.5216	10	9	0	-1	0	0.7724	-1.0000
55	1275	1	2065.2551	9	6	0	1	1	0.7725	0.4174
55	1276	1	2066.8049	8	4	90	0	1	0.7719	0.6427
55	1277	1	2068.3549	9	6	0	-1	0	0.7713	-1.0000
55	1278	1	2070.0884	11	15	0	1	1	0.7715	0.6721
55	1279	1	2071.6383	12	10	0	1	1	0.7717	0.3693
55	1280	1	2073.1883	10	9	0	1	1	0.7719	0.5793
55	1281	1	2074.7383	13	12	0	1	1	0.7721	0.5978
55	1282	1	2076.2883	11	15	0	1	1	0.7722	0.6803
55	1283	1	2077.8381	13	12	90	0	1	0.7716	0.9535
55	1284	1	2079.3883	12	10	0	1	1	0.7718	0.9557
55	1285	1	2080.9383	11	15	0	0	1	0.7712	1.1177
55	1286	1	2082.4883	9	6	0	1	1	0.7714	0.6234
55	1287	1	2084.0383	12	10	0	1	1	0.7716	0.7697
55	1288	1	2085.5884	9	6	0	1	1	0.7717	0.5957
55	1289	1	2087.1383	12	10	0	1	1	0.7719	0.7900
55	1290	1	2088.6882	9	6	0	1	1	0.7721	1.2398
55	1291	1	2090.2384	10	9	0	1	1	0.7723	0.5701
55	1292	1	2091.7884	11	15	0	1	1	0.7724	0.3482
55	1293	1	2093.3383	12	10	0	1	1	0.7726	0.3823
55	1294	1	2094.8883	9	6	90	0	1	0.7720	0.4639
55	1295	1	2096.4384	12	10	0	1	1	0.7722	0.5937
55	1296	1	2097.9884	11	15	0	1	1	0.7724	0.6762
55	1297	1	2099.5383	10	9	0	1	1	0.7726	0.6298
55	1298	1	2101.0884	9	6	0	1	1	0.7727	0.5673
55	1299	1	2102.6384	10	9	0	1	1	0.7729	0.5377
55	1300	1	2104.1884	9	6	0	1	1	0.7731	0.7003
55	1301	1	2105.7384	10	9	0	1	1	0.7733	0.5741
55	1302	1	2107.2884	12	10	90	0	1	0.7727	0.8793
55	1303	1	2108.8383	9	6	0	1	1	0.7728	1.0743
55	1304	1	2110.3885	8	4	90	1	1	0.7730	1.3161
55	1305	1	2111.9383	7	5	0	1	1	0.7732	0.5974
55	1306	1	2113.4885	5	14	0	1	1	0.7734	0.6472
55	1307	1	2115.0383	8	4	90	1	1	0.7735	1.1623
55	1308	1	2116.5883	6	1	0	1	1	0.7737	0.6834
55	1309	1	2118.1384	5	14	0	1	1	0.7739	0.6534
55	1310	1	2119.6884	7	5	0	1	1	0.7740	0.6237
55	1311	1	2121.2384	6	1	0	1	1	0.7742	0.5936
55	1312	1	2122.7883	8	4	0	1	1	0.7744	0.9320
55	1313	1	2124.3385	6	1	0	1	1	0.7746	0.5980
55	1314	1	2125.8884	8	4	0	1	1	0.7747	0.7596
55	1315	1	2127.4385	7	5	90	0	1	0.7741	0.5381
55	1316	1	2128.9884	8	4	0	1	1	0.7743	0.9243
55	1317	1	2130.5383	5	14	0	1	1	0.7745	0.4774
55	1318	1	2132.0883	8	4	0	1	1	0.7747	0.7042
55	1319	1	2133.6384	9	6	0	1	1	0.7748	0.5781
55	1320	1	2135.1884	12	10	0	1	1	0.7750	0.4843
55	1321	1	2136.7384	11	15	0	1	1	0.7752	0.6141
55	1322	1	2138.2884	10	9	0	1	1	0.7753	0.4394
55	1323	1	2139.8384	11	15	90	0	1	0.7748	0.4574
55	1324	1	2141.3885	9	6	0	1	1	0.7749	0.5241
55	1325	1	2142.9385	11	15	0	1	1	0.7751	0.6061
55	1326	1	2144.4885	13	12	0	1	1	0.7753	0.5762
55	1327	1	2146.0385	14	13	0	1	1	0.7754	0.5461
55	1328	1	2147.5885	13	12	0	1	1	0.7756	0.6441
55	1329	1	2149.1386	12	10	0	1	1	0.7758	0.5821
55	1330	1	2150.6885	10	9	0	1	1	0.7759	0.5199
55	1331	1	2152.2385	11	15	0	1	1	0.7761	0.4901
55	1332	1	2153.7884	10	9	0	1	1	0.7763	0.4913
55	1333	1	2155.3385	9	6	0	1	1	0.7764	0.4946
55	1334	1	2156.8885	10	9	0	1	1	0.7766	1.1361
55	1335	1	2158.4386	13	12	0	1	1	0.7768	0.8015
55	1336	1	2159.9884	12	10	0	1	1	0.7769	1.0117
55	1337	1	2161.5386	10	9	90	0	1	0.7764	0.9182
55	1338	1	2163.0886	11	15	0	1	1	0.7765	1.1600
55	1339	1	2164.6384	13	12	0	1	1	0.7767	1.2101
55	1340	1	2166.1886	14	13	0	1	1	0.7769	0.8440
55	1341	1	2167.7386	15	3	0	1	1	0.7770	0.9100
55	1342	1	2169.2885	14	13	90	0	1	0.7765	0.8798
55	1343	1	2170.8385	13	12	0	1	1	0.7766	0.7701
55	1344	1	2172.3885	10	9	0	1	1	0.7768	0.8681
55	1345	1	2173.9387	9	6	0	1	1	0.7770	0.6931
55	1346	1	2175.4886	12	10	90	0	1	0.7764	0.6640
55	1347	1	2177.0385	11	15	0	1	1	0.7765	0.6653
55	1348	1	2178.5886	13	12	90	0	1	0.7760	0.6036
55	1349	1	2180.1386	12	10	0	1	1	0.7761	0.8612
55	1350	1	2181.6884	9	6	0	1	1	0.7763	0.4963
55	1351	1	2183.2385	11	15	0	1	1	0.7765	0.6102
55	1352	1	2184.7885	13	12	0	1	1	0.7766	0.4992
55	1353	1	2186.3385	11	15	90	0	1	0.7761	0.5342
55	1354	1	2187.8886	10	9	0	1	1	0.7762	0.4559
55	1355	1	2189.4386	12	10	0	1	1	0.7764	0.6652
55	1356	1	2190.9885	13	12	0	1	1	0.7765	0.4121
55	1357	1	2192.5386	14	13	0	1	1	0.7767	0.5256
55	1358	1	2194.0885	15	3	0	1	1	0.7769	0.5762
55	1359	1	2195.6386	3	11	0	1	1	0.7770	0.5460
55	1360	1	2197.1886	15	3	90	1	1	0.7772	0.8992
55	1361	1	2198.7386	14	13	0	1	1	0.7774	0.5336
55	1362	1	2200.2886	13	12	90	0	1	0.7768	0.5676
55	1363	1	2201.8388	14	13	0	1	1	0.7770	0.5690
55	1364	1	2203.3885	1	8	90	1	1	0.7771	1.1473
55	1365	1	2204.9386	15	3	90	1	1	0.7773	0.9733
55	1366	1	2206.4886	1	8	0	1	1	0.7775	0.9281
55	1367	1	2208.0385	15	3	0	1	1	0.7776	1.0254
55	1368	1	2209.5886	1	8	0	1	1	0.7778	0.8835
55	1369	1	2211.1386	14	13	0	1	1	0.7779	0.6461
55	1370	1	2212.6886	13	12	0	1	1	0.7781	0.9036
55	1371	1	2214.2386	14	13	0	1	1	0.7783	0.6173
55	1372	1	2215.7887	2	2	0	0	1	0.7777	0.9400
55	1373	1	2217.3386	15	3	0	1	1	0.7779	0.9892
55	1374	1	2218.8887	1	8	90	1	1	0.7780	1.1192
55	1375	1	2220.4386	2	2	90	0	1	0.7775	0.8496
55	1376	1	2221.9886	3	11	0	1	1	0.7776	0.6915
55	1377	1	2223.5386	2	2	0	1	1	0.7778	0.7098
55	1378	1	2225.0886	3	11	90	0	1	0.7772	0.4561
55	1379	1	2226.6387	2	2	0	1	1	0.7774	1.2094
55	1380	1	2228.1886	15	3	0	1	1	0.7775	0.9081
55	1381	1	2229.7388	3	11	0	1	1	0.7777	0.6220
55	1382	1	2231.2887	2	2	0	1	1	0.7779	0.4960
55	1383	1	2232.8387	14	13	0	1	1	0.7780	0.4982
55	1384	1	2234.3887	15	3	0	1	1	0.7782	0.4032
55	1385	1	2235.9386	2	2	0	1	1	0.7783	0.3102
55	1386	1	2237.4887	14	13	0	1	1	0.7785	0.4401
55	1387	1	2239.0387	2	2	0	1	1	0.7787	0.3612
55	1388	1	2240.5887	1	8	0	1	1	0.7788	0.3952
55	1389	1	2242.1388	14	13	90	0	1	0.7783	0.5581
55	1390	1	2243.6888	2	2	0	1	1	0.7784	0.9755
55	1391	1	2245.2387	3	11	0	1	1	0.7786	0.5619
55	1392	1	2246.7887	4	7	90	0	1	0.7780	0.4354
55	1393	1	2248.3387	7	5	0	1	1	0.7782	0.5979
55	1394	1	2249.8887	4	7	0	1	1	0.7783	0.8554
55	1395	1	2251.4387	7	5	0	1	1	0.7785	0.6021
55	1396	1	2252.9887	5	14	0	1	1	0.7787	0.6352
55	1397	1	2254.5387	7	5	0	1	1	0.7788	0.5579
55	1398	1	2256.0887	4	7	0	1	1	0.7790	0.7678
55	1399	1	2257.6387	6	1	0	1	1	0.7791	0.8020
55	1400	1	2259.1887	7	5	0	1	1	0.7793	0.5643
55	1	2	1.0167	10	9	0	-1	1	0.0000	-1.0000
55	2	2	2.5498	9	6	0	-1	1	0.0000	-1.0000
55	3	2	4.0831	11	15	0	-1	1	0.0000	-1.0000
55	4	2	5.6165	12	10	0	-1	0	0.0000	-1.0000
55	5	2	7.1498	10	9	0	-1	0	0.0000	-1.0000
55	6	2	8.6832	12	10	0	-1	0	0.0000	-1.0000
55	7	2	10.2167	10	9	0	-1	0	0.0000	-1.0000
55	8	2	11.7500	13	12	0	-1	1	0.0000	1.1628
55	9	2	13.2832	10	9	0	-1	1	0.0000	0.6687
55	10	2	14.8165	11	15	0	-1	0	0.0000	-1.0000
55	11	2	16.3499	9	6	0	-1	1	0.0000	0.8989
55	12	2	17.8832	10	9	0	-1	0	0.0000	-1.0000
55	13	2	19.4167	13	12	0	-1	0	0.0000	-1.0000
55	14	2	20.9498	12	10	0	-1	0	0.0000	-1.0000
55	15	2	22.4832	11	15	0	-1	0	0.0000	-1.0000
55	16	2	24.0166	10	9	0	-1	0	0.0000	-1.0000
55	17	2	25.5499	9	6	0	-1	0	0.0000	-1.0000
55	18	2	27.0832	8	4	0	-1	0	0.0000	-1.0000
55	19	2	28.6165	7	5	0	-1	0	0.0000	-1.0000
55	20	2	30.1499	6	1	0	-1	1	0.0000	1.0346
55	21	2	31.6833	5	14	0	-1	0	0.0000	-1.0000
55	22	2	33.2168	4	7	0	-1	0	0.0000	-1.0000
55	23	2	34.7501	3	11	0	-1	0	0.0000	-1.0000
55	24	2	36.2833	2	2	0	-1	0	0.0000	-1.0000
55	25	2	37.8166	1	8	0	-1	0	0.0000	-1.0000
55	26	2	39.3499	15	3	0	-1	0	0.0000	-1.0000
55	27	2	40.8833	14	13	0	-1	0	0.0000	-1.0000
55	28	2	42.4165	13	12	0	-1	1	0.0006	0.8322
55	29	2	43.9500	12	10	0	-1	0	0.0006	-1.0000
55	30	2	45.4833	11	15	0	-1	0	0.0006	-1.0000
55	31	2	47.0168	9	6	0	-1	0	0.0006	-1.0000
55	32	2	48.5499	11	15	0	-1	0	0.0006	-1.0000
55	33	2	50.0832	12	10	0	-1	0	0.0006	-1.0000
55	34	2	51.6165	13	12	0	-1	0	0.0006	-1.0000
55	35	2	53.1500	12	10	0	-1	0	0.0006	-1.0000
55	36	2	54.6832	9	6	0	-1	0	0.0006	-1.0000
55	37	2	56.2165	10	9	0	-1	0	0.0006	-1.0000
55	38	2	57.7500	12	10	0	-1	0	0.0006	-1.0000
55	39	2	59.2833	11	15	0	-1	0	0.0006	-1.0000
55	40	2	60.8166	13	12	0	-1	1	0.0006	1.4402
55	41	2	62.3500	11	15	0	-1	1	0.0006	0.0168
55	42	2	63.8833	12	10	0	-1	0	0.0006	-1.0000
55	43	2	65.4167	11	15	0	-1	0	0.0006	-1.0000
55	44	2	66.9500	10	9	0	-1	0	0.0006	-1.0000
55	45	2	68.4834	13	12	0	-1	1	0.0006	0.8126
55	46	2	70.0167	12	10	0	-1	0	0.0006	-1.0000
55	47	2	71.5500	11	15	0	-1	1	0.0006	1.1709
55	48	2	73.0833	10	9	0	-1	0	0.0006	-1.0000
55	49	2	74.6167	9	6	0	-1	0	0.0006	-1.0000
55	50	2	76.1501	8	4	0	-1	0	0.0006	-1.0000
55	51	2	77.6833	7	5	0	-1	0	0.0006	-1.0000
55	52	2	79.2166	6	1	0	-1	0	0.0006	-1.0000
55	53	2	80.7500	5	14	0	-1	0	0.0006	-1.0000
55	54	2	82.2833	4	7	0	-1	1	0.0006	1.1571
55	55	2	83.8166	3	11	0	-1	0	0.0006	-1.0000
55	56	2	85.3502	2	2	0	-1	0	0.0006	-1.0000
55	57	2	86.8834	1	8	0	-1	0	0.0006	-1.0000
55	58	2	88.4167	15	3	0	-1	0	0.0006	-1.0000
55	59	2	89.9501	14	13	0	-1	0	0.0006	-1.0000
55	60	2	91.4834	13	12	0	-1	0	0.0006	-1.0000
55	61	2	93.0167	14	13	0	-1	0	0.0006	-1.0000
55	62	2	94.5501	2	2	0	-1	1	0.0006	0.9381
55	63	2	96.0834	15	3	0	-1	0	0.0006	-1.0000
55	64	2	97.6167	1	8	0	-1	0	0.0006	-1.0000
55	65	2	99.1500	3	11	0	-1	0	0.0006	-1.0000
55	66	2	100.6833	2	2	0	-1	0	0.0006	-1.0000
55	67	2	102.2167	14	13	0	-1	0	0.0006	-1.0000
55	68	2	103.7500	13	12	0	-1	0	0.0006	-1.0000
55	69	2	105.2834	12	10	0	-1	0	0.0006	-1.0000
55	70	2	106.8167	10	9	0	-1	0	0.0006	-1.0000
55	71	2	108.3500	13	12	0	-1	1	0.0006	0.7710
55	72	2	109.8834	14	13	0	-1	0	0.0006	-1.0000
55	73	2	111.4167	13	12	0	-1	0	0.0006	-1.0000
55	74	2	112.9501	12	10	0	-1	0	0.0006	-1.0000
55	75	2	114.4835	9	6	0	-1	0	0.0006	-1.0000
55	76	2	116.0168	8	4	0	-1	0	0.0006	-1.0000
55	77	2	117.5502	7	5	0	-1	0	0.0006	-1.0000
55	78	2	119.0834	6	1	0	-1	1	0.0006	0.9651
55	79	2	120.6167	5	14	0	-1	0	0.0006	-1.0000
55	80	2	122.1502	4	7	0	-1	0	0.0006	-1.0000
55	81	2	123.6836	3	11	0	-1	0	0.0006	-1.0000
55	82	2	125.2168	2	2	0	-1	1	0.0006	0.6720
55	83	2	126.7500	1	8	0	-1	0	0.0006	-1.0000
55	84	2	128.2834	15	3	0	-1	0	0.0006	-1.0000
55	85	2	129.8168	14	13	0	-1	0	0.0006	-1.0000
55	86	2	131.3502	13	12	0	-1	0	0.0006	-1.0000
55	87	2	132.8835	12	10	0	-1	0	0.0006	-1.0000
55	88	2	134.4168	11	15	0	-1	0	0.0006	-1.0000
55	89	2	135.9501	10	9	0	-1	1	0.0006	0.0168
55	90	2	137.4834	9	6	0	-1	0	0.0006	-1.0000
55	91	2	139.0168	8	4	0	-1	1	0.0013	1.0955
55	92	2	140.5501	7	5	0	-1	0	0.0013	-1.0000
55	93	2	142.0835	4	7	0	-1	0	0.0013	-1.0000
55	94	2	143.6168	6	1	0	-1	0	0.0013	-1.0000
55	95	2	145.1502	4	7	0	-1	1	0.0013	0.7704
55	96	2	146.6834	3	11	0	-1	0	0.0013	-1.0000
55	97	2	148.2169	1	8	0	-1	0	0.0013	-1.0000
55	98	2	149.7502	3	11	0	-1	0	0.0013	-1.0000
55	99	2	151.2835	4	7	0	-1	0	0.0013	-1.0000
55	100	2	152.8168	7	5	0	-1	0	0.0013	-1.0000
55	101	2	154.3502	4	7	0	-1	0	0.0013	-1.0000
55	102	2	155.8836	6	1	0	-1	0	0.0013	-1.0000
55	103	2	157.4171	4	7	0	-1	1	0.0013	1.1436
55	104	2	158.9501	6	1	0	-1	0	0.0013	-1.0000
55	105	2	160.4837	4	7	0	-1	0	0.0013	-1.0000
55	106	2	162.0169	5	14	0	-1	0	0.0013	-1.0000
55	107	2	163.5504	6	1	0	-1	0	0.0013	-1.0000
55	108	2	165.0835	7	5	0	-1	0	0.0013	-1.0000
55	109	2	166.6169	8	4	0	-1	0	0.0013	-1.0000
55	110	2	168.1504	9	6	0	-1	0	0.0013	-1.0000
55	111	2	169.6835	10	9	0	-1	0	0.0013	-1.0000
55	112	2	171.2170	11	15	0	-1	1	0.0013	0.9111
55	113	2	172.7504	12	10	0	-1	0	0.0013	-1.0000
55	114	2	174.2835	13	12	0	-1	0	0.0013	-1.0000
55	115	2	175.8168	14	13	0	-1	0	0.0013	-1.0000
55	116	2	177.3504	15	3	0	-1	0	0.0013	-1.0000
55	117	2	178.8836	1	8	0	-1	0	0.0013	-1.0000
55	118	2	180.4170	2	2	0	-1	1	0.0013	0.8634
55	119	2	181.9502	3	11	0	-1	0	0.0013	-1.0000
55	120	2	183.4835	4	7	0	-1	0	0.0013	-1.0000
55	121	2	185.0170	7	5	0	-1	0	0.0013	-1.0000
55	122	2	186.5505	5	14	0	-1	0	0.0013	-1.0000
55	123	2	188.0837	6	1	0	-1	0	0.0013	-1.0000
55	124	2	189.6171	8	4	0	-1	0	0.0013	-1.0000
55	125	2	191.1505	6	1	0	-1	0	0.0013	-1.0000
55	126	2	192.6837	5	14	0	-1	0	0.0013	-1.0000
55	127	2	194.2172	7	5	0	-1	0	0.0013	-1.0000
55	128	2	195.7503	5	14	0	-1	0	0.0013	-1.0000
55	129	2	197.2836	6	1	0	-1	0	0.0013	-1.0000
55	130	2	198.8171	4	7	0	-1	0	0.0013	-1.0000
55	131	2	200.3503	7	5	0	-1	0	0.0013	-1.0000
55	132	2	201.8836	5	14	0	-1	0	0.0013	-1.0000
55	133	2	203.4170	6	1	0	-1	0	0.0013	-1.0000
55	134	2	204.9505	8	4	0	-1	0	0.0013	-1.0000
55	135	2	206.4836	6	1	0	-1	0	0.0013	-1.0000
55	136	2	208.0169	7	5	0	-1	0	0.0013	-1.0000
55	137	2	209.5504	8	4	0	-1	0	0.0013	-1.0000
55	138	2	211.0837	9	6	0	-1	0	0.0013	-1.0000
55	139	2	212.6170	10	9	0	-1	0	0.0013	-1.0000
55	140	2	214.1502	11	15	0	-1	0	0.0013	-1.0000
55	141	2	215.6836	12	10	0	-1	1	0.0013	0.7975
55	142	2	217.2170	13	12	0	-1	0	0.0013	-1.0000
55	143	2	219.0171	14	13	0	-1	0	0.0013	-1.0000
55	144	2	220.5505	15	3	0	-1	0	0.0013	-1.0000
55	145	2	222.0837	1	8	0	-1	0	0.0013	-1.0000
55	146	2	223.6171	2	2	0	-1	1	0.0013	0.8639
55	147	2	225.1504	3	11	0	-1	0	0.0013	-1.0000
55	148	2	226.6837	4	7	0	-1	0	0.0013	-1.0000
55	149	2	228.2170	5	14	0	-1	0	0.0013	-1.0000
55	150	2	229.7504	6	1	0	-1	0	0.0013	-1.0000
55	151	2	231.2836	4	7	0	-1	0	0.0013	-1.0000
55	152	2	232.8170	6	1	0	-1	0	0.0013	-1.0000
55	153	2	234.3504	5	14	0	-1	0	0.0013	-1.0000
55	154	2	235.8837	7	5	0	-1	0	0.0013	-1.0000
55	155	2	237.4170	4	7	0	-1	1	0.0013	1.2395
55	156	2	238.9503	3	11	0	-1	0	0.0013	-1.0000
55	157	2	240.4838	2	2	0	-1	1	0.0013	1.0208
55	158	2	242.0171	3	11	0	-1	0	0.0013	-1.0000
55	159	2	243.5504	1	8	0	-1	0	0.0013	-1.0000
55	160	2	245.0839	3	11	0	-1	0	0.0013	-1.0000
55	161	2	246.6173	4	7	0	-1	0	0.0013	-1.0000
55	162	2	248.1505	7	5	0	-1	0	0.0013	-1.0000
55	163	2	249.6838	5	14	0	-1	0	0.0013	-1.0000
55	164	2	251.2171	7	5	0	-1	0	0.0013	-1.0000
55	165	2	252.7506	4	7	0	-1	0	0.0013	-1.0000
55	166	2	254.2839	5	14	0	-1	0	0.0013	-1.0000
55	167	2	255.8171	6	1	0	-1	0	0.0013	-1.0000
55	168	2	257.3505	7	5	0	-1	0	0.0013	-1.0000
55	169	2	258.8838	8	4	0	-1	0	0.0013	-1.0000
55	170	2	260.4172	9	6	0	-1	0	0.0013	-1.0000
55	171	2	261.9504	10	9	0	-1	0	0.0013	-1.0000
55	172	2	263.4840	11	15	0	-1	0	0.0013	-1.0000
55	173	2	265.0172	12	10	0	-1	1	0.0013	0.9039
55	174	2	266.5505	13	12	0	-1	0	0.0013	-1.0000
55	175	2	268.0838	14	13	0	-1	0	0.0013	-1.0000
55	176	2	269.6172	15	3	0	-1	0	0.0013	-1.0000
55	177	2	271.1505	1	8	0	-1	0	0.0013	-1.0000
55	178	2	272.6840	2	2	0	-1	0	0.0013	-1.0000
55	179	2	274.2172	3	11	0	-1	0	0.0013	-1.0000
55	180	2	275.7505	4	7	0	-1	0	0.0013	-1.0000
55	181	2	277.2838	6	1	0	-1	0	0.0013	-1.0000
55	182	2	278.8171	8	4	0	-1	1	0.0013	1.3914
55	183	2	280.3505	6	1	0	-1	0	0.0013	-1.0000
55	184	2	281.8839	7	5	0	-1	0	0.0013	-1.0000
55	185	2	283.4171	8	4	0	-1	0	0.0013	-1.0000
55	186	2	284.9504	6	1	0	-1	0	0.0013	-1.0000
55	187	2	286.4839	8	4	0	-1	0	0.0013	-1.0000
55	188	2	288.0172	9	6	0	-1	0	0.0013	-1.0000
55	189	2	289.5505	12	10	0	-1	0	0.0013	-1.0000
55	190	2	291.0838	13	12	0	-1	0	0.0013	-1.0000
55	191	2	292.6172	11	15	0	-1	1	0.0013	1.2078
55	192	2	294.1504	13	12	0	-1	0	0.0013	-1.0000
55	193	2	295.6838	11	15	0	-1	0	0.0013	-1.0000
55	194	2	297.2174	10	9	0	-1	0	0.0013	-1.0000
55	195	2	298.7507	11	15	0	-1	0	0.0013	-1.0000
55	196	2	300.2838	12	10	0	-1	0	0.0013	-1.0000
55	197	2	301.8172	13	12	0	-1	0	0.0013	-1.0000
55	198	2	303.3506	14	13	0	-1	0	0.0013	-1.0000
55	199	2	304.8839	15	3	0	-1	0	0.0013	-1.0000
55	200	2	306.4172	1	8	0	-1	0	0.0013	-1.0000
55	201	2	307.9506	2	2	0	-1	1	0.0013	1.3777
55	202	2	309.4840	3	11	0	-1	0	0.0013	-1.0000
55	203	2	311.0173	4	7	0	-1	0	0.0013	-1.0000
55	204	2	312.5508	5	14	0	-1	1	0.0013	1.0983
55	205	2	314.0839	6	1	0	-1	0	0.0013	-1.0000
55	206	2	315.6175	7	5	0	-1	0	0.0013	-1.0000
55	207	2	317.1506	8	4	0	-1	0	0.0013	-1.0000
55	208	2	318.6839	9	6	0	-1	0	0.0013	-1.0000
55	209	2	320.2172	10	9	0	-1	0	0.0013	-1.0000
55	210	2	321.7508	11	15	0	-1	0	0.0013	-1.0000
55	211	2	323.2839	9	6	0	-1	0	0.0013	-1.0000
55	212	2	324.8173	10	9	0	-1	0	0.0013	-1.0000
55	213	2	326.3507	12	10	0	-1	0	0.0013	-1.0000
55	214	2	327.8841	13	12	0	-1	0	0.0013	-1.0000
55	215	2	329.4173	14	13	0	-1	0	0.0013	-1.0000
55	216	2	330.9507	15	3	0	-1	0	0.0013	-1.0000
55	217	2	332.4840	1	8	0	-1	0	0.0013	-1.0000
55	218	2	334.0174	3	11	0	-1	0	0.0013	-1.0000
55	219	2	335.5506	4	7	0	-1	1	0.0019	1.4907
55	220	2	337.0839	5	14	0	-1	1	0.0019	0.0171
55	221	2	338.6175	7	5	0	-1	0	0.0019	-1.0000
55	222	2	340.1507	6	1	0	-1	0	0.0019	-1.0000
55	223	2	341.6840	4	7	0	-1	0	0.0019	-1.0000
55	224	2	343.2173	3	11	0	-1	0	0.0019	-1.0000
55	225	2	344.7507	2	2	0	-1	1	0.0019	1.1697
55	226	2	346.2841	3	11	0	-1	0	0.0019	-1.0000
55	227	2	347.8174	4	7	0	-1	0	0.0019	-1.0000
55	228	2	349.3507	5	14	0	-1	0	0.0019	-1.0000
55	229	2	350.8839	6	1	0	-1	0	0.0019	-1.0000
55	230	2	352.4174	7	5	0	-1	0	0.0019	-1.0000
55	231	2	353.9507	8	4	0	-1	0	0.0019	-1.0000
55	232	2	355.4842	9	6	0	-1	0	0.0019	-1.0000
55	233	2	357.0173	10	9	0	-1	0	0.0019	-1.0000
55	234	2	358.5507	11	15	0	-1	0	0.0019	-1.0000
55	235	2	360.0840	12	10	0	-1	0	0.0019	-1.0000
55	236	2	361.6176	13	12	0	-1	0	0.0019	-1.0000
55	237	2	363.1507	14	13	0	-1	0	0.0019	-1.0000
55	238	2	364.6841	15	3	0	-1	0	0.0019	-1.0000
55	239	2	366.2176	1	8	0	-1	0	0.0019	-1.0000
55	240	2	367.7506	2	2	0	-1	0	0.0019	-1.0000
55	241	2	369.2841	1	8	0	-1	0	0.0019	-1.0000
55	242	2	370.8176	2	2	0	-1	0	0.0019	-1.0000
55	243	2	372.3508	3	11	0	-1	0	0.0019	-1.0000
55	244	2	373.8841	2	2	0	-1	0	0.0019	-1.0000
55	245	2	375.4174	15	3	0	-1	0	0.0019	-1.0000
55	246	2	376.9508	2	2	0	-1	0	0.0019	-1.0000
55	247	2	378.4841	14	13	0	-1	1	0.0019	0.9086
55	248	2	380.0175	1	8	0	-1	0	0.0019	-1.0000
55	249	2	381.5507	15	3	0	-1	0	0.0019	-1.0000
55	250	2	383.0841	2	2	0	-1	0	0.0019	-1.0000
55	251	2	384.6176	15	3	0	-1	0	0.0019	-1.0000
55	252	2	386.1508	1	8	0	-1	0	0.0019	-1.0000
55	253	2	387.6843	15	3	0	-1	0	0.0019	-1.0000
55	254	2	389.2174	2	2	0	-1	0	0.0019	-1.0000
55	255	2	390.7507	15	3	0	-1	0	0.0019	-1.0000
55	256	2	392.2841	14	13	0	-1	0	0.0019	-1.0000
55	257	2	393.8175	13	12	0	-1	0	0.0019	-1.0000
55	258	2	395.3508	12	10	0	-1	0	0.0019	-1.0000
55	259	2	396.8843	11	15	0	-1	0	0.0019	-1.0000
55	260	2	398.4175	10	9	0	-1	0	0.0019	-1.0000
55	261	2	399.9508	9	6	0	-1	0	0.0019	-1.0000
55	262	2	401.4842	8	4	0	-1	1	0.0025	1.1892
55	263	2	403.0174	7	5	0	-1	0	0.0025	-1.0000
55	264	2	404.5509	6	1	0	-1	0	0.0025	-1.0000
55	265	2	406.0842	5	14	0	-1	1	0.0025	0.9089
55	266	2	407.6175	4	7	0	-1	0	0.0025	-1.0000
55	267	2	409.1509	3	11	0	-1	0	0.0025	-1.0000
55	268	2	410.6841	2	2	0	-1	0	0.0025	-1.0000
55	269	2	412.2175	1	8	0	-1	0	0.0025	-1.0000
55	270	2	413.7509	15	3	0	-1	0	0.0025	-1.0000
55	271	2	415.2841	3	11	0	-1	1	0.0025	0.9732
55	272	2	416.8175	15	3	0	-1	0	0.0025	-1.0000
55	273	2	418.3508	14	13	0	-1	0	0.0025	-1.0000
55	274	2	419.8842	13	12	0	-1	0	0.0025	-1.0000
55	275	2	421.4176	12	10	0	-1	0	0.0025	-1.0000
55	276	2	422.9508	11	15	0	-1	1	0.0025	0.1381
55	277	2	424.4843	9	6	0	-1	0	0.0025	-1.0000
55	278	2	426.0176	12	10	0	-1	0	0.0025	-1.0000
55	279	2	427.5508	10	9	0	-1	0	0.0025	-1.0000
55	280	2	429.0842	13	12	0	-1	0	0.0025	-1.0000
55	281	2	430.6176	14	13	0	-1	0	0.0025	-1.0000
55	282	2	432.1508	1	8	0	-1	0	0.0025	-1.0000
55	283	2	433.6842	2	2	0	-1	0	0.0025	-1.0000
55	284	2	435.2176	1	8	0	-1	0	0.0025	-1.0000
55	285	2	436.7511	2	2	0	-1	0	0.0025	-1.0000
55	286	2	438.2844	1	8	0	-1	0	0.0025	-1.0000
55	287	2	439.8176	15	3	0	-1	0	0.0025	-1.0000
55	288	2	441.3509	14	13	0	-1	0	0.0025	-1.0000
55	289	2	442.8842	13	12	0	-1	0	0.0025	-1.0000
55	290	2	444.4176	12	10	0	-1	1	0.0025	0.9912
55	291	2	445.9509	11	15	0	-1	0	0.0025	-1.0000
55	292	2	447.4842	10	9	0	-1	0	0.0025	-1.0000
55	293	2	449.0175	9	6	0	-1	0	0.0025	-1.0000
55	294	2	450.5509	8	4	0	-1	0	0.0025	-1.0000
55	295	2	452.0842	7	5	0	-1	0	0.0025	-1.0000
55	296	2	453.6175	6	1	0	-1	0	0.0025	-1.0000
55	297	2	455.1509	5	14	0	-1	0	0.0025	-1.0000
55	298	2	456.6843	4	7	0	-1	0	0.0025	-1.0000
55	299	2	458.2176	3	11	0	-1	0	0.0025	-1.0000
55	300	2	459.7511	2	2	0	-1	0	0.0025	-1.0000
55	301	2	461.2843	1	8	0	-1	0	0.0025	-1.0000
55	302	2	462.8176	2	2	0	-1	0	0.0025	-1.0000
55	303	2	464.3510	3	11	0	-1	0	0.0025	-1.0000
55	304	2	465.8844	1	8	0	-1	0	0.0025	-1.0000
55	305	2	467.4177	2	2	0	-1	0	0.0025	-1.0000
55	306	2	468.9510	15	3	0	-1	0	0.0025	-1.0000
55	307	2	470.4845	14	13	0	-1	0	0.0025	-1.0000
55	308	2	472.0177	15	3	0	-1	0	0.0025	-1.0000
55	309	2	473.5510	1	8	0	-1	0	0.0025	-1.0000
55	310	2	475.0843	14	13	0	-1	0	0.0025	-1.0000
55	311	2	476.6179	13	12	0	-1	0	0.0025	-1.0000
55	312	2	478.1509	12	10	0	-1	1	0.0025	1.1945
55	313	2	479.6843	9	6	0	-1	0	0.0025	-1.0000
55	314	2	481.2176	10	9	0	-1	0	0.0025	-1.0000
55	315	2	482.7510	12	10	0	-1	1	0.0025	0.8180
55	316	2	484.2843	13	12	0	-1	0	0.0025	-1.0000
55	317	2	485.8176	14	13	0	-1	0	0.0025	-1.0000
55	318	2	487.3511	15	3	0	-1	0	0.0025	-1.0000
55	319	2	488.8844	1	8	0	-1	0	0.0025	-1.0000
55	320	2	490.4177	2	2	0	-1	0	0.0025	-1.0000
55	321	2	491.9510	3	11	0	-1	0	0.0025	-1.0000
55	322	2	493.4843	4	7	0	-1	0	0.0025	-1.0000
55	323	2	495.0177	5	14	0	-1	0	0.0025	-1.0000
55	324	2	496.5510	6	1	0	-1	0	0.0025	-1.0000
55	325	2	498.0843	7	5	0	-1	0	0.0025	-1.0000
55	326	2	499.6176	8	4	0	-1	0	0.0025	-1.0000
55	327	2	501.1510	9	6	0	-1	0	0.0025	-1.0000
55	328	2	502.6843	10	9	0	-1	0	0.0025	-1.0000
55	329	2	504.2177	11	15	0	-1	0	0.0025	-1.0000
55	330	2	505.7510	12	10	0	-1	1	0.0025	0.9704
55	331	2	507.2843	13	12	0	-1	0	0.0025	-1.0000
55	332	2	508.8177	11	15	0	-1	0	0.0025	-1.0000
55	333	2	510.3511	9	6	0	-1	0	0.0025	-1.0000
55	334	2	511.8844	11	15	0	-1	0	0.0025	-1.0000
55	335	2	513.4179	13	12	0	-1	0	0.0025	-1.0000
55	336	2	514.9513	10	9	0	-1	0	0.0025	-1.0000
55	337	2	516.4844	13	12	0	-1	0	0.0025	-1.0000
55	338	2	518.0178	10	9	0	-1	0	0.0025	-1.0000
55	339	2	519.5513	9	6	0	-1	1	0.0025	0.9301
55	340	2	521.0845	11	15	0	-1	0	0.0025	-1.0000
55	341	2	522.6180	12	10	0	-1	1	0.0025	0.7910
55	342	2	524.1511	13	12	0	-1	0	0.0025	-1.0000
55	343	2	525.6844	12	10	0	-1	1	0.0025	0.9246
55	344	2	527.2177	9	6	0	-1	0	0.0025	-1.0000
55	345	2	528.7512	11	15	0	-1	0	0.0025	-1.0000
55	346	2	530.2845	12	10	0	-1	1	0.0025	0.6129
55	347	2	531.8178	13	12	0	-1	0	0.0025	-1.0000
55	348	2	533.3512	14	13	0	-1	0	0.0025	-1.0000
55	349	2	534.8845	15	3	0	-1	0	0.0025	-1.0000
55	350	2	536.4178	1	8	0	-1	0	0.0025	-1.0000
55	351	2	537.9511	2	2	0	-1	0	0.0025	-1.0000
55	352	2	539.4847	3	11	0	-1	0	0.0025	-1.0000
55	353	2	541.0177	4	7	0	-1	0	0.0025	-1.0000
55	354	2	542.5513	5	14	0	-1	0	0.0025	-1.0000
55	355	2	544.0845	6	1	0	-1	0	0.0025	-1.0000
55	356	2	545.6177	7	5	0	-1	0	0.0025	-1.0000
55	357	2	547.1511	8	4	0	-1	0	0.0025	-1.0000
55	358	2	548.6846	9	6	0	-1	0	0.0025	-1.0000
55	359	2	550.2179	10	9	0	-1	0	0.0025	-1.0000
55	360	2	551.7514	11	15	0	-1	0	0.0025	-1.0000
55	361	2	553.2846	13	12	0	-1	0	0.0025	-1.0000
55	362	2	555.0846	10	9	0	-1	1	0.0025	0.3569
55	363	2	556.6178	9	6	0	-1	0	0.0025	-1.0000
55	364	2	558.1512	8	4	0	-1	0	0.0025	-1.0000
55	365	2	559.6845	9	6	0	-1	0	0.0025	-1.0000
55	366	2	561.2178	8	4	0	-1	0	0.0025	-1.0000
55	367	2	562.7511	5	14	0	-1	0	0.0025	-1.0000
55	368	2	564.2846	4	7	0	-1	0	0.0025	-1.0000
55	369	2	565.8178	6	1	0	-1	0	0.0025	-1.0000
55	370	2	567.3513	5	14	0	-1	0	0.0025	-1.0000
55	371	2	568.8846	4	7	0	-1	0	0.0025	-1.0000
55	372	2	570.4178	6	1	0	-1	0	0.0025	-1.0000
55	373	2	571.9513	4	7	0	-1	0	0.0025	-1.0000
55	374	2	573.4845	3	11	0	-1	0	0.0025	-1.0000
55	375	2	575.0181	2	2	0	-1	0	0.0025	-1.0000
55	376	2	576.5512	3	11	0	-1	0	0.0025	-1.0000
55	377	2	578.0846	4	7	0	-1	0	0.0025	-1.0000
55	378	2	579.6179	5	14	0	-1	0	0.0025	-1.0000
55	379	2	581.1512	6	1	0	-1	0	0.0025	-1.0000
55	380	2	582.6845	7	5	0	-1	0	0.0025	-1.0000
55	381	2	584.2179	8	4	0	-1	1	0.0025	0.9350
55	382	2	585.7513	9	6	0	-1	0	0.0025	-1.0000
55	383	2	587.2846	10	9	0	-1	0	0.0025	-1.0000
55	384	2	588.8180	11	15	0	-1	0	0.0025	-1.0000
55	385	2	590.3512	12	10	0	-1	1	0.0025	0.9458
55	386	2	591.8845	13	12	0	-1	0	0.0025	-1.0000
55	387	2	593.4179	14	13	0	-1	0	0.0025	-1.0000
55	388	2	594.9515	15	3	0	-1	0	0.0025	-1.0000
55	389	2	596.4846	1	8	0	-1	0	0.0025	-1.0000
55	390	2	598.0179	2	2	0	-1	1	0.0025	0.9271
55	391	2	599.5513	14	13	0	-1	0	0.0025	-1.0000
55	392	2	601.0846	1	8	0	-1	0	0.0025	-1.0000
55	393	2	602.6181	15	3	0	-1	0	0.0025	-1.0000
55	394	2	604.1515	14	13	0	-1	0	0.0025	-1.0000
55	395	2	605.6846	2	2	0	-1	0	0.0025	-1.0000
55	396	2	607.2182	15	3	0	-1	0	0.0025	-1.0000
55	397	2	608.7513	1	8	0	-1	0	0.0025	-1.0000
55	398	2	610.2847	2	2	0	-1	0	0.0025	-1.0000
55	399	2	611.8180	3	11	0	-1	0	0.0025	-1.0000
55	400	2	613.3513	2	2	0	-1	0	0.0025	-1.0000
55	401	2	614.8848	14	13	0	-1	0	0.0025	-1.0000
55	402	2	616.4180	13	12	0	-1	0	0.0025	-1.0000
55	403	2	617.9513	11	15	0	-1	0	0.0025	-1.0000
55	404	2	619.4847	10	9	0	-1	0	0.0025	-1.0000
55	405	2	621.0179	13	12	0	-1	0	0.0025	-1.0000
55	406	2	622.5515	14	13	0	-1	0	0.0025	-1.0000
55	407	2	624.0847	15	3	0	-1	0	0.0025	-1.0000
55	408	2	625.6182	1	8	0	-1	0	0.0025	-1.0000
55	409	2	627.1513	2	2	0	-1	0	0.0025	-1.0000
55	410	2	628.6847	3	11	0	-1	0	0.0025	-1.0000
55	411	2	630.2181	4	7	0	-1	0	0.0025	-1.0000
55	412	2	631.7515	5	14	0	-1	0	0.0025	-1.0000
55	413	2	633.2847	6	1	0	-1	0	0.0025	-1.0000
55	414	2	634.8181	7	5	0	-1	0	0.0025	-1.0000
55	415	2	636.3514	8	4	0	-1	0	0.0025	-1.0000
55	416	2	637.8847	9	6	0	-1	0	0.0025	-1.0000
55	417	2	639.4180	10	9	0	-1	0	0.0025	-1.0000
55	418	2	640.9514	11	15	0	-1	0	0.0025	-1.0000
55	419	2	642.4847	12	10	0	-1	1	0.0025	0.8290
55	420	2	644.0180	13	12	0	-1	0	0.0025	-1.0000
55	421	2	645.5514	14	13	0	-1	0	0.0025	-1.0000
55	422	2	647.0847	2	2	0	-1	0	0.0025	-1.0000
55	423	2	648.6181	15	3	0	-1	0	0.0025	-1.0000
55	424	2	650.1514	14	13	0	-1	0	0.0025	-1.0000
55	425	2	651.6847	15	3	0	-1	0	0.0025	-1.0000
55	426	2	653.2181	14	13	0	-1	0	0.0025	-1.0000
55	427	2	654.7514	1	8	0	-1	0	0.0025	-1.0000
55	428	2	656.2849	15	3	0	-1	0	0.0025	-1.0000
55	429	2	657.8181	1	8	0	-1	0	0.0025	-1.0000
55	430	2	659.3514	3	11	0	-1	0	0.0025	-1.0000
55	431	2	660.8848	4	7	0	-1	0	0.0025	-1.0000
55	432	2	662.4183	6	1	0	-1	0	0.0025	-1.0000
55	433	2	663.9516	8	4	0	-1	0	0.0025	-1.0000
55	434	2	665.4848	5	14	0	-1	0	0.0025	-1.0000
55	435	2	667.0182	7	5	0	-1	0	0.0025	-1.0000
55	436	2	668.5514	8	4	0	-1	0	0.0025	-1.0000
55	437	2	670.0847	9	6	0	-1	0	0.0025	-1.0000
55	438	2	671.6182	10	9	0	-1	0	0.0025	-1.0000
55	439	2	673.1515	11	15	0	-1	0	0.0025	-1.0000
55	440	2	674.6848	12	10	0	-1	1	0.0025	0.9003
55	441	2	676.2181	13	12	0	-1	0	0.0025	-1.0000
55	442	2	677.7515	14	13	0	-1	0	0.0025	-1.0000
55	443	2	679.2849	15	3	0	-1	0	0.0025	-1.0000
55	444	2	680.8182	1	8	0	-1	1	0.0025	1.1355
55	445	2	682.3514	2	2	0	-1	0	0.0025	-1.0000
55	446	2	683.8849	3	11	0	-1	0	0.0025	-1.0000
55	447	2	685.4182	4	7	0	-1	0	0.0025	-1.0000
55	448	2	686.9515	5	14	0	-1	0	0.0025	-1.0000
55	449	2	688.4850	6	1	0	-1	0	0.0025	-1.0000
55	450	2	690.0182	7	5	0	-1	0	0.0025	-1.0000
55	451	2	691.5517	4	7	0	-1	0	0.0025	-1.0000
55	452	2	693.0848	3	11	0	-1	0	0.0025	-1.0000
55	453	2	694.6182	4	7	0	-1	0	0.0025	-1.0000
55	454	2	696.1515	6	1	0	-1	0	0.0025	-1.0000
55	455	2	697.6849	4	7	0	-1	0	0.0025	-1.0000
55	456	2	699.2182	7	5	0	-1	0	0.0025	-1.0000
55	457	2	700.7515	6	1	0	-1	0	0.0025	-1.0000
55	458	2	702.2848	4	7	0	-1	0	0.0025	-1.0000
55	459	2	703.8184	5	14	0	-1	0	0.0025	-1.0000
55	460	2	705.3517	4	7	0	-1	0	0.0025	-1.0000
55	461	2	706.8849	7	5	0	-1	0	0.0025	-1.0000
55	462	2	708.4183	4	7	0	-1	0	0.0025	-1.0000
55	463	2	709.9516	5	14	0	-1	0	0.0025	-1.0000
55	464	2	711.4849	4	7	0	-1	0	0.0025	-1.0000
55	465	2	713.0182	7	5	0	-1	0	0.0025	-1.0000
55	466	2	714.5515	6	1	0	-1	0	0.0025	-1.0000
55	467	2	716.0848	5	14	0	-1	0	0.0025	-1.0000
55	468	2	717.6182	4	7	0	-1	0	0.0025	-1.0000
55	469	2	719.1518	3	11	0	-1	0	0.0025	-1.0000
55	470	2	720.6848	2	2	0	-1	1	0.0025	1.2043
55	471	2	722.2184	1	8	0	-1	0	0.0025	-1.0000
55	472	2	723.7516	15	3	0	-1	0	0.0025	-1.0000
55	473	2	725.2851	14	13	0	-1	0	0.0025	-1.0000
55	474	2	726.8182	13	12	0	-1	0	0.0025	-1.0000
55	475	2	728.3516	12	10	0	-1	1	0.0025	0.9619
55	476	2	729.8849	11	15	0	-1	0	0.0025	-1.0000
55	477	2	731.4182	10	9	0	-1	0	0.0025	-1.0000
55	478	2	732.9516	9	6	0	-1	0	0.0025	-1.0000
55	479	2	734.4849	8	4	0	-1	0	0.0025	-1.0000
55	480	2	736.0182	7	5	0	-1	0	0.0025	-1.0000
55	481	2	737.5515	8	4	0	-1	0	0.0025	-1.0000
55	482	2	739.0850	7	5	0	-1	0	0.0025	-1.0000
55	483	2	740.6183	5	14	0	-1	0	0.0025	-1.0000
55	484	2	742.1516	6	1	0	-1	0	0.0025	-1.0000
55	485	2	743.6849	8	4	0	-1	0	0.0025	-1.0000
55	486	2	745.2184	6	1	0	-1	0	0.0025	-1.0000
55	487	2	746.7516	8	4	0	-1	0	0.0025	-1.0000
55	488	2	748.2850	5	14	0	-1	0	0.0025	-1.0000
55	489	2	749.8185	8	4	0	-1	0	0.0025	-1.0000
55	490	2	751.3516	5	14	0	-1	0	0.0025	-1.0000
55	491	2	752.8849	4	7	0	-1	0	0.0025	-1.0000
55	492	2	754.4184	6	1	0	-1	0	0.0025	-1.0000
55	493	2	755.9517	7	5	0	-1	0	0.0025	-1.0000
55	494	2	757.4851	5	14	0	-1	0	0.0025	-1.0000
55	495	2	759.0185	6	1	0	-1	0	0.0025	-1.0000
55	496	2	760.5517	5	14	0	-1	0	0.0025	-1.0000
55	497	2	762.0851	4	7	0	-1	0	0.0025	-1.0000
55	498	2	763.6186	3	11	0	-1	0	0.0025	-1.0000
55	499	2	765.1516	2	2	0	-1	0	0.0025	-1.0000
55	500	2	766.6850	1	8	0	-1	0	0.0025	-1.0000
55	501	2	768.2184	15	3	0	-1	0	0.0025	-1.0000
55	502	2	769.7516	14	13	0	-1	0	0.0025	-1.0000
55	503	2	771.2851	13	12	0	-1	0	0.0025	-1.0000
55	504	2	772.8184	12	10	0	-1	0	0.0025	-1.0000
55	505	2	774.3517	11	15	0	-1	1	0.0025	0.1616
55	506	2	775.8851	10	9	0	-1	0	0.0025	-1.0000
55	507	2	777.4183	9	6	0	-1	0	0.0025	-1.0000
55	508	2	778.9518	8	4	0	-1	0	0.0025	-1.0000
55	509	2	780.4850	7	5	0	-1	0	0.0025	-1.0000
55	510	2	782.0185	6	1	0	-1	0	0.0025	-1.0000
55	511	2	783.5519	4	7	0	-1	0	0.0025	-1.0000
55	512	2	785.0851	3	11	0	-1	0	0.0025	-1.0000
55	513	2	786.6184	1	8	0	-1	0	0.0025	-1.0000
55	514	2	788.1517	14	13	0	-1	0	0.0025	-1.0000
55	515	2	789.6850	1	8	0	-1	0	0.0025	-1.0000
55	516	2	791.2185	3	11	0	-1	0	0.0025	-1.0000
55	517	2	792.7518	1	8	0	-1	0	0.0025	-1.0000
55	518	2	794.2851	3	11	0	-1	0	0.0025	-1.0000
55	519	2	795.8185	4	7	0	-1	0	0.0025	-1.0000
55	520	2	797.3520	3	11	0	-1	0	0.0025	-1.0000
55	521	2	798.8852	2	2	0	-1	0	0.0025	-1.0000
55	522	2	800.4185	3	11	0	-1	0	0.0025	-1.0000
55	523	2	801.9517	1	8	0	-1	0	0.0025	-1.0000
55	524	2	803.4851	2	2	0	-1	0	0.0025	-1.0000
55	525	2	805.0186	14	13	0	-1	0	0.0025	-1.0000
55	526	2	806.5517	15	3	0	-1	0	0.0025	-1.0000
55	527	2	808.0851	1	8	0	-1	0	0.0025	-1.0000
55	528	2	809.6186	2	2	0	-1	0	0.0025	-1.0000
55	529	2	811.1518	3	11	0	-1	0	0.0025	-1.0000
55	530	2	812.6851	4	7	0	-1	0	0.0025	-1.0000
55	531	2	814.2185	5	14	0	-1	0	0.0025	-1.0000
55	532	2	815.7519	6	1	0	-1	0	0.0025	-1.0000
55	533	2	817.2854	7	5	0	-1	0	0.0025	-1.0000
55	534	2	818.8185	8	4	0	-1	0	0.0025	-1.0000
55	535	2	820.3518	9	6	0	-1	0	0.0025	-1.0000
55	536	2	821.8852	10	9	0	-1	0	0.0025	-1.0000
55	537	2	823.4184	11	15	0	-1	0	0.0025	-1.0000
55	538	2	824.9520	12	10	0	-1	1	0.0025	1.1776
55	539	2	826.4852	13	12	0	-1	0	0.0025	-1.0000
55	540	2	828.0185	14	13	0	-1	0	0.0025	-1.0000
55	541	2	829.5520	2	2	0	-1	0	0.0025	-1.0000
55	542	2	831.0854	14	13	0	-1	0	0.0025	-1.0000
55	543	2	832.6185	2	2	0	-1	0	0.0025	-1.0000
55	544	2	834.1519	3	11	0	-1	0	0.0025	-1.0000
55	545	2	835.6852	4	7	0	-1	0	0.0025	-1.0000
55	546	2	837.2186	7	5	0	-1	0	0.0025	-1.0000
55	547	2	838.7519	8	4	0	-1	0	0.0025	-1.0000
55	548	2	840.2853	7	5	0	-1	0	0.0025	-1.0000
55	549	2	841.8185	4	7	0	-1	0	0.0025	-1.0000
55	550	2	843.3519	5	14	0	-1	0	0.0025	-1.0000
55	551	2	844.8853	6	1	0	-1	0	0.0025	-1.0000
55	552	2	846.4185	7	5	0	-1	0	0.0025	-1.0000
55	553	2	847.9519	4	7	0	-1	0	0.0025	-1.0000
55	554	2	849.4852	6	1	0	-1	0	0.0025	-1.0000
55	555	2	851.0186	7	5	0	-1	0	0.0025	-1.0000
55	556	2	852.5521	8	4	0	-1	0	0.0025	-1.0000
55	557	2	854.0853	9	6	0	-1	0	0.0025	-1.0000
55	558	2	855.6186	10	9	0	-1	0	0.0025	-1.0000
55	559	2	857.1518	11	15	0	-1	0	0.0025	-1.0000
55	560	2	858.9520	12	10	0	-1	1	0.0025	0.9855
55	561	2	860.4852	13	12	0	-1	0	0.0025	-1.0000
55	562	2	862.0186	14	13	0	-1	0	0.0025	-1.0000
55	563	2	863.5521	15	3	0	-1	0	0.0025	-1.0000
55	564	2	865.0853	1	8	0	-1	0	0.0025	-1.0000
55	565	2	866.6186	2	2	0	-1	1	0.0025	0.9828
55	566	2	868.1519	3	11	0	-1	0	0.0025	-1.0000
55	567	2	869.6853	4	7	0	-1	0	0.0025	-1.0000
55	568	2	871.2185	5	14	0	-1	0	0.0025	-1.0000
55	569	2	872.7522	6	1	0	-1	0	0.0025	-1.0000
55	570	2	874.2853	7	5	0	-1	0	0.0025	-1.0000
55	571	2	875.8187	6	1	0	-1	0	0.0025	-1.0000
55	572	2	877.3520	7	5	0	-1	0	0.0025	-1.0000
55	573	2	878.8853	8	4	0	-1	0	0.0025	-1.0000
55	574	2	880.4187	7	5	0	-1	0	0.0025	-1.0000
55	575	2	881.9520	6	1	0	-1	0	0.0025	-1.0000
55	576	2	883.4855	7	5	0	-1	0	0.0025	-1.0000
55	577	2	885.0186	5	14	0	-1	0	0.0025	-1.0000
55	578	2	886.5522	8	4	0	-1	0	0.0025	-1.0000
55	579	2	888.0854	9	6	0	-1	0	0.0025	-1.0000
55	580	2	889.6189	10	9	0	-1	0	0.0025	-1.0000
55	581	2	891.1520	12	10	0	-1	1	0.0025	1.4900
55	582	2	892.6854	13	12	0	-1	1	0.0025	0.0169
55	583	2	894.2187	12	10	0	-1	1	0.0025	0.7911
55	584	2	895.7521	10	9	0	-1	0	0.0025	-1.0000
55	585	2	897.2854	12	10	0	-1	1	0.0024	0.6200
55	586	2	898.8187	11	15	0	-1	0	0.0024	-1.0000
55	587	2	900.3520	10	9	0	-1	0	0.0024	-1.0000
55	588	2	901.8853	9	6	0	-1	0	0.0024	-1.0000
55	589	2	903.4187	8	4	0	-1	0	0.0024	-1.0000
55	590	2	904.9521	7	5	0	-1	0	0.0024	-1.0000
55	591	2	906.4854	6	1	0	-1	0	0.0024	-1.0000
55	592	2	908.0187	5	14	0	-1	0	0.0024	-1.0000
55	593	2	909.5520	4	7	0	-1	0	0.0024	-1.0000
55	594	2	911.0853	3	11	0	-1	0	0.0024	-1.0000
55	595	2	912.6187	2	2	0	-1	0	0.0024	-1.0000
55	596	2	914.1521	1	8	0	-1	0	0.0024	-1.0000
55	597	2	915.6854	15	3	0	-1	0	0.0024	-1.0000
55	598	2	917.2187	14	13	0	-1	0	0.0024	-1.0000
55	599	2	918.7523	13	12	0	-1	0	0.0024	-1.0000
55	600	2	920.2856	12	10	0	-1	1	0.0024	0.8843
Actual parsing ratio
0.0024
Possible node parses
90.0000
 Node parses selected
0.0444
Possible other parses
510.0000
Other parses selected
3.1961
Chance parsing ratio
0.1500
Shock trials
143
362
560