*********************************************
* Date/Time: 03-Mar-2020 12:50:14
* Seed: 209658.5
* Subject Number: 059
10	6	1	13	5	2	3	12	14	11	7	15	8	4	9	
*********************************************

Shape exposure time (seconds)
246.6193
subject	trial	phase	onset	node	shape	rotate	acc	resp	total	rt
59	1	1	1.0167	12	15	0	-1	0	0.0000	-1.0000
59	2	1	2.7998	11	7	0	-1	0	0.0000	-1.0000
59	3	1	4.5331	9	14	90	1	1	0.3333	0.1030
59	4	1	6.0831	10	11	0	1	1	0.5000	0.7926
59	5	1	7.6331	9	14	90	1	1	0.6000	0.7784
59	6	1	9.1831	8	12	90	0	1	0.5000	0.8924
59	7	1	10.7331	5	5	0	1	1	0.5714	1.1986
59	8	1	12.2831	7	3	0	1	1	0.6250	0.8812
59	9	1	13.8331	6	2	0	0	1	0.5556	1.2344
59	10	1	15.3831	8	12	0	1	1	0.6000	0.9490
59	11	1	16.9331	7	3	0	1	1	0.6364	0.7426
59	12	1	18.4831	8	12	0	1	1	0.6667	0.6004
59	13	1	20.0331	5	5	90	1	1	0.6923	1.0026
59	14	1	21.5831	4	13	0	0	1	0.6429	1.1804
59	15	1	23.1331	7	3	0	1	1	0.6667	0.8788
59	16	1	24.6831	5	5	90	0	1	0.6250	0.8964
59	17	1	26.2331	8	12	0	1	1	0.6471	1.0424
59	18	1	27.7831	7	3	0	-1	0	0.6111	-1.0000
59	19	1	29.5165	8	12	0	1	1	0.6316	1.0233
59	20	1	31.0665	5	5	0	1	1	0.6500	0.7852
59	21	1	32.6165	6	2	0	0	1	0.6190	0.8035
59	22	1	34.1665	7	3	0	1	1	0.6364	0.7574
59	23	1	35.7165	4	13	0	1	1	0.6522	0.9510
59	24	1	37.2665	3	1	90	1	1	0.6667	1.0496
59	25	1	38.8165	15	9	90	1	1	0.6800	1.1794
59	26	1	40.3665	2	6	0	0	1	0.6538	1.0853
59	27	1	41.9165	15	9	0	1	1	0.6667	1.0874
59	28	1	43.4665	14	4	0	-1	0	0.6429	-1.0000
59	29	1	45.2832	13	8	90	1	1	0.6552	1.0966
59	30	1	46.8333	11	7	0	1	1	0.6667	1.0508
59	31	1	48.3832	12	15	90	0	1	0.6452	1.1645
59	32	1	49.9332	13	8	90	1	1	0.6563	1.0387
59	33	1	51.4832	11	7	90	1	1	0.6667	0.9129
59	34	1	53.0332	9	14	90	0	1	0.6471	1.3626
59	35	1	54.6166	12	15	90	0	1	0.6286	1.2355
59	36	1	56.1665	9	14	90	1	1	0.6389	0.8854
59	37	1	57.7166	12	15	0	0	1	0.6216	0.9190
59	38	1	59.2665	9	14	90	0	1	0.6053	1.3853
59	39	1	60.8832	11	7	0	0	1	0.5897	0.6805
59	40	1	62.4332	9	14	90	0	1	0.5750	0.7627
59	41	1	63.9832	8	12	0	1	1	0.5854	1.0366
59	42	1	65.5332	6	2	0	1	1	0.5952	1.1023
59	43	1	67.0833	5	5	0	1	1	0.6047	0.7849
59	44	1	68.6333	8	12	0	1	1	0.6136	0.8023
59	45	1	70.1832	9	14	0	1	1	0.6222	0.8207
59	46	1	71.7333	10	11	0	0	1	0.6087	1.4306
59	47	1	73.4167	13	8	0	1	1	0.6170	0.9632
59	48	1	74.9666	14	4	0	1	1	0.6250	0.7570
59	49	1	76.5166	1	10	0	1	1	0.6327	1.0634
59	50	1	78.0666	3	1	0	1	1	0.6400	1.0650
59	51	1	79.6166	2	6	90	0	1	0.6275	0.9713
59	52	1	81.1666	15	9	0	1	1	0.6346	0.7016
59	53	1	82.7166	2	6	0	1	1	0.6415	0.6873
59	54	1	84.2666	15	9	0	1	1	0.6481	0.6252
59	55	1	85.8167	14	4	0	1	1	0.6545	0.6750
59	56	1	87.3666	1	10	90	1	1	0.6607	1.1255
59	57	1	88.9166	15	9	90	1	1	0.6667	1.0313
59	58	1	90.4667	2	6	0	1	1	0.6724	0.7936
59	59	1	92.0166	15	9	0	1	1	0.6780	0.8114
59	60	1	93.5666	3	1	0	1	1	0.6833	0.6854
59	61	1	95.1166	2	6	0	1	1	0.6885	0.6070
59	62	1	96.6667	14	4	0	1	1	0.6935	0.6574
59	63	1	98.2167	1	10	0	1	1	0.6984	0.6112
59	64	1	99.7667	15	9	0	1	1	0.7031	0.6134
59	65	1	101.3167	14	4	0	1	1	0.7077	0.5829
59	66	1	102.8667	13	8	0	1	1	0.7121	0.8089
59	67	1	104.4167	10	11	0	0	1	0.7015	1.2750
59	68	1	105.9667	12	15	0	0	1	0.6912	1.0373
59	69	1	107.5167	9	14	0	1	1	0.6957	0.6870
59	70	1	109.0667	12	15	90	0	1	0.6857	0.6092
59	71	1	110.6167	9	14	0	1	1	0.6901	0.6757
59	72	1	112.1667	12	15	0	1	1	0.6944	0.9009
59	73	1	113.7167	9	14	0	1	1	0.6986	0.6948
59	74	1	115.2667	10	11	0	1	1	0.7027	0.8258
59	75	1	116.8168	13	8	0	1	1	0.7067	0.8912
59	76	1	118.3667	12	15	0	1	1	0.7105	0.8453
59	77	1	119.9167	9	14	0	1	1	0.7143	0.6389
59	78	1	121.4667	8	12	0	1	1	0.7179	0.9451
59	79	1	123.0167	9	14	0	1	1	0.7215	0.5952
59	80	1	124.5667	8	12	0	1	1	0.7250	0.6292
59	81	1	126.1167	7	3	0	1	1	0.7284	0.5833
59	82	1	127.6667	4	13	90	1	1	0.7317	1.3689
59	83	1	129.2668	6	2	0	1	1	0.7349	0.7292
59	84	1	130.8168	7	3	0	1	1	0.7381	0.6509
59	85	1	132.3667	6	2	90	0	1	0.7294	1.1649
59	86	1	133.9168	8	12	0	1	1	0.7326	0.7349
59	87	1	135.4668	9	14	0	1	1	0.7356	0.5451
59	88	1	137.0168	11	7	0	1	1	0.7386	0.6272
59	89	1	138.5668	13	8	0	1	1	0.7416	0.7411
59	90	1	140.1168	10	11	90	-1	0	0.7333	-1.0000
59	91	1	141.8835	9	14	0	1	1	0.7363	1.3124
59	92	1	143.4501	12	15	0	1	1	0.7391	0.6740
59	93	1	145.0001	11	7	0	1	1	0.7419	0.5636
59	94	1	146.5501	12	15	90	0	1	0.7340	0.6140
59	95	1	148.1001	10	11	0	1	1	0.7368	0.6479
59	96	1	149.6501	11	7	0	1	1	0.7396	0.8899
59	97	1	151.2001	10	11	0	1	1	0.7423	0.6039
59	98	1	152.7501	9	14	0	1	1	0.7449	0.6379
59	99	1	154.3002	8	12	0	1	1	0.7475	0.7358
59	100	1	155.8501	9	14	0	1	1	0.7500	0.9459
59	101	1	157.4001	12	15	90	1	1	0.7525	1.2518
59	102	1	158.9502	9	14	90	0	1	0.7451	0.6455
59	103	1	160.5001	8	12	0	1	1	0.7476	0.5999
59	104	1	162.0502	9	14	0	1	1	0.7500	0.6338
59	105	1	163.6002	8	12	0	1	1	0.7524	0.6835
59	106	1	165.1502	6	2	0	-1	0	0.7453	-1.0000
59	107	1	166.9002	4	13	0	1	1	0.7477	1.2719
59	108	1	168.4502	3	1	0	1	1	0.7500	0.7939
59	109	1	170.0002	2	6	0	1	1	0.7523	0.6195
59	110	1	171.5502	3	1	0	1	1	0.7545	0.6375
59	111	1	173.1002	4	13	0	1	1	0.7568	1.0079
59	112	1	174.6502	6	2	90	0	1	0.7500	1.0579
59	113	1	176.2002	4	13	0	1	1	0.7522	0.8515
59	114	1	177.7502	6	2	0	0	1	0.7456	1.1417
59	115	1	179.3002	5	5	0	1	1	0.7478	0.7755
59	116	1	180.8502	6	2	0	1	1	0.7500	0.8736
59	117	1	182.4002	7	3	90	1	1	0.7521	1.3718
59	118	1	184.0002	8	12	0	1	1	0.7542	0.7001
59	119	1	185.5502	5	5	90	1	1	0.7563	1.0215
59	120	1	187.1002	8	12	0	1	1	0.7583	0.7358
59	121	1	188.6503	9	14	90	1	1	0.7603	1.2655
59	122	1	190.2002	11	7	0	-1	0	0.7541	-1.0000
59	123	1	191.9335	10	11	0	0	1	0.7480	0.0302
59	124	1	193.4836	12	15	0	0	1	0.7419	0.8327
59	125	1	195.0335	11	7	0	1	1	0.7440	0.6263
59	126	1	196.5836	9	14	0	1	1	0.7460	0.6126
59	127	1	198.1336	8	12	0	1	1	0.7480	0.6464
59	128	1	199.6835	5	5	90	1	1	0.7500	0.8401
59	129	1	201.2336	4	13	0	1	1	0.7519	0.6185
59	130	1	202.7835	3	1	0	1	1	0.7538	1.0042
59	131	1	204.3336	1	10	0	1	1	0.7557	0.8626
59	132	1	205.8837	15	9	0	1	1	0.7576	0.9286
59	133	1	207.4336	2	6	90	1	1	0.7594	1.2827
59	134	1	208.9836	3	1	90	0	1	0.7537	0.6442
59	135	1	210.5336	4	13	0	1	1	0.7556	0.6302
59	136	1	212.0836	6	2	0	1	1	0.7574	0.6325
59	137	1	213.6336	5	5	0	1	1	0.7591	0.6187
59	138	1	215.1836	6	2	0	1	1	0.7609	0.5886
59	139	1	216.7336	8	12	0	1	1	0.7626	0.7988
59	140	1	218.2836	6	2	0	1	1	0.7643	0.5924
59	141	1	219.8336	8	12	90	1	1	0.7660	1.1706
59	142	1	221.3836	7	3	0	1	1	0.7676	1.0285
59	143	1	222.9337	6	2	0	1	1	0.7692	1.1263
59	144	1	224.4837	7	3	0	1	1	0.7708	0.9684
59	145	1	226.0337	5	5	0	1	1	0.7724	0.7310
59	146	1	227.5836	6	2	0	1	1	0.7740	0.6841
59	147	1	229.1337	8	12	0	1	1	0.7755	0.6545
59	148	1	230.6837	7	3	0	1	1	0.7770	0.6244
59	149	1	232.2336	4	13	0	1	1	0.7785	0.5622
59	150	1	233.7837	7	3	0	1	1	0.7800	0.6281
59	151	1	235.3336	6	2	90	0	1	0.7748	1.4944
59	152	1	237.0503	8	12	0	1	1	0.7763	0.6735
59	153	1	238.6004	5	5	0	1	1	0.7778	0.4838
59	154	1	240.1504	7	3	0	1	1	0.7792	0.6459
59	155	1	241.7004	5	5	0	1	1	0.7806	0.5039
59	156	1	243.2504	6	2	0	1	1	0.7821	0.3614
59	157	1	244.8004	7	3	0	1	1	0.7834	0.5559
59	158	1	246.3503	4	13	0	1	1	0.7848	0.7335
59	159	1	247.9004	7	3	0	1	1	0.7862	0.5434
59	160	1	249.4504	4	13	0	1	1	0.7875	0.5294
59	161	1	251.0004	7	3	0	1	1	0.7888	0.5801
59	162	1	252.5504	5	5	0	1	1	0.7901	0.5654
59	163	1	254.1004	8	12	0	1	1	0.7914	0.4877
59	164	1	255.6503	6	2	0	1	1	0.7927	0.3140
59	165	1	257.2004	4	13	0	1	1	0.7939	0.4757
59	166	1	258.7504	3	1	0	1	1	0.7952	0.5418
59	167	1	260.3005	2	6	0	1	1	0.7964	0.3036
59	168	1	261.8504	15	9	0	1	1	0.7976	0.6254
59	169	1	263.4004	2	6	0	1	1	0.7988	0.5317
59	170	1	264.9505	1	10	0	1	1	0.8000	0.5173
59	171	1	266.5004	3	1	90	0	1	0.7953	0.6474
59	172	1	268.0504	15	9	90	0	1	0.7907	0.5694
59	173	1	269.6004	1	10	0	1	1	0.7919	0.6677
59	174	1	271.1504	2	6	0	1	1	0.7931	0.7659
59	175	1	272.7004	14	4	0	1	1	0.7943	1.2477
59	176	1	274.2504	15	9	0	1	1	0.7955	0.6896
59	177	1	275.8004	14	4	0	1	1	0.7966	0.6919
59	178	1	277.3504	2	6	0	1	1	0.7978	0.5818
59	179	1	278.9004	1	10	90	0	1	0.7933	0.5837
59	180	1	280.4505	3	1	0	1	1	0.7944	0.6013
59	181	1	282.0004	4	13	0	1	1	0.7956	0.5873
59	182	1	283.5504	3	1	0	1	1	0.7967	0.6694
59	183	1	285.1005	15	9	90	1	1	0.7978	1.0398
59	184	1	286.6504	2	6	0	1	1	0.7989	0.6577
59	185	1	288.2005	3	1	0	1	1	0.8000	0.7554
59	186	1	289.7505	2	6	0	1	1	0.8011	0.5500
59	187	1	291.3005	1	10	0	1	1	0.8021	0.6158
59	188	1	292.8505	14	4	0	1	1	0.8032	0.6819
59	189	1	294.4005	2	6	0	1	1	0.8042	0.5717
59	190	1	295.9505	3	1	0	1	1	0.8053	0.6695
59	191	1	297.5005	15	9	0	1	1	0.8063	0.6236
59	192	1	299.0505	2	6	0	1	1	0.8073	0.6094
59	193	1	300.6005	3	1	0	1	1	0.8083	0.8834
59	194	1	302.1504	15	9	90	1	1	0.8093	0.9178
59	195	1	303.7005	3	1	0	1	1	0.8103	0.6319
59	196	1	305.2507	4	13	90	1	1	0.8112	0.8732
59	197	1	306.8006	5	5	0	1	1	0.8122	0.6516
59	198	1	308.3506	6	2	0	1	1	0.8131	0.8457
59	199	1	309.9005	5	5	0	1	1	0.8141	0.7034
59	200	1	311.4505	4	13	0	1	1	0.8150	0.7218
59	201	1	313.0005	5	5	0	1	1	0.8159	0.6118
59	202	1	314.5505	6	2	0	1	1	0.8168	0.5659
59	203	1	316.1005	4	13	0	1	1	0.8177	0.5837
59	204	1	317.6505	3	1	0	1	1	0.8186	0.6336
59	205	1	319.2005	4	13	0	1	1	0.8195	0.5555
59	206	1	320.7505	7	3	0	1	1	0.8204	0.8455
59	207	1	322.3005	4	13	0	1	1	0.8213	0.6078
59	208	1	323.8505	3	1	0	1	1	0.8221	0.7056
59	209	1	325.4006	15	9	0	1	1	0.8230	0.6433
59	210	1	326.9505	3	1	90	1	1	0.8238	0.9176
59	211	1	328.5006	15	9	0	1	1	0.8246	0.7597
59	212	1	330.0506	1	10	90	1	1	0.8255	1.0016
59	213	1	331.6006	3	1	0	1	1	0.8263	0.6194
59	214	1	333.1506	2	6	0	1	1	0.8271	0.8298
59	215	1	334.7006	1	10	90	1	1	0.8279	1.0075
59	216	1	336.2506	3	1	0	1	1	0.8287	0.5937
59	217	1	337.8006	15	9	0	1	1	0.8295	0.6276
59	218	1	339.3506	2	6	0	1	1	0.8303	0.7256
59	219	1	340.9006	14	4	0	1	1	0.8311	0.7113
59	220	1	342.4506	1	10	90	1	1	0.8318	0.7459
59	221	1	344.0006	2	6	90	0	1	0.8281	0.5718
59	222	1	345.5506	14	4	0	1	1	0.8288	0.6374
59	223	1	347.1006	13	8	0	1	1	0.8296	1.3278
59	224	1	348.6506	11	7	0	-1	0	0.8259	-1.0000
59	225	1	350.3840	9	14	90	0	1	0.8222	0.0168
59	226	1	351.9340	10	11	0	-1	0	0.8186	-1.0000
59	227	1	353.6673	9	14	0	0	1	0.8150	0.0246
59	228	1	355.2173	12	15	90	0	1	0.8114	1.1149
59	229	1	356.7673	9	14	0	1	1	0.8122	0.5566
59	230	1	358.3173	11	7	90	1	1	0.8130	0.7670
59	231	1	359.8674	12	15	0	1	1	0.8139	1.1689
59	232	1	361.4173	10	11	0	0	1	0.8103	0.8989
59	233	1	362.9673	12	15	0	1	1	0.8112	0.9006
59	234	1	364.5173	9	14	0	1	1	0.8120	0.7590
59	235	1	366.0673	11	7	0	1	1	0.8128	0.7929
59	236	1	367.6173	10	11	0	1	1	0.8136	1.0191
59	237	1	369.1673	13	8	0	1	1	0.8143	0.7649
59	238	1	370.7174	11	7	0	1	1	0.8151	0.5909
59	239	1	372.2674	9	14	0	1	1	0.8159	0.5772
59	240	1	373.8173	8	12	0	1	1	0.8167	0.8825
59	241	1	375.3674	6	2	0	1	1	0.8174	0.8686
59	242	1	376.9174	5	5	90	1	1	0.8182	0.8546
59	243	1	378.4673	6	2	0	1	1	0.8189	0.6006
59	244	1	380.0174	4	13	0	1	1	0.8197	0.8749
59	245	1	381.5674	7	3	90	0	1	0.8163	0.7173
59	246	1	383.1174	5	5	0	1	1	0.8171	0.6868
59	247	1	384.6673	8	12	0	1	1	0.8178	0.7690
59	248	1	386.2174	5	5	0	1	1	0.8185	0.5146
59	249	1	387.7675	8	12	0	1	1	0.8193	0.7085
59	250	1	389.3174	6	2	0	1	1	0.8200	0.5186
59	251	1	390.8674	5	5	0	1	1	0.8207	0.5686
59	252	1	392.4174	7	3	0	1	1	0.8214	0.7789
59	253	1	393.9674	8	12	0	1	1	0.8221	1.0686
59	254	1	395.5174	6	2	90	0	1	0.8189	0.6546
59	255	1	397.0674	8	12	0	1	1	0.8196	0.6246
59	256	1	398.6174	7	3	90	1	1	0.8203	1.0746
59	257	1	400.1674	4	13	0	1	1	0.8210	0.6454
59	258	1	401.7174	3	1	90	1	1	0.8217	1.3030
59	259	1	403.2674	4	13	0	1	1	0.8224	0.5686
59	260	1	404.8174	3	1	0	0	1	0.8192	0.9066
59	261	1	406.3674	1	10	90	0	1	0.8161	0.5570
59	262	1	407.9174	14	4	0	1	1	0.8168	0.6385
59	263	1	409.4674	13	8	0	1	1	0.8175	0.8969
59	264	1	411.0174	10	11	0	1	1	0.8182	0.9310
59	265	1	412.5674	13	8	0	1	1	0.8189	0.6449
59	266	1	414.1174	11	7	90	0	1	0.8158	0.8707
59	267	1	415.6674	13	8	0	1	1	0.8165	0.8246
59	268	1	417.2175	10	11	0	1	1	0.8172	0.6829
59	269	1	418.7674	11	7	90	0	1	0.8141	0.7170
59	270	1	420.3175	13	8	90	1	1	0.8148	1.1988
59	271	1	421.8675	10	11	0	1	1	0.8155	0.6725
59	272	1	423.4175	9	14	0	1	1	0.8162	0.6586
59	273	1	424.9674	11	7	0	-1	0	0.8132	-1.0000
59	274	1	426.7508	10	11	0	1	1	0.8139	1.4372
59	275	1	428.4342	9	14	0	1	1	0.8145	0.5858
59	276	1	429.9841	11	7	0	1	1	0.8152	1.3081
59	277	1	431.5341	10	11	90	0	1	0.8123	0.7979
59	278	1	433.0841	12	15	0	1	1	0.8129	0.9605
59	279	1	434.6342	9	14	0	1	1	0.8136	0.6898
59	280	1	436.1842	10	11	0	1	1	0.8143	0.6284
59	281	1	437.7342	13	8	0	1	1	0.8149	0.6301
59	282	1	439.2842	12	15	0	1	1	0.8156	0.8241
59	283	1	440.8341	11	7	0	1	1	0.8163	0.6665
59	284	1	442.3842	13	8	90	1	1	0.8169	1.0684
59	285	1	443.9342	14	4	0	1	1	0.8175	0.9903
59	286	1	445.4842	15	9	0	1	1	0.8182	0.8163
59	287	1	447.0342	1	10	0	1	1	0.8188	0.9141
59	288	1	448.5842	3	1	0	1	1	0.8194	0.8844
59	289	1	450.1342	2	6	0	1	1	0.8201	0.9505
59	290	1	451.6842	14	4	90	1	1	0.8207	1.0482
59	291	1	453.2342	13	8	0	1	1	0.8213	0.7298
59	292	1	454.7841	12	15	0	1	1	0.8219	0.7803
59	293	1	456.3342	9	14	0	1	1	0.8225	0.7340
59	294	1	457.8843	12	15	0	0	1	0.8197	0.9762
59	295	1	459.4342	11	7	0	1	1	0.8203	0.6419
59	296	1	460.9843	10	11	0	1	1	0.8209	0.7078
59	297	1	462.5342	9	14	0	1	1	0.8215	0.6144
59	298	1	464.0842	12	15	0	1	1	0.8221	0.6805
59	299	1	465.6342	10	11	0	1	1	0.8227	0.6664
59	300	1	467.1842	13	8	0	1	1	0.8233	0.6039
59	301	1	468.7342	11	7	90	0	1	0.8206	0.6538
59	302	1	470.2842	9	14	0	1	1	0.8212	0.6078
59	303	1	471.8342	8	12	0	1	1	0.8218	0.8019
59	304	1	473.3842	9	14	0	1	1	0.8224	0.5638
59	305	1	474.9343	11	7	0	1	1	0.8230	0.5178
59	306	1	476.4843	12	15	0	1	1	0.8235	0.3599
59	307	1	478.0343	13	8	0	1	1	0.8241	0.5223
59	308	1	479.5842	10	11	0	1	1	0.8247	0.4920
59	309	1	481.1343	13	8	90	0	1	0.8220	0.3499
59	310	1	482.6842	12	15	0	1	1	0.8226	0.6722
59	311	1	484.2343	9	14	0	1	1	0.8232	0.4499
59	312	1	485.7843	12	15	90	0	1	0.8205	0.6118
59	313	1	487.3343	13	8	0	1	1	0.8211	0.5178
59	314	1	488.8843	14	4	90	1	1	0.8217	0.8878
59	315	1	490.4343	2	6	0	1	1	0.8222	0.6982
59	316	1	491.9843	1	10	0	1	1	0.8228	0.8280
59	317	1	493.5343	2	6	0	1	1	0.8233	0.6218
59	318	1	495.0843	14	4	0	1	1	0.8239	0.6081
59	319	1	496.6343	15	9	0	1	1	0.8245	0.5943
59	320	1	498.1843	2	6	0	1	1	0.8250	0.5965
59	321	1	499.7344	1	10	0	1	1	0.8255	0.7257
59	322	1	501.2843	15	9	0	1	1	0.8261	0.5518
59	323	1	502.8343	2	6	90	1	1	0.8266	0.8417
59	324	1	504.3843	14	4	0	1	1	0.8272	0.5881
59	325	1	505.9343	2	6	0	1	1	0.8277	0.5261
59	326	1	507.4843	1	10	0	1	1	0.8282	0.6720
59	327	1	509.0343	3	1	0	1	1	0.8287	1.0581
59	328	1	510.5843	15	9	90	1	1	0.8293	0.7883
59	329	1	512.1344	14	4	0	1	1	0.8298	0.6302
59	330	1	513.6843	15	9	0	1	1	0.8303	0.5841
59	331	1	515.2343	1	10	0	1	1	0.8308	0.6342
59	332	1	516.7843	14	4	0	1	1	0.8313	0.6038
59	333	1	518.3344	13	8	0	1	1	0.8318	0.7661
59	334	1	519.8844	12	15	0	1	1	0.8323	0.9597
59	335	1	521.4344	10	11	0	1	1	0.8328	0.6902
59	336	1	522.9845	12	15	90	1	1	0.8333	1.0439
59	337	1	524.5344	13	8	0	1	1	0.8338	0.6620
59	338	1	526.0843	12	15	0	1	1	0.8343	0.8403
59	339	1	527.6343	11	7	0	1	1	0.8348	1.2099
59	340	1	529.1844	12	15	0	1	1	0.8353	0.6684
59	341	1	530.7344	11	7	90	-1	0	0.8328	-1.0000
59	342	1	532.5178	12	15	0	1	1	0.8333	0.8388
59	343	1	534.0677	9	14	0	1	1	0.8338	0.7608
59	344	1	535.6177	8	12	0	1	1	0.8343	0.8107
59	345	1	537.1677	9	14	0	1	1	0.8348	0.6208
59	346	1	538.7178	12	15	0	1	1	0.8353	0.7824
59	347	1	540.2677	9	14	0	1	1	0.8357	0.5441
59	348	1	541.8177	11	7	0	1	1	0.8362	0.5304
59	349	1	543.3677	10	11	90	0	1	0.8338	0.5807
59	350	1	544.9177	9	14	90	0	1	0.8314	0.6469
59	351	1	546.4677	12	15	90	-1	0	0.8291	-1.0000
59	352	1	548.3012	9	14	0	1	1	0.8295	0.6554
59	353	1	549.8512	11	7	90	0	1	0.8272	0.9770
59	354	1	551.4011	13	8	90	1	1	0.8277	1.0433
59	355	1	552.9511	11	7	0	0	1	0.8254	0.8217
59	356	1	554.5011	13	8	0	1	1	0.8258	0.8234
59	357	1	556.0511	11	7	0	1	1	0.8263	0.7134
59	358	1	557.6011	13	8	0	1	1	0.8268	0.7473
59	359	1	559.1511	14	4	0	1	1	0.8273	0.8133
59	360	1	560.7011	13	8	0	1	1	0.8278	0.7674
59	361	1	562.2512	11	7	0	-1	0	0.8255	-1.0000
59	362	1	564.0512	10	11	90	-1	0	0.8232	-1.0000
59	363	1	565.8345	13	8	0	1	1	0.8237	0.6903
59	364	1	567.3844	14	4	90	1	1	0.8242	1.1243
59	365	1	568.9345	2	6	0	1	1	0.8247	0.7578
59	366	1	570.4845	15	9	0	1	1	0.8251	0.8077
59	367	1	572.0345	14	4	0	1	1	0.8256	0.8743
59	368	1	573.5845	1	10	0	1	1	0.8261	0.6840
59	369	1	575.1345	14	4	0	1	1	0.8266	0.6704
59	370	1	576.6845	15	9	0	1	1	0.8270	0.6882
59	371	1	578.2346	2	6	0	1	1	0.8275	0.6419
59	372	1	579.7846	1	10	0	1	1	0.8280	0.6601
59	373	1	581.3345	3	1	90	1	1	0.8284	1.0460
59	374	1	582.8845	4	13	0	1	1	0.8289	0.7121
59	375	1	584.4345	3	1	0	1	1	0.8293	0.6342
59	376	1	585.9846	15	9	0	1	1	0.8298	0.6197
59	377	1	587.5345	3	1	90	1	1	0.8302	1.0061
59	378	1	589.0845	4	13	0	1	1	0.8307	0.5766
59	379	1	590.6345	3	1	0	-1	0	0.8285	-1.0000
59	380	1	592.4178	1	10	0	1	1	0.8289	0.6988
59	381	1	593.9679	15	9	90	1	1	0.8294	0.7643
59	382	1	595.5179	2	6	0	1	1	0.8298	0.5752
59	383	1	597.0679	3	1	0	-1	0	0.8277	-1.0000
59	384	1	598.8012	2	6	90	1	1	0.8281	0.0169
59	385	1	600.3512	14	4	0	1	1	0.8286	1.1493
59	386	1	601.9013	15	9	0	1	1	0.8290	0.5429
59	387	1	603.4512	3	1	0	1	1	0.8295	0.8010
59	388	1	605.0012	2	6	90	0	1	0.8273	0.7230
59	389	1	606.5513	14	4	0	1	1	0.8278	0.6290
59	390	1	608.1013	2	6	0	1	1	0.8282	0.5831
59	391	1	609.6513	3	1	0	1	1	0.8286	0.7292
59	392	1	611.2013	4	13	0	1	1	0.8291	0.6193
59	393	1	612.7513	5	5	0	1	1	0.8295	1.0373
59	394	1	614.3013	6	2	0	1	1	0.8299	0.7669
59	395	1	615.8512	4	13	90	1	1	0.8304	0.8653
59	396	1	617.4013	5	5	0	1	1	0.8308	0.6432
59	397	1	618.9513	6	2	0	1	1	0.8312	0.7254
59	398	1	620.5013	5	5	0	1	1	0.8317	0.6636
59	399	1	622.0513	7	3	90	-1	0	0.8296	-1.0000
59	400	1	623.8846	6	2	0	1	1	0.8300	0.5760
59	401	1	625.4346	4	13	0	1	1	0.8304	1.0105
59	402	1	626.9846	6	2	0	1	1	0.8308	0.6917
59	403	1	628.5346	7	3	0	1	1	0.8313	0.6620
59	404	1	630.0846	4	13	0	1	1	0.8317	1.3516
59	405	1	631.6513	3	1	0	1	1	0.8321	0.7610
59	406	1	633.2013	2	6	0	1	1	0.8325	0.6835
59	407	1	634.7513	1	10	90	1	1	0.8329	0.8609
59	408	1	636.3013	2	6	0	1	1	0.8333	0.6070
59	409	1	637.8514	1	10	0	1	1	0.8337	0.6409
59	410	1	639.4013	3	1	0	1	1	0.8341	0.6597
59	411	1	640.9513	2	6	0	1	1	0.8345	0.6293
59	412	1	642.5013	15	9	0	1	1	0.8350	0.5030
59	413	1	644.0514	3	1	0	1	1	0.8354	0.6649
59	414	1	645.6014	2	6	0	1	1	0.8357	0.5869
59	415	1	647.1514	14	4	0	1	1	0.8361	0.7336
59	416	1	648.7013	13	8	0	1	1	0.8365	0.7673
59	417	1	650.2514	12	15	0	1	1	0.8369	0.9129
59	418	1	651.8014	11	7	90	0	1	0.8349	0.8832
59	419	1	653.3513	12	15	90	0	1	0.8329	0.7890
59	420	1	654.9014	10	11	0	1	1	0.8333	0.8873
59	421	1	656.4514	9	14	90	-1	0	0.8314	-1.0000
59	422	1	658.2347	11	7	0	1	1	0.8318	1.2816
59	423	1	659.7847	9	14	0	1	1	0.8322	0.8359
59	424	1	661.3347	12	15	90	1	1	0.8325	1.1740
59	425	1	662.8847	9	14	0	1	1	0.8329	0.8556
59	426	1	664.4347	8	12	0	1	1	0.8333	0.7136
59	427	1	665.9847	6	2	90	1	1	0.8337	0.8920
59	428	1	667.5347	8	12	0	1	1	0.8341	0.6701
59	429	1	669.0847	6	2	0	1	1	0.8345	0.5764
59	430	1	670.6347	4	13	0	1	1	0.8349	1.0580
59	431	1	672.1847	3	1	90	1	1	0.8353	0.8517
59	432	1	673.7347	15	9	0	1	1	0.8356	0.6300
59	433	1	675.2848	3	1	0	1	1	0.8360	0.7116
59	434	1	676.8347	4	13	0	1	1	0.8364	0.6176
59	435	1	678.3848	7	3	0	1	1	0.8368	0.7639
59	436	1	679.9348	6	2	0	1	1	0.8372	0.6220
59	437	1	681.4847	7	3	0	1	1	0.8375	0.5439
59	438	1	683.0349	5	5	0	1	1	0.8379	0.6096
59	439	1	684.5847	4	13	0	1	1	0.8383	0.5319
59	440	1	686.1348	3	1	0	1	1	0.8386	0.6940
59	441	1	687.6848	2	6	0	1	1	0.8390	0.6636
59	442	1	689.2348	1	10	0	1	1	0.8394	0.6665
59	443	1	690.7848	3	1	0	1	1	0.8397	0.5396
59	444	1	692.3348	2	6	90	1	1	0.8401	0.7660
59	445	1	693.8848	15	9	0	1	1	0.8404	0.7199
59	446	1	695.4348	2	6	0	1	1	0.8408	0.6101
59	447	1	696.9848	14	4	0	1	1	0.8412	0.7723
59	448	1	698.5348	15	9	0	1	1	0.8415	0.5975
59	449	1	700.0849	3	1	0	1	1	0.8419	0.6157
59	450	1	701.6348	1	10	0	1	1	0.8422	0.6340
59	451	1	703.1848	3	1	0	1	1	0.8426	0.5879
59	452	1	704.7349	2	6	0	1	1	0.8429	0.6378
59	453	1	706.2848	14	4	0	1	1	0.8433	0.6080
59	454	1	707.8348	1	10	0	1	1	0.8436	0.5938
59	455	1	709.3848	14	4	0	1	1	0.8440	0.5480
59	456	1	710.9349	1	10	0	1	1	0.8443	0.4859
59	457	1	712.4848	3	1	0	1	1	0.8446	0.5519
59	458	1	714.0348	4	13	0	1	1	0.8450	0.6016
59	459	1	715.5849	6	2	0	1	1	0.8453	0.5076
59	460	1	717.1348	7	3	0	1	1	0.8457	0.5416
59	461	1	718.6849	8	12	90	0	1	0.8438	0.6234
59	462	1	720.2348	5	5	0	1	1	0.8442	0.6256
59	463	1	721.7848	6	2	0	1	1	0.8445	0.5962
59	464	1	723.3348	7	3	0	1	1	0.8448	0.6935
59	465	1	724.8848	6	2	0	1	1	0.8452	0.5356
59	466	1	726.4349	7	3	0	1	1	0.8455	0.5058
59	467	1	727.9848	8	12	0	1	1	0.8458	0.7639
59	468	1	729.5348	7	3	0	1	1	0.8462	0.5417
59	469	1	731.0848	8	12	0	0	1	0.8443	0.7203
59	470	1	732.6349	7	3	0	1	1	0.8447	0.5139
59	471	1	734.1849	5	5	0	1	1	0.8450	0.5799
59	472	1	735.7349	8	12	0	1	1	0.8453	0.6459
59	473	1	737.2849	9	14	0	1	1	0.8457	0.9999
59	474	1	738.8348	8	12	90	1	1	0.8460	1.2099
59	475	1	740.3849	5	5	0	1	1	0.8463	0.6520
59	476	1	741.9349	4	13	0	1	1	0.8466	0.6218
59	477	1	743.4849	6	2	0	1	1	0.8470	0.6075
59	478	1	745.0349	8	12	90	1	1	0.8473	1.1697
59	479	1	746.5849	6	2	0	1	1	0.8476	0.6599
59	480	1	748.1350	5	5	0	1	1	0.8479	0.5817
59	481	1	749.6849	7	3	0	1	1	0.8482	0.7120
59	482	1	751.2349	6	2	0	1	1	0.8485	0.6017
59	483	1	752.7849	5	5	0	1	1	0.8489	0.6198
59	484	1	754.3349	6	2	0	1	1	0.8492	0.6055
59	485	1	755.8849	8	12	0	1	1	0.8495	1.1199
59	486	1	757.4349	9	14	0	1	1	0.8498	0.7703
59	487	1	758.9850	10	11	0	1	1	0.8501	0.9478
59	488	1	760.5350	9	14	90	1	1	0.8504	1.2059
59	489	1	762.0849	8	12	0	1	1	0.8507	0.9039
59	490	1	763.6349	9	14	0	1	1	0.8510	0.9537
59	491	1	765.1850	11	7	0	1	1	0.8513	1.0995
59	492	1	766.7350	13	8	0	1	1	0.8516	0.7658
59	493	1	768.2850	12	15	0	1	1	0.8519	1.0559
59	494	1	769.8350	13	8	90	1	1	0.8522	0.9777
59	495	1	771.3850	10	11	0	1	1	0.8525	0.9314
59	496	1	772.9350	9	14	0	1	1	0.8528	0.7094
59	497	1	774.4849	8	12	0	1	1	0.8531	0.6798
59	498	1	776.0350	9	14	0	1	1	0.8534	0.6174
59	499	1	777.5850	11	7	0	1	1	0.8537	1.1955
59	500	1	779.1350	12	15	0	1	1	0.8540	0.7818
59	501	1	780.6851	10	11	0	1	1	0.8543	0.6397
59	502	1	782.2350	13	8	0	1	1	0.8546	0.6264
59	503	1	783.7850	10	11	0	1	1	0.8549	0.5478
59	504	1	785.3350	11	7	0	1	1	0.8552	0.6299
59	505	1	786.8850	10	11	0	1	1	0.8554	0.7758
59	506	1	788.4350	11	7	0	1	1	0.8557	0.7294
59	507	1	789.9850	12	15	90	1	1	0.8560	1.0359
59	508	1	791.5350	13	8	90	1	1	0.8563	0.8299
59	509	1	793.0850	12	15	90	0	1	0.8546	1.3755
59	510	1	794.7017	11	7	0	1	1	0.8549	0.7194
59	511	1	796.2517	10	11	0	1	1	0.8552	0.7370
59	512	1	797.8017	9	14	90	1	1	0.8555	0.9790
59	513	1	799.3517	8	12	0	1	1	0.8558	0.8693
59	514	1	800.9017	6	2	0	1	1	0.8560	0.7268
59	515	1	802.4517	4	13	90	1	1	0.8563	0.7927
59	516	1	804.0017	3	1	0	1	1	0.8566	0.8108
59	517	1	805.5518	4	13	0	1	1	0.8569	0.7647
59	518	1	807.1018	5	5	0	1	1	0.8571	0.6547
59	519	1	808.6517	6	2	0	1	1	0.8574	0.5132
59	520	1	810.2017	4	13	0	1	1	0.8577	0.4988
59	521	1	811.7517	5	5	0	1	1	0.8580	0.5328
59	522	1	813.3018	7	3	0	1	1	0.8582	0.5511
59	523	1	814.8518	8	12	0	1	1	0.8585	0.6330
59	524	1	816.4018	9	14	0	1	1	0.8588	0.6830
59	525	1	817.9518	8	12	90	1	1	0.8590	0.9731
59	526	1	819.5018	5	5	0	1	1	0.8593	0.5907
59	527	1	821.0517	7	3	0	1	1	0.8596	0.5932
59	528	1	822.6018	5	5	90	1	1	0.8598	0.8032
59	529	1	824.1518	8	12	0	1	1	0.8601	0.6776
59	530	1	825.7018	9	14	0	1	1	0.8604	0.8233
59	531	1	827.2518	12	15	0	1	1	0.8606	0.9687
59	532	1	828.8018	11	7	90	0	1	0.8590	1.0190
59	533	1	830.3518	9	14	0	1	1	0.8593	0.7011
59	534	1	831.9018	10	11	90	1	1	0.8596	1.4710
59	535	1	833.5851	12	15	0	1	1	0.8598	0.8114
59	536	1	835.1351	11	7	0	1	1	0.8601	0.9578
59	537	1	836.6851	13	8	0	1	1	0.8603	0.7836
59	538	1	838.2352	10	11	0	1	1	0.8606	0.7373
59	539	1	839.7852	11	7	0	1	1	0.8609	1.4276
59	540	1	841.4185	10	11	0	1	1	0.8611	0.8021
59	541	1	842.9685	9	14	0	1	1	0.8614	0.6448
59	542	1	844.5185	10	11	0	1	1	0.8616	0.7582
59	543	1	846.0685	11	7	0	1	1	0.8619	0.6960
59	544	1	847.6185	12	15	0	1	1	0.8621	0.8584
59	545	1	849.1685	11	7	0	1	1	0.8624	0.6045
59	546	1	850.7185	10	11	0	1	1	0.8626	0.6865
59	547	1	852.2685	13	8	90	-1	0	0.8611	-1.0000
59	548	1	854.1519	10	11	90	0	1	0.8595	0.6930
59	549	1	855.7018	9	14	0	1	1	0.8597	0.8067
59	550	1	857.2519	10	11	0	1	1	0.8600	0.8246
59	551	1	858.8019	13	8	90	1	1	0.8603	0.7786
59	552	1	860.3519	14	4	0	1	1	0.8605	0.8931
59	553	1	861.9018	2	6	0	1	1	0.8608	0.6707
59	554	1	863.4519	15	9	90	1	1	0.8610	0.8167
59	555	1	865.0019	1	10	0	1	1	0.8613	1.1870
59	556	1	866.5519	2	6	0	1	1	0.8615	0.6767
59	557	1	868.1019	14	4	90	1	1	0.8618	0.7272
59	558	1	869.6519	2	6	90	1	1	0.8620	0.9372
59	559	1	871.2019	14	4	0	1	1	0.8623	0.7307
59	560	1	872.7519	1	10	0	1	1	0.8625	0.7335
59	561	1	874.3020	3	1	0	1	1	0.8627	1.1185
59	562	1	875.8519	15	9	0	1	1	0.8630	0.7051
59	563	1	877.4019	3	1	0	1	1	0.8632	0.5950
59	564	1	878.9519	4	13	0	1	1	0.8635	0.5971
59	565	1	880.5019	7	3	90	0	1	0.8619	0.6154
59	566	1	882.0519	8	12	0	1	1	0.8622	0.6974
59	567	1	883.6019	6	2	90	1	1	0.8624	0.9710
59	568	1	885.1520	8	12	0	1	1	0.8627	0.6049
59	569	1	886.7020	6	2	90	1	1	0.8629	0.8630
59	570	1	888.2520	7	3	0	1	1	0.8632	0.5291
59	571	1	889.8019	4	13	0	1	1	0.8634	0.4676
59	572	1	891.3519	3	1	0	1	1	0.8636	0.5810
59	573	1	892.9020	4	13	0	1	1	0.8639	0.5834
59	574	1	894.4520	5	5	0	1	1	0.8641	0.5847
59	575	1	896.0020	7	3	0	1	1	0.8643	0.5230
59	576	1	897.5519	8	12	0	1	1	0.8646	0.6367
59	577	1	899.1019	9	14	90	1	1	0.8648	0.8951
59	578	1	900.6520	10	11	90	1	1	0.8651	1.0567
59	579	1	902.2019	13	8	0	1	1	0.8653	0.9469
59	580	1	903.7520	10	11	0	0	1	0.8638	0.6609
59	581	1	905.3020	11	7	0	1	1	0.8640	0.9347
59	582	1	906.8520	13	8	0	1	1	0.8643	0.6009
59	583	1	908.4020	14	4	0	1	1	0.8645	0.6189
59	584	1	909.9520	15	9	0	1	1	0.8647	0.5086
59	585	1	911.5020	2	6	90	1	1	0.8650	0.8466
59	586	1	913.0519	15	9	0	1	1	0.8652	0.5931
59	587	1	914.6020	14	4	90	1	1	0.8654	0.7707
59	588	1	916.1520	15	9	0	1	1	0.8656	0.5971
59	589	1	917.7020	14	4	0	1	1	0.8659	0.5989
59	590	1	919.2520	2	6	0	1	1	0.8661	0.5686
59	591	1	920.8020	3	1	0	1	1	0.8663	0.7152
59	592	1	922.3520	15	9	90	1	1	0.8666	0.8131
59	593	1	923.9020	14	4	0	1	1	0.8668	0.6229
59	594	1	925.4520	2	6	0	1	1	0.8670	0.5929
59	595	1	927.0020	15	9	0	1	1	0.8672	0.5469
59	596	1	928.5520	3	1	0	1	1	0.8674	0.6450
59	597	1	930.1020	2	6	0	1	1	0.8677	0.5666
59	598	1	931.6520	15	9	0	1	1	0.8679	0.5526
59	599	1	933.2020	3	1	90	1	1	0.8681	0.7950
59	600	1	934.7521	1	10	0	1	1	0.8683	0.7646
59	601	1	1044.7523	2	6	90	-1	0	0.8669	-1.0000
59	602	1	1046.4857	3	1	0	0	1	0.8654	0.1039
59	603	1	1048.0356	2	6	0	1	1	0.8657	0.6492
59	604	1	1049.5856	14	4	0	1	1	0.8659	0.7158
59	605	1	1051.1356	1	10	0	1	1	0.8661	0.6856
59	606	1	1052.6857	14	4	0	1	1	0.8663	0.7031
59	607	1	1054.2357	1	10	0	1	1	0.8666	0.5935
59	608	1	1055.7856	2	6	0	1	1	0.8668	0.5636
59	609	1	1057.3357	15	9	90	1	1	0.8670	0.8531
59	610	1	1058.8856	3	1	0	1	1	0.8672	0.9031
59	611	1	1060.4357	2	6	0	1	1	0.8674	0.5371
59	612	1	1061.9857	3	1	0	1	1	0.8676	0.5713
59	613	1	1063.5357	2	6	0	1	1	0.8679	0.4295
59	614	1	1065.0857	3	1	90	1	1	0.8681	0.7036
59	615	1	1066.6357	2	6	90	1	1	0.8683	0.8175
59	616	1	1068.1857	15	9	0	1	1	0.8685	0.7395
59	617	1	1069.7357	2	6	0	1	1	0.8687	0.4855
59	618	1	1071.2857	15	9	0	1	1	0.8689	0.5834
59	619	1	1072.8357	2	6	90	1	1	0.8691	0.7134
59	620	1	1074.3857	3	1	90	1	1	0.8694	0.8115
59	621	1	1075.9357	2	6	0	1	1	0.8696	0.5892
59	622	1	1077.4857	15	9	0	1	1	0.8698	0.6237
59	623	1	1079.0357	2	6	0	1	1	0.8700	0.5295
59	624	1	1080.5857	15	9	0	1	1	0.8702	0.5951
59	625	1	1082.1357	3	1	0	1	1	0.8704	0.6616
59	626	1	1083.6857	2	6	0	1	1	0.8706	0.5035
59	627	1	1085.2357	3	1	90	1	1	0.8708	0.7135
59	628	1	1086.7857	1	10	0	1	1	0.8710	0.6197
59	629	1	1088.3357	3	1	0	1	1	0.8712	0.5736
59	630	1	1089.8858	15	9	0	1	1	0.8714	0.5436
59	631	1	1091.4358	1	10	90	1	1	0.8716	0.7371
59	632	1	1092.9857	2	6	90	1	1	0.8718	0.8194
59	633	1	1094.5357	15	9	0	1	1	0.8720	0.6611
59	634	1	1096.0858	3	1	0	1	1	0.8722	0.5677
59	635	1	1097.6358	1	10	0	1	1	0.8724	0.5854
59	636	1	1099.1858	3	1	0	1	1	0.8726	0.5556
59	637	1	1100.7358	15	9	90	1	1	0.8728	0.6853
59	638	1	1102.2858	3	1	0	1	1	0.8730	0.5591
59	639	1	1103.8358	15	9	0	1	1	0.8732	0.5455
59	640	1	1105.3858	1	10	0	1	1	0.8734	0.6434
59	641	1	1106.9358	2	6	0	1	1	0.8736	0.5974
59	642	1	1108.4858	14	4	90	1	1	0.8738	0.8075
59	643	1	1110.0358	1	10	0	1	1	0.8740	0.6171
59	644	1	1111.5858	2	6	0	1	1	0.8742	0.5231
59	645	1	1113.1358	14	4	0	1	1	0.8744	0.5735
59	646	1	1114.6858	13	8	0	1	1	0.8746	0.7830
59	647	1	1116.2358	11	7	0	1	1	0.8748	1.0731
59	648	1	1117.7858	9	14	90	1	1	0.8750	0.8839
59	649	1	1119.3358	10	11	0	1	1	0.8752	0.9014
59	650	1	1120.8858	9	14	0	1	1	0.8754	0.7596
59	651	1	1122.4358	11	7	0	1	1	0.8756	0.7296
59	652	1	1123.9858	12	15	0	1	1	0.8758	0.6991
59	653	1	1125.5358	11	7	0	1	1	0.8760	0.7011
59	654	1	1127.0858	13	8	0	1	1	0.8761	0.5919
59	655	1	1128.6359	10	11	0	1	1	0.8763	0.6251
59	656	1	1130.1858	13	8	0	1	1	0.8765	0.4993
59	657	1	1131.7359	11	7	0	1	1	0.8767	0.5490
59	658	1	1133.2858	10	11	0	1	1	0.8769	0.6316
59	659	1	1134.8358	12	15	90	1	1	0.8771	1.0331
59	660	1	1136.3859	10	11	0	1	1	0.8773	0.6515
59	661	1	1137.9359	13	8	90	1	1	0.8775	0.7494
59	662	1	1139.4859	11	7	0	1	1	0.8776	0.5431
59	663	1	1141.0358	10	11	0	1	1	0.8778	0.5933
59	664	1	1142.5858	12	15	0	1	1	0.8780	0.7870
59	665	1	1144.1359	13	8	90	1	1	0.8782	0.7729
59	666	1	1145.6859	12	15	0	1	1	0.8784	0.5831
59	667	1	1147.2359	9	14	0	1	1	0.8786	0.6810
59	668	1	1148.7859	8	12	0	1	1	0.8787	0.7153
59	669	1	1150.3359	9	14	0	1	1	0.8789	0.6691
59	670	1	1151.8860	10	11	90	1	1	0.8791	0.8632
59	671	1	1153.4359	11	7	0	1	1	0.8793	0.6733
59	672	1	1154.9859	10	11	0	1	1	0.8795	0.5634
59	673	1	1156.5359	12	15	0	1	1	0.8796	0.7251
59	674	1	1158.0859	9	14	0	1	1	0.8798	0.4871
59	675	1	1159.6359	8	12	0	1	1	0.8800	0.5534
59	676	1	1161.1859	6	2	0	1	1	0.8802	1.0830
59	677	1	1162.7359	8	12	0	1	1	0.8804	0.6531
59	678	1	1164.2859	9	14	90	1	1	0.8805	0.8795
59	679	1	1165.8359	11	7	0	1	1	0.8807	0.5295
59	680	1	1167.3860	9	14	0	1	1	0.8809	0.5316
59	681	1	1168.9360	10	11	0	1	1	0.8811	0.7250
59	682	1	1170.4859	9	14	0	1	1	0.8812	0.5190
59	683	1	1172.0359	12	15	0	1	1	0.8814	0.7931
59	684	1	1173.5859	13	8	0	1	1	0.8816	0.8753
59	685	1	1175.1359	12	15	0	1	1	0.8818	0.7011
59	686	1	1176.6859	10	11	90	1	1	0.8819	0.9110
59	687	1	1178.2360	11	7	0	1	1	0.8821	0.5452
59	688	1	1179.7859	10	11	90	1	1	0.8823	0.8194
59	689	1	1181.3359	13	8	0	1	1	0.8824	0.6770
59	690	1	1182.8859	10	11	0	1	1	0.8826	0.8079
59	691	1	1184.4360	9	14	0	1	1	0.8828	0.5373
59	692	1	1185.9860	8	12	90	1	1	0.8829	0.7634
59	693	1	1187.5360	5	5	0	1	1	0.8831	0.6215
59	694	1	1189.0860	7	3	90	1	1	0.8833	0.8635
59	695	1	1190.6360	8	12	90	1	1	0.8835	0.8020
59	696	1	1192.1860	7	3	90	0	1	0.8822	0.5475
59	697	1	1193.7360	6	2	0	1	1	0.8824	0.8049
59	698	1	1195.2860	7	3	0	1	1	0.8825	1.1278
59	699	1	1196.8360	6	2	0	1	1	0.8827	0.6650
59	700	1	1198.3861	8	12	90	1	1	0.8829	0.9394
59	701	1	1199.9360	7	3	0	1	1	0.8830	0.7975
59	702	1	1201.4860	8	12	90	1	1	0.8832	0.8793
59	703	1	1203.0360	6	2	0	1	1	0.8834	0.6573
59	704	1	1204.5861	4	13	0	1	1	0.8835	0.7234
59	705	1	1206.1360	3	1	0	1	1	0.8837	0.9493
59	706	1	1207.6860	4	13	0	1	1	0.8839	0.8077
59	707	1	1209.2361	5	5	0	1	1	0.8840	0.5853
59	708	1	1210.7860	7	3	90	1	1	0.8842	0.8109
59	709	1	1212.3361	6	2	0	1	1	0.8843	0.5889
59	710	1	1213.8861	4	13	0	1	1	0.8845	0.9117
59	711	1	1215.4360	7	3	0	1	1	0.8847	0.6733
59	712	1	1216.9861	8	12	0	1	1	0.8848	0.5634
59	713	1	1218.5362	7	3	0	1	1	0.8850	0.6293
59	714	1	1220.0860	5	5	0	1	1	0.8852	0.5992
59	715	1	1221.6361	4	13	0	1	1	0.8853	0.5532
59	716	1	1223.1861	7	3	0	1	1	0.8855	0.5709
59	717	1	1224.7361	6	2	0	1	1	0.8856	0.6214
59	718	1	1226.2860	5	5	0	1	1	0.8858	0.5915
59	719	1	1227.8361	4	13	0	1	1	0.8860	0.4974
59	720	1	1229.3861	7	3	0	1	1	0.8861	0.5957
59	721	1	1230.9361	8	12	90	0	1	0.8849	0.7254
59	722	1	1232.4861	7	3	0	1	1	0.8850	0.6633
59	723	1	1234.0361	6	2	0	1	1	0.8852	0.6812
59	724	1	1235.5861	7	3	0	1	1	0.8854	0.5712
59	725	1	1237.1361	5	5	0	1	1	0.8855	0.5574
59	726	1	1238.6861	7	3	0	1	1	0.8857	0.5432
59	727	1	1240.2361	8	12	0	1	1	0.8858	0.5612
59	728	1	1241.7861	9	14	0	1	1	0.8860	0.7389
59	729	1	1243.3361	10	11	0	1	1	0.8861	0.9009
59	730	1	1244.8861	13	8	90	1	1	0.8863	0.7916
59	731	1	1246.4362	11	7	0	1	1	0.8865	0.7932
59	732	1	1247.9862	9	14	0	1	1	0.8866	0.7312
59	733	1	1249.5361	11	7	0	1	1	0.8868	0.6373
59	734	1	1251.0861	12	15	0	1	1	0.8869	0.8469
59	735	1	1252.6361	11	7	0	1	1	0.8871	0.5610
59	736	1	1254.1861	13	8	0	1	1	0.8872	0.7389
59	737	1	1255.7361	14	4	0	1	1	0.8874	0.6933
59	738	1	1257.2861	13	8	0	1	1	0.8875	0.5993
59	739	1	1258.8362	10	11	0	1	1	0.8877	0.6332
59	740	1	1260.3861	12	15	0	1	1	0.8878	0.6669
59	741	1	1261.9361	13	8	90	1	1	0.8880	0.8129
59	742	1	1263.4862	14	4	0	1	1	0.8881	0.5909
59	743	1	1265.0362	15	9	0	1	1	0.8883	0.7049
59	744	1	1266.5862	3	1	90	1	1	0.8884	0.8513
59	745	1	1268.1362	2	6	0	1	1	0.8886	0.7255
59	746	1	1269.6861	1	10	0	1	1	0.8887	0.9032
59	747	1	1271.2362	14	4	90	1	1	0.8889	0.8092
59	748	1	1272.7862	15	9	0	1	1	0.8890	0.5389
59	749	1	1274.3363	2	6	90	1	1	0.8892	0.7494
59	750	1	1275.8862	1	10	90	0	1	0.8880	0.8952
59	751	1	1277.4362	15	9	0	1	1	0.8881	0.6253
59	752	1	1278.9862	14	4	0	1	1	0.8883	0.6269
59	753	1	1280.5362	13	8	0	1	1	0.8884	0.7250
59	754	1	1282.0862	10	11	0	1	1	0.8886	0.6149
59	755	1	1283.6362	11	7	0	1	1	0.8887	0.6169
59	756	1	1285.1863	9	14	0	1	1	0.8889	0.6511
59	757	1	1286.7362	10	11	0	1	1	0.8890	0.7328
59	758	1	1288.2862	9	14	0	1	1	0.8892	0.5757
59	759	1	1289.8362	10	11	0	1	1	0.8893	0.7055
59	760	1	1291.3862	13	8	0	1	1	0.8895	0.5792
59	761	1	1292.9362	14	4	0	1	1	0.8896	0.5652
59	762	1	1294.4862	1	10	0	1	1	0.8898	0.7593
59	763	1	1296.0362	3	1	0	1	1	0.8899	0.6973
59	764	1	1297.5862	15	9	90	1	1	0.8901	0.8592
59	765	1	1299.1363	3	1	0	1	1	0.8902	0.6209
59	766	1	1300.6863	2	6	0	1	1	0.8903	0.5913
59	767	1	1302.2362	14	4	0	1	1	0.8905	0.6254
59	768	1	1303.7863	1	10	0	1	1	0.8906	0.6113
59	769	1	1305.3363	3	1	0	1	1	0.8908	0.6293
59	770	1	1306.8863	1	10	0	1	1	0.8909	0.6148
59	771	1	1308.4363	2	6	0	1	1	0.8911	0.6013
59	772	1	1309.9863	1	10	90	1	1	0.8912	1.4992
59	773	1	1311.7030	3	1	0	1	1	0.8913	0.7744
59	774	1	1313.2530	4	13	90	1	1	0.8915	0.8246
59	775	1	1314.8030	5	5	0	1	1	0.8916	0.7941
59	776	1	1316.3531	8	12	0	1	1	0.8918	0.8123
59	777	1	1317.9029	5	5	0	1	1	0.8919	0.7031
59	778	1	1319.4530	7	3	90	1	1	0.8920	0.8330
59	779	1	1321.0030	6	2	0	1	1	0.8922	0.7707
59	780	1	1322.5530	5	5	0	1	1	0.8923	0.6764
59	781	1	1324.1031	6	2	0	1	1	0.8924	0.6141
59	782	1	1325.6530	4	13	0	1	1	0.8926	0.7603
59	783	1	1327.2031	6	2	0	1	1	0.8927	0.6183
59	784	1	1328.7530	8	12	0	1	1	0.8929	0.6689
59	785	1	1330.3030	7	3	0	1	1	0.8930	0.6385
59	786	1	1331.8530	6	2	0	1	1	0.8931	0.5925
59	787	1	1333.4030	7	3	0	1	1	0.8933	0.5306
59	788	1	1334.9531	6	2	0	1	1	0.8934	0.5804
59	789	1	1336.5031	4	13	0	1	1	0.8935	0.5985
59	790	1	1338.0530	3	1	0	1	1	0.8937	0.7764
59	791	1	1339.6030	4	13	0	1	1	0.8938	0.5389
59	792	1	1341.1530	7	3	0	1	1	0.8939	0.7322
59	793	1	1342.7030	5	5	0	1	1	0.8941	0.5581
59	794	1	1344.2531	7	3	90	1	1	0.8942	0.8163
59	795	1	1345.8031	8	12	0	1	1	0.8943	0.6429
59	796	1	1347.3530	9	14	90	1	1	0.8945	0.9808
59	797	1	1348.9031	11	7	0	1	1	0.8946	0.8384
59	798	1	1350.4531	9	14	0	1	1	0.8947	0.7286
59	799	1	1352.0031	12	15	0	1	1	0.8949	0.7785
59	800	1	1353.5531	11	7	0	1	1	0.8950	0.7325
59	801	1	1355.1031	12	15	0	1	1	0.8951	0.7026
59	802	1	1356.6531	9	14	0	1	1	0.8953	0.6726
59	803	1	1358.2031	12	15	0	1	1	0.8954	0.6901
59	804	1	1359.7532	13	8	0	1	1	0.8955	0.7083
59	805	1	1361.3032	11	7	0	1	1	0.8957	0.5183
59	806	1	1362.8531	10	11	0	1	1	0.8958	0.9200
59	807	1	1364.4032	9	14	0	1	1	0.8959	0.5704
59	808	1	1365.9531	8	12	90	1	1	0.8960	0.8925
59	809	1	1367.5031	7	3	0	1	1	0.8962	0.7505
59	810	1	1369.0531	6	2	0	1	1	0.8963	0.6406
59	811	1	1370.6031	8	12	0	1	1	0.8964	0.6266
59	812	1	1372.1531	5	5	0	1	1	0.8966	0.7405
59	813	1	1373.7031	4	13	0	1	1	0.8967	0.6626
59	814	1	1375.2531	6	2	90	0	1	0.8956	0.6164
59	815	1	1376.8032	8	12	0	1	1	0.8957	0.5863
59	816	1	1378.3531	6	2	0	1	1	0.8958	0.8766
59	817	1	1379.9031	4	13	90	1	1	0.8960	0.8463
59	818	1	1381.4531	7	3	0	1	1	0.8961	0.6085
59	819	1	1383.0032	8	12	0	1	1	0.8962	0.5621
59	820	1	1384.5532	5	5	0	1	1	0.8963	0.5960
59	821	1	1386.1031	6	2	0	1	1	0.8965	0.5505
59	822	1	1387.6531	4	13	0	1	1	0.8966	0.5841
59	823	1	1389.2032	5	5	0	1	1	0.8967	0.5704
59	824	1	1390.7531	6	2	0	1	1	0.8968	0.4925
59	825	1	1392.3031	8	12	0	1	1	0.8970	0.5904
59	826	1	1393.8532	9	14	90	1	1	0.8971	0.9121
59	827	1	1395.4032	8	12	0	1	1	0.8972	0.5624
59	828	1	1396.9532	5	5	90	1	1	0.8973	0.8360
59	829	1	1398.5032	7	3	0	1	1	0.8975	0.7267
59	830	1	1400.0532	5	5	0	1	1	0.8976	0.6644
59	831	1	1401.6032	6	2	0	1	1	0.8977	0.6340
59	832	1	1403.1532	5	5	90	1	1	0.8978	0.8600
59	833	1	1404.7032	7	3	0	1	1	0.8980	0.5740
59	834	1	1406.2532	8	12	0	1	1	0.8981	0.6884
59	835	1	1407.8033	6	2	0	1	1	0.8982	0.7225
59	836	1	1409.3532	4	13	0	1	1	0.8983	0.5163
59	837	1	1410.9033	5	5	0	1	1	0.8984	0.5342
59	838	1	1412.4532	7	3	0	1	1	0.8986	0.5683
59	839	1	1414.0032	4	13	0	1	1	0.8987	0.5223
59	840	1	1415.5532	6	2	0	1	1	0.8988	0.5400
59	841	1	1417.1032	7	3	0	1	1	0.8989	0.5743
59	842	1	1418.6532	4	13	0	1	1	0.8990	0.5925
59	843	1	1420.2032	5	5	0	1	1	0.8992	0.5461
59	844	1	1421.7532	6	2	0	1	1	0.8993	0.5484
59	845	1	1423.3033	4	13	0	1	1	0.8994	0.5980
59	846	1	1424.8532	7	3	0	1	1	0.8995	0.5368
59	847	1	1426.4032	8	12	0	1	1	0.8996	0.5860
59	848	1	1427.9533	6	2	0	1	1	0.8998	0.5885
59	849	1	1429.5032	5	5	90	1	1	0.8999	0.8141
59	850	1	1431.0533	6	2	0	1	1	0.9000	0.5603
59	851	1	1432.6033	8	12	0	1	1	0.9001	0.6426
59	852	1	1434.1533	5	5	0	1	1	0.9002	0.6600
59	853	1	1435.7033	8	12	90	0	1	0.8992	0.5023
59	854	1	1437.2533	7	3	0	1	1	0.8993	0.5843
59	855	1	1438.8033	5	5	0	1	1	0.8994	0.5380
59	856	1	1440.3533	7	3	0	1	1	0.8995	0.5883
59	857	1	1441.9033	8	12	0	1	1	0.8996	0.7664
59	858	1	1443.4533	6	2	0	-1	0	0.8986	-1.0000
59	859	1	1445.2200	4	13	0	1	1	0.8987	0.7781
59	860	1	1446.7700	5	5	0	1	1	0.8988	0.9237
59	861	1	1448.3200	4	13	0	1	1	0.8990	0.5738
59	862	1	1449.8700	6	2	0	1	1	0.8991	0.9754
59	863	1	1451.4200	4	13	0	1	1	0.8992	0.5775
59	864	1	1452.9700	6	2	0	1	1	0.8993	0.6598
59	865	1	1454.5200	5	5	0	1	1	0.8994	0.5977
59	866	1	1456.0700	8	12	0	1	1	0.8995	0.5679
59	867	1	1457.6200	7	3	0	1	1	0.8997	0.6497
59	868	1	1459.1701	8	12	90	0	1	0.8986	0.6673
59	869	1	1460.7201	6	2	0	1	1	0.8987	0.7335
59	870	1	1462.2700	8	12	90	1	1	0.8989	1.0237
59	871	1	1463.8200	5	5	90	1	1	0.8990	0.9301
59	872	1	1465.3700	8	12	0	1	1	0.8991	0.6115
59	873	1	1466.9200	6	2	0	1	1	0.8992	0.5973
59	874	1	1468.4700	7	3	0	1	1	0.8993	0.6959
59	875	1	1470.0200	4	13	0	1	1	0.8994	0.6333
59	876	1	1471.5700	6	2	0	1	1	0.8995	0.5718
59	877	1	1473.1201	7	3	0	1	1	0.8997	0.6058
59	878	1	1474.6700	8	12	0	1	1	0.8998	0.6554
59	879	1	1476.2200	5	5	0	1	1	0.8999	0.6742
59	880	1	1477.7701	8	12	0	1	1	0.9000	0.5957
59	881	1	1479.3201	9	14	0	1	1	0.9001	0.9818
59	882	1	1480.8701	12	15	0	1	1	0.9002	0.8233
59	883	1	1482.4201	13	8	0	1	1	0.9003	0.6973
59	884	1	1483.9701	14	4	0	1	1	0.9005	0.6515
59	885	1	1485.5201	15	9	0	1	1	0.9006	0.6533
59	886	1	1487.0701	3	1	0	1	1	0.9007	0.5593
59	887	1	1488.6201	1	10	0	1	1	0.9008	0.7700
59	888	1	1490.1701	14	4	0	1	1	0.9009	0.5956
59	889	1	1491.7201	1	10	0	1	1	0.9010	0.5816
59	890	1	1493.2701	3	1	0	1	1	0.9011	0.5196
59	891	1	1494.8201	2	6	0	1	1	0.9012	0.6496
59	892	1	1496.3701	1	10	90	0	1	0.9002	0.6352
59	893	1	1497.9201	3	1	0	1	1	0.9003	0.6696
59	894	1	1499.4701	1	10	0	1	1	0.9004	0.5918
59	895	1	1501.0201	2	6	0	1	1	0.9006	0.5932
59	896	1	1502.5701	14	4	90	1	1	0.9007	0.8672
59	897	1	1504.1201	2	6	90	1	1	0.9008	0.8372
59	898	1	1505.6701	3	1	0	1	1	0.9009	0.7433
59	899	1	1507.2202	15	9	90	1	1	0.9010	0.7617
59	900	1	1508.7701	1	10	0	1	1	0.9011	0.5712
59	901	1	1510.3201	3	1	0	1	1	0.9012	0.6217
59	902	1	1511.8702	1	10	0	1	1	0.9013	0.5758
59	903	1	1513.4201	2	6	0	1	1	0.9014	0.6092
59	904	1	1514.9702	14	4	0	1	1	0.9015	0.6276
59	905	1	1516.5201	13	8	0	1	1	0.9017	0.6937
59	906	1	1518.0702	10	11	0	1	1	0.9018	0.7915
59	907	1	1519.6202	12	15	0	1	1	0.9019	0.7293
59	908	1	1521.1701	11	7	0	1	1	0.9020	0.5875
59	909	1	1522.7202	12	15	0	1	1	0.9021	0.5255
59	910	1	1524.2702	13	8	0	1	1	0.9022	0.5917
59	911	1	1525.8202	12	15	90	1	1	0.9023	0.9292
59	912	1	1527.3703	13	8	0	1	1	0.9024	0.5957
59	913	1	1528.9202	14	4	90	1	1	0.9025	0.7253
59	914	1	1530.4702	2	6	0	1	1	0.9026	0.5835
59	915	1	1532.0202	15	9	0	1	1	0.9027	0.5536
59	916	1	1533.5702	3	1	90	1	1	0.9028	0.7793
59	917	1	1535.1202	4	13	0	1	1	0.9029	0.7178
59	918	1	1536.6702	7	3	0	1	1	0.9031	0.7357
59	919	1	1538.2202	6	2	0	1	1	0.9032	0.8653
59	920	1	1539.7702	8	12	90	0	1	0.9022	0.7715
59	921	1	1541.3203	9	14	0	1	1	0.9023	0.9020
59	922	1	1542.8702	12	15	0	1	1	0.9024	0.9192
59	923	1	1544.4202	9	14	90	1	1	0.9025	0.8732
59	924	1	1545.9702	8	12	90	1	1	0.9026	0.7952
59	925	1	1547.5202	7	3	0	1	1	0.9027	0.6056
59	926	1	1549.0702	6	2	0	1	1	0.9028	0.8636
59	927	1	1550.6202	4	13	0	1	1	0.9029	0.5776
59	928	1	1552.1703	7	3	0	1	1	0.9030	0.7074
59	929	1	1553.7203	8	12	0	1	1	0.9031	0.6452
59	930	1	1555.2703	9	14	0	1	1	0.9032	0.5354
59	931	1	1556.8202	8	12	0	1	1	0.9033	0.5214
59	932	1	1558.3702	6	2	0	1	1	0.9034	0.5715
59	933	1	1559.9203	4	13	90	1	1	0.9035	0.7816
59	934	1	1561.4703	7	3	0	1	1	0.9036	0.5117
59	935	1	1563.0203	5	5	0	1	1	0.9037	0.6256
59	936	1	1564.5702	6	2	0	1	1	0.9038	0.4836
59	937	1	1566.1202	4	13	0	1	1	0.9039	0.5653
59	938	1	1567.6703	3	1	0	1	1	0.9041	0.6791
59	939	1	1569.2203	15	9	90	1	1	0.9042	0.7613
59	940	1	1570.7703	1	10	90	1	1	0.9043	1.1792
59	941	1	1572.3203	14	4	0	1	1	0.9044	0.7016
59	942	1	1573.8703	1	10	90	0	1	0.9034	1.1834
59	943	1	1575.4203	3	1	0	1	1	0.9035	0.6094
59	944	1	1576.9703	4	13	0	1	1	0.9036	0.7394
59	945	1	1578.5203	6	2	0	1	1	0.9037	0.5812
59	946	1	1580.0703	5	5	0	1	1	0.9038	0.5834
59	947	1	1581.6203	6	2	0	1	1	0.9039	0.5375
59	948	1	1583.1703	7	3	0	1	1	0.9040	0.6036
59	949	1	1584.7203	8	12	0	1	1	0.9041	0.6374
59	950	1	1586.2703	9	14	0	1	1	0.9042	0.7031
59	951	1	1587.8203	8	12	90	0	1	0.9033	0.5611
59	952	1	1589.3704	6	2	0	1	1	0.9034	0.4991
59	953	1	1590.9203	8	12	0	1	1	0.9035	0.6294
59	954	1	1592.4703	9	14	0	1	1	0.9036	0.5831
59	955	1	1594.0203	10	11	0	1	1	0.9037	0.8095
59	956	1	1595.5703	12	15	0	1	1	0.9038	0.7477
59	957	1	1597.1204	11	7	0	1	1	0.9039	0.5571
59	958	1	1598.6703	12	15	90	1	1	0.9040	1.0396
59	959	1	1600.2203	10	11	0	1	1	0.9041	0.6574
59	960	1	1601.7703	13	8	0	1	1	0.9042	0.6912
59	961	1	1603.3204	12	15	90	1	1	0.9043	1.3335
59	962	1	1604.8703	10	11	90	1	1	0.9044	0.9357
59	963	1	1606.4203	11	7	0	1	1	0.9045	0.7932
59	964	1	1607.9703	13	8	0	1	1	0.9046	0.8274
59	965	1	1609.5204	11	7	90	1	1	0.9047	0.9574
59	966	1	1611.0704	12	15	0	1	1	0.9048	0.7836
59	967	1	1612.6204	11	7	0	1	1	0.9049	0.8974
59	968	1	1614.1704	10	11	0	1	1	0.9050	0.7075
59	969	1	1615.7204	11	7	90	1	1	0.9051	0.9651
59	970	1	1617.2704	10	11	0	1	1	0.9052	0.8231
59	971	1	1618.8204	12	15	90	1	1	0.9053	0.8252
59	972	1	1620.3704	10	11	0	1	1	0.9053	0.5551
59	973	1	1621.9204	9	14	0	1	1	0.9054	0.8455
59	974	1	1623.4704	8	12	0	1	1	0.9055	0.5750
59	975	1	1625.0204	7	3	0	1	1	0.9056	0.5451
59	976	1	1626.5704	4	13	90	1	1	0.9057	0.7870
59	977	1	1628.1204	5	5	0	1	1	0.9058	0.5333
59	978	1	1629.6704	4	13	0	1	1	0.9059	0.5351
59	979	1	1631.2204	7	3	90	0	1	0.9050	0.5536
59	980	1	1632.7704	5	5	0	1	1	0.9051	0.5716
59	981	1	1634.3205	8	12	0	1	1	0.9052	0.7170
59	982	1	1635.8704	5	5	0	1	1	0.9053	0.5271
59	983	1	1637.4204	8	12	0	1	1	0.9054	0.5615
59	984	1	1638.9704	5	5	0	1	1	0.9055	0.8035
59	985	1	1640.5205	4	13	90	1	1	0.9056	0.7415
59	986	1	1642.0705	6	2	0	1	1	0.9057	0.7115
59	987	1	1643.6204	7	3	0	1	1	0.9058	0.6334
59	988	1	1645.1704	8	12	0	1	1	0.9059	0.5715
59	989	1	1646.7205	7	3	0	0	1	0.9050	0.5891
59	990	1	1648.2705	4	13	0	1	1	0.9051	0.6554
59	991	1	1649.8205	7	3	0	1	1	0.9051	0.5291
59	992	1	1651.3705	5	5	0	1	1	0.9052	0.5630
59	993	1	1652.9205	7	3	0	1	1	0.9053	0.5811
59	994	1	1654.4705	6	2	0	1	1	0.9054	0.5995
59	995	1	1656.0205	5	5	0	1	1	0.9055	0.5531
59	996	1	1657.5705	7	3	0	1	1	0.9056	0.5718
59	997	1	1659.1206	4	13	0	1	1	0.9057	0.4933
59	998	1	1660.6705	5	5	0	1	1	0.9058	0.5754
59	999	1	1662.2205	8	12	0	1	1	0.9059	0.6585
59	1000	1	1663.7706	6	2	0	1	1	0.9060	0.5315
59	1001	1	1665.3205	4	13	0	1	1	0.9061	0.5811
59	1002	1	1666.8706	6	2	0	1	1	0.9062	0.5030
59	1003	1	1668.4205	7	3	0	1	1	0.9063	0.5531
59	1004	1	1669.9705	6	2	0	1	1	0.9064	0.4914
59	1005	1	1671.5205	7	3	0	1	1	0.9065	0.5254
59	1006	1	1673.0706	4	13	0	1	1	0.9066	0.6389
59	1007	1	1674.6206	7	3	90	1	1	0.9067	0.9295
59	1008	1	1676.1706	5	5	0	1	1	0.9067	0.6116
59	1009	1	1677.7205	7	3	90	1	1	0.9068	0.8055
59	1010	1	1679.2706	6	2	0	1	1	0.9069	0.6312
59	1011	1	1680.8206	4	13	0	1	1	0.9070	0.5530
59	1012	1	1682.3705	3	1	90	1	1	0.9071	0.8916
59	1013	1	1683.9206	1	10	0	1	1	0.9072	0.9095
59	1014	1	1685.4705	15	9	90	1	1	0.9073	0.8315
59	1015	1	1687.0205	2	6	0	1	1	0.9074	0.7053
59	1016	1	1688.5706	15	9	90	1	1	0.9075	0.7076
59	1017	1	1690.1206	1	10	0	1	1	0.9076	0.7090
59	1018	1	1691.6706	15	9	0	1	1	0.9077	0.8233
59	1019	1	1693.2206	14	4	0	1	1	0.9078	0.6970
59	1020	1	1694.7706	13	8	0	1	1	0.9078	0.7956
59	1021	1	1696.3206	10	11	0	1	1	0.9079	0.9091
59	1022	1	1697.8706	9	14	0	1	1	0.9080	0.8310
59	1023	1	1699.4206	10	11	0	1	1	0.9081	0.6889
59	1024	1	1700.9706	9	14	0	1	1	0.9082	0.5637
59	1025	1	1702.5207	11	7	0	1	1	0.9083	0.8212
59	1026	1	1704.0706	13	8	0	1	1	0.9084	0.6314
59	1027	1	1705.6206	10	11	90	0	1	0.9075	0.5698
59	1028	1	1707.1706	11	7	0	1	1	0.9076	1.2595
59	1029	1	1708.7207	10	11	0	1	1	0.9077	0.6693
59	1030	1	1710.2706	13	8	0	1	1	0.9078	0.5594
59	1031	1	1711.8207	14	4	0	1	1	0.9079	0.6256
59	1032	1	1713.3707	15	9	0	1	1	0.9079	0.6432
59	1033	1	1714.9207	2	6	0	1	1	0.9080	0.5809
59	1034	1	1716.4707	3	1	90	1	1	0.9081	0.9833
59	1035	1	1718.0206	4	13	0	1	1	0.9082	0.7294
59	1036	1	1719.5707	5	5	0	1	1	0.9083	0.6035
59	1037	1	1721.1207	7	3	0	1	1	0.9084	0.5574
59	1038	1	1722.6707	8	12	0	1	1	0.9085	0.6233
59	1039	1	1724.2207	5	5	0	1	1	0.9086	0.5610
59	1040	1	1725.7707	4	13	0	1	1	0.9087	0.5154
59	1041	1	1727.3207	7	3	90	1	1	0.9087	0.8539
59	1042	1	1728.8707	6	2	0	1	1	0.9088	0.6794
59	1043	1	1730.4207	7	3	0	1	1	0.9089	0.5849
59	1044	1	1731.9707	4	13	0	1	1	0.9090	0.5549
59	1045	1	1733.5207	5	5	90	1	1	0.9091	0.7170
59	1046	1	1735.0707	4	13	0	1	1	0.9092	0.5109
59	1047	1	1736.6207	3	1	0	1	1	0.9093	0.9130
59	1048	1	1738.1707	1	10	0	1	1	0.9094	0.7717
59	1049	1	1739.7206	2	6	0	1	1	0.9094	0.5650
59	1050	1	1741.2707	14	4	90	1	1	0.9095	0.7594
59	1051	1	1742.8207	2	6	0	1	1	0.9096	0.6332
59	1052	1	1744.3707	15	9	0	1	1	0.9097	0.6673
59	1053	1	1745.9207	14	4	90	1	1	0.9098	0.9893
59	1054	1	1747.4707	13	8	0	1	1	0.9099	0.5913
59	1055	1	1749.0207	12	15	0	1	1	0.9100	0.7850
59	1056	1	1750.5708	9	14	0	1	1	0.9100	0.6913
59	1057	1	1752.1207	12	15	0	1	1	0.9101	0.5175
59	1058	1	1753.6707	9	14	0	1	1	0.9102	0.4874
59	1059	1	1755.2208	8	12	0	1	1	0.9103	0.6649
59	1060	1	1756.7707	7	3	0	1	1	0.9104	0.4909
59	1061	1	1758.3208	6	2	0	1	1	0.9105	0.6368
59	1062	1	1759.8707	4	13	90	1	1	0.9105	0.9433
59	1063	1	1761.4207	3	1	0	1	1	0.9106	0.8493
59	1064	1	1762.9708	2	6	90	1	1	0.9107	0.7390
59	1065	1	1764.5207	15	9	0	1	1	0.9108	0.5653
59	1066	1	1766.0708	14	4	90	1	1	0.9109	0.7116
59	1067	1	1767.6208	2	6	0	1	1	0.9110	0.5699
59	1068	1	1769.1708	3	1	0	1	1	0.9110	0.6036
59	1069	1	1770.7208	2	6	0	1	1	0.9111	0.5089
59	1070	1	1772.2708	1	10	90	0	1	0.9103	1.1195
59	1071	1	1773.8208	15	9	90	1	1	0.9104	0.7049
59	1072	1	1775.3708	2	6	0	1	1	0.9104	0.5470
59	1073	1	1776.9208	3	1	0	1	1	0.9105	0.6932
59	1074	1	1778.4708	4	13	0	1	1	0.9106	0.7438
59	1075	1	1780.0208	5	5	0	1	1	0.9107	0.6489
59	1076	1	1781.5708	7	3	0	1	1	0.9108	0.7633
59	1077	1	1783.1208	5	5	0	1	1	0.9109	0.5736
59	1078	1	1784.6708	6	2	0	1	1	0.9109	0.5753
59	1079	1	1786.2208	5	5	0	1	1	0.9110	0.5129
59	1080	1	1787.7708	7	3	0	1	1	0.9111	0.5149
59	1081	1	1789.3209	8	12	0	1	1	0.9112	0.6769
59	1082	1	1790.8708	5	5	0	1	1	0.9113	0.5512
59	1083	1	1792.4208	7	3	0	1	1	0.9114	0.7294
59	1084	1	1793.9708	4	13	0	1	1	0.9114	0.5237
59	1085	1	1795.5208	7	3	90	0	1	0.9106	0.5729
59	1086	1	1797.0708	6	2	90	1	1	0.9107	0.9597
59	1087	1	1798.6208	8	12	0	1	1	0.9108	0.7212
59	1088	1	1800.1709	9	14	0	1	1	0.9108	0.6434
59	1089	1	1801.7209	12	15	0	1	1	0.9109	0.6934
59	1090	1	1803.2708	9	14	90	1	1	0.9110	0.8391
59	1091	1	1804.8209	10	11	0	1	1	0.9111	0.6492
59	1092	1	1806.3709	9	14	0	1	1	0.9112	0.6027
59	1093	1	1807.9208	10	11	0	1	1	0.9113	0.7489
59	1094	1	1809.4708	12	15	90	1	1	0.9113	1.0233
59	1095	1	1811.0209	9	14	0	1	1	0.9114	0.6408
59	1096	1	1812.5709	8	12	0	1	1	0.9115	0.6908
59	1097	1	1814.1209	9	14	0	1	1	0.9116	0.5972
59	1098	1	1815.6708	8	12	90	1	1	0.9117	0.8073
59	1099	1	1817.2209	9	14	0	1	1	0.9117	0.6169
59	1100	1	1818.7709	12	15	0	1	1	0.9118	0.7308
59	1101	1	1820.3209	9	14	0	1	1	0.9119	0.4933
59	1102	1	1821.8709	10	11	0	1	1	0.9120	0.8149
59	1103	1	1823.4210	12	15	90	1	1	0.9121	1.1687
59	1104	1	1824.9709	10	11	0	1	1	0.9121	0.6593
59	1105	1	1826.5209	9	14	0	1	1	0.9122	0.5971
59	1106	1	1828.0709	12	15	0	1	1	0.9123	0.9508
59	1107	1	1829.6209	11	7	0	1	1	0.9124	1.0493
59	1108	1	1831.1710	12	15	90	1	1	0.9125	0.8752
59	1109	1	1832.7209	11	7	90	1	1	0.9125	0.9890
59	1110	1	1834.2709	9	14	0	1	1	0.9126	0.6869
59	1111	1	1835.8209	10	11	0	1	1	0.9127	0.6894
59	1112	1	1837.3709	12	15	0	0	1	0.9119	0.6757
59	1113	1	1838.9209	9	14	0	1	1	0.9119	0.5169
59	1114	1	1840.4709	11	7	0	1	1	0.9120	0.6793
59	1115	1	1842.0209	12	15	90	1	1	0.9121	0.6971
59	1116	1	1843.5709	10	11	0	1	1	0.9122	0.5711
59	1117	1	1845.1210	12	15	0	1	1	0.9123	0.8772
59	1118	1	1846.6709	10	11	0	1	1	0.9123	0.5428
59	1119	1	1848.2210	13	8	90	1	1	0.9124	0.8333
59	1120	1	1849.7710	11	7	0	1	1	0.9125	0.5950
59	1121	1	1851.3210	13	8	0	1	1	0.9126	0.7248
59	1122	1	1852.8709	11	7	0	1	1	0.9127	0.5669
59	1123	1	1854.4210	10	11	0	1	1	0.9127	0.6009
59	1124	1	1855.9710	12	15	0	1	1	0.9128	0.7632
59	1125	1	1857.5210	9	14	0	1	1	0.9129	0.5092
59	1126	1	1859.0710	10	11	0	1	1	0.9130	0.6068
59	1127	1	1860.6209	12	15	0	1	1	0.9130	0.5936
59	1128	1	1862.1710	13	8	0	1	1	0.9131	0.5948
59	1129	1	1863.7211	10	11	0	1	1	0.9132	0.5332
59	1130	1	1865.2710	11	7	0	1	1	0.9133	0.5351
59	1131	1	1866.8210	13	8	0	1	1	0.9134	0.5529
59	1132	1	1868.3710	10	11	0	1	1	0.9134	0.4911
59	1133	1	1869.9210	12	15	0	1	1	0.9135	0.5409
59	1134	1	1871.4710	9	14	0	1	1	0.9136	0.4948
59	1135	1	1873.0210	12	15	0	1	1	0.9137	0.4810
59	1136	1	1874.5711	9	14	0	1	1	0.9137	0.5792
59	1137	1	1876.1211	11	7	0	1	1	0.9138	0.7097
59	1138	1	1877.6710	9	14	0	1	1	0.9139	0.6629
59	1139	1	1879.2210	8	12	0	1	1	0.9140	0.7293
59	1140	1	1880.7710	5	5	0	1	1	0.9140	0.6512
59	1141	1	1882.3211	4	13	90	1	1	0.9141	0.8291
59	1142	1	1883.8711	6	2	0	1	1	0.9142	0.9751
59	1143	1	1885.4211	4	13	0	1	1	0.9143	0.8489
59	1144	1	1886.9711	7	3	90	0	1	0.9135	0.5948
59	1145	1	1888.5211	6	2	0	1	1	0.9135	0.6128
59	1146	1	1890.0711	4	13	90	1	1	0.9136	0.7432
59	1147	1	1891.6210	7	3	0	1	1	0.9137	0.6172
59	1148	1	1893.1711	4	13	0	1	1	0.9138	0.8114
59	1149	1	1894.7211	5	5	0	1	1	0.9138	0.6052
59	1150	1	1896.2711	7	3	90	0	1	0.9130	0.5912
59	1151	1	1897.8211	6	2	0	1	1	0.9131	0.8171
59	1152	1	1899.3711	8	12	90	1	1	0.9132	0.9311
59	1153	1	1900.9211	5	5	0	1	1	0.9133	0.5974
59	1154	1	1902.4711	8	12	0	1	1	0.9133	0.6791
59	1155	1	1904.0211	5	5	0	1	1	0.9134	0.6011
59	1156	1	1905.5711	4	13	0	1	1	0.9135	0.9233
59	1157	1	1907.1211	7	3	0	1	1	0.9136	0.7811
59	1158	1	1908.6711	8	12	0	1	1	0.9136	0.7992
59	1159	1	1910.2211	6	2	0	1	1	0.9137	0.6888
59	1160	1	1911.7711	8	12	90	1	1	0.9138	0.9791
59	1161	1	1913.3211	5	5	0	1	1	0.9139	0.7091
59	1162	1	1914.8711	8	12	90	1	1	0.9139	1.3833
59	1163	1	1916.4878	6	2	0	1	1	0.9140	0.7101
59	1164	1	1918.0378	8	12	0	1	1	0.9141	0.7770
59	1165	1	1919.5878	6	2	0	1	1	0.9142	0.6821
59	1166	1	1921.1378	7	3	0	1	1	0.9142	0.7321
59	1167	1	1922.6878	5	5	0	1	1	0.9143	0.7345
59	1168	1	1924.2378	7	3	0	1	1	0.9144	0.6566
59	1169	1	1925.7878	5	5	0	1	1	0.9145	0.5301
59	1170	1	1927.3378	7	3	90	1	1	0.9145	0.8364
59	1171	1	1928.8879	8	12	0	1	1	0.9146	0.7587
59	1172	1	1930.4378	6	2	0	1	1	0.9147	0.6489
59	1173	1	1931.9878	4	13	0	1	1	0.9147	0.6505
59	1174	1	1933.5379	3	1	90	1	1	0.9148	0.8763
59	1175	1	1935.0878	1	10	0	1	1	0.9149	0.6701
59	1176	1	1936.6378	14	4	0	1	1	0.9150	0.7685
59	1177	1	1938.1879	15	9	90	1	1	0.9150	0.7228
59	1178	1	1939.7379	14	4	0	1	1	0.9151	0.5485
59	1179	1	1941.2879	15	9	0	1	1	0.9152	0.5820
59	1180	1	1942.8379	1	10	0	1	1	0.9153	0.5040
59	1181	1	1944.3879	3	1	0	1	1	0.9153	0.5386
59	1182	1	1945.9379	2	6	0	1	1	0.9154	0.6681
59	1183	1	1947.4879	15	9	0	1	1	0.9155	0.5584
59	1184	1	1949.0379	1	10	0	1	1	0.9155	0.5444
59	1185	1	1950.5879	14	4	0	1	1	0.9156	0.5465
59	1186	1	1952.1379	1	10	90	1	1	0.9157	0.8520
59	1187	1	1953.6879	15	9	90	1	1	0.9158	0.7267
59	1188	1	1955.2379	14	4	90	1	1	0.9158	0.7600
59	1189	1	1956.7879	13	8	90	1	1	0.9159	0.7624
59	1190	1	1958.3379	10	11	0	1	1	0.9160	0.7002
59	1191	1	1959.8879	9	14	0	1	1	0.9160	0.7502
59	1192	1	1961.4379	10	11	90	-1	1	0.9153	-1.0000
59	1193	1	1963.2379	9	14	90	1	1	0.9153	0.8881
59	1194	1	1964.7880	10	11	90	1	1	0.9154	0.8260
59	1195	1	1966.3379	9	14	0	1	1	0.9155	0.7323
59	1196	1	1967.8879	11	7	0	1	1	0.9156	0.8305
59	1197	1	1969.4380	12	15	0	1	1	0.9156	0.7680
59	1198	1	1970.9879	13	8	90	1	1	0.9157	0.8830
59	1199	1	1972.5380	10	11	0	1	1	0.9158	0.6926
59	1200	1	1974.0879	13	8	0	1	1	0.9158	0.7585
59	1201	1	1975.6379	12	15	0	1	1	0.9159	0.7441
59	1202	1	1977.1879	10	11	0	1	1	0.9160	0.8106
59	1203	1	1978.7380	12	15	0	1	1	0.9160	0.6846
59	1204	1	1980.2879	10	11	0	1	1	0.9161	0.5905
59	1205	1	1981.8379	13	8	0	1	1	0.9162	0.5924
59	1206	1	1983.3879	10	11	0	1	1	0.9163	0.7067
59	1207	1	1984.9379	12	15	0	1	1	0.9163	0.7080
59	1208	1	1986.4880	11	7	0	1	1	0.9164	0.5021
59	1209	1	1988.0380	12	15	0	1	1	0.9165	0.5519
59	1210	1	1989.5880	11	7	0	1	1	0.9165	0.4739
59	1211	1	1991.1380	13	8	0	1	1	0.9166	0.4285
59	1212	1	1992.6880	14	4	0	1	1	0.9167	0.6062
59	1213	1	1994.2381	15	9	0	1	1	0.9167	0.5439
59	1214	1	1995.7880	2	6	0	1	1	0.9168	0.5780
59	1215	1	1997.3381	14	4	0	1	1	0.9169	0.5002
59	1216	1	1998.8880	2	6	0	1	1	0.9169	0.5187
59	1217	1	2000.4380	3	1	90	1	1	0.9170	0.8562
59	1218	1	2001.9880	4	13	0	1	1	0.9171	0.6981
59	1219	1	2003.5380	6	2	0	1	1	0.9171	0.5403
59	1220	1	2005.0880	8	12	0	1	1	0.9172	0.5746
59	1221	1	2006.6380	5	5	90	1	1	0.9173	0.7682
59	1222	1	2008.1880	8	12	0	1	1	0.9173	0.5462
59	1223	1	2009.7381	9	14	0	1	1	0.9174	0.6607
59	1224	1	2011.2880	11	7	0	1	1	0.9175	0.5183
59	1225	1	2012.8380	12	15	0	1	1	0.9176	0.6643
59	1226	1	2014.3880	13	8	0	1	1	0.9176	0.5863
59	1227	1	2015.9381	12	15	0	1	1	0.9177	0.8119
59	1228	1	2017.4880	10	11	0	1	1	0.9178	0.8619
59	1229	1	2019.0381	11	7	0	1	1	0.9178	0.6565
59	1230	1	2020.5880	10	11	0	1	1	0.9179	0.6900
59	1231	1	2022.1380	11	7	0	1	1	0.9180	0.5324
59	1232	1	2023.6881	12	15	0	1	1	0.9180	0.7422
59	1233	1	2025.2380	13	8	90	1	1	0.9181	0.8723
59	1234	1	2026.7881	10	11	0	1	1	0.9182	0.6023
59	1235	1	2028.3380	13	8	0	1	1	0.9182	0.7327
59	1236	1	2029.8881	14	4	90	1	1	0.9183	0.7662
59	1237	1	2031.4381	15	9	0	1	1	0.9184	0.5442
59	1238	1	2032.9881	3	1	0	1	1	0.9184	0.6102
59	1239	1	2034.5382	1	10	0	1	1	0.9185	0.7083
59	1240	1	2036.0881	15	9	0	1	1	0.9185	0.5500
59	1241	1	2037.6381	3	1	0	1	1	0.9186	0.5842
59	1242	1	2039.1881	4	13	0	1	1	0.9187	0.5385
59	1243	1	2040.7381	3	1	0	1	1	0.9187	0.4923
59	1244	1	2042.2881	4	13	0	1	1	0.9188	0.4779
59	1245	1	2043.8381	7	3	0	1	1	0.9189	0.4805
59	1246	1	2045.3881	8	12	90	0	1	0.9181	0.4979
59	1247	1	2046.9381	5	5	0	1	1	0.9182	0.6922
59	1248	1	2048.4882	8	12	0	1	1	0.9183	0.5661
59	1249	1	2050.0381	5	5	0	1	1	0.9183	0.5839
59	1250	1	2051.5882	8	12	0	1	1	0.9184	0.4744
59	1251	1	2053.1382	6	2	0	1	1	0.9185	0.6999
59	1252	1	2054.6882	7	3	0	1	1	0.9185	0.6063
59	1253	1	2056.2383	8	12	0	1	1	0.9186	0.5282
59	1254	1	2057.7882	9	14	0	1	1	0.9187	0.6903
59	1255	1	2059.3381	10	11	0	1	1	0.9187	0.8041
59	1256	1	2060.8881	12	15	90	1	1	0.9188	0.9819
59	1257	1	2062.4382	11	7	0	1	1	0.9189	1.0324
59	1258	1	2063.9882	9	14	0	1	1	0.9189	0.9221
59	1259	1	2065.5383	12	15	0	1	1	0.9190	0.7638
59	1260	1	2067.0882	13	8	0	1	1	0.9190	0.6698
59	1261	1	2068.6382	10	11	0	1	1	0.9191	0.6242
59	1262	1	2070.1882	13	8	0	1	1	0.9192	0.5463
59	1263	1	2071.7382	10	11	0	1	1	0.9192	0.5963
59	1264	1	2073.2882	9	14	0	1	1	0.9193	0.6619
59	1265	1	2074.8382	8	12	90	1	1	0.9194	0.8888
59	1266	1	2076.3882	9	14	0	1	1	0.9194	0.5542
59	1267	1	2077.9382	8	12	0	1	1	0.9195	0.7163
59	1268	1	2079.4882	6	2	0	1	1	0.9196	0.5260
59	1269	1	2081.0382	8	12	90	0	1	0.9188	0.9603
59	1270	1	2082.5882	6	2	0	1	1	0.9189	0.6262
59	1271	1	2084.1382	4	13	0	1	1	0.9190	0.6125
59	1272	1	2085.6882	7	3	0	1	1	0.9190	0.7259
59	1273	1	2087.2382	6	2	90	0	1	0.9183	0.5038
59	1274	1	2088.7882	4	13	0	1	1	0.9184	0.5379
59	1275	1	2090.3382	6	2	0	1	1	0.9184	0.5239
59	1276	1	2091.8882	7	3	90	1	1	0.9185	0.8304
59	1277	1	2093.4382	8	12	0	1	1	0.9186	0.5600
59	1278	1	2094.9882	6	2	0	1	1	0.9186	0.5942
59	1279	1	2096.5382	4	13	0	1	1	0.9187	0.5803
59	1280	1	2098.0883	6	2	90	0	1	0.9180	0.6146
59	1281	1	2099.6383	8	12	0	1	1	0.9180	0.5518
59	1282	1	2101.1882	9	14	0	1	1	0.9181	0.6019
59	1283	1	2102.7383	12	15	0	1	1	0.9182	0.8119
59	1284	1	2104.2882	13	8	0	1	1	0.9182	0.6219
59	1285	1	2105.8382	10	11	0	1	1	0.9183	0.8164
59	1286	1	2107.3883	11	7	0	1	1	0.9184	0.5300
59	1287	1	2108.9383	9	14	0	1	1	0.9184	0.5806
59	1288	1	2110.4883	11	7	0	1	1	0.9185	0.5338
59	1289	1	2112.0383	13	8	0	1	1	0.9185	0.5041
59	1290	1	2113.5883	12	15	0	1	1	0.9186	0.5862
59	1291	1	2115.1383	10	11	0	1	1	0.9187	0.5564
59	1292	1	2116.6883	13	8	0	1	1	0.9187	0.5739
59	1293	1	2118.2383	11	7	0	1	1	0.9188	0.6401
59	1294	1	2119.7883	10	11	90	1	1	0.9189	0.8184
59	1295	1	2121.3383	9	14	0	1	1	0.9189	0.6123
59	1296	1	2122.8883	12	15	0	1	1	0.9190	0.7742
59	1297	1	2124.4383	10	11	0	1	1	0.9190	0.5041
59	1298	1	2125.9883	9	14	0	1	1	0.9191	0.5058
59	1299	1	2127.5383	12	15	0	1	1	0.9192	0.6363
59	1300	1	2129.0883	13	8	0	1	1	0.9192	0.5907
59	1301	1	2130.6383	12	15	90	1	1	0.9193	0.8003
59	1302	1	2132.1884	13	8	0	1	1	0.9194	0.4822
59	1303	1	2133.7383	10	11	0	1	1	0.9194	0.5318
59	1304	1	2135.2883	11	7	90	0	1	0.9187	0.5339
59	1305	1	2136.8383	10	11	0	1	1	0.9188	0.5364
59	1306	1	2138.3883	13	8	90	0	1	0.9181	0.4578
59	1307	1	2139.9384	14	4	0	1	1	0.9181	0.7493
59	1308	1	2141.4883	2	6	90	1	1	0.9182	0.9099
59	1309	1	2143.0384	1	10	0	1	1	0.9183	0.8322
59	1310	1	2144.5883	15	9	0	1	1	0.9183	0.7858
59	1311	1	2146.1384	2	6	90	1	1	0.9184	0.7244
59	1312	1	2147.6883	15	9	0	1	1	0.9184	0.5502
59	1313	1	2149.2383	1	10	0	1	1	0.9185	0.6478
59	1314	1	2150.7884	3	1	0	1	1	0.9186	0.7941
59	1315	1	2152.3384	15	9	90	1	1	0.9186	0.7000
59	1316	1	2153.8884	14	4	90	1	1	0.9187	0.7658
59	1317	1	2155.4384	1	10	0	1	1	0.9188	0.5758
59	1318	1	2156.9884	15	9	0	1	1	0.9188	0.5138
59	1319	1	2158.5384	14	4	0	1	1	0.9189	0.5958
59	1320	1	2160.0884	2	6	0	1	1	0.9189	0.5823
59	1321	1	2161.6383	3	1	0	0	1	0.9182	0.6643
59	1322	1	2163.1884	1	10	0	1	1	0.9183	0.5699
59	1323	1	2164.7384	2	6	0	1	1	0.9184	0.4761
59	1324	1	2166.2884	15	9	0	1	1	0.9184	0.5421
59	1325	1	2167.8384	14	4	0	1	1	0.9185	0.5280
59	1326	1	2169.3884	1	10	90	0	1	0.9178	0.5461
59	1327	1	2170.9384	2	6	90	1	1	0.9179	0.9320
59	1328	1	2172.4884	1	10	0	1	1	0.9179	0.6458
59	1329	1	2174.0384	3	1	0	1	1	0.9180	0.6166
59	1330	1	2175.5884	2	6	0	1	1	0.9180	0.5226
59	1331	1	2177.1384	1	10	0	1	1	0.9181	0.6518
59	1332	1	2178.6885	15	9	0	1	1	0.9182	0.5423
59	1333	1	2180.2385	14	4	0	1	1	0.9182	0.5763
59	1334	1	2181.7884	13	8	0	1	1	0.9183	0.7222
59	1335	1	2183.3385	12	15	0	1	1	0.9184	0.7078
59	1336	1	2184.8884	11	7	0	1	1	0.9184	0.9504
59	1337	1	2186.4385	13	8	0	1	1	0.9185	0.6319
59	1338	1	2187.9884	14	4	0	1	1	0.9185	0.5701
59	1339	1	2189.5385	1	10	0	1	1	0.9186	0.6997
59	1340	1	2191.0885	15	9	0	1	1	0.9187	0.5741
59	1341	1	2192.6385	2	6	0	1	1	0.9187	0.5602
59	1342	1	2194.1885	3	1	0	1	1	0.9188	0.6905
59	1343	1	2195.7385	4	13	0	1	1	0.9188	0.6597
59	1344	1	2197.2885	5	5	0	1	1	0.9189	0.5660
59	1345	1	2198.8385	6	2	0	1	1	0.9190	0.6000
59	1346	1	2200.3885	8	12	0	1	1	0.9190	0.5861
59	1347	1	2201.9385	6	2	0	1	1	0.9191	0.6837
59	1348	1	2203.4885	4	13	0	1	1	0.9191	0.6380
59	1349	1	2205.0385	6	2	0	1	1	0.9192	0.5121
59	1350	1	2206.5885	5	5	0	1	1	0.9193	0.5777
59	1351	1	2208.1385	6	2	0	1	1	0.9193	0.5161
59	1352	1	2209.6885	8	12	90	1	1	0.9194	0.7738
59	1353	1	2211.2386	6	2	0	1	1	0.9194	0.5357
59	1354	1	2212.7885	5	5	90	1	1	0.9195	0.8578
59	1355	1	2214.3386	7	3	0	1	1	0.9196	0.8437
59	1356	1	2215.8885	4	13	0	1	1	0.9196	0.6382
59	1357	1	2217.4386	6	2	0	1	1	0.9197	0.6566
59	1358	1	2218.9885	7	3	0	1	1	0.9197	0.5780
59	1359	1	2220.5385	6	2	0	1	1	0.9198	0.5321
59	1360	1	2222.0885	4	13	0	1	1	0.9199	0.4863
59	1361	1	2223.6385	3	1	0	1	1	0.9199	0.7117
59	1362	1	2225.1886	2	6	0	1	1	0.9200	0.6177
59	1363	1	2226.7385	1	10	0	1	1	0.9200	0.7961
59	1364	1	2228.2885	15	9	90	1	1	0.9201	0.7983
59	1365	1	2229.8385	3	1	0	1	1	0.9201	0.7360
59	1366	1	2231.3886	1	10	90	1	1	0.9202	1.2186
59	1367	1	2232.9386	15	9	0	1	1	0.9203	0.5481
59	1368	1	2234.4886	14	4	0	1	1	0.9203	0.8860
59	1369	1	2236.0386	13	8	0	1	1	0.9204	0.6797
59	1370	1	2237.5886	12	15	0	1	1	0.9204	0.6822
59	1371	1	2239.1386	13	8	0	1	1	0.9205	0.5241
59	1372	1	2240.6886	12	15	0	1	1	0.9206	0.6057
59	1373	1	2242.2386	9	14	0	1	1	0.9206	0.5921
59	1374	1	2243.7886	12	15	0	1	1	0.9207	0.6897
59	1375	1	2245.3387	10	11	0	1	1	0.9207	0.6116
59	1376	1	2246.8886	13	8	90	1	1	0.9208	0.7742
59	1377	1	2248.4386	14	4	0	1	1	0.9208	0.5997
59	1378	1	2249.9887	2	6	0	1	1	0.9209	0.5537
59	1379	1	2251.5387	1	10	0	1	1	0.9210	0.7482
59	1380	1	2253.0886	14	4	0	1	1	0.9210	0.5423
59	1381	1	2254.6386	1	10	0	1	1	0.9211	0.6720
59	1382	1	2256.1888	15	9	0	1	1	0.9211	0.5456
59	1383	1	2257.7387	2	6	90	1	1	0.9212	0.8517
59	1384	1	2259.2887	3	1	90	1	1	0.9212	0.8066
59	1385	1	2260.8388	2	6	0	1	1	0.9213	0.5199
59	1386	1	2262.3889	3	1	0	1	1	0.9214	0.6178
59	1387	1	2263.9388	4	13	0	1	1	0.9214	0.6682
59	1388	1	2265.4889	6	2	0	1	1	0.9215	0.5903
59	1389	1	2267.0387	8	12	0	1	1	0.9215	0.6725
59	1390	1	2268.5887	7	3	0	1	1	0.9216	0.6420
59	1391	1	2270.1388	6	2	0	1	1	0.9216	0.5476
59	1392	1	2271.6887	5	5	90	1	1	0.9217	0.7740
59	1393	1	2273.2388	6	2	0	1	1	0.9218	0.5200
59	1394	1	2274.7888	7	3	90	1	1	0.9218	0.7295
59	1395	1	2276.3388	6	2	90	1	1	0.9219	0.8436
59	1396	1	2277.8887	7	3	0	1	1	0.9219	0.7816
59	1397	1	2279.4388	5	5	0	1	1	0.9220	0.7518
59	1398	1	2280.9888	6	2	0	1	1	0.9220	0.5136
59	1399	1	2282.5388	8	12	0	1	1	0.9221	0.5799
59	1400	1	2284.0888	5	5	0	1	1	0.9221	0.5344
59	1	2	1.0165	11	7	0	-1	0	NaN	-1.0000
59	2	2	2.5498	9	14	0	-1	1	0.0000	0.8985
59	3	2	4.0832	11	7	0	-1	0	0.0000	-1.0000
59	4	2	5.6164	13	8	0	-1	0	0.0000	-1.0000
59	5	2	7.1500	14	4	0	-1	0	0.0000	-1.0000
59	6	2	8.6831	15	9	0	-1	0	0.0000	-1.0000
59	7	2	10.2167	1	10	0	-1	0	0.0000	-1.0000
59	8	2	11.7499	14	4	0	-1	0	0.0000	-1.0000
59	9	2	13.2832	15	9	0	-1	0	0.0000	-1.0000
59	10	2	14.8165	2	6	0	-1	0	0.0000	-1.0000
59	11	2	16.3498	14	4	0	-1	0	0.0000	-1.0000
59	12	2	17.8831	15	9	0	-1	0	0.0000	-1.0000
59	13	2	19.4167	1	10	0	-1	0	0.0000	-1.0000
59	14	2	20.9499	15	9	0	-1	0	0.0000	-1.0000
59	15	2	22.4832	1	10	0	-1	0	0.0000	-1.0000
59	16	2	24.0165	15	9	0	-1	0	0.0000	-1.0000
59	17	2	25.5498	14	4	0	-1	0	0.0000	-1.0000
59	18	2	27.0832	13	8	0	-1	0	0.0000	-1.0000
59	19	2	28.6165	12	15	0	-1	0	0.0000	-1.0000
59	20	2	30.1501	11	7	0	-1	0	0.0000	-1.0000
59	21	2	31.6832	10	11	0	-1	0	0.0000	-1.0000
59	22	2	33.2165	9	14	0	-1	0	0.0000	-1.0000
59	23	2	34.7498	8	12	0	-1	0	0.0000	-1.0000
59	24	2	36.2834	7	3	0	-1	0	0.0000	-1.0000
59	25	2	37.8165	6	2	0	-1	0	0.0000	-1.0000
59	26	2	39.3499	5	5	0	-1	0	0.0000	-1.0000
59	27	2	40.8832	4	13	0	-1	0	0.0000	-1.0000
59	28	2	42.4165	3	1	0	-1	0	0.0000	-1.0000
59	29	2	43.9499	2	6	0	-1	0	0.0000	-1.0000
59	30	2	45.4833	1	10	0	-1	0	0.0000	-1.0000
59	31	2	47.0166	15	9	0	-1	0	0.0000	-1.0000
59	32	2	48.5499	1	10	0	-1	0	0.0000	-1.0000
59	33	2	50.0832	2	6	0	-1	0	0.0000	-1.0000
59	34	2	51.6166	1	10	0	-1	0	0.0000	-1.0000
59	35	2	53.1500	15	9	0	-1	0	0.0000	-1.0000
59	36	2	54.6832	1	10	0	-1	0	0.0000	-1.0000
59	37	2	56.2165	3	1	0	-1	0	0.0000	-1.0000
59	38	2	57.7499	15	9	0	-1	0	0.0000	-1.0000
59	39	2	59.2833	1	10	0	-1	0	0.0000	-1.0000
59	40	2	60.8166	14	4	0	-1	0	0.0000	-1.0000
59	41	2	62.3499	13	8	0	-1	0	0.0000	-1.0000
59	42	2	63.8833	11	7	0	-1	0	0.0000	-1.0000
59	43	2	65.4166	12	15	0	-1	0	0.0000	-1.0000
59	44	2	66.9500	10	11	0	-1	0	0.0000	-1.0000
59	45	2	68.4833	9	14	0	-1	0	0.0000	-1.0000
59	46	2	70.0166	10	11	0	-1	0	0.0000	-1.0000
59	47	2	71.5500	11	7	0	-1	0	0.0000	-1.0000
59	48	2	73.0833	12	15	0	-1	0	0.0000	-1.0000
59	49	2	74.6166	13	8	0	-1	0	0.0000	-1.0000
59	50	2	76.1502	14	4	0	-1	0	0.0000	-1.0000
59	51	2	77.6834	15	9	0	-1	0	0.0000	-1.0000
59	52	2	79.2167	1	10	0	-1	0	0.0000	-1.0000
59	53	2	80.7500	2	6	0	-1	0	0.0000	-1.0000
59	54	2	82.2834	3	1	0	-1	0	0.0000	-1.0000
59	55	2	83.8167	4	13	0	-1	0	0.0000	-1.0000
59	56	2	85.3500	5	5	0	-1	0	0.0000	-1.0000
59	57	2	86.8835	6	2	0	-1	0	0.0000	-1.0000
59	58	2	88.4167	7	3	0	-1	0	0.0000	-1.0000
59	59	2	89.9501	8	12	0	-1	0	0.0000	-1.0000
59	60	2	91.4834	9	14	0	-1	0	0.0000	-1.0000
59	61	2	93.0167	8	12	0	-1	0	0.0000	-1.0000
59	62	2	94.5499	7	3	0	-1	0	0.0000	-1.0000
59	63	2	96.0835	8	12	0	-1	0	0.0000	-1.0000
59	64	2	97.6166	9	14	0	-1	0	0.0000	-1.0000
59	65	2	99.1500	8	12	0	-1	0	0.0000	-1.0000
59	66	2	100.6834	7	3	0	-1	0	0.0000	-1.0000
59	67	2	102.2167	6	2	0	-1	0	0.0000	-1.0000
59	68	2	103.7501	8	12	0	-1	0	0.0000	-1.0000
59	69	2	105.2835	7	3	0	-1	0	0.0000	-1.0000
59	70	2	106.8167	5	5	0	-1	0	0.0000	-1.0000
59	71	2	108.3502	6	2	0	-1	0	0.0000	-1.0000
59	72	2	109.8834	5	5	0	-1	0	0.0000	-1.0000
59	73	2	111.4167	4	13	0	-1	0	0.0000	-1.0000
59	74	2	112.9501	7	3	0	-1	0	0.0000	-1.0000
59	75	2	114.4835	5	5	0	-1	0	0.0000	-1.0000
59	76	2	116.0169	6	2	0	-1	0	0.0000	-1.0000
59	77	2	117.5500	7	3	0	-1	0	0.0000	-1.0000
59	78	2	119.0834	8	12	0	-1	0	0.0000	-1.0000
59	79	2	120.6167	9	14	0	-1	0	0.0000	-1.0000
59	80	2	122.1501	10	11	0	-1	0	0.0000	-1.0000
59	81	2	123.6834	11	7	0	-1	0	0.0000	-1.0000
59	82	2	125.2167	12	15	0	-1	0	0.0000	-1.0000
59	83	2	126.7500	13	8	0	-1	0	0.0000	-1.0000
59	84	2	128.2836	14	4	0	-1	0	0.0000	-1.0000
59	85	2	129.8168	15	9	0	-1	0	0.0000	-1.0000
59	86	2	131.3502	1	10	0	-1	0	0.0000	-1.0000
59	87	2	132.8834	2	6	0	-1	0	0.0000	-1.0000
59	88	2	134.4168	3	1	0	-1	0	0.0000	-1.0000
59	89	2	135.9501	4	13	0	-1	0	0.0000	-1.0000
59	90	2	137.4835	5	5	0	-1	0	0.0000	-1.0000
59	91	2	139.0170	4	13	0	-1	0	0.0000	-1.0000
59	92	2	140.5503	3	1	0	-1	0	0.0000	-1.0000
59	93	2	142.0835	2	6	0	-1	0	0.0000	-1.0000
59	94	2	143.6168	14	4	0	-1	0	0.0000	-1.0000
59	95	2	145.1503	1	10	0	-1	0	0.0000	-1.0000
59	96	2	146.6834	3	1	0	-1	0	0.0000	-1.0000
59	97	2	148.2170	4	13	0	-1	0	0.0000	-1.0000
59	98	2	149.7502	5	5	0	-1	0	0.0000	-1.0000
59	99	2	151.2837	6	2	0	-1	0	0.0000	-1.0000
59	100	2	152.8169	5	5	0	-1	0	0.0000	-1.0000
59	101	2	154.3502	4	13	0	-1	0	0.0000	-1.0000
59	102	2	155.8836	7	3	0	-1	0	0.0000	-1.0000
59	103	2	157.4169	8	12	0	-1	0	0.0000	-1.0000
59	104	2	158.9501	9	14	0	-1	0	0.0000	-1.0000
59	105	2	160.4835	12	15	0	-1	0	0.0000	-1.0000
59	106	2	162.0170	11	7	0	-1	0	0.0000	-1.0000
59	107	2	163.5503	10	11	0	-1	0	0.0000	-1.0000
59	108	2	165.0836	9	14	0	-1	0	0.0000	-1.0000
59	109	2	166.6168	8	12	0	-1	0	0.0000	-1.0000
59	110	2	168.1504	7	3	0	-1	0	0.0000	-1.0000
59	111	2	169.6836	6	2	0	-1	0	0.0000	-1.0000
59	112	2	171.2168	5	5	0	-1	0	0.0000	-1.0000
59	113	2	172.7504	4	13	0	-1	0	0.0000	-1.0000
59	114	2	174.2836	3	1	0	-1	0	0.0000	-1.0000
59	115	2	175.8168	2	6	0	-1	0	0.0000	-1.0000
59	116	2	177.3503	1	10	0	-1	0	0.0000	-1.0000
59	117	2	178.8836	15	9	0	-1	0	0.0000	-1.0000
59	118	2	180.7003	14	4	0	-1	0	0.0000	-1.0000
59	119	2	182.2336	13	8	0	-1	0	0.0000	-1.0000
59	120	2	183.7669	12	15	0	-1	0	0.0000	-1.0000
59	121	2	185.3003	11	7	0	-1	0	0.0000	-1.0000
59	122	2	186.8336	9	14	0	-1	0	0.0000	-1.0000
59	123	2	188.3669	8	12	0	-1	0	0.0000	-1.0000
59	124	2	189.9003	9	14	0	-1	0	0.0000	-1.0000
59	125	2	191.4336	8	12	0	-1	0	0.0000	-1.0000
59	126	2	192.9671	5	5	0	-1	0	0.0000	-1.0000
59	127	2	194.5002	6	2	0	-1	0	0.0000	-1.0000
59	128	2	196.0336	4	13	0	-1	0	0.0000	-1.0000
59	129	2	197.5669	7	3	0	-1	0	0.0000	-1.0000
59	130	2	199.1005	4	13	0	-1	0	0.0000	-1.0000
59	131	2	200.6337	5	5	0	-1	0	0.0000	-1.0000
59	132	2	202.1670	7	3	0	-1	0	0.0000	-1.0000
59	133	2	203.7005	8	12	0	-1	0	0.0000	-1.0000
59	134	2	205.2336	7	3	0	-1	0	0.0000	-1.0000
59	135	2	206.7670	5	5	0	-1	0	0.0000	-1.0000
59	136	2	208.3003	6	2	0	-1	0	0.0000	-1.0000
59	137	2	209.8336	7	3	0	-1	0	0.0000	-1.0000
59	138	2	211.3670	8	12	0	-1	0	0.0000	-1.0000
59	139	2	212.9002	9	14	0	-1	0	0.0000	-1.0000
59	140	2	214.4336	10	11	0	-1	0	0.0000	-1.0000
59	141	2	215.9669	11	7	0	-1	0	0.0000	-1.0000
59	142	2	217.5004	12	15	0	-1	0	0.0000	-1.0000
59	143	2	219.0336	13	8	0	-1	0	0.0000	-1.0000
59	144	2	220.5669	14	4	0	-1	0	0.0000	-1.0000
59	145	2	222.1004	15	9	0	-1	0	0.0000	-1.0000
59	146	2	223.6336	1	10	0	-1	0	0.0000	-1.0000
59	147	2	225.1671	2	6	0	-1	0	0.0000	-1.0000
59	148	2	226.7004	3	1	0	-1	0	0.0000	-1.0000
59	149	2	228.2337	4	13	0	-1	0	0.0000	-1.0000
59	150	2	229.7670	5	5	0	-1	0	0.0000	-1.0000
59	151	2	231.3003	8	12	0	-1	0	0.0000	-1.0000
59	152	2	232.8337	5	5	0	-1	0	0.0000	-1.0000
59	153	2	234.3669	4	13	0	-1	0	0.0000	-1.0000
59	154	2	235.9005	5	5	0	-1	0	0.0000	-1.0000
59	155	2	237.4338	7	3	0	-1	0	0.0000	-1.0000
59	156	2	238.9670	4	13	0	-1	0	0.0000	-1.0000
59	157	2	240.5004	6	2	0	-1	0	0.0000	-1.0000
59	158	2	242.0338	8	12	0	-1	0	0.0000	-1.0000
59	159	2	243.5671	5	5	0	-1	0	0.0000	-1.0000
59	160	2	245.1005	8	12	0	-1	0	0.0000	-1.0000
59	161	2	246.6338	6	2	0	-1	0	0.0000	-1.0000
59	162	2	248.1670	7	3	0	-1	0	0.0000	-1.0000
59	163	2	249.7004	5	5	0	-1	0	0.0000	-1.0000
59	164	2	251.2337	8	12	0	-1	0	0.0000	-1.0000
59	165	2	252.7670	9	14	0	-1	0	0.0000	-1.0000
59	166	2	254.3005	10	11	0	-1	0	0.0000	-1.0000
59	167	2	255.8338	11	7	0	-1	0	0.0000	-1.0000
59	168	2	257.3671	12	15	0	-1	0	0.0000	-1.0000
59	169	2	258.9004	13	8	0	-1	0	0.0000	-1.0000
59	170	2	260.4338	14	4	0	-1	0	0.0000	-1.0000
59	171	2	261.9672	15	9	0	-1	0	0.0000	-1.0000
59	172	2	263.5005	1	10	0	-1	0	0.0000	-1.0000
59	173	2	265.0338	2	6	0	-1	0	0.0000	-1.0000
59	174	2	266.5670	3	1	0	-1	0	0.0000	-1.0000
59	175	2	268.1005	4	13	0	-1	0	0.0000	-1.0000
59	176	2	269.6337	5	5	0	-1	0	0.0000	-1.0000
59	177	2	271.1670	6	2	0	-1	0	0.0000	-1.0000
59	178	2	272.7005	7	3	0	-1	0	0.0000	-1.0000
59	179	2	274.2339	8	12	0	-1	0	0.0000	-1.0000
59	180	2	275.7673	9	14	0	-1	0	0.0000	-1.0000
59	181	2	277.3006	10	11	0	-1	0	0.0000	-1.0000
59	182	2	278.8337	9	14	0	-1	0	0.0000	-1.0000
59	183	2	280.3671	10	11	0	-1	0	0.0000	-1.0000
59	184	2	281.9005	9	14	0	-1	0	0.0000	-1.0000
59	185	2	283.4338	8	12	0	-1	0	0.0000	-1.0000
59	186	2	284.9673	7	3	0	-1	0	0.0000	-1.0000
59	187	2	286.5007	4	13	0	-1	0	0.0000	-1.0000
59	188	2	288.0338	6	2	0	-1	0	0.0000	-1.0000
59	189	2	289.5672	5	5	0	-1	0	0.0000	-1.0000
59	190	2	291.1004	6	2	0	-1	0	0.0000	-1.0000
59	191	2	292.6340	7	3	0	-1	0	0.0000	-1.0000
59	192	2	294.1671	5	5	0	-1	1	0.0000	0.8183
59	193	2	295.7005	4	13	0	-1	0	0.0000	-1.0000
59	194	2	297.2338	7	3	0	-1	0	0.0000	-1.0000
59	195	2	298.7672	4	13	0	-1	0	0.0000	-1.0000
59	196	2	300.3005	3	1	0	-1	0	0.0000	-1.0000
59	197	2	301.8339	2	6	0	-1	0	0.0000	-1.0000
59	198	2	303.3671	1	10	0	-1	0	0.0000	-1.0000
59	199	2	304.9005	15	9	0	-1	0	0.0000	-1.0000
59	200	2	306.4339	14	4	0	-1	0	0.0000	-1.0000
59	201	2	307.9674	13	8	0	-1	0	0.0000	-1.0000
59	202	2	309.5007	12	15	0	-1	0	0.0000	-1.0000
59	203	2	311.0338	11	7	0	-1	0	0.0000	-1.0000
59	204	2	312.5671	10	11	0	-1	0	0.0000	-1.0000
59	205	2	314.1005	9	14	0	-1	0	0.0000	-1.0000
59	206	2	315.6339	8	12	0	-1	0	0.0000	-1.0000
59	207	2	317.1673	7	3	0	-1	0	0.0000	-1.0000
59	208	2	318.7005	6	2	0	-1	0	0.0000	-1.0000
59	209	2	320.2339	5	5	0	-1	0	0.0000	-1.0000
59	210	2	321.7673	4	13	0	-1	0	0.0000	-1.0000
59	211	2	323.3005	7	3	0	-1	0	0.0000	-1.0000
59	212	2	324.8341	4	13	0	-1	0	0.0000	-1.0000
59	213	2	326.3673	6	2	0	-1	0	0.0000	-1.0000
59	214	2	327.9006	5	5	0	-1	0	0.0000	-1.0000
59	215	2	329.4339	7	3	0	-1	0	0.0000	-1.0000
59	216	2	330.9673	8	12	0	-1	0	0.0000	-1.0000
59	217	2	332.5006	9	14	0	-1	0	0.0000	-1.0000
59	218	2	334.0339	12	15	0	-1	0	0.0000	-1.0000
59	219	2	335.5673	11	7	0	-1	0	0.0000	-1.0000
59	220	2	337.1007	9	14	0	-1	1	0.0000	0.0168
59	221	2	338.6339	10	11	0	-1	0	0.0000	-1.0000
59	222	2	340.1673	13	8	0	-1	0	0.0000	-1.0000
59	223	2	341.7007	11	7	0	-1	0	0.0000	-1.0000
59	224	2	343.2339	13	8	0	-1	0	0.0000	-1.0000
59	225	2	344.7673	12	15	0	-1	1	0.0000	0.9224
59	226	2	346.3007	13	8	0	-1	0	0.0000	-1.0000
59	227	2	347.8340	14	4	0	-1	0	0.0000	-1.0000
59	228	2	349.3673	15	9	0	-1	0	0.0000	-1.0000
59	229	2	350.9007	1	10	0	-1	0	0.0000	-1.0000
59	230	2	352.4340	2	6	0	-1	0	0.0000	-1.0000
59	231	2	353.9675	3	1	0	-1	0	0.0000	-1.0000
59	232	2	355.5006	4	13	0	-1	0	0.0000	-1.0000
59	233	2	357.0340	5	5	0	-1	0	0.0000	-1.0000
59	234	2	358.5673	6	2	0	-1	0	0.0000	-1.0000
59	235	2	360.1006	7	3	0	-1	1	0.0000	0.7251
59	236	2	361.6340	8	12	0	-1	0	0.0000	-1.0000
59	237	2	363.1673	9	14	0	-1	0	0.0000	-1.0000
59	238	2	364.7006	10	11	0	-1	0	0.0000	-1.0000
59	239	2	366.2341	11	7	0	-1	0	0.0000	-1.0000
59	240	2	367.7674	12	15	0	-1	0	0.0000	-1.0000
59	241	2	369.3006	13	8	0	-1	0	0.0000	-1.0000
59	242	2	370.8342	10	11	0	-1	0	0.0000	-1.0000
59	243	2	372.3674	11	7	0	-1	0	0.0000	-1.0000
59	244	2	373.9007	9	14	0	-1	0	0.0000	-1.0000
59	245	2	375.4341	8	12	0	-1	1	0.1667	1.1192
59	246	2	376.9673	7	3	0	-1	0	0.1667	-1.0000
59	247	2	378.5007	5	5	0	-1	0	0.1667	-1.0000
59	248	2	380.0341	6	2	0	-1	0	0.1667	-1.0000
59	249	2	381.5676	5	5	0	-1	1	0.1429	1.1301
59	250	2	383.1007	8	12	0	-1	0	0.1429	-1.0000
59	251	2	384.6340	5	5	0	-1	1	0.1250	1.0875
59	252	2	386.1674	8	12	0	-1	0	0.1250	-1.0000
59	253	2	387.7006	5	5	0	-1	0	0.1250	-1.0000
59	254	2	389.2341	7	3	0	-1	0	0.1250	-1.0000
59	255	2	390.7676	6	2	0	-1	0	0.1250	-1.0000
59	256	2	392.3007	5	5	0	-1	0	0.1250	-1.0000
59	257	2	393.8343	4	13	0	-1	0	0.1250	-1.0000
59	258	2	395.3674	3	1	0	-1	1	0.2222	0.8018
59	259	2	396.9008	2	6	0	-1	0	0.2222	-1.0000
59	260	2	398.4341	1	10	0	-1	0	0.2222	-1.0000
59	261	2	399.9676	15	9	0	-1	0	0.2222	-1.0000
59	262	2	401.5007	14	4	0	-1	0	0.2222	-1.0000
59	263	2	403.0342	13	8	0	-1	0	0.2222	-1.0000
59	264	2	404.5674	12	15	0	-1	1	0.2000	0.4817
59	265	2	406.1008	11	7	0	-1	0	0.2000	-1.0000
59	266	2	407.6342	10	11	0	-1	0	0.2000	-1.0000
59	267	2	409.1675	9	14	0	-1	0	0.2000	-1.0000
59	268	2	410.7008	8	12	0	-1	0	0.2000	-1.0000
59	269	2	412.2342	7	3	0	-1	0	0.2000	-1.0000
59	270	2	413.7674	6	2	0	-1	0	0.2000	-1.0000
59	271	2	415.3009	5	5	0	-1	0	0.2000	-1.0000
59	272	2	416.8342	8	12	0	-1	0	0.2000	-1.0000
59	273	2	418.3675	7	3	0	-1	0	0.2000	-1.0000
59	274	2	419.9007	6	2	0	-1	0	0.2000	-1.0000
59	275	2	421.4341	4	13	0	-1	0	0.2000	-1.0000
59	276	2	422.9675	5	5	0	-1	1	0.1818	1.2013
59	277	2	424.5010	4	13	0	-1	0	0.1818	-1.0000
59	278	2	426.0342	6	2	0	-1	0	0.1818	-1.0000
59	279	2	427.5676	8	12	0	-1	0	0.1818	-1.0000
59	280	2	429.1009	6	2	0	-1	1	0.1667	1.3246
59	281	2	430.6341	8	12	0	-1	0	0.1667	-1.0000
59	282	2	432.1677	5	5	0	-1	0	0.1667	-1.0000
59	283	2	433.7010	8	12	0	-1	1	0.1538	1.0121
59	284	2	435.2341	7	3	0	-1	0	0.1538	-1.0000
59	285	2	436.7677	5	5	0	-1	1	0.1429	0.6173
59	286	2	438.3010	6	2	0	-1	0	0.1429	-1.0000
59	287	2	439.8342	7	3	0	-1	0	0.1429	-1.0000
59	288	2	441.3675	8	12	0	-1	1	0.1333	0.8018
59	289	2	442.9009	9	14	0	-1	0	0.1333	-1.0000
59	290	2	444.4341	10	11	0	-1	0	0.1333	-1.0000
59	291	2	445.9675	11	7	0	-1	0	0.1333	-1.0000
59	292	2	447.5010	12	15	0	-1	1	0.1250	0.6043
59	293	2	449.0343	13	8	0	-1	0	0.1250	-1.0000
59	294	2	450.5675	14	4	0	-1	0	0.1250	-1.0000
59	295	2	452.1009	15	9	0	-1	0	0.1250	-1.0000
59	296	2	453.6342	1	10	0	-1	1	0.1176	0.2787
59	297	2	455.1676	2	6	0	-1	0	0.1176	-1.0000
59	298	2	456.7008	3	1	0	-1	0	0.1176	-1.0000
59	299	2	458.2342	4	13	0	-1	0	0.1176	-1.0000
59	300	2	459.7676	5	5	0	-1	0	0.1176	-1.0000
59	301	2	461.3009	4	13	0	-1	0	0.1176	-1.0000
59	302	2	462.8343	7	3	0	-1	0	0.1176	-1.0000
59	303	2	464.3675	8	12	0	-1	0	0.1176	-1.0000
59	304	2	465.9011	7	3	0	-1	0	0.1176	-1.0000
59	305	2	467.4342	5	5	0	-1	1	0.1111	1.4394
59	306	2	468.9676	7	3	0	-1	1	0.1053	0.0168
59	307	2	470.5010	8	12	0	-1	0	0.1053	-1.0000
59	308	2	472.0345	7	3	0	-1	0	0.1053	-1.0000
59	309	2	473.5677	4	13	0	-1	0	0.1053	-1.0000
59	310	2	475.1009	6	2	0	-1	0	0.1053	-1.0000
59	311	2	476.6345	8	12	0	-1	0	0.1053	-1.0000
59	312	2	478.1677	5	5	0	-1	1	0.1000	0.9612
59	313	2	479.7009	6	2	0	-1	0	0.1000	-1.0000
59	314	2	481.2344	7	3	0	-1	0	0.1000	-1.0000
59	315	2	482.7676	5	5	0	-1	1	0.0952	0.9223
59	316	2	484.3010	4	13	0	-1	0	0.0952	-1.0000
59	317	2	485.8344	3	1	0	-1	0	0.0952	-1.0000
59	318	2	487.3677	2	6	0	-1	0	0.0952	-1.0000
59	319	2	488.9012	1	10	0	-1	0	0.0952	-1.0000
59	320	2	490.4345	15	9	0	-1	0	0.0952	-1.0000
59	321	2	491.9677	14	4	0	-1	0	0.0952	-1.0000
59	322	2	493.5011	13	8	0	-1	0	0.0952	-1.0000
59	323	2	495.0345	12	15	0	-1	0	0.0952	-1.0000
59	324	2	496.5677	11	7	0	-1	0	0.0952	-1.0000
59	325	2	498.1011	10	11	0	-1	0	0.0952	-1.0000
59	326	2	499.6343	9	14	0	-1	0	0.0952	-1.0000
59	327	2	501.1677	8	12	0	-1	0	0.0952	-1.0000
59	328	2	502.7010	7	3	0	-1	0	0.0952	-1.0000
59	329	2	504.2344	6	2	0	-1	0	0.0952	-1.0000
59	330	2	505.7678	5	5	0	-1	0	0.0952	-1.0000
59	331	2	507.3011	4	13	0	-1	0	0.0952	-1.0000
59	332	2	508.8343	7	3	0	-1	0	0.0952	-1.0000
59	333	2	510.3677	5	5	0	-1	0	0.0952	-1.0000
59	334	2	511.9011	7	3	0	-1	0	0.0952	-1.0000
59	335	2	513.4344	4	13	0	-1	0	0.0952	-1.0000
59	336	2	514.9676	5	5	0	-1	0	0.0952	-1.0000
59	337	2	516.5010	8	12	0	-1	0	0.0952	-1.0000
59	338	2	518.0344	5	5	0	-1	0	0.0952	-1.0000
59	339	2	519.5678	7	3	0	-1	0	0.0952	-1.0000
59	340	2	521.1011	8	12	0	-1	0	0.0952	-1.0000
59	341	2	522.6345	5	5	0	-1	0	0.0952	-1.0000
59	342	2	524.1677	8	12	0	-1	0	0.0952	-1.0000
59	343	2	525.7011	6	2	0	-1	0	0.0952	-1.0000
59	344	2	527.2344	7	3	0	-1	0	0.0952	-1.0000
59	345	2	528.7678	5	5	0	-1	0	0.0952	-1.0000
59	346	2	530.3011	6	2	0	-1	0	0.0952	-1.0000
59	347	2	531.8346	7	3	0	-1	0	0.0952	-1.0000
59	348	2	533.3678	8	12	0	-1	0	0.0952	-1.0000
59	349	2	534.9012	9	14	0	-1	0	0.0952	-1.0000
59	350	2	536.4343	10	11	0	-1	0	0.0952	-1.0000
59	351	2	537.9679	11	7	0	-1	0	0.0952	-1.0000
59	352	2	539.5012	12	15	0	-1	0	0.0952	-1.0000
59	353	2	541.0344	13	8	0	-1	1	0.0909	1.0710
59	354	2	542.5679	14	4	0	-1	0	0.0909	-1.0000
59	355	2	544.1010	15	9	0	-1	0	0.0909	-1.0000
59	356	2	545.6345	1	10	0	-1	0	0.0909	-1.0000
59	357	2	547.1677	2	6	0	-1	0	0.0909	-1.0000
59	358	2	548.7013	3	1	0	-1	0	0.0909	-1.0000
59	359	2	550.2345	4	13	0	-1	0	0.0909	-1.0000
59	360	2	551.7677	5	5	0	-1	0	0.0909	-1.0000
59	361	2	553.3011	7	3	0	-1	0	0.0909	-1.0000
59	362	2	554.8345	8	12	0	-1	0	0.0909	-1.0000
59	363	2	556.3678	6	2	0	-1	0	0.0909	-1.0000
59	364	2	557.9014	5	5	0	-1	0	0.0909	-1.0000
59	365	2	559.4344	8	12	0	-1	0	0.0909	-1.0000
59	366	2	560.9678	6	2	0	-1	0	0.0909	-1.0000
59	367	2	562.5012	7	3	0	-1	0	0.0909	-1.0000
59	368	2	564.0345	4	13	0	-1	0	0.0909	-1.0000
59	369	2	565.8345	5	5	0	-1	1	0.0870	0.3665
59	370	2	567.3678	4	13	0	-1	0	0.0870	-1.0000
59	371	2	568.9011	6	2	0	-1	0	0.0870	-1.0000
59	372	2	570.4345	4	13	0	-1	0	0.0870	-1.0000
59	373	2	571.9681	5	5	0	-1	0	0.0870	-1.0000
59	374	2	573.5013	7	3	0	-1	0	0.0870	-1.0000
59	375	2	575.0344	6	2	0	-1	0	0.0870	-1.0000
59	376	2	576.5680	7	3	0	-1	0	0.0870	-1.0000
59	377	2	578.1013	8	12	0	-1	0	0.0870	-1.0000
59	378	2	579.6345	9	14	0	-1	0	0.0870	-1.0000
59	379	2	581.1679	10	11	0	-1	0	0.0870	-1.0000
59	380	2	582.7012	11	7	0	-1	0	0.0870	-1.0000
59	381	2	584.2346	12	15	0	-1	0	0.0870	-1.0000
59	382	2	585.7679	13	8	0	-1	0	0.0870	-1.0000
59	383	2	587.3012	14	4	0	-1	0	0.0870	-1.0000
59	384	2	588.8345	15	9	0	-1	0	0.0870	-1.0000
59	385	2	590.3678	1	10	0	-1	0	0.0870	-1.0000
59	386	2	591.9014	2	6	0	-1	1	0.0833	1.0679
59	387	2	593.4347	3	1	0	-1	0	0.0833	-1.0000
59	388	2	594.9680	4	13	0	-1	0	0.0833	-1.0000
59	389	2	596.5013	5	5	0	-1	1	0.0800	1.3643
59	390	2	598.0346	6	2	0	-1	0	0.0800	-1.0000
59	391	2	599.5680	7	3	0	-1	0	0.0800	-1.0000
59	392	2	601.1012	8	12	0	-1	1	0.0769	0.7008
59	393	2	602.6346	7	3	0	-1	0	0.0769	-1.0000
59	394	2	604.1679	8	12	0	-1	0	0.0769	-1.0000
59	395	2	605.7015	7	3	0	-1	0	0.0769	-1.0000
59	396	2	607.2346	4	13	0	-1	1	0.0741	0.5990
59	397	2	608.7680	7	3	0	-1	0	0.0741	-1.0000
59	398	2	610.3013	6	2	0	-1	1	0.0714	0.7483
59	399	2	611.8347	4	13	0	-1	0	0.0714	-1.0000
59	400	2	613.3680	7	3	0	-1	0	0.0714	-1.0000
59	401	2	614.9013	5	5	0	-1	0	0.0714	-1.0000
59	402	2	616.4347	4	13	0	-1	0	0.0714	-1.0000
59	403	2	617.9682	3	1	0	-1	1	0.1034	0.8254
59	404	2	619.5014	4	13	0	-1	0	0.1034	-1.0000
59	405	2	621.0349	7	3	0	-1	0	0.1034	-1.0000
59	406	2	622.5680	8	12	0	-1	1	0.1000	0.6899
59	407	2	624.1014	9	14	0	-1	0	0.1000	-1.0000
59	408	2	625.6346	10	11	0	-1	0	0.1000	-1.0000
59	409	2	627.1680	11	7	0	-1	0	0.1000	-1.0000
59	410	2	628.7015	12	15	0	-1	0	0.1000	-1.0000
59	411	2	630.2347	13	8	0	-1	0	0.1000	-1.0000
59	412	2	631.7680	14	4	0	-1	0	0.1000	-1.0000
59	413	2	633.3013	15	9	0	-1	0	0.1000	-1.0000
59	414	2	634.8349	1	10	0	-1	0	0.1000	-1.0000
59	415	2	636.3680	2	6	0	-1	0	0.1000	-1.0000
59	416	2	637.9013	3	1	0	-1	0	0.1000	-1.0000
59	417	2	639.4346	4	13	0	-1	0	0.1000	-1.0000
59	418	2	640.9680	5	5	0	-1	1	0.0968	0.8815
59	419	2	642.5013	6	2	0	-1	0	0.0968	-1.0000
59	420	2	644.0346	7	3	0	-1	0	0.0968	-1.0000
59	421	2	645.5680	6	2	0	-1	0	0.0968	-1.0000
59	422	2	647.1013	4	13	0	-1	0	0.0968	-1.0000
59	423	2	648.6348	7	3	0	-1	0	0.0968	-1.0000
59	424	2	650.1680	5	5	0	-1	1	0.0938	0.5931
59	425	2	651.7015	7	3	0	-1	0	0.0938	-1.0000
59	426	2	653.2346	4	13	0	-1	0	0.0938	-1.0000
59	427	2	654.7680	6	2	0	-1	0	0.0938	-1.0000
59	428	2	656.3015	8	12	0	-1	0	0.0938	-1.0000
59	429	2	657.8348	7	3	0	-1	1	0.0909	0.6707
59	430	2	659.3681	5	5	0	-1	0	0.0909	-1.0000
59	431	2	660.9014	6	2	0	-1	0	0.0909	-1.0000
59	432	2	662.4347	5	5	0	-1	1	0.0882	0.9993
59	433	2	663.9681	7	3	0	-1	0	0.0882	-1.0000
59	434	2	665.5015	5	5	0	-1	0	0.0882	-1.0000
59	435	2	667.0347	8	12	0	-1	0	0.0882	-1.0000
59	436	2	668.5680	9	14	0	-1	0	0.0882	-1.0000
59	437	2	670.1014	10	11	0	-1	1	0.0857	0.7246
59	438	2	671.6348	11	7	0	-1	0	0.0857	-1.0000
59	439	2	673.1681	12	15	0	-1	0	0.0857	-1.0000
59	440	2	674.7016	13	8	0	-1	0	0.0857	-1.0000
59	441	2	676.2348	14	4	0	-1	0	0.0857	-1.0000
59	442	2	677.7681	15	9	0	-1	1	0.0833	0.7859
59	443	2	679.3014	1	10	0	-1	0	0.0833	-1.0000
59	444	2	680.8348	2	6	0	-1	0	0.0833	-1.0000
59	445	2	682.3682	3	1	0	-1	0	0.0833	-1.0000
59	446	2	683.9015	4	13	0	-1	0	0.0833	-1.0000
59	447	2	685.4349	5	5	0	-1	0	0.0833	-1.0000
59	448	2	686.9682	6	2	0	-1	0	0.0833	-1.0000
59	449	2	688.5015	7	3	0	-1	0	0.0833	-1.0000
59	450	2	690.0349	8	12	0	-1	0	0.0833	-1.0000
59	451	2	691.5682	7	3	0	-1	1	0.0811	1.3059
59	452	2	693.1015	4	13	0	-1	0	0.0811	-1.0000
59	453	2	694.6348	5	5	0	-1	0	0.0811	-1.0000
59	454	2	696.1681	4	13	0	-1	0	0.0811	-1.0000
59	455	2	697.7016	3	1	0	-1	0	0.0811	-1.0000
59	456	2	699.2348	15	9	0	-1	1	0.0789	1.0949
59	457	2	700.7683	2	6	0	-1	0	0.0789	-1.0000
59	458	2	702.3016	3	1	0	-1	0	0.0789	-1.0000
59	459	2	703.8349	1	10	0	-1	0	0.0789	-1.0000
59	460	2	705.3681	14	4	0	-1	1	0.0769	0.7374
59	461	2	706.9014	1	10	0	-1	0	0.0769	-1.0000
59	462	2	708.4348	14	4	0	-1	0	0.0769	-1.0000
59	463	2	709.9682	13	8	0	-1	0	0.0769	-1.0000
59	464	2	711.5016	10	11	0	-1	0	0.0769	-1.0000
59	465	2	713.0349	9	14	0	-1	0	0.0769	-1.0000
59	466	2	714.5682	8	12	0	-1	0	0.0769	-1.0000
59	467	2	716.1016	7	3	0	-1	0	0.0769	-1.0000
59	468	2	717.6350	6	2	0	-1	0	0.0769	-1.0000
59	469	2	719.1683	5	5	0	-1	0	0.0769	-1.0000
59	470	2	720.7016	4	13	0	-1	1	0.0750	0.9559
59	471	2	722.2349	3	1	0	-1	0	0.0750	-1.0000
59	472	2	723.7684	2	6	0	-1	0	0.0750	-1.0000
59	473	2	725.3018	1	10	0	-1	0	0.0750	-1.0000
59	474	2	726.8351	15	9	0	-1	1	0.0732	0.9821
59	475	2	728.3682	14	4	0	-1	0	0.0732	-1.0000
59	476	2	729.9015	13	8	0	-1	0	0.0732	-1.0000
59	477	2	731.4349	12	15	0	-1	0	0.0732	-1.0000
59	478	2	732.9685	11	7	0	-1	1	0.0714	0.7856
59	479	2	734.5017	10	11	0	-1	0	0.0714	-1.0000
59	480	2	736.0349	9	14	0	-1	0	0.0714	-1.0000
59	481	2	737.5683	8	12	0	-1	0	0.0714	-1.0000
59	482	2	739.1017	5	5	0	-1	0	0.0714	-1.0000
59	483	2	740.6349	8	12	0	-1	0	0.0714	-1.0000
59	484	2	742.1682	6	2	0	-1	0	0.0714	-1.0000
59	485	2	743.7018	5	5	0	-1	0	0.0714	-1.0000
59	486	2	745.2350	8	12	0	-1	0	0.0714	-1.0000
59	487	2	746.7683	5	5	0	-1	0	0.0714	-1.0000
59	488	2	748.3016	8	12	0	-1	0	0.0714	-1.0000
59	489	2	749.8350	6	2	0	-1	0	0.0714	-1.0000
59	490	2	751.3683	4	13	0	-1	0	0.0714	-1.0000
59	491	2	752.9017	7	3	0	-1	0	0.0714	-1.0000
59	492	2	754.4350	4	13	0	-1	0	0.0714	-1.0000
59	493	2	755.9683	7	3	0	-1	0	0.0714	-1.0000
59	494	2	757.5016	8	12	0	-1	0	0.0714	-1.0000
59	495	2	759.0350	9	14	0	-1	1	0.0930	1.1830
59	496	2	760.5684	10	11	0	-1	0	0.0930	-1.0000
59	497	2	762.1017	11	7	0	-1	0	0.0930	-1.0000
59	498	2	763.6349	12	15	0	-1	0	0.0930	-1.0000
59	499	2	765.1683	13	8	0	-1	1	0.0909	0.9534
59	500	2	766.7016	14	4	0	-1	0	0.0909	-1.0000
59	501	2	768.2350	15	9	0	-1	0	0.0909	-1.0000
59	502	2	769.7684	1	10	0	-1	0	0.0909	-1.0000
59	503	2	771.3017	2	6	0	-1	0	0.0909	-1.0000
59	504	2	772.8351	3	1	0	-1	0	0.0909	-1.0000
59	505	2	774.3686	4	13	0	-1	0	0.0909	-1.0000
59	506	2	775.9017	5	5	0	-1	0	0.0909	-1.0000
59	507	2	777.4350	6	2	0	-1	0	0.0909	-1.0000
59	508	2	778.9684	7	3	0	-1	0	0.0909	-1.0000
59	509	2	780.5018	8	12	0	-1	1	0.0889	1.0766
59	510	2	782.0351	9	14	0	-1	0	0.0889	-1.0000
59	511	2	783.5684	12	15	0	-1	0	0.0889	-1.0000
59	512	2	785.1017	9	14	0	-1	0	0.0889	-1.0000
59	513	2	786.6350	10	11	0	-1	0	0.0889	-1.0000
59	514	2	788.1684	12	15	0	-1	0	0.0889	-1.0000
59	515	2	789.7019	10	11	0	-1	0	0.0889	-1.0000
59	516	2	791.2351	9	14	0	-1	1	0.0870	1.3505
59	517	2	792.7684	10	11	0	-1	0	0.0870	-1.0000
59	518	2	794.3017	13	8	0	-1	0	0.0870	-1.0000
59	519	2	795.8350	11	7	0	-1	0	0.0870	-1.0000
59	520	2	797.3684	12	15	0	-1	0	0.0870	-1.0000
59	521	2	798.9018	13	8	0	-1	0	0.0870	-1.0000
59	522	2	800.4351	12	15	0	-1	0	0.0870	-1.0000
59	523	2	801.9686	9	14	0	-1	0	0.0870	-1.0000
59	524	2	803.5018	12	15	0	-1	0	0.0870	-1.0000
59	525	2	805.0350	9	14	0	-1	1	0.0851	0.7828
59	526	2	806.5686	8	12	0	-1	0	0.0851	-1.0000
59	527	2	808.1018	7	3	0	-1	0	0.0851	-1.0000
59	528	2	809.6350	6	2	0	-1	0	0.0851	-1.0000
59	529	2	811.1684	5	5	0	-1	0	0.0851	-1.0000
59	530	2	812.7018	4	13	0	-1	1	0.0833	0.7475
59	531	2	814.2353	3	1	0	-1	0	0.0833	-1.0000
59	532	2	815.7685	2	6	0	-1	0	0.0833	-1.0000
59	533	2	817.3018	1	10	0	-1	0	0.0833	-1.0000
59	534	2	818.8353	15	9	0	-1	1	0.0816	0.5980
59	535	2	820.3684	14	4	0	-1	0	0.0816	-1.0000
59	536	2	821.9018	13	8	0	-1	0	0.0816	-1.0000
59	537	2	823.4351	12	15	0	-1	0	0.0816	-1.0000
59	538	2	824.9686	11	7	0	-1	0	0.0816	-1.0000
59	539	2	826.5019	10	11	0	-1	0	0.0816	-1.0000
59	540	2	828.0352	9	14	0	-1	0	0.0816	-1.0000
59	541	2	829.5685	12	15	0	-1	0	0.0816	-1.0000
59	542	2	831.1017	11	7	0	-1	1	0.0800	0.7481
59	543	2	832.9519	9	14	0	-1	0	0.0800	-1.0000
59	544	2	834.4851	11	7	0	-1	0	0.0800	-1.0000
59	545	2	836.0185	9	14	0	-1	0	0.0800	-1.0000
59	546	2	837.5519	11	7	0	-1	0	0.0800	-1.0000
59	547	2	839.0852	13	8	0	-1	0	0.0800	-1.0000
59	548	2	840.6186	10	11	0	-1	0	0.0800	-1.0000
59	549	2	842.1519	12	15	0	-1	0	0.0800	-1.0000
59	550	2	843.6852	13	8	0	-1	0	0.0800	-1.0000
59	551	2	845.2186	11	7	0	-1	0	0.0800	-1.0000
59	552	2	846.7519	13	8	0	-1	0	0.0800	-1.0000
59	553	2	848.2852	11	7	0	-1	0	0.0800	-1.0000
59	554	2	849.8186	12	15	0	-1	0	0.0800	-1.0000
59	555	2	851.3519	13	8	0	-1	0	0.0800	-1.0000
59	556	2	852.8853	14	4	0	-1	0	0.0800	-1.0000
59	557	2	854.4186	15	9	0	-1	0	0.0800	-1.0000
59	558	2	855.9520	1	10	0	-1	0	0.0800	-1.0000
59	559	2	857.4853	2	6	0	-1	0	0.0800	-1.0000
59	560	2	859.0186	3	1	0	-1	0	0.0800	-1.0000
59	561	2	860.5521	4	13	0	-1	0	0.0800	-1.0000
59	562	2	862.0852	5	5	0	-1	0	0.0800	-1.0000
59	563	2	863.6185	6	2	0	-1	1	0.0784	1.3679
59	564	2	865.1519	7	3	0	-1	1	0.0769	0.0168
59	565	2	866.6853	8	12	0	-1	0	0.0769	-1.0000
59	566	2	868.2186	9	14	0	-1	0	0.0769	-1.0000
59	567	2	869.7519	10	11	0	-1	0	0.0769	-1.0000
59	568	2	871.2853	11	7	0	-1	0	0.0769	-1.0000
59	569	2	872.8186	12	15	0	-1	0	0.0769	-1.0000
59	570	2	874.3521	13	8	0	-1	0	0.0769	-1.0000
59	571	2	875.8853	14	4	0	-1	0	0.0769	-1.0000
59	572	2	877.4186	13	8	0	-1	0	0.0769	-1.0000
59	573	2	878.9519	11	7	0	-1	0	0.0769	-1.0000
59	574	2	880.4853	12	15	0	-1	0	0.0769	-1.0000
59	575	2	882.0188	11	7	0	-1	0	0.0769	-1.0000
59	576	2	883.5519	9	14	0	-1	0	0.0769	-1.0000
59	577	2	885.0853	10	11	0	-1	0	0.0769	-1.0000
59	578	2	886.6187	12	15	0	-1	0	0.0769	-1.0000
59	579	2	888.1519	9	14	0	-1	0	0.0769	-1.0000
59	580	2	889.6853	11	7	0	-1	0	0.0769	-1.0000
59	581	2	891.2187	10	11	0	-1	0	0.0769	-1.0000
59	582	2	892.7520	9	14	0	-1	0	0.0769	-1.0000
59	583	2	894.2855	11	7	0	-1	0	0.0769	-1.0000
59	584	2	895.8187	12	15	0	-1	0	0.0769	-1.0000
59	585	2	897.3520	11	7	0	-1	0	0.0769	-1.0000
59	586	2	898.8853	10	11	0	-1	1	0.0755	0.2291
59	587	2	900.4188	9	14	0	-1	0	0.0755	-1.0000
59	588	2	901.9520	8	12	0	-1	0	0.0755	-1.0000
59	589	2	903.4854	7	3	0	-1	0	0.0755	-1.0000
59	590	2	905.0187	6	2	0	-1	0	0.0755	-1.0000
59	591	2	906.5521	5	5	0	-1	0	0.0755	-1.0000
59	592	2	908.0853	4	13	0	-1	0	0.0755	-1.0000
59	593	2	909.6187	3	1	0	-1	0	0.0755	-1.0000
59	594	2	911.1520	2	6	0	-1	1	0.0741	0.7944
59	595	2	912.6854	1	10	0	-1	0	0.0741	-1.0000
59	596	2	914.2186	15	9	0	-1	0	0.0741	-1.0000
59	597	2	915.7522	14	4	0	-1	0	0.0741	-1.0000
59	598	2	917.2856	13	8	0	-1	0	0.0741	-1.0000
59	599	2	918.8188	12	15	0	-1	0	0.0741	-1.0000
59	600	2	920.3520	11	7	0	-1	0	0.0741	-1.0000
Actual parsing ratio
0.0741
Possible node parses
83.0000
 Node parses selected
0.0482
Possible other parses
517.0000
Other parses selected
0.0967
Chance parsing ratio
0.1383
Shock trials
118
369
543