*********************************************
* Date/Time: 03-Mar-2020 08:51:28
* Seed: 210742.6
* Subject Number: 058'
10	1	9	6	2	14	3	8	15	7	5	4	11	13	12	
*********************************************

Shape exposure time (seconds)
280.1268
subject	trial	phase	onset	node	shape	rotate	acc	resp	total	rt
58	1	1	1.0167	5	2	90	-1	0	0.0000	-1.0000
58	2	1	2.8331	4	6	0	-1	0	0.0000	-1.0000
58	3	1	4.5664	3	9	0	0	1	0.0000	0.1425
58	4	1	6.1164	2	1	0	1	1	0.2500	0.0168
58	5	1	7.6664	14	13	0	1	1	0.4000	0.1311
58	6	1	9.2164	15	12	0	1	1	0.5000	0.1648
58	7	1	10.7664	14	13	0	1	1	0.5714	0.1667
58	8	1	12.3165	2	1	0	0	1	0.5000	1.0164
58	9	1	13.8664	1	10	90	1	1	0.5556	1.1945
58	10	1	15.4165	14	13	0	1	1	0.6000	1.3729
58	11	1	16.9664	15	12	0	1	1	0.6364	1.4387
58	12	1	18.5831	1	10	0	-1	0	0.5833	-1.0000
58	13	1	20.2999	14	13	0	1	1	0.6154	0.0734
58	14	1	21.8831	15	12	0	-1	0	0.5714	-1.0000
58	15	1	23.6165	1	10	90	0	1	0.5333	0.0689
58	16	1	25.1665	14	13	0	1	1	0.5625	1.0148
58	17	1	26.7165	15	12	0	0	1	0.5294	0.9685
58	18	1	28.2665	2	1	0	1	1	0.5556	1.0505
58	19	1	29.8165	1	10	0	0	1	0.5263	1.3084
58	20	1	31.3666	15	12	90	0	1	0.5000	1.4383
58	21	1	33.0499	1	10	90	-1	0	0.4762	-1.0000
58	22	1	34.8332	14	13	0	-1	0	0.4545	-1.0000
58	23	1	36.5499	15	12	0	0	1	0.4348	1.3113
58	24	1	38.0998	14	13	0	-1	0	0.4167	-1.0000
58	25	1	39.8332	13	11	0	0	1	0.4000	0.2041
58	26	1	41.3832	10	7	0	1	1	0.4231	1.3903
58	27	1	42.9831	11	5	0	0	1	0.4074	1.0063
58	28	1	44.5332	10	7	0	1	1	0.4286	1.4883
58	29	1	46.2165	11	5	0	0	1	0.4138	1.3409
58	30	1	47.7832	10	7	0	-1	0	0.4000	-1.0000
58	31	1	49.5166	9	15	0	1	1	0.4194	1.3690
58	32	1	51.0665	10	7	0	0	1	0.4063	1.3864
58	33	1	52.6999	12	4	0	1	1	0.4242	1.1934
58	34	1	54.2498	10	7	0	1	1	0.4412	0.8598
58	35	1	55.7999	9	15	0	1	1	0.4571	1.0535
58	36	1	57.3499	10	7	0	1	1	0.4722	0.7354
58	37	1	58.8999	9	15	0	0	1	0.4595	1.0411
58	38	1	60.4499	11	5	0	1	1	0.4737	0.8035
58	39	1	61.9999	12	4	0	1	1	0.4872	0.7257
58	40	1	63.5499	9	15	0	1	1	0.5000	0.6795
58	41	1	65.1000	11	5	90	-1	0	0.4878	-1.0000
58	42	1	66.8166	10	7	90	0	1	0.4762	0.8046
58	43	1	68.3666	12	4	0	1	1	0.4884	0.9988
58	44	1	69.9166	11	5	0	1	1	0.5000	0.9852
58	45	1	71.4666	13	11	90	1	1	0.5111	1.1148
58	46	1	73.0166	14	13	0	1	1	0.5217	0.8448
58	47	1	74.5666	2	1	90	0	1	0.5106	1.1024
58	48	1	76.1166	15	12	0	1	1	0.5208	0.8646
58	49	1	77.6666	3	9	0	0	1	0.5102	1.1546
58	50	1	79.2166	4	6	0	1	1	0.5200	0.5964
58	51	1	80.7666	3	9	0	1	1	0.5294	0.8227
58	52	1	82.3166	2	1	0	1	1	0.5385	1.1444
58	53	1	83.8666	1	10	0	1	1	0.5472	1.0028
58	54	1	85.4166	2	1	0	1	1	0.5556	0.7645
58	55	1	86.9666	14	13	0	1	1	0.5636	0.6704
58	56	1	88.5166	2	1	0	0	1	0.5536	1.1049
58	57	1	90.0666	14	13	0	0	1	0.5439	0.8512
58	58	1	91.6166	1	10	0	0	1	0.5345	1.1568
58	59	1	93.1666	15	12	0	1	1	0.5424	0.8704
58	60	1	94.7166	1	10	90	0	1	0.5333	0.9530
58	61	1	96.2667	15	12	0	0	1	0.5246	1.3384
58	62	1	97.8333	3	9	90	1	1	0.5323	0.8757
58	63	1	99.3833	2	1	0	1	1	0.5397	0.8297
58	64	1	100.9333	14	13	0	1	1	0.5469	0.7200
58	65	1	102.4834	1	10	90	0	1	0.5385	0.7220
58	66	1	104.0333	15	12	0	1	1	0.5455	0.5961
58	67	1	105.5833	3	9	0	0	1	0.5373	0.7581
58	68	1	107.1334	4	6	90	0	1	0.5294	0.6796
58	69	1	108.6833	3	9	90	1	1	0.5362	1.0503
58	70	1	110.2333	15	12	90	0	1	0.5286	1.0838
58	71	1	111.7833	14	13	0	1	1	0.5352	0.8143
58	72	1	113.3334	1	10	90	0	1	0.5278	0.7197
58	73	1	114.8834	15	12	0	1	1	0.5342	0.6264
58	74	1	116.4333	14	13	0	1	1	0.5405	0.6285
58	75	1	117.9833	1	10	0	1	1	0.5467	0.7261
58	76	1	119.5333	3	9	0	1	1	0.5526	0.7756
58	77	1	121.0834	1	10	0	1	1	0.5584	0.5549
58	78	1	122.6334	3	9	0	1	1	0.5641	0.6682
58	79	1	124.1834	1	10	0	1	1	0.5696	0.6060
58	80	1	125.7334	3	9	90	1	1	0.5750	0.6877
58	81	1	127.2834	4	6	0	1	1	0.5802	0.5776
58	82	1	128.8334	3	9	0	1	1	0.5854	0.6923
58	83	1	130.3834	15	12	90	0	1	0.5783	0.8860
58	84	1	131.9334	2	1	0	1	1	0.5833	0.6477
58	85	1	133.4834	15	12	0	0	1	0.5765	0.6656
58	86	1	135.0334	14	13	0	1	1	0.5814	0.5241
58	87	1	136.5834	15	12	90	0	1	0.5747	0.5581
58	88	1	138.1334	2	1	0	1	1	0.5795	0.5917
58	89	1	139.6834	14	13	0	1	1	0.5843	0.7544
58	90	1	141.2334	13	11	0	1	1	0.5889	0.7400
58	91	1	142.7834	14	13	0	1	1	0.5934	0.5822
58	92	1	144.3334	15	12	90	1	1	0.5978	0.9356
58	93	1	145.8834	2	1	90	0	1	0.5914	0.5537
58	94	1	147.4334	3	9	0	1	1	0.5957	0.6841
58	95	1	148.9834	1	10	0	1	1	0.6000	0.7180
58	96	1	150.5334	2	1	0	1	1	0.6042	0.6077
58	97	1	152.0835	15	12	0	1	1	0.6082	0.9619
58	98	1	153.6334	2	1	0	1	1	0.6122	0.5959
58	99	1	155.1835	3	9	90	1	1	0.6162	0.7416
58	100	1	156.7334	15	12	0	1	1	0.6200	0.5041
58	101	1	158.2834	14	13	0	1	1	0.6238	0.5062
58	102	1	159.8335	2	1	0	1	1	0.6275	0.4761
58	103	1	161.3834	14	13	0	1	1	0.6311	0.4301
58	104	1	162.9335	13	11	0	1	1	0.6346	0.3843
58	105	1	164.4834	14	13	0	1	1	0.6381	0.3376
58	106	1	166.0335	2	1	0	1	1	0.6415	0.2599
58	107	1	167.5835	1	10	0	1	1	0.6449	0.2457
58	108	1	169.1335	14	13	0	1	1	0.6481	0.2961
58	109	1	170.6835	1	10	0	1	1	0.6514	0.2496
58	110	1	172.2335	2	1	0	1	1	0.6545	0.2517
58	111	1	173.7835	1	10	0	1	1	0.6577	0.2056
58	112	1	175.3335	3	9	0	1	1	0.6607	0.1918
58	113	1	176.8835	15	12	0	1	1	0.6637	0.3860
58	114	1	178.4335	2	1	90	0	1	0.6579	0.4676
58	115	1	179.9835	3	9	0	1	1	0.6609	0.3577
58	116	1	181.5335	2	1	0	0	1	0.6552	0.5678
58	117	1	183.0835	3	9	0	1	1	0.6581	0.3781
58	118	1	184.6336	15	12	0	1	1	0.6610	0.3956
58	119	1	186.1835	3	9	90	0	1	0.6555	0.3824
58	120	1	187.7336	2	1	0	1	1	0.6583	0.4156
58	121	1	189.2836	14	13	0	1	1	0.6612	0.3216
58	122	1	190.8335	13	11	90	0	1	0.6557	0.6596
58	123	1	192.3836	10	7	0	1	1	0.6585	0.7415
58	124	1	193.9336	9	15	0	1	1	0.6613	0.9839
58	125	1	195.4835	12	4	0	1	1	0.6640	0.6016
58	126	1	197.0335	11	5	0	1	1	0.6667	0.6039
58	127	1	198.5836	10	7	90	0	1	0.6614	0.5576
58	128	1	200.1336	9	15	90	0	1	0.6563	0.6401
58	129	1	201.6836	10	7	0	1	1	0.6589	0.8016
58	130	1	203.2335	12	4	90	0	1	0.6538	0.6117
58	131	1	204.7836	13	11	90	0	1	0.6489	0.6139
58	132	1	206.3336	10	7	0	1	1	0.6515	0.9201
58	133	1	207.8836	9	15	0	1	1	0.6541	0.7141
58	134	1	209.4336	11	5	0	1	1	0.6567	0.6676
58	135	1	210.9836	9	15	0	1	1	0.6593	0.7019
58	136	1	212.5336	12	4	0	1	1	0.6618	0.5598
58	137	1	214.0836	9	15	90	1	1	0.6642	0.9301
58	138	1	215.6336	12	4	0	1	1	0.6667	0.5480
58	139	1	217.1836	10	7	0	0	1	0.6619	0.9820
58	140	1	218.7336	11	5	90	0	1	0.6571	0.5037
58	141	1	220.2836	10	7	0	0	1	0.6525	0.8739
58	142	1	221.8336	9	15	0	1	1	0.6549	0.7318
58	143	1	223.3836	11	5	0	1	1	0.6573	0.5261
58	144	1	224.9336	12	4	0	1	1	0.6597	0.5919
58	145	1	226.4836	11	5	90	0	1	0.6552	0.6260
58	146	1	228.0336	12	4	0	1	1	0.6575	0.4678
58	147	1	229.5837	13	11	0	1	1	0.6599	0.6940
58	148	1	231.1336	10	7	90	0	1	0.6554	0.5520
58	149	1	232.6837	13	11	0	1	1	0.6577	0.5221
58	150	1	234.2337	14	13	0	1	1	0.6600	0.5878
58	151	1	235.7837	15	12	0	1	1	0.6623	0.5736
58	152	1	237.3337	1	10	0	1	1	0.6645	0.4795
58	153	1	238.8836	14	13	0	1	1	0.6667	0.3699
58	154	1	240.4336	13	11	90	0	1	0.6623	0.3556
58	155	1	241.9837	11	5	0	1	1	0.6645	0.4377
58	156	1	243.5337	12	4	90	0	1	0.6603	0.5360
58	157	1	245.0837	10	7	90	0	1	0.6561	0.7139
58	158	1	246.6337	11	5	0	1	1	0.6582	0.6838
58	159	1	248.1837	10	7	0	0	1	0.6541	1.1015
58	160	1	249.7338	12	4	0	1	1	0.6563	0.5435
58	161	1	251.2837	9	15	0	1	1	0.6584	0.5456
58	162	1	252.8337	8	8	0	1	1	0.6605	0.7079
58	163	1	254.3838	6	14	0	1	1	0.6626	0.6938
58	164	1	255.9337	7	3	0	1	1	0.6646	0.6638
58	165	1	257.4837	4	6	0	1	1	0.6667	0.6015
58	166	1	259.0337	6	14	0	1	1	0.6687	0.5561
58	167	1	260.5837	7	3	0	1	1	0.6707	0.5741
58	168	1	262.1337	8	8	90	0	1	0.6667	0.6236
58	169	1	263.6837	6	14	90	0	1	0.6627	0.6095
58	170	1	265.2337	4	6	0	1	1	0.6647	0.5638
58	171	1	266.7838	3	9	0	1	1	0.6667	0.7895
58	172	1	268.3338	1	10	0	1	1	0.6686	0.6635
58	173	1	269.8838	2	1	90	0	1	0.6647	0.5861
58	174	1	271.4337	15	12	0	1	1	0.6667	0.5878
58	175	1	272.9838	2	1	0	1	1	0.6686	0.5261
58	176	1	274.5338	3	9	0	1	1	0.6705	0.6238
58	177	1	276.0837	2	1	90	0	1	0.6667	0.6095
58	178	1	277.6338	15	12	0	1	1	0.6685	0.6275
58	179	1	279.1837	1	10	0	1	1	0.6704	0.5178
58	180	1	280.7338	15	12	0	1	1	0.6722	0.5514
58	181	1	282.2837	14	13	0	1	1	0.6740	0.4256
58	182	1	283.8337	2	1	0	1	1	0.6758	0.3161
58	183	1	285.3838	3	9	0	1	1	0.6776	0.4138
58	184	1	286.9338	1	10	0	1	1	0.6793	0.4801
58	185	1	288.4838	2	1	90	0	1	0.6757	0.9138
58	186	1	290.0338	15	12	0	1	1	0.6774	0.4515
58	187	1	291.5838	14	13	0	1	1	0.6791	0.5656
58	188	1	293.1337	15	12	0	1	1	0.6809	0.5035
58	189	1	294.6838	3	9	0	1	1	0.6825	0.6182
58	190	1	296.2338	15	12	90	0	1	0.6789	0.5075
58	191	1	297.7838	14	13	0	1	1	0.6806	0.3978
58	192	1	299.3338	15	12	0	1	1	0.6823	0.2878
58	193	1	300.8838	3	9	0	1	1	0.6839	0.2579
58	194	1	302.4338	1	10	0	1	1	0.6856	0.2598
58	195	1	303.9838	15	12	0	1	1	0.6872	0.3098
58	196	1	305.5339	3	9	0	1	1	0.6888	0.6318
58	197	1	307.0838	1	10	0	1	1	0.6904	0.7135
58	198	1	308.6339	2	1	0	1	1	0.6919	0.5078
58	199	1	310.1838	15	12	0	1	1	0.6935	0.4942
58	200	1	311.7339	2	1	0	1	1	0.6950	0.7838
58	201	1	313.2838	14	13	90	0	1	0.6915	0.5137
58	202	1	314.8339	15	12	90	0	1	0.6881	0.4518
58	203	1	316.3838	2	1	0	1	1	0.6897	0.4698
58	204	1	317.9338	14	13	0	1	1	0.6912	0.2954
58	205	1	319.4838	13	11	0	1	1	0.6927	0.3134
58	206	1	321.0339	11	5	0	1	1	0.6942	0.2515
58	207	1	322.5839	12	4	0	1	1	0.6957	0.2219
58	208	1	324.1339	11	5	0	1	1	0.6971	0.3034
58	209	1	325.6839	13	11	0	0	1	0.6938	0.8343
58	210	1	327.2339	14	13	0	1	1	0.6952	0.4038
58	211	1	328.7839	15	12	90	0	1	0.6919	0.5504
58	212	1	330.3340	3	9	0	1	1	0.6934	0.4882
58	213	1	331.8840	4	6	0	1	1	0.6948	0.3303
58	214	1	333.4339	7	3	0	1	1	0.6963	0.3803
58	215	1	334.9839	8	8	0	1	1	0.6977	0.6057
58	216	1	336.5339	5	2	0	1	1	0.6991	0.7674
58	217	1	338.0842	8	8	0	1	1	0.7005	0.5621
58	218	1	339.6340	5	2	0	1	1	0.7018	0.4198
58	219	1	341.1840	6	14	0	1	1	0.7032	0.3894
58	220	1	342.7339	4	6	0	1	1	0.7045	0.4718
58	221	1	344.2840	3	9	0	1	1	0.7059	0.2333
58	222	1	345.8340	1	10	0	1	1	0.7072	0.3002
58	223	1	347.3840	2	1	0	1	1	0.7085	0.2857
58	224	1	348.9340	15	12	90	0	1	0.7054	0.2393
58	225	1	350.4840	2	1	90	0	1	0.7022	0.3063
58	226	1	352.0340	3	9	90	1	1	0.7035	0.7562
58	227	1	353.5840	15	12	0	0	1	0.7004	1.0615
58	228	1	355.1340	1	10	0	1	1	0.7018	0.4883
58	229	1	356.6841	14	13	0	1	1	0.7031	0.3932
58	230	1	358.2340	2	1	0	1	1	0.7043	0.4438
58	231	1	359.7841	15	12	0	1	1	0.7056	0.3661
58	232	1	361.3340	3	9	0	1	1	0.7069	0.2233
58	233	1	362.8840	1	10	0	0	1	0.7039	1.1538
58	234	1	364.4341	2	1	0	1	1	0.7051	0.5313
58	235	1	365.9841	15	12	90	0	1	0.7021	0.8702
58	236	1	367.5341	3	9	0	1	1	0.7034	0.4881
58	237	1	369.0840	1	10	0	1	1	0.7046	0.9374
58	238	1	370.6340	14	13	0	1	1	0.7059	0.4599
58	239	1	372.1840	13	11	0	1	1	0.7071	0.6377
58	240	1	373.7341	11	5	0	1	1	0.7083	0.5762
58	241	1	375.2841	12	4	90	0	1	0.7054	0.5613
58	242	1	376.8341	11	5	0	1	1	0.7066	0.4356
58	243	1	378.3842	12	4	0	1	1	0.7078	0.7261
58	244	1	379.9341	11	5	0	1	1	0.7090	0.4878
58	245	1	381.4841	9	15	90	1	1	0.7102	0.8742
58	246	1	383.0341	8	8	0	1	1	0.7114	0.6514
58	247	1	384.5842	7	3	90	1	1	0.7126	0.9901
58	248	1	386.1341	6	14	0	1	1	0.7137	0.7517
58	249	1	387.6841	5	2	0	1	1	0.7149	0.9302
58	250	1	389.2340	4	6	0	1	1	0.7160	0.5801
58	251	1	390.7841	6	14	0	1	1	0.7171	0.5977
58	252	1	392.3342	4	6	0	1	1	0.7183	0.5677
58	253	1	393.8841	7	3	0	1	1	0.7194	0.5856
58	254	1	395.4341	4	6	0	1	1	0.7205	0.5240
58	255	1	396.9841	6	14	0	1	1	0.7216	0.3337
58	256	1	398.5342	7	3	90	0	1	0.7188	1.0872
58	257	1	400.0841	4	6	0	1	1	0.7198	0.4981
58	258	1	401.6342	5	2	0	1	1	0.7209	0.5312
58	259	1	403.1841	6	14	0	1	1	0.7220	0.5498
58	260	1	404.7342	4	6	0	1	1	0.7231	0.8877
58	261	1	406.2841	5	2	0	1	1	0.7241	0.6173
58	262	1	407.8341	7	3	0	1	1	0.7252	1.2598
58	263	1	409.3841	6	14	90	1	1	0.7262	0.9577
58	264	1	410.9342	7	3	0	1	1	0.7273	0.8316
58	265	1	412.4842	6	14	0	1	1	0.7283	0.8182
58	266	1	414.0342	4	6	0	0	1	0.7256	1.0593
58	267	1	415.5841	7	3	0	1	1	0.7266	0.6769
58	268	1	417.1342	5	2	0	1	1	0.7276	0.5516
58	269	1	418.6842	8	8	0	1	1	0.7286	0.5221
58	270	1	420.2342	5	2	0	1	1	0.7296	0.4433
58	271	1	421.7842	8	8	0	1	1	0.7306	0.5102
58	272	1	423.3342	6	14	0	1	1	0.7316	0.4792
58	273	1	424.8841	8	8	90	1	1	0.7326	0.8018
58	274	1	426.4342	7	3	0	1	1	0.7336	0.5642
58	275	1	427.9841	4	6	0	1	1	0.7345	0.9665
58	276	1	429.5343	5	2	90	0	1	0.7319	0.6632
58	277	1	431.0842	7	3	0	1	1	0.7329	0.5222
58	278	1	432.6343	5	2	0	0	1	0.7302	0.9241
58	279	1	434.1842	8	8	0	1	1	0.7312	0.5581
58	280	1	435.7341	5	2	0	1	1	0.7321	0.6561
58	281	1	437.2842	7	3	0	1	1	0.7331	0.5782
58	282	1	438.8342	6	14	90	1	1	0.7340	0.6920
58	283	1	440.3842	5	2	0	1	1	0.7350	0.5342
58	284	1	441.9342	4	6	0	1	1	0.7359	0.5521
58	285	1	443.4843	6	14	0	1	1	0.7368	0.6182
58	286	1	445.0342	4	6	0	1	1	0.7378	0.5556
58	287	1	446.5843	3	9	90	1	1	0.7387	0.8135
58	288	1	448.1342	4	6	0	1	1	0.7396	1.0721
58	289	1	449.6842	6	14	0	1	1	0.7405	0.7702
58	290	1	451.2342	7	3	0	1	1	0.7414	0.5316
58	291	1	452.7843	4	6	0	1	1	0.7423	0.5821
58	292	1	454.3343	7	3	0	1	1	0.7432	0.5192
58	293	1	455.8843	6	14	0	1	1	0.7440	0.3136
58	294	1	457.4343	4	6	90	0	1	0.7415	0.5072
58	295	1	458.9843	5	2	0	1	1	0.7424	0.7013
58	296	1	460.5343	6	14	0	1	1	0.7432	0.5760
58	297	1	462.0843	8	8	0	1	1	0.7441	0.6421
58	298	1	463.6343	9	15	0	0	1	0.7416	0.8192
58	299	1	465.1843	12	4	0	1	1	0.7425	0.7413
58	300	1	466.7343	9	15	0	1	1	0.7433	0.6001
58	301	1	468.2843	8	8	0	1	1	0.7442	0.5861
58	302	1	469.8343	5	2	0	1	1	0.7450	0.3317
58	303	1	471.3845	6	14	90	0	1	0.7426	0.4130
58	304	1	472.9343	8	8	0	1	1	0.7434	0.5921
58	305	1	474.4843	9	15	0	1	1	0.7443	0.5780
58	306	1	476.0343	11	5	0	1	1	0.7451	0.7072
58	307	1	477.5843	13	11	0	1	1	0.7459	0.9332
58	308	1	479.1344	11	5	0	1	1	0.7468	0.6156
58	309	1	480.6843	10	7	0	1	1	0.7476	0.6972
58	310	1	482.2343	13	11	0	1	1	0.7484	0.5715
58	311	1	483.7844	14	13	90	1	1	0.7492	0.9895
58	312	1	485.3343	2	1	0	1	1	0.7500	0.8321
58	313	1	486.8845	3	9	0	1	1	0.7508	0.9610
58	314	1	488.4343	2	1	90	0	1	0.7484	0.8195
58	315	1	489.9844	14	13	0	1	1	0.7492	0.7735
58	316	1	491.5344	13	11	0	1	1	0.7500	0.5352
58	317	1	493.0845	12	4	0	1	1	0.7508	0.6490
58	318	1	494.6344	13	11	0	1	1	0.7516	0.7799
58	319	1	496.1844	10	7	0	1	1	0.7524	0.5737
58	320	1	497.7343	13	11	0	1	1	0.7531	0.5596
58	321	1	499.2843	14	13	0	1	1	0.7539	0.5140
58	322	1	500.8345	13	11	90	0	1	0.7516	0.4993
58	323	1	502.3844	11	5	0	1	1	0.7523	0.6132
58	324	1	503.9344	9	15	0	1	1	0.7531	0.6959
58	325	1	505.4844	11	5	0	1	1	0.7538	0.6500
58	326	1	507.0344	10	7	90	0	1	0.7515	0.6680
58	327	1	508.5844	12	4	90	1	1	0.7523	1.0375
58	328	1	510.1344	11	5	0	1	1	0.7530	0.6080
58	329	1	511.6843	13	11	0	1	1	0.7538	0.7862
58	330	1	513.2344	10	7	0	1	1	0.7545	0.6441
58	331	1	514.7845	13	11	0	1	1	0.7553	0.5340
58	332	1	516.3344	12	4	90	0	1	0.7530	0.6954
58	333	1	517.8844	11	5	0	1	1	0.7538	0.5061
58	334	1	519.4344	9	15	0	1	1	0.7545	0.6840
58	335	1	520.9845	10	7	90	0	1	0.7522	0.7330
58	336	1	522.5344	13	11	0	1	1	0.7530	0.6563
58	337	1	524.0844	11	5	0	1	1	0.7537	0.4976
58	338	1	525.6344	10	7	90	0	1	0.7515	0.5312
58	339	1	527.1846	12	4	0	1	1	0.7522	0.4370
58	340	1	528.7345	11	5	0	1	1	0.7529	0.7275
58	341	1	530.2844	13	11	0	1	1	0.7537	0.5702
58	342	1	531.8345	12	4	0	1	1	0.7544	0.5714
58	343	1	533.3845	13	11	90	0	1	0.7522	0.5420
58	344	1	534.9345	12	4	0	1	1	0.7529	0.4321
58	345	1	536.4844	10	7	0	1	1	0.7536	0.6100
58	346	1	538.0346	13	11	90	0	1	0.7514	0.5794
58	347	1	539.5845	12	4	0	1	1	0.7522	0.5980
58	348	1	541.1345	10	7	0	1	1	0.7529	0.4874
58	349	1	542.6845	13	11	0	1	1	0.7536	0.4100
58	350	1	544.2344	14	13	90	0	1	0.7514	0.4432
58	351	1	545.7845	1	10	0	1	1	0.7521	0.3021
58	352	1	547.3346	15	12	0	1	1	0.7528	0.3510
58	353	1	548.8847	14	13	0	1	1	0.7535	0.5289
58	354	1	550.4344	1	10	0	1	1	0.7542	0.3561
58	355	1	551.9845	3	9	0	1	1	0.7549	0.2611
58	356	1	553.5345	15	12	0	1	1	0.7556	0.5191
58	357	1	555.0846	2	1	0	1	1	0.7563	0.3931
58	358	1	556.6345	3	9	0	1	1	0.7570	0.3151
58	359	1	558.1845	15	12	0	1	1	0.7577	0.4300
58	360	1	559.7346	2	1	90	0	1	0.7556	0.4311
58	361	1	561.2845	3	9	0	1	1	0.7562	0.3211
58	362	1	562.8346	15	12	0	1	1	0.7569	0.3878
58	363	1	564.3845	14	13	0	1	1	0.7576	0.5815
58	364	1	565.9345	15	12	90	1	1	0.7582	0.7115
58	365	1	567.4845	3	9	0	1	1	0.7589	0.3935
58	366	1	569.0345	15	12	90	0	1	0.7568	0.3478
58	367	1	570.5846	14	13	0	1	1	0.7575	0.6055
58	368	1	572.1347	13	11	0	1	1	0.7582	0.7510
58	369	1	573.6846	11	5	0	1	1	0.7588	0.5935
58	370	1	575.2347	9	15	0	1	1	0.7595	0.6109
58	371	1	576.7846	11	5	90	0	1	0.7574	0.5820
58	372	1	578.3346	12	4	0	1	1	0.7581	0.5037
58	373	1	579.8846	10	7	0	1	1	0.7587	0.3614
58	374	1	581.4346	9	15	0	1	1	0.7594	0.3319
58	375	1	582.9846	10	7	0	1	1	0.7600	0.2853
58	376	1	584.5346	12	4	0	1	1	0.7606	0.2717
58	377	1	586.0846	9	15	0	1	1	0.7613	0.3051
58	378	1	587.6346	10	7	0	1	1	0.7619	0.2919
58	379	1	589.1846	9	15	0	1	1	0.7625	0.2294
58	380	1	590.7346	8	8	0	1	1	0.7632	0.3433
58	381	1	592.2846	9	15	0	1	1	0.7638	0.3134
58	382	1	593.8346	12	4	0	1	1	0.7644	0.3631
58	383	1	595.3847	11	5	90	0	1	0.7624	0.2690
58	384	1	596.9347	9	15	0	1	1	0.7630	0.3354
58	385	1	598.4846	12	4	0	1	1	0.7636	0.3050
58	386	1	600.0346	10	7	0	1	1	0.7642	0.3395
58	387	1	601.5847	12	4	90	0	1	0.7623	0.2779
58	388	1	603.1348	13	11	0	1	1	0.7629	0.3918
58	389	1	604.6846	11	5	0	1	1	0.7635	0.5534
58	390	1	606.2347	13	11	90	0	1	0.7615	0.4270
58	391	1	607.7846	14	13	90	0	1	0.7596	0.4451
58	392	1	609.3346	2	1	0	1	1	0.7602	0.7515
58	393	1	610.8847	1	10	0	1	1	0.7608	0.5612
58	394	1	612.4347	3	9	0	1	1	0.7614	0.5959
58	395	1	613.9846	15	12	90	0	1	0.7595	0.6779
58	396	1	615.5347	3	9	0	1	1	0.7601	0.5990
58	397	1	617.0847	15	12	0	1	1	0.7607	0.8099
58	398	1	618.6347	14	13	90	0	1	0.7588	0.5713
58	399	1	620.1847	1	10	0	1	1	0.7594	0.4450
58	400	1	621.7347	3	9	0	1	1	0.7600	0.5599
58	401	1	623.2847	1	10	90	0	1	0.7581	0.5778
58	402	1	624.8347	15	12	0	1	1	0.7587	0.5319
58	403	1	626.3847	3	9	0	1	1	0.7593	0.5498
58	404	1	627.9347	1	10	0	0	1	0.7574	0.7910
58	405	1	629.4847	3	9	0	1	1	0.7580	0.3774
58	406	1	631.0349	2	1	0	1	1	0.7586	0.5714
58	407	1	632.5848	14	13	90	0	1	0.7568	0.3494
58	408	1	634.1347	15	12	90	0	1	0.7549	0.5431
58	409	1	635.6847	14	13	0	1	1	0.7555	0.4971
58	410	1	637.2348	13	11	0	1	1	0.7561	0.4672
58	411	1	638.7847	11	5	0	1	1	0.7567	0.4858
58	412	1	640.3347	10	7	0	1	1	0.7573	1.1280
58	413	1	641.8847	13	11	0	1	1	0.7579	0.8251
58	414	1	643.4347	10	7	0	1	1	0.7585	0.6350
58	415	1	644.9848	11	5	90	1	1	0.7590	0.8293
58	416	1	646.5347	13	11	90	0	1	0.7572	0.5750
58	417	1	648.0847	10	7	0	1	1	0.7578	0.5939
58	418	1	649.6347	9	15	0	1	1	0.7584	0.7399
58	419	1	651.1848	11	5	90	1	1	0.7589	0.8219
58	420	1	652.7347	10	7	0	1	1	0.7595	0.6798
58	421	1	654.2847	13	11	0	1	1	0.7601	0.6174
58	422	1	655.8347	10	7	0	1	1	0.7607	0.4273
58	423	1	657.3848	9	15	0	1	1	0.7612	0.5729
58	424	1	658.9347	8	8	0	1	1	0.7618	0.6080
58	425	1	660.4848	7	3	0	1	1	0.7624	0.5449
58	426	1	662.0348	6	14	0	1	1	0.7629	0.4199
58	427	1	663.5848	5	2	90	0	1	0.7611	0.3253
58	428	1	665.1349	8	8	90	1	1	0.7617	0.7749
58	429	1	666.6848	6	14	90	1	1	0.7622	0.8419
58	430	1	668.2348	4	6	0	0	1	0.7605	1.0354
58	431	1	669.7849	3	9	0	1	1	0.7610	0.6849
58	432	1	671.3347	15	12	0	1	1	0.7616	0.8320
58	433	1	672.8848	2	1	90	0	1	0.7598	0.7209
58	434	1	674.4348	14	13	0	1	1	0.7604	0.5793
58	435	1	675.9847	2	1	0	1	1	0.7609	0.5659
58	436	1	677.5348	1	10	0	1	1	0.7615	0.8398
58	437	1	679.0848	15	12	0	1	1	0.7620	0.8258
58	438	1	680.6349	2	1	0	1	1	0.7626	0.6030
58	439	1	682.1848	14	13	0	1	1	0.7631	0.7659
58	440	1	683.7347	15	12	0	1	1	0.7636	0.6875
58	441	1	685.2849	1	10	0	1	1	0.7642	0.4814
58	442	1	686.8348	3	9	0	1	1	0.7647	0.5629
58	443	1	688.3849	1	10	0	1	1	0.7652	0.6617
58	444	1	689.9348	2	1	0	1	1	0.7658	0.5998
58	445	1	691.4849	14	13	0	1	1	0.7663	0.7133
58	446	1	693.0348	2	1	90	0	1	0.7646	0.6519
58	447	1	694.5848	1	10	0	1	1	0.7651	0.6210
58	448	1	696.1349	3	9	0	1	1	0.7656	0.5272
58	449	1	697.6848	15	12	0	1	1	0.7661	0.7690
58	450	1	699.2349	3	9	0	1	1	0.7667	0.4999
58	451	1	700.7849	15	12	0	1	1	0.7672	0.6129
58	452	1	702.3349	3	9	0	1	1	0.7677	0.5349
58	453	1	703.8850	1	10	0	1	1	0.7682	0.6655
58	454	1	705.4349	3	9	90	1	1	0.7687	0.8598
58	455	1	706.9849	1	10	0	1	1	0.7692	0.7169
58	456	1	708.5349	15	12	0	1	1	0.7697	0.7509
58	457	1	710.0849	2	1	0	1	1	0.7702	0.7529
58	458	1	711.6349	15	12	0	1	1	0.7707	0.5318
58	459	1	713.1849	2	1	0	1	1	0.7712	0.7578
58	460	1	714.7349	15	12	0	1	1	0.7717	0.5358
58	461	1	716.2849	2	1	90	1	1	0.7722	0.9218
58	462	1	717.8350	15	12	0	1	1	0.7727	0.5072
58	463	1	719.3849	14	13	0	1	1	0.7732	0.9569
58	464	1	720.9350	1	10	0	1	1	0.7737	0.6068
58	465	1	722.4849	15	12	0	1	1	0.7742	0.3540
58	466	1	724.0349	2	1	90	0	1	0.7725	0.2758
58	467	1	725.5850	3	9	0	1	1	0.7730	0.3257
58	468	1	727.1350	15	12	0	1	1	0.7735	0.4389
58	469	1	728.6849	3	9	90	0	1	0.7719	0.6973
58	470	1	730.2350	1	10	0	1	1	0.7723	0.4597
58	471	1	731.7850	15	12	0	1	1	0.7728	0.6694
58	472	1	733.3349	2	1	90	1	1	0.7733	0.8953
58	473	1	734.8850	14	13	0	1	1	0.7738	0.5617
58	474	1	736.4349	13	11	0	1	1	0.7743	0.6429
58	475	1	737.9849	10	7	0	1	1	0.7747	0.7097
58	476	1	739.5350	11	5	0	1	1	0.7752	0.5517
58	477	1	741.0850	13	11	0	1	1	0.7757	0.6493
58	478	1	742.6349	11	5	0	1	1	0.7762	0.4749
58	479	1	744.1850	9	15	90	1	1	0.7766	0.8292
58	480	1	745.7349	8	8	0	1	1	0.7771	0.7193
58	481	1	747.2849	5	2	0	1	1	0.7775	0.7213
58	482	1	748.8351	8	8	90	1	1	0.7780	0.7387
58	483	1	750.3850	7	3	0	1	1	0.7785	0.5809
58	484	1	751.9350	4	6	0	1	1	0.7789	0.8394
58	485	1	753.4851	7	3	0	1	1	0.7794	0.6814
58	486	1	755.0352	4	6	0	1	1	0.7798	0.4747
58	487	1	756.5850	6	14	90	1	1	0.7803	0.8928
58	488	1	758.1350	8	8	0	1	1	0.7807	0.6553
58	489	1	759.6851	7	3	90	0	1	0.7791	0.6573
58	490	1	761.2350	8	8	0	1	1	0.7796	0.5477
58	491	1	762.7850	9	15	0	1	1	0.7800	0.7738
58	492	1	764.3350	11	5	90	0	1	0.7785	0.6477
58	493	1	765.8850	9	15	90	1	1	0.7789	0.7937
58	494	1	767.4351	12	4	90	1	1	0.7794	1.1316
58	495	1	768.9851	13	11	0	1	1	0.7798	0.7338
58	496	1	770.5350	14	13	90	1	1	0.7802	0.8638
58	497	1	772.0850	1	10	0	1	1	0.7807	0.6417
58	498	1	773.6350	14	13	0	1	1	0.7811	0.7229
58	499	1	775.1851	2	1	0	1	1	0.7816	0.6133
58	500	1	776.7351	15	12	90	0	1	0.7800	0.7908
58	501	1	778.2851	14	13	90	0	1	0.7784	0.7452
58	502	1	779.8351	2	1	0	1	1	0.7789	0.6678
58	503	1	781.3850	15	12	0	1	1	0.7793	0.6857
58	504	1	782.9352	14	13	90	1	1	0.7798	1.1987
58	505	1	784.4851	15	12	0	1	1	0.7802	0.7048
58	506	1	786.0350	1	10	0	1	1	0.7806	1.0917
58	507	1	787.5853	15	12	0	1	1	0.7811	0.6126
58	508	1	789.1351	14	13	0	1	1	0.7815	0.6477
58	509	1	790.6850	13	11	0	1	1	0.7819	0.5532
58	510	1	792.2351	12	4	0	1	1	0.7824	0.9716
58	511	1	793.7852	9	15	90	0	1	0.7808	0.5736
58	512	1	795.3351	12	4	0	1	1	0.7813	0.4953
58	513	1	796.8851	13	11	0	1	1	0.7817	0.5936
58	514	1	798.4351	12	4	0	1	1	0.7821	0.5797
58	515	1	799.9852	10	7	0	1	1	0.7825	0.4056
58	516	1	801.5352	13	11	0	1	1	0.7829	0.5028
58	517	1	803.0851	11	5	90	0	1	0.7814	0.5852
58	518	1	804.6351	10	7	0	1	1	0.7819	0.4596
58	519	1	806.1851	13	11	90	0	1	0.7803	0.4618
58	520	1	807.7351	12	4	0	1	1	0.7808	0.5118
58	521	1	809.2851	9	15	0	1	1	0.7812	0.4171
58	522	1	810.8351	10	7	90	0	1	0.7797	0.7388
58	523	1	812.3852	13	11	0	1	1	0.7801	0.6137
58	524	1	813.9351	12	4	0	1	1	0.7805	0.5195
58	525	1	815.4852	13	11	90	0	1	0.7790	0.5536
58	526	1	817.0353	10	7	0	1	1	0.7795	0.5866
58	527	1	818.5852	12	4	0	1	1	0.7799	0.5248
58	528	1	820.1351	11	5	0	1	1	0.7803	0.6397
58	529	1	821.6852	10	7	0	1	1	0.7807	0.6891
58	530	1	823.2351	9	15	0	1	1	0.7811	0.6598
58	531	1	824.7853	8	8	0	1	1	0.7815	0.6127
58	532	1	826.3352	6	14	0	1	1	0.7820	0.5996
58	533	1	827.8852	5	2	90	0	1	0.7805	0.6649
58	534	1	829.4351	8	8	90	1	1	0.7809	0.8117
58	535	1	830.9852	5	2	0	1	1	0.7813	0.5732
58	536	1	832.5352	8	8	0	1	1	0.7817	0.5431
58	537	1	834.0852	6	14	0	1	1	0.7821	0.5768
58	538	1	835.6354	8	8	0	1	1	0.7825	0.5473
58	539	1	837.1852	7	3	0	1	1	0.7829	0.9975
58	540	1	838.7351	4	6	90	1	1	0.7833	0.9198
58	541	1	840.2852	5	2	90	0	1	0.7819	0.5695
58	542	1	841.8353	4	6	90	0	1	0.7804	0.7151
58	543	1	843.3853	3	9	0	1	1	0.7808	0.6056
58	544	1	844.9352	1	10	0	1	1	0.7813	0.6551
58	545	1	846.4851	2	1	0	1	1	0.7817	0.5448
58	546	1	848.0352	1	10	90	0	1	0.7802	0.4514
58	547	1	849.5852	14	13	0	1	1	0.7806	0.3408
58	548	1	851.1353	2	1	90	0	1	0.7792	0.3274
58	549	1	852.6853	3	9	0	1	1	0.7796	0.4727
58	550	1	854.2353	1	10	0	1	1	0.7800	0.6197
58	551	1	855.7853	15	12	0	1	1	0.7804	0.4457
58	552	1	857.3353	3	9	0	1	1	0.7808	0.3351
58	553	1	858.8853	4	6	0	1	1	0.7812	0.4015
58	554	1	860.4353	3	9	90	1	1	0.7816	0.7388
58	555	1	861.9853	1	10	0	1	1	0.7820	0.5969
58	556	1	863.5353	15	12	0	1	1	0.7824	0.4556
58	557	1	865.0853	14	13	0	1	1	0.7828	0.5697
58	558	1	866.6352	13	11	90	0	1	0.7814	0.5231
58	559	1	868.1852	14	13	0	1	1	0.7818	0.5416
58	560	1	869.7353	1	10	0	1	1	0.7821	0.5116
58	561	1	871.2854	3	9	0	1	1	0.7825	0.5126
58	562	1	872.8352	15	12	0	1	1	0.7829	0.4838
58	563	1	874.3853	14	13	90	0	1	0.7815	0.4847
58	564	1	875.9353	1	10	0	1	1	0.7819	0.5994
58	565	1	877.4854	2	1	0	1	1	0.7823	0.5687
58	566	1	879.0353	1	10	0	1	1	0.7827	0.5391
58	567	1	880.5853	15	12	0	1	1	0.7831	0.5567
58	568	1	882.1353	1	10	90	0	1	0.7817	0.5431
58	569	1	883.6853	2	1	0	1	1	0.7821	0.7367
58	570	1	885.2353	14	13	0	1	1	0.7825	0.8196
58	571	1	886.7853	2	1	0	1	1	0.7828	0.5336
58	572	1	888.3353	1	10	0	1	1	0.7832	0.4708
58	573	1	889.8854	2	1	0	1	1	0.7836	0.4735
58	574	1	891.4354	1	10	90	0	1	0.7822	0.3636
58	575	1	892.9853	2	1	0	1	1	0.7826	0.4447
58	576	1	894.5354	1	10	0	1	1	0.7830	0.8635
58	577	1	896.0854	3	9	0	1	1	0.7834	0.5935
58	578	1	897.6353	1	10	0	1	1	0.7837	0.5470
58	579	1	899.1854	2	1	0	1	1	0.7841	0.4527
58	580	1	900.7355	3	9	0	1	1	0.7845	0.5506
58	581	1	902.2854	15	12	0	1	1	0.7849	0.6811
58	582	1	903.8355	14	13	0	1	1	0.7852	0.8755
58	583	1	905.3854	15	12	90	0	1	0.7839	0.5407
58	584	1	906.9354	1	10	0	1	1	0.7842	0.7827
58	585	1	908.4854	15	12	0	1	1	0.7846	0.6254
58	586	1	910.0354	14	13	0	1	1	0.7850	1.0909
58	587	1	911.5855	13	11	0	1	1	0.7853	0.6446
58	588	1	913.1354	14	13	0	1	1	0.7857	0.5673
58	589	1	914.6854	1	10	0	1	1	0.7861	0.5855
58	590	1	916.2354	15	12	90	0	1	0.7847	0.5076
58	591	1	917.7855	2	1	0	1	1	0.7851	0.6366
58	592	1	919.3354	15	12	90	1	1	0.7855	0.7516
58	593	1	920.8856	14	13	90	0	1	0.7841	0.7845
58	594	1	922.4354	13	11	0	1	1	0.7845	0.6275
58	595	1	923.9855	11	5	90	1	1	0.7849	0.9332
58	596	1	925.5354	13	11	0	1	1	0.7852	0.7436
58	597	1	927.0854	11	5	0	0	1	0.7839	0.5530
58	598	1	928.6354	13	11	0	1	1	0.7843	0.5555
58	599	1	930.1854	14	13	0	1	1	0.7846	0.9567
58	600	1	931.7355	15	12	0	1	1	0.7850	0.6075
58	601	1	1008.6692	3	9	90	-1	0	0.7837	-1.0000
58	602	1	1010.4025	4	6	0	-1	0	0.7824	-1.0000
58	603	1	1012.1192	6	14	0	-1	0	0.7811	-1.0000
58	604	1	1013.9357	7	3	0	1	1	0.7815	1.3349
58	605	1	1015.4856	6	14	0	1	1	0.7818	1.0646
58	606	1	1017.0356	5	2	0	1	1	0.7822	0.6670
58	607	1	1018.5857	6	14	0	1	1	0.7825	0.5885
58	608	1	1020.1357	8	8	0	1	1	0.7829	0.6545
58	609	1	1021.6856	6	14	90	1	1	0.7833	0.7694
58	610	1	1023.2357	8	8	0	1	1	0.7836	0.5146
58	611	1	1024.7857	5	2	0	1	1	0.7840	0.5489
58	612	1	1026.3357	4	6	0	1	1	0.7843	0.8389
58	613	1	1027.8857	5	2	0	1	1	0.7847	0.5372
58	614	1	1029.4357	7	3	0	1	1	0.7850	0.6666
58	615	1	1030.9856	6	14	0	1	1	0.7854	0.4935
58	616	1	1032.5357	4	6	0	1	1	0.7857	0.9434
58	617	1	1034.0857	6	14	0	1	1	0.7861	0.5286
58	618	1	1035.6357	7	3	0	1	1	0.7864	0.4674
58	619	1	1037.1857	4	6	0	1	1	0.7868	0.7735
58	620	1	1038.7358	5	2	0	1	1	0.7871	0.5185
58	621	1	1040.2857	6	14	0	1	1	0.7874	0.5214
58	622	1	1041.8357	8	8	90	1	1	0.7878	0.6505
58	623	1	1043.3857	9	15	90	1	1	0.7881	0.7975
58	624	1	1044.9357	11	5	0	1	1	0.7885	0.6394
58	625	1	1046.4857	10	7	0	1	1	0.7888	0.6732
58	626	1	1048.0357	9	15	0	1	1	0.7891	0.6750
58	627	1	1049.5857	12	4	0	1	1	0.7895	0.6294
58	628	1	1051.1357	13	11	0	1	1	0.7898	0.5834
58	629	1	1052.6858	12	4	0	1	1	0.7901	0.5205
58	630	1	1054.2358	9	15	0	1	1	0.7905	0.6354
58	631	1	1055.7857	8	8	0	1	1	0.7908	0.6213
58	632	1	1057.3357	5	2	0	1	1	0.7911	0.4635
58	633	1	1058.8857	4	6	0	1	1	0.7915	0.3845
58	634	1	1060.4357	7	3	90	0	1	0.7902	0.8674
58	635	1	1061.9858	5	2	0	1	1	0.7906	0.7573
58	636	1	1063.5358	4	6	0	1	1	0.7909	0.4705
58	637	1	1065.0859	5	2	0	1	1	0.7912	0.4883
58	638	1	1066.6357	7	3	0	1	1	0.7915	0.4745
58	639	1	1068.1858	8	8	0	1	1	0.7919	0.4925
58	640	1	1069.7358	6	14	0	1	1	0.7922	0.4152
58	641	1	1071.2858	7	3	0	1	1	0.7925	0.4968
58	642	1	1072.8358	8	8	90	0	1	0.7913	0.3225
58	643	1	1074.3858	9	15	0	1	1	0.7916	0.5809
58	644	1	1075.9358	12	4	0	1	1	0.7919	0.3426
58	645	1	1077.4858	10	7	90	0	1	0.7907	0.3289
58	646	1	1079.0359	9	15	0	1	1	0.7910	0.6188
58	647	1	1080.5859	11	5	0	1	1	0.7913	0.4924
58	648	1	1082.1358	12	4	0	1	1	0.7917	0.5265
58	649	1	1083.6858	13	11	0	1	1	0.7920	0.5613
58	650	1	1085.2360	10	7	0	1	1	0.7923	0.5623
58	651	1	1086.7859	13	11	0	1	1	0.7926	0.3888
58	652	1	1088.3358	12	4	0	1	1	0.7929	0.4865
58	653	1	1089.8859	9	15	0	1	1	0.7933	0.5204
58	654	1	1091.4358	10	7	0	1	1	0.7936	0.3630
58	655	1	1092.9860	12	4	90	0	1	0.7924	0.5883
58	656	1	1094.5359	13	11	0	1	1	0.7927	0.5109
58	657	1	1096.0858	11	5	90	0	1	0.7915	0.5133
58	658	1	1097.6359	9	15	90	1	1	0.7918	0.7389
58	659	1	1099.1858	10	7	0	1	1	0.7921	0.8853
58	660	1	1100.7359	12	4	0	1	1	0.7924	0.5828
58	661	1	1102.2859	9	15	0	1	1	0.7927	0.6328
58	662	1	1103.8360	12	4	0	1	1	0.7931	0.5383
58	663	1	1105.3859	11	5	0	1	1	0.7934	0.7174
58	664	1	1106.9359	10	7	0	1	1	0.7937	0.6226
58	665	1	1108.4859	12	4	90	0	1	0.7925	0.4652
58	666	1	1110.0361	9	15	0	1	1	0.7928	0.5786
58	667	1	1111.5858	11	5	0	1	1	0.7931	0.5496
58	668	1	1113.1358	9	15	0	1	1	0.7934	0.4714
58	669	1	1114.6859	8	8	0	1	1	0.7937	0.5373
58	670	1	1116.2359	6	14	90	0	1	0.7925	0.5873
58	671	1	1117.7859	8	8	0	1	1	0.7928	0.4932
58	672	1	1119.3358	5	2	90	0	1	0.7917	0.5269
58	673	1	1120.8860	8	8	0	1	1	0.7920	0.5927
58	674	1	1122.4359	5	2	0	1	1	0.7923	0.4824
58	675	1	1123.9859	7	3	0	1	1	0.7926	0.5172
58	676	1	1125.5360	4	6	0	1	1	0.7929	0.4392
58	677	1	1127.0859	3	9	0	1	1	0.7932	0.6491
58	678	1	1128.6360	15	12	0	1	1	0.7935	0.5552
58	679	1	1130.1859	2	1	0	1	1	0.7938	0.5084
58	680	1	1131.7359	14	13	0	1	1	0.7941	0.4153
58	681	1	1133.2859	2	1	0	1	1	0.7944	0.5134
58	682	1	1134.8361	1	10	0	1	1	0.7947	0.3862
58	683	1	1136.3860	2	1	0	1	1	0.7950	0.4853
58	684	1	1137.9359	3	9	90	0	1	0.7939	0.3909
58	685	1	1139.4859	2	1	0	1	1	0.7942	0.4084
58	686	1	1141.0361	3	9	0	1	1	0.7945	0.3942
58	687	1	1142.5859	15	12	0	1	1	0.7948	0.5884
58	688	1	1144.1360	14	13	0	1	1	0.7951	0.6073
58	689	1	1145.6859	2	1	0	1	1	0.7954	0.6092
58	690	1	1147.2360	15	12	0	1	1	0.7957	0.4507
58	691	1	1148.7860	14	13	0	1	1	0.7959	0.4372
58	692	1	1150.3360	2	1	0	1	1	0.7962	0.5344
58	693	1	1151.8860	15	12	0	1	1	0.7965	0.4733
58	694	1	1153.4360	1	10	90	0	1	0.7954	0.6352
58	695	1	1154.9860	15	12	0	1	1	0.7957	0.4771
58	696	1	1156.5360	3	9	0	1	1	0.7960	0.5264
58	697	1	1158.0860	1	10	0	1	1	0.7963	0.4803
58	698	1	1159.6360	15	12	0	1	1	0.7966	0.5953
58	699	1	1161.1862	3	9	0	1	1	0.7969	0.5169
58	700	1	1162.7360	1	10	0	1	1	0.7971	0.4872
58	701	1	1164.2860	3	9	90	1	1	0.7974	0.7604
58	702	1	1165.8360	4	6	0	1	1	0.7977	1.0831
58	703	1	1167.3862	3	9	90	1	1	0.7980	0.7482
58	704	1	1168.9359	2	1	0	1	1	0.7983	0.5587
58	705	1	1170.4860	1	10	0	1	1	0.7986	0.6728
58	706	1	1172.0362	2	1	90	0	1	0.7975	0.5782
58	707	1	1173.5861	14	13	0	1	1	0.7977	0.4691
58	708	1	1175.1361	13	11	0	1	1	0.7980	0.6791
58	709	1	1176.6860	11	5	0	1	1	0.7983	0.5847
58	710	1	1178.2361	13	11	0	1	1	0.7986	0.6183
58	711	1	1179.7861	14	13	90	0	1	0.7975	0.6046
58	712	1	1181.3360	1	10	0	1	1	0.7978	0.4943
58	713	1	1182.8860	2	1	0	1	1	0.7980	0.3852
58	714	1	1184.4361	14	13	0	1	1	0.7983	0.3223
58	715	1	1185.9860	2	1	90	0	1	0.7972	0.3729
58	716	1	1187.5360	14	13	0	1	1	0.7975	0.5027
58	717	1	1189.0861	2	1	0	1	1	0.7978	0.4092
58	718	1	1190.6361	3	9	0	1	1	0.7981	0.3783
58	719	1	1192.1861	4	6	90	1	1	0.7983	0.8444
58	720	1	1193.7361	3	9	0	1	1	0.7986	0.5588
58	721	1	1195.2862	1	10	90	1	1	0.7989	0.8167
58	722	1	1196.8360	3	9	0	1	1	0.7992	0.6106
58	723	1	1198.3861	2	1	0	1	1	0.7994	0.5971
58	724	1	1199.9360	15	12	0	1	1	0.7997	0.7273
58	725	1	1201.4861	2	1	0	1	1	0.8000	0.6325
58	726	1	1203.0363	15	12	0	1	1	0.8003	0.6341
58	727	1	1204.5861	3	9	90	1	1	0.8006	0.6686
58	728	1	1206.1361	2	1	90	0	1	0.7995	0.5431
58	729	1	1207.6861	14	13	90	1	1	0.7997	1.0093
58	730	1	1209.2361	13	11	90	1	1	0.8000	0.8671
58	731	1	1210.7861	10	7	0	1	1	0.8003	0.8368
58	732	1	1212.3362	9	15	0	1	1	0.8005	0.7583
58	733	1	1213.8862	12	4	90	0	1	0.7995	1.1770
58	734	1	1215.4361	13	11	0	1	1	0.7997	0.6192
58	735	1	1216.9861	12	4	0	1	1	0.8000	0.5727
58	736	1	1218.5361	9	15	0	1	1	0.8003	0.6071
58	737	1	1220.0861	12	4	90	1	1	0.8005	0.7689
58	738	1	1221.6363	11	5	0	1	1	0.8008	0.6591
58	739	1	1223.1862	10	7	0	1	1	0.8011	0.6767
58	740	1	1224.7362	9	15	0	1	1	0.8014	0.6311
58	741	1	1226.2862	12	4	0	1	1	0.8016	0.5852
58	742	1	1227.8361	10	7	90	0	1	0.8005	0.6832
58	743	1	1229.3862	9	15	0	1	1	0.8008	0.5086
58	744	1	1230.9362	12	4	0	1	1	0.8011	0.6072
58	745	1	1232.4862	10	7	0	1	1	0.8013	0.6091
58	746	1	1234.0362	12	4	90	1	1	0.8016	0.8832
58	747	1	1235.5863	9	15	0	1	1	0.8019	0.5652
58	748	1	1237.1363	12	4	0	1	1	0.8021	0.5342
58	749	1	1238.6862	9	15	0	1	1	0.8024	0.5211
58	750	1	1240.2362	8	8	0	1	1	0.8027	0.5712
58	751	1	1241.7862	7	3	90	0	1	0.8016	0.3972
58	752	1	1243.3363	5	2	0	1	1	0.8019	0.4306
58	753	1	1244.8862	8	8	0	1	1	0.8021	0.4651
58	754	1	1246.4362	7	3	0	1	1	0.8024	0.5791
58	755	1	1247.9862	8	8	0	1	1	0.8026	0.4522
58	756	1	1249.5362	5	2	0	1	1	0.8029	0.3112
58	757	1	1251.0862	6	14	0	1	1	0.8032	0.4883
58	758	1	1252.6363	8	8	0	1	1	0.8034	0.4591
58	759	1	1254.1862	7	3	0	1	1	0.8037	0.4926
58	760	1	1255.7362	4	6	0	1	1	0.8039	0.7992
58	761	1	1257.2862	3	9	90	1	1	0.8042	0.7212
58	762	1	1258.8363	1	10	0	1	1	0.8045	0.6102
58	763	1	1260.3862	14	13	0	1	1	0.8047	0.5492
58	764	1	1261.9362	13	11	0	1	1	0.8050	0.5506
58	765	1	1263.4862	12	4	0	1	1	0.8052	0.5523
58	766	1	1265.0363	13	11	0	1	1	0.8055	0.5711
58	767	1	1266.5862	10	7	0	1	1	0.8057	0.5571
58	768	1	1268.1363	11	5	0	1	1	0.8060	0.5422
58	769	1	1269.6863	9	15	0	1	1	0.8062	0.3369
58	770	1	1271.2363	12	4	0	1	1	0.8065	0.2750
58	771	1	1272.7863	10	7	0	1	1	0.8067	0.2606
58	772	1	1274.3363	11	5	0	1	1	0.8070	0.2471
58	773	1	1275.8864	10	7	0	1	1	0.8072	0.2330
58	774	1	1277.4364	11	5	0	1	1	0.8075	0.2667
58	775	1	1278.9863	12	4	0	1	1	0.8077	0.2850
58	776	1	1280.5363	9	15	90	0	1	0.8067	0.2551
58	777	1	1282.0863	8	8	0	1	1	0.8069	0.3368
58	778	1	1283.6363	6	14	90	0	1	0.8059	0.2590
58	779	1	1285.1863	4	6	0	1	1	0.8062	0.3564
58	780	1	1286.7363	5	2	0	1	1	0.8064	0.3752
58	781	1	1288.2863	6	14	0	1	1	0.8067	0.2802
58	782	1	1289.8363	4	6	0	1	1	0.8069	0.5867
58	783	1	1291.3864	3	9	90	1	1	0.8072	0.6526
58	784	1	1292.9363	4	6	90	1	1	0.8074	1.2151
58	785	1	1294.4863	7	3	0	1	1	0.8076	0.6723
58	786	1	1296.0365	6	14	0	1	1	0.8079	0.5948
58	787	1	1297.5863	7	3	0	1	1	0.8081	0.5004
58	788	1	1299.1364	5	2	0	1	1	0.8084	0.4541
58	789	1	1300.6863	4	6	0	1	1	0.8086	0.6651
58	790	1	1302.2363	3	9	0	1	1	0.8089	0.5392
58	791	1	1303.7864	15	12	0	1	1	0.8091	0.6689
58	792	1	1305.3364	2	1	0	1	1	0.8093	0.6070
58	793	1	1306.8864	15	12	0	1	1	0.8096	0.5288
58	794	1	1308.4364	14	13	90	0	1	0.8086	1.3306
58	795	1	1310.0032	1	10	0	1	1	0.8088	0.6282
58	796	1	1311.5530	2	1	0	1	1	0.8090	0.6299
58	797	1	1313.1030	14	13	0	0	1	0.8080	0.9682
58	798	1	1314.6530	13	11	0	1	1	0.8083	0.4895
58	799	1	1316.2031	10	7	90	0	1	0.8073	0.5243
58	800	1	1317.7531	9	15	0	1	1	0.8075	0.6063
58	801	1	1319.3031	11	5	0	1	1	0.8077	0.5275
58	802	1	1320.8531	10	7	0	1	1	0.8080	0.6415
58	803	1	1322.4031	13	11	0	1	1	0.8082	0.5007
58	804	1	1323.9531	11	5	90	1	1	0.8085	0.8535
58	805	1	1325.5030	12	4	0	1	1	0.8087	0.6157
58	806	1	1327.0531	11	5	0	1	1	0.8089	0.4904
58	807	1	1328.6031	9	15	0	1	1	0.8092	0.4755
58	808	1	1330.1531	10	7	0	1	1	0.8094	0.6058
58	809	1	1331.7031	9	15	0	1	1	0.8096	0.5283
58	810	1	1333.2531	12	4	0	1	1	0.8099	0.4019
58	811	1	1334.8031	10	7	0	1	1	0.8101	0.4204
58	812	1	1336.3531	11	5	0	1	1	0.8103	0.4378
58	813	1	1337.9031	10	7	90	0	1	0.8093	0.5044
58	814	1	1339.4531	11	5	0	1	1	0.8096	0.4575
58	815	1	1341.0031	10	7	0	1	1	0.8098	0.5404
58	816	1	1342.5532	9	15	0	1	1	0.8100	0.4143
58	817	1	1344.1031	12	4	0	1	1	0.8103	0.4315
58	818	1	1345.6532	11	5	0	1	1	0.8105	0.4974
58	819	1	1347.2031	12	4	0	1	1	0.8107	0.3715
58	820	1	1348.7532	13	11	0	1	1	0.8110	0.6623
58	821	1	1350.3033	12	4	90	0	1	0.8100	0.4874
58	822	1	1351.8532	9	15	0	1	1	0.8102	0.3294
58	823	1	1353.4031	11	5	0	1	1	0.8104	0.3475
58	824	1	1354.9531	10	7	90	0	1	0.8095	0.5255
58	825	1	1356.5031	9	15	0	1	1	0.8097	0.4325
58	826	1	1358.0532	8	8	0	1	1	0.8099	0.6102
58	827	1	1359.6031	6	14	0	1	1	0.8102	0.5635
58	828	1	1361.1532	8	8	0	1	1	0.8104	0.4698
58	829	1	1362.7033	7	3	0	1	1	0.8106	0.5042
58	830	1	1364.2532	6	14	0	1	1	0.8108	0.4902
58	831	1	1365.8032	7	3	0	1	1	0.8111	0.3324
58	832	1	1367.3532	8	8	0	1	1	0.8113	0.3975
58	833	1	1368.9031	9	15	90	0	1	0.8103	0.3364
58	834	1	1370.4532	10	7	90	0	1	0.8094	0.4023
58	835	1	1372.0032	11	5	0	1	1	0.8096	0.3886
58	836	1	1373.5532	12	4	0	1	1	0.8098	0.3099
58	837	1	1375.1032	9	15	0	1	1	0.8100	0.3122
58	838	1	1376.6533	11	5	0	1	1	0.8103	0.4414
58	839	1	1378.2032	10	7	0	1	1	0.8105	0.4600
58	840	1	1379.7533	11	5	0	1	1	0.8107	0.5096
58	841	1	1381.3032	10	7	0	1	1	0.8109	0.3518
58	842	1	1382.8533	11	5	0	1	1	0.8112	0.3374
58	843	1	1384.4034	13	11	0	1	1	0.8114	0.3721
58	844	1	1385.9533	10	7	0	1	1	0.8116	0.2778
58	845	1	1387.5032	11	5	0	1	1	0.8118	0.3283
58	846	1	1389.0534	10	7	0	1	1	0.8121	0.4253
58	847	1	1390.6032	12	4	0	1	1	0.8123	0.3319
58	848	1	1392.1532	10	7	0	1	1	0.8125	0.3984
58	849	1	1393.7033	11	5	0	1	1	0.8127	0.3838
58	850	1	1395.2532	12	4	90	0	1	0.8118	0.3863
58	851	1	1396.8032	13	11	0	1	1	0.8120	0.5794
58	852	1	1398.3533	12	4	90	1	1	0.8122	0.6937
58	853	1	1399.9032	9	15	0	1	1	0.8124	0.5363
58	854	1	1401.4533	11	5	0	1	1	0.8126	0.5694
58	855	1	1403.0033	10	7	0	1	1	0.8129	0.5878
58	856	1	1404.5533	11	5	0	1	1	0.8131	0.4942
58	857	1	1406.1033	13	11	0	1	1	0.8133	0.5923
58	858	1	1407.6533	10	7	90	0	1	0.8124	0.6904
58	859	1	1409.2034	11	5	0	1	1	0.8126	0.5798
58	860	1	1410.7533	9	15	0	1	1	0.8128	0.4694
58	861	1	1412.3033	8	8	0	1	1	0.8130	0.5042
58	862	1	1413.8533	7	3	0	1	1	0.8132	0.4894
58	863	1	1415.4033	5	2	0	1	1	0.8134	0.4118
58	864	1	1416.9534	8	8	0	1	1	0.8137	0.4613
58	865	1	1418.5034	7	3	0	1	1	0.8139	0.4476
58	866	1	1420.0535	6	14	90	0	1	0.8129	0.4016
58	867	1	1421.6035	5	2	90	0	1	0.8120	0.3556
58	868	1	1423.1533	7	3	0	1	1	0.8122	0.4058
58	869	1	1424.7033	6	14	0	1	1	0.8124	0.5683
58	870	1	1426.2533	4	6	0	0	1	0.8115	0.8258
58	871	1	1427.8034	6	14	0	1	1	0.8117	0.4753
58	872	1	1429.3534	5	2	0	1	1	0.8119	0.6061
58	873	1	1430.9033	4	6	0	1	1	0.8121	0.6562
58	874	1	1432.4533	7	3	0	1	1	0.8124	0.5938
58	875	1	1434.0034	8	8	90	1	1	0.8126	0.8362
58	876	1	1435.5534	7	3	0	1	1	0.8128	0.5823
58	877	1	1437.1034	5	2	0	1	1	0.8130	0.5363
58	878	1	1438.6534	4	6	0	1	1	0.8132	0.7133
58	879	1	1440.2034	5	2	0	1	1	0.8134	0.5722
58	880	1	1441.7534	8	8	0	1	1	0.8136	0.6054
58	881	1	1443.3034	6	14	0	1	1	0.8138	0.5599
58	882	1	1444.8534	8	8	0	1	1	0.8141	0.5783
58	883	1	1446.4034	9	15	90	1	1	0.8143	0.8193
58	884	1	1447.9533	12	4	0	1	1	0.8145	0.7254
58	885	1	1449.5034	11	5	0	1	1	0.8147	0.5842
58	886	1	1451.0536	12	4	0	1	1	0.8149	0.6652
58	887	1	1452.6034	10	7	0	1	1	0.8151	0.6513
58	888	1	1454.1535	13	11	0	1	1	0.8153	0.8137
58	889	1	1455.7033	12	4	0	1	1	0.8155	0.5922
58	890	1	1457.2534	10	7	0	1	1	0.8157	0.7063
58	891	1	1458.8034	11	5	0	1	1	0.8159	0.4841
58	892	1	1460.3535	12	4	0	1	1	0.8161	0.4382
58	893	1	1461.9035	9	15	90	0	1	0.8152	0.5357
58	894	1	1463.4534	12	4	90	0	1	0.8143	0.4414
58	895	1	1465.0034	13	11	90	0	1	0.8134	0.6838
58	896	1	1466.5535	12	4	0	1	1	0.8136	0.7661
58	897	1	1468.1035	11	5	0	1	1	0.8138	0.5596
58	898	1	1469.6535	10	7	0	1	1	0.8140	0.7061
58	899	1	1471.2034	13	11	0	1	1	0.8142	0.7403
58	900	1	1472.7534	14	13	0	1	1	0.8144	0.8057
58	901	1	1474.3034	13	11	0	1	1	0.8147	0.6962
58	902	1	1475.8536	11	5	90	1	1	0.8149	0.7772
58	903	1	1477.4035	10	7	0	1	1	0.8151	0.8121
58	904	1	1478.9534	12	4	0	1	1	0.8153	0.7497
58	905	1	1480.5034	9	15	0	1	1	0.8155	0.7677
58	906	1	1482.0535	10	7	0	1	1	0.8157	0.5621
58	907	1	1483.6036	11	5	0	1	1	0.8159	0.4681
58	908	1	1485.1535	9	15	0	1	1	0.8161	0.6621
58	909	1	1486.7035	11	5	0	1	1	0.8163	0.4717
58	910	1	1488.2537	12	4	0	1	1	0.8165	0.3291
58	911	1	1489.8035	10	7	90	0	1	0.8156	0.2842
58	912	1	1491.3535	9	15	0	1	1	0.8158	0.4933
58	913	1	1492.9035	11	5	90	1	1	0.8160	0.7677
58	914	1	1494.4535	12	4	0	1	1	0.8162	0.6742
58	915	1	1496.0035	11	5	0	1	1	0.8164	0.5473
58	916	1	1497.5536	9	15	0	1	1	0.8166	0.5332
58	917	1	1499.1035	11	5	0	1	1	0.8168	0.5673
58	918	1	1500.6535	10	7	90	0	1	0.8159	0.5861
58	919	1	1502.2036	11	5	0	1	1	0.8161	0.4919
58	920	1	1503.7535	12	4	0	1	1	0.8163	0.3013
58	921	1	1505.3036	9	15	0	1	1	0.8165	0.3352
58	922	1	1506.8536	12	4	0	1	1	0.8167	0.4340
58	923	1	1508.4036	13	11	0	1	1	0.8169	0.4362
58	924	1	1509.9535	14	13	0	1	1	0.8171	0.7417
58	925	1	1511.5035	1	10	90	0	1	0.8162	0.5200
58	926	1	1513.0535	3	9	0	1	1	0.8164	0.6017
58	927	1	1514.6036	4	6	0	1	1	0.8166	0.7798
58	928	1	1516.1536	3	9	90	1	1	0.8168	0.7172
58	929	1	1517.7035	15	12	0	1	1	0.8170	0.6402
58	930	1	1519.2537	1	10	0	1	1	0.8172	0.5779
58	931	1	1520.8036	15	12	0	1	1	0.8174	0.6440
58	932	1	1522.3536	14	13	90	1	1	0.8176	1.1584
58	933	1	1523.9035	13	11	0	1	1	0.8178	0.7120
58	934	1	1525.4536	10	7	0	1	1	0.8180	0.5861
58	935	1	1527.0035	13	11	0	1	1	0.8182	0.4277
58	936	1	1528.5537	12	4	0	1	1	0.8184	0.6381
58	937	1	1530.1036	9	15	0	1	1	0.8186	0.5912
58	938	1	1531.6536	12	4	90	0	1	0.8177	0.4017
58	939	1	1533.2036	9	15	90	1	1	0.8179	0.8036
58	940	1	1534.7536	11	5	0	1	1	0.8181	0.5820
58	941	1	1536.3036	10	7	0	1	1	0.8183	0.5672
58	942	1	1537.8536	13	11	0	1	1	0.8185	0.5696
58	943	1	1539.4036	14	13	0	1	1	0.8187	0.7320
58	944	1	1540.9536	1	10	0	1	1	0.8189	0.5421
58	945	1	1542.5037	14	13	0	1	1	0.8190	0.4320
58	946	1	1544.0538	1	10	0	1	1	0.8192	0.4810
58	947	1	1545.6036	14	13	90	0	1	0.8184	0.4832
58	948	1	1547.1536	2	1	0	1	1	0.8186	0.5496
58	949	1	1548.7037	14	13	90	1	1	0.8188	0.7920
58	950	1	1550.2536	13	11	90	0	1	0.8179	0.5379
58	951	1	1551.8036	11	5	0	1	1	0.8181	0.5401
58	952	1	1553.3537	9	15	0	1	1	0.8183	0.6692
58	953	1	1554.9035	10	7	0	1	1	0.8185	0.6393
58	954	1	1556.4538	9	15	0	1	1	0.8187	0.5780
58	955	1	1558.0037	11	5	0	1	1	0.8188	0.5641
58	956	1	1559.5536	9	15	0	1	1	0.8190	0.5340
58	957	1	1561.1037	11	5	0	1	1	0.8192	0.4560
58	958	1	1562.6536	9	15	90	1	1	0.8194	0.8101
58	959	1	1564.2037	12	4	0	1	1	0.8196	0.6842
58	960	1	1565.7537	10	7	0	1	1	0.8198	0.5737
58	961	1	1567.3036	12	4	0	1	1	0.8200	0.5437
58	962	1	1568.8538	13	11	0	1	1	0.8202	0.5615
58	963	1	1570.4037	14	13	0	1	1	0.8204	0.4351
58	964	1	1571.9537	15	12	90	0	1	0.8195	0.5821
58	965	1	1573.5036	1	10	0	1	1	0.8197	0.5193
58	966	1	1575.0539	2	1	0	1	1	0.8199	0.5858
58	967	1	1576.6038	15	12	90	0	1	0.8190	0.7635
58	968	1	1578.1537	1	10	0	1	1	0.8192	0.5421
58	969	1	1579.7037	3	9	0	1	1	0.8194	0.6081
58	970	1	1581.2537	2	1	0	1	1	0.8196	0.5301
58	971	1	1582.8037	1	10	0	1	1	0.8198	0.5312
58	972	1	1584.3538	3	9	0	1	1	0.8200	0.4536
58	973	1	1585.9037	1	10	0	1	1	0.8201	0.5201
58	974	1	1587.4538	15	12	0	1	1	0.8203	0.6661
58	975	1	1589.0037	14	13	0	1	1	0.8205	0.6993
58	976	1	1590.5537	15	12	90	1	1	0.8207	0.7978
58	977	1	1592.1038	2	1	0	1	1	0.8209	0.7361
58	978	1	1593.6538	15	12	0	1	1	0.8211	0.7052
58	979	1	1595.2037	1	10	0	1	1	0.8212	0.5952
58	980	1	1596.7537	3	9	0	1	1	0.8214	0.5659
58	981	1	1598.3038	15	12	0	1	1	0.8216	0.6641
58	982	1	1599.8537	14	13	0	1	1	0.8218	0.6972
58	983	1	1601.4037	1	10	0	1	1	0.8220	0.6200
58	984	1	1602.9538	3	9	0	1	1	0.8222	0.5737
58	985	1	1604.5039	4	6	0	1	1	0.8223	0.7678
58	986	1	1606.0538	3	9	0	1	1	0.8225	0.6572
58	987	1	1607.6038	4	6	0	1	1	0.8227	0.5641
58	988	1	1609.1538	7	3	0	1	1	0.8229	0.5652
58	989	1	1610.7038	6	14	0	1	1	0.8231	0.5360
58	990	1	1612.2540	7	3	0	1	1	0.8232	0.4410
58	991	1	1613.8038	5	2	90	0	1	0.8224	0.5551
58	992	1	1615.3538	4	6	0	1	1	0.8226	0.6539
58	993	1	1616.9038	6	14	0	1	1	0.8228	0.5751
58	994	1	1618.4539	5	2	90	1	1	0.8229	0.8495
58	995	1	1620.0037	4	6	0	1	1	0.8231	0.7564
58	996	1	1621.5538	3	9	0	1	1	0.8233	0.5654
58	997	1	1623.1038	15	12	0	1	1	0.8235	0.5515
58	998	1	1624.6539	1	10	90	0	1	0.8226	0.5371
58	999	1	1626.2039	14	13	0	1	1	0.8228	0.5565
58	1000	1	1627.7538	1	10	0	1	1	0.8230	0.4932
58	1001	1	1629.3038	2	1	0	1	1	0.8232	0.5917
58	1002	1	1630.8538	14	13	0	1	1	0.8234	0.6100
58	1003	1	1632.4039	13	11	90	0	1	0.8225	0.8679
58	1004	1	1633.9538	14	13	90	1	1	0.8227	0.8531
58	1005	1	1635.5038	13	11	0	1	1	0.8229	0.5192
58	1006	1	1637.0540	14	13	0	1	1	0.8231	0.5218
58	1007	1	1638.6039	2	1	0	1	1	0.8232	0.5557
58	1008	1	1640.1539	3	9	0	1	1	0.8234	0.5411
58	1009	1	1641.7039	4	6	0	1	1	0.8236	0.5431
58	1010	1	1643.2539	5	2	0	0	1	0.8228	0.8491
58	1011	1	1644.8039	8	8	0	1	1	0.8229	0.5635
58	1012	1	1646.3539	6	14	0	1	1	0.8231	0.5331
58	1013	1	1647.9039	5	2	0	1	1	0.8233	0.4711
58	1014	1	1649.4539	7	3	0	1	1	0.8235	0.4900
58	1015	1	1651.0039	6	14	0	1	1	0.8236	0.3791
58	1016	1	1652.5539	7	3	90	0	1	0.8228	0.7019
58	1017	1	1654.1039	5	2	90	0	1	0.8220	0.5599
58	1018	1	1655.6539	4	6	0	1	1	0.8222	0.5935
58	1019	1	1657.2039	3	9	0	1	1	0.8224	0.5476
58	1020	1	1658.7540	2	1	0	1	1	0.8225	0.5499
58	1021	1	1660.3039	15	12	0	1	1	0.8227	0.4879
58	1022	1	1661.8539	3	9	90	0	1	0.8219	0.3938
58	1023	1	1663.4039	1	10	0	1	1	0.8221	0.5236
58	1024	1	1664.9539	14	13	0	1	1	0.8223	0.7331
58	1025	1	1666.5039	15	12	90	0	1	0.8215	0.5431
58	1026	1	1668.0538	2	1	0	1	1	0.8216	0.5295
58	1027	1	1669.6039	15	12	90	0	1	0.8208	0.6275
58	1028	1	1671.1539	2	1	90	1	1	0.8210	0.7091
58	1029	1	1672.7040	15	12	0	1	1	0.8212	0.5990
58	1030	1	1674.2538	3	9	0	1	1	0.8214	0.5861
58	1031	1	1675.8040	15	12	0	1	1	0.8215	0.6839
58	1032	1	1677.3539	14	13	0	1	1	0.8217	0.6540
58	1033	1	1678.9038	13	11	0	1	1	0.8219	0.9112
58	1034	1	1680.4540	10	7	0	1	1	0.8221	0.7214
58	1035	1	1682.0040	13	11	0	1	1	0.8222	0.5479
58	1036	1	1683.5540	11	5	0	1	1	0.8224	0.6130
58	1037	1	1685.1039	10	7	0	1	1	0.8226	0.5355
58	1038	1	1686.6540	13	11	0	1	1	0.8227	0.9374
58	1039	1	1688.2040	11	5	0	1	1	0.8229	0.6031
58	1040	1	1689.7540	9	15	0	1	1	0.8231	0.6379
58	1041	1	1691.3041	8	8	0	1	1	0.8232	0.5113
58	1042	1	1692.8540	7	3	0	1	1	0.8234	0.5450
58	1043	1	1694.4040	8	8	0	1	1	0.8236	0.4990
58	1044	1	1695.9540	5	2	0	1	1	0.8238	0.5170
58	1045	1	1697.5039	7	3	0	1	1	0.8239	0.4555
58	1046	1	1699.0540	8	8	0	1	1	0.8241	0.5214
58	1047	1	1700.6041	9	15	0	1	1	0.8243	0.6195
58	1048	1	1702.1540	12	4	90	1	1	0.8244	0.9094
58	1049	1	1703.7040	9	15	90	1	1	0.8246	0.8160
58	1050	1	1705.2541	12	4	90	1	1	0.8248	0.7210
58	1051	1	1706.8040	9	15	0	1	1	0.8249	0.6110
58	1052	1	1708.3540	11	5	0	1	1	0.8251	0.5650
58	1053	1	1709.9040	12	4	0	1	1	0.8253	0.5839
58	1054	1	1711.4540	13	11	0	1	1	0.8254	0.6495
58	1055	1	1713.0041	10	7	0	1	1	0.8256	0.6030
58	1056	1	1714.5540	12	4	0	1	1	0.8258	0.6059
58	1057	1	1716.1041	11	5	0	1	1	0.8259	0.5274
58	1058	1	1717.6540	13	11	0	1	1	0.8261	0.5296
58	1059	1	1719.2041	11	5	0	1	1	0.8263	0.6110
58	1060	1	1720.7541	13	11	0	1	1	0.8264	0.5499
58	1061	1	1722.3041	12	4	0	1	1	0.8266	0.4398
58	1062	1	1723.8541	11	5	0	1	1	0.8267	0.5210
58	1063	1	1725.4041	9	15	0	1	1	0.8269	0.5550
58	1064	1	1726.9543	10	7	90	0	1	0.8261	0.6211
58	1065	1	1728.5041	12	4	0	1	1	0.8263	0.5595
58	1066	1	1730.0541	9	15	90	0	1	0.8255	0.4650
58	1067	1	1731.6041	8	8	90	1	1	0.8257	0.7876
58	1068	1	1733.1541	7	3	0	1	1	0.8258	1.0620
58	1069	1	1734.7042	6	14	0	1	1	0.8260	0.5509
58	1070	1	1736.2542	8	8	0	1	1	0.8262	0.4739
58	1071	1	1737.8041	7	3	0	1	1	0.8263	0.4110
58	1072	1	1739.3541	4	6	0	1	1	0.8265	0.8454
58	1073	1	1740.9041	5	2	0	1	1	0.8267	0.6235
58	1074	1	1742.4541	4	6	90	0	1	0.8259	0.4974
58	1075	1	1744.0042	7	3	0	1	1	0.8260	0.5469
58	1076	1	1745.5541	4	6	0	1	1	0.8262	0.9814
58	1077	1	1747.1041	6	14	0	1	1	0.8264	0.6159
58	1078	1	1748.6541	7	3	0	1	1	0.8265	0.4570
58	1079	1	1750.2042	6	14	0	1	1	0.8267	0.5395
58	1080	1	1751.7541	7	3	0	1	1	0.8269	0.3334
58	1081	1	1753.3042	5	2	0	1	1	0.8270	0.3354
58	1082	1	1754.8542	8	8	0	1	1	0.8272	0.3370
58	1083	1	1756.4042	7	3	0	1	1	0.8273	0.3079
58	1084	1	1757.9542	6	14	90	0	1	0.8266	0.3899
58	1085	1	1759.5041	4	6	0	1	1	0.8267	0.6950
58	1086	1	1761.0541	6	14	0	1	1	0.8269	0.5050
58	1087	1	1762.6042	7	3	0	1	1	0.8270	0.4749
58	1088	1	1764.1542	8	8	0	1	1	0.8272	0.4610
58	1089	1	1765.7042	9	15	0	1	1	0.8274	0.7353
58	1090	1	1767.2541	12	4	0	1	1	0.8275	0.5938
58	1091	1	1768.8042	11	5	0	1	1	0.8277	0.7237
58	1092	1	1770.3542	13	11	90	0	1	0.8269	0.4689
58	1093	1	1771.9042	11	5	0	1	1	0.8271	0.5670
58	1094	1	1773.4542	9	15	0	1	1	0.8272	0.6181
58	1095	1	1775.0042	12	4	0	1	1	0.8274	0.6194
58	1096	1	1776.5543	9	15	90	1	1	0.8276	0.8306
58	1097	1	1778.1042	8	8	0	1	1	0.8277	0.5916
58	1098	1	1779.6542	6	14	0	1	1	0.8279	0.5774
58	1099	1	1781.2042	7	3	0	1	1	0.8280	0.5319
58	1100	1	1782.7542	4	6	0	1	1	0.8282	0.6614
58	1101	1	1784.3043	3	9	0	1	1	0.8283	0.5837
58	1102	1	1785.8542	4	6	0	1	1	0.8285	0.6813
58	1103	1	1787.4042	6	14	0	1	1	0.8286	0.5394
58	1104	1	1788.9543	8	8	0	1	1	0.8288	0.5582
58	1105	1	1790.5042	9	15	90	1	1	0.8290	0.8479
58	1106	1	1792.0544	8	8	0	1	1	0.8291	0.5937
58	1107	1	1793.6042	5	2	0	1	1	0.8293	0.5794
58	1108	1	1795.1543	7	3	90	1	1	0.8294	0.7249
58	1109	1	1796.7043	5	2	0	1	1	0.8296	0.5352
58	1110	1	1798.2542	6	14	0	1	1	0.8297	0.5379
58	1111	1	1799.8043	7	3	0	1	1	0.8299	0.4758
58	1112	1	1801.3544	4	6	0	1	1	0.8300	0.5408
58	1113	1	1802.9044	5	2	0	1	1	0.8302	0.4957
58	1114	1	1804.4543	7	3	0	1	1	0.8303	0.5130
58	1115	1	1806.0043	5	2	0	1	1	0.8305	0.4677
58	1116	1	1807.5543	7	3	0	1	1	0.8306	0.4373
58	1117	1	1809.1045	6	14	0	1	1	0.8308	0.4395
58	1118	1	1810.6543	4	6	0	1	1	0.8309	0.4889
58	1119	1	1812.2044	5	2	0	1	1	0.8311	0.4437
58	1120	1	1813.7543	4	6	90	0	1	0.8304	0.5892
58	1121	1	1815.3043	6	14	0	1	1	0.8305	0.3672
58	1122	1	1816.8543	7	3	0	1	1	0.8307	0.4178
58	1123	1	1818.4043	5	2	0	1	1	0.8308	0.3709
58	1124	1	1819.9545	4	6	0	1	1	0.8310	0.6607
58	1125	1	1821.5042	3	9	0	1	1	0.8311	0.5830
58	1126	1	1823.0544	2	1	0	1	1	0.8313	0.5528
58	1127	1	1824.6043	14	13	0	1	1	0.8314	0.6037
58	1128	1	1826.1543	2	1	90	1	1	0.8316	0.7973
58	1129	1	1827.7043	3	9	0	1	1	0.8317	0.5439
58	1130	1	1829.2544	2	1	0	1	1	0.8319	0.4977
58	1131	1	1830.8043	14	13	0	1	1	0.8320	0.4834
58	1132	1	1832.3544	2	1	0	1	1	0.8322	0.5340
58	1133	1	1833.9044	1	10	90	0	1	0.8314	0.5349
58	1134	1	1835.4544	3	9	0	1	1	0.8316	0.4256
58	1135	1	1837.0044	15	12	0	1	1	0.8317	0.6677
58	1136	1	1838.5543	1	10	0	1	1	0.8319	0.7979
58	1137	1	1840.1044	14	13	0	1	1	0.8320	0.6398
58	1138	1	1841.6543	13	11	0	1	1	0.8322	0.6738
58	1139	1	1843.2044	10	7	90	0	1	0.8314	0.5628
58	1140	1	1844.7544	11	5	0	1	1	0.8316	0.5337
58	1141	1	1846.3044	13	11	90	0	1	0.8309	0.5509
58	1142	1	1847.8545	10	7	0	1	1	0.8310	0.8416
58	1143	1	1849.4044	12	4	90	1	1	0.8311	0.7632
58	1144	1	1850.9543	9	15	0	1	1	0.8313	0.6853
58	1145	1	1852.5045	11	5	0	1	1	0.8314	0.5756
58	1146	1	1854.0546	10	7	0	1	1	0.8316	0.8967
58	1147	1	1855.6044	13	11	0	1	1	0.8317	0.8997
58	1148	1	1857.1544	11	5	90	1	1	0.8319	0.8053
58	1149	1	1858.7044	13	11	0	1	1	0.8320	0.6638
58	1150	1	1860.2544	11	5	0	1	1	0.8322	0.7449
58	1151	1	1861.8046	12	4	0	1	1	0.8323	0.6995
58	1152	1	1863.3544	13	11	0	1	1	0.8325	0.6058
58	1153	1	1864.9044	12	4	0	1	1	0.8326	0.5437
58	1154	1	1866.4545	11	5	0	1	1	0.8328	0.5288
58	1155	1	1868.0044	10	7	90	0	1	0.8320	0.9949
58	1156	1	1869.5545	9	15	0	1	1	0.8322	0.5967
58	1157	1	1871.1044	12	4	0	1	1	0.8323	0.5991
58	1158	1	1872.6545	10	7	0	1	1	0.8325	0.4730
58	1159	1	1874.2044	13	11	0	1	1	0.8326	0.6357
58	1160	1	1875.7545	14	13	0	1	1	0.8328	0.6054
58	1161	1	1877.3045	15	12	0	1	1	0.8329	0.4475
58	1162	1	1878.8545	14	13	0	1	1	0.8330	0.4338
58	1163	1	1880.4044	13	11	90	0	1	0.8323	0.5148
58	1164	1	1881.9546	12	4	0	1	1	0.8325	0.6772
58	1165	1	1883.5045	10	7	0	1	1	0.8326	0.5512
58	1166	1	1885.0545	13	11	90	0	1	0.8319	0.6816
58	1167	1	1886.6044	14	13	0	1	1	0.8320	0.5232
58	1168	1	1888.1544	1	10	0	1	1	0.8322	0.7330
58	1169	1	1889.7044	15	12	0	1	1	0.8323	0.6709
58	1170	1	1891.2545	2	1	0	1	1	0.8325	0.5452
58	1171	1	1892.8045	14	13	0	1	1	0.8326	0.4518
58	1172	1	1894.3545	2	1	0	1	1	0.8328	0.4698
58	1173	1	1895.9045	3	9	0	1	1	0.8329	0.5838
58	1174	1	1897.4546	4	6	0	1	1	0.8330	0.6814
58	1175	1	1899.0046	6	14	0	1	1	0.8332	0.5868
58	1176	1	1900.5545	7	3	0	1	1	0.8333	0.5417
58	1177	1	1902.1045	5	2	0	1	1	0.8335	0.6078
58	1178	1	1903.6544	8	8	90	1	1	0.8336	0.7049
58	1179	1	1905.2046	7	3	90	1	1	0.8338	0.7547
58	1180	1	1906.7545	4	6	0	1	1	0.8339	0.8048
58	1181	1	1908.3045	7	3	0	1	1	0.8340	0.5997
58	1182	1	1909.8546	6	14	0	1	1	0.8342	0.5531
58	1183	1	1911.4046	4	6	0	1	1	0.8343	0.5547
58	1184	1	1912.9545	6	14	90	0	1	0.8336	0.5413
58	1185	1	1914.5045	8	8	0	1	1	0.8338	0.7358
58	1186	1	1916.0545	7	3	0	1	1	0.8339	0.6568
58	1187	1	1917.6045	8	8	0	1	1	0.8340	0.7236
58	1188	1	1919.1545	5	2	0	1	1	0.8342	0.6128
58	1189	1	1920.7045	7	3	0	1	1	0.8343	0.7441
58	1190	1	1922.2546	5	2	0	1	1	0.8345	0.6487
58	1191	1	1923.8046	8	8	0	1	1	0.8346	0.6667
58	1192	1	1925.3547	7	3	0	1	1	0.8347	0.5895
58	1193	1	1926.9046	5	2	90	1	1	0.8349	0.9595
58	1194	1	1928.4546	7	3	0	1	1	0.8350	0.6897
58	1195	1	1930.0045	4	6	0	1	1	0.8351	0.8509
58	1196	1	1931.5545	5	2	0	1	1	0.8353	0.5337
58	1197	1	1933.1046	6	14	0	1	1	0.8354	0.6637
58	1198	1	1934.6546	4	6	0	1	1	0.8356	0.5697
58	1199	1	1936.2046	3	9	90	1	1	0.8357	0.7312
58	1200	1	1937.7545	2	1	0	1	1	0.8358	0.6853
58	1201	1	1939.3046	1	10	90	1	1	0.8360	0.8795
58	1202	1	1940.8546	14	13	0	1	1	0.8361	0.7051
58	1203	1	1942.4045	1	10	0	1	1	0.8362	0.8669
58	1204	1	1943.9545	3	9	90	1	1	0.8364	0.7737
58	1205	1	1945.5047	2	1	90	1	1	0.8365	0.6951
58	1206	1	1947.0546	15	12	0	1	1	0.8367	0.6971
58	1207	1	1948.6046	1	10	90	1	1	0.8368	0.8747
58	1208	1	1950.1546	2	1	0	1	1	0.8369	0.6049
58	1209	1	1951.7046	3	9	90	1	1	0.8371	0.7029
58	1210	1	1953.2546	2	1	0	1	1	0.8372	0.4812
58	1211	1	1954.8046	14	13	90	1	1	0.8373	0.8031
58	1212	1	1956.3547	1	10	90	1	1	0.8375	0.7095
58	1213	1	1957.9047	3	9	90	1	1	0.8376	0.6949
58	1214	1	1959.4548	4	6	0	1	1	0.8377	0.9052
58	1215	1	1961.0047	7	3	0	1	1	0.8379	0.8751
58	1216	1	1962.5547	5	2	0	1	1	0.8380	0.6687
58	1217	1	1964.1046	4	6	0	1	1	0.8381	0.6394
58	1218	1	1965.6547	3	9	0	1	1	0.8383	0.6087
58	1219	1	1967.2047	2	1	90	1	1	0.8384	0.6755
58	1220	1	1968.7547	1	10	0	1	1	0.8385	0.5651
58	1221	1	1970.3047	2	1	90	1	1	0.8387	0.7587
58	1222	1	1971.8547	14	13	90	1	1	0.8388	0.8567
58	1223	1	1973.4048	13	11	90	0	1	0.8381	0.6828
58	1224	1	1974.9547	12	4	0	1	1	0.8382	0.5735
58	1225	1	1976.5047	10	7	0	1	1	0.8384	0.7035
58	1226	1	1978.0549	13	11	0	1	1	0.8385	0.5775
58	1227	1	1979.6048	14	13	0	1	1	0.8386	0.6436
58	1228	1	1981.1547	2	1	0	1	1	0.8388	0.5495
58	1229	1	1982.7047	14	13	0	1	1	0.8389	0.6630
58	1230	1	1984.2547	2	1	0	1	1	0.8390	0.5042
58	1231	1	1985.8047	15	12	0	1	1	0.8392	0.6356
58	1232	1	1987.3548	2	1	0	1	1	0.8393	0.4614
58	1233	1	1988.9048	3	9	0	1	1	0.8394	0.5592
58	1234	1	1990.4547	4	6	0	1	1	0.8395	0.6895
58	1235	1	1992.0047	6	14	0	1	1	0.8397	0.5470
58	1236	1	1993.5548	8	8	0	1	1	0.8398	0.5335
58	1237	1	1995.1047	5	2	0	1	1	0.8399	0.6150
58	1238	1	1996.6548	4	6	0	1	1	0.8401	0.5530
58	1239	1	1998.2048	6	14	0	1	1	0.8402	0.4914
58	1240	1	1999.7548	8	8	0	1	1	0.8403	0.4136
58	1241	1	2001.3048	9	15	0	1	1	0.8405	0.5910
58	1242	1	2002.8547	10	7	90	0	1	0.8398	0.6407
58	1243	1	2004.4048	9	15	0	1	1	0.8399	0.5310
58	1244	1	2005.9549	12	4	90	1	1	0.8400	0.7894
58	1245	1	2007.5048	11	5	90	1	1	0.8402	0.7266
58	1246	1	2009.0548	10	7	0	1	1	0.8403	0.8895
58	1247	1	2010.6048	13	11	0	1	1	0.8404	0.7789
58	1248	1	2012.1548	14	13	0	1	1	0.8405	0.7976
58	1249	1	2013.7049	13	11	0	1	1	0.8407	0.6226
58	1250	1	2015.2548	14	13	0	1	1	0.8408	0.7207
58	1251	1	2016.8049	2	1	0	1	1	0.8409	0.5626
58	1252	1	2018.3549	3	9	90	1	1	0.8411	0.7565
58	1253	1	2019.9049	4	6	0	1	1	0.8412	0.9991
58	1254	1	2021.4548	3	9	90	1	1	0.8413	0.6810
58	1255	1	2023.0048	15	12	0	1	1	0.8414	0.6507
58	1256	1	2024.5548	3	9	0	1	1	0.8416	0.5575
58	1257	1	2026.1048	15	12	0	1	1	0.8417	0.4791
58	1258	1	2027.6549	14	13	0	1	1	0.8418	0.5295
58	1259	1	2029.2048	2	1	0	1	1	0.8419	0.6114
58	1260	1	2030.7548	15	12	0	1	1	0.8421	0.4692
58	1261	1	2032.3048	2	1	0	1	1	0.8422	0.5356
58	1262	1	2033.8549	15	12	0	1	1	0.8423	0.6486
58	1263	1	2035.4049	1	10	0	1	1	0.8424	0.5552
58	1264	1	2036.9550	2	1	0	1	1	0.8426	0.5890
58	1265	1	2038.5049	1	10	0	1	1	0.8427	0.5426
58	1266	1	2040.0550	15	12	0	1	1	0.8428	0.5613
58	1267	1	2041.6049	3	9	0	1	1	0.8429	0.5476
58	1268	1	2043.1550	4	6	0	1	1	0.8431	0.6610
58	1269	1	2044.7049	3	9	0	1	1	0.8432	0.5349
58	1270	1	2046.2549	4	6	0	1	1	0.8433	0.5855
58	1271	1	2047.8049	7	3	0	1	1	0.8434	0.7635
58	1272	1	2049.3549	6	14	90	1	1	0.8436	0.7651
58	1273	1	2050.9050	7	3	0	1	1	0.8437	0.5594
58	1274	1	2052.4549	5	2	0	1	1	0.8438	0.5614
58	1275	1	2054.0049	6	14	0	1	1	0.8439	0.5306
58	1276	1	2055.5549	8	8	0	1	1	0.8440	0.5813
58	1277	1	2057.1048	6	14	0	1	1	0.8442	0.4871
58	1278	1	2058.6549	8	8	0	1	1	0.8443	0.5050
58	1279	1	2060.2049	9	15	0	1	1	0.8444	0.6826
58	1280	1	2061.7550	11	5	0	1	1	0.8445	0.6845
58	1281	1	2063.3049	13	11	90	0	1	0.8439	0.5274
58	1282	1	2064.8551	10	7	0	1	1	0.8440	0.4810
58	1283	1	2066.4050	13	11	0	1	1	0.8441	0.3394
58	1284	1	2067.9550	11	5	0	1	1	0.8442	0.4693
58	1285	1	2069.5050	10	7	0	1	1	0.8444	0.4548
58	1286	1	2071.0549	12	4	0	1	1	0.8445	0.4574
58	1287	1	2072.6050	11	5	90	0	1	0.8438	0.3951
58	1288	1	2074.1549	13	11	0	1	1	0.8439	0.6046
58	1289	1	2075.7050	12	4	0	1	1	0.8441	0.4953
58	1290	1	2077.2548	11	5	0	1	1	0.8442	0.4976
58	1291	1	2078.8050	13	11	90	1	1	0.8443	0.8666
58	1292	1	2080.3551	12	4	90	1	1	0.8444	0.8524
58	1293	1	2081.9051	9	15	0	1	1	0.8445	0.5989
58	1294	1	2083.4550	8	8	0	1	1	0.8447	0.5365
58	1295	1	2085.0050	7	3	0	1	1	0.8448	0.4426
58	1296	1	2086.5550	4	6	90	1	1	0.8449	1.1335
58	1297	1	2088.1050	7	3	0	1	1	0.8450	0.6234
58	1298	1	2089.6550	4	6	0	1	1	0.8451	0.6246
58	1299	1	2091.2050	7	3	0	1	1	0.8453	0.5306
58	1300	1	2092.7550	8	8	90	1	1	0.8454	0.6297
58	1301	1	2094.3050	6	14	0	1	1	0.8455	0.5508
58	1302	1	2095.8550	4	6	0	1	1	0.8456	0.5689
58	1303	1	2097.4051	7	3	0	1	1	0.8457	0.4589
58	1304	1	2098.9550	5	2	0	1	1	0.8459	0.4765
58	1305	1	2100.5050	4	6	0	1	1	0.8460	0.6069
58	1306	1	2102.0550	3	9	90	1	1	0.8461	0.6412
58	1307	1	2103.6050	1	10	0	1	1	0.8462	0.7869
58	1308	1	2105.1550	14	13	0	1	1	0.8463	0.5969
58	1309	1	2106.7050	15	12	0	1	1	0.8464	0.7109
58	1310	1	2108.2550	3	9	90	1	1	0.8466	0.6165
58	1311	1	2109.8051	1	10	0	1	1	0.8467	0.6035
58	1312	1	2111.3550	14	13	0	1	1	0.8468	0.7334
58	1313	1	2112.9051	2	1	0	1	1	0.8469	0.5913
58	1314	1	2114.4551	14	13	0	1	1	0.8470	0.5609
58	1315	1	2116.0049	15	12	90	0	1	0.8464	0.4671
58	1316	1	2117.5551	3	9	0	1	1	0.8465	0.5645
58	1317	1	2119.1050	15	12	0	1	1	0.8466	0.4866
58	1318	1	2120.6551	14	13	0	1	1	0.8467	0.6166
58	1319	1	2122.2051	13	11	0	1	1	0.8469	0.7305
58	1320	1	2123.7551	14	13	0	1	1	0.8470	0.4612
58	1321	1	2125.3051	2	1	0	1	1	0.8471	0.5585
58	1322	1	2126.8551	3	9	90	0	1	0.8464	0.4813
58	1323	1	2128.4051	2	1	90	0	1	0.8458	0.4828
58	1324	1	2129.9550	3	9	0	1	1	0.8459	0.5814
58	1325	1	2131.5051	2	1	90	1	1	0.8460	0.7749
58	1326	1	2133.0553	3	9	0	1	1	0.8462	0.5527
58	1327	1	2134.6051	2	1	0	1	1	0.8463	0.7635
58	1328	1	2136.1551	1	10	0	1	1	0.8464	0.6045
58	1329	1	2137.7051	3	9	0	1	1	0.8465	0.5269
58	1330	1	2139.2551	1	10	0	1	1	0.8466	0.5449
58	1331	1	2140.8051	3	9	0	1	1	0.8467	0.5465
58	1332	1	2142.3550	15	12	0	1	1	0.8468	0.5814
58	1333	1	2143.9052	14	13	0	1	1	0.8470	0.5034
58	1334	1	2145.4551	13	11	90	1	1	0.8471	0.7456
58	1335	1	2147.0050	11	5	90	1	1	0.8472	0.9075
58	1336	1	2148.5551	9	15	0	1	1	0.8473	0.6686
58	1337	1	2150.1051	12	4	0	1	1	0.8474	0.6385
58	1338	1	2151.6551	10	7	0	1	1	0.8475	0.6574
58	1339	1	2153.2051	9	15	0	1	1	0.8476	0.5314
58	1340	1	2154.7551	11	5	0	1	1	0.8478	0.5811
58	1341	1	2156.3051	12	4	0	1	1	0.8479	0.5352
58	1342	1	2157.8551	13	11	0	1	1	0.8480	0.8894
58	1343	1	2159.4051	11	5	90	1	1	0.8481	0.7151
58	1344	1	2160.9552	10	7	0	1	1	0.8482	0.5254
58	1345	1	2162.5051	13	11	0	1	1	0.8483	0.5428
58	1346	1	2164.0552	14	13	0	1	1	0.8484	0.5448
58	1347	1	2165.6052	13	11	0	1	1	0.8486	0.4824
58	1348	1	2167.1551	14	13	0	1	1	0.8487	0.4850
58	1349	1	2168.7052	15	12	0	1	1	0.8488	0.6625
58	1350	1	2170.2551	14	13	0	1	1	0.8489	0.4733
58	1351	1	2171.8051	13	11	0	1	1	0.8490	0.5234
58	1352	1	2173.3552	14	13	0	1	1	0.8491	0.5093
58	1353	1	2174.9051	15	12	0	1	1	0.8492	0.3985
58	1354	1	2176.4554	3	9	0	1	1	0.8493	0.5125
58	1355	1	2178.0052	15	12	0	1	1	0.8494	0.4834
58	1356	1	2179.5552	3	9	90	1	1	0.8496	0.7253
58	1357	1	2181.1051	2	1	0	1	1	0.8497	0.5833
58	1358	1	2182.6552	15	12	0	1	1	0.8498	0.4729
58	1359	1	2184.2053	3	9	0	1	1	0.8499	0.4584
58	1360	1	2185.7552	15	12	0	1	1	0.8500	0.3010
58	1361	1	2187.3051	2	1	0	1	1	0.8501	0.3186
58	1362	1	2188.8552	15	12	0	1	1	0.8502	0.4804
58	1363	1	2190.4053	14	13	0	1	1	0.8503	0.4188
58	1364	1	2191.9552	13	11	0	1	1	0.8504	0.3092
58	1365	1	2193.5052	14	13	90	0	1	0.8498	0.3588
58	1366	1	2195.0553	1	10	0	1	1	0.8499	0.4248
58	1367	1	2196.6054	2	1	0	1	1	0.8500	0.5546
58	1368	1	2198.1552	14	13	0	1	1	0.8501	0.4454
58	1369	1	2199.7052	15	12	0	1	1	0.8503	0.2868
58	1370	1	2201.2552	2	1	90	0	1	0.8496	0.5449
58	1371	1	2202.8052	15	12	90	0	1	0.8490	0.6108
58	1372	1	2204.3553	2	1	0	1	1	0.8491	0.5644
58	1373	1	2205.9052	1	10	0	-1	0	0.8485	-1.0000
58	1374	1	2207.6388	15	12	90	0	1	0.8479	0.7529
58	1375	1	2209.1886	2	1	0	1	1	0.8480	0.4679
58	1376	1	2210.7386	14	13	0	1	1	0.8481	0.4061
58	1377	1	2212.2886	13	11	0	1	1	0.8482	0.4400
58	1378	1	2213.8386	11	5	0	1	1	0.8483	0.4410
58	1379	1	2215.3887	9	15	0	1	1	0.8484	0.3470
58	1380	1	2216.9386	12	4	0	1	1	0.8486	0.4139
58	1381	1	2218.4886	11	5	90	0	1	0.8479	0.3679
58	1382	1	2220.0388	10	7	0	1	1	0.8480	0.4177
58	1383	1	2221.5887	13	11	0	1	1	0.8482	0.5319
58	1384	1	2223.1387	12	4	0	1	1	0.8483	0.4531
58	1385	1	2224.6887	9	15	0	1	1	0.8484	0.5841
58	1386	1	2226.2387	11	5	0	1	1	0.8485	0.5379
58	1387	1	2227.7887	9	15	0	1	1	0.8486	0.5074
58	1388	1	2229.3387	12	4	0	1	1	0.8487	0.4776
58	1389	1	2230.8887	9	15	0	1	1	0.8488	0.4159
58	1390	1	2232.4386	10	7	0	1	1	0.8489	0.6259
58	1391	1	2233.9887	9	15	0	1	1	0.8490	0.4511
58	1392	1	2235.5386	8	8	0	1	1	0.8491	0.5655
58	1393	1	2237.0887	7	3	0	1	1	0.8492	0.3920
58	1394	1	2238.6387	8	8	0	1	1	0.8494	0.4100
58	1395	1	2240.1887	9	15	0	1	1	0.8495	0.4750
58	1396	1	2241.7387	12	4	0	1	1	0.8496	0.4138
58	1397	1	2243.2887	9	15	0	1	1	0.8497	0.3354
58	1398	1	2244.8388	8	8	0	1	1	0.8498	0.4499
58	1399	1	2246.3888	9	15	0	1	1	0.8499	0.4198
58	1400	1	2247.9387	11	5	0	1	1	0.8500	0.4059
58	1	2	1.0167	10	7	0	-1	1	0.0000	0.9686
58	2	2	2.5501	11	5	0	-1	0	0.0000	-1.0000
58	3	2	4.0834	13	11	0	-1	0	0.0000	-1.0000
58	4	2	5.6166	11	5	0	-1	0	0.0000	-1.0000
58	5	2	7.1503	12	4	0	-1	0	0.0000	-1.0000
58	6	2	8.6835	10	7	0	-1	0	0.0000	-1.0000
58	7	2	10.2168	13	11	0	-1	0	0.0000	-1.0000
58	8	2	11.7501	10	7	0	-1	0	0.0000	-1.0000
58	9	2	13.2834	9	15	0	-1	0	0.0000	-1.0000
58	10	2	14.8169	11	5	0	-1	0	0.0000	-1.0000
58	11	2	16.3501	10	7	0	-1	0	0.0000	-1.0000
58	12	2	17.8834	11	5	0	-1	0	0.0000	-1.0000
58	13	2	19.4168	12	4	0	-1	0	0.0000	-1.0000
58	14	2	20.9503	11	5	0	-1	0	0.0000	-1.0000
58	15	2	22.4834	10	7	0	-1	0	0.0000	-1.0000
58	16	2	24.0168	11	5	0	-1	1	0.0000	0.6879
58	17	2	25.5501	12	4	0	-1	0	0.0000	-1.0000
58	18	2	27.0834	13	11	0	-1	0	0.0000	-1.0000
58	19	2	28.6168	14	13	0	-1	0	0.0000	-1.0000
58	20	2	30.1503	15	12	0	-1	0	0.0000	-1.0000
58	21	2	31.6835	1	10	0	-1	0	0.0000	-1.0000
58	22	2	33.2168	2	1	0	-1	0	0.0000	-1.0000
58	23	2	34.7502	3	9	0	-1	0	0.0000	-1.0000
58	24	2	36.2834	4	6	0	-1	0	0.0000	-1.0000
58	25	2	37.8167	5	2	0	-1	0	0.0000	-1.0000
58	26	2	39.3501	6	14	0	-1	0	0.0000	-1.0000
58	27	2	40.8834	7	3	0	-1	1	0.0000	0.5422
58	28	2	42.4167	8	8	0	-1	0	0.0000	-1.0000
58	29	2	43.9501	9	15	0	-1	0	0.0000	-1.0000
58	30	2	45.4836	10	7	0	-1	0	0.0000	-1.0000
58	31	2	47.0168	11	5	0	-1	0	0.0000	-1.0000
58	32	2	48.5504	13	11	0	-1	0	0.0000	-1.0000
58	33	2	50.0836	10	7	0	-1	0	0.0000	-1.0000
58	34	2	51.6168	13	11	0	-1	0	0.0000	-1.0000
58	35	2	53.1504	10	7	0	-1	0	0.0000	-1.0000
58	36	2	54.6835	11	5	0	-1	0	0.0000	-1.0000
58	37	2	56.2171	10	7	0	-1	0	0.0000	-1.0000
58	38	2	57.7502	13	11	0	-1	0	0.0000	-1.0000
58	39	2	59.2836	11	5	0	-1	0	0.0000	-1.0000
58	40	2	60.8168	9	15	0	-1	0	0.0000	-1.0000
58	41	2	62.3502	12	4	0	-1	0	0.0000	-1.0000
58	42	2	63.8835	9	15	0	-1	0	0.0000	-1.0000
58	43	2	65.4168	8	8	0	-1	0	0.0000	-1.0000
58	44	2	66.9502	5	2	0	-1	0	0.0000	-1.0000
58	45	2	68.4835	8	8	0	-1	0	0.0000	-1.0000
58	46	2	70.0169	9	15	0	-1	0	0.0000	-1.0000
58	47	2	71.5502	10	7	0	-1	0	0.0000	-1.0000
58	48	2	73.0838	11	5	0	-1	0	0.0000	-1.0000
58	49	2	74.6169	12	4	0	-1	0	0.0000	-1.0000
58	50	2	76.1503	13	11	0	-1	1	0.0000	1.3715
58	51	2	77.6835	14	13	0	-1	0	0.0000	-1.0000
58	52	2	79.2169	15	12	0	-1	0	0.0000	-1.0000
58	53	2	80.7503	1	10	0	-1	0	0.0000	-1.0000
58	54	2	82.2836	2	1	0	-1	0	0.0000	-1.0000
58	55	2	83.8169	3	9	0	-1	0	0.0000	-1.0000
58	56	2	85.3502	4	6	0	-1	0	0.0000	-1.0000
58	57	2	86.8835	5	2	0	-1	0	0.0000	-1.0000
58	58	2	88.4169	6	14	0	-1	0	0.0000	-1.0000
58	59	2	89.9503	7	3	0	-1	0	0.0000	-1.0000
58	60	2	91.4836	8	8	0	-1	0	0.0000	-1.0000
58	61	2	93.0169	7	3	0	-1	0	0.0000	-1.0000
58	62	2	94.5503	6	14	0	-1	0	0.0000	-1.0000
58	63	2	96.0836	8	8	0	-1	0	0.0000	-1.0000
58	64	2	97.6169	6	14	0	-1	0	0.0000	-1.0000
58	65	2	99.1503	5	2	0	-1	1	0.0000	0.6752
58	66	2	100.6838	6	14	0	-1	0	0.0000	-1.0000
58	67	2	102.2169	4	6	0	-1	0	0.0000	-1.0000
58	68	2	103.7503	6	14	0	-1	0	0.0000	-1.0000
58	69	2	105.2837	4	6	0	-1	0	0.0000	-1.0000
58	70	2	106.8170	3	9	0	-1	0	0.0000	-1.0000
58	71	2	108.3503	4	6	0	-1	0	0.0000	-1.0000
58	72	2	109.8836	7	3	0	-1	0	0.0000	-1.0000
58	73	2	111.4169	5	2	0	-1	0	0.0000	-1.0000
58	74	2	112.9505	7	3	0	-1	0	0.0000	-1.0000
58	75	2	114.4837	4	6	0	-1	0	0.0000	-1.0000
58	76	2	116.0171	3	9	0	-1	0	0.0000	-1.0000
58	77	2	117.5504	2	1	0	-1	0	0.0000	-1.0000
58	78	2	119.0839	1	10	0	-1	0	0.0000	-1.0000
58	79	2	120.6169	15	12	0	-1	0	0.0000	-1.0000
58	80	2	122.1506	14	13	0	-1	0	0.0000	-1.0000
58	81	2	123.9504	13	11	0	-1	0	0.0000	-1.0000
58	82	2	125.4837	12	4	0	-1	0	0.0000	-1.0000
58	83	2	127.0170	11	5	0	-1	0	0.0000	-1.0000
58	84	2	128.5503	10	7	0	-1	0	0.0000	-1.0000
58	85	2	130.0836	9	15	0	-1	0	0.0000	-1.0000
58	86	2	131.6170	8	8	0	-1	0	0.0000	-1.0000
58	87	2	133.1506	7	3	0	-1	0	0.0000	-1.0000
58	88	2	134.6837	6	14	0	-1	0	0.0000	-1.0000
58	89	2	136.2170	5	2	0	-1	0	0.0000	-1.0000
58	90	2	137.7504	4	6	0	-1	0	0.0000	-1.0000
58	91	2	139.2837	3	9	0	-1	0	0.0000	-1.0000
58	92	2	140.8170	2	1	0	-1	0	0.0000	-1.0000
58	93	2	142.3504	1	10	0	-1	0	0.0000	-1.0000
58	94	2	143.8838	15	12	0	-1	1	0.0000	0.6780
58	95	2	145.4170	3	9	0	-1	0	0.0000	-1.0000
58	96	2	146.9504	1	10	0	-1	0	0.0000	-1.0000
58	97	2	148.4837	3	9	0	-1	0	0.0000	-1.0000
58	98	2	150.0170	4	6	0	-1	0	0.0000	-1.0000
58	99	2	151.5504	7	3	0	-1	0	0.0000	-1.0000
58	100	2	153.0840	4	6	0	-1	0	0.0000	-1.0000
58	101	2	154.6171	6	14	0	-1	0	0.0000	-1.0000
58	102	2	156.1504	7	3	0	-1	0	0.0000	-1.0000
58	103	2	157.6838	5	2	0	-1	0	0.0000	-1.0000
58	104	2	159.2171	4	6	0	-1	0	0.0000	-1.0000
58	105	2	160.7504	7	3	0	-1	0	0.0000	-1.0000
58	106	2	162.2838	6	14	0	-1	0	0.0000	-1.0000
58	107	2	163.8170	5	2	0	-1	0	0.0000	-1.0000
58	108	2	165.3504	4	6	0	-1	0	0.0000	-1.0000
58	109	2	166.8838	3	9	0	-1	0	0.0000	-1.0000
58	110	2	168.4170	2	1	0	-1	0	0.0000	-1.0000
58	111	2	169.9505	1	10	0	-1	0	0.0000	-1.0000
58	112	2	171.4838	15	12	0	-1	0	0.0000	-1.0000
58	113	2	173.0171	14	13	0	-1	0	0.0000	-1.0000
58	114	2	174.5504	13	11	0	-1	0	0.0000	-1.0000
58	115	2	176.0840	12	4	0	-1	0	0.0000	-1.0000
58	116	2	177.6171	11	5	0	-1	0	0.0000	-1.0000
58	117	2	179.1507	10	7	0	-1	0	0.0000	-1.0000
58	118	2	180.6838	9	15	0	-1	0	0.0000	-1.0000
58	119	2	182.2172	8	8	0	-1	0	0.0000	-1.0000
58	120	2	183.7505	7	3	0	-1	0	0.0000	-1.0000
58	121	2	185.2838	8	8	0	-1	0	0.0000	-1.0000
58	122	2	186.8172	9	15	0	-1	0	0.0000	-1.0000
58	123	2	188.3504	10	7	0	-1	1	0.0000	0.5313
58	124	2	189.8839	13	11	0	-1	0	0.0000	-1.0000
58	125	2	191.4171	11	5	0	-1	0	0.0000	-1.0000
58	126	2	192.9507	10	7	0	-1	0	0.0000	-1.0000
58	127	2	194.4839	11	5	0	-1	0	0.0000	-1.0000
58	128	2	196.0172	13	11	0	-1	0	0.0000	-1.0000
58	129	2	197.5507	14	13	0	-1	0	0.0000	-1.0000
58	130	2	199.0838	2	1	0	-1	0	0.0000	-1.0000
58	131	2	200.6171	15	12	0	-1	0	0.0000	-1.0000
58	132	2	202.1505	2	1	0	-1	0	0.0000	-1.0000
58	133	2	203.6839	1	10	0	-1	0	0.0000	-1.0000
58	134	2	205.2172	2	1	0	-1	0	0.0000	-1.0000
58	135	2	206.7505	3	9	0	-1	0	0.0000	-1.0000
58	136	2	208.2838	2	1	0	-1	0	0.0000	-1.0000
58	137	2	209.8172	1	10	0	-1	0	0.0000	-1.0000
58	138	2	211.3506	15	12	0	-1	0	0.0000	-1.0000
58	139	2	212.8839	14	13	0	-1	0	0.0000	-1.0000
58	140	2	214.4172	13	11	0	-1	0	0.0000	-1.0000
58	141	2	215.9506	12	4	0	-1	0	0.0000	-1.0000
58	142	2	217.4838	11	5	0	-1	0	0.0000	-1.0000
58	143	2	219.0173	10	7	0	-1	0	0.0000	-1.0000
58	144	2	220.5506	9	15	0	-1	0	0.0000	-1.0000
58	145	2	222.0841	8	8	0	-1	0	0.0000	-1.0000
58	146	2	223.6173	7	3	0	-1	0	0.0000	-1.0000
58	147	2	225.1508	6	14	0	-1	0	0.0000	-1.0000
58	148	2	226.6840	5	2	0	-1	0	0.0000	-1.0000
58	149	2	228.2172	4	6	0	-1	0	0.0000	-1.0000
58	150	2	229.7506	3	9	0	-1	0	0.0000	-1.0000
58	151	2	231.2841	4	6	0	-1	0	0.0000	-1.0000
58	152	2	232.8172	3	9	0	-1	0	0.0000	-1.0000
58	153	2	234.3506	2	1	0	-1	0	0.0000	-1.0000
58	154	2	235.8840	1	10	0	-1	0	0.0000	-1.0000
58	155	2	237.4173	14	13	0	-1	0	0.0000	-1.0000
58	156	2	238.9507	13	11	0	-1	0	0.0000	-1.0000
58	157	2	240.4840	14	13	0	-1	0	0.0000	-1.0000
58	158	2	242.0175	13	11	0	-1	0	0.0000	-1.0000
58	159	2	243.5506	11	5	0	-1	0	0.0000	-1.0000
58	160	2	245.0840	12	4	0	-1	0	0.0000	-1.0000
58	161	2	246.6173	10	7	0	-1	0	0.0000	-1.0000
58	162	2	248.1505	13	11	0	-1	0	0.0000	-1.0000
58	163	2	249.6840	14	13	0	-1	0	0.0000	-1.0000
58	164	2	251.2173	13	11	0	-1	0	0.0000	-1.0000
58	165	2	252.7506	10	7	0	-1	0	0.0000	-1.0000
58	166	2	254.2842	11	5	0	-1	0	0.0000	-1.0000
58	167	2	255.8173	12	4	0	-1	0	0.0000	-1.0000
58	168	2	257.3507	13	11	0	-1	0	0.0000	-1.0000
58	169	2	258.8842	14	13	0	-1	0	0.0000	-1.0000
58	170	2	260.4172	15	12	0	-1	0	0.0000	-1.0000
58	171	2	261.9506	1	10	0	-1	0	0.0000	-1.0000
58	172	2	263.4840	2	1	0	-1	0	0.0000	-1.0000
58	173	2	265.0173	3	9	0	-1	0	0.0000	-1.0000
58	174	2	266.5507	4	6	0	-1	0	0.0000	-1.0000
58	175	2	268.0840	5	2	0	-1	0	0.0000	-1.0000
58	176	2	269.6173	6	14	0	-1	0	0.0000	-1.0000
58	177	2	271.1509	7	3	0	-1	0	0.0000	-1.0000
58	178	2	272.6840	8	8	0	-1	0	0.0000	-1.0000
58	179	2	274.2174	9	15	0	-1	0	0.0000	-1.0000
58	180	2	275.7509	10	7	0	-1	0	0.0000	-1.0000
58	181	2	277.2841	12	4	0	-1	0	0.0000	-1.0000
58	182	2	278.8173	10	7	0	-1	0	0.0000	-1.0000
58	183	2	280.3507	9	15	0	-1	0	0.0000	-1.0000
58	184	2	281.8841	12	4	0	-1	0	0.0000	-1.0000
58	185	2	283.4174	9	15	0	-1	0	0.0000	-1.0000
58	186	2	284.9508	11	5	0	-1	0	0.0000	-1.0000
58	187	2	286.4840	12	4	0	-1	0	0.0000	-1.0000
58	188	2	288.0174	11	5	0	-1	0	0.0000	-1.0000
58	189	2	289.5507	12	4	0	-1	0	0.0000	-1.0000
58	190	2	291.0841	13	11	0	-1	0	0.0000	-1.0000
58	191	2	292.6173	12	4	0	-1	0	0.0000	-1.0000
58	192	2	294.1507	13	11	0	-1	0	0.0000	-1.0000
58	193	2	295.6841	10	7	0	-1	0	0.0000	-1.0000
58	194	2	297.2175	12	4	0	-1	0	0.0000	-1.0000
58	195	2	298.7508	11	5	0	-1	0	0.0000	-1.0000
58	196	2	300.2843	12	4	0	-1	0	0.0000	-1.0000
58	197	2	301.8174	13	11	0	-1	0	0.0000	-1.0000
58	198	2	303.3508	14	13	0	-1	0	0.0000	-1.0000
58	199	2	304.8843	15	12	0	-1	0	0.0000	-1.0000
58	200	2	306.4175	1	10	0	-1	0	0.0000	-1.0000
58	201	2	307.9508	2	1	0	-1	0	0.0000	-1.0000
58	202	2	309.4842	3	9	0	-1	0	0.0000	-1.0000
58	203	2	311.0175	4	6	0	-1	0	0.0000	-1.0000
58	204	2	312.5509	5	2	0	-1	0	0.0000	-1.0000
58	205	2	314.0841	6	14	0	-1	1	0.0000	0.5738
58	206	2	315.6175	7	3	0	-1	0	0.0000	-1.0000
58	207	2	317.1508	8	8	0	-1	0	0.0000	-1.0000
58	208	2	318.6844	9	15	0	-1	0	0.0000	-1.0000
58	209	2	320.2175	10	7	0	-1	1	0.0000	1.3040
58	210	2	321.7508	11	5	0	-1	0	0.0000	-1.0000
58	211	2	323.2842	13	11	0	-1	0	0.0000	-1.0000
58	212	2	324.8174	10	7	0	-1	0	0.0000	-1.0000
58	213	2	326.3508	11	5	0	-1	0	0.0000	-1.0000
58	214	2	327.8841	12	4	0	-1	0	0.0000	-1.0000
58	215	2	329.4175	13	11	0	-1	0	0.0000	-1.0000
58	216	2	330.9509	10	7	0	-1	0	0.0000	-1.0000
58	217	2	332.4841	9	15	0	-1	0	0.0000	-1.0000
58	218	2	334.0175	12	4	0	-1	0	0.0000	-1.0000
58	219	2	335.5508	13	11	0	-1	0	0.0000	-1.0000
58	220	2	337.0843	10	7	0	-1	0	0.0000	-1.0000
58	221	2	338.6176	11	5	0	-1	0	0.0000	-1.0000
58	222	2	340.1511	12	4	0	-1	0	0.0000	-1.0000
58	223	2	341.6841	9	15	0	-1	0	0.0000	-1.0000
58	224	2	343.2175	8	8	0	-1	0	0.0000	-1.0000
58	225	2	344.7511	6	14	0	-1	0	0.0000	-1.0000
58	226	2	346.2844	5	2	0	-1	0	0.0000	-1.0000
58	227	2	347.8176	4	6	0	-1	0	0.0000	-1.0000
58	228	2	349.3511	3	9	0	-1	0	0.0000	-1.0000
58	229	2	350.8843	2	1	0	-1	0	0.0000	-1.0000
58	230	2	352.4176	1	10	0	-1	0	0.0000	-1.0000
58	231	2	353.9509	15	12	0	-1	0	0.0000	-1.0000
58	232	2	355.4842	14	13	0	-1	0	0.0000	-1.0000
58	233	2	357.0176	13	11	0	-1	0	0.0000	-1.0000
58	234	2	358.5509	12	4	0	-1	0	0.0000	-1.0000
58	235	2	360.0843	11	5	0	-1	0	0.0000	-1.0000
58	236	2	361.6176	10	7	0	-1	0	0.0000	-1.0000
58	237	2	363.1510	9	15	0	-1	0	0.0000	-1.0000
58	238	2	364.6843	8	8	0	-1	0	0.0000	-1.0000
58	239	2	366.2176	7	3	0	-1	0	0.0000	-1.0000
58	240	2	367.7509	6	14	0	-1	0	0.0000	-1.0000
58	241	2	369.2842	7	3	0	-1	0	0.0000	-1.0000
58	242	2	370.8176	4	6	0	-1	0	0.0000	-1.0000
58	243	2	372.3510	3	9	0	-1	0	0.0000	-1.0000
58	244	2	373.8843	1	10	0	-1	0	0.0000	-1.0000
58	245	2	375.4176	14	13	0	-1	0	0.0000	-1.0000
58	246	2	376.9510	13	11	0	-1	0	0.0000	-1.0000
58	247	2	378.4843	11	5	0	-1	0	0.0000	-1.0000
58	248	2	380.0177	9	15	0	-1	0	0.0000	-1.0000
58	249	2	381.5510	10	7	0	-1	0	0.0000	-1.0000
58	250	2	383.0845	9	15	0	-1	0	0.0000	-1.0000
58	251	2	384.6177	8	8	0	-1	0	0.0000	-1.0000
58	252	2	386.1510	7	3	0	-1	0	0.0000	-1.0000
58	253	2	387.6843	4	6	0	-1	0	0.0000	-1.0000
58	254	2	389.2176	5	2	0	-1	0	0.0000	-1.0000
58	255	2	390.7511	6	14	0	-1	0	0.0000	-1.0000
58	256	2	392.2845	7	3	0	-1	0	0.0000	-1.0000
58	257	2	393.8176	8	8	0	-1	0	0.0000	-1.0000
58	258	2	395.3512	9	15	0	-1	0	0.0000	-1.0000
58	259	2	396.8843	10	7	0	-1	0	0.0000	-1.0000
58	260	2	398.4178	11	5	0	-1	0	0.0000	-1.0000
58	261	2	399.9510	12	4	0	-1	1	0.0000	0.6110
58	262	2	401.4843	13	11	0	-1	0	0.0000	-1.0000
58	263	2	403.0179	14	13	0	-1	0	0.0000	-1.0000
58	264	2	404.5512	15	12	0	-1	0	0.0000	-1.0000
58	265	2	406.0844	1	10	0	-1	0	0.0000	-1.0000
58	266	2	407.6177	2	1	0	-1	0	0.0000	-1.0000
58	267	2	409.1511	3	9	0	-1	0	0.0000	-1.0000
58	268	2	410.6843	4	6	0	-1	0	0.0000	-1.0000
58	269	2	412.2177	5	2	0	-1	0	0.0000	-1.0000
58	270	2	413.7510	6	14	0	-1	0	0.0000	-1.0000
58	271	2	415.2844	4	6	0	-1	0	0.0000	-1.0000
58	272	2	416.8177	7	3	0	-1	0	0.0000	-1.0000
58	273	2	418.3510	6	14	0	-1	0	0.0000	-1.0000
58	274	2	419.8844	7	3	0	-1	0	0.0000	-1.0000
58	275	2	421.4177	5	2	0	-1	0	0.0000	-1.0000
58	276	2	422.9511	8	8	0	-1	1	0.0000	0.7150
58	277	2	424.4845	9	15	0	-1	0	0.0000	-1.0000
58	278	2	426.0177	10	7	0	-1	0	0.0000	-1.0000
58	279	2	427.5511	9	15	0	-1	0	0.0000	-1.0000
58	280	2	429.0844	10	7	0	-1	0	0.0000	-1.0000
58	281	2	430.6178	12	4	0	-1	0	0.0000	-1.0000
58	282	2	432.1512	9	15	0	-1	0	0.0000	-1.0000
58	283	2	433.6845	11	5	0	-1	0	0.0000	-1.0000
58	284	2	435.2178	10	7	0	-1	0	0.0000	-1.0000
58	285	2	436.7511	13	11	0	-1	0	0.0000	-1.0000
58	286	2	438.2847	14	13	0	-1	0	0.0000	-1.0000
58	287	2	439.8177	15	12	0	-1	0	0.0000	-1.0000
58	288	2	441.3512	1	10	0	-1	0	0.0000	-1.0000
58	289	2	442.8845	2	1	0	-1	0	0.0000	-1.0000
58	290	2	444.4178	3	9	0	-1	0	0.0000	-1.0000
58	291	2	445.9512	4	6	0	-1	0	0.0000	-1.0000
58	292	2	447.4845	5	2	0	-1	0	0.0000	-1.0000
58	293	2	449.0178	6	14	0	-1	0	0.0000	-1.0000
58	294	2	450.5513	7	3	0	-1	0	0.0000	-1.0000
58	295	2	452.0844	8	8	0	-1	0	0.0000	-1.0000
58	296	2	453.6177	9	15	0	-1	0	0.0000	-1.0000
58	297	2	455.1512	10	7	0	-1	0	0.0000	-1.0000
58	298	2	456.6845	11	5	0	-1	0	0.0000	-1.0000
58	299	2	458.2178	12	4	0	-1	0	0.0000	-1.0000
58	300	2	459.7511	13	11	0	-1	0	0.0000	-1.0000
58	301	2	461.2847	10	7	0	-1	0	0.0000	-1.0000
58	302	2	462.8178	13	11	0	-1	0	0.0000	-1.0000
58	303	2	464.3512	12	4	0	-1	0	0.0000	-1.0000
58	304	2	465.8846	11	5	0	-1	0	0.0000	-1.0000
58	305	2	467.4178	10	7	0	-1	0	0.0000	-1.0000
58	306	2	468.9514	11	5	0	-1	0	0.0000	-1.0000
58	307	2	470.4845	12	4	0	-1	0	0.0000	-1.0000
58	308	2	472.0178	13	11	0	-1	0	0.0000	-1.0000
58	309	2	473.5511	12	4	0	-1	1	0.0000	0.6431
58	310	2	475.0846	9	15	0	-1	0	0.0000	-1.0000
58	311	2	476.6178	12	4	0	-1	0	0.0000	-1.0000
58	312	2	478.1512	9	15	0	-1	0	0.0000	-1.0000
58	313	2	479.6846	8	8	0	-1	0	0.0000	-1.0000
58	314	2	481.2179	6	14	0	-1	0	0.0000	-1.0000
58	315	2	482.7514	7	3	0	-1	0	0.0000	-1.0000
58	316	2	484.2846	8	8	0	-1	0	0.0000	-1.0000
58	317	2	485.8179	9	15	0	-1	0	0.0000	-1.0000
58	318	2	487.3512	10	7	0	-1	0	0.0000	-1.0000
58	319	2	488.8846	11	5	0	-1	0	0.0000	-1.0000
58	320	2	490.4179	12	4	0	-1	0	0.0000	-1.0000
58	321	2	491.9514	13	11	0	-1	0	0.0000	-1.0000
58	322	2	493.4846	14	13	0	-1	0	0.0000	-1.0000
58	323	2	495.0181	15	12	0	-1	0	0.0000	-1.0000
58	324	2	496.5512	1	10	0	-1	0	0.0000	-1.0000
58	325	2	498.0846	2	1	0	-1	0	0.0000	-1.0000
58	326	2	499.6180	3	9	0	-1	0	0.0000	-1.0000
58	327	2	501.1512	4	6	0	-1	0	0.0000	-1.0000
58	328	2	502.6846	5	2	0	-1	0	0.0000	-1.0000
58	329	2	504.2179	6	14	0	-1	0	0.0000	-1.0000
58	330	2	505.7515	7	3	0	-1	0	0.0000	-1.0000
58	331	2	507.2847	4	6	0	-1	0	0.0000	-1.0000
58	332	2	508.8179	7	3	0	-1	0	0.0000	-1.0000
58	333	2	510.3512	8	8	0	-1	0	0.0000	-1.0000
58	334	2	511.8846	9	15	0	-1	0	0.0000	-1.0000
58	335	2	513.4180	12	4	0	-1	0	0.0000	-1.0000
58	336	2	514.9513	13	11	0	-1	0	0.0000	-1.0000
58	337	2	516.4847	14	13	0	-1	0	0.0000	-1.0000
58	338	2	518.0180	15	12	0	-1	0	0.0000	-1.0000
58	339	2	519.5513	14	13	0	-1	0	0.0000	-1.0000
58	340	2	521.0847	2	1	0	-1	0	0.0000	-1.0000
58	341	2	522.6180	14	13	0	-1	0	0.0000	-1.0000
58	342	2	524.1514	1	10	0	-1	0	0.0000	-1.0000
58	343	2	525.6846	15	12	0	-1	0	0.0000	-1.0000
58	344	2	527.2180	3	9	0	-1	0	0.0000	-1.0000
58	345	2	528.7513	4	6	0	-1	0	0.0000	-1.0000
58	346	2	530.2846	5	2	0	-1	0	0.0000	-1.0000
58	347	2	531.8180	6	14	0	-1	0	0.0000	-1.0000
58	348	2	533.3513	7	3	0	-1	0	0.0000	-1.0000
58	349	2	534.8847	8	8	0	-1	0	0.0000	-1.0000
58	350	2	536.4181	9	15	0	-1	0	0.0000	-1.0000
58	351	2	537.9516	10	7	0	-1	0	0.0000	-1.0000
58	352	2	539.4846	11	5	0	-1	0	0.0000	-1.0000
58	353	2	541.0180	12	4	0	-1	0	0.0000	-1.0000
58	354	2	542.5514	13	11	0	-1	0	0.0000	-1.0000
58	355	2	544.0847	14	13	0	-1	0	0.0000	-1.0000
58	356	2	545.6180	15	12	0	-1	0	0.0000	-1.0000
58	357	2	547.1514	1	10	0	-1	0	0.0000	-1.0000
58	358	2	548.6847	2	1	0	-1	0	0.0000	-1.0000
58	359	2	550.2181	3	9	0	-1	0	0.0000	-1.0000
58	360	2	551.7514	4	6	0	-1	0	0.0000	-1.0000
58	361	2	553.2847	7	3	0	-1	0	0.0000	-1.0000
58	362	2	554.8181	6	14	0	-1	0	0.0000	-1.0000
58	363	2	556.3514	8	8	0	-1	0	0.0000	-1.0000
58	364	2	558.1514	7	3	0	-1	0	0.0000	-1.0000
58	365	2	559.6848	4	6	0	-1	0	0.0000	-1.0000
58	366	2	561.2181	6	14	0	-1	0	0.0000	-1.0000
58	367	2	562.7514	8	8	0	-1	0	0.0000	-1.0000
58	368	2	564.2848	5	2	0	-1	0	0.0000	-1.0000
58	369	2	565.8181	4	6	0	-1	0	0.0000	-1.0000
58	370	2	567.3514	3	9	0	-1	0	0.0000	-1.0000
58	371	2	568.8847	15	12	0	-1	0	0.0000	-1.0000
58	372	2	570.4182	2	1	0	-1	0	0.0000	-1.0000
58	373	2	571.9515	15	12	0	-1	0	0.0000	-1.0000
58	374	2	573.4847	1	10	0	-1	0	0.0000	-1.0000
58	375	2	575.0181	3	9	0	-1	0	0.0000	-1.0000
58	376	2	576.5514	4	6	0	-1	0	0.0000	-1.0000
58	377	2	578.0848	5	2	0	-1	0	0.0000	-1.0000
58	378	2	579.6181	6	14	0	-1	0	0.0000	-1.0000
58	379	2	581.1515	7	3	0	-1	0	0.0000	-1.0000
58	380	2	582.6847	8	8	0	-1	0	0.0000	-1.0000
58	381	2	584.2181	9	15	0	-1	0	0.0000	-1.0000
58	382	2	585.7515	10	7	0	-1	0	0.0000	-1.0000
58	383	2	587.2848	11	5	0	-1	0	0.0000	-1.0000
58	384	2	588.8181	12	4	0	-1	1	0.0000	0.6402
58	385	2	590.3515	13	11	0	-1	0	0.0000	-1.0000
58	386	2	591.8848	14	13	0	-1	0	0.0000	-1.0000
58	387	2	593.4182	15	12	0	-1	0	0.0000	-1.0000
58	388	2	594.9515	1	10	0	-1	0	0.0000	-1.0000
58	389	2	596.4848	2	1	0	-1	0	0.0000	-1.0000
58	390	2	598.0182	3	9	0	-1	0	0.0000	-1.0000
58	391	2	599.5515	2	1	0	-1	0	0.0000	-1.0000
58	392	2	601.0849	3	9	0	-1	0	0.0000	-1.0000
58	393	2	602.6182	4	6	0	-1	0	0.0000	-1.0000
58	394	2	604.1516	5	2	0	-1	0	0.0000	-1.0000
58	395	2	605.6848	8	8	0	-1	0	0.0000	-1.0000
58	396	2	607.2184	9	15	0	-1	0	0.0000	-1.0000
58	397	2	608.7515	8	8	0	-1	0	0.0000	-1.0000
58	398	2	610.2850	7	3	0	-1	0	0.0000	-1.0000
58	399	2	611.8181	5	2	0	-1	0	0.0000	-1.0000
58	400	2	613.3516	8	8	0	-1	0	0.0000	-1.0000
58	401	2	614.8848	9	15	0	-1	0	0.0000	-1.0000
58	402	2	616.4183	8	8	0	-1	0	0.0000	-1.0000
58	403	2	617.9515	5	2	0	-1	0	0.0000	-1.0000
58	404	2	619.4848	7	3	0	-1	0	0.0000	-1.0000
58	405	2	621.0184	5	2	0	-1	0	0.0000	-1.0000
58	406	2	622.5516	6	14	0	-1	0	0.0000	-1.0000
58	407	2	624.0851	7	3	0	-1	0	0.0000	-1.0000
58	408	2	625.6182	8	8	0	-1	0	0.0000	-1.0000
58	409	2	627.1517	9	15	0	-1	0	0.0000	-1.0000
58	410	2	628.6849	10	7	0	-1	0	0.0000	-1.0000
58	411	2	630.2183	11	5	0	-1	0	0.0000	-1.0000
58	412	2	631.7516	12	4	0	-1	0	0.0000	-1.0000
58	413	2	633.2849	13	11	0	-1	0	0.0000	-1.0000
58	414	2	634.8183	14	13	0	-1	0	0.0000	-1.0000
58	415	2	636.3518	15	12	0	-1	0	0.0000	-1.0000
58	416	2	637.8849	1	10	0	-1	0	0.0000	-1.0000
58	417	2	639.4182	2	1	0	-1	0	0.0000	-1.0000
58	418	2	640.9518	3	9	0	-1	0	0.0000	-1.0000
58	419	2	642.4850	4	6	0	-1	0	0.0000	-1.0000
58	420	2	644.0183	5	2	0	-1	0	0.0000	-1.0000
58	421	2	645.5516	4	6	0	-1	0	0.0000	-1.0000
58	422	2	647.0850	5	2	0	-1	0	0.0000	-1.0000
58	423	2	648.6182	7	3	0	-1	0	0.0000	-1.0000
58	424	2	650.1516	5	2	0	-1	0	0.0000	-1.0000
58	425	2	651.6850	4	6	0	-1	0	0.0000	-1.0000
58	426	2	653.2183	6	14	0	-1	1	0.0000	1.4076
58	427	2	654.7516	4	6	0	-1	1	0.0000	0.0168
58	428	2	656.2850	7	3	0	-1	0	0.0000	-1.0000
58	429	2	657.8184	8	8	0	-1	0	0.0000	-1.0000
58	430	2	659.3516	9	15	0	-1	0	0.0000	-1.0000
58	431	2	660.8850	11	5	0	-1	0	0.0000	-1.0000
58	432	2	662.4183	13	11	0	-1	0	0.0000	-1.0000
58	433	2	663.9516	14	13	0	-1	0	0.0000	-1.0000
58	434	2	665.4851	13	11	0	-1	0	0.0000	-1.0000
58	435	2	667.0186	11	5	0	-1	0	0.0000	-1.0000
58	436	2	668.5517	10	7	0	-1	0	0.0000	-1.0000
58	437	2	670.0852	9	15	0	-1	0	0.0000	-1.0000
58	438	2	671.6184	8	8	0	-1	0	0.0000	-1.0000
58	439	2	673.1519	7	3	0	-1	0	0.0000	-1.0000
58	440	2	674.6851	6	14	0	-1	0	0.0000	-1.0000
58	441	2	676.2184	5	2	0	-1	0	0.0000	-1.0000
58	442	2	677.7517	4	6	0	-1	0	0.0000	-1.0000
58	443	2	679.2851	3	9	0	-1	0	0.0000	-1.0000
58	444	2	680.8183	2	1	0	-1	0	0.0000	-1.0000
58	445	2	682.3517	1	10	0	-1	1	0.0000	0.2429
58	446	2	683.8851	15	12	0	-1	0	0.0000	-1.0000
58	447	2	685.4183	14	13	0	-1	0	0.0000	-1.0000
58	448	2	686.9517	13	11	0	-1	0	0.0000	-1.0000
58	449	2	688.4852	12	4	0	-1	0	0.0000	-1.0000
58	450	2	690.0184	11	5	0	-1	0	0.0000	-1.0000
58	451	2	691.5519	13	11	0	-1	0	0.0000	-1.0000
58	452	2	693.0853	12	4	0	-1	0	0.0000	-1.0000
58	453	2	694.6184	11	5	0	-1	0	0.0000	-1.0000
58	454	2	696.1518	13	11	0	-1	0	0.0000	-1.0000
58	455	2	697.6850	10	7	0	-1	0	0.0000	-1.0000
58	456	2	699.2184	13	11	0	-1	0	0.0000	-1.0000
58	457	2	700.7517	10	7	0	-1	0	0.0000	-1.0000
58	458	2	702.2853	9	15	0	-1	0	0.0000	-1.0000
58	459	2	703.8184	11	5	0	-1	1	0.0000	0.5992
58	460	2	705.3518	12	4	0	-1	0	0.0000	-1.0000
58	461	2	706.8851	10	7	0	-1	0	0.0000	-1.0000
58	462	2	708.4184	9	15	0	-1	0	0.0000	-1.0000
58	463	2	709.9517	12	4	0	-1	0	0.0000	-1.0000
58	464	2	711.4851	13	11	0	-1	0	0.0000	-1.0000
58	465	2	713.0185	12	4	0	-1	0	0.0000	-1.0000
58	466	2	714.5518	11	5	0	-1	0	0.0000	-1.0000
58	467	2	716.0851	10	7	0	-1	0	0.0000	-1.0000
58	468	2	717.6184	9	15	0	-1	0	0.0000	-1.0000
58	469	2	719.1518	8	8	0	-1	0	0.0000	-1.0000
58	470	2	720.9685	7	3	0	-1	1	0.0000	0.3934
58	471	2	722.5018	6	14	0	-1	0	0.0000	-1.0000
58	472	2	724.0353	5	2	0	-1	0	0.0000	-1.0000
58	473	2	725.5684	4	6	0	-1	0	0.0000	-1.0000
58	474	2	727.1018	3	9	0	-1	0	0.0000	-1.0000
58	475	2	728.6352	2	1	0	-1	0	0.0000	-1.0000
58	476	2	730.1686	1	10	0	-1	0	0.0000	-1.0000
58	477	2	731.7019	15	12	0	-1	0	0.0000	-1.0000
58	478	2	733.2352	14	13	0	-1	0	0.0000	-1.0000
58	479	2	734.7685	13	11	0	-1	0	0.0000	-1.0000
58	480	2	736.3018	12	4	0	-1	0	0.0000	-1.0000
58	481	2	737.8351	13	11	0	-1	0	0.0000	-1.0000
58	482	2	739.3685	14	13	0	-1	0	0.0000	-1.0000
58	483	2	740.9019	2	1	0	-1	0	0.0000	-1.0000
58	484	2	742.4352	14	13	0	-1	0	0.0000	-1.0000
58	485	2	743.9685	13	11	0	-1	0	0.0000	-1.0000
58	486	2	745.5019	10	7	0	-1	0	0.0000	-1.0000
58	487	2	747.0354	13	11	0	-1	0	0.0000	-1.0000
58	488	2	748.5686	14	13	0	-1	0	0.0000	-1.0000
58	489	2	750.1018	2	1	0	-1	0	0.0000	-1.0000
58	490	2	751.6352	14	13	0	-1	0	0.0000	-1.0000
58	491	2	753.1686	15	12	0	-1	0	0.0000	-1.0000
58	492	2	754.7019	3	9	0	-1	0	0.0000	-1.0000
58	493	2	756.2352	2	1	0	-1	0	0.0000	-1.0000
58	494	2	757.7688	14	13	0	-1	0	0.0000	-1.0000
58	495	2	759.3019	13	11	0	-1	0	0.0000	-1.0000
58	496	2	760.8355	12	4	0	-1	0	0.0000	-1.0000
58	497	2	762.3685	11	5	0	-1	1	0.0000	1.0899
58	498	2	763.9019	10	7	0	-1	0	0.0000	-1.0000
58	499	2	765.4353	9	15	0	-1	0	0.0000	-1.0000
58	500	2	766.9686	8	8	0	-1	0	0.0000	-1.0000
58	501	2	768.5019	7	3	0	-1	0	0.0000	-1.0000
58	502	2	770.0352	6	14	0	-1	0	0.0000	-1.0000
58	503	2	771.5686	5	2	0	-1	0	0.0000	-1.0000
58	504	2	773.1020	4	6	0	-1	1	0.0000	0.9644
58	505	2	774.6353	3	9	0	-1	0	0.0000	-1.0000
58	506	2	776.1686	2	1	0	-1	0	0.0000	-1.0000
58	507	2	777.7020	1	10	0	-1	0	0.0000	-1.0000
58	508	2	779.2353	15	12	0	-1	0	0.0000	-1.0000
58	509	2	780.7686	14	13	0	-1	0	0.0000	-1.0000
58	510	2	782.3020	13	11	0	-1	0	0.0000	-1.0000
58	511	2	783.8353	10	7	0	-1	0	0.0000	-1.0000
58	512	2	785.3686	11	5	0	-1	0	0.0000	-1.0000
58	513	2	786.9019	12	4	0	-1	0	0.0000	-1.0000
58	514	2	788.4353	9	15	0	-1	0	0.0000	-1.0000
58	515	2	789.9687	10	7	0	-1	1	0.0000	0.6739
58	516	2	791.5021	13	11	0	-1	0	0.0000	-1.0000
58	517	2	793.0355	10	7	0	-1	0	0.0000	-1.0000
58	518	2	794.5686	13	11	0	-1	0	0.0000	-1.0000
58	519	2	796.1022	12	4	0	-1	0	0.0000	-1.0000
58	520	2	797.6353	11	5	0	-1	0	0.0000	-1.0000
58	521	2	799.1687	12	4	0	-1	0	0.0000	-1.0000
58	522	2	800.7022	13	11	0	-1	0	0.0000	-1.0000
58	523	2	802.2353	10	7	0	-1	0	0.0000	-1.0000
58	524	2	803.7688	12	4	0	-1	0	0.0000	-1.0000
58	525	2	805.3020	9	15	0	-1	0	0.0000	-1.0000
58	526	2	806.8354	10	7	0	-1	0	0.0000	-1.0000
58	527	2	808.3687	11	5	0	-1	0	0.0000	-1.0000
58	528	2	809.9020	12	4	0	-1	0	0.0000	-1.0000
58	529	2	811.4353	13	11	0	-1	0	0.0000	-1.0000
58	530	2	812.9687	14	13	0	-1	0	0.0000	-1.0000
58	531	2	814.5020	15	12	0	-1	1	0.0000	0.7645
58	532	2	816.0353	1	10	0	-1	0	0.0000	-1.0000
58	533	2	817.5687	2	1	0	-1	0	0.0000	-1.0000
58	534	2	819.1023	3	9	0	-1	0	0.0000	-1.0000
58	535	2	820.6354	4	6	0	-1	0	0.0000	-1.0000
58	536	2	822.1687	5	2	0	-1	0	0.0000	-1.0000
58	537	2	823.7020	6	14	0	-1	0	0.0000	-1.0000
58	538	2	825.2356	7	3	0	-1	0	0.0000	-1.0000
58	539	2	826.7687	8	8	0	-1	1	0.0000	0.9938
58	540	2	828.3021	9	15	0	-1	0	0.0000	-1.0000
58	541	2	829.8354	11	5	0	-1	0	0.0000	-1.0000
58	542	2	831.3689	10	7	0	-1	0	0.0000	-1.0000
58	543	2	832.9021	9	15	0	-1	0	0.0000	-1.0000
58	544	2	834.4355	10	7	0	-1	0	0.0000	-1.0000
58	545	2	835.9688	13	11	0	-1	0	0.0000	-1.0000
58	546	2	837.5021	12	4	0	-1	0	0.0000	-1.0000
58	547	2	839.0354	10	7	0	-1	0	0.0000	-1.0000
58	548	2	840.5688	11	5	0	-1	0	0.0000	-1.0000
58	549	2	842.1023	10	7	0	-1	0	0.0000	-1.0000
58	550	2	843.6354	12	4	0	-1	0	0.0000	-1.0000
58	551	2	845.1690	9	15	0	-1	0	0.0000	-1.0000
58	552	2	846.7021	10	7	0	-1	0	0.0000	-1.0000
58	553	2	848.2355	12	4	0	-1	0	0.0000	-1.0000
58	554	2	849.7690	13	11	0	-1	0	0.0000	-1.0000
58	555	2	851.3022	12	4	0	-1	0	0.0000	-1.0000
58	556	2	852.8355	13	11	0	-1	0	0.0000	-1.0000
58	557	2	854.3687	14	13	0	-1	0	0.0000	-1.0000
58	558	2	855.9021	15	12	0	-1	0	0.0000	-1.0000
58	559	2	857.4355	1	10	0	-1	0	0.0000	-1.0000
58	560	2	858.9689	2	1	0	-1	1	0.0000	1.0339
58	561	2	860.5022	3	9	0	-1	0	0.0000	-1.0000
58	562	2	862.0355	4	6	0	-1	0	0.0000	-1.0000
58	563	2	863.5688	5	2	0	-1	0	0.0000	-1.0000
58	564	2	865.1024	6	14	0	-1	0	0.0000	-1.0000
58	565	2	866.6356	7	3	0	-1	0	0.0000	-1.0000
58	566	2	868.1688	8	8	0	-1	0	0.0000	-1.0000
58	567	2	869.7022	9	15	0	-1	0	0.0000	-1.0000
58	568	2	871.2356	10	7	0	-1	0	0.0000	-1.0000
58	569	2	872.7690	11	5	0	-1	0	0.0000	-1.0000
58	570	2	874.3023	12	4	0	-1	0	0.0000	-1.0000
58	571	2	875.8355	10	7	0	-1	0	0.0000	-1.0000
58	572	2	877.3688	12	4	0	-1	0	0.0000	-1.0000
58	573	2	878.9024	11	5	0	-1	0	0.0000	-1.0000
58	574	2	880.4355	13	11	0	-1	0	0.0000	-1.0000
58	575	2	881.9689	11	5	0	-1	0	0.0000	-1.0000
58	576	2	883.5023	9	15	0	-1	0	0.0000	-1.0000
58	577	2	885.0356	11	5	0	-1	0	0.0000	-1.0000
58	578	2	886.5689	12	4	0	-1	0	0.0000	-1.0000
58	579	2	888.1023	10	7	0	-1	0	0.0000	-1.0000
58	580	2	889.6355	9	15	0	-1	1	0.0000	0.3671
58	581	2	891.1690	11	5	0	-1	0	0.0000	-1.0000
58	582	2	892.7023	13	11	0	-1	0	0.0000	-1.0000
58	583	2	894.2355	11	5	0	-1	0	0.0000	-1.0000
58	584	2	895.7689	9	15	0	-1	0	0.0000	-1.0000
58	585	2	897.3022	11	5	0	-1	0	0.0000	-1.0000
58	586	2	898.8355	10	7	0	-1	0	0.0000	-1.0000
58	587	2	900.3689	9	15	0	-1	0	0.0000	-1.0000
58	588	2	901.9025	8	8	0	-1	0	0.0000	-1.0000
58	589	2	903.4356	7	3	0	-1	0	0.0000	-1.0000
58	590	2	904.9691	6	14	0	-1	0	0.0000	-1.0000
58	591	2	906.5023	5	2	0	-1	0	0.0000	-1.0000
58	592	2	908.0358	4	6	0	-1	1	0.0000	0.6865
58	593	2	909.5690	3	9	0	-1	0	0.0000	-1.0000
58	594	2	911.1023	2	1	0	-1	0	0.0000	-1.0000
58	595	2	912.6358	1	10	0	-1	0	0.0000	-1.0000
58	596	2	914.1689	15	12	0	-1	0	0.0000	-1.0000
58	597	2	915.7023	14	13	0	-1	0	0.0000	-1.0000
58	598	2	917.2357	13	11	0	-1	0	0.0000	-1.0000
58	599	2	918.7689	12	4	0	-1	0	0.0000	-1.0000
58	600	2	920.3023	11	5	0	-1	0	0.0000	-1.0000
Actual parsing ratio
0.0000
Possible node parses
96.0000
 Node parses selected
0.0000
Possible other parses
504.0000
Other parses selected
0.0516
Chance parsing ratio
0.1600
Shock trials
81
364
470