*********************************************
* Date/Time: 18-Nov-2020 12:00:21
* Seed: 207770.4
* Subject Number: 073
6	10	12	11	13	14	8	3	1	2	9	5	4	7	15	
*********************************************

Shape exposure time (seconds)
202.4728
subject	trial	phase	onset	node	shape	rotate	acc	resp	total	rt
73	1	1	1.0167	10	2	0	1	1	1.0000	0.9236
73	2	1	2.5667	12	5	0	1	1	1.0000	1.2125
73	3	1	4.1166	11	9	0	1	1	1.0000	0.9266
73	4	1	5.6666	10	2	0	1	1	1.0000	1.1211
73	5	1	7.2166	12	5	0	-1	0	0.8000	-1.0000
73	6	1	9.0667	10	2	90	0	1	0.6667	1.0325
73	7	1	10.6166	11	9	0	-1	0	0.5714	-1.0000
73	8	1	12.4333	10	2	90	-1	0	0.5000	-1.0000
73	9	1	14.1666	12	5	90	-1	0	0.4444	-1.0000
73	10	1	15.8999	13	4	0	1	1	0.5000	0.8553
73	11	1	17.4499	12	5	0	1	1	0.5455	0.9542
73	12	1	18.9999	10	2	0	1	1	0.5833	0.9242
73	13	1	20.5499	9	1	0	1	1	0.6154	0.9573
73	14	1	22.0999	8	3	0	-1	1	0.5714	-1.0000
73	15	1	23.8332	5	13	0	-1	0	0.5333	-1.0000
73	16	1	25.5999	4	11	0	-1	0	0.5000	-1.0000
73	17	1	27.3332	7	8	0	1	1	0.5294	1.4060
73	18	1	28.8832	8	3	0	1	1	0.5556	1.1685
73	19	1	30.4332	6	14	0	1	1	0.5789	0.9469
73	20	1	31.9832	4	11	0	-1	1	0.5500	-1.0000
73	21	1	33.7331	3	12	0	-1	0	0.5238	-1.0000
73	22	1	35.4831	4	11	0	-1	0	0.5000	-1.0000
73	23	1	37.2331	3	12	90	0	1	0.4783	1.3946
73	24	1	38.8665	1	6	0	1	1	0.5000	1.3610
73	25	1	40.4164	14	7	0	-1	1	0.4800	-1.0000
73	26	1	42.1498	2	10	0	1	1	0.5000	1.3104
73	27	1	43.6997	15	15	0	1	1	0.5185	1.4239
73	28	1	45.2997	1	6	0	-1	1	0.5000	-1.0000
73	29	1	47.0164	14	7	0	-1	0	0.4828	-1.0000
73	30	1	48.7497	1	6	90	-1	0	0.4667	-1.0000
73	31	1	50.4664	2	10	0	1	1	0.4839	1.2008
73	32	1	52.0164	15	15	0	1	1	0.5000	1.0437
73	33	1	53.5663	2	10	90	-1	1	0.4848	-1.0000
73	34	1	55.2831	1	6	0	1	1	0.5000	1.3441
73	35	1	56.8330	15	15	0	1	1	0.5143	1.2182
73	36	1	58.3830	2	10	0	-1	1	0.5000	-1.0000
73	37	1	60.1330	14	7	0	-1	0	0.4865	-1.0000
73	38	1	61.8830	2	10	0	-1	1	0.4737	-1.0000
73	39	1	63.5996	3	12	0	-1	0	0.4615	-1.0000
73	40	1	65.3330	15	15	90	-1	1	0.4500	-1.0000
73	41	1	67.0663	1	6	0	-1	0	0.4390	-1.0000
73	42	1	68.8496	2	10	0	1	1	0.4524	1.2660
73	43	1	70.3996	15	15	90	-1	1	0.4419	-1.0000
73	44	1	72.1330	1	6	0	1	1	0.4545	1.2942
73	45	1	73.6829	3	12	0	1	1	0.4667	1.1523
73	46	1	75.2329	1	6	0	1	1	0.4783	1.3464
73	47	1	76.7829	14	7	90	-1	1	0.4681	-1.0000
73	48	1	78.5162	2	10	0	1	1	0.4792	1.4713
73	49	1	80.1829	1	6	0	-1	1	0.4694	-1.0000
73	50	1	81.9163	14	7	0	-1	0	0.4600	-1.0000
73	51	1	83.8162	1	6	0	-1	0	0.4510	-1.0000
73	52	1	85.5495	2	10	0	-1	1	0.4423	-1.0000
73	53	1	87.2829	15	15	0	1	1	0.4528	0.9766
73	54	1	88.8328	3	12	0	1	1	0.4630	1.1546
73	55	1	90.3828	1	6	0	1	1	0.4727	1.2048
73	56	1	91.9328	3	12	90	0	1	0.4643	1.2063
73	57	1	93.4828	2	10	0	1	1	0.4737	1.2568
73	58	1	95.0328	1	6	0	-1	1	0.4655	-1.0000
73	59	1	96.7662	3	12	0	1	1	0.4746	1.1260
73	60	1	98.3161	2	10	90	-1	1	0.4667	-1.0000
73	61	1	100.0495	14	7	0	-1	1	0.4590	-1.0000
73	62	1	101.7828	13	4	0	1	1	0.4677	0.9084
73	63	1	103.3328	12	5	90	-1	1	0.4603	-1.0000
73	64	1	105.0494	10	2	0	-1	0	0.4531	-1.0000
73	65	1	106.7828	9	1	0	-1	0	0.4462	-1.0000
73	66	1	108.5661	8	3	0	1	1	0.4545	1.3738
73	67	1	110.1161	7	8	0	1	1	0.4627	1.3433
73	68	1	111.6660	5	13	0	1	1	0.4706	1.4415
73	69	1	113.2994	8	3	0	-1	0	0.4638	-1.0000
73	70	1	115.0160	6	14	0	-1	0	0.4571	-1.0000
73	71	1	116.7494	8	3	0	-1	0	0.4507	-1.0000
73	72	1	118.4827	5	13	0	-1	0	0.4444	-1.0000
73	73	1	120.2327	8	3	0	-1	1	0.4384	-1.0000
73	74	1	121.9827	7	8	90	-1	0	0.4324	-1.0000
73	75	1	123.7660	5	13	0	-1	0	0.4267	-1.0000
73	76	1	125.5160	4	11	0	1	1	0.4342	0.1359
73	77	1	127.0660	7	8	0	1	1	0.4416	1.0660
73	78	1	128.6159	6	14	0	1	1	0.4487	1.0676
73	79	1	130.1660	4	11	0	-1	1	0.4430	-1.0000
73	80	1	131.8993	5	13	90	0	1	0.4375	1.4802
73	81	1	133.6159	4	11	0	-1	0	0.4321	-1.0000
73	82	1	135.3993	7	8	0	1	1	0.4390	0.8603
73	83	1	136.9493	5	13	0	1	1	0.4458	1.4378
73	84	1	138.5493	7	8	0	1	1	0.4524	1.1659
73	85	1	140.0993	6	14	0	1	1	0.4588	1.1522
73	86	1	141.6492	4	11	0	1	1	0.4651	1.4588
73	87	1	143.2826	6	14	0	1	1	0.4713	1.3134
73	88	1	144.8326	7	8	0	1	1	0.4773	1.1066
73	89	1	146.3825	8	3	0	-1	1	0.4719	-1.0000
73	90	1	148.1325	6	14	90	-1	1	0.4667	-1.0000
73	91	1	149.8825	8	3	0	1	1	0.4725	1.1135
73	92	1	151.4325	6	14	90	-1	1	0.4674	-1.0000
73	93	1	153.1659	5	13	0	-1	0	0.4624	-1.0000
73	94	1	154.9158	7	8	0	1	1	0.4681	0.9273
73	95	1	156.4658	6	14	90	-1	1	0.4632	-1.0000
73	96	1	158.1992	5	13	90	0	1	0.4583	1.3411
73	97	1	159.7825	7	8	0	1	1	0.4639	0.8769
73	98	1	161.3325	5	13	90	-1	1	0.4592	-1.0000
73	99	1	163.0658	8	3	0	1	1	0.4646	0.8423
73	100	1	164.6158	6	14	0	1	1	0.4700	0.8283
73	101	1	166.1658	7	8	0	1	1	0.4752	0.6862
73	102	1	167.7158	5	13	0	-1	1	0.4706	-1.0000
73	103	1	169.4491	7	8	0	1	1	0.4757	0.6670
73	104	1	170.9991	8	3	0	1	1	0.4808	1.1008
73	105	1	172.5491	7	8	0	1	1	0.4857	0.7988
73	106	1	174.0991	8	3	90	-1	1	0.4811	-1.0000
73	107	1	175.8157	9	1	90	-1	1	0.4766	-1.0000
73	108	1	177.5491	10	2	0	-1	0	0.4722	-1.0000
73	109	1	179.2658	13	4	0	1	1	0.4771	0.1622
73	110	1	180.8157	14	7	0	-1	1	0.4727	-1.0000
73	111	1	182.5324	13	4	0	1	1	0.4775	1.3916
73	112	1	184.1157	10	2	0	1	1	0.4821	1.4554
73	113	1	185.7824	13	4	0	1	1	0.4867	1.0528
73	114	1	187.3323	14	7	0	-1	1	0.4825	-1.0000
73	115	1	189.0490	13	4	0	1	1	0.4870	0.9550
73	116	1	190.5990	11	9	0	1	1	0.4914	1.0681
73	117	1	192.1490	12	5	0	1	1	0.4957	1.0227
73	118	1	193.6990	10	2	0	1	1	0.5000	1.2321
73	119	1	195.2490	13	4	0	1	1	0.5042	1.1065
73	120	1	196.7990	11	9	90	-1	1	0.5000	-1.0000
73	121	1	198.5323	13	4	0	1	1	0.5041	1.1348
73	122	1	200.0823	11	9	90	-1	1	0.5000	-1.0000
73	123	1	201.8156	10	2	0	1	1	0.5041	0.9555
73	124	1	203.3656	12	5	0	1	1	0.5081	0.8779
73	125	1	204.9156	13	4	0	1	1	0.5120	0.9755
73	126	1	206.4656	10	2	0	1	1	0.5159	0.8339
73	127	1	208.0156	13	4	0	1	1	0.5197	0.9803
73	128	1	209.5656	14	7	90	-1	0	0.5156	-1.0000
73	129	1	211.3989	15	15	0	1	1	0.5194	1.1969
73	130	1	212.9489	14	7	0	-1	0	0.5154	-1.0000
73	131	1	214.6822	1	6	0	1	1	0.5191	1.1289
73	132	1	216.2322	3	12	0	1	1	0.5227	1.0512
73	133	1	217.7822	2	10	90	0	1	0.5188	1.2457
73	134	1	219.3322	15	15	0	1	1	0.5224	1.0713
73	135	1	220.8821	1	6	0	-1	1	0.5185	-1.0000
73	136	1	222.6155	14	7	0	1	1	0.5221	1.4205
73	137	1	224.2322	13	4	0	1	1	0.5255	1.0834
73	138	1	225.7821	10	2	0	1	1	0.5290	1.1013
73	139	1	227.3321	13	4	0	1	1	0.5324	1.2790
73	140	1	228.8821	12	5	0	1	1	0.5357	1.0255
73	141	1	230.4321	9	1	90	-1	0	0.5319	-1.0000
73	142	1	232.2154	12	5	0	1	1	0.5352	1.1644
73	143	1	233.7655	10	2	90	-1	0	0.5315	-1.0000
73	144	1	235.4988	12	5	90	-1	1	0.5278	-1.0000
73	145	1	237.2321	13	4	0	1	1	0.5310	0.7389
73	146	1	238.7821	11	9	0	1	1	0.5342	0.8370
73	147	1	240.3321	12	5	90	-1	1	0.5306	-1.0000
73	148	1	242.0654	9	1	0	1	1	0.5338	0.8825
73	149	1	243.6154	11	9	0	1	1	0.5369	0.8037
73	150	1	245.1654	13	4	0	1	1	0.5400	0.7426
73	151	1	246.7154	10	2	0	1	1	0.5430	0.6637
73	152	1	248.2654	12	5	0	1	1	0.5461	0.6666
73	153	1	249.8154	13	4	90	0	1	0.5425	0.5882
73	154	1	251.3653	11	9	0	1	1	0.5455	0.7826
73	155	1	252.9153	10	2	0	1	1	0.5484	0.7517
73	156	1	254.4653	13	4	0	1	1	0.5513	0.6257
73	157	1	256.0153	12	5	90	-1	1	0.5478	-1.0000
73	158	1	257.7653	10	2	0	1	1	0.5506	0.5582
73	159	1	259.3153	12	5	0	1	1	0.5535	1.2807
73	160	1	260.8653	9	1	0	1	1	0.5563	1.1538
73	161	1	262.4153	11	9	0	-1	0	0.5528	-1.0000
73	162	1	264.1486	10	2	0	1	1	0.5556	0.8793
73	163	1	265.6986	12	5	0	1	1	0.5583	0.7053
73	164	1	267.2486	13	4	0	1	1	0.5610	0.6265
73	165	1	268.7986	14	7	90	0	1	0.5576	0.9014
73	166	1	270.3486	15	15	0	1	1	0.5602	0.6951
73	167	1	271.8986	14	7	0	-1	1	0.5569	-1.0000
73	168	1	273.6319	15	15	0	1	1	0.5595	0.7237
73	169	1	275.1819	1	6	0	-1	1	0.5562	-1.0000
73	170	1	276.9152	3	12	0	1	1	0.5588	0.9118
73	171	1	278.4652	15	15	90	-1	1	0.5556	-1.0000
73	172	1	280.1985	2	10	0	1	1	0.5581	0.8445
73	173	1	281.7485	3	12	0	1	1	0.5607	0.7189
73	174	1	283.2985	4	11	0	-1	1	0.5575	-1.0000
73	175	1	285.0318	3	12	0	1	1	0.5600	0.9240
73	176	1	286.5818	4	11	0	-1	1	0.5568	-1.0000
73	177	1	288.3152	3	12	0	1	1	0.5593	1.0967
73	178	1	289.8651	4	11	0	-1	1	0.5562	-1.0000
73	179	1	291.5985	7	8	0	1	1	0.5587	0.8049
73	180	1	293.1484	6	14	90	-1	1	0.5556	-1.0000
73	181	1	294.8818	7	8	0	1	1	0.5580	1.0417
73	182	1	296.4318	8	3	90	-1	1	0.5549	-1.0000
73	183	1	298.1818	6	14	0	-1	0	0.5519	-1.0000
73	184	1	299.9318	7	8	0	1	1	0.5543	0.0167
73	185	1	301.4817	4	11	0	-1	1	0.5514	-1.0000
73	186	1	303.2318	3	12	0	1	1	0.5538	0.7393
73	187	1	304.7817	15	15	90	-1	1	0.5508	-1.0000
73	188	1	306.5151	3	12	0	1	1	0.5532	1.4244
73	189	1	308.1150	2	10	0	1	1	0.5556	1.4728
73	190	1	309.7817	14	7	0	-1	1	0.5526	-1.0000
73	191	1	311.5150	2	10	90	0	1	0.5497	1.1448
73	192	1	313.0650	14	7	90	-1	1	0.5469	-1.0000
73	193	1	314.7817	15	15	0	1	1	0.5492	1.1417
73	194	1	316.3317	3	12	0	1	1	0.5515	0.9518
73	195	1	317.8816	4	11	90	-1	1	0.5487	-1.0000
73	196	1	319.6150	7	8	0	1	1	0.5510	0.7405
73	197	1	321.1650	4	11	0	1	1	0.5533	1.4469
73	198	1	322.7816	7	8	0	1	1	0.5556	1.0457
73	199	1	324.3316	5	13	0	-1	1	0.5528	-1.0000
73	200	1	326.0650	4	11	0	1	1	0.5550	1.2350
73	201	1	327.6150	6	14	0	1	1	0.5572	0.9644
73	202	1	329.1649	8	3	0	-1	1	0.5545	-1.0000
73	203	1	330.8816	5	13	0	-1	0	0.5517	-1.0000
73	204	1	332.6316	8	3	0	1	1	0.5539	1.1162
73	205	1	334.1816	9	1	0	1	1	0.5561	1.0374
73	206	1	335.7316	11	9	0	1	1	0.5583	0.7042
73	207	1	337.2816	9	1	0	1	1	0.5604	0.7223
73	208	1	338.8316	10	2	0	1	1	0.5625	1.0914
73	209	1	340.3816	9	1	0	1	1	0.5646	1.0614
73	210	1	341.9316	10	2	0	1	1	0.5667	1.0319
73	211	1	343.4815	12	5	0	1	1	0.5687	0.9544
73	212	1	345.0315	10	2	0	1	1	0.5708	0.6845
73	213	1	346.5815	13	4	90	-1	1	0.5681	-1.0000
73	214	1	348.3315	10	2	0	1	1	0.5701	0.8718
73	215	1	349.8815	11	9	0	1	1	0.5721	0.7297
73	216	1	351.4315	10	2	0	1	1	0.5741	0.7163
73	217	1	352.9815	12	5	0	1	1	0.5760	0.6061
73	218	1	354.5315	13	4	0	1	1	0.5780	0.6555
73	219	1	356.0815	11	9	0	1	1	0.5799	0.4983
73	220	1	357.6314	9	1	0	1	1	0.5818	0.6599
73	221	1	359.1814	12	5	0	1	1	0.5837	0.6458
73	222	1	360.7314	11	9	0	1	1	0.5856	0.6964
73	223	1	362.2814	9	1	0	1	1	0.5874	0.6019
73	224	1	363.8314	11	9	0	1	1	0.5893	0.5083
73	225	1	365.3814	10	2	0	1	1	0.5911	0.6219
73	226	1	366.9314	11	9	0	1	1	0.5929	0.5925
73	227	1	368.4814	12	5	0	1	1	0.5947	0.4180
73	228	1	370.0314	11	9	0	1	1	0.5965	0.5801
73	229	1	371.5814	9	1	0	1	1	0.5983	0.6296
73	230	1	373.1314	10	2	90	0	1	0.5957	0.7284
73	231	1	374.6814	13	4	0	1	1	0.5974	0.8104
73	232	1	376.2314	10	2	90	-1	1	0.5948	-1.0000
73	233	1	377.9814	13	4	0	1	1	0.5966	0.8703
73	234	1	379.5313	10	2	0	1	1	0.5983	0.8878
73	235	1	381.0813	12	5	0	1	1	0.6000	0.9056
73	236	1	382.6313	10	2	90	-1	1	0.5975	-1.0000
73	237	1	384.3647	11	9	0	1	1	0.5992	0.6307
73	238	1	385.9146	10	2	0	1	1	0.6008	0.8403
73	239	1	387.4646	11	9	90	-1	1	0.5983	-1.0000
73	240	1	389.2146	10	2	0	1	1	0.6000	0.5813
73	241	1	390.7647	9	1	0	1	1	0.6017	0.6143
73	242	1	392.3146	12	5	0	1	1	0.6033	0.5691
73	243	1	393.8646	11	9	0	1	1	0.6049	0.6187
73	244	1	395.4146	13	4	0	1	1	0.6066	0.6209
73	245	1	396.9646	10	2	0	1	1	0.6082	0.7183
73	246	1	398.5146	11	9	0	1	1	0.6098	0.6404
73	247	1	400.0646	12	5	0	1	1	0.6113	0.6113
73	248	1	401.6146	11	9	0	1	1	0.6129	0.5332
73	249	1	403.1645	12	5	0	1	1	0.6145	0.5193
73	250	1	404.7145	13	4	90	-1	1	0.6120	-1.0000
73	251	1	406.4479	14	7	0	1	1	0.6135	1.4119
73	252	1	408.0812	2	10	90	0	1	0.6111	1.1218
73	253	1	409.6312	3	12	0	1	1	0.6126	0.7246
73	254	1	411.1812	2	10	90	-1	1	0.6102	-1.0000
73	255	1	412.9145	14	7	0	1	1	0.6118	1.1528
73	256	1	414.4645	2	10	90	0	1	0.6094	1.1393
73	257	1	416.0145	14	7	0	1	1	0.6109	0.7410
73	258	1	417.5645	15	15	0	1	1	0.6124	0.8714
73	259	1	419.1145	14	7	0	1	1	0.6139	1.4014
73	260	1	420.6645	2	10	0	-1	1	0.6115	-1.0000
73	261	1	422.3811	3	12	0	1	1	0.6130	1.3987
73	262	1	423.9478	15	15	90	-1	1	0.6107	-1.0000
73	263	1	425.6811	2	10	0	-1	0	0.6084	-1.0000
73	264	1	427.4144	15	15	0	1	1	0.6098	0.9895
73	265	1	428.9644	1	6	0	-1	1	0.6075	-1.0000
73	266	1	430.7144	2	10	0	1	1	0.6090	1.3524
73	267	1	432.2644	1	6	90	-1	1	0.6067	-1.0000
73	268	1	433.9978	14	7	0	1	1	0.6082	1.3821
73	269	1	435.5811	1	6	0	1	1	0.6097	1.1103
73	270	1	437.1311	2	10	0	1	1	0.6111	0.9999
73	271	1	438.6810	1	6	0	1	1	0.6125	0.9547
73	272	1	440.2310	2	10	0	1	1	0.6140	0.8759
73	273	1	441.7810	1	6	0	1	1	0.6154	0.7828
73	274	1	443.3310	14	7	0	1	1	0.6168	0.7048
73	275	1	444.8810	2	10	0	1	1	0.6182	0.8187
73	276	1	446.4310	1	6	0	1	1	0.6196	0.7081
73	277	1	447.9810	15	15	0	1	1	0.6209	0.8219
73	278	1	449.5310	2	10	0	1	1	0.6223	0.7599
73	279	1	451.0810	3	12	90	-1	1	0.6201	-1.0000
73	280	1	452.8143	2	10	0	1	1	0.6214	0.8206
73	281	1	454.3643	3	12	90	-1	1	0.6192	-1.0000
73	282	1	456.1143	1	6	0	1	1	0.6206	0.8005
73	283	1	457.6643	15	15	0	1	1	0.6219	1.1387
73	284	1	459.2142	14	7	0	1	1	0.6232	1.2366
73	285	1	460.7642	2	10	90	-1	0	0.6211	-1.0000
73	286	1	462.4976	14	7	0	1	1	0.6224	0.8018
73	287	1	464.0476	15	15	0	1	1	0.6237	0.9473
73	288	1	465.5975	1	6	0	1	1	0.6250	0.7902
73	289	1	467.1475	15	15	0	1	1	0.6263	0.6953
73	290	1	468.6976	3	12	0	1	1	0.6276	0.8423
73	291	1	470.2475	15	15	0	1	1	0.6289	0.9077
73	292	1	471.7975	2	10	0	1	1	0.6301	0.8143
73	293	1	473.3475	1	6	0	1	1	0.6314	0.8165
73	294	1	474.8975	15	15	0	1	1	0.6327	0.7382
73	295	1	476.4476	3	12	90	-1	1	0.6305	-1.0000
73	296	1	478.1808	15	15	0	1	1	0.6318	0.6389
73	297	1	479.7308	14	7	0	1	1	0.6330	1.1529
73	298	1	481.2808	13	4	0	1	1	0.6342	0.9472
73	299	1	482.8308	10	2	0	1	1	0.6355	0.7890
73	300	1	484.3808	13	4	0	1	1	0.6367	0.8065
73	301	1	485.9308	10	2	90	-1	1	0.6346	-1.0000
73	302	1	487.6641	9	1	0	1	1	0.6358	1.0588
73	303	1	489.2141	10	2	0	1	1	0.6370	1.1568
73	304	1	490.7641	12	5	0	1	1	0.6382	0.8867
73	305	1	492.3141	10	2	90	0	1	0.6361	1.2256
73	306	1	493.8641	12	5	0	1	1	0.6373	0.8756
73	307	1	495.4141	11	9	0	1	1	0.6384	0.9416
73	308	1	496.9640	12	5	0	1	1	0.6396	0.7197
73	309	1	498.5141	13	4	0	1	1	0.6408	0.6252
73	310	1	500.0640	10	2	0	1	1	0.6419	0.1793
73	311	1	501.6140	11	9	0	1	1	0.6431	0.7737
73	312	1	503.1640	10	2	0	1	1	0.6442	0.5358
73	313	1	504.7140	13	4	0	1	1	0.6454	0.7609
73	314	1	506.2640	10	2	0	1	1	0.6465	0.6352
73	315	1	507.8140	11	9	0	1	1	0.6476	0.7653
73	316	1	509.3640	13	4	0	1	1	0.6487	0.6389
73	317	1	510.9140	11	9	0	1	1	0.6498	0.5932
73	318	1	512.4640	9	1	0	1	1	0.6509	0.8032
73	319	1	514.0140	10	2	0	1	1	0.6520	0.8533
73	320	1	515.5640	9	1	0	1	1	0.6531	0.7909
73	321	1	517.1139	12	5	0	1	1	0.6542	0.8729
73	322	1	518.6640	10	2	0	1	1	0.6553	0.7318
73	323	1	520.2139	13	4	0	1	1	0.6563	0.5738
73	324	1	521.7639	12	5	90	-1	1	0.6543	-1.0000
73	325	1	523.4973	11	9	0	1	1	0.6554	0.8096
73	326	1	525.0472	13	4	0	1	1	0.6564	0.6996
73	327	1	526.5972	11	9	0	1	1	0.6575	0.6860
73	328	1	528.1473	9	1	0	1	1	0.6585	0.6716
73	329	1	529.6972	12	5	90	-1	1	0.6565	-1.0000
73	330	1	531.4306	13	4	0	1	1	0.6576	0.8287
73	331	1	532.9805	14	7	0	1	1	0.6586	0.6863
73	332	1	534.5305	1	6	0	1	1	0.6596	0.6732
73	333	1	536.0805	3	12	90	-1	1	0.6577	-1.0000
73	334	1	537.8138	4	11	0	1	1	0.6587	0.8459
73	335	1	539.3638	3	12	90	-1	1	0.6567	-1.0000
73	336	1	541.0805	15	15	0	1	1	0.6577	0.6823
73	337	1	542.6305	2	10	0	1	1	0.6588	0.7483
73	338	1	544.1805	15	15	0	1	1	0.6598	0.6864
73	339	1	545.7305	3	12	0	-1	1	0.6578	-1.0000
73	340	1	547.4472	1	6	0	1	1	0.6588	0.6843
73	341	1	548.9971	3	12	90	-1	1	0.6569	-1.0000
73	342	1	550.7138	4	11	0	1	1	0.6579	0.6976
73	343	1	552.2638	7	8	0	1	1	0.6589	0.7480
73	344	1	553.8138	4	11	0	1	1	0.6599	0.6860
73	345	1	555.3637	5	13	0	1	1	0.6609	1.1680
73	346	1	556.9137	8	3	0	1	1	0.6618	1.2335
73	347	1	558.4637	6	14	0	1	1	0.6628	1.0751
73	348	1	560.0137	5	13	0	1	1	0.6638	1.0771
73	349	1	561.5637	6	14	90	-1	1	0.6619	-1.0000
73	350	1	563.2970	4	11	90	0	1	0.6600	1.1867
73	351	1	564.8471	6	14	0	1	1	0.6610	1.1086
73	352	1	566.3970	5	13	0	1	1	0.6619	1.0148
73	353	1	567.9470	6	14	90	-1	0	0.6601	-1.0000
73	354	1	569.8137	8	3	0	1	1	0.6610	1.4221
73	355	1	571.4470	6	14	0	1	1	0.6620	1.1647
73	356	1	572.9970	4	11	90	0	1	0.6601	1.3101
73	357	1	574.5470	5	13	0	1	1	0.6611	1.1520
73	358	1	576.0970	8	3	0	1	1	0.6620	1.0747
73	359	1	577.6469	9	1	90	-1	1	0.6602	-1.0000
73	360	1	579.3637	8	3	90	-1	1	0.6583	-1.0000
73	361	1	581.0970	5	13	0	1	1	0.6593	0.8738
73	362	1	582.6469	4	11	0	1	1	0.6602	1.0204
73	363	1	584.1970	6	14	0	1	1	0.6612	0.9582
73	364	1	585.7469	8	3	0	1	1	0.6621	1.0889
73	365	1	587.2969	7	8	0	1	1	0.6630	0.8183
73	366	1	588.8469	8	3	0	1	1	0.6639	0.7079
73	367	1	590.3969	6	14	90	0	1	0.6621	0.7420
73	368	1	591.9469	8	3	0	-1	0	0.6603	-1.0000
73	369	1	593.7136	5	13	0	1	1	0.6612	1.3292
73	370	1	595.2635	8	3	0	1	1	0.6622	0.8993
73	371	1	596.8135	6	14	0	1	1	0.6631	0.8693
73	372	1	598.3635	4	11	0	1	1	0.6640	0.8713
73	373	1	599.9135	5	13	0	1	1	0.6649	0.6182
73	374	1	601.4635	8	3	0	1	1	0.6658	0.7633
73	375	1	603.0135	9	1	0	1	1	0.6667	0.6380
73	376	1	604.5635	12	5	0	1	1	0.6676	0.6878
73	377	1	606.1135	10	2	90	-1	1	0.6658	-1.0000
73	378	1	607.8635	13	4	0	1	1	0.6667	0.7481
73	379	1	609.4135	14	7	0	-1	1	0.6649	-1.0000
73	380	1	611.1468	15	15	0	1	1	0.6658	1.0479
73	381	1	612.6968	2	10	0	1	1	0.6667	0.8423
73	382	1	614.2468	1	6	0	1	1	0.6675	0.8599
73	383	1	615.7968	3	12	0	1	1	0.6684	1.0068
73	384	1	617.3467	4	11	0	1	1	0.6693	0.8960
73	385	1	618.8968	5	13	90	-1	1	0.6675	-1.0000
73	386	1	620.6301	6	14	0	1	1	0.6684	1.1016
73	387	1	622.1801	8	3	0	1	1	0.6693	0.9907
73	388	1	623.7300	7	8	0	1	1	0.6701	0.8176
73	389	1	625.2800	6	14	0	1	1	0.6710	0.8031
73	390	1	626.8300	8	3	0	1	1	0.6718	0.8050
73	391	1	628.3800	7	8	0	1	1	0.6726	0.8073
73	392	1	629.9300	8	3	0	1	1	0.6735	0.8737
73	393	1	631.4800	9	1	0	1	1	0.6743	0.8269
73	394	1	633.0300	12	5	0	1	1	0.6751	0.7014
73	395	1	634.5800	9	1	0	1	1	0.6759	0.8311
73	396	1	636.1299	12	5	90	-1	1	0.6742	-1.0000
73	397	1	637.8633	9	1	0	1	1	0.6751	0.7797
73	398	1	639.4133	8	3	90	-1	1	0.6734	-1.0000
73	399	1	641.1300	9	1	0	1	1	0.6742	0.8096
73	400	1	642.6799	11	9	0	1	1	0.6750	0.9550
73	401	1	644.2299	9	1	0	1	1	0.6758	0.8133
73	402	1	645.7799	12	5	0	1	1	0.6766	0.7038
73	403	1	647.3299	11	9	0	1	1	0.6774	0.6577
73	404	1	648.8799	12	5	0	1	1	0.6782	0.6749
73	405	1	650.4299	10	2	90	-1	1	0.6765	-1.0000
73	406	1	652.1632	13	4	0	1	1	0.6773	0.7360
73	407	1	653.7132	11	9	0	1	1	0.6781	0.6585
73	408	1	655.2632	12	5	0	1	1	0.6789	0.6756
73	409	1	656.8132	13	4	0	1	1	0.6797	0.5824
73	410	1	658.3632	11	9	90	0	1	0.6780	0.4889
73	411	1	659.9132	10	2	0	1	1	0.6788	0.6985
73	412	1	661.4632	9	1	0	1	1	0.6796	0.5880
73	413	1	663.0132	8	3	0	1	1	0.6804	0.6381
73	414	1	664.5632	9	1	0	1	1	0.6812	0.4805
73	415	1	666.1132	12	5	90	-1	1	0.6795	-1.0000
73	416	1	667.8466	9	1	0	1	1	0.6803	0.5562
73	417	1	669.3965	10	2	0	-1	1	0.6787	-1.0000
73	418	1	671.1298	13	4	0	1	1	0.6794	0.1538
73	419	1	672.6798	12	5	90	0	1	0.6778	0.0750
73	420	1	674.2298	9	1	0	1	1	0.6786	0.5738
73	421	1	675.7798	11	9	90	-1	1	0.6770	-1.0000
73	422	1	677.5131	12	5	0	1	1	0.6777	0.6976
73	423	1	679.0631	10	2	90	-1	1	0.6761	-1.0000
73	424	1	680.8131	11	9	0	1	1	0.6769	1.0297
73	425	1	682.3631	13	4	0	1	1	0.6776	0.9201
73	426	1	683.9131	10	2	0	-1	1	0.6761	-1.0000
73	427	1	685.6464	9	1	0	1	1	0.6768	0.7083
73	428	1	687.1964	12	5	0	1	1	0.6776	0.6784
73	429	1	688.7464	10	2	0	1	1	0.6783	0.5854
73	430	1	690.2964	12	5	0	1	1	0.6791	0.6823
73	431	1	691.8463	9	1	0	1	1	0.6798	0.5253
73	432	1	693.3963	11	9	90	0	1	0.6782	0.6069
73	433	1	694.9463	10	2	90	-1	1	0.6767	-1.0000
73	434	1	696.6797	12	5	0	1	1	0.6774	0.7479
73	435	1	698.2296	13	4	0	1	1	0.6782	0.6380
73	436	1	699.7797	11	9	0	1	1	0.6789	0.7196
73	437	1	701.3296	13	4	0	1	1	0.6796	0.7380
73	438	1	702.8796	10	2	0	1	1	0.6804	0.6271
73	439	1	704.4296	12	5	0	1	1	0.6811	0.5975
73	440	1	705.9796	10	2	0	1	1	0.6818	0.6157
73	441	1	707.5296	11	9	90	-1	1	0.6803	-1.0000
73	442	1	709.2463	12	5	90	-1	1	0.6787	-1.0000
73	443	1	710.9796	13	4	0	1	1	0.6795	0.6720
73	444	1	712.5296	14	7	0	1	1	0.6802	0.8822
73	445	1	714.0796	2	10	0	1	1	0.6809	0.6595
73	446	1	715.6295	15	15	0	1	1	0.6816	0.6300
73	447	1	717.1796	1	6	0	1	1	0.6823	0.8071
73	448	1	718.7295	3	12	0	1	1	0.6830	0.7621
73	449	1	720.2795	4	11	0	1	1	0.6837	0.8753
73	450	1	721.8295	6	14	0	1	1	0.6844	0.9732
73	451	1	723.3795	7	8	0	1	1	0.6851	0.8157
73	452	1	724.9295	4	11	0	1	1	0.6858	0.8179
73	453	1	726.4795	6	14	0	1	1	0.6865	0.8681
73	454	1	728.0295	5	13	90	-1	1	0.6850	-1.0000
73	455	1	729.7461	8	3	0	1	1	0.6857	0.9455
73	456	1	731.2961	6	14	0	1	1	0.6864	0.8834
73	457	1	732.8461	4	11	0	1	1	0.6871	0.7895
73	458	1	734.3961	7	8	0	1	1	0.6878	0.8386
73	459	1	735.9461	6	14	0	1	1	0.6885	0.7614
73	460	1	737.4961	7	8	0	1	1	0.6891	0.6506
73	461	1	739.0461	6	14	90	-1	1	0.6876	-1.0000
73	462	1	740.7794	4	11	0	1	1	0.6883	0.8233
73	463	1	742.3294	6	14	0	1	1	0.6890	0.7462
73	464	1	743.8794	4	11	0	1	1	0.6897	0.8113
73	465	1	745.4294	3	12	90	-1	1	0.6882	-1.0000
73	466	1	747.1627	15	15	0	1	1	0.6888	0.7448
73	467	1	748.7127	2	10	90	0	1	0.6874	1.0663
73	468	1	750.2627	15	15	0	1	1	0.6880	1.1004
73	469	1	751.8127	2	10	0	1	1	0.6887	1.1983
73	470	1	753.3627	15	15	0	1	1	0.6894	0.9769
73	471	1	754.9127	2	10	0	1	1	0.6900	0.8509
73	472	1	756.4627	3	12	0	1	1	0.6907	0.7888
73	473	1	758.0127	15	15	0	1	1	0.6913	0.6147
73	474	1	759.5626	1	6	90	-1	1	0.6899	-1.0000
73	475	1	761.3127	3	12	0	1	1	0.6905	0.8025
73	476	1	762.8626	15	15	0	1	1	0.6912	0.6928
73	477	1	764.4127	14	7	90	-1	1	0.6897	-1.0000
73	478	1	766.1460	13	4	0	1	1	0.6904	0.9297
73	479	1	767.6960	14	7	0	1	1	0.6910	1.4436
73	480	1	769.3292	13	4	0	1	1	0.6917	0.9298
73	481	1	770.8792	11	9	0	1	1	0.6923	0.8204
73	482	1	772.4293	13	4	90	-1	1	0.6909	-1.0000
73	483	1	774.1626	10	2	90	-1	1	0.6894	-1.0000
73	484	1	775.8792	12	5	0	1	1	0.6901	0.9555
73	485	1	777.4292	11	9	0	1	1	0.6907	0.7502
73	486	1	778.9792	9	1	0	1	1	0.6914	0.6565
73	487	1	780.5292	10	2	90	-1	1	0.6899	-1.0000
73	488	1	782.2459	11	9	0	1	1	0.6906	0.7808
73	489	1	783.7959	12	5	90	-1	1	0.6892	-1.0000
73	490	1	785.5292	10	2	0	1	1	0.6898	0.6975
73	491	1	787.0792	13	4	0	1	1	0.6904	0.7315
73	492	1	788.6292	14	7	0	1	1	0.6911	0.6859
73	493	1	790.1792	2	10	0	1	1	0.6917	0.7362
73	494	1	791.7291	14	7	90	-1	1	0.6903	-1.0000
73	495	1	793.4625	2	10	0	1	1	0.6909	0.7002
73	496	1	795.0125	15	15	0	1	1	0.6915	0.8471
73	497	1	796.5625	14	7	0	-1	1	0.6901	-1.0000
73	498	1	798.2958	2	10	0	1	1	0.6908	0.8758
73	499	1	799.8458	15	15	0	1	1	0.6914	0.5569
73	500	1	801.3957	14	7	0	1	1	0.6920	0.1267
73	501	1	802.9458	15	15	0	1	1	0.6926	0.1139
73	502	1	804.4957	1	6	0	1	1	0.6932	0.9317
73	503	1	806.0458	15	15	0	1	1	0.6938	0.6769
73	504	1	807.5957	1	6	0	1	1	0.6944	0.6469
73	505	1	809.1457	3	12	0	1	1	0.6950	0.6809
73	506	1	810.6957	2	10	90	0	1	0.6937	0.5238
73	507	1	812.2457	15	15	0	1	1	0.6943	0.6532
73	508	1	813.7957	2	10	0	1	1	0.6949	0.5757
73	509	1	815.3457	1	6	0	1	1	0.6955	0.6578
73	510	1	816.8957	3	12	0	1	1	0.6961	0.6918
73	511	1	818.4456	2	10	0	1	1	0.6967	0.6770
73	512	1	819.9956	1	6	0	1	1	0.6973	0.5519
73	513	1	821.5456	2	10	0	1	1	0.6979	0.7779
73	514	1	823.0957	1	6	0	1	1	0.6984	0.6357
73	515	1	824.6457	14	7	0	1	1	0.6990	0.8779
73	516	1	826.1956	1	6	0	1	1	0.6996	0.6399
73	517	1	827.7457	3	12	0	1	1	0.7002	0.8013
73	518	1	829.2956	2	10	0	1	1	0.7008	0.7400
73	519	1	830.8456	1	6	90	-1	1	0.6994	-1.0000
73	520	1	832.5789	15	15	0	1	1	0.7000	0.9125
73	521	1	834.1289	2	10	0	1	1	0.7006	0.7217
73	522	1	835.6789	3	12	0	1	1	0.7011	0.6917
73	523	1	837.2289	2	10	0	1	1	0.7017	0.7267
73	524	1	838.7789	3	12	90	0	1	0.7004	0.7760
73	525	1	840.3289	15	15	0	1	1	0.7010	0.7466
73	526	1	841.8789	14	7	0	-1	1	0.6996	-1.0000
73	527	1	843.6122	13	4	0	1	1	0.7002	0.0553
73	528	1	845.1789	10	2	90	-1	1	0.6989	-1.0000
73	529	1	846.9122	12	5	0	1	1	0.6994	0.6589
73	530	1	848.4622	9	1	0	1	1	0.7000	0.8848
73	531	1	850.0122	11	9	90	0	1	0.6987	0.8069
73	532	1	851.5622	9	1	0	1	1	0.6992	1.1924
73	533	1	853.1121	12	5	0	1	1	0.6998	0.8905
73	534	1	854.6622	13	4	0	1	1	0.7004	0.7164
73	535	1	856.2121	11	9	0	1	1	0.7009	0.6549
73	536	1	857.7621	10	2	90	-1	1	0.6996	-1.0000
73	537	1	859.4955	9	1	0	1	1	0.7002	0.6040
73	538	1	861.0454	12	5	0	1	1	0.7007	0.7177
73	539	1	862.5954	11	9	90	-1	1	0.6994	-1.0000
73	540	1	864.3121	9	1	90	-1	1	0.6981	-1.0000
73	541	1	866.0454	10	2	0	1	1	0.6987	0.8380
73	542	1	867.5954	11	9	0	1	1	0.6993	0.7115
73	543	1	869.1454	13	4	0	1	1	0.6998	0.8260
73	544	1	870.6954	10	2	90	-1	1	0.6985	-1.0000
73	545	1	872.4287	9	1	0	1	1	0.6991	0.6459
73	546	1	873.9787	8	3	0	1	1	0.6996	0.6164
73	547	1	875.5287	5	13	0	1	1	0.7002	0.7619
73	548	1	877.0787	7	8	0	1	1	0.7007	0.6686
73	549	1	878.6287	4	11	0	1	1	0.7013	0.7340
73	550	1	880.1787	6	14	0	1	1	0.7018	0.8168
73	551	1	881.7287	8	3	0	1	1	0.7024	0.8340
73	552	1	883.2787	9	1	0	1	1	0.7029	0.7728
73	553	1	884.8287	11	9	0	1	1	0.7034	0.8228
73	554	1	886.3786	9	1	0	1	1	0.7040	0.6163
73	555	1	887.9286	11	9	0	1	1	0.7045	0.6508
73	556	1	889.4786	9	1	0	1	1	0.7050	0.6680
73	557	1	891.0286	10	2	0	1	1	0.7056	0.6063
73	558	1	892.5786	11	9	0	1	1	0.7061	0.6089
73	559	1	894.1286	9	1	0	1	1	0.7066	0.6427
73	560	1	895.6786	12	5	0	1	1	0.7071	0.5960
73	561	1	897.2286	10	2	0	1	1	0.7077	0.6147
73	562	1	898.7786	9	1	0	1	1	0.7082	0.6004
73	563	1	900.3286	8	3	0	1	1	0.7087	0.6669
73	564	1	901.8785	5	13	0	1	1	0.7092	0.8760
73	565	1	903.4285	8	3	0	1	1	0.7097	0.7342
73	566	1	904.9785	5	13	0	1	1	0.7102	0.5121
73	567	1	906.5285	6	14	0	1	1	0.7108	0.8185
73	568	1	908.0785	4	11	0	1	1	0.7113	0.6771
73	569	1	909.6285	7	8	0	1	1	0.7118	0.6304
73	570	1	911.1785	5	13	0	1	1	0.7123	0.7130
73	571	1	912.7285	7	8	0	1	1	0.7128	0.5705
73	572	1	914.2785	8	3	0	1	1	0.7133	0.7170
73	573	1	915.8285	6	14	0	1	1	0.7138	0.7191
73	574	1	917.3785	5	13	0	1	1	0.7143	0.6409
73	575	1	918.9285	8	3	0	1	1	0.7148	0.5150
73	576	1	920.4784	7	8	0	1	1	0.7153	0.6450
73	577	1	922.0284	6	14	0	1	1	0.7158	0.7101
73	578	1	923.5784	7	8	90	-1	1	0.7145	-1.0000
73	579	1	925.3118	5	13	0	1	1	0.7150	0.6917
73	580	1	926.8617	7	8	0	1	1	0.7155	0.8048
73	581	1	928.4118	4	11	0	1	1	0.7160	1.0156
73	582	1	929.9617	7	8	0	1	1	0.7165	1.0656
73	583	1	931.5117	8	3	0	1	1	0.7170	1.0676
73	584	1	933.0617	6	14	0	1	1	0.7175	1.0371
73	585	1	934.6117	7	8	0	1	1	0.7179	0.9269
73	586	1	936.1617	4	11	0	1	1	0.7184	0.8168
73	587	1	937.7117	5	13	0	1	1	0.7189	0.9149
73	588	1	939.2617	4	11	90	-1	1	0.7177	-1.0000
73	589	1	941.0117	5	13	0	1	1	0.7182	1.1192
73	590	1	942.5617	4	11	0	-1	1	0.7169	-1.0000
73	591	1	944.2950	5	13	0	1	1	0.7174	0.5556
73	592	1	945.8450	6	14	90	0	1	0.7162	0.8460
73	593	1	947.3950	8	3	0	1	1	0.7167	0.7205
73	594	1	948.9450	7	8	90	-1	1	0.7155	-1.0000
73	595	1	950.6616	8	3	90	-1	1	0.7143	-1.0000
73	596	1	952.3950	5	13	0	1	1	0.7148	0.7916
73	597	1	953.9449	8	3	0	1	1	0.7152	0.8265
73	598	1	955.4949	6	14	0	1	1	0.7157	0.7000
73	599	1	957.0449	8	3	0	1	1	0.7162	0.7984
73	600	1	958.5949	7	8	90	-1	1	0.7150	-1.0000
73	601	1	1087.4609	8	3	90	-1	0	0.7138	-1.0000
73	602	1	1089.1942	7	8	0	1	1	0.7143	1.1443
73	603	1	1090.7442	4	11	0	1	1	0.7148	0.9392
73	604	1	1092.2942	6	14	0	1	1	0.7152	0.7323
73	605	1	1093.8441	4	11	90	0	1	0.7140	1.1667
73	606	1	1095.3941	6	14	0	1	1	0.7145	0.8976
73	607	1	1096.9441	5	13	90	0	1	0.7133	0.9146
73	608	1	1098.4941	8	3	90	-1	1	0.7122	-1.0000
73	609	1	1100.2274	6	14	0	1	1	0.7126	0.7359
73	610	1	1101.7774	8	3	0	1	1	0.7131	0.7380
73	611	1	1103.3274	7	8	0	1	1	0.7136	0.5959
73	612	1	1104.8774	5	13	90	-1	1	0.7124	-1.0000
73	613	1	1106.6107	7	8	0	1	1	0.7129	0.6242
73	614	1	1108.1607	5	13	0	1	1	0.7134	0.6906
73	615	1	1109.7107	6	14	0	1	1	0.7138	0.6757
73	616	1	1111.2607	7	8	0	1	1	0.7143	0.5667
73	617	1	1112.8107	6	14	0	1	1	0.7147	0.6967
73	618	1	1114.3607	7	8	0	1	1	0.7152	0.6822
73	619	1	1115.9107	5	13	90	-1	1	0.7141	-1.0000
73	620	1	1117.6440	4	11	0	1	1	0.7145	0.6149
73	621	1	1119.1940	6	14	0	1	1	0.7150	0.7774
73	622	1	1120.7440	5	13	0	1	1	0.7154	0.8272
73	623	1	1122.2940	4	11	0	1	1	0.7159	1.4685
73	624	1	1123.9940	5	13	0	1	1	0.7163	0.9050
73	625	1	1125.5439	7	8	90	-1	1	0.7152	-1.0000
73	626	1	1127.2773	6	14	0	1	1	0.7157	1.1896
73	627	1	1128.8273	4	11	0	1	1	0.7161	0.9360
73	628	1	1130.3772	5	13	90	0	1	0.7150	1.2901
73	629	1	1131.9273	7	8	0	1	1	0.7154	1.1800
73	630	1	1133.4773	4	11	0	-1	0	0.7143	-1.0000
73	631	1	1135.2106	7	8	90	-1	1	0.7132	-1.0000
73	632	1	1136.9606	6	14	0	1	1	0.7136	0.8339
73	633	1	1138.5105	8	3	0	1	1	0.7141	0.9008
73	634	1	1140.0605	7	8	0	1	1	0.7145	0.7419
73	635	1	1141.6105	5	13	0	1	1	0.7150	1.1760
73	636	1	1143.1605	7	8	90	-1	1	0.7138	-1.0000
73	637	1	1144.8938	5	13	90	0	1	0.7127	0.6441
73	638	1	1146.4438	8	3	0	1	1	0.7132	0.9196
73	639	1	1147.9938	6	14	0	1	1	0.7136	1.2246
73	640	1	1149.5438	4	11	90	-1	0	0.7125	-1.0000
73	641	1	1151.2771	5	13	0	1	1	0.7129	0.1023
73	642	1	1152.8271	8	3	0	1	1	0.7134	0.6801
73	643	1	1154.3771	9	1	0	1	1	0.7138	0.7942
73	644	1	1155.9271	8	3	0	1	1	0.7143	1.0033
73	645	1	1157.4771	9	1	0	1	1	0.7147	0.7338
73	646	1	1159.0271	11	9	0	1	1	0.7152	0.6873
73	647	1	1160.5771	10	2	0	1	1	0.7156	0.7213
73	648	1	1162.1271	13	4	0	1	1	0.7160	0.7558
73	649	1	1163.6770	12	5	0	1	1	0.7165	0.6623
73	650	1	1165.2271	10	2	0	1	1	0.7169	0.7443
73	651	1	1166.7770	13	4	0	1	1	0.7174	0.6973
73	652	1	1168.3270	11	9	0	1	1	0.7178	0.8603
73	653	1	1169.8770	9	1	0	1	1	0.7182	1.0374
73	654	1	1171.4270	12	5	90	-1	1	0.7171	-1.0000
73	655	1	1173.1437	9	1	0	1	1	0.7176	0.7316
73	656	1	1174.6937	11	9	0	1	1	0.7180	0.5895
73	657	1	1176.2437	12	5	0	1	1	0.7184	1.3108
73	658	1	1177.7937	9	1	0	1	1	0.7188	1.2815
73	659	1	1179.3437	12	5	0	1	1	0.7193	0.8357
73	660	1	1180.8936	11	9	0	1	1	0.7197	0.6937
73	661	1	1182.4436	12	5	0	1	1	0.7201	0.6477
73	662	1	1183.9936	9	1	0	1	1	0.7205	0.6488
73	663	1	1185.5436	10	2	90	-1	1	0.7195	-1.0000
73	664	1	1187.2603	13	4	0	1	1	0.7199	0.6630
73	665	1	1188.8103	12	5	0	1	1	0.7203	0.6170
73	666	1	1190.3602	11	9	0	1	1	0.7207	0.6670
73	667	1	1191.9102	9	1	0	1	1	0.7211	0.5404
73	668	1	1193.4602	11	9	0	1	1	0.7216	1.0707
73	669	1	1195.0102	10	2	0	1	1	0.7220	1.0402
73	670	1	1196.5602	12	5	0	1	1	0.7224	1.1232
73	671	1	1198.1102	9	1	0	1	1	0.7228	0.8851
73	672	1	1199.6602	8	3	0	1	1	0.7232	0.6791
73	673	1	1201.2102	6	14	90	0	1	0.7221	0.0168
73	674	1	1202.7602	4	11	90	-1	0	0.7211	-1.0000
73	675	1	1204.4935	5	13	0	1	1	0.7215	0.0374
73	676	1	1206.0435	7	8	0	1	1	0.7219	0.8877
73	677	1	1207.5935	8	3	0	1	1	0.7223	0.6972
73	678	1	1209.1435	9	1	0	1	1	0.7227	0.5069
73	679	1	1210.6934	12	5	0	1	1	0.7231	0.6209
73	680	1	1212.2435	9	1	0	1	1	0.7235	0.6389
73	681	1	1213.7935	8	3	90	-1	1	0.7225	-1.0000
73	682	1	1215.5268	7	8	0	1	1	0.7229	0.6520
73	683	1	1217.0768	5	13	0	1	1	0.7233	0.7339
73	684	1	1218.6268	4	11	0	-1	1	0.7222	-1.0000
73	685	1	1220.3768	5	13	0	1	1	0.7226	1.0180
73	686	1	1221.9267	7	8	0	1	1	0.7230	0.7956
73	687	1	1223.4768	5	13	0	1	1	0.7234	0.6546
73	688	1	1225.0267	7	8	90	-1	1	0.7224	-1.0000
73	689	1	1226.7601	8	3	0	1	1	0.7228	0.6352
73	690	1	1228.3100	9	1	0	1	1	0.7232	0.7012
73	691	1	1229.8600	12	5	90	-1	1	0.7221	-1.0000
73	692	1	1231.5934	13	4	0	1	1	0.7225	0.8250
73	693	1	1233.1433	11	9	90	-1	1	0.7215	-1.0000
73	694	1	1234.8767	10	2	90	-1	1	0.7205	-1.0000
73	695	1	1236.5933	9	1	90	-1	1	0.7194	-1.0000
73	696	1	1238.3267	10	2	0	1	1	0.7198	0.7956
73	697	1	1239.8767	9	1	0	1	1	0.7202	0.7026
73	698	1	1241.4267	8	3	0	1	1	0.7206	0.6566
73	699	1	1242.9766	6	14	0	1	1	0.7210	0.7861
73	700	1	1244.5267	5	13	0	1	1	0.7214	1.1565
73	701	1	1246.0766	8	3	0	1	1	0.7218	0.9818
73	702	1	1247.6266	9	1	0	1	1	0.7222	0.6803
73	703	1	1249.1766	12	5	90	-1	1	0.7212	-1.0000
73	704	1	1250.8933	10	2	90	-1	1	0.7202	-1.0000
73	705	1	1252.6266	13	4	0	1	1	0.7206	0.8158
73	706	1	1254.1766	11	9	0	1	1	0.7210	0.9622
73	707	1	1255.7266	12	5	0	1	1	0.7214	0.9645
73	708	1	1257.2766	9	1	0	1	1	0.7218	0.7742
73	709	1	1258.8266	10	2	0	1	1	0.7221	0.7763
73	710	1	1260.3765	12	5	0	1	1	0.7225	0.7783
73	711	1	1261.9266	9	1	0	1	1	0.7229	0.8603
73	712	1	1263.4765	11	9	0	1	1	0.7233	1.1182
73	713	1	1265.0265	12	5	90	-1	1	0.7223	-1.0000
73	714	1	1266.7598	11	9	0	1	1	0.7227	1.0825
73	715	1	1268.3098	12	5	90	-1	1	0.7217	-1.0000
73	716	1	1270.0265	9	1	0	1	1	0.7221	0.7449
73	717	1	1271.5765	11	9	0	1	1	0.7225	0.6028
73	718	1	1273.1265	13	4	0	1	1	0.7228	0.6848
73	719	1	1274.6765	14	7	90	-1	1	0.7218	-1.0000
73	720	1	1276.3931	15	15	0	1	1	0.7222	0.7941
73	721	1	1277.9431	1	6	0	1	1	0.7226	0.8601
73	722	1	1279.4931	15	15	0	1	1	0.7230	0.8296
73	723	1	1281.0431	14	7	0	1	1	0.7234	0.8481
73	724	1	1282.5931	1	6	0	1	1	0.7238	0.8501
73	725	1	1284.1431	3	12	0	1	1	0.7241	0.8041
73	726	1	1285.6931	1	6	0	1	1	0.7245	0.7573
73	727	1	1287.2431	15	15	0	1	1	0.7249	0.7112
73	728	1	1288.7930	2	10	90	0	1	0.7239	0.8262
73	729	1	1290.3430	1	6	0	1	1	0.7243	0.7958
73	730	1	1291.8930	14	7	0	1	1	0.7247	0.6538
73	731	1	1293.4430	2	10	0	1	1	0.7250	0.8317
73	732	1	1294.9930	3	12	0	1	1	0.7254	0.7213
73	733	1	1296.5430	2	10	90	-1	1	0.7244	-1.0000
73	734	1	1298.2597	15	15	0	1	1	0.7248	0.7986
73	735	1	1299.8096	14	7	0	1	1	0.7252	0.6406
73	736	1	1301.3597	1	6	90	0	1	0.7242	0.6906
73	737	1	1302.9096	15	15	0	1	1	0.7246	0.6773
73	738	1	1304.4596	2	10	90	-1	1	0.7236	-1.0000
73	739	1	1306.1930	15	15	0	1	1	0.7240	0.9782
73	740	1	1307.7430	2	10	90	-1	1	0.7230	-1.0000
73	741	1	1309.4763	1	6	0	1	1	0.7233	0.6389
73	742	1	1311.0262	3	12	0	1	1	0.7237	0.7049
73	743	1	1312.5763	1	6	0	1	1	0.7241	0.7390
73	744	1	1314.1262	14	7	0	1	1	0.7245	0.8205
73	745	1	1315.6762	15	15	0	1	1	0.7248	0.7270
73	746	1	1317.2263	3	12	0	1	1	0.7252	0.6648
73	747	1	1318.7762	15	15	0	1	1	0.7256	0.6500
73	748	1	1320.3263	2	10	0	1	1	0.7259	0.7329
73	749	1	1321.8762	14	7	90	-1	1	0.7250	-1.0000
73	750	1	1323.6095	1	6	0	1	1	0.7253	0.7767
73	751	1	1325.1595	15	15	0	1	1	0.7257	0.9071
73	752	1	1326.7095	1	6	0	1	1	0.7261	0.6688
73	753	1	1328.2595	2	10	0	1	1	0.7264	0.6076
73	754	1	1329.8095	1	6	0	1	1	0.7268	0.6412
73	755	1	1331.3595	15	15	0	1	1	0.7272	0.5957
73	756	1	1332.9095	2	10	90	0	1	0.7262	0.6941
73	757	1	1334.4595	3	12	0	1	1	0.7266	0.5677
73	758	1	1336.0095	1	6	0	1	1	0.7269	0.6653
73	759	1	1337.5594	3	12	0	1	1	0.7273	0.6032
73	760	1	1339.1095	1	6	0	1	1	0.7276	0.6537
73	761	1	1340.6594	2	10	0	1	1	0.7280	0.6557
73	762	1	1342.2094	14	7	90	-1	1	0.7270	-1.0000
73	763	1	1343.9428	13	4	90	-1	1	0.7261	-1.0000
73	764	1	1345.6594	14	7	0	1	1	0.7264	0.5668
73	765	1	1347.2094	2	10	90	-1	1	0.7255	-1.0000
73	766	1	1348.9427	1	6	0	1	1	0.7258	0.7239
73	767	1	1350.4927	2	10	0	1	1	0.7262	0.7422
73	768	1	1352.0427	3	12	0	1	1	0.7266	0.6476
73	769	1	1353.5927	15	15	0	1	1	0.7269	0.6816
73	770	1	1355.1427	2	10	0	1	1	0.7273	0.6040
73	771	1	1356.6927	14	7	0	1	1	0.7276	0.6376
73	772	1	1358.2427	2	10	0	1	1	0.7280	0.4956
73	773	1	1359.7927	15	15	90	-1	1	0.7270	-1.0000
73	774	1	1361.5260	3	12	0	1	1	0.7274	0.7010
73	775	1	1363.0760	15	15	0	1	1	0.7277	0.5752
73	776	1	1364.6260	3	12	0	1	1	0.7281	0.6087
73	777	1	1366.1760	2	10	0	1	1	0.7284	0.6110
73	778	1	1367.7260	15	15	90	-1	1	0.7275	-1.0000
73	779	1	1369.4593	2	10	0	1	1	0.7279	0.7198
73	780	1	1371.0093	15	15	0	1	1	0.7282	0.6569
73	781	1	1372.5593	14	7	0	1	1	0.7286	0.6758
73	782	1	1374.1092	15	15	0	1	1	0.7289	1.1899
73	783	1	1375.6593	3	12	0	1	1	0.7292	1.2874
73	784	1	1377.2093	2	10	90	-1	0	0.7283	-1.0000
73	785	1	1379.0426	15	15	0	1	1	0.7287	0.6887
73	786	1	1380.5925	3	12	0	1	1	0.7290	0.6906
73	787	1	1382.1425	4	11	0	1	1	0.7294	0.8997
73	788	1	1383.6925	5	13	0	1	1	0.7297	0.7577
73	789	1	1385.2425	6	14	0	1	1	0.7300	0.7925
73	790	1	1386.7925	8	3	0	1	1	0.7304	1.1626
73	791	1	1388.3425	7	8	0	1	1	0.7307	0.8286
73	792	1	1389.8925	6	14	90	-1	1	0.7298	-1.0000
73	793	1	1391.6259	5	13	0	1	1	0.7301	0.6967
73	794	1	1393.1758	8	3	0	1	1	0.7305	0.7945
73	795	1	1394.7259	9	1	90	-1	1	0.7296	-1.0000
73	796	1	1396.4591	11	9	0	1	1	0.7299	0.6471
73	797	1	1398.0091	9	1	0	1	1	0.7302	0.6339
73	798	1	1399.5591	11	9	0	1	1	0.7306	0.5718
73	799	1	1401.1091	12	5	0	1	1	0.7309	0.5252
73	800	1	1402.6591	13	4	0	1	1	0.7312	0.6399
73	801	1	1404.2091	12	5	0	1	1	0.7316	0.6581
73	802	1	1405.7591	10	2	0	1	1	0.7319	0.6115
73	803	1	1407.3091	12	5	90	-1	1	0.7310	-1.0000
73	804	1	1409.0257	11	9	90	0	1	0.7301	1.2655
73	805	1	1410.5757	9	1	0	1	1	0.7304	1.3474
73	806	1	1412.1257	11	9	0	1	1	0.7308	1.4294
73	807	1	1413.7424	13	4	0	1	1	0.7311	1.0930
73	808	1	1415.2924	11	9	0	1	1	0.7314	0.8067
73	809	1	1416.8423	13	4	0	1	1	0.7318	0.8723
73	810	1	1418.3924	10	2	0	1	1	0.7321	0.9862
73	811	1	1419.9424	12	5	0	1	1	0.7324	0.8121
73	812	1	1421.4923	13	4	0	1	1	0.7328	0.9107
73	813	1	1423.0423	12	5	0	1	1	0.7331	0.6560
73	814	1	1424.5923	13	4	0	1	1	0.7334	0.5789
73	815	1	1426.1423	14	7	0	1	1	0.7337	0.8528
73	816	1	1427.6923	1	6	90	-1	1	0.7328	-1.0000
73	817	1	1429.4423	2	10	0	1	1	0.7332	0.6719
73	818	1	1430.9923	15	15	0	1	1	0.7335	0.6584
73	819	1	1432.5423	3	12	0	1	1	0.7338	0.6440
73	820	1	1434.0923	2	10	0	1	1	0.7341	0.6791
73	821	1	1435.6423	14	7	90	-1	1	0.7333	-1.0000
73	822	1	1437.3756	2	10	0	1	1	0.7336	0.7387
73	823	1	1438.9256	15	15	0	1	1	0.7339	0.6447
73	824	1	1440.4756	3	12	0	1	1	0.7342	0.6306
73	825	1	1442.0255	2	10	0	1	1	0.7345	0.5207
73	826	1	1443.5755	1	6	90	-1	1	0.7337	-1.0000
73	827	1	1445.3089	15	15	90	0	1	0.7328	0.6942
73	828	1	1446.8589	1	6	0	1	1	0.7331	1.1602
73	829	1	1448.4089	15	15	0	1	1	0.7334	0.7614
73	830	1	1449.9589	3	12	0	1	1	0.7337	0.6203
73	831	1	1451.5088	1	6	0	1	1	0.7341	0.6543
73	832	1	1453.0588	14	7	0	1	1	0.7344	0.7354
73	833	1	1454.6088	1	6	0	1	1	0.7347	0.6738
73	834	1	1456.1588	14	7	90	-1	1	0.7338	-1.0000
73	835	1	1457.8921	1	6	0	1	1	0.7341	0.5590
73	836	1	1459.4421	15	15	0	1	1	0.7344	0.7050
73	837	1	1460.9921	14	7	0	1	1	0.7348	0.8021
73	838	1	1462.5421	1	6	0	1	1	0.7351	1.0121
73	839	1	1464.0921	15	15	0	1	1	0.7354	0.9189
73	840	1	1465.6421	14	7	0	1	1	0.7357	0.9210
73	841	1	1467.1921	1	6	0	1	1	0.7360	0.7790
73	842	1	1468.7421	14	7	0	1	1	0.7363	0.4931
73	843	1	1470.2921	2	10	0	1	1	0.7367	0.4309
73	844	1	1471.8421	15	15	0	1	1	0.7370	0.5929
73	845	1	1473.3920	3	12	0	1	1	0.7373	0.6742
73	846	1	1474.9421	15	15	0	1	1	0.7376	0.7401
73	847	1	1476.4920	14	7	90	0	1	0.7367	0.5662
73	848	1	1478.0420	15	15	90	0	1	0.7358	0.9045
73	849	1	1479.5920	3	12	90	-1	1	0.7350	-1.0000
73	850	1	1481.3087	1	6	90	-1	1	0.7341	-1.0000
73	851	1	1483.0420	2	10	0	1	1	0.7344	0.7048
73	852	1	1484.5920	1	6	0	1	1	0.7347	0.8342
73	853	1	1486.1420	14	7	90	-1	1	0.7339	-1.0000
73	854	1	1487.8753	2	10	0	1	1	0.7342	0.8956
73	855	1	1489.4253	3	12	0	1	1	0.7345	0.8977
73	856	1	1490.9753	1	6	0	1	1	0.7348	0.7396
73	857	1	1492.5253	3	12	0	1	1	0.7351	0.6449
73	858	1	1494.0753	1	6	0	1	1	0.7354	0.5998
73	859	1	1495.6253	3	12	0	1	1	0.7357	0.5537
73	860	1	1497.1753	1	6	90	-1	1	0.7349	-1.0000
73	861	1	1498.9086	2	10	90	-1	1	0.7340	-1.0000
73	862	1	1500.6419	14	7	0	1	1	0.7343	0.6572
73	863	1	1502.1919	15	15	0	1	1	0.7346	0.7867
73	864	1	1503.7419	2	10	0	1	1	0.7350	0.6763
73	865	1	1505.2919	14	7	0	1	1	0.7353	0.9827
73	866	1	1506.8419	15	15	0	1	1	0.7356	0.6491
73	867	1	1508.3919	14	7	0	1	1	0.7359	0.5543
73	868	1	1509.9419	1	6	0	1	1	0.7362	0.5889
73	869	1	1511.4918	3	12	0	1	1	0.7365	0.6063
73	870	1	1513.0418	2	10	0	1	1	0.7368	0.4971
73	871	1	1514.5918	3	12	0	1	1	0.7371	0.5792
73	872	1	1516.1418	2	10	0	1	1	0.7374	0.6604
73	873	1	1517.6918	14	7	0	1	1	0.7377	0.6792
73	874	1	1519.2418	13	4	90	-1	1	0.7368	-1.0000
73	875	1	1520.9918	12	5	90	-1	1	0.7360	-1.0000
73	876	1	1522.7418	9	1	0	1	1	0.7363	0.6533
73	877	1	1524.2918	12	5	0	1	1	0.7366	0.7672
73	878	1	1525.8418	9	1	0	1	1	0.7369	0.9450
73	879	1	1527.3917	11	9	0	1	1	0.7372	0.6433
73	880	1	1528.9417	12	5	0	1	1	0.7375	0.6452
73	881	1	1530.4917	13	4	0	1	1	0.7378	0.7114
73	882	1	1532.0418	12	5	90	-1	1	0.7370	-1.0000
73	883	1	1533.7917	11	9	0	1	1	0.7373	0.6588
73	884	1	1535.3417	12	5	0	1	1	0.7376	0.6444
73	885	1	1536.8917	9	1	90	-1	1	0.7367	-1.0000
73	886	1	1538.6250	10	2	0	1	1	0.7370	0.7698
73	887	1	1540.1750	11	9	0	1	1	0.7373	0.6598
73	888	1	1541.7250	9	1	0	1	1	0.7376	0.6781
73	889	1	1543.2750	8	3	0	1	1	0.7379	0.6311
73	890	1	1544.8250	7	8	0	1	1	0.7382	0.6503
73	891	1	1546.3750	4	11	90	-1	1	0.7374	-1.0000
73	892	1	1548.1083	5	13	0	1	1	0.7377	0.8228
73	893	1	1549.6583	8	3	0	1	1	0.7380	0.6490
73	894	1	1551.2083	5	13	0	1	1	0.7383	1.0987
73	895	1	1552.7583	4	11	0	1	1	0.7385	0.7159
73	896	1	1554.3083	3	12	0	1	1	0.7388	0.6069
73	897	1	1555.8583	2	10	90	-1	1	0.7380	-1.0000
73	898	1	1557.5916	15	15	90	-1	1	0.7372	-1.0000
73	899	1	1559.3083	14	7	0	1	1	0.7375	1.2707
73	900	1	1560.8583	13	4	0	1	1	0.7378	0.9844
73	901	1	1562.4082	10	2	90	-1	1	0.7370	-1.0000
73	902	1	1564.1249	12	5	0	1	1	0.7373	0.6782
73	903	1	1565.6749	11	9	0	1	1	0.7375	0.6632
73	904	1	1567.2250	12	5	0	1	1	0.7378	1.4496
73	905	1	1568.8249	10	2	0	1	1	0.7381	0.8742
73	906	1	1570.3748	13	4	90	-1	1	0.7373	-1.0000
73	907	1	1572.1249	12	5	0	1	1	0.7376	0.6781
73	908	1	1573.6748	9	1	0	1	1	0.7379	0.7281
73	909	1	1575.2249	8	3	90	-1	1	0.7371	-1.0000
73	910	1	1576.9582	7	8	0	1	1	0.7374	0.6120
73	911	1	1578.5081	8	3	0	1	1	0.7377	0.6779
73	912	1	1580.0582	7	8	90	-1	1	0.7368	-1.0000
73	913	1	1581.7748	4	11	0	1	1	0.7371	0.9793
73	914	1	1583.3248	6	14	0	1	1	0.7374	0.9816
73	915	1	1584.8748	5	13	0	1	1	0.7377	0.7605
73	916	1	1586.4248	8	3	0	1	1	0.7380	0.7141
73	917	1	1587.9747	9	1	0	1	1	0.7383	0.8439
73	918	1	1589.5248	8	3	90	0	1	0.7375	0.7182
73	919	1	1591.0748	7	8	0	1	1	0.7378	0.9762
73	920	1	1592.6247	6	14	0	1	1	0.7380	0.8024
73	921	1	1594.1747	8	3	0	1	1	0.7383	0.6923
73	922	1	1595.7247	9	1	0	1	1	0.7386	0.6934
73	923	1	1597.2747	8	3	0	1	1	0.7389	0.8398
73	924	1	1598.8247	6	14	0	1	1	0.7392	0.8094
73	925	1	1600.3747	7	8	90	-1	1	0.7384	-1.0000
73	926	1	1602.1080	5	13	0	1	1	0.7387	0.6461
73	927	1	1603.6580	8	3	0	1	1	0.7389	0.6964
73	928	1	1605.2080	6	14	0	1	1	0.7392	0.6186
73	929	1	1606.7580	8	3	0	1	1	0.7395	0.6041
73	930	1	1608.3080	9	1	90	-1	1	0.7387	-1.0000
73	931	1	1610.0413	12	5	0	1	1	0.7390	0.8734
73	932	1	1611.5913	9	1	0	1	1	0.7393	1.0188
73	933	1	1613.1413	8	3	90	-1	1	0.7385	-1.0000
73	934	1	1614.8746	9	1	90	-1	1	0.7377	-1.0000
73	935	1	1616.6080	10	2	0	1	1	0.7380	1.2190
73	936	1	1618.1579	13	4	0	1	1	0.7382	1.3171
73	937	1	1619.7079	12	5	90	-1	1	0.7375	-1.0000
73	938	1	1621.4413	11	9	0	1	1	0.7377	0.6892
73	939	1	1622.9913	10	2	0	1	1	0.7380	0.7237
73	940	1	1624.5412	9	1	0	1	1	0.7383	1.1569
73	941	1	1626.0912	12	5	90	-1	1	0.7375	-1.0000
73	942	1	1627.8412	9	1	0	1	1	0.7378	1.2009
73	943	1	1629.3912	10	2	0	1	1	0.7381	1.2195
73	944	1	1630.9412	12	5	0	1	1	0.7383	0.7892
73	945	1	1632.4912	13	4	90	-1	1	0.7376	-1.0000
73	946	1	1634.2245	12	5	0	1	1	0.7378	0.8344
73	947	1	1635.7745	13	4	90	-1	1	0.7371	-1.0000
73	948	1	1637.4912	10	2	0	1	1	0.7373	0.9589
73	949	1	1639.0411	13	4	0	1	1	0.7376	1.4249
73	950	1	1640.6245	12	5	90	-1	1	0.7368	-1.0000
73	951	1	1642.3578	9	1	90	-1	1	0.7361	-1.0000
73	952	1	1644.0911	10	2	90	0	1	0.7353	0.9517
73	953	1	1645.6411	13	4	0	1	1	0.7356	1.4494
73	954	1	1647.2744	11	9	0	1	1	0.7358	1.3844
73	955	1	1648.8244	12	5	0	1	1	0.7361	0.7456
73	956	1	1650.3744	11	9	90	0	1	0.7354	0.6996
73	957	1	1651.9244	13	4	0	1	1	0.7356	0.6539
73	958	1	1653.4744	14	7	90	-1	1	0.7349	-1.0000
73	959	1	1655.2244	1	6	0	1	1	0.7351	0.8421
73	960	1	1656.7744	2	10	0	1	1	0.7354	0.7963
73	961	1	1658.3244	15	15	90	-1	1	0.7347	-1.0000
73	962	1	1660.0577	1	6	0	1	1	0.7349	0.9207
73	963	1	1661.6077	15	15	0	1	1	0.7352	0.9067
73	964	1	1663.1577	1	6	0	1	1	0.7355	0.7968
73	965	1	1664.7077	14	7	90	-1	1	0.7347	-1.0000
73	966	1	1666.4410	1	6	0	1	1	0.7350	0.6500
73	967	1	1667.9910	15	15	0	1	1	0.7353	0.8114
73	968	1	1669.5410	3	12	0	1	1	0.7355	0.8931
73	969	1	1671.0910	15	15	0	1	1	0.7358	0.8480
73	970	1	1672.6410	1	6	0	1	1	0.7361	0.7859
73	971	1	1674.1910	15	15	0	1	1	0.7364	0.7399
73	972	1	1675.7409	1	6	0	1	1	0.7366	0.6450
73	973	1	1677.2909	2	10	0	1	1	0.7369	1.1431
73	974	1	1678.8409	15	15	90	-1	1	0.7361	-1.0000
73	975	1	1680.5576	2	10	0	1	1	0.7364	0.7084
73	976	1	1682.1076	15	15	0	1	1	0.7367	0.6953
73	977	1	1683.6576	3	12	90	-1	1	0.7359	-1.0000
73	978	1	1685.3742	2	10	0	1	1	0.7362	0.6442
73	979	1	1686.9242	14	7	0	1	1	0.7365	0.7098
73	980	1	1688.4742	1	6	0	1	1	0.7367	0.6479
73	981	1	1690.0242	3	12	0	1	1	0.7370	0.6822
73	982	1	1691.5742	2	10	0	1	1	0.7373	0.6368
73	983	1	1693.1242	3	12	90	-1	1	0.7365	-1.0000
73	984	1	1694.8575	1	6	0	1	1	0.7368	0.6968
73	985	1	1696.4076	14	7	0	1	1	0.7371	0.7785
73	986	1	1697.9575	15	15	0	1	1	0.7373	0.8125
73	987	1	1699.5075	1	6	90	-1	1	0.7366	-1.0000
73	988	1	1701.2242	15	15	0	1	1	0.7368	0.6509
73	989	1	1702.7741	14	7	0	1	1	0.7371	0.6369
73	990	1	1704.3242	15	15	0	1	1	0.7374	0.6699
73	991	1	1705.8741	2	10	0	1	1	0.7376	1.1047
73	992	1	1707.4241	1	6	0	1	1	0.7379	0.9619
73	993	1	1708.9741	15	15	0	1	1	0.7382	0.8211
73	994	1	1710.5241	1	6	90	-1	1	0.7374	-1.0000
73	995	1	1712.2408	2	10	0	1	1	0.7377	0.4816
73	996	1	1713.7907	1	6	0	1	1	0.7380	0.8033
73	997	1	1715.3408	15	15	0	1	1	0.7382	0.8063
73	998	1	1716.8907	2	10	90	-1	1	0.7375	-1.0000
73	999	1	1718.6407	15	15	0	1	1	0.7377	0.6421
73	1000	1	1720.1907	2	10	0	1	1	0.7380	0.5793
73	1001	1	1721.7407	1	6	90	-1	1	0.7373	-1.0000
73	1002	1	1723.4740	15	15	90	-1	1	0.7365	-1.0000
73	1003	1	1725.2074	3	12	0	1	1	0.7368	0.7956
73	1004	1	1726.7574	4	11	0	1	1	0.7371	0.8134
73	1005	1	1728.3074	6	14	0	1	1	0.7373	0.7994
73	1006	1	1729.8573	5	13	90	-1	1	0.7366	-1.0000
73	1007	1	1731.5907	8	3	90	-1	1	0.7358	-1.0000
73	1008	1	1733.3240	5	13	90	-1	1	0.7351	-1.0000
73	1009	1	1735.0407	8	3	0	1	1	0.7354	0.8663
73	1010	1	1736.5906	9	1	0	1	1	0.7356	0.7079
73	1011	1	1738.1406	8	3	0	1	1	0.7359	0.6143
73	1012	1	1739.6906	5	13	0	1	1	0.7362	0.8722
73	1013	1	1741.2406	7	8	90	-1	1	0.7354	-1.0000
73	1014	1	1742.9740	5	13	0	1	1	0.7357	0.6764
73	1015	1	1744.5239	7	8	0	1	1	0.7360	0.7581
73	1016	1	1746.0739	6	14	0	1	1	0.7362	0.7769
73	1017	1	1747.6239	7	8	90	-1	1	0.7355	-1.0000
73	1018	1	1749.3739	4	11	0	1	1	0.7358	0.6610
73	1019	1	1750.9239	5	13	0	1	1	0.7360	0.6781
73	1020	1	1752.4739	8	3	0	1	1	0.7363	0.6490
73	1021	1	1754.0239	7	8	0	1	1	0.7365	0.6672
73	1022	1	1755.5739	5	13	0	1	1	0.7368	0.9881
73	1023	1	1757.1239	4	11	0	1	1	0.7370	0.9581
73	1024	1	1758.6738	5	13	90	-1	1	0.7363	-1.0000
73	1025	1	1760.3905	4	11	0	1	1	0.7366	0.6835
73	1026	1	1761.9405	5	13	0	1	1	0.7368	0.7499
73	1027	1	1763.4905	7	8	0	1	1	0.7371	0.6555
73	1028	1	1765.0405	8	3	0	1	1	0.7374	0.7855
73	1029	1	1766.5905	6	14	0	1	1	0.7376	0.7395
73	1030	1	1768.1404	8	3	0	1	1	0.7379	0.7584
73	1031	1	1769.6904	7	8	0	1	1	0.7381	0.7284
73	1032	1	1771.2404	8	3	90	-1	1	0.7374	-1.0000
73	1033	1	1772.9571	9	1	0	1	1	0.7377	0.7733
73	1034	1	1774.5071	12	5	90	-1	1	0.7369	-1.0000
73	1035	1	1776.2404	10	2	0	1	1	0.7372	0.7384
73	1036	1	1777.7904	13	4	0	1	1	0.7375	0.8515
73	1037	1	1779.3404	10	2	0	1	1	0.7377	0.6624
73	1038	1	1780.8904	11	9	0	1	1	0.7380	0.6645
73	1039	1	1782.4404	13	4	0	1	1	0.7382	0.6976
73	1040	1	1783.9904	12	5	0	1	1	0.7385	0.7005
73	1041	1	1785.5404	10	2	0	1	1	0.7387	0.6856
73	1042	1	1787.0903	11	9	0	1	1	0.7390	0.6877
73	1043	1	1788.6403	9	1	0	1	1	0.7392	0.7548
73	1044	1	1790.1903	8	3	0	1	1	0.7395	0.6445
73	1045	1	1791.7403	6	14	0	1	1	0.7397	0.7905
73	1046	1	1793.2903	5	13	0	1	1	0.7400	0.8880
73	1047	1	1794.8403	8	3	0	1	1	0.7402	1.0022
73	1048	1	1796.3903	9	1	90	-1	1	0.7395	-1.0000
73	1049	1	1798.1236	10	2	0	1	1	0.7398	0.8388
73	1050	1	1799.6736	9	1	90	0	1	0.7390	1.0653
73	1051	1	1801.2236	8	3	0	1	1	0.7393	0.6352
73	1052	1	1802.7736	7	8	0	1	1	0.7395	0.6372
73	1053	1	1804.3236	5	13	90	-1	1	0.7388	-1.0000
73	1054	1	1806.0736	4	11	0	1	1	0.7391	0.7447
73	1055	1	1807.6236	5	13	0	1	1	0.7393	0.7311
73	1056	1	1809.1736	4	11	0	1	1	0.7396	0.7007
73	1057	1	1810.7235	7	8	0	1	1	0.7398	0.6224
73	1058	1	1812.2735	8	3	0	1	1	0.7401	0.6573
73	1059	1	1813.8236	6	14	90	-1	1	0.7394	-1.0000
73	1060	1	1815.5402	5	13	0	1	1	0.7396	1.0063
73	1061	1	1817.0902	6	14	90	-1	1	0.7389	-1.0000
73	1062	1	1818.8235	8	3	0	1	1	0.7392	0.6512
73	1063	1	1820.3735	5	13	90	0	1	0.7385	0.7174
73	1064	1	1821.9235	8	3	0	1	1	0.7387	0.7665
73	1065	1	1823.4735	5	13	0	1	1	0.7390	0.6733
73	1066	1	1825.0235	6	14	0	1	1	0.7392	0.7713
73	1067	1	1826.5735	7	8	90	-1	1	0.7385	-1.0000
73	1068	1	1828.2901	6	14	0	1	1	0.7388	1.2966
73	1069	1	1829.8401	4	11	0	1	1	0.7390	0.8818
73	1070	1	1831.3901	5	13	0	1	1	0.7393	1.0764
73	1071	1	1832.9401	4	11	0	1	1	0.7395	0.9187
73	1072	1	1834.4901	3	12	90	0	1	0.7388	0.8882
73	1073	1	1836.0401	15	15	0	1	1	0.7390	0.7788
73	1074	1	1837.5901	3	12	0	1	1	0.7393	0.6999
73	1075	1	1839.1401	2	10	0	1	1	0.7395	0.6868
73	1076	1	1840.6900	1	6	0	1	1	0.7398	0.8967
73	1077	1	1842.2400	14	7	0	1	1	0.7400	0.7229
73	1078	1	1843.7901	15	15	90	0	1	0.7393	0.8202
73	1079	1	1845.3401	3	12	0	1	1	0.7396	0.6147
73	1080	1	1846.8900	2	10	90	-1	1	0.7389	-1.0000
73	1081	1	1848.6234	15	15	0	1	1	0.7391	0.5795
73	1082	1	1850.1733	1	6	0	1	1	0.7394	0.6935
73	1083	1	1851.7233	3	12	0	1	1	0.7396	0.9034
73	1084	1	1853.2733	1	6	90	-1	1	0.7389	-1.0000
73	1085	1	1855.0066	2	10	0	1	1	0.7392	0.6273
73	1086	1	1856.5567	14	7	90	0	1	0.7385	0.6302
73	1087	1	1858.1066	13	4	0	1	1	0.7387	0.8877
73	1088	1	1859.6566	14	7	0	1	1	0.7390	0.6977
73	1089	1	1861.2066	2	10	0	1	1	0.7392	0.6043
73	1090	1	1862.7566	15	15	0	1	1	0.7394	0.6063
73	1091	1	1864.3066	3	12	0	1	1	0.7397	0.6563
73	1092	1	1865.8566	2	10	90	0	1	0.7390	0.6583
73	1093	1	1867.4065	15	15	0	1	1	0.7392	0.4997
73	1094	1	1868.9565	2	10	0	1	1	0.7395	0.6622
73	1095	1	1870.5065	3	12	0	1	1	0.7397	0.6479
73	1096	1	1872.0566	4	11	90	0	1	0.7391	0.7300
73	1097	1	1873.6065	5	13	0	1	1	0.7393	0.7162
73	1098	1	1875.1565	4	11	0	1	1	0.7395	0.6862
73	1099	1	1876.7065	7	8	0	1	1	0.7398	0.6234
73	1100	1	1878.2565	8	3	0	1	1	0.7400	0.6254
73	1101	1	1879.8065	7	8	0	1	1	0.7402	0.5637
73	1102	1	1881.3565	5	13	0	1	1	0.7405	0.6614
73	1103	1	1882.9065	8	3	0	1	1	0.7407	0.6326
73	1104	1	1884.4565	6	14	0	1	1	0.7409	0.7294
73	1105	1	1886.0065	7	8	0	1	1	0.7412	0.6194
73	1106	1	1887.5565	8	3	0	1	1	0.7414	0.6221
73	1107	1	1889.1065	7	8	0	1	1	0.7416	0.5284
73	1108	1	1890.6565	6	14	0	1	1	0.7419	0.6735
73	1109	1	1892.2064	5	13	0	1	1	0.7421	0.6120
73	1110	1	1893.7564	4	11	0	1	1	0.7423	0.7263
73	1111	1	1895.3064	5	13	0	1	1	0.7426	0.5995
73	1112	1	1896.8564	4	11	0	1	1	0.7428	0.5217
73	1113	1	1898.4064	5	13	0	1	1	0.7430	0.4439
73	1114	1	1899.9564	4	11	90	0	1	0.7424	0.5584
73	1115	1	1901.5064	6	14	0	1	1	0.7426	0.8315
73	1116	1	1903.0564	8	3	90	-1	1	0.7419	-1.0000
73	1117	1	1904.7731	9	1	0	1	1	0.7422	0.7168
73	1118	1	1906.3230	12	5	0	1	1	0.7424	0.7828
73	1119	1	1907.8730	9	1	0	1	1	0.7426	0.7373
73	1120	1	1909.4230	8	3	0	1	1	0.7429	0.5317
73	1121	1	1910.9730	6	14	0	1	1	0.7431	0.7097
73	1122	1	1912.5230	4	11	0	1	1	0.7433	0.6158
73	1123	1	1914.0730	3	12	0	1	1	0.7435	0.6972
73	1124	1	1915.6230	1	6	0	1	1	0.7438	0.7318
73	1125	1	1917.1731	15	15	0	1	1	0.7440	0.5888
73	1126	1	1918.7230	2	10	0	1	1	0.7442	0.5760
73	1127	1	1920.2730	1	6	0	1	1	0.7445	0.5939
73	1128	1	1921.8229	14	7	0	1	1	0.7447	0.6118
73	1129	1	1923.3729	15	15	0	1	1	0.7449	0.5819
73	1130	1	1924.9229	3	12	0	1	1	0.7451	0.4870
73	1131	1	1926.4729	1	6	0	1	1	0.7454	0.5698
73	1132	1	1928.0229	3	12	0	1	1	0.7456	0.5232
73	1133	1	1929.5729	15	15	0	1	1	0.7458	0.4618
73	1134	1	1931.1229	1	6	90	0	1	0.7451	0.5910
73	1135	1	1932.6729	3	12	0	1	1	0.7454	0.6099
73	1136	1	1934.2229	15	15	0	1	1	0.7456	0.5470
73	1137	1	1935.7729	3	12	0	1	1	0.7458	0.5013
73	1138	1	1937.3229	15	15	90	-1	1	0.7452	-1.0000
73	1139	1	1939.0562	14	7	0	1	1	0.7454	0.8665
73	1140	1	1940.6062	15	15	90	-1	1	0.7447	-1.0000
73	1141	1	1942.3395	1	6	0	1	1	0.7450	0.7995
73	1142	1	1943.8895	14	7	0	1	1	0.7452	0.8007
73	1143	1	1945.4395	15	15	0	1	1	0.7454	0.8671
73	1144	1	1946.9895	2	10	0	1	1	0.7456	0.7569
73	1145	1	1948.5395	1	6	0	1	1	0.7459	0.7113
73	1146	1	1950.0894	2	10	0	1	1	0.7461	0.6644
73	1147	1	1951.6394	15	15	0	1	1	0.7463	0.5710
73	1148	1	1953.1894	2	10	90	-1	1	0.7456	-1.0000
73	1149	1	1954.9228	1	6	0	1	1	0.7459	0.5353
73	1150	1	1956.4728	3	12	0	1	1	0.7461	0.6500
73	1151	1	1958.0227	4	11	0	1	1	0.7463	0.7158
73	1152	1	1959.5727	5	13	0	1	1	0.7465	0.7971
73	1153	1	1961.1227	7	8	0	1	1	0.7467	0.6072
73	1154	1	1962.6727	4	11	0	1	1	0.7470	0.6738
73	1155	1	1964.2227	5	13	0	1	1	0.7472	0.5631
73	1156	1	1965.7727	4	11	0	1	1	0.7474	0.5336
73	1157	1	1967.3227	3	12	0	1	1	0.7476	0.6315
73	1158	1	1968.8727	1	6	0	1	1	0.7478	0.7461
73	1159	1	1970.4227	14	7	90	-1	1	0.7472	-1.0000
73	1160	1	1972.1561	2	10	0	1	1	0.7474	0.6468
73	1161	1	1973.7060	1	6	0	1	1	0.7476	0.6488
73	1162	1	1975.2560	2	10	0	1	1	0.7478	0.6022
73	1163	1	1976.8060	3	12	0	1	1	0.7481	0.6045
73	1164	1	1978.3560	2	10	0	1	1	0.7483	0.6063
73	1165	1	1979.9060	15	15	0	1	1	0.7485	0.6723
73	1166	1	1981.4560	3	12	0	1	1	0.7487	0.7068
73	1167	1	1983.0059	15	15	0	1	1	0.7489	0.6279
73	1168	1	1984.5560	1	6	0	1	1	0.7491	0.6947
73	1169	1	1986.1059	15	15	90	0	1	0.7485	0.6808
73	1170	1	1987.6560	1	6	90	-1	1	0.7479	-1.0000
73	1171	1	1989.3893	2	10	90	0	1	0.7472	1.1894
73	1172	1	1990.9392	1	6	0	1	1	0.7474	1.3346
73	1173	1	1992.4892	15	15	0	1	1	0.7477	0.7126
73	1174	1	1994.0392	3	12	0	1	1	0.7479	0.6508
73	1175	1	1995.5892	1	6	0	1	1	0.7481	0.6534
73	1176	1	1997.1392	2	10	0	1	1	0.7483	0.6866
73	1177	1	1998.6892	14	7	0	-1	1	0.7477	-1.0000
73	1178	1	2000.4225	13	4	0	1	1	0.7479	1.0842
73	1179	1	2001.9725	14	7	0	1	1	0.7481	0.8771
73	1180	1	2003.5225	13	4	0	1	1	0.7483	0.7193
73	1181	1	2005.0725	11	9	0	1	1	0.7485	0.7381
73	1182	1	2006.6225	10	2	0	1	1	0.7487	0.6443
73	1183	1	2008.1725	11	9	0	1	1	0.7489	0.5814
73	1184	1	2009.7225	10	2	90	-1	1	0.7483	-1.0000
73	1185	1	2011.4391	9	1	0	1	1	0.7485	0.6427
73	1186	1	2012.9891	10	2	0	1	1	0.7487	0.9167
73	1187	1	2014.5391	13	4	0	1	1	0.7489	0.6157
73	1188	1	2016.0891	10	2	0	1	1	0.7492	0.5376
73	1189	1	2017.6391	12	5	0	1	1	0.7494	0.6990
73	1190	1	2019.1891	10	2	0	1	1	0.7496	0.6847
73	1191	1	2020.7391	13	4	0	1	1	0.7498	0.6398
73	1192	1	2022.2891	10	2	0	1	1	0.7500	0.5128
73	1193	1	2023.8390	9	1	90	0	1	0.7494	0.4503
73	1194	1	2025.3891	12	5	0	1	1	0.7496	0.5174
73	1195	1	2026.9390	9	1	0	1	1	0.7498	0.6787
73	1196	1	2028.4890	11	9	0	1	1	0.7500	0.4888
73	1197	1	2030.0390	13	4	0	1	1	0.7502	0.5396
73	1198	1	2031.5890	12	5	0	1	1	0.7504	0.5736
73	1199	1	2033.1390	10	2	0	1	1	0.7506	0.5274
73	1200	1	2034.6890	12	5	0	1	1	0.7508	0.5768
73	1201	1	2036.2390	13	4	90	-1	1	0.7502	-1.0000
73	1202	1	2037.9557	12	5	90	-1	1	0.7496	-1.0000
73	1203	1	2039.6723	13	4	0	1	1	0.7498	0.7615
73	1204	1	2041.2223	10	2	0	1	1	0.7500	0.7804
73	1205	1	2042.7723	11	9	0	1	1	0.7502	0.6382
73	1206	1	2044.3223	10	2	0	1	1	0.7504	0.5284
73	1207	1	2045.8723	13	4	90	-1	1	0.7498	-1.0000
73	1208	1	2047.6056	12	5	0	1	1	0.7500	0.6046
73	1209	1	2049.1556	13	4	0	1	1	0.7502	0.7030
73	1210	1	2050.7055	11	9	0	1	1	0.7504	0.5611
73	1211	1	2052.2556	10	2	0	1	1	0.7506	0.7702
73	1212	1	2053.8056	13	4	0	1	1	0.7508	0.5652
73	1213	1	2055.3556	14	7	0	1	1	0.7510	0.6631
73	1214	1	2056.9056	1	6	0	1	1	0.7512	0.7451
73	1215	1	2058.4555	14	7	0	1	1	0.7514	0.5708
73	1216	1	2060.0055	13	4	0	1	1	0.7516	0.5892
73	1217	1	2061.5555	14	7	0	1	1	0.7518	0.7030
73	1218	1	2063.1055	13	4	90	-1	1	0.7512	-1.0000
73	1219	1	2064.8388	11	9	0	1	1	0.7514	0.6189
73	1220	1	2066.3888	13	4	90	-1	1	0.7508	-1.0000
73	1221	1	2068.1222	11	9	0	1	1	0.7510	0.5842
73	1222	1	2069.6721	12	5	0	1	1	0.7512	0.5865
73	1223	1	2071.2221	13	4	90	-1	1	0.7506	-1.0000
73	1224	1	2072.9555	14	7	90	-1	1	0.7500	-1.0000
73	1225	1	2074.6888	2	10	0	1	1	0.7502	0.8650
73	1226	1	2076.2388	15	15	0	1	1	0.7504	0.9630
73	1227	1	2077.7888	1	6	90	-1	1	0.7498	-1.0000
73	1228	1	2079.5054	2	10	0	1	1	0.7500	0.6092
73	1229	1	2081.0554	3	12	90	-1	1	0.7494	-1.0000
73	1230	1	2082.7721	15	15	0	1	1	0.7496	0.7344
73	1231	1	2084.3221	3	12	0	1	1	0.7498	0.7037
73	1232	1	2085.8720	2	10	90	-1	1	0.7492	-1.0000
73	1233	1	2087.6220	3	12	0	1	1	0.7494	0.6842
73	1234	1	2089.1721	15	15	0	1	1	0.7496	0.6546
73	1235	1	2090.7220	1	6	0	1	1	0.7498	0.7207
73	1236	1	2092.2720	2	10	0	1	1	0.7500	0.6262
73	1237	1	2093.8220	15	15	90	-1	1	0.7494	-1.0000
73	1238	1	2095.5554	2	10	90	-1	1	0.7488	-1.0000
73	1239	1	2097.2720	1	6	0	1	1	0.7490	0.6658
73	1240	1	2098.8220	14	7	90	-1	1	0.7484	-1.0000
73	1241	1	2100.5553	1	6	0	1	1	0.7486	0.7113
73	1242	1	2102.1053	2	10	90	-1	1	0.7480	-1.0000
73	1243	1	2103.8386	1	6	0	1	1	0.7482	0.7071
73	1244	1	2105.3886	14	7	0	1	1	0.7484	0.9179
73	1245	1	2106.9386	1	6	0	1	1	0.7486	0.7280
73	1246	1	2108.4886	14	7	90	-1	1	0.7480	-1.0000
73	1247	1	2110.2052	2	10	0	1	1	0.7482	0.7890
73	1248	1	2111.7552	1	6	0	1	1	0.7484	0.7109
73	1249	1	2113.3052	2	10	90	-1	1	0.7478	-1.0000
73	1250	1	2115.0219	14	7	0	1	1	0.7480	0.7568
73	1251	1	2116.5719	1	6	0	1	1	0.7482	1.1578
73	1252	1	2118.1219	2	10	0	1	1	0.7484	0.8087
73	1253	1	2119.6719	1	6	0	1	1	0.7486	0.7459
73	1254	1	2121.2219	2	10	90	-1	1	0.7480	-1.0000
73	1255	1	2122.9552	3	12	90	-1	1	0.7474	-1.0000
73	1256	1	2124.6885	15	15	0	1	1	0.7476	0.8972
73	1257	1	2126.2385	1	6	0	1	1	0.7478	0.6756
73	1258	1	2127.7885	15	15	0	1	1	0.7480	0.7260
73	1259	1	2129.3385	1	6	0	1	1	0.7482	0.7121
73	1260	1	2130.8885	3	12	0	1	1	0.7484	0.7780
73	1261	1	2132.4384	2	10	90	-1	1	0.7478	-1.0000
73	1262	1	2134.1718	3	12	0	1	1	0.7480	0.7260
73	1263	1	2135.7218	4	11	0	1	1	0.7482	0.6808
73	1264	1	2137.2718	7	8	0	1	1	0.7484	0.6830
73	1265	1	2138.8217	4	11	0	1	1	0.7486	0.6849
73	1266	1	2140.3717	3	12	0	1	1	0.7488	0.6388
73	1267	1	2141.9217	1	6	90	-1	1	0.7482	-1.0000
73	1268	1	2143.6384	2	10	90	0	1	0.7476	0.6042
73	1269	1	2145.1884	15	15	90	-1	1	0.7470	-1.0000
73	1270	1	2146.9217	1	6	0	1	1	0.7472	0.6960
73	1271	1	2148.4717	3	12	90	-1	1	0.7467	-1.0000
73	1272	1	2150.2217	2	10	0	1	1	0.7469	1.1089
73	1273	1	2151.7717	1	6	0	1	1	0.7471	0.7104
73	1274	1	2153.3217	2	10	0	1	1	0.7473	0.8249
73	1275	1	2154.8717	1	6	0	1	1	0.7475	0.6509
73	1276	1	2156.4216	15	15	90	-1	1	0.7469	-1.0000
73	1277	1	2158.1550	1	6	0	1	1	0.7471	0.6316
73	1278	1	2159.7050	3	12	90	0	1	0.7465	0.8407
73	1279	1	2161.2550	15	15	0	1	1	0.7467	1.1311
73	1280	1	2162.8049	3	12	0	1	1	0.7469	0.9891
73	1281	1	2164.3549	15	15	0	1	1	0.7471	0.7518
73	1282	1	2165.9049	1	6	0	1	1	0.7473	0.8488
73	1283	1	2167.4549	3	12	0	1	1	0.7475	0.8993
73	1284	1	2169.0049	4	11	0	1	1	0.7477	0.7894
73	1285	1	2170.5549	3	12	0	1	1	0.7479	0.6317
73	1286	1	2172.1049	2	10	0	1	1	0.7481	0.8408
73	1287	1	2173.6549	3	12	0	1	1	0.7483	0.5877
73	1288	1	2175.2049	2	10	0	1	1	0.7484	0.5897
73	1289	1	2176.7549	15	15	90	-1	1	0.7479	-1.0000
73	1290	1	2178.5049	3	12	0	1	1	0.7481	0.7288
73	1291	1	2180.0548	1	6	90	-1	1	0.7475	-1.0000
73	1292	1	2181.7882	2	10	0	1	1	0.7477	0.8215
73	1293	1	2183.3382	3	12	0	1	1	0.7479	0.6959
73	1294	1	2184.8882	1	6	0	-1	1	0.7473	-1.0000
73	1295	1	2186.6048	3	12	0	-1	0	0.7467	-1.0000
73	1296	1	2188.3715	1	6	0	1	1	0.7469	1.1986
73	1297	1	2189.9215	2	10	0	1	1	0.7471	1.1211
73	1298	1	2191.4715	15	15	90	-1	1	0.7465	-1.0000
73	1299	1	2193.2048	14	7	90	-1	1	0.7460	-1.0000
73	1300	1	2194.9381	2	10	0	1	1	0.7462	0.6965
73	1301	1	2196.4881	14	7	0	1	1	0.7463	0.6344
73	1302	1	2198.0381	1	6	0	1	1	0.7465	0.7005
73	1303	1	2199.5881	3	12	90	-1	1	0.7460	-1.0000
73	1304	1	2201.3214	15	15	0	1	1	0.7462	0.6963
73	1305	1	2202.8714	1	6	0	1	1	0.7464	0.6347
73	1306	1	2204.4214	15	15	90	-1	1	0.7458	-1.0000
73	1307	1	2206.1714	14	7	0	1	1	0.7460	0.6143
73	1308	1	2207.7214	15	15	90	-1	1	0.7454	-1.0000
73	1309	1	2209.4547	1	6	0	1	1	0.7456	0.7390
73	1310	1	2211.0047	2	10	0	1	1	0.7458	0.7730
73	1311	1	2212.5547	15	15	0	1	1	0.7460	0.7919
73	1312	1	2214.1047	14	7	0	1	1	0.7462	0.6970
73	1313	1	2215.6547	1	6	90	-1	1	0.7456	-1.0000
73	1314	1	2217.3880	2	10	0	1	1	0.7458	0.7586
73	1315	1	2218.9380	14	7	90	-1	1	0.7452	-1.0000
73	1316	1	2220.6713	15	15	0	1	1	0.7454	0.6427
73	1317	1	2222.2213	14	7	0	1	1	0.7456	0.7093
73	1318	1	2223.7713	15	15	0	1	1	0.7458	0.9503
73	1319	1	2225.3213	1	6	0	1	1	0.7460	0.8730
73	1320	1	2226.8713	2	10	90	0	1	0.7455	1.3864
73	1321	1	2228.4879	1	6	0	1	1	0.7456	1.0827
73	1322	1	2230.0379	2	10	0	-1	1	0.7451	-1.0000
73	1323	1	2231.7713	3	12	0	1	1	0.7453	0.1504
73	1324	1	2233.3213	15	15	0	1	1	0.7455	0.6652
73	1325	1	2234.8712	14	7	0	1	1	0.7457	0.9554
73	1326	1	2236.4212	2	10	0	1	1	0.7459	0.6688
73	1327	1	2237.9712	1	6	0	1	1	0.7460	0.7989
73	1328	1	2239.5212	3	12	0	1	1	0.7462	0.6885
73	1329	1	2241.0712	2	10	0	1	1	0.7464	0.7549
73	1330	1	2242.6212	15	15	0	1	1	0.7466	0.7414
73	1331	1	2244.1712	2	10	90	-1	1	0.7461	-1.0000
73	1332	1	2245.9045	3	12	0	1	1	0.7462	0.6896
73	1333	1	2247.4545	4	11	0	1	1	0.7464	0.7876
73	1334	1	2249.0045	3	12	0	1	1	0.7466	0.6141
73	1335	1	2250.5545	1	6	0	1	1	0.7468	0.5521
73	1336	1	2252.1045	3	12	0	1	1	0.7470	1.2101
73	1337	1	2253.6545	1	6	0	1	1	0.7472	0.8277
73	1338	1	2255.2044	3	12	90	-1	1	0.7466	-1.0000
73	1339	1	2256.9378	2	10	0	1	1	0.7468	0.9528
73	1340	1	2258.4878	1	6	0	1	1	0.7470	0.5866
73	1341	1	2260.0377	14	7	0	1	1	0.7472	0.7159
73	1342	1	2261.5878	13	4	0	1	1	0.7474	0.6227
73	1343	1	2263.1377	10	2	0	1	1	0.7476	0.5927
73	1344	1	2264.6877	13	4	0	1	1	0.7478	0.5788
73	1345	1	2266.2377	14	7	0	1	1	0.7480	0.5964
73	1346	1	2267.7877	1	6	0	1	1	0.7481	0.6787
73	1347	1	2269.3377	15	15	0	1	1	0.7483	0.6799
73	1348	1	2270.8877	1	6	90	-1	1	0.7478	-1.0000
73	1349	1	2272.6210	3	12	90	-1	1	0.7472	-1.0000
73	1350	1	2274.3543	2	10	90	-1	1	0.7467	-1.0000
73	1351	1	2276.0710	1	6	0	1	1	0.7469	0.9871
73	1352	1	2277.6210	2	10	90	-1	1	0.7463	-1.0000
73	1353	1	2279.3543	1	6	0	1	1	0.7465	0.9351
73	1354	1	2280.9043	15	15	0	1	1	0.7467	1.1933
73	1355	1	2282.4543	3	12	0	1	1	0.7469	0.9393
73	1356	1	2284.0043	4	11	90	-1	1	0.7463	-1.0000
73	1357	1	2285.7376	6	14	0	1	1	0.7465	0.8723
73	1358	1	2287.2876	7	8	0	1	1	0.7467	0.8903
73	1359	1	2288.8376	8	3	0	1	1	0.7469	0.7160
73	1360	1	2290.3876	7	8	90	-1	1	0.7463	-1.0000
73	1361	1	2292.1209	5	13	0	1	1	0.7465	0.7132
73	1362	1	2293.6709	8	3	0	1	1	0.7467	0.7317
73	1363	1	2295.2209	5	13	0	1	1	0.7469	0.9092
73	1364	1	2296.7709	8	3	0	1	1	0.7471	0.7196
73	1365	1	2298.3209	6	14	0	1	1	0.7473	0.7536
73	1366	1	2299.8709	7	8	0	1	1	0.7474	1.2036
73	1367	1	2301.4208	4	11	0	1	1	0.7476	1.0608
73	1368	1	2302.9709	6	14	0	-1	0	0.7471	-1.0000
73	1369	1	2304.7208	8	3	0	-1	0	0.7465	-1.0000
73	1370	1	2306.4875	7	8	0	-1	0	0.7460	-1.0000
73	1371	1	2308.2208	4	11	0	1	1	0.7462	0.9488
73	1372	1	2309.7708	7	8	0	1	1	0.7464	0.7117
73	1373	1	2311.3208	4	11	0	1	1	0.7465	0.6488
73	1374	1	2312.8708	5	13	0	1	1	0.7467	0.7468
73	1375	1	2314.4208	4	11	0	1	1	0.7469	0.6216
73	1376	1	2315.9708	7	8	90	-1	1	0.7464	-1.0000
73	1377	1	2317.7041	5	13	0	1	1	0.7466	0.9055
73	1378	1	2319.2541	7	8	0	1	1	0.7467	0.9715
73	1379	1	2320.8041	6	14	0	1	1	0.7469	1.3260
73	1380	1	2322.3708	7	8	0	1	1	0.7471	1.1508
73	1381	1	2323.9207	5	13	0	1	1	0.7473	0.7692
73	1382	1	2325.4707	6	14	0	1	1	0.7475	0.6431
73	1383	1	2327.0207	7	8	90	-1	1	0.7469	-1.0000
73	1384	1	2328.7541	8	3	0	1	1	0.7471	0.7196
73	1385	1	2330.3040	7	8	90	-1	1	0.7466	-1.0000
73	1386	1	2332.0207	4	11	0	1	1	0.7468	0.7173
73	1387	1	2333.5707	5	13	90	-1	1	0.7462	-1.0000
73	1388	1	2335.3040	8	3	0	1	1	0.7464	0.5856
73	1389	1	2336.8540	5	13	0	1	1	0.7466	0.6521
73	1390	1	2338.4040	7	8	90	-1	1	0.7460	-1.0000
73	1391	1	2340.1373	8	3	90	0	1	0.7455	0.8411
73	1392	1	2341.6873	6	14	0	1	1	0.7457	1.0828
73	1393	1	2343.2373	5	13	0	1	1	0.7459	0.7963
73	1394	1	2344.7873	4	11	0	1	1	0.7461	0.6388
73	1395	1	2346.3373	7	8	0	1	1	0.7462	0.6893
73	1396	1	2347.8873	6	14	90	0	1	0.7457	0.7543
73	1397	1	2349.4372	4	11	0	1	1	0.7459	0.6444
73	1398	1	2350.9873	6	14	0	1	1	0.7461	0.6471
73	1399	1	2352.5372	8	3	0	1	1	0.7462	0.6803
73	1400	1	2354.0872	5	13	0	1	1	0.7464	0.7148
73	1	2	1.0167	5	13	0	-1	0	NaN	-1.0000
73	2	2	2.5500	4	11	0	-1	0	NaN	-1.0000
73	3	2	4.0833	6	14	0	-1	0	NaN	-1.0000
73	4	2	5.6166	7	8	0	-1	0	NaN	-1.0000
73	5	2	7.1499	4	11	0	-1	0	NaN	-1.0000
73	6	2	8.6833	3	12	0	-1	0	NaN	-1.0000
73	7	2	10.2166	4	11	0	-1	0	NaN	-1.0000
73	8	2	11.7499	3	12	0	-1	0	NaN	-1.0000
73	9	2	13.2833	1	6	0	-1	0	NaN	-1.0000
73	10	2	14.8166	15	15	0	-1	0	NaN	-1.0000
73	11	2	16.3499	3	12	0	-1	0	NaN	-1.0000
73	12	2	17.8832	15	15	0	-1	0	NaN	-1.0000
73	13	2	19.4165	1	6	0	-1	0	NaN	-1.0000
73	14	2	20.9499	2	10	0	-1	0	NaN	-1.0000
73	15	2	22.4832	3	12	0	-1	0	NaN	-1.0000
73	16	2	24.0166	2	10	0	-1	0	NaN	-1.0000
73	17	2	25.5498	1	6	0	-1	0	NaN	-1.0000
73	18	2	27.0831	15	15	0	-1	0	NaN	-1.0000
73	19	2	28.6165	14	7	0	-1	0	NaN	-1.0000
73	20	2	30.1498	13	4	0	-1	0	NaN	-1.0000
73	21	2	31.6831	12	5	0	-1	0	NaN	-1.0000
73	22	2	33.2165	11	9	0	-1	0	NaN	-1.0000
73	23	2	34.7498	10	2	0	-1	0	NaN	-1.0000
73	24	2	36.2831	9	1	0	-1	1	0.0000	1.1242
73	25	2	37.8165	8	3	0	-1	0	0.0000	-1.0000
73	26	2	39.3497	7	8	0	-1	0	0.0000	-1.0000
73	27	2	40.8831	6	14	0	-1	0	0.0000	-1.0000
73	28	2	42.4164	5	13	0	-1	1	0.0000	1.2472
73	29	2	43.9497	4	11	0	-1	0	0.0000	-1.0000
73	30	2	45.4831	3	12	0	-1	0	0.0000	-1.0000
73	31	2	47.0164	15	15	0	-1	1	0.0000	1.0149
73	32	2	48.5497	1	6	0	-1	0	0.0000	-1.0000
73	33	2	50.0830	3	12	0	-1	0	0.0000	-1.0000
73	34	2	51.6164	15	15	0	-1	0	0.0000	-1.0000
73	35	2	53.1497	14	7	0	-1	0	0.0000	-1.0000
73	36	2	54.6830	15	15	0	-1	0	0.0000	-1.0000
73	37	2	56.2163	14	7	0	-1	0	0.0000	-1.0000
73	38	2	57.7496	1	6	0	-1	0	0.0000	-1.0000
73	39	2	59.2830	3	12	0	-1	0	0.0000	-1.0000
73	40	2	60.8163	4	11	0	-1	0	0.0000	-1.0000
73	41	2	62.3496	7	8	0	-1	0	0.0000	-1.0000
73	42	2	63.8829	4	11	0	-1	0	0.0000	-1.0000
73	43	2	65.4164	5	13	0	-1	0	0.0000	-1.0000
73	44	2	66.9496	6	14	0	-1	0	0.0000	-1.0000
73	45	2	68.4829	4	11	0	-1	0	0.0000	-1.0000
73	46	2	70.0162	5	13	0	-1	0	0.0000	-1.0000
73	47	2	71.5496	6	14	0	-1	0	0.0000	-1.0000
73	48	2	73.0829	7	8	0	-1	0	0.0000	-1.0000
73	49	2	74.6162	8	3	0	-1	1	0.0000	0.8549
73	50	2	76.1495	9	1	0	-1	0	0.0000	-1.0000
73	51	2	77.6829	10	2	0	-1	0	0.0000	-1.0000
73	52	2	79.2162	11	9	0	-1	1	0.0000	1.4874
73	53	2	80.7495	12	5	0	-1	1	0.0000	0.0167
73	54	2	82.2828	13	4	0	-1	0	0.0000	-1.0000
73	55	2	83.8162	14	7	0	-1	0	0.0000	-1.0000
73	56	2	85.3495	15	15	0	-1	0	0.0000	-1.0000
73	57	2	86.8828	1	6	0	-1	0	0.0000	-1.0000
73	58	2	88.6829	2	10	0	-1	0	0.0000	-1.0000
73	59	2	90.2161	3	12	0	-1	0	0.0000	-1.0000
73	60	2	91.7495	4	11	0	-1	0	0.0000	-1.0000
73	61	2	93.2828	5	13	0	-1	0	0.0000	-1.0000
73	62	2	94.8161	8	3	0	-1	0	0.0000	-1.0000
73	63	2	96.3494	9	1	0	-1	0	0.0000	-1.0000
73	64	2	97.8828	8	3	0	-1	0	0.0000	-1.0000
73	65	2	99.4161	6	14	0	-1	0	0.0000	-1.0000
73	66	2	100.9494	7	8	0	-1	0	0.0000	-1.0000
73	67	2	102.4828	8	3	0	-1	0	0.0000	-1.0000
73	68	2	104.0161	5	13	0	-1	0	0.0000	-1.0000
73	69	2	105.5494	6	14	0	-1	0	0.0000	-1.0000
73	70	2	107.0827	5	13	0	-1	0	0.0000	-1.0000
73	71	2	108.6160	6	14	0	-1	0	0.0000	-1.0000
73	72	2	110.1494	5	13	0	-1	0	0.0000	-1.0000
73	73	2	111.6827	6	14	0	-1	0	0.0000	-1.0000
73	74	2	113.2160	8	3	0	-1	0	0.0000	-1.0000
73	75	2	114.7493	6	14	0	-1	0	0.0000	-1.0000
73	76	2	116.2827	5	13	0	-1	0	0.0000	-1.0000
73	77	2	117.8160	4	11	0	-1	1	0.0000	1.2876
73	78	2	119.3493	3	12	0	-1	0	0.0000	-1.0000
73	79	2	120.8826	2	10	0	-1	0	0.0000	-1.0000
73	80	2	122.4159	1	6	0	-1	0	0.0000	-1.0000
73	81	2	123.9493	15	15	0	-1	0	0.0000	-1.0000
73	82	2	125.4826	14	7	0	-1	0	0.0000	-1.0000
73	83	2	127.0159	13	4	0	-1	0	0.0000	-1.0000
73	84	2	128.5493	12	5	0	-1	0	0.0000	-1.0000
73	85	2	130.0825	11	9	0	-1	0	0.0000	-1.0000
73	86	2	131.6159	10	2	0	-1	0	0.0000	-1.0000
73	87	2	133.1492	9	1	0	-1	0	0.0000	-1.0000
73	88	2	134.6826	8	3	0	-1	0	0.0000	-1.0000
73	89	2	136.2159	7	8	0	-1	0	0.0000	-1.0000
73	90	2	137.7492	6	14	0	-1	0	0.0000	-1.0000
73	91	2	139.2825	5	13	0	-1	0	0.0000	-1.0000
73	92	2	140.8159	8	3	0	-1	0	0.0000	-1.0000
73	93	2	142.3492	9	1	0	-1	1	0.1250	1.2180
73	94	2	143.8825	12	5	0	-1	0	0.1250	-1.0000
73	95	2	145.4158	13	4	0	-1	0	0.1250	-1.0000
73	96	2	146.9492	12	5	0	-1	0	0.1250	-1.0000
73	97	2	148.4825	10	2	0	-1	0	0.1250	-1.0000
73	98	2	150.0158	13	4	0	-1	0	0.1250	-1.0000
73	99	2	151.5491	11	9	0	-1	0	0.1250	-1.0000
73	100	2	153.0824	12	5	0	-1	0	0.1250	-1.0000
73	101	2	154.6158	11	9	0	-1	0	0.1250	-1.0000
73	102	2	156.1491	13	4	0	-1	0	0.1250	-1.0000
73	103	2	157.6824	14	7	0	-1	0	0.1250	-1.0000
73	104	2	159.2158	2	10	0	-1	0	0.1250	-1.0000
73	105	2	160.7491	1	6	0	-1	0	0.1250	-1.0000
73	106	2	162.2824	2	10	0	-1	1	0.1111	0.2446
73	107	2	163.8157	3	12	0	-1	0	0.1111	-1.0000
73	108	2	165.3490	4	11	0	-1	1	0.2000	1.1781
73	109	2	166.8824	5	13	0	-1	0	0.2000	-1.0000
73	110	2	168.4157	6	14	0	-1	0	0.2000	-1.0000
73	111	2	169.9490	7	8	0	-1	0	0.2000	-1.0000
73	112	2	171.4823	8	3	0	-1	0	0.2000	-1.0000
73	113	2	173.0157	9	1	0	-1	0	0.2000	-1.0000
73	114	2	174.5490	10	2	0	-1	0	0.2000	-1.0000
73	115	2	176.0823	11	9	0	-1	0	0.2000	-1.0000
73	116	2	177.6157	12	5	0	-1	0	0.2000	-1.0000
73	117	2	179.1490	13	4	0	-1	0	0.2000	-1.0000
73	118	2	180.6823	14	7	0	-1	0	0.2000	-1.0000
73	119	2	182.2156	15	15	0	-1	0	0.2000	-1.0000
73	120	2	183.7490	1	6	0	-1	0	0.2000	-1.0000
73	121	2	185.2823	15	15	0	-1	0	0.2000	-1.0000
73	122	2	186.8156	1	6	0	-1	1	0.1818	0.9600
73	123	2	188.3489	14	7	0	-1	0	0.1818	-1.0000
73	124	2	189.8823	13	4	0	-1	0	0.1818	-1.0000
73	125	2	191.4156	11	9	0	-1	0	0.1818	-1.0000
73	126	2	192.9489	9	1	0	-1	0	0.1818	-1.0000
73	127	2	194.4822	8	3	0	-1	0	0.1818	-1.0000
73	128	2	196.0156	7	8	0	-1	0	0.1818	-1.0000
73	129	2	197.5489	4	11	0	-1	0	0.1818	-1.0000
73	130	2	199.0822	7	8	0	-1	0	0.1818	-1.0000
73	131	2	200.6155	8	3	0	-1	0	0.1818	-1.0000
73	132	2	202.1488	6	14	0	-1	0	0.1818	-1.0000
73	133	2	203.6822	7	8	0	-1	1	0.1667	1.1653
73	134	2	205.2155	4	11	0	-1	1	0.1538	1.0240
73	135	2	206.7488	7	8	0	-1	0	0.1538	-1.0000
73	136	2	208.2822	6	14	0	-1	0	0.1538	-1.0000
73	137	2	209.8155	5	13	0	-1	0	0.1538	-1.0000
73	138	2	211.3488	4	11	0	-1	0	0.1538	-1.0000
73	139	2	212.8821	3	12	0	-1	0	0.1538	-1.0000
73	140	2	214.4154	2	10	0	-1	1	0.1429	0.7362
73	141	2	215.9488	1	6	0	-1	0	0.1429	-1.0000
73	142	2	217.4821	15	15	0	-1	0	0.1429	-1.0000
73	143	2	219.0154	14	7	0	-1	0	0.1429	-1.0000
73	144	2	220.5488	13	4	0	-1	0	0.1429	-1.0000
73	145	2	222.0821	12	5	0	-1	1	0.1333	1.2295
73	146	2	223.6154	11	9	0	-1	0	0.1333	-1.0000
73	147	2	225.1488	10	2	0	-1	0	0.1333	-1.0000
73	148	2	226.6820	9	1	0	-1	0	0.1333	-1.0000
73	149	2	228.2154	8	3	0	-1	0	0.1333	-1.0000
73	150	2	229.7487	7	8	0	-1	0	0.1333	-1.0000
73	151	2	231.2820	6	14	0	-1	0	0.1333	-1.0000
73	152	2	232.8154	4	11	0	-1	0	0.1333	-1.0000
73	153	2	234.3487	3	12	0	-1	0	0.1333	-1.0000
73	154	2	235.8820	1	6	0	-1	0	0.1333	-1.0000
73	155	2	237.4153	14	7	0	-1	0	0.1333	-1.0000
73	156	2	238.9486	13	4	0	-1	0	0.1333	-1.0000
73	157	2	240.4820	14	7	0	-1	0	0.1333	-1.0000
73	158	2	242.0153	1	6	0	-1	0	0.1333	-1.0000
73	159	2	243.5486	15	15	0	-1	0	0.1333	-1.0000
73	160	2	245.0820	14	7	0	-1	0	0.1333	-1.0000
73	161	2	246.6153	13	4	0	-1	0	0.1333	-1.0000
73	162	2	248.1486	11	9	0	-1	1	0.1250	0.7309
73	163	2	249.6819	9	1	0	-1	0	0.1250	-1.0000
73	164	2	251.2153	11	9	0	-1	0	0.1250	-1.0000
73	165	2	252.7486	9	1	0	-1	0	0.1250	-1.0000
73	166	2	254.2819	8	3	0	-1	0	0.1250	-1.0000
73	167	2	255.8152	7	8	0	-1	0	0.1250	-1.0000
73	168	2	257.3486	6	14	0	-1	0	0.1250	-1.0000
73	169	2	258.8819	5	13	0	-1	0	0.1250	-1.0000
73	170	2	260.4152	4	11	0	-1	0	0.1250	-1.0000
73	171	2	261.9485	3	12	0	-1	0	0.1250	-1.0000
73	172	2	263.4818	2	10	0	-1	0	0.1250	-1.0000
73	173	2	265.0152	1	6	0	-1	1	0.1176	0.9048
73	174	2	266.5485	15	15	0	-1	0	0.1176	-1.0000
73	175	2	268.0819	14	7	0	-1	0	0.1176	-1.0000
73	176	2	269.6152	13	4	0	-1	0	0.1176	-1.0000
73	177	2	271.1485	12	5	0	-1	0	0.1176	-1.0000
73	178	2	272.6818	11	9	0	-1	1	0.1111	0.9653
73	179	2	274.2151	10	2	0	-1	0	0.1111	-1.0000
73	180	2	275.7484	9	1	0	-1	0	0.1111	-1.0000
73	181	2	277.2818	11	9	0	-1	0	0.1111	-1.0000
73	182	2	278.8151	9	1	0	-1	0	0.1111	-1.0000
73	183	2	280.3484	11	9	0	-1	0	0.1111	-1.0000
73	184	2	281.8818	12	5	0	-1	1	0.1053	0.6457
73	185	2	283.4151	13	4	0	-1	0	0.1053	-1.0000
73	186	2	284.9484	10	2	0	-1	0	0.1053	-1.0000
73	187	2	286.4817	12	5	0	-1	0	0.1053	-1.0000
73	188	2	288.0151	10	2	0	-1	0	0.1053	-1.0000
73	189	2	289.5484	11	9	0	-1	1	0.1000	0.7871
73	190	2	291.0817	10	2	0	-1	0	0.1000	-1.0000
73	191	2	292.6150	13	4	0	-1	0	0.1000	-1.0000
73	192	2	294.1484	12	5	0	-1	0	0.1000	-1.0000
73	193	2	295.6817	11	9	0	-1	0	0.1000	-1.0000
73	194	2	297.2150	12	5	0	-1	0	0.1000	-1.0000
73	195	2	298.7483	13	4	0	-1	0	0.1000	-1.0000
73	196	2	300.2817	14	7	0	-1	1	0.1429	0.5816
73	197	2	301.8150	15	15	0	-1	0	0.1429	-1.0000
73	198	2	303.3483	1	6	0	-1	0	0.1429	-1.0000
73	199	2	304.8816	2	10	0	-1	0	0.1429	-1.0000
73	200	2	306.4150	3	12	0	-1	0	0.1429	-1.0000
73	201	2	307.9483	4	11	0	-1	1	0.1818	1.4747
73	202	2	309.4816	5	13	0	-1	1	0.1739	0.0168
73	203	2	311.0149	6	14	0	-1	0	0.1739	-1.0000
73	204	2	312.5483	7	8	0	-1	0	0.1739	-1.0000
73	205	2	314.0816	8	3	0	-1	1	0.1667	0.8139
73	206	2	315.6149	9	1	0	-1	0	0.1667	-1.0000
73	207	2	317.1482	10	2	0	-1	0	0.1667	-1.0000
73	208	2	318.6816	11	9	0	-1	0	0.1667	-1.0000
73	209	2	320.2149	12	5	0	-1	0	0.1667	-1.0000
73	210	2	321.7482	13	4	0	-1	0	0.1667	-1.0000
73	211	2	323.2816	14	7	0	-1	0	0.1667	-1.0000
73	212	2	324.8148	1	6	0	-1	0	0.1667	-1.0000
73	213	2	326.3482	14	7	0	-1	0	0.1667	-1.0000
73	214	2	327.8815	1	6	0	-1	0	0.1667	-1.0000
73	215	2	329.4148	15	15	0	-1	0	0.1667	-1.0000
73	216	2	330.9482	2	10	0	-1	1	0.1600	0.7944
73	217	2	332.4815	15	15	0	-1	0	0.1600	-1.0000
73	218	2	334.0148	14	7	0	-1	0	0.1600	-1.0000
73	219	2	335.5481	2	10	0	-1	0	0.1600	-1.0000
73	220	2	337.0814	3	12	0	-1	1	0.1538	0.7420
73	221	2	338.6148	1	6	0	-1	0	0.1538	-1.0000
73	222	2	340.1481	15	15	0	-1	0	0.1538	-1.0000
73	223	2	341.6814	1	6	0	-1	0	0.1538	-1.0000
73	224	2	343.2147	14	7	0	-1	0	0.1538	-1.0000
73	225	2	344.7481	15	15	0	-1	0	0.1538	-1.0000
73	226	2	346.2814	1	6	0	-1	0	0.1538	-1.0000
73	227	2	347.8147	2	10	0	-1	0	0.1538	-1.0000
73	228	2	349.3480	3	12	0	-1	1	0.1481	0.4590
73	229	2	350.8814	4	11	0	-1	0	0.1481	-1.0000
73	230	2	352.4147	5	13	0	-1	0	0.1481	-1.0000
73	231	2	353.9480	6	14	0	-1	0	0.1481	-1.0000
73	232	2	355.4814	7	8	0	-1	0	0.1481	-1.0000
73	233	2	357.0147	8	3	0	-1	0	0.1481	-1.0000
73	234	2	358.5480	9	1	0	-1	0	0.1481	-1.0000
73	235	2	360.0813	10	2	0	-1	0	0.1481	-1.0000
73	236	2	361.6147	11	9	0	-1	0	0.1481	-1.0000
73	237	2	363.1480	12	5	0	-1	0	0.1481	-1.0000
73	238	2	364.6813	13	4	0	-1	1	0.1429	1.0782
73	239	2	366.2146	14	7	0	-1	0	0.1429	-1.0000
73	240	2	367.7480	15	15	0	-1	0	0.1429	-1.0000
73	241	2	369.2812	2	10	0	-1	0	0.1429	-1.0000
73	242	2	370.8146	1	6	0	-1	0	0.1429	-1.0000
73	243	2	372.3479	14	7	0	-1	0	0.1429	-1.0000
73	244	2	373.8813	1	6	0	-1	1	0.1379	1.1417
73	245	2	375.4146	3	12	0	-1	0	0.1379	-1.0000
73	246	2	376.9480	15	15	0	-1	0	0.1379	-1.0000
73	247	2	378.4812	14	7	0	-1	0	0.1379	-1.0000
73	248	2	380.0146	1	6	0	-1	0	0.1379	-1.0000
73	249	2	381.5479	2	10	0	-1	0	0.1379	-1.0000
73	250	2	383.0812	15	15	0	-1	0	0.1379	-1.0000
73	251	2	384.6145	2	10	0	-1	0	0.1379	-1.0000
73	252	2	386.1479	1	6	0	-1	0	0.1379	-1.0000
73	253	2	387.6812	15	15	0	-1	0	0.1379	-1.0000
73	254	2	389.2145	1	6	0	-1	0	0.1379	-1.0000
73	255	2	390.7478	2	10	0	-1	0	0.1379	-1.0000
73	256	2	392.2812	3	12	0	-1	1	0.1333	1.2702
73	257	2	393.8145	4	11	0	-1	0	0.1333	-1.0000
73	258	2	395.3478	5	13	0	-1	0	0.1333	-1.0000
73	259	2	396.8811	6	14	0	-1	0	0.1333	-1.0000
73	260	2	398.4145	7	8	0	-1	0	0.1333	-1.0000
73	261	2	399.9478	8	3	0	-1	0	0.1333	-1.0000
73	262	2	401.4811	9	1	0	-1	0	0.1333	-1.0000
73	263	2	403.0144	10	2	0	-1	0	0.1333	-1.0000
73	264	2	404.5478	11	9	0	-1	1	0.1290	1.1638
73	265	2	406.0811	12	5	0	-1	0	0.1290	-1.0000
73	266	2	407.6144	13	4	0	-1	0	0.1290	-1.0000
73	267	2	409.1477	14	7	0	-1	0	0.1290	-1.0000
73	268	2	410.6811	15	15	0	-1	0	0.1290	-1.0000
73	269	2	412.2143	1	6	0	-1	0	0.1290	-1.0000
73	270	2	413.7477	2	10	0	-1	0	0.1290	-1.0000
73	271	2	415.2810	14	7	0	-1	0	0.1290	-1.0000
73	272	2	416.8144	15	15	0	-1	0	0.1290	-1.0000
73	273	2	418.3477	1	6	0	-1	1	0.1250	1.0913
73	274	2	419.8810	3	12	0	-1	0	0.1250	-1.0000
73	275	2	421.4143	15	15	0	-1	0	0.1250	-1.0000
73	276	2	422.9477	14	7	0	-1	0	0.1250	-1.0000
73	277	2	424.4810	15	15	0	-1	0	0.1250	-1.0000
73	278	2	426.0143	2	10	0	-1	0	0.1250	-1.0000
73	279	2	427.5476	1	6	0	-1	0	0.1250	-1.0000
73	280	2	429.0810	2	10	0	-1	1	0.1212	0.2625
73	281	2	430.6143	15	15	0	-1	0	0.1212	-1.0000
73	282	2	432.1476	14	7	0	-1	0	0.1212	-1.0000
73	283	2	433.6810	1	6	0	-1	0	0.1212	-1.0000
73	284	2	435.2142	14	7	0	-1	0	0.1212	-1.0000
73	285	2	436.7476	1	6	0	-1	0	0.1212	-1.0000
73	286	2	438.2809	15	15	0	-1	0	0.1212	-1.0000
73	287	2	439.8142	14	7	0	-1	0	0.1212	-1.0000
73	288	2	441.3476	13	4	0	-1	1	0.1471	0.8919
73	289	2	442.8809	12	5	0	-1	1	0.1429	1.1345
73	290	2	444.4142	11	9	0	-1	0	0.1429	-1.0000
73	291	2	445.9475	10	2	0	-1	0	0.1429	-1.0000
73	292	2	447.4809	9	1	0	-1	0	0.1429	-1.0000
73	293	2	449.0142	8	3	0	-1	0	0.1429	-1.0000
73	294	2	450.5475	7	8	0	-1	0	0.1429	-1.0000
73	295	2	452.0808	6	14	0	-1	0	0.1429	-1.0000
73	296	2	453.6142	5	13	0	-1	0	0.1429	-1.0000
73	297	2	455.1475	4	11	0	-1	1	0.1389	0.9639
73	298	2	456.6808	3	12	0	-1	0	0.1389	-1.0000
73	299	2	458.2141	2	10	0	-1	0	0.1389	-1.0000
73	300	2	459.7475	1	6	0	-1	0	0.1389	-1.0000
73	301	2	461.2808	15	15	0	-1	0	0.1389	-1.0000
73	302	2	462.8141	3	12	0	-1	0	0.1389	-1.0000
73	303	2	464.3474	15	15	0	-1	0	0.1389	-1.0000
73	304	2	465.8808	3	12	0	-1	0	0.1389	-1.0000
73	305	2	467.4141	15	15	0	-1	0	0.1389	-1.0000
73	306	2	468.9474	2	10	0	-1	1	0.1351	0.7160
73	307	2	470.4807	1	6	0	-1	0	0.1351	-1.0000
73	308	2	472.0141	14	7	0	-1	0	0.1351	-1.0000
73	309	2	473.5474	1	6	0	-1	0	0.1351	-1.0000
73	310	2	475.0807	2	10	0	-1	0	0.1351	-1.0000
73	311	2	476.6140	3	12	0	-1	0	0.1351	-1.0000
73	312	2	478.1473	15	15	0	-1	0	0.1351	-1.0000
73	313	2	479.6807	14	7	0	-1	0	0.1351	-1.0000
73	314	2	481.2140	1	6	0	-1	0	0.1351	-1.0000
73	315	2	482.7473	3	12	0	-1	0	0.1351	-1.0000
73	316	2	484.2807	2	10	0	-1	0	0.1351	-1.0000
73	317	2	485.8140	1	6	0	-1	0	0.1351	-1.0000
73	318	2	487.3473	15	15	0	-1	0	0.1351	-1.0000
73	319	2	488.8806	14	7	0	-1	0	0.1351	-1.0000
73	320	2	490.4140	13	4	0	-1	0	0.1351	-1.0000
73	321	2	491.9473	12	5	0	-1	1	0.1316	0.0676
73	322	2	493.4806	11	9	0	-1	0	0.1316	-1.0000
73	323	2	495.0139	10	2	0	-1	0	0.1316	-1.0000
73	324	2	496.5473	9	1	0	-1	0	0.1316	-1.0000
73	325	2	498.0806	8	3	0	-1	0	0.1316	-1.0000
73	326	2	499.6139	7	8	0	-1	0	0.1316	-1.0000
73	327	2	501.1472	6	14	0	-1	0	0.1316	-1.0000
73	328	2	502.6806	5	13	0	-1	0	0.1316	-1.0000
73	329	2	504.2139	4	11	0	-1	1	0.1282	1.0819
73	330	2	505.7472	3	12	0	-1	0	0.1282	-1.0000
73	331	2	507.2805	1	6	0	-1	0	0.1282	-1.0000
73	332	2	508.8139	3	12	0	-1	0	0.1282	-1.0000
73	333	2	510.3472	2	10	0	-1	0	0.1282	-1.0000
73	334	2	511.8805	1	6	0	-1	0	0.1282	-1.0000
73	335	2	513.4138	15	15	0	-1	0	0.1282	-1.0000
73	336	2	514.9472	14	7	0	-1	0	0.1282	-1.0000
73	337	2	516.4805	2	10	0	-1	0	0.1282	-1.0000
73	338	2	518.0138	15	15	0	-1	0	0.1282	-1.0000
73	339	2	519.5471	3	12	0	-1	0	0.1282	-1.0000
73	340	2	521.0805	15	15	0	-1	0	0.1282	-1.0000
73	341	2	522.6138	14	7	0	-1	0	0.1282	-1.0000
73	342	2	524.1471	15	15	0	-1	0	0.1282	-1.0000
73	343	2	525.9472	14	7	0	-1	0	0.1282	-1.0000
73	344	2	527.4804	2	10	0	-1	0	0.1282	-1.0000
73	345	2	529.0138	3	12	0	-1	0	0.1282	-1.0000
73	346	2	530.5471	2	10	0	-1	0	0.1282	-1.0000
73	347	2	532.0804	1	6	0	-1	1	0.1250	0.8629
73	348	2	533.6137	15	15	0	-1	0	0.1250	-1.0000
73	349	2	535.1470	14	7	0	-1	0	0.1250	-1.0000
73	350	2	536.6804	13	4	0	-1	0	0.1250	-1.0000
73	351	2	538.2137	12	5	0	-1	0	0.1250	-1.0000
73	352	2	539.7470	11	9	0	-1	0	0.1250	-1.0000
73	353	2	541.2804	10	2	0	-1	1	0.1220	0.3031
73	354	2	542.8137	9	1	0	-1	0	0.1220	-1.0000
73	355	2	544.3470	8	3	0	-1	0	0.1220	-1.0000
73	356	2	545.8803	7	8	0	-1	0	0.1220	-1.0000
73	357	2	547.4136	6	14	0	-1	0	0.1220	-1.0000
73	358	2	548.9470	5	13	0	-1	0	0.1220	-1.0000
73	359	2	550.4803	4	11	0	-1	0	0.1220	-1.0000
73	360	2	552.0136	3	12	0	-1	1	0.1429	1.2011
73	361	2	553.5469	15	15	0	-1	0	0.1429	-1.0000
73	362	2	555.0802	1	6	0	-1	0	0.1429	-1.0000
73	363	2	556.6136	14	7	0	-1	0	0.1429	-1.0000
73	364	2	558.1469	2	10	0	-1	0	0.1429	-1.0000
73	365	2	559.6802	3	12	0	-1	0	0.1429	-1.0000
73	366	2	561.2136	2	10	0	-1	0	0.1429	-1.0000
73	367	2	562.7469	15	15	0	-1	0	0.1429	-1.0000
73	368	2	564.2802	14	7	0	-1	0	0.1429	-1.0000
73	369	2	565.8135	1	6	0	-1	0	0.1429	-1.0000
73	370	2	567.3469	15	15	0	-1	0	0.1429	-1.0000
73	371	2	568.8802	3	12	0	-1	0	0.1429	-1.0000
73	372	2	570.4135	1	6	0	-1	1	0.1395	1.2818
73	373	2	571.9468	3	12	0	-1	0	0.1395	-1.0000
73	374	2	573.4802	4	11	0	-1	1	0.1591	1.1432
73	375	2	575.0135	7	8	0	-1	0	0.1591	-1.0000
73	376	2	576.5468	6	14	0	-1	0	0.1591	-1.0000
73	377	2	578.0801	5	13	0	-1	0	0.1591	-1.0000
73	378	2	579.6135	4	11	0	-1	0	0.1591	-1.0000
73	379	2	581.1468	3	12	0	-1	1	0.1778	0.0167
73	380	2	582.6801	2	10	0	-1	0	0.1778	-1.0000
73	381	2	584.2134	1	6	0	-1	0	0.1778	-1.0000
73	382	2	585.7468	15	15	0	-1	0	0.1778	-1.0000
73	383	2	587.2801	14	7	0	-1	0	0.1778	-1.0000
73	384	2	588.8134	13	4	0	-1	0	0.1778	-1.0000
73	385	2	590.3467	12	5	0	-1	1	0.1739	0.8843
73	386	2	591.8801	11	9	0	-1	0	0.1739	-1.0000
73	387	2	593.4134	10	2	0	-1	0	0.1739	-1.0000
73	388	2	594.9467	9	1	0	-1	0	0.1739	-1.0000
73	389	2	596.4800	8	3	0	-1	0	0.1739	-1.0000
73	390	2	598.0134	7	8	0	-1	0	0.1739	-1.0000
73	391	2	599.5467	4	11	0	-1	0	0.1739	-1.0000
73	392	2	601.0800	5	13	0	-1	0	0.1739	-1.0000
73	393	2	602.6133	6	14	0	-1	0	0.1739	-1.0000
73	394	2	604.1466	4	11	0	-1	0	0.1739	-1.0000
73	395	2	605.6800	7	8	0	-1	0	0.1739	-1.0000
73	396	2	607.2133	8	3	0	-1	1	0.1702	0.8334
73	397	2	608.7466	9	1	0	-1	0	0.1702	-1.0000
73	398	2	610.2800	10	2	0	-1	0	0.1702	-1.0000
73	399	2	611.8133	12	5	0	-1	1	0.1667	1.3374
73	400	2	613.3467	11	9	0	-1	0	0.1667	-1.0000
73	401	2	614.8799	10	2	0	-1	0	0.1667	-1.0000
73	402	2	616.4133	13	4	0	-1	0	0.1667	-1.0000
73	403	2	617.9466	10	2	0	-1	0	0.1667	-1.0000
73	404	2	619.4799	13	4	0	-1	0	0.1667	-1.0000
73	405	2	621.0132	12	5	0	-1	0	0.1667	-1.0000
73	406	2	622.5466	11	9	0	-1	0	0.1667	-1.0000
73	407	2	624.0799	10	2	0	-1	0	0.1667	-1.0000
73	408	2	625.6132	9	1	0	-1	0	0.1667	-1.0000
73	409	2	627.1465	8	3	0	-1	0	0.1667	-1.0000
73	410	2	628.6799	7	8	0	-1	0	0.1667	-1.0000
73	411	2	630.2132	6	14	0	-1	0	0.1667	-1.0000
73	412	2	631.7465	5	13	0	-1	0	0.1667	-1.0000
73	413	2	633.2798	4	11	0	-1	0	0.1667	-1.0000
73	414	2	634.8132	3	12	0	-1	1	0.1837	0.1292
73	415	2	636.3465	2	10	0	-1	0	0.1837	-1.0000
73	416	2	637.8798	1	6	0	-1	0	0.1837	-1.0000
73	417	2	639.4131	15	15	0	-1	0	0.1837	-1.0000
73	418	2	640.9465	14	7	0	-1	0	0.1837	-1.0000
73	419	2	642.4798	13	4	0	-1	0	0.1837	-1.0000
73	420	2	644.0131	12	5	0	-1	0	0.1837	-1.0000
73	421	2	645.5464	10	2	0	-1	0	0.1837	-1.0000
73	422	2	647.0798	9	1	0	-1	0	0.1837	-1.0000
73	423	2	648.6131	12	5	0	-1	0	0.1837	-1.0000
73	424	2	650.1465	13	4	0	-1	0	0.1837	-1.0000
73	425	2	651.6797	14	7	0	-1	0	0.1837	-1.0000
73	426	2	653.2131	2	10	0	-1	0	0.1837	-1.0000
73	427	2	654.7464	3	12	0	-1	0	0.1837	-1.0000
73	428	2	656.2797	4	11	0	-1	0	0.1837	-1.0000
73	429	2	657.8130	5	13	0	-1	0	0.1837	-1.0000
73	430	2	659.3464	4	11	0	-1	0	0.1837	-1.0000
73	431	2	660.8797	5	13	0	-1	0	0.1837	-1.0000
73	432	2	662.4130	4	11	0	-1	0	0.1837	-1.0000
73	433	2	663.9463	7	8	0	-1	0	0.1837	-1.0000
73	434	2	665.4797	8	3	0	-1	0	0.1837	-1.0000
73	435	2	667.0130	6	14	0	-1	0	0.1837	-1.0000
73	436	2	668.5464	7	8	0	-1	0	0.1837	-1.0000
73	437	2	670.0797	8	3	0	-1	0	0.1837	-1.0000
73	438	2	671.6130	9	1	0	-1	0	0.1837	-1.0000
73	439	2	673.1463	10	2	0	-1	0	0.1837	-1.0000
73	440	2	674.6796	11	9	0	-1	0	0.1837	-1.0000
73	441	2	676.2129	12	5	0	-1	1	0.1800	1.0664
73	442	2	677.7463	13	4	0	-1	0	0.1800	-1.0000
73	443	2	679.2796	14	7	0	-1	0	0.1800	-1.0000
73	444	2	680.8129	15	15	0	-1	0	0.1800	-1.0000
73	445	2	682.3463	1	6	0	-1	0	0.1800	-1.0000
73	446	2	683.8796	2	10	0	-1	0	0.1800	-1.0000
73	447	2	685.4129	3	12	0	-1	1	0.1765	1.2424
73	448	2	686.9462	4	11	0	-1	0	0.1765	-1.0000
73	449	2	688.4795	5	13	0	-1	0	0.1765	-1.0000
73	450	2	690.0129	6	14	0	-1	0	0.1765	-1.0000
73	451	2	691.5462	5	13	0	-1	0	0.1765	-1.0000
73	452	2	693.0795	7	8	0	-1	0	0.1765	-1.0000
73	453	2	694.6128	8	3	0	-1	0	0.1765	-1.0000
73	454	2	696.1462	5	13	0	-1	0	0.1765	-1.0000
73	455	2	697.6794	6	14	0	-1	0	0.1765	-1.0000
73	456	2	699.2128	7	8	0	-1	0	0.1765	-1.0000
73	457	2	700.7461	8	3	0	-1	0	0.1765	-1.0000
73	458	2	702.2795	7	8	0	-1	0	0.1765	-1.0000
73	459	2	703.8128	6	14	0	-1	0	0.1765	-1.0000
73	460	2	705.3461	7	8	0	-1	0	0.1765	-1.0000
73	461	2	706.8794	8	3	0	-1	0	0.1765	-1.0000
73	462	2	708.4128	5	13	0	-1	0	0.1765	-1.0000
73	463	2	709.9461	6	14	0	-1	0	0.1765	-1.0000
73	464	2	711.4794	4	11	0	-1	0	0.1765	-1.0000
73	465	2	713.0127	7	8	0	-1	0	0.1765	-1.0000
73	466	2	714.5461	6	14	0	-1	0	0.1765	-1.0000
73	467	2	716.0794	5	13	0	-1	0	0.1765	-1.0000
73	468	2	717.6127	4	11	0	-1	0	0.1765	-1.0000
73	469	2	719.1460	3	12	0	-1	1	0.1923	0.9967
73	470	2	720.6794	2	10	0	-1	0	0.1923	-1.0000
73	471	2	722.2127	1	6	0	-1	0	0.1923	-1.0000
73	472	2	723.7460	15	15	0	-1	0	0.1923	-1.0000
73	473	2	725.2793	14	7	0	-1	0	0.1923	-1.0000
73	474	2	726.8127	13	4	0	-1	0	0.1923	-1.0000
73	475	2	728.3460	12	5	0	-1	1	0.1887	1.1723
73	476	2	729.8793	11	9	0	-1	0	0.1887	-1.0000
73	477	2	731.4126	10	2	0	-1	0	0.1887	-1.0000
73	478	2	732.9460	9	1	0	-1	0	0.1887	-1.0000
73	479	2	734.4793	8	3	0	-1	0	0.1887	-1.0000
73	480	2	736.0126	7	8	0	-1	0	0.1887	-1.0000
73	481	2	737.5459	4	11	0	-1	0	0.1887	-1.0000
73	482	2	739.0793	6	14	0	-1	0	0.1887	-1.0000
73	483	2	740.6126	4	11	0	-1	0	0.1887	-1.0000
73	484	2	742.1459	6	14	0	-1	0	0.1887	-1.0000
73	485	2	743.6792	5	13	0	-1	0	0.1887	-1.0000
73	486	2	745.2126	8	3	0	-1	0	0.1887	-1.0000
73	487	2	746.7459	6	14	0	-1	0	0.1887	-1.0000
73	488	2	748.2792	5	13	0	-1	0	0.1887	-1.0000
73	489	2	749.8125	4	11	0	-1	1	0.1852	0.8261
73	490	2	751.3458	5	13	0	-1	0	0.1852	-1.0000
73	491	2	752.8792	6	14	0	-1	0	0.1852	-1.0000
73	492	2	754.4125	8	3	0	-1	0	0.1852	-1.0000
73	493	2	755.9458	6	14	0	-1	0	0.1852	-1.0000
73	494	2	757.4792	4	11	0	-1	0	0.1852	-1.0000
73	495	2	759.0125	7	8	0	-1	0	0.1852	-1.0000
73	496	2	760.5458	6	14	0	-1	0	0.1852	-1.0000
73	497	2	762.0791	5	13	0	-1	0	0.1852	-1.0000
73	498	2	763.6125	4	11	0	-1	0	0.1852	-1.0000
73	499	2	765.1458	3	12	0	-1	1	0.2000	0.5335
73	500	2	766.6791	2	10	0	-1	0	0.2000	-1.0000
73	501	2	768.2125	1	6	0	-1	0	0.2000	-1.0000
73	502	2	769.7458	15	15	0	-1	0	0.2000	-1.0000
73	503	2	771.2791	14	7	0	-1	0	0.2000	-1.0000
73	504	2	772.8124	13	4	0	-1	0	0.2000	-1.0000
73	505	2	774.3457	12	5	0	-1	0	0.2000	-1.0000
73	506	2	775.8791	11	9	0	-1	0	0.2000	-1.0000
73	507	2	777.4124	10	2	0	-1	0	0.2000	-1.0000
73	508	2	778.9457	9	1	0	-1	0	0.2000	-1.0000
73	509	2	780.4791	8	3	0	-1	1	0.2143	0.9115
73	510	2	782.0124	7	8	0	-1	0	0.2143	-1.0000
73	511	2	783.5457	5	13	0	-1	0	0.2143	-1.0000
73	512	2	785.0790	4	11	0	-1	0	0.2143	-1.0000
73	513	2	786.6123	6	14	0	-1	0	0.2143	-1.0000
73	514	2	788.1456	4	11	0	-1	0	0.2143	-1.0000
73	515	2	789.6790	7	8	0	-1	0	0.2143	-1.0000
73	516	2	791.2123	8	3	0	-1	0	0.2143	-1.0000
73	517	2	792.7456	7	8	0	-1	0	0.2143	-1.0000
73	518	2	794.2789	8	3	0	-1	0	0.2143	-1.0000
73	519	2	795.8123	7	8	0	-1	0	0.2143	-1.0000
73	520	2	797.3456	5	13	0	-1	0	0.2143	-1.0000
73	521	2	798.8789	4	11	0	-1	0	0.2143	-1.0000
73	522	2	800.4123	7	8	0	-1	0	0.2143	-1.0000
73	523	2	801.9456	4	11	0	-1	0	0.2143	-1.0000
73	524	2	803.4789	7	8	0	-1	0	0.2143	-1.0000
73	525	2	805.0122	5	13	0	-1	0	0.2143	-1.0000
73	526	2	806.5456	6	14	0	-1	0	0.2143	-1.0000
73	527	2	808.0789	7	8	0	-1	0	0.2143	-1.0000
73	528	2	809.6122	8	3	0	-1	0	0.2143	-1.0000
73	529	2	811.1455	9	1	0	-1	0	0.2143	-1.0000
73	530	2	812.6789	10	2	0	-1	1	0.2105	1.1762
73	531	2	814.2122	11	9	0	-1	0	0.2105	-1.0000
73	532	2	815.7455	12	5	0	-1	0	0.2105	-1.0000
73	533	2	817.2788	13	4	0	-1	1	0.2069	0.2885
73	534	2	818.8122	14	7	0	-1	0	0.2069	-1.0000
73	535	2	820.3455	15	15	0	-1	0	0.2069	-1.0000
73	536	2	821.8788	1	6	0	-1	0	0.2069	-1.0000
73	537	2	823.4121	2	10	0	-1	0	0.2069	-1.0000
73	538	2	824.9455	3	12	0	-1	0	0.2069	-1.0000
73	539	2	826.4788	4	11	0	-1	0	0.2069	-1.0000
73	540	2	828.0121	5	13	0	-1	0	0.2069	-1.0000
73	541	2	829.5454	6	14	0	-1	0	0.2069	-1.0000
73	542	2	831.0787	7	8	0	-1	0	0.2069	-1.0000
73	543	2	832.6121	4	11	0	-1	0	0.2069	-1.0000
73	544	2	834.1454	7	8	0	-1	0	0.2069	-1.0000
73	545	2	835.6787	5	13	0	-1	0	0.2069	-1.0000
73	546	2	837.4787	7	8	0	-1	0	0.2069	-1.0000
73	547	2	839.0120	4	11	0	-1	0	0.2069	-1.0000
73	548	2	840.5454	5	13	0	-1	0	0.2069	-1.0000
73	549	2	842.0787	8	3	0	-1	0	0.2069	-1.0000
73	550	2	843.6120	9	1	0	-1	1	0.2203	0.9956
73	551	2	845.1453	12	5	0	-1	1	0.2167	0.9653
73	552	2	846.6787	10	2	0	-1	0	0.2167	-1.0000
73	553	2	848.2120	13	4	0	-1	0	0.2167	-1.0000
73	554	2	849.7453	10	2	0	-1	0	0.2167	-1.0000
73	555	2	851.2786	13	4	0	-1	0	0.2167	-1.0000
73	556	2	852.8120	12	5	0	-1	0	0.2167	-1.0000
73	557	2	854.3453	11	9	0	-1	1	0.2131	0.8539
73	558	2	855.8786	10	2	0	-1	0	0.2131	-1.0000
73	559	2	857.4119	9	1	0	-1	0	0.2131	-1.0000
73	560	2	858.9453	8	3	0	-1	0	0.2131	-1.0000
73	561	2	860.4786	7	8	0	-1	0	0.2131	-1.0000
73	562	2	862.0119	6	14	0	-1	0	0.2131	-1.0000
73	563	2	863.5452	5	13	0	-1	0	0.2131	-1.0000
73	564	2	865.0786	4	11	0	-1	0	0.2131	-1.0000
73	565	2	866.6119	3	12	0	-1	1	0.2258	0.7949
73	566	2	868.1452	2	10	0	-1	0	0.2258	-1.0000
73	567	2	869.6786	1	6	0	-1	0	0.2258	-1.0000
73	568	2	871.2119	15	15	0	-1	0	0.2258	-1.0000
73	569	2	872.7452	14	7	0	-1	0	0.2258	-1.0000
73	570	2	874.2785	13	4	0	-1	0	0.2258	-1.0000
73	571	2	875.8118	12	5	0	-1	0	0.2258	-1.0000
73	572	2	877.3452	9	1	0	-1	0	0.2258	-1.0000
73	573	2	878.8785	10	2	0	-1	0	0.2258	-1.0000
73	574	2	880.4118	11	9	0	-1	0	0.2258	-1.0000
73	575	2	881.9451	9	1	0	-1	0	0.2258	-1.0000
73	576	2	883.4785	8	3	0	-1	0	0.2258	-1.0000
73	577	2	885.0118	6	14	0	-1	0	0.2258	-1.0000
73	578	2	886.5451	7	8	0	-1	0	0.2258	-1.0000
73	579	2	888.0785	6	14	0	-1	0	0.2258	-1.0000
73	580	2	889.6118	4	11	0	-1	0	0.2258	-1.0000
73	581	2	891.1451	5	13	0	-1	0	0.2258	-1.0000
73	582	2	892.6784	7	8	0	-1	0	0.2258	-1.0000
73	583	2	894.2117	5	13	0	-1	0	0.2258	-1.0000
73	584	2	895.7451	7	8	0	-1	0	0.2258	-1.0000
73	585	2	897.2784	6	14	0	-1	0	0.2258	-1.0000
73	586	2	898.8117	5	13	0	-1	0	0.2258	-1.0000
73	587	2	900.3450	4	11	0	-1	0	0.2258	-1.0000
73	588	2	901.8784	3	12	0	-1	1	0.2381	0.7767
73	589	2	903.4117	2	10	0	-1	0	0.2381	-1.0000
73	590	2	904.9450	1	6	0	-1	0	0.2381	-1.0000
73	591	2	906.4783	15	15	0	-1	0	0.2381	-1.0000
73	592	2	908.0117	14	7	0	-1	0	0.2381	-1.0000
73	593	2	909.5450	13	4	0	-1	0	0.2381	-1.0000
73	594	2	911.0783	12	5	0	-1	0	0.2381	-1.0000
73	595	2	912.6116	11	9	0	-1	0	0.2381	-1.0000
73	596	2	914.1450	10	2	0	-1	0	0.2381	-1.0000
73	597	2	915.6783	9	1	0	-1	0	0.2381	-1.0000
73	598	2	917.2116	8	3	0	-1	0	0.2381	-1.0000
73	599	2	918.7449	7	8	0	-1	0	0.2381	-1.0000
73	600	2	920.2783	6	14	0	-1	0	0.2381	-1.0000
Actual parsing ratio
0.2381
Possible node parses
81.0000
 Node parses selected
0.1852
Possible other parses
519.0000
Other parses selected
0.0925
Chance parsing ratio
0.1350
Shock trials
58
343
546