*********************************************
* Date/Time: 18-Nov-2020 09:55:43
* Seed: 215158.4
* Subject Number: 072
13	10	7	11	14	1	15	9	2	6	5	12	4	3	8	
*********************************************

Shape exposure time (seconds)
325.3641
subject	trial	phase	onset	node	shape	rotate	acc	resp	total	rt
72	1	1	1.0167	9	2	0	-1	0	0.0000	-1.0000
72	2	1	2.9833	10	6	0	-1	0	0.0000	-1.0000
72	3	1	4.7333	12	12	90	0	1	0.0000	1.2913
72	4	1	6.2833	9	2	90	-1	0	0.0000	-1.0000
72	5	1	8.0166	12	12	0	0	1	0.0000	1.1280
72	6	1	9.5666	10	6	0	1	1	0.1667	1.2898
72	7	1	11.1166	13	4	0	-1	0	0.1429	-1.0000
72	8	1	12.8333	12	12	0	1	1	0.2500	0.0167
72	9	1	14.3832	9	2	90	0	1	0.2222	1.0813
72	10	1	15.9332	10	6	0	1	1	0.3000	1.4345
72	11	1	17.6332	13	4	0	0	1	0.2727	0.9505
72	12	1	19.1832	11	5	0	1	1	0.3333	1.1131
72	13	1	20.7332	10	6	0	1	1	0.3846	1.4188
72	14	1	22.3999	9	2	0	-1	0	0.3571	-1.0000
72	15	1	24.1499	11	5	0	1	1	0.4000	1.0427
72	16	1	25.6998	12	12	0	0	1	0.3750	0.9807
72	17	1	27.2499	10	6	0	1	1	0.4118	1.0618
72	18	1	28.7998	12	12	0	1	1	0.4444	1.2400
72	19	1	30.3498	11	5	0	0	1	0.4211	0.7459
72	20	1	31.8998	13	4	0	-1	0	0.4000	-1.0000
72	21	1	33.6331	11	5	0	-1	0	0.3810	-1.0000
72	22	1	35.3831	10	6	0	1	1	0.4091	0.0646
72	23	1	36.9331	13	4	0	0	1	0.3913	0.1146
72	24	1	38.5497	12	12	0	0	1	0.3750	1.2819
72	25	1	40.0998	9	2	0	0	1	0.3600	1.2366
72	26	1	41.7164	11	5	0	-1	0	0.3462	-1.0000
72	27	1	43.5497	10	6	0	1	1	0.3704	1.2100
72	28	1	45.0997	12	12	0	1	1	0.3929	0.0928
72	29	1	46.6497	10	6	90	1	1	0.4138	0.3660
72	30	1	48.1997	12	12	90	0	1	0.4000	0.3360
72	31	1	49.7497	9	2	0	1	1	0.4194	0.3060
72	32	1	51.2997	11	5	0	1	1	0.4375	0.7885
72	33	1	52.8497	9	2	0	0	1	0.4242	1.0149
72	34	1	54.3997	8	9	0	1	1	0.4412	1.4803
72	35	1	56.1997	9	2	0	1	1	0.4571	1.0569
72	36	1	57.7496	8	9	0	0	1	0.4444	0.8509
72	37	1	59.2997	7	15	0	1	1	0.4595	0.8680
72	38	1	60.8496	4	11	0	1	1	0.4737	1.1100
72	39	1	62.3997	7	15	0	1	1	0.4872	1.3849
72	40	1	64.0496	8	9	0	0	1	0.4750	0.9026
72	41	1	65.5996	7	15	0	1	1	0.4878	1.4167
72	42	1	67.2996	4	11	0	-1	0	0.4762	-1.0000
72	43	1	69.0496	3	7	90	0	1	0.4651	1.2950
72	44	1	70.6996	4	11	0	1	1	0.4773	1.4365
72	45	1	72.4496	7	15	0	0	1	0.4667	0.9505
72	46	1	73.9995	5	14	0	1	1	0.4783	0.9841
72	47	1	75.5495	6	1	0	1	1	0.4894	1.1630
72	48	1	77.0995	8	9	0	0	1	0.4792	1.3570
72	49	1	78.7329	9	2	0	1	1	0.4898	1.3228
72	50	1	80.3328	10	6	0	1	1	0.5000	1.1152
72	51	1	81.8828	11	5	0	1	1	0.5098	1.2288
72	52	1	83.4328	10	6	0	1	1	0.5192	1.0877
72	53	1	84.9828	13	4	0	0	1	0.5094	1.0577
72	54	1	86.5328	11	5	0	-1	0	0.5000	-1.0000
72	55	1	88.3162	12	12	0	-1	0	0.4909	-1.0000
72	56	1	90.0328	13	4	0	-1	0	0.4821	-1.0000
72	57	1	91.7661	11	5	0	0	1	0.4737	0.2741
72	58	1	93.3161	9	2	0	1	1	0.4828	0.3715
72	59	1	94.8661	8	9	0	1	1	0.4915	0.3739
72	60	1	96.4161	6	1	0	1	1	0.5000	0.8724
72	61	1	97.9661	5	14	90	1	1	0.5082	0.6495
72	62	1	99.5161	8	9	0	1	1	0.5161	0.6037
72	63	1	101.0660	7	15	0	1	1	0.5238	0.8616
72	64	1	102.6161	4	11	0	0	1	0.5156	1.0555
72	65	1	104.1661	6	1	0	1	1	0.5231	0.9136
72	66	1	105.7161	5	14	0	1	1	0.5303	1.0439
72	67	1	107.2660	4	11	0	1	1	0.5373	1.0945
72	68	1	108.8160	5	14	90	-1	0	0.5294	-1.0000
72	69	1	110.6660	6	1	0	0	1	0.5217	0.9745
72	70	1	112.2161	4	11	90	0	1	0.5143	0.8002
72	71	1	113.7660	5	14	0	0	1	0.5070	0.5456
72	72	1	115.3160	7	15	0	1	1	0.5139	0.5806
72	73	1	116.8660	6	1	0	1	1	0.5205	0.5976
72	74	1	118.4160	5	14	0	0	1	0.5135	0.5520
72	75	1	119.9660	4	11	0	1	1	0.5200	0.4902
72	76	1	121.5160	3	7	0	0	1	0.5132	0.8446
72	77	1	123.0660	15	8	90	1	1	0.5195	1.0864
72	78	1	124.6159	2	10	0	1	1	0.5256	0.8804
72	79	1	126.1660	14	3	0	0	1	0.5190	0.9301
72	80	1	127.7159	2	10	0	0	1	0.5125	1.0123
72	81	1	129.2659	1	13	90	1	1	0.5185	0.8704
72	82	1	130.8159	15	8	0	1	1	0.5244	1.2565
72	83	1	132.3659	14	3	0	0	1	0.5181	1.1620
72	84	1	133.9159	2	10	0	1	1	0.5238	0.7805
72	85	1	135.4659	14	3	0	1	1	0.5294	0.9746
72	86	1	137.0159	2	10	0	1	1	0.5349	1.0087
72	87	1	138.5659	15	8	0	1	1	0.5402	1.3785
72	88	1	140.1159	1	13	0	0	1	0.5341	1.2197
72	89	1	141.6659	14	3	0	1	1	0.5393	1.0939
72	90	1	143.2158	2	10	0	1	1	0.5444	1.4638
72	91	1	144.9159	15	8	90	0	1	0.5385	1.3325
72	92	1	146.4658	14	3	90	1	1	0.5435	1.2858
72	93	1	148.0159	15	8	0	0	1	0.5376	1.3037
72	94	1	149.5658	3	7	90	0	1	0.5319	1.0178
72	95	1	151.1158	4	11	0	1	1	0.5368	1.1967
72	96	1	152.6658	3	7	0	1	1	0.5417	1.3260
72	97	1	154.2158	1	13	90	1	1	0.5464	1.2483
72	98	1	155.7658	2	10	0	1	1	0.5510	1.2188
72	99	1	157.3158	14	3	0	1	1	0.5556	1.2684
72	100	1	158.8658	1	13	0	1	1	0.5600	1.2709
72	101	1	160.4157	14	3	90	1	1	0.5644	1.4168
72	102	1	162.0491	1	13	0	1	1	0.5686	1.3027
72	103	1	163.5991	15	8	0	1	1	0.5728	1.3374
72	104	1	165.1491	3	7	90	1	1	0.5769	0.9225
72	105	1	166.6990	1	13	90	0	1	0.5714	1.3088
72	106	1	168.2491	15	8	90	0	1	0.5660	1.0069
72	107	1	169.7990	2	10	0	0	1	0.5607	0.6411
72	108	1	171.3490	14	3	0	1	1	0.5648	0.9630
72	109	1	172.8990	15	8	0	1	1	0.5688	1.2053
72	110	1	174.4490	1	13	0	1	1	0.5727	1.4471
72	111	1	176.0823	3	7	90	0	1	0.5676	1.2696
72	112	1	177.6323	2	10	0	0	1	0.5625	1.0323
72	113	1	179.1823	1	13	0	0	1	0.5575	0.9541
72	114	1	180.7323	15	8	0	0	1	0.5526	0.9082
72	115	1	182.2823	1	13	0	1	1	0.5565	0.8462
72	116	1	183.8323	14	3	90	1	1	0.5603	1.0398
72	117	1	185.3823	1	13	0	0	1	0.5556	1.0257
72	118	1	186.9323	14	3	0	1	1	0.5593	1.0433
72	119	1	188.4823	1	13	0	1	1	0.5630	1.3173
72	120	1	190.0323	14	3	90	0	1	0.5583	1.2873
72	121	1	191.5823	1	13	90	1	1	0.5620	1.0178
72	122	1	193.1322	3	7	0	0	1	0.5574	0.9241
72	123	1	194.6822	15	8	0	1	1	0.5610	0.9097
72	124	1	196.2322	3	7	0	0	1	0.5565	1.0393
72	125	1	197.7822	15	8	0	1	1	0.5600	0.9303
72	126	1	199.3322	14	3	0	0	1	0.5556	1.2514
72	127	1	200.8823	1	13	0	1	1	0.5591	0.7742
72	128	1	202.4322	3	7	0	1	1	0.5625	1.1443
72	129	1	203.9822	2	10	0	0	1	0.5581	0.9064
72	130	1	205.5322	3	7	90	0	1	0.5538	0.8917
72	131	1	207.0822	4	11	90	0	1	0.5496	0.6382
72	132	1	208.6322	5	14	0	1	1	0.5530	1.4240
72	133	1	210.2322	6	1	0	1	1	0.5564	1.2154
72	134	1	211.7822	8	9	0	0	1	0.5522	0.8983
72	135	1	213.3321	5	14	0	0	1	0.5481	1.1402
72	136	1	214.8821	6	1	0	1	1	0.5515	0.9023
72	137	1	216.4321	4	11	0	0	1	0.5474	1.2234
72	138	1	217.9821	7	15	90	1	1	0.5507	1.1454
72	139	1	219.5321	4	11	0	1	1	0.5540	0.9239
72	140	1	221.0821	5	14	0	1	1	0.5571	1.3255
72	141	1	222.6321	7	15	0	0	1	0.5532	1.0559
72	142	1	224.1821	4	11	0	1	1	0.5563	0.6418
72	143	1	225.7321	6	1	0	1	1	0.5594	0.6595
72	144	1	227.2821	4	11	0	1	1	0.5625	0.7262
72	145	1	228.8321	3	7	0	1	1	0.5655	0.9363
72	146	1	230.3820	15	8	0	1	1	0.5685	0.7144
72	147	1	231.9320	1	13	0	1	1	0.5714	0.7005
72	148	1	233.4820	14	3	0	1	1	0.5743	0.8300
72	149	1	235.0320	1	13	90	0	1	0.5705	1.0404
72	150	1	236.5820	3	7	0	0	1	0.5667	0.9944
72	151	1	238.1320	15	8	0	1	1	0.5695	0.2915
72	152	1	239.6820	1	13	0	1	1	0.5724	0.7739
72	153	1	241.2320	14	3	0	1	1	0.5752	0.7605
72	154	1	242.7820	13	4	90	1	1	0.5779	0.8895
72	155	1	244.3320	14	3	0	1	1	0.5806	0.5884
72	156	1	245.8820	13	4	0	1	1	0.5833	1.0541
72	157	1	247.4320	10	6	90	0	1	0.5796	0.9756
72	158	1	248.9820	13	4	0	0	1	0.5759	0.8656
72	159	1	250.5319	10	6	90	0	1	0.5723	1.0439
72	160	1	252.0819	11	5	0	1	1	0.5750	1.1741
72	161	1	253.6319	13	4	0	0	1	0.5714	1.2080
72	162	1	255.1819	12	12	90	0	1	0.5679	0.8106
72	163	1	256.7319	13	4	0	1	1	0.5706	0.7642
72	164	1	258.2819	10	6	90	1	1	0.5732	0.7016
72	165	1	259.8319	13	4	0	1	1	0.5758	0.7996
72	166	1	261.3819	11	5	0	1	1	0.5783	0.9296
72	167	1	262.9318	13	4	0	1	1	0.5808	0.7885
72	168	1	264.4819	12	12	0	0	1	0.5774	1.2066
72	169	1	266.0319	11	5	90	0	1	0.5740	0.6966
72	170	1	267.5819	13	4	90	0	1	0.5706	0.6026
72	171	1	269.1319	14	3	0	1	1	0.5731	1.1485
72	172	1	270.6819	2	10	0	0	1	0.5698	1.0546
72	173	1	272.2319	15	8	0	1	1	0.5723	0.8005
72	174	1	273.7818	1	13	0	1	1	0.5747	0.8177
72	175	1	275.3318	14	3	0	1	1	0.5771	0.6283
72	176	1	276.8818	15	8	0	1	1	0.5795	0.7741
72	177	1	278.4318	14	3	0	0	1	0.5763	0.9517
72	178	1	279.9818	13	4	0	1	1	0.5787	0.5865
72	179	1	281.5318	11	5	0	1	1	0.5810	1.0845
72	180	1	283.0818	10	6	0	1	1	0.5833	1.3101
72	181	1	284.6318	11	5	0	1	1	0.5856	1.2797
72	182	1	286.1818	9	2	0	1	1	0.5879	1.2981
72	183	1	287.7317	8	9	90	0	1	0.5847	1.1406
72	184	1	289.2818	9	2	0	1	1	0.5870	1.2545
72	185	1	290.8317	8	9	90	0	1	0.5838	1.1447
72	186	1	292.3817	7	15	90	0	1	0.5806	1.0658
72	187	1	293.9317	5	14	0	0	1	0.5775	1.4038
72	188	1	295.5651	6	1	0	1	1	0.5798	0.9388
72	189	1	297.1151	4	11	90	0	1	0.5767	1.1167
72	190	1	298.6650	5	14	0	0	1	0.5737	0.7835
72	191	1	300.2150	8	9	0	1	1	0.5759	0.9125
72	192	1	301.7650	6	1	0	1	1	0.5781	0.7554
72	193	1	303.3150	5	14	90	1	1	0.5803	1.0765
72	194	1	304.8650	7	15	0	1	1	0.5825	1.1110
72	195	1	306.4150	8	9	0	1	1	0.5846	1.4974
72	196	1	308.0650	7	15	0	-1	0	0.5816	-1.0000
72	197	1	309.9150	8	9	90	1	1	0.5838	0.9573
72	198	1	311.4650	5	14	0	1	1	0.5859	0.8310
72	199	1	313.0149	4	11	0	1	1	0.5879	0.9610
72	200	1	314.5649	5	14	0	1	1	0.5900	1.1551
72	201	1	316.1150	8	9	0	1	1	0.5920	1.2213
72	202	1	317.6649	7	15	90	1	1	0.5941	1.2390
72	203	1	319.2149	5	14	0	1	1	0.5961	1.4496
72	204	1	320.8483	7	15	90	-1	0	0.5931	-1.0000
72	205	1	322.6649	5	14	0	0	1	0.5902	1.1354
72	206	1	324.2149	4	11	0	1	1	0.5922	0.7530
72	207	1	325.7649	7	15	0	1	1	0.5942	0.9306
72	208	1	327.3149	8	9	0	1	1	0.5962	0.9656
72	209	1	328.8649	5	14	0	1	1	0.5981	1.0789
72	210	1	330.4149	6	1	0	1	1	0.6000	1.1126
72	211	1	331.9649	5	14	0	1	1	0.6019	0.9715
72	212	1	333.5148	7	15	90	0	1	0.5991	1.0211
72	213	1	335.0648	6	1	0	1	1	0.6009	1.2152
72	214	1	336.6148	8	9	0	1	1	0.6028	1.1371
72	215	1	338.1649	9	2	90	-1	0	0.6000	-1.0000
72	216	1	339.9482	10	6	90	-1	0	0.5972	-1.0000
72	217	1	341.7648	13	4	0	0	1	0.5945	1.1392
72	218	1	343.3148	14	3	0	1	1	0.5963	0.6615
72	219	1	344.8648	2	10	0	1	1	0.5982	0.6467
72	220	1	346.4148	3	7	90	1	1	0.6000	1.2575
72	221	1	347.9648	15	8	90	1	1	0.6018	1.4350
72	222	1	349.5648	2	10	0	-1	0	0.5991	-1.0000
72	223	1	351.2981	1	13	90	0	1	0.5964	1.2058
72	224	1	352.8481	14	3	0	1	1	0.5982	0.8402
72	225	1	354.3981	15	8	0	1	1	0.6000	0.9854
72	226	1	355.9481	3	7	90	1	1	0.6018	1.0354
72	227	1	357.4981	4	11	0	1	1	0.6035	1.0222
72	228	1	359.0481	5	14	0	1	1	0.6053	1.2798
72	229	1	360.5980	6	1	0	1	1	0.6070	1.3781
72	230	1	362.1480	5	14	0	-1	0	0.6043	-1.0000
72	231	1	363.9980	4	11	0	1	1	0.6061	1.2104
72	232	1	365.5480	6	1	0	1	1	0.6078	1.0837
72	233	1	367.0980	7	15	0	0	1	0.6052	1.0699
72	234	1	368.6480	4	11	0	1	1	0.6068	0.7680
72	235	1	370.1980	5	14	0	1	1	0.6085	0.8343
72	236	1	371.7480	6	1	0	1	1	0.6102	1.0915
72	237	1	373.2980	5	14	90	1	1	0.6118	1.3342
72	238	1	374.8480	7	15	0	1	1	0.6134	1.0958
72	239	1	376.3980	4	11	0	1	1	0.6151	1.3384
72	240	1	377.9480	3	7	0	0	1	0.6125	1.3235
72	241	1	379.4979	15	8	0	1	1	0.6141	1.0695
72	242	1	381.0480	14	3	0	1	1	0.6157	1.2165
72	243	1	382.5979	15	8	0	1	1	0.6173	1.1535
72	244	1	384.1479	14	3	0	1	1	0.6189	1.1245
72	245	1	385.6979	2	10	0	1	1	0.6204	0.6775
72	246	1	387.2479	3	7	0	0	1	0.6179	0.8725
72	247	1	388.7979	4	11	0	1	1	0.6194	0.7935
72	248	1	390.3479	3	7	90	1	1	0.6210	1.2285
72	249	1	391.8979	1	13	0	0	1	0.6185	1.1661
72	250	1	393.4479	15	8	0	1	1	0.6200	0.7201
72	251	1	394.9979	2	10	0	1	1	0.6215	1.0267
72	252	1	396.5479	1	13	0	-1	0	0.6190	-1.0000
72	253	1	398.2812	15	8	0	1	1	0.6206	0.0471
72	254	1	399.8312	14	3	0	1	1	0.6220	1.1206
72	255	1	401.3812	2	10	0	1	1	0.6235	1.0593
72	256	1	402.9311	1	13	0	0	1	0.6211	1.3328
72	257	1	404.4979	2	10	0	1	1	0.6226	0.8215
72	258	1	406.0478	15	8	90	1	1	0.6240	1.1123
72	259	1	407.5978	2	10	0	1	1	0.6255	1.0665
72	260	1	409.1478	15	8	0	1	1	0.6269	1.1801
72	261	1	410.6978	14	3	0	1	1	0.6284	1.1024
72	262	1	412.2478	15	8	0	1	1	0.6298	1.1680
72	263	1	413.7978	3	7	0	0	1	0.6274	1.1063
72	264	1	415.3478	2	10	0	1	1	0.6288	0.6921
72	265	1	416.8977	14	3	0	1	1	0.6302	0.7426
72	266	1	418.4478	2	10	0	1	1	0.6316	0.9525
72	267	1	419.9977	14	3	0	1	1	0.6330	0.7617
72	268	1	421.5477	2	10	0	1	1	0.6343	1.0206
72	269	1	423.0977	1	13	90	0	1	0.6320	1.0227
72	270	1	424.6477	15	8	0	1	1	0.6333	0.8797
72	271	1	426.1977	2	10	0	0	1	0.6310	1.2977
72	272	1	427.7477	14	3	0	1	1	0.6324	0.8366
72	273	1	429.2978	2	10	0	1	1	0.6337	0.9181
72	274	1	430.8477	15	8	0	1	1	0.6350	1.1118
72	275	1	432.3977	1	13	0	0	1	0.6327	0.9697
72	276	1	433.9477	3	7	0	0	1	0.6304	0.9566
72	277	1	435.4976	2	10	0	1	1	0.6318	0.8302
72	278	1	437.0476	3	7	90	0	1	0.6295	0.8167
72	279	1	438.5976	1	13	0	1	1	0.6308	1.1377
72	280	1	440.1476	15	8	0	1	1	0.6321	1.1398
72	281	1	441.6976	1	13	90	-1	0	0.6299	-1.0000
72	282	1	443.4310	3	7	0	0	1	0.6277	0.0167
72	283	1	444.9810	4	11	0	1	1	0.6290	1.0105
72	284	1	446.5309	6	1	0	1	1	0.6303	0.8053
72	285	1	448.0809	4	11	0	1	1	0.6316	1.0785
72	286	1	449.6309	5	14	0	0	1	0.6294	1.3205
72	287	1	451.1809	4	11	0	1	1	0.6307	1.0833
72	288	1	452.7309	3	7	90	1	1	0.6319	1.1172
72	289	1	454.2809	4	11	0	1	1	0.6332	1.0065
72	290	1	455.8309	7	15	0	0	1	0.6310	1.0733
72	291	1	457.3809	4	11	0	1	1	0.6323	0.7389
72	292	1	458.9309	7	15	90	1	1	0.6336	1.1719
72	293	1	460.4809	6	1	0	1	1	0.6348	1.1114
72	294	1	462.0309	8	9	0	1	1	0.6361	1.2254
72	295	1	463.5808	7	15	0	0	1	0.6339	1.4346
72	296	1	465.2475	5	14	0	1	1	0.6351	1.3689
72	297	1	466.8142	4	11	0	1	1	0.6364	1.0172
72	298	1	468.3642	6	1	0	1	1	0.6376	1.1792
72	299	1	469.9141	4	11	90	1	1	0.6388	1.1181
72	300	1	471.4641	7	15	90	1	1	0.6400	1.0552
72	301	1	473.0141	4	11	0	1	1	0.6412	0.8978
72	302	1	474.5642	7	15	0	0	1	0.6391	0.8677
72	303	1	476.1141	6	1	0	1	1	0.6403	0.8533
72	304	1	477.6641	7	15	0	1	1	0.6414	0.9042
72	305	1	479.2141	5	14	0	1	1	0.6426	1.0013
72	306	1	480.7641	6	1	0	1	1	0.6438	0.8441
72	307	1	482.3141	8	9	90	0	1	0.6417	0.9413
72	308	1	483.8641	6	1	0	1	1	0.6429	1.3595
72	309	1	485.4307	8	9	90	1	1	0.6440	1.2490
72	310	1	486.9807	7	15	0	1	1	0.6452	1.4596
72	311	1	488.5974	5	14	0	0	1	0.6431	1.3140
72	312	1	490.1474	7	15	0	1	1	0.6442	1.2520
72	313	1	491.6974	5	14	0	1	1	0.6454	1.1109
72	314	1	493.2473	8	9	0	0	1	0.6433	1.1120
72	315	1	494.7973	5	14	90	0	1	0.6413	1.1461
72	316	1	496.3473	8	9	90	0	1	0.6392	1.4205
72	317	1	498.0140	9	2	90	-1	0	0.6372	-1.0000
72	318	1	499.7473	8	9	0	1	1	0.6384	0.0520
72	319	1	501.2973	6	1	90	0	1	0.6364	1.1588
72	320	1	502.8473	8	9	0	1	1	0.6375	1.2568
72	321	1	504.3973	7	15	0	0	1	0.6355	1.2265
72	322	1	505.9473	5	14	90	0	1	0.6335	0.7171
72	323	1	507.4973	6	1	0	1	1	0.6347	0.9584
72	324	1	509.0473	5	14	90	0	1	0.6327	0.7368
72	325	1	510.5973	6	1	0	1	1	0.6338	0.9790
72	326	1	512.1473	8	9	0	1	1	0.6350	1.1090
72	327	1	513.6973	5	14	0	0	1	0.6330	1.3026
72	328	1	515.2472	8	9	0	1	1	0.6341	0.5521
72	329	1	516.7972	7	15	0	1	1	0.6353	0.8590
72	330	1	518.3472	6	1	90	0	1	0.6333	1.0211
72	331	1	519.8972	4	11	0	1	1	0.6344	0.9431
72	332	1	521.4472	7	15	0	-1	0	0.6325	-1.0000
72	333	1	523.1805	4	11	90	0	1	0.6306	1.0358
72	334	1	524.7305	6	1	0	1	1	0.6317	1.1655
72	335	1	526.2805	5	14	0	1	1	0.6328	1.2310
72	336	1	527.8305	4	11	90	1	1	0.6339	1.2009
72	337	1	529.3805	5	14	0	1	1	0.6350	1.1556
72	338	1	530.9305	4	11	0	1	1	0.6361	1.1409
72	339	1	532.4805	3	7	0	0	1	0.6342	1.2718
72	340	1	534.0305	4	11	0	1	1	0.6353	0.6973
72	341	1	535.5805	6	1	0	1	1	0.6364	0.8112
72	342	1	537.1304	7	15	0	1	1	0.6374	0.8775
72	343	1	538.6805	5	14	0	0	1	0.6356	1.1992
72	344	1	540.2304	4	11	90	0	1	0.6337	0.6089
72	345	1	541.7804	5	14	0	1	1	0.6348	0.5155
72	346	1	543.3304	6	1	0	1	1	0.6358	0.5651
72	347	1	544.8804	5	14	0	1	1	0.6369	0.9510
72	348	1	546.4304	8	9	0	0	1	0.6351	0.8569
72	349	1	547.9804	6	1	0	1	1	0.6361	0.8751
72	350	1	549.5304	5	14	0	0	1	0.6343	0.7499
72	351	1	551.0804	6	1	0	1	1	0.6353	0.3190
72	352	1	552.6304	5	14	0	1	1	0.6364	0.4340
72	353	1	554.1804	7	15	0	0	1	0.6346	0.3398
72	354	1	555.7304	5	14	0	1	1	0.6356	0.0699
72	355	1	557.2804	4	11	90	0	1	0.6338	0.2310
72	356	1	558.8303	3	7	0	0	1	0.6320	0.2973
72	357	1	564.3137	2	10	0	1	1	0.6331	0.9096
72	358	1	565.8636	3	7	0	1	1	0.6341	1.2806
72	359	1	567.4136	15	8	0	1	1	0.6351	0.9462
72	360	1	568.9636	1	13	0	0	1	0.6333	0.7882
72	361	1	570.5136	14	3	90	1	1	0.6343	1.2217
72	362	1	572.0636	2	10	0	1	1	0.6354	0.7920
72	363	1	573.6136	1	13	0	1	1	0.6364	0.8901
72	364	1	575.1636	2	10	0	1	1	0.6374	1.0207
72	365	1	576.7136	1	13	90	0	1	0.6356	0.9424
72	366	1	578.2636	14	3	0	1	1	0.6366	0.7206
72	367	1	579.8136	15	8	0	1	1	0.6376	0.0504
72	368	1	581.3636	1	13	0	0	1	0.6359	0.5807
72	369	1	582.9136	3	7	0	1	1	0.6369	0.3897
72	370	1	584.4635	4	11	90	0	1	0.6351	0.6803
72	371	1	586.0135	3	7	0	0	1	0.6334	0.6027
72	372	1	587.5635	2	10	0	1	1	0.6344	0.3488
72	373	1	589.1135	3	7	0	1	1	0.6354	1.1017
72	374	1	590.6635	15	8	0	1	1	0.6364	0.7046
72	375	1	592.2135	3	7	0	1	1	0.6373	0.8988
72	376	1	593.7635	2	10	0	1	1	0.6383	0.7247
72	377	1	595.3135	14	3	0	1	1	0.6393	0.7903
72	378	1	596.8635	2	10	0	1	1	0.6402	0.7443
72	379	1	598.4135	3	7	0	1	1	0.6412	1.1302
72	380	1	599.9635	4	11	90	0	1	0.6395	1.3567
72	381	1	601.5468	7	15	0	1	1	0.6404	1.4049
72	382	1	603.0968	6	1	0	0	1	0.6387	1.4550
72	383	1	604.7801	8	9	90	1	1	0.6397	1.1636
72	384	1	606.3301	6	1	0	1	1	0.6406	0.8301
72	385	1	607.8801	7	15	0	1	1	0.6416	1.1676
72	386	1	609.4301	5	14	0	1	1	0.6425	1.2972
72	387	1	610.9801	8	9	0	1	1	0.6434	1.1243
72	388	1	612.5301	6	1	90	0	1	0.6418	0.9657
72	389	1	614.0801	4	11	0	1	1	0.6427	1.0642
72	390	1	615.6300	3	7	0	1	1	0.6436	1.2893
72	391	1	617.1800	2	10	90	0	1	0.6419	1.3882
72	392	1	618.7967	1	13	90	1	1	0.6429	1.2595
72	393	1	620.3467	2	10	0	1	1	0.6438	0.8610
72	394	1	621.8967	15	8	0	1	1	0.6447	1.0066
72	395	1	623.4466	2	10	0	1	1	0.6456	0.9136
72	396	1	624.9967	3	7	90	0	1	0.6439	0.7875
72	397	1	626.5467	1	13	90	1	1	0.6448	0.8526
72	398	1	628.0966	2	10	0	1	1	0.6457	0.7275
72	399	1	629.6466	3	7	90	0	1	0.6441	0.8576
72	400	1	631.1966	1	13	0	1	1	0.6450	0.8746
72	401	1	632.7466	2	10	0	1	1	0.6459	1.3247
72	402	1	634.2967	1	13	0	-1	0	0.6443	-1.0000
72	403	1	636.0133	14	3	0	1	1	0.6452	0.7784
72	404	1	637.5633	13	4	90	-1	0	0.6436	-1.0000
72	405	1	639.2799	10	6	0	1	1	0.6444	0.7274
72	406	1	640.8299	11	5	0	1	1	0.6453	0.8414
72	407	1	642.3799	13	4	0	1	1	0.6462	1.1162
72	408	1	643.9299	11	5	0	1	1	0.6471	1.4534
72	409	1	645.5465	12	12	90	0	1	0.6455	1.3896
72	410	1	647.1632	13	4	0	0	1	0.6439	0.7970
72	411	1	648.7132	11	5	0	1	1	0.6448	0.5741
72	412	1	650.2632	10	6	0	1	1	0.6456	0.6405
72	413	1	651.8132	13	4	0	1	1	0.6465	0.6741
72	414	1	653.3632	10	6	0	1	1	0.6473	0.4201
72	415	1	654.9132	11	5	0	1	1	0.6482	0.6945
72	416	1	656.4632	13	4	90	0	1	0.6466	0.5041
72	417	1	658.0131	12	12	0	1	1	0.6475	0.6981
72	418	1	659.5632	11	5	0	1	1	0.6483	0.7650
72	419	1	661.1131	13	4	0	1	1	0.6492	0.7661
72	420	1	662.6631	12	12	0	0	1	0.6476	1.3606
72	421	1	664.2465	10	6	90	0	1	0.6461	0.6408
72	422	1	665.7965	9	2	0	1	1	0.6469	0.6432
72	423	1	667.3464	8	9	0	1	1	0.6478	0.9493
72	424	1	668.8964	5	14	90	0	1	0.6462	0.9517
72	425	1	670.4464	8	9	0	1	1	0.6471	0.6817
72	426	1	671.9964	9	2	0	1	1	0.6479	0.9068
72	427	1	673.5464	10	6	0	1	1	0.6487	0.7490
72	428	1	675.0964	12	12	0	1	1	0.6495	0.7517
72	429	1	676.6464	9	2	90	0	1	0.6480	0.7060
72	430	1	678.1964	10	6	90	0	1	0.6465	0.6749
72	431	1	679.7464	11	5	0	0	1	0.6450	0.4052
72	432	1	681.2963	13	4	0	1	1	0.6458	0.3598
72	433	1	682.8464	10	6	0	1	1	0.6467	0.7769
72	434	1	684.3964	12	12	0	1	1	0.6475	0.8589
72	435	1	685.9463	11	5	90	0	1	0.6460	0.6049
72	436	1	687.4963	9	2	0	1	1	0.6468	0.5598
72	437	1	689.0463	11	5	0	1	1	0.6476	0.7210
72	438	1	690.5963	9	2	0	0	1	0.6461	0.7718
72	439	1	692.1463	10	6	90	0	1	0.6446	0.3889
72	440	1	693.6963	11	5	0	1	1	0.6455	0.6313
72	441	1	695.2463	10	6	0	0	1	0.6440	0.6018
72	442	1	696.7963	13	4	0	1	1	0.6448	0.2995
72	443	1	698.3463	14	3	0	1	1	0.6456	1.3412
72	444	1	699.8963	1	13	0	1	1	0.6464	1.0869
72	445	1	701.4463	15	8	90	1	1	0.6472	1.2018
72	446	1	702.9962	14	3	0	1	1	0.6480	1.0279
72	447	1	704.5462	1	13	0	1	1	0.6488	1.0930
72	448	1	706.0962	3	7	90	0	1	0.6473	1.1119
72	449	1	707.6463	2	10	0	0	1	0.6459	1.1453
72	450	1	709.1962	3	7	90	0	1	0.6444	0.8280
72	451	1	710.7462	15	8	0	1	1	0.6452	0.8934
72	452	1	712.2962	1	13	0	1	1	0.6460	0.9278
72	453	1	713.8462	15	8	0	1	1	0.6468	1.1370
72	454	1	715.3962	1	13	0	1	1	0.6476	0.7710
72	455	1	716.9462	15	8	0	1	1	0.6484	0.7899
72	456	1	718.4961	14	3	90	1	1	0.6491	0.9831
72	457	1	720.0462	1	13	90	0	1	0.6477	0.9051
72	458	1	721.5961	3	7	0	0	1	0.6463	0.8915
72	459	1	723.1462	15	8	0	1	1	0.6471	0.8459
72	460	1	724.6961	1	13	90	0	1	0.6457	0.7681
72	461	1	726.2461	14	3	0	1	1	0.6464	0.7697
72	462	1	727.7961	13	4	0	1	1	0.6472	1.1235
72	463	1	729.3461	12	12	0	0	1	0.6458	0.9182
72	464	1	730.8961	9	2	0	1	1	0.6466	0.6631
72	465	1	732.4461	8	9	0	0	1	0.6452	0.9050
72	466	1	733.9961	5	14	0	1	1	0.6459	0.6520
72	467	1	735.5461	6	1	90	0	1	0.6445	0.8617
72	468	1	737.0961	5	14	0	1	1	0.6453	0.6399
72	469	1	738.6460	6	1	90	0	1	0.6439	0.6732
72	470	1	740.1961	4	11	0	0	1	0.6426	0.3881
72	471	1	741.7461	7	15	0	1	1	0.6433	0.2932
72	472	1	743.2960	8	9	90	0	1	0.6419	0.7596
72	473	1	744.8460	7	15	0	0	1	0.6406	0.7291
72	474	1	746.5294	5	14	90	0	1	0.6392	0.6307
72	475	1	748.0793	8	9	90	0	1	0.6379	0.8087
72	476	1	749.6293	9	2	0	1	1	0.6387	0.7787
72	477	1	751.1793	10	6	0	1	1	0.6394	1.2921
72	478	1	752.7293	13	4	0	1	1	0.6402	1.1669
72	479	1	754.2793	12	12	0	0	1	0.6388	0.9759
72	480	1	755.8293	10	6	0	1	1	0.6396	0.6908
72	481	1	757.3793	9	2	0	1	1	0.6403	0.8839
72	482	1	758.9293	11	5	0	1	1	0.6411	1.0785
72	483	1	760.4793	9	2	0	1	1	0.6418	1.1447
72	484	1	762.0293	12	12	0	0	1	0.6405	1.0983
72	485	1	763.5793	13	4	0	1	1	0.6412	0.9566
72	486	1	765.1292	14	3	0	1	1	0.6420	0.8943
72	487	1	766.6792	15	8	0	1	1	0.6427	0.7519
72	488	1	768.2293	3	7	0	1	1	0.6434	0.9939
72	489	1	769.7792	4	11	90	0	1	0.6421	1.2208
72	490	1	771.3292	5	14	90	0	1	0.6408	1.2066
72	491	1	772.8792	8	9	0	1	1	0.6415	0.8883
72	492	1	774.4292	9	2	90	0	1	0.6402	1.2429
72	493	1	775.9792	12	12	0	0	1	0.6389	1.1165
72	494	1	777.5292	10	6	0	1	1	0.6397	0.9744
72	495	1	779.0792	13	4	90	-1	0	0.6384	-1.0000
72	496	1	780.8125	14	3	0	1	1	0.6391	1.1956
72	497	1	782.3625	15	8	0	1	1	0.6398	1.0376
72	498	1	783.9125	2	10	90	0	1	0.6386	1.3590
72	499	1	785.4958	3	7	0	1	1	0.6393	1.2313
72	500	1	787.0458	15	8	0	1	1	0.6400	1.1063
72	501	1	788.5958	14	3	0	1	1	0.6407	1.4119
72	502	1	790.1791	15	8	0	1	1	0.6414	1.3644
72	503	1	791.7291	3	7	0	-1	0	0.6402	-1.0000
72	504	1	793.4624	2	10	0	1	1	0.6409	1.0576
72	505	1	795.0124	3	7	0	1	1	0.6416	1.0107
72	506	1	796.5624	2	10	0	1	1	0.6423	0.8534
72	507	1	798.1124	1	13	0	1	1	0.6430	1.1435
72	508	1	799.6624	2	10	90	0	1	0.6417	1.2247
72	509	1	801.2124	3	7	0	1	1	0.6424	1.0194
72	510	1	802.7624	15	8	0	1	1	0.6431	1.1657
72	511	1	804.3124	3	7	0	1	1	0.6438	1.2308
72	512	1	805.8624	1	13	0	0	1	0.6426	1.1370
72	513	1	807.4124	15	8	0	1	1	0.6433	0.7237
72	514	1	808.9624	1	13	0	1	1	0.6440	0.7577
72	515	1	810.5124	2	10	0	1	1	0.6447	0.9197
72	516	1	812.0623	15	8	0	1	1	0.6453	0.8568
72	517	1	813.6123	14	3	0	1	1	0.6460	1.3068
72	518	1	815.1623	13	4	90	1	1	0.6467	1.2448
72	519	1	816.7123	10	6	0	1	1	0.6474	1.1513
72	520	1	818.2623	9	2	90	0	1	0.6462	1.3777
72	521	1	819.8790	11	5	0	1	1	0.6468	1.1041
72	522	1	821.4289	12	12	90	0	1	0.6456	1.1067
72	523	1	822.9790	13	4	90	0	1	0.6444	1.0611
72	524	1	824.5289	11	5	0	1	1	0.6450	0.9342
72	525	1	826.0789	10	6	90	0	1	0.6438	0.6811
72	526	1	827.6289	9	2	90	0	1	0.6426	0.7951
72	527	1	829.1789	11	5	0	1	1	0.6433	0.4611
72	528	1	830.7289	10	6	0	1	1	0.6439	1.1186
72	529	1	832.2789	9	2	0	1	1	0.6446	1.0082
72	530	1	833.8289	12	12	0	0	1	0.6434	0.9792
72	531	1	835.3789	11	5	0	1	1	0.6441	0.7566
72	532	1	836.9289	10	6	0	1	1	0.6447	0.8223
72	533	1	838.4789	11	5	0	1	1	0.6454	1.0812
72	534	1	840.0288	13	4	0	1	1	0.6461	0.9863
72	535	1	841.5788	12	12	0	1	1	0.6467	1.2451
72	536	1	843.1289	11	5	0	1	1	0.6474	1.2463
72	537	1	844.6788	10	6	0	1	1	0.6480	1.0252
72	538	1	846.2289	11	5	0	1	1	0.6487	0.9786
72	539	1	847.7788	13	4	0	1	1	0.6494	0.7564
72	540	1	849.3288	10	6	0	1	1	0.6500	0.5024
72	541	1	850.8788	9	2	90	0	1	0.6488	0.5362
72	542	1	852.4288	11	5	0	1	1	0.6494	0.6512
72	543	1	853.9788	12	12	0	1	1	0.6501	1.2923
72	544	1	855.5288	9	2	0	1	1	0.6507	1.1995
72	545	1	857.0788	8	9	90	0	1	0.6495	1.0407
72	546	1	858.6287	5	14	0	1	1	0.6502	0.6744
72	547	1	860.1787	7	15	0	0	1	0.6490	1.1568
72	548	1	861.7287	6	1	0	1	1	0.6496	0.6944
72	549	1	863.2788	7	15	90	0	1	0.6485	1.1607
72	550	1	864.8287	5	14	0	1	1	0.6491	1.4507
72	551	1	866.4120	8	9	0	1	1	0.6497	1.1315
72	552	1	867.9620	9	2	90	1	1	0.6504	1.2130
72	553	1	869.5120	12	12	90	1	1	0.6510	1.4875
72	554	1	871.1287	13	4	0	1	1	0.6516	1.1184
72	555	1	872.6787	10	6	0	1	1	0.6523	1.0733
72	556	1	874.2287	11	5	0	1	1	0.6529	0.7387
72	557	1	875.7787	13	4	0	1	1	0.6535	0.9965
72	558	1	877.3287	12	12	0	1	1	0.6541	1.0470
72	559	1	878.8787	11	5	0	1	1	0.6547	1.0810
72	560	1	880.4286	9	2	0	0	1	0.6536	1.0828
72	561	1	881.9787	12	12	0	1	1	0.6542	0.5893
72	562	1	883.5286	13	4	0	1	1	0.6548	0.7513
72	563	1	885.0786	12	12	0	1	1	0.6554	0.8008
72	564	1	886.6286	10	6	0	1	1	0.6560	0.6590
72	565	1	888.1786	11	5	0	1	1	0.6566	0.6614
72	566	1	889.7286	10	6	90	0	1	0.6555	0.6151
72	567	1	891.2786	9	2	90	0	1	0.6543	1.0813
72	568	1	892.8286	11	5	0	1	1	0.6549	0.6355
72	569	1	894.3786	9	2	0	1	1	0.6555	0.8608
72	570	1	895.9286	10	6	0	1	1	0.6561	0.9745
72	571	1	897.4785	12	12	0	1	1	0.6567	0.9925
72	572	1	899.0285	9	2	0	1	1	0.6573	1.1235
72	573	1	900.5785	8	9	0	1	1	0.6579	0.8056
72	574	1	902.1285	6	1	0	0	1	0.6568	1.1265
72	575	1	903.6785	5	14	0	1	1	0.6574	0.5845
72	576	1	905.2285	4	11	90	0	1	0.6563	0.9389
72	577	1	906.7785	3	7	0	0	1	0.6551	1.1494
72	578	1	908.3285	1	13	90	0	1	0.6540	0.6071
72	579	1	909.8785	2	10	0	1	1	0.6546	0.7535
72	580	1	911.4285	1	13	90	0	1	0.6534	0.9310
72	581	1	912.9785	2	10	90	1	1	0.6540	0.9815
72	582	1	914.5285	14	3	0	0	1	0.6529	0.9355
72	583	1	916.0784	13	4	0	1	1	0.6535	1.1455
72	584	1	917.6285	10	6	0	1	1	0.6541	1.1466
72	585	1	919.1784	13	4	0	1	1	0.6547	1.4057
72	586	1	920.7284	11	5	0	1	1	0.6553	1.3275
72	587	1	922.2784	10	6	0	1	1	0.6559	1.2169
72	588	1	923.8284	11	5	90	1	1	0.6565	1.1867
72	589	1	925.3784	10	6	0	1	1	0.6570	1.2366
72	590	1	926.9284	9	2	0	1	1	0.6576	1.0946
72	591	1	928.4784	8	9	0	1	1	0.6582	1.2410
72	592	1	930.0284	5	14	0	1	1	0.6588	1.4186
72	593	1	931.6117	6	1	0	0	1	0.6577	1.1640
72	594	1	933.1617	5	14	90	1	1	0.6582	1.3094
72	595	1	934.7117	4	11	0	0	1	0.6571	1.3594
72	596	1	936.3117	3	7	0	0	1	0.6560	1.4079
72	597	1	937.9617	1	13	0	1	1	0.6566	1.4214
72	598	1	939.5783	2	10	0	1	1	0.6572	1.3575
72	599	1	941.1283	15	8	90	1	1	0.6578	1.3107
72	600	1	942.6783	2	10	0	0	1	0.6567	1.4252
72	601	1	1075.3609	14	3	0	-1	0	0.6556	-1.0000
72	602	1	1077.0942	1	13	0	1	1	0.6561	0.9776
72	603	1	1078.6442	14	3	0	1	1	0.6567	1.1707
72	604	1	1080.1942	1	13	0	1	1	0.6573	0.9176
72	605	1	1081.7442	3	7	0	1	1	0.6579	0.7596
72	606	1	1083.2942	1	13	90	0	1	0.6568	1.0176
72	607	1	1084.8442	3	7	0	1	1	0.6573	0.7957
72	608	1	1086.3942	1	13	0	1	1	0.6579	0.7015
72	609	1	1087.9442	3	7	0	1	1	0.6585	0.9272
72	610	1	1089.4942	1	13	0	1	1	0.6590	0.7848
72	611	1	1091.0442	3	7	90	0	1	0.6579	0.8028
72	612	1	1092.5941	1	13	0	1	1	0.6585	0.6768
72	613	1	1094.1441	3	7	0	0	1	0.6574	0.6796
72	614	1	1095.6941	15	8	0	0	1	0.6564	1.4008
72	615	1	1097.3274	3	7	0	1	1	0.6569	0.7125
72	616	1	1098.8774	4	11	0	1	1	0.6575	0.7775
72	617	1	1100.4274	3	7	0	1	1	0.6580	0.7315
72	618	1	1101.9774	1	13	0	1	1	0.6586	0.6544
72	619	1	1103.5274	15	8	0	1	1	0.6591	0.7677
72	620	1	1105.0774	2	10	0	1	1	0.6597	0.6899
72	621	1	1106.6274	3	7	0	1	1	0.6602	0.7720
72	622	1	1108.1774	4	11	0	1	1	0.6608	0.7746
72	623	1	1109.7274	5	14	0	1	1	0.6613	0.7605
72	624	1	1111.2774	4	11	0	1	1	0.6619	0.8905
72	625	1	1112.8274	7	15	0	1	1	0.6624	1.2444
72	626	1	1114.3774	5	14	0	1	1	0.6629	1.0696
72	627	1	1115.9273	6	1	0	1	1	0.6635	0.9439
72	628	1	1117.4773	5	14	0	1	1	0.6640	0.6911
72	629	1	1119.0273	6	1	0	1	1	0.6645	0.7404
72	630	1	1120.5773	7	15	0	1	1	0.6651	0.9345
72	631	1	1122.1273	5	14	0	1	1	0.6656	1.0325
72	632	1	1123.6773	8	9	0	1	1	0.6661	0.8416
72	633	1	1125.2273	9	2	0	1	1	0.6667	0.8607
72	634	1	1126.7773	8	9	0	1	1	0.6672	0.7181
72	635	1	1128.3273	9	2	0	1	1	0.6677	0.6884
72	636	1	1129.8773	10	6	0	1	1	0.6682	0.7385
72	637	1	1131.4273	12	12	0	1	1	0.6688	0.7245
72	638	1	1132.9772	9	2	0	1	1	0.6693	0.6306
72	639	1	1134.5272	8	9	0	1	1	0.6698	0.7117
72	640	1	1136.0772	6	1	0	1	1	0.6703	0.5866
72	641	1	1137.6272	7	15	90	1	1	0.6708	1.0037
72	642	1	1139.1772	5	14	0	1	1	0.6713	0.6377
72	643	1	1140.7272	7	15	0	1	1	0.6719	0.5757
72	644	1	1142.2772	5	14	0	1	1	0.6724	0.5789
72	645	1	1143.8272	4	11	0	1	1	0.6729	0.6126
72	646	1	1145.3772	7	15	0	1	1	0.6734	0.5337
72	647	1	1146.9272	8	9	0	1	1	0.6739	0.5837
72	648	1	1148.4772	5	14	90	0	1	0.6728	0.5540
72	649	1	1150.0272	4	11	90	0	1	0.6718	0.7161
72	650	1	1151.5772	5	14	0	1	1	0.6723	0.7342
72	651	1	1153.1271	6	1	0	1	1	0.6728	0.7366
72	652	1	1154.6771	8	9	0	1	1	0.6733	0.6261
72	653	1	1156.2271	6	1	0	1	1	0.6738	0.5803
72	654	1	1157.7771	7	15	0	1	1	0.6743	0.7907
72	655	1	1159.3271	4	11	0	1	1	0.6748	0.8398
72	656	1	1160.8771	3	7	90	1	1	0.6753	1.0339
72	657	1	1162.4271	4	11	90	0	1	0.6743	0.9398
72	658	1	1163.9771	7	15	90	1	1	0.6748	0.9577
72	659	1	1165.5271	5	14	0	1	1	0.6753	0.6567
72	660	1	1167.0770	7	15	0	1	1	0.6758	1.0418
72	661	1	1168.6270	4	11	0	1	1	0.6762	1.1083
72	662	1	1170.1771	3	7	0	1	1	0.6767	1.2223
72	663	1	1171.7270	1	13	0	1	1	0.6772	1.2079
72	664	1	1173.2770	15	8	90	1	1	0.6777	1.1627
72	665	1	1174.8270	14	3	0	0	1	0.6767	1.3417
72	666	1	1176.3937	13	4	90	0	1	0.6757	1.1179
72	667	1	1177.9437	12	12	90	0	1	0.6747	1.0392
72	668	1	1179.4936	13	4	0	1	1	0.6751	0.7542
72	669	1	1181.0436	12	12	0	1	1	0.6756	1.2036
72	670	1	1182.5936	11	5	0	1	1	0.6761	1.3333
72	671	1	1184.1436	9	2	0	1	1	0.6766	1.1281
72	672	1	1185.6936	8	9	0	1	1	0.6771	1.1141
72	673	1	1187.2436	9	2	0	1	1	0.6776	1.1477
72	674	1	1188.7936	8	9	90	1	1	0.6780	1.2142
72	675	1	1190.3436	5	14	0	1	1	0.6785	1.0562
72	676	1	1191.8936	6	1	0	1	1	0.6790	1.2018
72	677	1	1193.4436	7	15	0	1	1	0.6795	1.2677
72	678	1	1194.9936	5	14	0	1	1	0.6799	0.8221
72	679	1	1196.5436	6	1	0	1	1	0.6804	1.1281
72	680	1	1198.0935	8	9	0	1	1	0.6809	1.1938
72	681	1	1199.6436	5	14	0	1	1	0.6814	0.7800
72	682	1	1201.1935	8	9	0	1	1	0.6818	0.9107
72	683	1	1202.7435	6	1	0	1	1	0.6823	0.7683
72	684	1	1204.2935	7	15	0	1	1	0.6827	1.4582
72	685	1	1205.9268	4	11	0	1	1	0.6832	1.2481
72	686	1	1207.4768	7	15	90	1	1	0.6837	1.2833
72	687	1	1209.0268	5	14	0	1	1	0.6841	1.1721
72	688	1	1210.5768	8	9	0	1	1	0.6846	1.2230
72	689	1	1212.1268	6	1	0	1	1	0.6851	1.0161
72	690	1	1213.6768	8	9	0	1	1	0.6855	1.0665
72	691	1	1215.2268	5	14	0	1	1	0.6860	1.2130
72	692	1	1216.7768	6	1	0	1	1	0.6864	1.1671
72	693	1	1218.3268	5	14	0	1	1	0.6869	1.1844
72	694	1	1219.8767	4	11	0	1	1	0.6873	1.0911
72	695	1	1221.4268	3	7	90	1	1	0.6878	1.0132
72	696	1	1222.9767	15	8	0	1	1	0.6882	1.0789
72	697	1	1224.5267	14	3	0	0	1	0.6872	1.1450
72	698	1	1226.0767	1	13	0	1	1	0.6877	1.4986
72	699	1	1227.7434	15	8	90	1	1	0.6881	1.1595
72	700	1	1229.2934	3	7	0	-1	0	0.6871	-1.0000
72	701	1	1231.1100	1	13	0	1	1	0.6876	1.0570
72	702	1	1232.6600	3	7	0	0	1	0.6866	1.2517
72	703	1	1234.2100	2	10	0	1	1	0.6871	0.8538
72	704	1	1235.7600	3	7	0	1	1	0.6875	1.0157
72	705	1	1237.3100	1	13	0	1	1	0.6879	1.1772
72	706	1	1238.8600	15	8	90	1	1	0.6884	1.1953
72	707	1	1240.4100	14	3	0	0	1	0.6874	1.3898
72	708	1	1242.0266	2	10	0	1	1	0.6879	0.7003
72	709	1	1243.5766	15	8	0	1	1	0.6883	0.8622
72	710	1	1245.1266	2	10	0	1	1	0.6887	0.7043
72	711	1	1246.6766	1	13	0	1	1	0.6892	0.5466
72	712	1	1248.2266	14	3	90	0	1	0.6882	0.7091
72	713	1	1249.7766	1	13	0	1	1	0.6886	0.8232
72	714	1	1251.3266	15	8	90	1	1	0.6891	0.8407
72	715	1	1252.8766	1	13	0	1	1	0.6895	0.8112
72	716	1	1254.4266	3	7	90	1	1	0.6899	0.9882
72	717	1	1255.9766	15	8	0	1	1	0.6904	0.8303
72	718	1	1257.5265	3	7	0	-1	0	0.6894	-1.0000
72	719	1	1259.2432	4	11	0	1	1	0.6898	0.6836
72	720	1	1260.7932	5	14	0	1	1	0.6903	0.8617
72	721	1	1262.3432	6	1	90	0	1	0.6893	0.8486
72	722	1	1263.8932	5	14	0	1	1	0.6898	0.8825
72	723	1	1265.4432	4	11	0	1	1	0.6902	0.9805
72	724	1	1266.9932	7	15	0	1	1	0.6906	1.0461
72	725	1	1268.5431	5	14	0	1	1	0.6910	0.8405
72	726	1	1270.0931	4	11	0	1	1	0.6915	0.9861
72	727	1	1271.6431	7	15	90	1	1	0.6919	1.0525
72	728	1	1273.1932	5	14	0	1	1	0.6923	1.1506
72	729	1	1274.7431	4	11	90	0	1	0.6914	0.9447
72	730	1	1276.2931	5	14	0	1	1	0.6918	0.6426
72	731	1	1277.8431	8	9	0	1	1	0.6922	1.0445
72	732	1	1279.3931	5	14	0	1	1	0.6926	0.7741
72	733	1	1280.9431	8	9	0	1	1	0.6930	0.7923
72	734	1	1282.4931	6	1	0	1	1	0.6935	0.7146
72	735	1	1284.0431	5	14	90	1	1	0.6939	1.0521
72	736	1	1285.5930	8	9	90	1	1	0.6943	1.0706
72	737	1	1287.1430	5	14	90	0	1	0.6934	1.1526
72	738	1	1288.6930	7	15	0	1	1	0.6938	1.0424
72	739	1	1290.2430	4	11	0	-1	0	0.6928	-1.0000
72	740	1	1291.9764	5	14	0	1	1	0.6932	0.0167
72	741	1	1293.5264	6	1	0	1	1	0.6937	0.9933
72	742	1	1295.0764	4	11	0	1	1	0.6941	0.8984
72	743	1	1296.6263	6	1	90	0	1	0.6931	0.9325
72	744	1	1298.1763	5	14	0	1	1	0.6935	0.6305
72	745	1	1299.7264	6	1	0	1	1	0.6940	0.6973
72	746	1	1301.2763	5	14	0	1	1	0.6944	0.7145
72	747	1	1302.8263	8	9	0	1	1	0.6948	0.9725
72	748	1	1304.3763	7	15	0	1	1	0.6952	1.1030
72	749	1	1305.9263	5	14	0	1	1	0.6956	1.2657
72	750	1	1307.4763	4	11	0	1	1	0.6960	1.2194
72	751	1	1309.0263	6	1	0	1	1	0.6964	0.9014
72	752	1	1310.5762	4	11	0	1	1	0.6968	1.1754
72	753	1	1312.1262	3	7	0	1	1	0.6972	0.8405
72	754	1	1313.6762	15	8	0	1	1	0.6976	0.8586
72	755	1	1315.2262	2	10	0	0	1	0.6967	1.3250
72	756	1	1316.7762	1	13	0	1	1	0.6971	0.8474
72	757	1	1318.3262	15	8	90	1	1	0.6975	0.8814
72	758	1	1319.8762	14	3	0	-1	0	0.6966	-1.0000
72	759	1	1321.6095	15	8	0	1	1	0.6970	0.8452
72	760	1	1323.1595	1	13	0	1	1	0.6974	0.7841
72	761	1	1324.7095	3	7	90	1	1	0.6978	0.9933
72	762	1	1326.2595	2	10	0	1	1	0.6982	1.2198
72	763	1	1327.8095	15	8	0	1	1	0.6986	1.0617
72	764	1	1329.3595	1	13	0	1	1	0.6990	1.1122
72	765	1	1330.9095	3	7	90	1	1	0.6993	1.1133
72	766	1	1332.4595	1	13	0	1	1	0.6997	1.1473
72	767	1	1334.0095	15	8	0	1	1	0.7001	0.9093
72	768	1	1335.5595	3	7	0	0	1	0.6992	0.9762
72	769	1	1337.1094	2	10	0	1	1	0.6996	0.4653
72	770	1	1338.6594	1	13	0	1	1	0.7000	0.6758
72	771	1	1340.2094	14	3	0	1	1	0.7004	0.8861
72	772	1	1341.7594	15	8	0	1	1	0.7008	0.6964
72	773	1	1343.3094	14	3	0	1	1	0.7012	0.8102
72	774	1	1344.8594	1	13	0	1	1	0.7016	0.7482
72	775	1	1346.4094	15	8	90	-1	0	0.7006	-1.0000
72	776	1	1348.1427	2	10	0	0	1	0.6997	0.1208
72	777	1	1349.6927	14	3	0	-1	0	0.6988	-1.0000
72	778	1	1351.4427	15	8	0	1	1	0.6992	0.7249
72	779	1	1352.9927	14	3	90	1	1	0.6996	0.9190
72	780	1	1354.5427	13	4	0	1	1	0.7000	0.7127
72	781	1	1356.0927	10	6	90	0	1	0.6991	0.7141
72	782	1	1357.6427	11	5	0	1	1	0.6995	0.9570
72	783	1	1359.1927	9	2	0	1	1	0.6999	0.8147
72	784	1	1360.7426	10	6	0	1	1	0.7003	0.8005
72	785	1	1362.2926	9	2	0	1	1	0.7006	0.9305
72	786	1	1363.8426	12	12	0	0	1	0.6997	0.9641
72	787	1	1365.3926	10	6	0	1	1	0.7001	0.5821
72	788	1	1366.9426	13	4	0	1	1	0.7005	0.8890
72	789	1	1368.4926	11	5	90	0	1	0.6996	0.7629
72	790	1	1370.0426	13	4	0	1	1	0.7000	0.4931
72	791	1	1371.5926	10	6	0	1	1	0.7004	0.6550
72	792	1	1373.1426	11	5	0	1	1	0.7008	0.6571
72	793	1	1374.6926	13	4	0	1	1	0.7011	0.6901
72	794	1	1376.2426	12	12	0	1	1	0.7015	0.7891
72	795	1	1377.7926	9	2	90	0	1	0.7006	0.7431
72	796	1	1379.3425	10	6	0	1	1	0.7010	0.6648
72	797	1	1380.8925	12	12	90	0	1	0.7001	0.8102
72	798	1	1382.4425	10	6	0	1	1	0.7005	0.5090
72	799	1	1383.9925	9	2	0	1	1	0.7009	0.6391
72	800	1	1385.5425	10	6	90	0	1	0.7000	0.6091
72	801	1	1387.0925	11	5	0	1	1	0.7004	0.6594
72	802	1	1388.6425	9	2	0	1	1	0.7007	0.8202
72	803	1	1390.1925	8	9	0	1	1	0.7011	0.9671
72	804	1	1391.7425	5	14	0	1	1	0.7015	0.8723
72	805	1	1393.2925	4	11	0	1	1	0.7019	1.0030
72	806	1	1394.8425	5	14	0	1	1	0.7022	0.8613
72	807	1	1396.3925	4	11	0	1	1	0.7026	0.9425
72	808	1	1397.9424	3	7	0	1	1	0.7030	1.4248
72	809	1	1399.4924	1	13	0	1	1	0.7033	1.0423
72	810	1	1401.0425	2	10	0	1	1	0.7037	1.1728
72	811	1	1402.5924	3	7	0	1	1	0.7041	1.1263
72	812	1	1404.1424	15	8	0	1	1	0.7044	1.0003
72	813	1	1405.6924	2	10	0	1	1	0.7048	0.6832
72	814	1	1407.2424	15	8	0	1	1	0.7052	0.7009
72	815	1	1408.7924	14	3	0	1	1	0.7055	0.8787
72	816	1	1410.3424	2	10	0	1	1	0.7059	0.8331
72	817	1	1411.8924	1	13	90	1	1	0.7062	1.0908
72	818	1	1413.4424	2	10	0	1	1	0.7066	1.1087
72	819	1	1414.9924	3	7	0	1	1	0.7070	1.1593
72	820	1	1416.5424	2	10	90	0	1	0.7061	1.1443
72	821	1	1418.0924	14	3	0	1	1	0.7065	1.1633
72	822	1	1419.6423	15	8	0	1	1	0.7068	1.2444
72	823	1	1421.1923	1	13	0	1	1	0.7072	1.3264
72	824	1	1422.7423	14	3	0	1	1	0.7075	1.2493
72	825	1	1424.2923	1	13	0	1	1	0.7079	1.2993
72	826	1	1425.8423	14	3	0	1	1	0.7082	1.4133
72	827	1	1427.3923	13	4	0	0	1	0.7074	1.3189
72	828	1	1428.9423	14	3	0	1	1	0.7077	0.9693
72	829	1	1430.4923	1	13	0	1	1	0.7081	0.8434
72	830	1	1432.0422	3	7	0	1	1	0.7084	1.0524
72	831	1	1433.5923	1	13	0	1	1	0.7088	0.8309
72	832	1	1435.1422	3	7	90	1	1	0.7091	1.1048
72	833	1	1436.6922	15	8	90	1	1	0.7095	1.2674
72	834	1	1438.2423	3	7	0	1	1	0.7098	1.3330
72	835	1	1439.7922	2	10	90	0	1	0.7090	1.1587
72	836	1	1441.3422	1	13	0	1	1	0.7093	1.0165
72	837	1	1442.8922	3	7	0	1	1	0.7097	1.3234
72	838	1	1444.4422	2	10	0	1	1	0.7100	1.1973
72	839	1	1445.9922	14	3	90	1	1	0.7104	1.2314
72	840	1	1447.5422	1	13	0	1	1	0.7107	1.1845
72	841	1	1449.0922	15	8	0	1	1	0.7111	1.0905
72	842	1	1450.6422	1	13	0	1	1	0.7114	1.1094
72	843	1	1452.1922	14	3	0	1	1	0.7117	1.3026
72	844	1	1453.7422	13	4	0	1	1	0.7121	1.1607
72	845	1	1455.2922	14	3	0	1	1	0.7124	1.1305
72	846	1	1456.8422	2	10	0	1	1	0.7128	1.0854
72	847	1	1458.3922	1	13	0	1	1	0.7131	0.8626
72	848	1	1459.9421	3	7	0	1	1	0.7134	1.1049
72	849	1	1461.4921	15	8	0	1	1	0.7138	1.0755
72	850	1	1463.0421	3	7	0	1	1	0.7141	1.1887
72	851	1	1464.5921	4	11	0	0	1	0.7133	1.3986
72	852	1	1466.2088	3	7	0	1	1	0.7136	0.8382
72	853	1	1467.7587	2	10	0	1	1	0.7140	0.8244
72	854	1	1469.3087	3	7	0	1	1	0.7143	1.0509
72	855	1	1470.8587	4	11	0	1	1	0.7146	0.7959
72	856	1	1472.4087	7	15	0	0	1	0.7138	1.1508
72	857	1	1473.9587	4	11	90	0	1	0.7130	0.8639
72	858	1	1475.5087	3	7	0	1	1	0.7133	0.6587
72	859	1	1477.0587	4	11	0	1	1	0.7136	0.6920
72	860	1	1478.6087	5	14	90	1	1	0.7140	1.3509
72	861	1	1480.1587	6	1	0	-1	0	0.7131	-1.0000
72	862	1	1481.8920	4	11	0	1	1	0.7135	1.1715
72	863	1	1483.4420	7	15	0	1	1	0.7138	1.1575
72	864	1	1484.9920	6	1	0	1	1	0.7141	1.1587
72	865	1	1486.5420	7	15	90	1	1	0.7145	1.2255
72	866	1	1488.0920	5	14	90	0	1	0.7136	0.9387
72	867	1	1489.6420	8	9	0	1	1	0.7140	0.9727
72	868	1	1491.1920	7	15	0	1	1	0.7143	0.9276
72	869	1	1492.7420	5	14	0	1	1	0.7146	0.9138
72	870	1	1494.2920	6	1	0	1	1	0.7149	1.0107
72	871	1	1495.8419	7	15	90	1	1	0.7153	1.0613
72	872	1	1497.3919	5	14	0	1	1	0.7156	0.7913
72	873	1	1498.9419	4	11	90	0	1	0.7148	0.8096
72	874	1	1500.4919	3	7	0	1	1	0.7151	0.7147
72	875	1	1502.0419	2	10	0	1	1	0.7154	0.6688
72	876	1	1503.5919	14	3	90	1	1	0.7158	1.1831
72	877	1	1505.1419	13	4	90	0	1	0.7149	1.3617
72	878	1	1506.7252	12	12	0	1	1	0.7153	1.2981
72	879	1	1508.2752	13	4	0	1	1	0.7156	1.3318
72	880	1	1509.8252	12	12	0	1	1	0.7159	1.2384
72	881	1	1511.3752	13	4	0	1	1	0.7162	1.1275
72	882	1	1512.9252	14	3	0	1	1	0.7166	1.1304
72	883	1	1514.4752	15	8	0	1	1	0.7169	0.9554
72	884	1	1516.0252	14	3	0	1	1	0.7172	0.9099
72	885	1	1517.5751	2	10	0	0	1	0.7164	1.1200
72	886	1	1519.1251	3	7	0	1	1	0.7167	0.6255
72	887	1	1520.6751	15	8	0	1	1	0.7170	0.8050
72	888	1	1522.2251	14	3	0	1	1	0.7173	0.8538
72	889	1	1523.7751	15	8	0	1	1	0.7177	0.6642
72	890	1	1525.3252	1	13	0	1	1	0.7180	0.7945
72	891	1	1526.8751	14	3	0	1	1	0.7183	0.7484
72	892	1	1528.4251	1	13	0	1	1	0.7186	0.7663
72	893	1	1529.9751	14	3	0	1	1	0.7189	0.6884
72	894	1	1531.5251	13	4	0	1	1	0.7192	0.8506
72	895	1	1533.0751	12	12	0	1	1	0.7196	0.8676
72	896	1	1534.6251	11	5	90	0	1	0.7188	1.1264
72	897	1	1536.1751	13	4	0	1	1	0.7191	0.9035
72	898	1	1537.7250	10	6	0	1	1	0.7194	1.2902
72	899	1	1539.2750	13	4	0	1	1	0.7197	1.1796
72	900	1	1540.8250	12	12	90	1	1	0.7200	1.1504
72	901	1	1542.3750	11	5	0	1	1	0.7203	0.8476
72	902	1	1543.9250	12	12	0	1	1	0.7206	1.4905
72	903	1	1545.5917	10	6	0	1	1	0.7209	1.1993
72	904	1	1547.1417	11	5	90	0	1	0.7201	1.0730
72	905	1	1548.6917	10	6	0	1	1	0.7204	0.9150
72	906	1	1550.2417	13	4	0	1	1	0.7208	0.7735
72	907	1	1551.7916	14	3	0	1	1	0.7211	0.7270
72	908	1	1553.3416	13	4	0	1	1	0.7214	0.6654
72	909	1	1554.8916	12	12	0	1	1	0.7217	0.7630
72	910	1	1556.4416	13	4	0	1	1	0.7220	0.6693
72	911	1	1557.9916	10	6	0	1	1	0.7223	0.5919
72	912	1	1559.5416	11	5	0	1	1	0.7226	0.6410
72	913	1	1561.0916	13	4	0	1	1	0.7229	0.5640
72	914	1	1562.6416	14	3	90	0	1	0.7221	0.8691
72	915	1	1564.1916	15	8	90	1	1	0.7224	0.9191
72	916	1	1565.7416	1	13	0	1	1	0.7227	0.8419
72	917	1	1567.2916	15	8	0	1	1	0.7230	0.7150
72	918	1	1568.8415	2	10	0	1	1	0.7233	0.8291
72	919	1	1570.3915	1	13	0	1	1	0.7236	0.6555
72	920	1	1571.9415	2	10	0	1	1	0.7239	0.5940
72	921	1	1573.4915	15	8	0	1	1	0.7242	0.3559
72	922	1	1575.0415	3	7	0	1	1	0.7245	0.7419
72	923	1	1576.5915	4	11	0	1	1	0.7248	0.4720
72	924	1	1578.1415	6	1	0	1	1	0.7251	0.6660
72	925	1	1579.6915	8	9	0	1	1	0.7254	0.7155
72	926	1	1581.2415	9	2	0	1	1	0.7257	0.6371
72	927	1	1582.7915	8	9	0	1	1	0.7260	0.6235
72	928	1	1584.3415	5	14	90	0	1	0.7252	0.7541
72	929	1	1585.8915	8	9	0	1	1	0.7255	0.6751
72	930	1	1587.4414	9	2	0	1	1	0.7258	0.6605
72	931	1	1588.9914	11	5	0	1	1	0.7261	0.5839
72	932	1	1590.5414	10	6	0	1	1	0.7264	0.7131
72	933	1	1592.0914	11	5	90	0	1	0.7256	0.7636
72	934	1	1593.6414	9	2	90	0	1	0.7248	0.5741
72	935	1	1595.1914	12	12	90	0	1	0.7241	0.6232
72	936	1	1596.7414	13	4	0	1	1	0.7244	0.7372
72	937	1	1598.2914	11	5	90	0	1	0.7236	0.8996
72	938	1	1599.8414	12	12	0	1	1	0.7239	1.2378
72	939	1	1601.3914	11	5	0	1	1	0.7242	0.7922
72	940	1	1602.9414	9	2	0	1	1	0.7245	0.6492
72	941	1	1604.4914	8	9	0	1	1	0.7248	0.6672
72	942	1	1606.0414	5	14	90	0	1	0.7240	0.7172
72	943	1	1607.5913	8	9	0	1	1	0.7243	0.5756
72	944	1	1609.1413	5	14	0	1	1	0.7246	0.6572
72	945	1	1610.6913	4	11	90	0	1	0.7238	0.8837
72	946	1	1612.2414	6	1	0	1	1	0.7241	0.7092
72	947	1	1613.7913	5	14	0	1	1	0.7244	0.5837
72	948	1	1615.3413	4	11	0	0	1	0.7236	1.1301
72	949	1	1616.8913	6	1	0	1	1	0.7239	0.4273
72	950	1	1618.4413	7	15	0	1	1	0.7242	1.0540
72	951	1	1619.9913	6	1	0	1	1	0.7245	0.7997
72	952	1	1621.5413	5	14	0	1	1	0.7248	0.7377
72	953	1	1623.0913	6	1	0	1	1	0.7251	0.9323
72	954	1	1624.6412	5	14	0	1	1	0.7254	0.7258
72	955	1	1626.1912	7	15	0	1	1	0.7257	0.8882
72	956	1	1627.7412	4	11	90	0	1	0.7249	0.7302
72	957	1	1629.2912	5	14	0	1	1	0.7252	0.9073
72	958	1	1630.8412	6	1	0	1	1	0.7255	1.2618
72	959	1	1632.3912	7	15	0	1	1	0.7258	0.8324
72	960	1	1633.9412	4	11	0	1	1	0.7260	1.2343
72	961	1	1635.4912	7	15	90	1	1	0.7263	1.2034
72	962	1	1637.0412	8	9	0	1	1	0.7266	1.0303
72	963	1	1638.5912	5	14	0	1	1	0.7269	1.1756
72	964	1	1640.1412	8	9	0	1	1	0.7272	0.9538
72	965	1	1641.6912	6	1	90	0	1	0.7264	0.7802
72	966	1	1643.2412	5	14	0	1	1	0.7267	0.5418
72	967	1	1644.7911	6	1	0	1	1	0.7270	0.7038
72	968	1	1646.3411	4	11	0	1	1	0.7273	0.8503
72	969	1	1647.8911	3	7	0	1	1	0.7276	0.7074
72	970	1	1649.4411	4	11	0	1	1	0.7278	1.0455
72	971	1	1650.9911	3	7	0	1	1	0.7281	1.0157
72	972	1	1652.5411	4	11	0	1	1	0.7284	1.0025
72	973	1	1654.0911	3	7	0	1	1	0.7287	0.6674
72	974	1	1655.6411	15	8	0	1	1	0.7290	0.8942
72	975	1	1657.1911	1	13	90	1	1	0.7292	1.1034
72	976	1	1658.7411	3	7	0	1	1	0.7295	0.9304
72	977	1	1660.2911	2	10	0	1	1	0.7298	0.8683
72	978	1	1661.8411	14	3	0	1	1	0.7301	0.8375
72	979	1	1663.3910	13	4	0	1	1	0.7303	0.9195
72	980	1	1664.9411	10	6	0	1	1	0.7306	1.0025
72	981	1	1666.4910	13	4	0	1	1	0.7309	0.8601
72	982	1	1668.0410	11	5	0	1	1	0.7312	0.7024
72	983	1	1669.5910	12	12	90	0	1	0.7304	0.7525
72	984	1	1671.1410	11	5	0	1	1	0.7307	0.6261
72	985	1	1672.6910	12	12	0	1	1	0.7310	0.6918
72	986	1	1674.2410	10	6	0	1	1	0.7312	1.1104
72	987	1	1675.7910	11	5	0	1	1	0.7315	1.1121
72	988	1	1677.3410	13	4	0	-1	0	0.7308	-1.0000
72	989	1	1679.0743	12	12	90	0	1	0.7300	1.0287
72	990	1	1680.6243	11	5	90	1	1	0.7303	0.8547
72	991	1	1682.1744	9	2	0	1	1	0.7306	0.9841
72	992	1	1683.7243	10	6	90	0	1	0.7298	1.1143
72	993	1	1685.2743	13	4	0	1	1	0.7301	0.7811
72	994	1	1686.8243	12	12	0	1	1	0.7304	0.6866
72	995	1	1688.3743	11	5	0	1	1	0.7307	0.7202
72	996	1	1689.9242	9	2	0	1	1	0.7309	0.6108
72	997	1	1691.4742	10	6	0	1	1	0.7312	0.4526
72	998	1	1693.0243	11	5	0	1	1	0.7315	0.6791
72	999	1	1694.5742	13	4	0	1	1	0.7317	0.6163
72	1000	1	1696.1243	12	12	0	1	1	0.7320	0.7308
72	1001	1	1697.6742	10	6	0	1	1	0.7323	0.8283
72	1002	1	1699.2242	13	4	0	1	1	0.7325	0.8464
72	1003	1	1700.7742	14	3	90	0	1	0.7318	0.8333
72	1004	1	1702.3242	2	10	0	1	1	0.7321	0.7232
72	1005	1	1703.8743	14	3	0	1	1	0.7323	0.3731
72	1006	1	1705.4242	15	8	0	1	1	0.7326	0.3112
72	1007	1	1706.9742	1	13	0	1	1	0.7329	0.2653
72	1008	1	1708.5242	3	7	90	0	1	0.7321	0.3468
72	1009	1	1710.0741	2	10	90	0	1	0.7314	0.3013
72	1010	1	1711.6241	14	3	0	1	1	0.7317	0.3832
72	1011	1	1713.1741	2	10	0	1	1	0.7319	0.6729
72	1012	1	1714.7241	15	8	90	1	1	0.7322	0.9144
72	1013	1	1716.2741	3	7	0	1	1	0.7325	1.0773
72	1014	1	1717.8241	1	13	0	1	1	0.7327	0.9984
72	1015	1	1719.3741	15	8	90	1	1	0.7330	1.0166
72	1016	1	1720.9241	3	7	0	1	1	0.7333	0.6028
72	1017	1	1722.4741	2	10	0	1	1	0.7335	0.7653
72	1018	1	1724.0241	15	8	0	1	1	0.7338	0.6713
72	1019	1	1725.5740	3	7	0	1	1	0.7341	0.6568
72	1020	1	1727.1241	4	11	0	1	1	0.7343	0.6754
72	1021	1	1728.6740	5	14	90	0	1	0.7336	0.3415
72	1022	1	1730.2241	6	1	0	1	1	0.7339	0.3430
72	1023	1	1731.7740	7	15	0	1	1	0.7341	0.8093
72	1024	1	1733.3240	8	9	0	1	1	0.7344	0.8749
72	1025	1	1734.8740	7	15	0	1	1	0.7346	1.1005
72	1026	1	1736.4240	5	14	0	1	1	0.7349	0.8786
72	1027	1	1737.9740	6	1	0	1	1	0.7352	0.9297
72	1028	1	1739.5239	8	9	0	1	1	0.7354	1.0595
72	1029	1	1741.0740	7	15	0	1	1	0.7357	0.8533
72	1030	1	1742.6240	8	9	0	1	1	0.7359	0.7114
72	1031	1	1744.1740	7	15	0	1	1	0.7362	0.7128
72	1032	1	1745.7239	8	9	0	1	1	0.7364	0.6349
72	1033	1	1747.2739	5	14	0	1	1	0.7367	0.6526
72	1034	1	1748.8239	8	9	90	1	1	0.7369	1.1345
72	1035	1	1750.3739	6	1	0	1	1	0.7372	0.8495
72	1036	1	1751.9239	7	15	90	1	1	0.7375	1.2835
72	1037	1	1753.4739	6	1	0	1	1	0.7377	0.9654
72	1038	1	1755.0239	7	15	0	1	1	0.7380	0.9515
72	1039	1	1756.5739	5	14	0	1	1	0.7382	0.6492
72	1040	1	1758.1239	4	11	0	1	1	0.7385	0.7946
72	1041	1	1759.6739	6	1	0	1	1	0.7387	0.6530
72	1042	1	1761.2239	5	14	90	0	1	0.7380	0.6870
72	1043	1	1762.7738	7	15	0	1	1	0.7383	0.5610
72	1044	1	1764.3239	8	9	0	1	1	0.7385	0.6916
72	1045	1	1765.8738	7	15	0	1	1	0.7388	0.6135
72	1046	1	1767.4238	6	1	0	1	1	0.7390	0.5196
72	1047	1	1768.9738	7	15	0	1	1	0.7393	0.6806
72	1048	1	1770.5238	6	1	90	0	1	0.7385	0.7156
72	1049	1	1772.0738	7	15	90	0	1	0.7378	0.4137
72	1050	1	1773.6238	5	14	90	0	1	0.7371	0.7036
72	1051	1	1775.1738	4	11	0	1	1	0.7374	0.6579
72	1052	1	1776.7238	3	7	0	1	1	0.7376	0.8676
72	1053	1	1778.2738	2	10	90	0	1	0.7369	0.7897
72	1054	1	1779.8238	3	7	0	1	1	0.7372	0.5670
72	1055	1	1781.3737	4	11	90	0	1	0.7365	1.0167
72	1056	1	1782.9237	3	7	0	1	1	0.7367	0.7316
72	1057	1	1784.4737	2	10	0	1	1	0.7370	0.7650
72	1058	1	1786.0237	14	3	0	-1	0	0.7363	-1.0000
72	1059	1	1787.7571	1	13	0	1	1	0.7365	0.8102
72	1060	1	1789.3070	3	7	0	1	1	0.7368	0.6205
72	1061	1	1790.8570	1	13	0	1	1	0.7370	0.7978
72	1062	1	1792.4070	14	3	90	1	1	0.7373	1.0554
72	1063	1	1793.9570	2	10	0	1	1	0.7375	0.7535
72	1064	1	1795.5070	3	7	0	1	1	0.7378	0.8843
72	1065	1	1797.0570	15	8	0	1	1	0.7380	0.6935
72	1066	1	1798.6070	3	7	0	1	1	0.7383	0.7759
72	1067	1	1800.1570	4	11	90	0	1	0.7376	0.8738
72	1068	1	1801.7070	5	14	0	1	1	0.7378	1.0524
72	1069	1	1803.2570	6	1	0	1	1	0.7381	0.8626
72	1070	1	1804.8070	8	9	90	1	1	0.7383	1.4879
72	1071	1	1806.4736	7	15	0	1	1	0.7386	0.8937
72	1072	1	1808.0236	6	1	0	1	1	0.7388	1.1997
72	1073	1	1809.5736	8	9	0	1	1	0.7390	0.7052
72	1074	1	1811.1236	7	15	0	1	1	0.7393	0.7071
72	1075	1	1812.6736	8	9	0	1	1	0.7395	0.6937
72	1076	1	1814.2236	6	1	0	1	1	0.7398	0.6629
72	1077	1	1815.7736	7	15	0	1	1	0.7400	0.5054
72	1078	1	1817.3236	5	14	0	1	1	0.7403	0.1552
72	1079	1	1818.8735	7	15	0	1	1	0.7405	0.6046
72	1080	1	1820.4235	5	14	90	0	1	0.7398	0.6558
72	1081	1	1821.9736	4	11	0	1	1	0.7401	0.8493
72	1082	1	1823.5235	5	14	90	0	1	0.7394	0.6909
72	1083	1	1825.0735	7	15	0	1	1	0.7396	0.4694
72	1084	1	1826.6235	8	9	0	1	1	0.7399	0.8711
72	1085	1	1828.1735	7	15	90	0	1	0.7392	0.9699
72	1086	1	1829.7235	4	11	0	1	1	0.7394	0.6194
72	1087	1	1831.2735	5	14	0	1	1	0.7397	0.5413
72	1088	1	1832.8235	4	11	90	0	1	0.7390	0.7034
72	1089	1	1834.3735	5	14	90	0	1	0.7383	0.5619
72	1090	1	1835.9235	7	15	0	1	1	0.7385	0.5950
72	1091	1	1837.4735	8	9	0	1	1	0.7388	0.6458
72	1092	1	1839.0235	7	15	0	1	1	0.7390	0.6950
72	1093	1	1840.5734	5	14	0	1	1	0.7392	0.6010
72	1094	1	1842.1234	8	9	0	1	1	0.7395	0.5719
72	1095	1	1843.6734	5	14	0	1	1	0.7397	0.6855
72	1096	1	1845.2234	8	9	0	1	1	0.7400	0.5590
72	1097	1	1846.7734	6	1	0	1	1	0.7402	0.5299
72	1098	1	1848.3234	4	11	0	0	1	0.7395	0.8670
72	1099	1	1849.8734	5	14	0	1	1	0.7398	0.3730
72	1100	1	1851.4234	8	9	90	1	1	0.7400	0.8390
72	1101	1	1852.9734	6	1	90	1	1	0.7402	1.0491
72	1102	1	1854.5234	7	15	90	1	1	0.7405	1.3083
72	1103	1	1856.0734	4	11	0	1	1	0.7407	0.8779
72	1104	1	1857.6234	6	1	90	0	1	0.7400	0.7031
72	1105	1	1859.1733	7	15	0	1	1	0.7403	0.5300
72	1106	1	1860.7233	4	11	0	1	1	0.7405	0.6120
72	1107	1	1862.2733	3	7	0	1	1	0.7407	0.7100
72	1108	1	1863.8233	4	11	0	1	1	0.7410	0.6479
72	1109	1	1865.3733	6	1	90	0	1	0.7403	0.6974
72	1110	1	1866.9233	4	11	90	0	1	0.7396	0.5074
72	1111	1	1868.4733	7	15	0	1	1	0.7399	0.7180
72	1112	1	1870.0233	6	1	90	0	1	0.7392	0.6551
72	1113	1	1871.5733	7	15	90	1	1	0.7394	0.8336
72	1114	1	1873.1233	4	11	0	1	1	0.7397	0.8039
72	1115	1	1874.6733	6	1	0	1	1	0.7399	0.5661
72	1116	1	1876.2232	8	9	0	1	1	0.7401	0.3920
72	1117	1	1877.7733	5	14	90	0	1	0.7395	0.7776
72	1118	1	1879.3232	4	11	0	1	1	0.7397	0.5232
72	1119	1	1880.8732	5	14	0	1	1	0.7399	0.8612
72	1120	1	1882.4232	8	9	0	1	1	0.7402	0.6872
72	1121	1	1883.9732	5	14	0	1	1	0.7404	0.8022
72	1122	1	1885.5232	7	15	0	1	1	0.7406	0.7232
72	1123	1	1887.0732	5	14	90	0	1	0.7400	0.7257
72	1124	1	1888.6232	7	15	0	1	1	0.7402	0.5676
72	1125	1	1890.1732	4	11	0	1	1	0.7404	0.7942
72	1126	1	1891.7232	7	15	0	1	1	0.7407	0.7157
72	1127	1	1893.2731	8	9	0	1	1	0.7409	0.7013
72	1128	1	1894.8231	7	15	90	1	1	0.7411	0.8482
72	1129	1	1896.3731	8	9	0	1	1	0.7414	0.6102
72	1130	1	1897.9231	6	1	0	1	1	0.7416	0.7072
72	1131	1	1899.4731	5	14	0	1	1	0.7418	0.6301
72	1132	1	1901.0231	8	9	0	1	1	0.7420	0.5036
72	1133	1	1902.5731	9	2	90	0	1	0.7414	0.7613
72	1134	1	1904.1231	10	6	0	1	1	0.7416	1.0996
72	1135	1	1905.6731	9	2	0	1	1	0.7419	0.7012
72	1136	1	1907.2231	11	5	0	1	1	0.7421	0.7353
72	1137	1	1908.7731	13	4	90	1	1	0.7423	0.9461
72	1138	1	1910.3231	14	3	0	1	1	0.7425	0.9637
72	1139	1	1911.8731	1	13	0	1	1	0.7428	0.7573
72	1140	1	1913.4231	14	3	0	1	1	0.7430	0.5833
72	1141	1	1914.9730	2	10	0	1	1	0.7432	0.4102
72	1142	1	1916.5230	1	13	0	1	1	0.7434	0.3162
72	1143	1	1918.0730	3	7	0	1	1	0.7437	0.6544
72	1144	1	1919.6230	2	10	0	1	1	0.7439	0.6243
72	1145	1	1921.1730	1	13	90	0	1	0.7432	1.4101
72	1146	1	1922.8064	2	10	90	0	1	0.7426	0.7525
72	1147	1	1924.3563	3	7	0	1	1	0.7428	0.7061
72	1148	1	1925.9063	15	8	90	1	1	0.7430	0.7410
72	1149	1	1927.4563	2	10	0	1	1	0.7433	0.9665
72	1150	1	1929.0063	14	3	0	1	1	0.7435	0.9690
72	1151	1	1930.5563	15	8	0	1	1	0.7437	0.7461
72	1152	1	1932.1063	14	3	0	1	1	0.7439	0.6685
72	1153	1	1933.6563	1	13	0	1	1	0.7441	1.1981
72	1154	1	1935.2063	15	8	0	1	1	0.7444	1.1206
72	1155	1	1936.7563	1	13	0	1	1	0.7446	0.8505
72	1156	1	1938.3063	3	7	90	0	1	0.7439	0.8524
72	1157	1	1939.8562	15	8	0	1	1	0.7442	0.5505
72	1158	1	1941.4062	3	7	0	1	1	0.7444	0.7596
72	1159	1	1942.9562	15	8	0	1	1	0.7446	0.6989
72	1160	1	1944.5062	2	10	90	0	1	0.7440	0.7965
72	1161	1	1946.0562	1	13	0	1	1	0.7442	0.4950
72	1162	1	1947.6062	14	3	0	1	1	0.7444	0.7042
72	1163	1	1949.1562	15	8	0	1	1	0.7446	0.8351
72	1164	1	1950.7062	2	10	0	1	1	0.7448	0.6770
72	1165	1	1952.2562	14	3	0	1	1	0.7451	0.6623
72	1166	1	1953.8062	15	8	90	1	1	0.7453	0.9522
72	1167	1	1955.3562	3	7	0	1	1	0.7455	0.8905
72	1168	1	1956.9062	1	13	90	1	1	0.7457	0.9562
72	1169	1	1958.4562	3	7	0	1	1	0.7459	0.8150
72	1170	1	1960.0062	15	8	90	0	1	0.7453	0.8011
72	1171	1	1961.5561	14	3	0	0	1	0.7447	0.7222
72	1172	1	1963.1061	1	13	0	1	1	0.7449	0.6443
72	1173	1	1964.6561	2	10	90	0	1	0.7442	0.6783
72	1174	1	1966.2061	3	7	0	1	1	0.7445	0.8091
72	1175	1	1967.7561	15	8	90	1	1	0.7447	0.7471
72	1176	1	1969.3061	14	3	0	1	1	0.7449	0.8443
72	1177	1	1970.8561	13	4	0	1	1	0.7451	0.8951
72	1178	1	1972.4061	10	6	0	1	1	0.7453	0.8811
72	1179	1	1973.9560	12	12	0	0	1	0.7447	0.9463
72	1180	1	1975.5061	11	5	0	1	1	0.7449	0.5812
72	1181	1	1977.0560	12	12	0	1	1	0.7451	0.7586
72	1182	1	1978.6060	11	5	0	1	1	0.7453	0.7443
72	1183	1	1980.1560	9	2	90	0	1	0.7447	0.8429
72	1184	1	1981.7060	12	12	0	1	1	0.7449	0.9086
72	1185	1	1983.2560	11	5	0	1	1	0.7451	0.7989
72	1186	1	1984.8060	9	2	0	1	1	0.7454	0.7208
72	1187	1	1986.3560	12	12	0	1	1	0.7456	0.4187
72	1188	1	1987.9060	11	5	0	1	1	0.7458	0.4052
72	1189	1	1989.4560	9	2	0	1	1	0.7460	0.7433
72	1190	1	1991.0060	10	6	0	1	1	0.7462	0.8084
72	1191	1	1992.5560	11	5	0	1	1	0.7464	0.7304
72	1192	1	1994.1060	12	12	0	1	1	0.7466	0.7647
72	1193	1	1995.6560	11	5	90	0	1	0.7460	0.6228
72	1194	1	1997.2059	10	6	0	1	1	0.7462	0.8651
72	1195	1	1998.7559	12	12	0	1	1	0.7464	0.6908
72	1196	1	2000.3059	9	2	90	0	1	0.7458	0.6289
72	1197	1	2001.8559	11	5	0	1	1	0.7460	0.5184
72	1198	1	2003.4059	9	2	0	1	1	0.7462	1.3694
72	1199	1	2004.9559	10	6	0	1	1	0.7465	0.8424
72	1200	1	2006.5059	13	4	0	1	1	0.7467	0.7330
72	1201	1	2008.0559	14	3	0	1	1	0.7469	0.9269
72	1202	1	2009.6059	1	13	0	1	1	0.7471	0.8494
72	1203	1	2011.1559	3	7	0	1	1	0.7473	0.7064
72	1204	1	2012.7059	2	10	0	1	1	0.7475	0.6613
72	1205	1	2014.2558	3	7	0	1	1	0.7477	0.6305
72	1206	1	2015.8058	15	8	0	1	1	0.7479	0.7449
72	1207	1	2017.3558	14	3	0	1	1	0.7481	0.7145
72	1208	1	2018.9058	13	4	0	1	1	0.7483	0.6213
72	1209	1	2020.4558	10	6	0	1	1	0.7486	0.7345
72	1210	1	2022.0058	13	4	90	1	1	0.7488	0.8169
72	1211	1	2023.5558	14	3	0	1	1	0.7490	0.6585
72	1212	1	2025.1058	1	13	0	1	1	0.7492	1.0445
72	1213	1	2026.6558	3	7	0	1	1	0.7494	0.6956
72	1214	1	2028.2058	2	10	90	0	1	0.7488	0.4253
72	1215	1	2029.7558	15	8	0	1	1	0.7490	0.4433
72	1216	1	2031.3058	14	3	90	1	1	0.7492	1.1485
72	1217	1	2032.8558	13	4	0	1	1	0.7494	0.5748
72	1218	1	2034.4057	12	12	0	1	1	0.7496	0.8494
72	1219	1	2035.9557	11	5	90	0	1	0.7490	0.7390
72	1220	1	2037.5057	12	12	0	1	1	0.7492	0.5166
72	1221	1	2039.0557	9	2	90	0	1	0.7486	0.5826
72	1222	1	2040.6057	8	9	0	1	1	0.7488	0.9688
72	1223	1	2042.1557	7	15	0	1	1	0.7490	1.2114
72	1224	1	2043.7057	4	11	0	0	1	0.7484	1.2606
72	1225	1	2045.2557	5	14	0	1	1	0.7486	0.6386
72	1226	1	2046.8057	7	15	0	1	1	0.7488	0.7854
72	1227	1	2048.3557	6	1	90	0	1	0.7482	1.2026
72	1228	1	2049.9057	4	11	0	1	1	0.7484	0.7089
72	1229	1	2051.4556	7	15	0	1	1	0.7486	0.6790
72	1230	1	2053.0057	8	9	0	1	1	0.7488	0.6969
72	1231	1	2054.5556	7	15	0	1	1	0.7490	0.6196
72	1232	1	2056.1056	5	14	0	1	1	0.7492	0.7501
72	1233	1	2057.6557	7	15	0	1	1	0.7494	0.6074
72	1234	1	2059.2056	4	11	0	1	1	0.7496	0.8166
72	1235	1	2060.7556	7	15	90	1	1	0.7498	0.9311
72	1236	1	2062.3056	4	11	0	1	1	0.7500	1.0447
72	1237	1	2063.8556	6	1	90	0	1	0.7494	0.9672
72	1238	1	2065.4056	4	11	90	0	1	0.7488	0.7455
72	1239	1	2066.9556	5	14	0	1	1	0.7490	0.8907
72	1240	1	2068.5056	8	9	0	1	1	0.7492	0.9096
72	1241	1	2070.0555	5	14	0	1	1	0.7494	1.0237
72	1242	1	2071.6056	7	15	0	1	1	0.7496	0.6891
72	1243	1	2073.1555	5	14	0	1	1	0.7498	0.6912
72	1244	1	2074.7055	7	15	0	1	1	0.7500	0.6134
72	1245	1	2076.2555	8	9	0	1	1	0.7502	0.6792
72	1246	1	2077.8055	9	2	0	1	1	0.7504	0.8097
72	1247	1	2079.3555	8	9	0	1	1	0.7506	0.5868
72	1248	1	2080.9055	6	1	0	1	1	0.7508	0.7011
72	1249	1	2082.4555	4	11	90	0	1	0.7502	0.6227
72	1250	1	2084.0055	6	1	0	1	1	0.7504	0.6408
72	1251	1	2085.5555	5	14	0	1	1	0.7506	0.6268
72	1252	1	2087.1055	4	11	0	1	1	0.7508	0.6608
72	1253	1	2088.6555	7	15	0	1	1	0.7510	0.6148
72	1254	1	2090.2055	4	11	0	1	1	0.7512	0.6656
72	1255	1	2091.7554	6	1	0	1	1	0.7514	0.7153
72	1256	1	2093.3054	4	11	90	0	1	0.7508	0.7497
72	1257	1	2094.8554	3	7	90	0	1	0.7502	0.4308
72	1258	1	2096.4054	15	8	0	1	1	0.7504	0.6088
72	1259	1	2097.9554	14	3	90	0	1	0.7498	0.7558
72	1260	1	2099.5054	1	13	90	0	1	0.7492	0.5338
72	1261	1	2101.0554	2	10	0	1	1	0.7494	0.4714
72	1262	1	2102.6054	15	8	0	1	1	0.7496	0.6657
72	1263	1	2104.1554	1	13	0	1	1	0.7498	0.7478
72	1264	1	2105.7054	14	3	0	1	1	0.7500	0.7179
72	1265	1	2107.2553	15	8	0	1	1	0.7502	0.5438
72	1266	1	2108.8054	14	3	0	1	1	0.7504	0.7218
72	1267	1	2110.3553	15	8	90	1	1	0.7506	0.9473
72	1268	1	2111.9053	14	3	0	1	1	0.7508	0.8052
72	1269	1	2113.4553	1	13	0	1	1	0.7510	1.2399
72	1270	1	2115.0053	3	7	0	1	1	0.7512	1.3857
72	1271	1	2116.5553	15	8	0	1	1	0.7514	1.0673
72	1272	1	2118.1053	3	7	90	1	1	0.7516	1.1489
72	1273	1	2119.6553	4	11	0	1	1	0.7518	1.0238
72	1274	1	2121.2053	7	15	0	1	1	0.7520	1.3138
72	1275	1	2122.7553	6	1	0	1	1	0.7522	1.0593
72	1276	1	2124.3053	5	14	0	1	1	0.7524	0.7096
72	1277	1	2125.8552	7	15	0	1	1	0.7525	0.8390
72	1278	1	2127.4053	4	11	0	1	1	0.7527	1.2574
72	1279	1	2128.9552	3	7	0	1	1	0.7529	1.0670
72	1280	1	2130.5052	1	13	0	1	1	0.7531	0.9734
72	1281	1	2132.0552	15	8	0	1	1	0.7533	0.7839
72	1282	1	2133.6052	14	3	0	1	1	0.7535	0.8179
72	1283	1	2135.1552	15	8	0	1	1	0.7537	0.6594
72	1284	1	2136.7052	2	10	0	1	1	0.7539	0.6774
72	1285	1	2138.2552	3	7	0	1	1	0.7541	0.9359
72	1286	1	2139.8052	15	8	90	1	1	0.7543	0.7933
72	1287	1	2141.3552	14	3	0	1	1	0.7545	0.6511
72	1288	1	2142.9052	1	13	0	1	1	0.7547	0.4456
72	1289	1	2144.4551	2	10	0	1	1	0.7548	0.3830
72	1290	1	2146.0051	1	13	0	1	1	0.7550	0.4017
72	1291	1	2147.5551	3	7	0	1	1	0.7552	0.2439
72	1292	1	2149.1052	1	13	0	1	1	0.7554	0.2135
72	1293	1	2150.6551	2	10	0	1	1	0.7556	0.2631
72	1294	1	2152.2051	14	3	0	1	1	0.7558	0.2181
72	1295	1	2153.7551	15	8	0	1	1	0.7560	0.2516
72	1296	1	2155.3051	3	7	90	0	1	0.7554	0.2852
72	1297	1	2156.8551	15	8	0	1	1	0.7556	0.5912
72	1298	1	2158.4051	2	10	0	1	1	0.7558	0.7695
72	1299	1	2159.9551	15	8	0	1	1	0.7560	0.7076
72	1300	1	2161.5051	2	10	90	0	1	0.7554	0.7891
72	1301	1	2163.0550	14	3	0	1	1	0.7556	0.9511
72	1302	1	2164.6051	15	8	0	1	1	0.7558	0.6655
72	1303	1	2166.1550	2	10	0	1	1	0.7559	0.9880
72	1304	1	2167.7050	15	8	0	1	1	0.7561	1.0220
72	1305	1	2169.2550	1	13	0	1	1	0.7563	0.9755
72	1306	1	2170.8050	3	7	90	1	1	0.7565	0.8821
72	1307	1	2172.3550	2	10	0	1	1	0.7567	1.2512
72	1308	1	2173.9050	15	8	0	1	1	0.7569	1.1901
72	1309	1	2175.4550	2	10	0	0	1	0.7563	1.2241
72	1310	1	2177.0050	15	8	0	1	1	0.7565	0.9381
72	1311	1	2178.5550	14	3	90	1	1	0.7567	1.2912
72	1312	1	2180.1050	13	4	0	1	1	0.7569	0.9902
72	1313	1	2181.6549	14	3	0	1	1	0.7570	1.0560
72	1314	1	2183.2050	2	10	0	1	1	0.7572	1.0246
72	1315	1	2184.7549	3	7	0	1	1	0.7574	1.2037
72	1316	1	2186.3049	1	13	0	0	1	0.7568	1.2856
72	1317	1	2187.8549	15	8	0	1	1	0.7570	0.9365
72	1318	1	2189.4049	14	3	0	1	1	0.7572	0.8739
72	1319	1	2190.9549	15	8	0	1	1	0.7574	0.6838
72	1320	1	2192.5049	2	10	0	1	1	0.7576	0.8621
72	1321	1	2194.0549	15	8	0	1	1	0.7578	0.8153
72	1322	1	2195.6049	1	13	0	1	1	0.7579	0.9456
72	1323	1	2197.1549	14	3	90	1	1	0.7581	0.8202
72	1324	1	2198.7049	15	8	0	1	1	0.7583	0.8855
72	1325	1	2200.2549	14	3	0	0	1	0.7577	0.8882
72	1326	1	2201.8048	2	10	0	1	1	0.7579	0.5862
72	1327	1	2203.3548	14	3	0	1	1	0.7581	0.7637
72	1328	1	2204.9048	2	10	0	1	1	0.7583	0.5583
72	1329	1	2206.4548	15	8	0	1	1	0.7585	0.6563
72	1330	1	2208.0048	3	7	0	1	1	0.7586	0.7693
72	1331	1	2209.5548	4	11	0	1	1	0.7588	0.8036
72	1332	1	2211.1048	7	15	0	1	1	0.7590	0.7740
72	1333	1	2212.6548	6	1	0	1	1	0.7592	0.9194
72	1334	1	2214.2048	4	11	0	1	1	0.7594	1.0023
72	1335	1	2215.7548	5	14	0	0	1	0.7588	1.2434
72	1336	1	2217.3048	8	9	90	1	1	0.7590	0.9414
72	1337	1	2218.8548	5	14	0	1	1	0.7592	0.8160
72	1338	1	2220.4047	7	15	0	1	1	0.7593	1.0424
72	1339	1	2221.9548	8	9	0	1	1	0.7595	0.7237
72	1340	1	2223.5047	7	15	0	1	1	0.7597	0.7424
72	1341	1	2225.0547	8	9	0	1	1	0.7599	0.6155
72	1342	1	2226.6047	9	2	90	0	1	0.7593	0.6658
72	1343	1	2228.1547	12	12	0	1	1	0.7595	0.5723
72	1344	1	2229.7048	11	5	0	1	1	0.7597	0.6383
72	1345	1	2231.2547	13	4	0	1	1	0.7599	0.6874
72	1346	1	2232.8047	12	12	0	1	1	0.7600	0.7219
72	1347	1	2234.3546	10	6	0	1	1	0.7602	0.4035
72	1348	1	2235.9046	12	12	0	1	1	0.7604	0.6935
72	1349	1	2237.4547	10	6	90	0	1	0.7598	0.6635
72	1350	1	2239.0047	13	4	0	1	1	0.7600	0.7138
72	1351	1	2240.5546	14	3	0	1	1	0.7602	0.9880
72	1352	1	2242.1046	15	8	0	1	1	0.7604	0.5899
72	1353	1	2243.6546	3	7	0	1	1	0.7605	0.4644
72	1354	1	2245.2046	4	11	90	0	1	0.7600	0.7219
72	1355	1	2246.7546	7	15	0	1	1	0.7601	0.3565
72	1356	1	2248.3046	6	1	0	1	1	0.7603	0.7904
72	1357	1	2249.8546	8	9	0	1	1	0.7605	0.3603
72	1358	1	2251.4045	7	15	0	1	1	0.7607	0.3625
72	1359	1	2252.9546	6	1	0	1	1	0.7609	0.4116
72	1360	1	2254.5046	4	11	0	1	1	0.7610	0.4624
72	1361	1	2256.0545	7	15	0	1	1	0.7612	0.4956
72	1362	1	2257.6046	5	14	0	1	1	0.7614	0.6419
72	1363	1	2259.1545	8	9	0	1	1	0.7616	0.5641
72	1364	1	2260.7045	7	15	0	1	1	0.7617	0.5976
72	1365	1	2262.2545	6	1	0	1	1	0.7619	0.3125
72	1366	1	2263.8045	4	11	0	1	1	0.7621	0.3462
72	1367	1	2265.3545	5	14	0	1	1	0.7623	0.3476
72	1368	1	2266.9045	4	11	0	1	1	0.7624	0.3020
72	1369	1	2268.4545	5	14	0	1	1	0.7626	0.3350
72	1370	1	2270.0045	4	11	0	1	1	0.7628	0.2426
72	1371	1	2271.5545	7	15	90	0	1	0.7622	0.2280
72	1372	1	2273.1045	6	1	0	1	1	0.7624	0.2785
72	1373	1	2274.6545	4	11	0	0	1	0.7618	0.5681
72	1374	1	2276.2044	3	7	0	1	1	0.7620	0.2020
72	1375	1	2277.7544	1	13	0	1	1	0.7622	0.3493
72	1376	1	2279.3045	15	8	0	1	1	0.7624	0.2860
72	1377	1	2280.8544	2	10	90	0	1	0.7618	0.2887
72	1378	1	2282.4045	15	8	0	1	1	0.7620	0.5945
72	1379	1	2283.9544	1	13	0	1	1	0.7621	0.3886
72	1380	1	2285.5044	2	10	0	1	1	0.7623	0.4064
72	1381	1	2287.0544	14	3	90	0	1	0.7618	0.3446
72	1382	1	2288.6044	2	10	0	1	1	0.7619	0.6022
72	1383	1	2290.1544	15	8	90	1	1	0.7621	1.1325
72	1384	1	2291.7044	1	13	0	0	1	0.7616	0.8621
72	1385	1	2293.2544	15	8	90	1	1	0.7617	0.8485
72	1386	1	2294.8043	1	13	0	0	1	0.7612	0.7542
72	1387	1	2296.3543	2	10	90	1	1	0.7614	1.0603
72	1388	1	2297.9043	14	3	0	0	1	0.7608	1.2547
72	1389	1	2299.4543	13	4	0	1	1	0.7610	0.6158
72	1390	1	2301.0043	14	3	0	1	1	0.7612	0.8738
72	1391	1	2302.5543	15	8	0	1	1	0.7613	0.7798
72	1392	1	2304.1045	3	7	90	1	1	0.7615	0.9745
72	1393	1	2305.6543	4	11	90	1	1	0.7617	0.9768
72	1394	1	2307.2043	3	7	0	0	1	0.7611	0.8982
72	1395	1	2308.7543	15	8	90	1	1	0.7613	0.7247
72	1396	1	2310.3043	1	13	0	1	1	0.7615	0.8378
72	1397	1	2311.8542	2	10	0	1	1	0.7616	0.7927
72	1398	1	2313.4043	14	3	0	1	1	0.7618	0.9062
72	1399	1	2314.9542	13	4	0	1	1	0.7620	0.7168
72	1400	1	2316.5042	10	6	90	1	1	0.7621	1.2938
72	1	2	1.0166	14	3	0	-1	0	NaN	-1.0000
72	2	2	2.5499	13	4	0	-1	0	NaN	-1.0000
72	3	2	4.0832	14	3	0	-1	0	NaN	-1.0000
72	4	2	5.6166	2	10	0	-1	0	NaN	-1.0000
72	5	2	7.1499	14	3	0	-1	0	NaN	-1.0000
72	6	2	8.6832	2	10	0	-1	0	NaN	-1.0000
72	7	2	10.2166	15	8	0	-1	0	NaN	-1.0000
72	8	2	11.7499	2	10	0	-1	0	NaN	-1.0000
72	9	2	13.2832	15	8	0	-1	0	NaN	-1.0000
72	10	2	14.8165	1	13	0	-1	0	NaN	-1.0000
72	11	2	16.3499	2	10	0	-1	0	NaN	-1.0000
72	12	2	17.8832	1	13	0	-1	0	NaN	-1.0000
72	13	2	19.4165	15	8	0	-1	0	NaN	-1.0000
72	14	2	20.9498	14	3	0	-1	0	NaN	-1.0000
72	15	2	22.4832	15	8	0	-1	0	NaN	-1.0000
72	16	2	24.0165	1	13	0	-1	0	NaN	-1.0000
72	17	2	25.5498	2	10	0	-1	0	NaN	-1.0000
72	18	2	27.0831	3	7	0	-1	0	NaN	-1.0000
72	19	2	28.6165	4	11	0	-1	0	NaN	-1.0000
72	20	2	30.1498	5	14	0	-1	0	NaN	-1.0000
72	21	2	31.6831	6	1	0	-1	1	0.0000	0.8930
72	22	2	33.2164	7	15	0	-1	0	0.0000	-1.0000
72	23	2	34.7498	8	9	0	-1	0	0.0000	-1.0000
72	24	2	36.2831	9	2	0	-1	0	0.0000	-1.0000
72	25	2	37.8164	10	6	0	-1	0	0.0000	-1.0000
72	26	2	39.6331	11	5	0	-1	0	0.0000	-1.0000
72	27	2	41.1664	12	12	0	-1	0	0.0000	-1.0000
72	28	2	42.6997	13	4	0	-1	1	0.0000	1.0123
72	29	2	44.2331	14	3	0	-1	0	0.0000	-1.0000
72	30	2	45.7664	15	8	0	-1	0	0.0000	-1.0000
72	31	2	47.2997	2	10	0	-1	0	0.0000	-1.0000
72	32	2	48.8330	3	7	0	-1	0	0.0000	-1.0000
72	33	2	50.3663	15	8	0	-1	0	0.0000	-1.0000
72	34	2	51.8997	2	10	0	-1	0	0.0000	-1.0000
72	35	2	53.4330	15	8	0	-1	0	0.0000	-1.0000
72	36	2	54.9663	3	7	0	-1	0	0.0000	-1.0000
72	37	2	56.4997	2	10	0	-1	0	0.0000	-1.0000
72	38	2	58.0330	1	13	0	-1	1	0.0000	1.0870
72	39	2	59.5663	14	3	0	-1	1	0.0000	1.1858
72	40	2	61.0996	2	10	0	-1	1	0.0000	1.1559
72	41	2	62.6329	15	8	0	-1	1	0.0000	0.8071
72	42	2	64.1663	1	13	0	-1	0	0.0000	-1.0000
72	43	2	65.6996	2	10	0	-1	1	0.0000	1.4041
72	44	2	67.2329	3	7	0	-1	1	0.0000	0.9110
72	45	2	68.7663	2	10	0	-1	1	0.0000	0.7689
72	46	2	70.2996	1	13	0	-1	1	0.0000	0.7725
72	47	2	71.8329	15	8	0	-1	1	0.0000	0.8396
72	48	2	73.3662	14	3	0	-1	1	0.0000	1.1296
72	49	2	74.8996	13	4	0	-1	1	0.0769	1.3245
72	50	2	76.4329	12	12	0	-1	0	0.0769	-1.0000
72	51	2	77.9662	11	5	0	-1	0	0.0769	-1.0000
72	52	2	79.4995	10	6	0	-1	0	0.0769	-1.0000
72	53	2	81.0328	9	2	0	-1	0	0.0769	-1.0000
72	54	2	82.5662	8	9	0	-1	0	0.0769	-1.0000
72	55	2	84.0995	7	15	0	-1	0	0.0769	-1.0000
72	56	2	85.6328	6	1	0	-1	0	0.0769	-1.0000
72	57	2	87.1661	5	14	0	-1	0	0.0769	-1.0000
72	58	2	88.6995	4	11	0	-1	0	0.0769	-1.0000
72	59	2	90.2328	3	7	0	-1	0	0.0769	-1.0000
72	60	2	91.7661	2	10	0	-1	0	0.0769	-1.0000
72	61	2	93.2994	15	8	0	-1	0	0.0769	-1.0000
72	62	2	94.8328	3	7	0	-1	0	0.0769	-1.0000
72	63	2	96.3661	2	10	0	-1	1	0.0714	0.9135
72	64	2	97.8994	3	7	0	-1	0	0.0714	-1.0000
72	65	2	99.4327	2	10	0	-1	0	0.0714	-1.0000
72	66	2	100.9661	3	7	0	-1	0	0.0714	-1.0000
72	67	2	102.4994	4	11	0	-1	0	0.0714	-1.0000
72	68	2	104.0327	3	7	0	-1	0	0.0714	-1.0000
72	69	2	105.5660	15	8	0	-1	0	0.0714	-1.0000
72	70	2	107.0993	2	10	0	-1	1	0.0667	1.4288
72	71	2	108.6327	1	13	0	-1	1	0.0625	0.0167
72	72	2	110.1660	2	10	0	-1	0	0.0625	-1.0000
72	73	2	111.6993	1	13	0	-1	0	0.0625	-1.0000
72	74	2	113.2327	14	3	0	-1	0	0.0625	-1.0000
72	75	2	114.7660	2	10	0	-1	0	0.0625	-1.0000
72	76	2	116.2994	1	13	0	-1	0	0.0625	-1.0000
72	77	2	117.8326	15	8	0	-1	1	0.0588	1.1269
72	78	2	119.3660	14	3	0	-1	0	0.0588	-1.0000
72	79	2	120.8993	13	4	0	-1	0	0.0588	-1.0000
72	80	2	122.4326	12	12	0	-1	0	0.0588	-1.0000
72	81	2	123.9659	11	5	0	-1	1	0.0556	0.9457
72	82	2	125.4993	10	6	0	-1	1	0.0526	0.9642
72	83	2	127.0326	9	2	0	-1	0	0.0526	-1.0000
72	84	2	128.5659	8	9	0	-1	0	0.0526	-1.0000
72	85	2	130.0992	7	15	0	-1	0	0.0526	-1.0000
72	86	2	131.6326	6	1	0	-1	0	0.0526	-1.0000
72	87	2	133.1659	5	14	0	-1	0	0.0526	-1.0000
72	88	2	134.6992	4	11	0	-1	0	0.0526	-1.0000
72	89	2	136.2325	3	7	0	-1	0	0.0526	-1.0000
72	90	2	137.7659	2	10	0	-1	0	0.0526	-1.0000
72	91	2	139.2992	3	7	0	-1	0	0.0526	-1.0000
72	92	2	140.8325	15	8	0	-1	0	0.0526	-1.0000
72	93	2	142.3659	1	13	0	-1	0	0.0526	-1.0000
72	94	2	143.8992	2	10	0	-1	0	0.0526	-1.0000
72	95	2	145.4325	1	13	0	-1	0	0.0526	-1.0000
72	96	2	146.9658	15	8	0	-1	1	0.0500	1.0662
72	97	2	148.4991	2	10	0	-1	0	0.0500	-1.0000
72	98	2	150.0325	3	7	0	-1	0	0.0500	-1.0000
72	99	2	151.5658	15	8	0	-1	0	0.0500	-1.0000
72	100	2	153.0991	2	10	0	-1	0	0.0500	-1.0000
72	101	2	154.6324	3	7	0	-1	0	0.0500	-1.0000
72	102	2	156.1658	4	11	0	-1	0	0.0500	-1.0000
72	103	2	157.6991	6	1	0	-1	0	0.0500	-1.0000
72	104	2	159.2324	4	11	0	-1	0	0.0500	-1.0000
72	105	2	160.7657	3	7	0	-1	0	0.0500	-1.0000
72	106	2	162.2991	2	10	0	-1	1	0.0476	0.2768
72	107	2	163.8324	1	13	0	-1	0	0.0476	-1.0000
72	108	2	165.3657	15	8	0	-1	0	0.0476	-1.0000
72	109	2	166.8990	14	3	0	-1	0	0.0476	-1.0000
72	110	2	168.4324	13	4	0	-1	0	0.0476	-1.0000
72	111	2	169.9657	12	12	0	-1	0	0.0476	-1.0000
72	112	2	171.4990	11	5	0	-1	0	0.0476	-1.0000
72	113	2	173.0323	10	6	0	-1	0	0.0476	-1.0000
72	114	2	174.5657	9	2	0	-1	0	0.0476	-1.0000
72	115	2	176.0990	8	9	0	-1	1	0.0909	0.9730
72	116	2	177.6323	7	15	0	-1	0	0.0909	-1.0000
72	117	2	179.1656	6	1	0	-1	0	0.0909	-1.0000
72	118	2	180.6990	5	14	0	-1	0	0.0909	-1.0000
72	119	2	182.2323	4	11	0	-1	0	0.0909	-1.0000
72	120	2	183.7656	3	7	0	-1	0	0.0909	-1.0000
72	121	2	185.2989	15	8	0	-1	0	0.0909	-1.0000
72	122	2	186.8323	3	7	0	-1	0	0.0909	-1.0000
72	123	2	188.3656	1	13	0	-1	0	0.0909	-1.0000
72	124	2	189.8989	14	3	0	-1	0	0.0909	-1.0000
72	125	2	191.4322	1	13	0	-1	1	0.0870	0.9998
72	126	2	192.9656	2	10	0	-1	0	0.0870	-1.0000
72	127	2	194.4989	1	13	0	-1	0	0.0870	-1.0000
72	128	2	196.0322	15	8	0	-1	0	0.0870	-1.0000
72	129	2	197.5655	1	13	0	-1	0	0.0870	-1.0000
72	130	2	199.0989	3	7	0	-1	0	0.0870	-1.0000
72	131	2	200.6322	2	10	0	-1	0	0.0870	-1.0000
72	132	2	202.1655	3	7	0	-1	0	0.0870	-1.0000
72	133	2	203.6988	15	8	0	-1	0	0.0870	-1.0000
72	134	2	205.2322	14	3	0	-1	0	0.0870	-1.0000
72	135	2	206.7655	13	4	0	-1	0	0.0870	-1.0000
72	136	2	208.2988	12	12	0	-1	0	0.0870	-1.0000
72	137	2	209.8322	11	5	0	-1	0	0.0870	-1.0000
72	138	2	211.3655	10	6	0	-1	0	0.0870	-1.0000
72	139	2	212.8988	9	2	0	-1	1	0.0833	0.9406
72	140	2	214.4321	8	9	0	-1	0	0.0833	-1.0000
72	141	2	215.9654	7	15	0	-1	0	0.0833	-1.0000
72	142	2	217.4988	6	1	0	-1	0	0.0833	-1.0000
72	143	2	219.0321	5	14	0	-1	0	0.0833	-1.0000
72	144	2	220.5654	4	11	0	-1	0	0.0833	-1.0000
72	145	2	222.0987	3	7	0	-1	0	0.0833	-1.0000
72	146	2	223.6321	2	10	0	-1	0	0.0833	-1.0000
72	147	2	225.1654	1	13	0	-1	0	0.0833	-1.0000
72	148	2	226.6987	15	8	0	-1	0	0.0833	-1.0000
72	149	2	228.2320	14	3	0	-1	0	0.0833	-1.0000
72	150	2	229.7654	13	4	0	-1	0	0.0833	-1.0000
72	151	2	231.2987	14	3	0	-1	1	0.1200	0.6372
72	152	2	232.8320	15	8	0	-1	0	0.1200	-1.0000
72	153	2	234.3654	14	3	0	-1	0	0.1200	-1.0000
72	154	2	235.8987	1	13	0	-1	0	0.1200	-1.0000
72	155	2	237.4320	15	8	0	-1	0	0.1200	-1.0000
72	156	2	238.9653	1	13	0	-1	0	0.1200	-1.0000
72	157	2	240.4986	3	7	0	-1	0	0.1200	-1.0000
72	158	2	242.0320	2	10	0	-1	0	0.1200	-1.0000
72	159	2	243.5653	15	8	0	-1	0	0.1200	-1.0000
72	160	2	245.0986	1	13	0	-1	0	0.1200	-1.0000
72	161	2	246.6319	14	3	0	-1	0	0.1200	-1.0000
72	162	2	248.1653	15	8	0	-1	1	0.1154	0.7627
72	163	2	249.6986	3	7	0	-1	0	0.1154	-1.0000
72	164	2	251.2320	2	10	0	-1	0	0.1154	-1.0000
72	165	2	252.7652	1	13	0	-1	0	0.1154	-1.0000
72	166	2	254.2986	15	8	0	-1	0	0.1154	-1.0000
72	167	2	255.8319	14	3	0	-1	0	0.1154	-1.0000
72	168	2	257.3652	13	4	0	-1	1	0.1481	1.4026
72	169	2	258.8986	12	12	0	-1	0	0.1481	-1.0000
72	170	2	260.4319	11	5	0	-1	0	0.1481	-1.0000
72	171	2	261.9652	10	6	0	-1	0	0.1481	-1.0000
72	172	2	263.4985	9	2	0	-1	0	0.1481	-1.0000
72	173	2	265.0318	8	9	0	-1	0	0.1481	-1.0000
72	174	2	266.5652	7	15	0	-1	0	0.1481	-1.0000
72	175	2	268.0985	6	1	0	-1	0	0.1481	-1.0000
72	176	2	269.6318	5	14	0	-1	0	0.1481	-1.0000
72	177	2	271.1651	4	11	0	-1	1	0.1429	0.9786
72	178	2	272.6985	3	7	0	-1	0	0.1429	-1.0000
72	179	2	274.2318	2	10	0	-1	0	0.1429	-1.0000
72	180	2	275.7651	1	13	0	-1	0	0.1429	-1.0000
72	181	2	277.2984	15	8	0	-1	0	0.1429	-1.0000
72	182	2	278.8318	3	7	0	-1	0	0.1429	-1.0000
72	183	2	280.3651	2	10	0	-1	0	0.1429	-1.0000
72	184	2	281.8984	1	13	0	-1	1	0.1379	1.4769
72	185	2	283.4317	3	7	0	-1	1	0.1333	0.0167
72	186	2	284.9651	15	8	0	-1	0	0.1333	-1.0000
72	187	2	286.4984	2	10	0	-1	0	0.1333	-1.0000
72	188	2	288.0317	3	7	0	-1	0	0.1333	-1.0000
72	189	2	289.5650	4	11	0	-1	0	0.1333	-1.0000
72	190	2	291.0984	7	15	0	-1	0	0.1333	-1.0000
72	191	2	292.6317	6	1	0	-1	0	0.1333	-1.0000
72	192	2	294.1650	8	9	0	-1	0	0.1333	-1.0000
72	193	2	295.6983	7	15	0	-1	0	0.1333	-1.0000
72	194	2	297.2317	6	1	0	-1	0	0.1333	-1.0000
72	195	2	298.7650	7	15	0	-1	0	0.1333	-1.0000
72	196	2	300.2983	6	1	0	-1	0	0.1333	-1.0000
72	197	2	301.8316	5	14	0	-1	0	0.1333	-1.0000
72	198	2	303.3650	4	11	0	-1	0	0.1333	-1.0000
72	199	2	304.8983	3	7	0	-1	0	0.1333	-1.0000
72	200	2	306.4316	2	10	0	-1	1	0.1290	1.1682
72	201	2	307.9649	1	13	0	-1	0	0.1290	-1.0000
72	202	2	309.4983	15	8	0	-1	0	0.1290	-1.0000
72	203	2	311.0316	14	3	0	-1	0	0.1290	-1.0000
72	204	2	312.5649	13	4	0	-1	0	0.1290	-1.0000
72	205	2	314.0983	12	12	0	-1	0	0.1290	-1.0000
72	206	2	315.6316	11	5	0	-1	0	0.1290	-1.0000
72	207	2	317.1649	10	6	0	-1	0	0.1290	-1.0000
72	208	2	318.6982	9	2	0	-1	0	0.1290	-1.0000
72	209	2	320.2315	8	9	0	-1	0	0.1290	-1.0000
72	210	2	321.7649	7	15	0	-1	1	0.1250	0.8909
72	211	2	323.2982	6	1	0	-1	0	0.1250	-1.0000
72	212	2	324.8316	8	9	0	-1	0	0.1250	-1.0000
72	213	2	326.3649	9	2	0	-1	0	0.1250	-1.0000
72	214	2	327.8982	10	6	0	-1	0	0.1250	-1.0000
72	215	2	329.4315	13	4	0	-1	0	0.1250	-1.0000
72	216	2	330.9649	11	5	0	-1	0	0.1250	-1.0000
72	217	2	332.4982	10	6	0	-1	1	0.1212	1.0378
72	218	2	334.0315	13	4	0	-1	0	0.1212	-1.0000
72	219	2	335.5648	10	6	0	-1	0	0.1212	-1.0000
72	220	2	337.0981	11	5	0	-1	0	0.1212	-1.0000
72	221	2	338.6314	12	12	0	-1	0	0.1212	-1.0000
72	222	2	340.1648	13	4	0	-1	0	0.1212	-1.0000
72	223	2	341.6981	11	5	0	-1	0	0.1212	-1.0000
72	224	2	343.2314	10	6	0	-1	0	0.1212	-1.0000
72	225	2	344.7648	13	4	0	-1	0	0.1212	-1.0000
72	226	2	346.2981	14	3	0	-1	0	0.1212	-1.0000
72	227	2	347.8314	15	8	0	-1	0	0.1212	-1.0000
72	228	2	349.3647	1	13	0	-1	1	0.1176	1.3070
72	229	2	350.8981	2	10	0	-1	0	0.1176	-1.0000
72	230	2	352.4314	3	7	0	-1	0	0.1176	-1.0000
72	231	2	353.9647	4	11	0	-1	0	0.1176	-1.0000
72	232	2	355.4980	5	14	0	-1	0	0.1176	-1.0000
72	233	2	357.0314	6	1	0	-1	0	0.1176	-1.0000
72	234	2	358.5647	7	15	0	-1	0	0.1176	-1.0000
72	235	2	360.0980	8	9	0	-1	1	0.1143	1.4532
72	236	2	361.6313	9	2	0	-1	1	0.1389	0.0167
72	237	2	363.1647	10	6	0	-1	0	0.1389	-1.0000
72	238	2	364.6980	11	5	0	-1	0	0.1389	-1.0000
72	239	2	366.2314	12	12	0	-1	0	0.1389	-1.0000
72	240	2	367.7646	13	4	0	-1	0	0.1389	-1.0000
72	241	2	369.2980	10	6	0	-1	0	0.1389	-1.0000
72	242	2	370.8313	11	5	0	-1	0	0.1389	-1.0000
72	243	2	372.3646	13	4	0	-1	0	0.1389	-1.0000
72	244	2	373.8980	12	12	0	-1	0	0.1389	-1.0000
72	245	2	375.4313	10	6	0	-1	0	0.1389	-1.0000
72	246	2	376.9646	12	12	0	-1	0	0.1389	-1.0000
72	247	2	378.4979	11	5	0	-1	0	0.1389	-1.0000
72	248	2	380.0312	12	12	0	-1	0	0.1389	-1.0000
72	249	2	381.5646	10	6	0	-1	0	0.1389	-1.0000
72	250	2	383.0979	11	5	0	-1	0	0.1389	-1.0000
72	251	2	384.6312	10	6	0	-1	1	0.1351	0.8402
72	252	2	386.1645	11	5	0	-1	0	0.1351	-1.0000
72	253	2	387.6979	12	12	0	-1	0	0.1351	-1.0000
72	254	2	389.2312	9	2	0	-1	0	0.1351	-1.0000
72	255	2	390.7645	12	12	0	-1	0	0.1351	-1.0000
72	256	2	392.2978	11	5	0	-1	0	0.1351	-1.0000
72	257	2	393.8312	10	6	0	-1	1	0.1316	0.8238
72	258	2	395.3645	9	2	0	-1	0	0.1316	-1.0000
72	259	2	396.8978	8	9	0	-1	0	0.1316	-1.0000
72	260	2	398.4311	7	15	0	-1	0	0.1316	-1.0000
72	261	2	399.9645	6	1	0	-1	0	0.1316	-1.0000
72	262	2	401.4978	5	14	0	-1	0	0.1316	-1.0000
72	263	2	403.0311	4	11	0	-1	0	0.1316	-1.0000
72	264	2	404.5644	3	7	0	-1	0	0.1316	-1.0000
72	265	2	406.0977	2	10	0	-1	0	0.1316	-1.0000
72	266	2	407.6311	1	13	0	-1	0	0.1316	-1.0000
72	267	2	409.1644	15	8	0	-1	0	0.1316	-1.0000
72	268	2	410.6977	14	3	0	-1	0	0.1316	-1.0000
72	269	2	412.2311	13	4	0	-1	1	0.1538	0.0167
72	270	2	413.7644	12	12	0	-1	0	0.1538	-1.0000
72	271	2	415.2977	11	5	0	-1	0	0.1538	-1.0000
72	272	2	416.8310	10	6	0	-1	1	0.1500	0.1599
72	273	2	418.3644	13	4	0	-1	1	0.1463	1.1392
72	274	2	419.8977	11	5	0	-1	0	0.1463	-1.0000
72	275	2	421.4310	9	2	0	-1	0	0.1463	-1.0000
72	276	2	422.9643	10	6	0	-1	0	0.1463	-1.0000
72	277	2	424.4977	13	4	0	-1	0	0.1463	-1.0000
72	278	2	426.0310	14	3	0	-1	0	0.1463	-1.0000
72	279	2	427.5643	13	4	0	-1	0	0.1463	-1.0000
72	280	2	429.0976	14	3	0	-1	0	0.1463	-1.0000
72	281	2	430.6310	2	10	0	-1	0	0.1463	-1.0000
72	282	2	432.1643	1	13	0	-1	0	0.1463	-1.0000
72	283	2	433.6976	15	8	0	-1	0	0.1463	-1.0000
72	284	2	435.2309	2	10	0	-1	0	0.1463	-1.0000
72	285	2	436.7643	15	8	0	-1	0	0.1463	-1.0000
72	286	2	438.2976	14	3	0	-1	0	0.1463	-1.0000
72	287	2	439.8309	13	4	0	-1	1	0.1667	1.1600
72	288	2	441.3643	12	12	0	-1	0	0.1667	-1.0000
72	289	2	442.8976	11	5	0	-1	0	0.1667	-1.0000
72	290	2	444.4309	10	6	0	-1	0	0.1667	-1.0000
72	291	2	445.9642	9	2	0	-1	0	0.1667	-1.0000
72	292	2	447.4976	8	9	0	-1	0	0.1667	-1.0000
72	293	2	449.0309	7	15	0	-1	0	0.1667	-1.0000
72	294	2	450.5642	6	1	0	-1	0	0.1667	-1.0000
72	295	2	452.0975	5	14	0	-1	0	0.1667	-1.0000
72	296	2	453.6308	4	11	0	-1	0	0.1667	-1.0000
72	297	2	455.1641	3	7	0	-1	0	0.1667	-1.0000
72	298	2	456.6975	2	10	0	-1	0	0.1667	-1.0000
72	299	2	458.2308	1	13	0	-1	0	0.1667	-1.0000
72	300	2	459.7641	15	8	0	-1	0	0.1667	-1.0000
72	301	2	461.2975	3	7	0	-1	0	0.1667	-1.0000
72	302	2	462.8308	15	8	0	-1	0	0.1667	-1.0000
72	303	2	464.3641	14	3	0	-1	0	0.1667	-1.0000
72	304	2	465.8974	1	13	0	-1	0	0.1667	-1.0000
72	305	2	467.4307	15	8	0	-1	1	0.0069	-1.0000
72	306	2	468.9641	3	7	0	-1	0	0.0069	-1.0000
72	307	2	470.4974	1	13	0	-1	0	0.0069	-1.0000
72	308	2	472.0307	2	10	0	-1	1	0.0069	0.8171
72	309	2	473.5641	3	7	0	-1	0	0.0069	-1.0000
72	310	2	475.0974	15	8	0	-1	0	0.0069	-1.0000
72	311	2	476.6307	2	10	0	-1	0	0.0069	-1.0000
72	312	2	478.1640	1	13	0	-1	0	0.0069	-1.0000
72	313	2	479.6974	2	10	0	-1	0	0.0069	-1.0000
72	314	2	481.2307	3	7	0	-1	0	0.0069	-1.0000
72	315	2	482.7640	2	10	0	-1	0	0.0069	-1.0000
72	316	2	484.2973	1	13	0	-1	0	0.0069	-1.0000
72	317	2	485.8307	15	8	0	-1	0	0.0069	-1.0000
72	318	2	487.3640	14	3	0	-1	0	0.0069	-1.0000
72	319	2	488.8973	13	4	0	-1	0	0.0069	-1.0000
72	320	2	490.4306	12	12	0	-1	0	0.0069	-1.0000
72	321	2	491.9640	11	5	0	-1	0	0.0069	-1.0000
72	322	2	493.4973	10	6	0	-1	0	0.0069	-1.0000
72	323	2	495.0306	9	2	0	-1	0	0.0069	-1.0000
72	324	2	496.5639	8	9	0	-1	0	0.0069	-1.0000
72	325	2	498.0973	7	15	0	-1	0	0.0069	-1.0000
72	326	2	499.6306	6	1	0	-1	0	0.0069	-1.0000
72	327	2	501.1639	5	14	0	-1	0	0.0069	-1.0000
72	328	2	502.6972	4	11	0	-1	0	0.0069	-1.0000
72	329	2	504.2306	3	7	0	-1	0	0.0069	-1.0000
72	330	2	505.7639	2	10	0	-1	0	0.0069	-1.0000
72	331	2	507.2972	1	13	0	-1	0	0.0069	-1.0000
72	332	2	508.8305	3	7	0	-1	1	0.0068	1.3287
72	333	2	510.3639	1	13	0	-1	0	0.0068	-1.0000
72	334	2	511.8972	3	7	0	-1	0	0.0068	-1.0000
72	335	2	513.4305	1	13	0	-1	0	0.0068	-1.0000
72	336	2	514.9639	15	8	0	-1	0	0.0068	-1.0000
72	337	2	516.4972	14	3	0	-1	0	0.0068	-1.0000
72	338	2	518.0305	13	4	0	-1	0	0.0068	-1.0000
72	339	2	519.5638	14	3	0	-1	0	0.0068	-1.0000
72	340	2	521.0972	15	8	0	-1	1	0.0068	0.0167
72	341	2	522.6305	1	13	0	-1	0	0.0068	-1.0000
72	342	2	524.1638	2	10	0	-1	0	0.0068	-1.0000
72	343	2	525.6971	3	7	0	-1	0	0.0068	-1.0000
72	344	2	527.2304	2	10	0	-1	0	0.0068	-1.0000
72	345	2	528.7638	1	13	0	-1	0	0.0068	-1.0000
72	346	2	530.2971	2	10	0	-1	0	0.0068	-1.0000
72	347	2	531.8304	3	7	0	-1	0	0.0068	-1.0000
72	348	2	533.3638	4	11	0	-1	0	0.0068	-1.0000
72	349	2	534.8971	5	14	0	-1	1	0.0068	1.1501
72	350	2	536.4304	6	1	0	-1	0	0.0068	-1.0000
72	351	2	537.9637	7	15	0	-1	0	0.0068	-1.0000
72	352	2	539.4971	8	9	0	-1	0	0.0068	-1.0000
72	353	2	541.0304	9	2	0	-1	0	0.0068	-1.0000
72	354	2	542.5637	10	6	0	-1	0	0.0068	-1.0000
72	355	2	544.0970	11	5	0	-1	0	0.0068	-1.0000
72	356	2	545.6304	12	12	0	-1	1	0.0068	0.8810
72	357	2	547.1637	13	4	0	-1	0	0.0068	-1.0000
72	358	2	548.6970	14	3	0	-1	0	0.0068	-1.0000
72	359	2	550.2303	15	8	0	-1	0	0.0068	-1.0000
72	360	2	551.7637	1	13	0	-1	0	0.0068	-1.0000
72	361	2	553.2970	14	3	0	-1	0	0.0068	-1.0000
72	362	2	554.8303	13	4	0	-1	1	0.0078	0.8015
72	363	2	556.3636	11	5	0	-1	0	0.0078	-1.0000
72	364	2	557.8969	10	6	0	-1	0	0.0078	-1.0000
72	365	2	559.4303	11	5	0	-1	0	0.0078	-1.0000
72	366	2	560.9636	10	6	0	-1	0	0.0078	-1.0000
72	367	2	562.4969	9	2	0	-1	0	0.0078	-1.0000
72	368	2	564.0302	8	9	0	-1	0	0.0078	-1.0000
72	369	2	565.5636	7	15	0	-1	0	0.0078	-1.0000
72	370	2	567.0969	8	9	0	-1	0	0.0078	-1.0000
72	371	2	568.6302	9	2	0	-1	0	0.0078	-1.0000
72	372	2	570.1635	10	6	0	-1	0	0.0078	-1.0000
72	373	2	571.6969	13	4	0	-1	0	0.0078	-1.0000
72	374	2	573.2302	12	12	0	-1	0	0.0078	-1.0000
72	375	2	574.7635	9	2	0	-1	0	0.0078	-1.0000
72	376	2	576.2969	8	9	0	-1	0	0.0078	-1.0000
72	377	2	577.8302	7	15	0	-1	0	0.0078	-1.0000
72	378	2	579.3635	6	1	0	-1	0	0.0078	-1.0000
72	379	2	580.8968	5	14	0	-1	0	0.0078	-1.0000
72	380	2	582.4302	4	11	0	-1	0	0.0078	-1.0000
72	381	2	583.9635	3	7	0	-1	0	0.0078	-1.0000
72	382	2	585.7635	2	10	0	-1	0	0.0078	-1.0000
72	383	2	587.2968	1	13	0	-1	0	0.0078	-1.0000
72	384	2	588.8301	15	8	0	-1	0	0.0078	-1.0000
72	385	2	590.3634	14	3	0	-1	0	0.0078	-1.0000
72	386	2	591.8968	13	4	0	-1	1	0.0088	1.3829
72	387	2	593.4301	12	12	0	-1	0	0.0088	-1.0000
72	388	2	594.9634	11	5	0	-1	0	0.0088	-1.0000
72	389	2	596.4968	10	6	0	-1	0	0.0088	-1.0000
72	390	2	598.0301	9	2	0	-1	0	0.0088	-1.0000
72	391	2	599.5634	8	9	0	-1	0	0.0088	-1.0000
72	392	2	601.0967	5	14	0	-1	0	0.0088	-1.0000
72	393	2	602.6300	6	1	0	-1	0	0.0088	-1.0000
72	394	2	604.1634	5	14	0	-1	0	0.0088	-1.0000
72	395	2	605.6967	6	1	0	-1	0	0.0088	-1.0000
72	396	2	607.2300	4	11	0	-1	0	0.0088	-1.0000
72	397	2	608.7633	7	15	0	-1	0	0.0088	-1.0000
72	398	2	610.2967	5	14	0	-1	0	0.0088	-1.0000
72	399	2	611.8300	6	1	0	-1	0	0.0088	-1.0000
72	400	2	613.3633	5	14	0	-1	0	0.0088	-1.0000
72	401	2	614.8966	4	11	0	-1	0	0.0088	-1.0000
72	402	2	616.4300	5	14	0	-1	0	0.0088	-1.0000
72	403	2	617.9633	8	9	0	-1	0	0.0088	-1.0000
72	404	2	619.4966	7	15	0	-1	1	0.0088	0.9826
72	405	2	621.0299	6	1	0	-1	0	0.0088	-1.0000
72	406	2	622.5633	7	15	0	-1	0	0.0088	-1.0000
72	407	2	624.0966	8	9	0	-1	0	0.0088	-1.0000
72	408	2	625.6299	9	2	0	-1	0	0.0088	-1.0000
72	409	2	627.1633	10	6	0	-1	1	0.0087	1.0123
72	410	2	628.6966	11	5	0	-1	0	0.0087	-1.0000
72	411	2	630.2299	12	12	0	-1	0	0.0087	-1.0000
72	412	2	631.7632	13	4	0	-1	0	0.0087	-1.0000
72	413	2	633.2966	14	3	0	-1	0	0.0087	-1.0000
72	414	2	634.8299	15	8	0	-1	1	0.0052	1.4738
72	415	2	636.3632	1	13	0	-1	1	0.0052	0.0167
72	416	2	637.8966	2	10	0	-1	0	0.0052	-1.0000
72	417	2	639.4298	3	7	0	-1	0	0.0052	-1.0000
72	418	2	640.9632	4	11	0	-1	0	0.0052	-1.0000
72	419	2	642.4965	5	14	0	-1	0	0.0052	-1.0000
72	420	2	644.0298	6	1	0	-1	0	0.0052	-1.0000
72	421	2	645.5632	5	14	0	-1	1	0.0043	1.0608
72	422	2	647.0965	4	11	0	-1	0	0.0043	-1.0000
72	423	2	648.6298	7	15	0	-1	0	0.0043	-1.0000
72	424	2	650.1631	8	9	0	-1	0	0.0043	-1.0000
72	425	2	651.6965	9	2	0	-1	0	0.0043	-1.0000
72	426	2	653.2298	12	12	0	-1	0	0.0043	-1.0000
72	427	2	654.7631	10	6	0	-1	1	0.0043	0.9641
72	428	2	656.2964	11	5	0	-1	0	0.0043	-1.0000
72	429	2	657.8297	10	6	0	-1	0	0.0043	-1.0000
72	430	2	659.3631	9	2	0	-1	0	0.0043	-1.0000
72	431	2	660.8964	8	9	0	-1	0	0.0043	-1.0000
72	432	2	662.4298	7	15	0	-1	0	0.0043	-1.0000
72	433	2	663.9630	8	9	0	-1	0	0.0043	-1.0000
72	434	2	665.4964	7	15	0	-1	0	0.0043	-1.0000
72	435	2	667.0297	4	11	0	-1	0	0.0043	-1.0000
72	436	2	668.5630	3	7	0	-1	0	0.0043	-1.0000
72	437	2	670.0964	2	10	0	-1	0	0.0043	-1.0000
72	438	2	671.6297	1	13	0	-1	0	0.0043	-1.0000
72	439	2	673.1630	15	8	0	-1	1	0.0043	1.2997
72	440	2	674.6963	14	3	0	-1	0	0.0043	-1.0000
72	441	2	676.2296	13	4	0	-1	0	0.0043	-1.0000
72	442	2	677.7630	12	12	0	-1	0	0.0043	-1.0000
72	443	2	679.2963	11	5	0	-1	0	0.0043	-1.0000
72	444	2	680.8296	10	6	0	-1	0	0.0043	-1.0000
72	445	2	682.3629	9	2	0	-1	1	0.0043	0.8847
72	446	2	683.8963	8	9	0	-1	0	0.0043	-1.0000
72	447	2	685.4296	7	15	0	-1	0	0.0043	-1.0000
72	448	2	686.9629	6	1	0	-1	0	0.0043	-1.0000
72	449	2	688.4963	5	14	0	-1	0	0.0043	-1.0000
72	450	2	690.0295	4	11	0	-1	0	0.0043	-1.0000
72	451	2	691.5629	5	14	0	-1	0	0.0043	-1.0000
72	452	2	693.0962	8	9	0	-1	0	0.0043	-1.0000
72	453	2	694.6296	7	15	0	-1	1	0.0043	0.1701
72	454	2	696.1629	5	14	0	-1	0	0.0043	-1.0000
72	455	2	697.6962	6	1	0	-1	0	0.0043	-1.0000
72	456	2	699.2295	8	9	0	-1	0	0.0043	-1.0000
72	457	2	700.7629	5	14	0	-1	0	0.0043	-1.0000
72	458	2	702.2962	7	15	0	-1	0	0.0043	-1.0000
72	459	2	703.8295	6	1	0	-1	0	0.0043	-1.0000
72	460	2	705.3628	8	9	0	-1	0	0.0043	-1.0000
72	461	2	706.8961	5	14	0	-1	0	0.0043	-1.0000
72	462	2	708.4295	6	1	0	-1	1	0.0043	0.9944
72	463	2	709.9628	7	15	0	-1	0	0.0043	-1.0000
72	464	2	711.4961	4	11	0	-1	0	0.0043	-1.0000
72	465	2	713.0294	6	1	0	-1	0	0.0043	-1.0000
72	466	2	714.5628	7	15	0	-1	0	0.0043	-1.0000
72	467	2	716.0961	8	9	0	-1	0	0.0043	-1.0000
72	468	2	717.6294	9	2	0	-1	0	0.0043	-1.0000
72	469	2	719.1628	10	6	0	-1	1	0.0043	0.8524
72	470	2	720.6961	11	5	0	-1	0	0.0043	-1.0000
72	471	2	722.2294	12	12	0	-1	0	0.0043	-1.0000
72	472	2	723.7627	13	4	0	-1	0	0.0043	-1.0000
72	473	2	725.2960	14	3	0	-1	0	0.0043	-1.0000
72	474	2	726.8294	15	8	0	-1	1	0.0043	1.2173
72	475	2	728.3627	1	13	0	-1	0	0.0043	-1.0000
72	476	2	729.8960	2	10	0	-1	0	0.0043	-1.0000
72	477	2	731.4294	3	7	0	-1	0	0.0043	-1.0000
72	478	2	732.9627	4	11	0	-1	0	0.0043	-1.0000
72	479	2	734.4960	5	14	0	-1	0	0.0043	-1.0000
72	480	2	736.0293	6	1	0	-1	0	0.0043	-1.0000
72	481	2	737.5626	8	9	0	-1	0	0.0043	-1.0000
72	482	2	739.0959	5	14	0	-1	0	0.0043	-1.0000
72	483	2	740.6293	8	9	0	-1	0	0.0043	-1.0000
72	484	2	742.1626	6	1	0	-1	0	0.0043	-1.0000
72	485	2	743.6960	4	11	0	-1	0	0.0043	-1.0000
72	486	2	745.2293	6	1	0	-1	0	0.0043	-1.0000
72	487	2	746.7626	5	14	0	-1	0	0.0043	-1.0000
72	488	2	748.2959	8	9	0	-1	0	0.0043	-1.0000
72	489	2	749.8293	7	15	0	-1	1	0.0043	0.7304
72	490	2	751.3626	4	11	0	-1	0	0.0043	-1.0000
72	491	2	752.8959	7	15	0	-1	0	0.0043	-1.0000
72	492	2	754.4293	6	1	0	-1	0	0.0043	-1.0000
72	493	2	755.9626	8	9	0	-1	0	0.0043	-1.0000
72	494	2	757.4959	5	14	0	-1	0	0.0043	-1.0000
72	495	2	759.0292	7	15	0	-1	0	0.0043	-1.0000
72	496	2	760.5625	8	9	0	-1	0	0.0043	-1.0000
72	497	2	762.0959	9	2	0	-1	0	0.0043	-1.0000
72	498	2	763.6292	10	6	0	-1	0	0.0043	-1.0000
72	499	2	765.1625	11	5	0	-1	0	0.0043	-1.0000
72	500	2	766.6958	12	12	0	-1	1	0.0043	0.8717
72	501	2	768.2292	13	4	0	-1	0	0.0043	-1.0000
72	502	2	769.7625	14	3	0	-1	0	0.0043	-1.0000
72	503	2	771.2958	15	8	0	-1	1	0.0043	1.0549
72	504	2	772.8291	1	13	0	-1	0	0.0043	-1.0000
72	505	2	774.3625	2	10	0	-1	0	0.0043	-1.0000
72	506	2	775.8957	3	7	0	-1	0	0.0043	-1.0000
72	507	2	777.4291	4	11	0	-1	0	0.0043	-1.0000
72	508	2	778.9624	5	14	0	-1	0	0.0043	-1.0000
72	509	2	780.4958	6	1	0	-1	0	0.0043	-1.0000
72	510	2	782.0291	7	15	0	-1	1	0.0043	0.5784
72	511	2	783.5624	4	11	0	-1	0	0.0043	-1.0000
72	512	2	785.0957	5	14	0	-1	0	0.0043	-1.0000
72	513	2	786.6290	4	11	0	-1	1	0.0043	1.1620
72	514	2	788.1624	7	15	0	-1	0	0.0043	-1.0000
72	515	2	789.6957	5	14	0	-1	0	0.0043	-1.0000
72	516	2	791.2290	8	9	0	-1	0	0.0043	-1.0000
72	517	2	792.7624	6	1	0	-1	0	0.0043	-1.0000
72	518	2	794.2957	7	15	0	-1	0	0.0043	-1.0000
72	519	2	795.8290	5	14	0	-1	1	0.0043	0.6186
72	520	2	797.3623	4	11	0	-1	0	0.0043	-1.0000
72	521	2	798.8957	7	15	0	-1	0	0.0043	-1.0000
72	522	2	800.4290	6	1	0	-1	0	0.0043	-1.0000
72	523	2	801.9623	7	15	0	-1	0	0.0043	-1.0000
72	524	2	803.7623	5	14	0	-1	0	0.0043	-1.0000
72	525	2	805.2956	7	15	0	-1	0	0.0043	-1.0000
72	526	2	806.8289	8	9	0	-1	0	0.0043	-1.0000
72	527	2	808.3623	9	2	0	-1	0	0.0043	-1.0000
72	528	2	809.8956	10	6	0	-1	0	0.0043	-1.0000
72	529	2	811.4289	11	5	0	-1	0	0.0043	-1.0000
72	530	2	812.9623	12	12	0	-1	1	0.0043	0.9733
72	531	2	814.4956	13	4	0	-1	0	0.0043	-1.0000
72	532	2	816.0289	14	3	0	-1	0	0.0043	-1.0000
72	533	2	817.5622	15	8	0	-1	0	0.0043	-1.0000
72	534	2	819.0956	1	13	0	-1	0	0.0043	-1.0000
72	535	2	820.6289	2	10	0	-1	0	0.0043	-1.0000
72	536	2	822.1622	3	7	0	-1	0	0.0043	-1.0000
72	537	2	823.6955	4	11	0	-1	0	0.0043	-1.0000
72	538	2	825.2289	5	14	0	-1	1	0.0043	0.8839
72	539	2	826.7622	6	1	0	-1	0	0.0043	-1.0000
72	540	2	828.2955	7	15	0	-1	0	0.0043	-1.0000
72	541	2	829.8288	4	11	0	-1	0	0.0043	-1.0000
72	542	2	831.3622	6	1	0	-1	0	0.0043	-1.0000
72	543	2	832.8955	8	9	0	-1	0	0.0043	-1.0000
72	544	2	834.4288	5	14	0	-1	0	0.0043	-1.0000
72	545	2	835.9621	4	11	0	-1	0	0.0043	-1.0000
72	546	2	837.4955	6	1	0	-1	0	0.0043	-1.0000
72	547	2	839.0288	8	9	0	-1	0	0.0043	-1.0000
72	548	2	840.5621	9	2	0	-1	0	0.0043	-1.0000
72	549	2	842.0954	8	9	0	-1	0	0.0043	-1.0000
72	550	2	843.6288	6	1	0	-1	1	0.0043	0.7227
72	551	2	845.1621	5	14	0	-1	0	0.0043	-1.0000
72	552	2	846.6954	7	15	0	-1	0	0.0043	-1.0000
72	553	2	848.2287	5	14	0	-1	0	0.0043	-1.0000
72	554	2	849.7621	4	11	0	-1	0	0.0043	-1.0000
72	555	2	851.2954	5	14	0	-1	0	0.0043	-1.0000
72	556	2	852.8287	6	1	0	-1	0	0.0043	-1.0000
72	557	2	854.3620	7	15	0	-1	0	0.0043	-1.0000
72	558	2	855.8954	8	9	0	-1	0	0.0043	-1.0000
72	559	2	857.4287	9	2	0	-1	0	0.0043	-1.0000
72	560	2	858.9620	10	6	0	-1	0	0.0043	-1.0000
72	561	2	860.4953	11	5	0	-1	0	0.0043	-1.0000
72	562	2	862.0286	12	12	0	-1	0	0.0043	-1.0000
72	563	2	863.5620	13	4	0	-1	1	0.0043	0.9812
72	564	2	865.0953	14	3	0	-1	0	0.0043	-1.0000
72	565	2	866.6286	15	8	0	-1	0	0.0043	-1.0000
72	566	2	868.1619	1	13	0	-1	0	0.0043	-1.0000
72	567	2	869.6953	2	10	0	-1	0	0.0043	-1.0000
72	568	2	871.2286	3	7	0	-1	0	0.0043	-1.0000
72	569	2	872.7619	4	11	0	-1	0	0.0043	-1.0000
72	570	2	874.2952	5	14	0	-1	0	0.0043	-1.0000
72	571	2	875.8286	8	9	0	-1	0	0.0043	-1.0000
72	572	2	877.3619	5	14	0	-1	1	0.0043	0.6376
72	573	2	878.8952	4	11	0	-1	0	0.0043	-1.0000
72	574	2	880.4285	6	1	0	-1	0	0.0043	-1.0000
72	575	2	881.9619	4	11	0	-1	0	0.0043	-1.0000
72	576	2	883.4952	7	15	0	-1	1	0.0043	0.8399
72	577	2	885.0285	4	11	0	-1	0	0.0043	-1.0000
72	578	2	886.5618	3	7	0	-1	0	0.0043	-1.0000
72	579	2	888.0952	4	11	0	-1	0	0.0043	-1.0000
72	580	2	889.6285	5	14	0	-1	0	0.0043	-1.0000
72	581	2	891.1618	4	11	0	-1	0	0.0043	-1.0000
72	582	2	892.6952	7	15	0	-1	0	0.0043	-1.0000
72	583	2	894.2285	5	14	0	-1	0	0.0043	-1.0000
72	584	2	895.7618	8	9	0	-1	0	0.0043	-1.0000
72	585	2	897.2951	6	1	0	-1	1	0.0043	0.8958
72	586	2	898.8285	5	14	0	-1	0	0.0043	-1.0000
72	587	2	900.3618	4	11	0	-1	0	0.0043	-1.0000
72	588	2	901.8951	3	7	0	-1	0	0.0043	-1.0000
72	589	2	903.4284	2	10	0	-1	1	0.0043	0.8751
72	590	2	904.9618	1	13	0	-1	0	0.0043	-1.0000
72	591	2	906.4951	15	8	0	-1	0	0.0043	-1.0000
72	592	2	908.0284	14	3	0	-1	1	0.0043	0.6424
72	593	2	909.5617	13	4	0	-1	0	0.0043	-1.0000
72	594	2	911.0951	12	12	0	-1	1	0.0043	1.1284
72	595	2	912.6284	11	5	0	-1	0	0.0043	-1.0000
72	596	2	914.1617	10	6	0	-1	0	0.0043	-1.0000
72	597	2	915.6950	9	2	0	-1	0	0.0043	-1.0000
72	598	2	917.2284	8	9	0	-1	0	0.0043	-1.0000
72	599	2	918.7617	7	15	0	-1	0	0.0043	-1.0000
72	600	2	920.2950	6	1	0	-1	0	0.0043	-1.0000
Actual parsing ratio
0.0043
Possible node parses
85.0000
 Node parses selected
0.1059
Possible other parses
515.0000
Other parses selected
4.0854
Chance parsing ratio
0.1417
Shock trials
26
382
524