*********************************************
* Date/Time: 23-Nov-2020 11:17:25
* Seed: 210302.7
* Subject Number: 074
14	8	11	12	10	4	7	1	15	2	3	5	9	6	13	
*********************************************

Shape exposure time (seconds)
211.3044
subject	trial	phase	onset	node	shape	rotate	acc	resp	total	rt
74	1	1	1.0167	4	12	90	-1	0	0.0000	-1.0000
74	2	1	2.8500	7	7	0	-1	0	0.0000	-1.0000
74	3	1	4.5833	5	10	90	0	1	0.0000	0.0270
74	4	1	6.1333	4	12	0	1	1	0.2500	1.0525
74	5	1	7.6833	3	11	0	1	1	0.4000	1.0541
74	6	1	9.2333	15	13	0	1	1	0.5000	0.7531
74	7	1	10.7833	3	11	0	1	1	0.5714	0.7069
74	8	1	12.3333	4	12	0	1	1	0.6250	0.7249
74	9	1	13.8833	6	4	90	1	1	0.6667	1.1430
74	10	1	15.4333	8	1	0	1	1	0.7000	0.6962
74	11	1	16.9832	5	10	0	1	1	0.7273	0.7623
74	12	1	18.5332	8	1	0	1	1	0.7500	0.7967
74	13	1	20.0832	9	15	0	0	1	0.6923	0.9267
74	14	1	21.6332	12	5	0	1	1	0.7143	0.7371
74	15	1	23.1832	10	2	0	1	1	0.7333	0.6262
74	16	1	24.7332	9	15	0	0	1	0.6875	0.9642
74	17	1	26.2832	11	3	90	0	1	0.6471	0.7265
74	18	1	27.8332	10	2	0	1	1	0.6667	1.0162
74	19	1	29.3832	11	3	0	1	1	0.6842	0.9231
74	20	1	30.9332	10	2	0	1	1	0.7000	0.6523
74	21	1	32.4831	9	15	0	1	1	0.7143	1.0383
74	22	1	34.0331	8	1	0	1	1	0.7273	1.0243
74	23	1	35.5831	9	15	0	1	1	0.7391	0.8987
74	24	1	37.1331	8	1	0	1	1	0.7500	0.8692
74	25	1	38.6831	9	15	0	1	1	0.7600	0.6148
74	26	1	40.2331	8	1	90	0	1	0.7308	0.8083
74	27	1	41.7831	6	4	90	0	1	0.7037	1.0023
74	28	1	43.3331	5	10	0	1	1	0.7143	0.8288
74	29	1	44.8831	7	7	90	1	1	0.7241	1.1672
74	30	1	46.4332	4	12	0	1	1	0.7333	1.2331
74	31	1	47.9831	5	10	0	1	1	0.7419	0.8503
74	32	1	49.5331	6	4	0	-1	0	0.7188	-1.0000
74	33	1	51.2664	5	10	0	1	1	0.7273	0.9110
74	34	1	52.8164	6	4	0	0	1	0.7059	0.9930
74	35	1	54.3664	7	7	0	-1	0	0.6857	-1.0000
74	36	1	56.1164	5	10	0	1	1	0.6944	0.0167
74	37	1	57.6663	8	1	0	1	1	0.7027	1.1994
74	38	1	59.2163	9	15	90	0	1	0.6842	0.9614
74	39	1	60.7663	8	1	0	-1	0	0.6667	-1.0000
74	40	1	62.5330	9	15	90	-1	0	0.6500	-1.0000
74	41	1	64.2497	8	1	90	0	1	0.6341	1.2082
74	42	1	65.7997	9	15	0	1	1	0.6429	1.0021
74	43	1	67.3496	11	3	0	1	1	0.6512	0.9887
74	44	1	68.8996	12	5	0	1	1	0.6591	0.9738
74	45	1	70.4496	10	2	0	1	1	0.6667	0.8158
74	46	1	71.9996	12	5	0	0	1	0.6522	0.6902
74	47	1	73.5496	13	9	0	0	1	0.6383	1.4442
74	48	1	75.2329	11	3	0	1	1	0.6458	0.9449
74	49	1	76.7829	10	2	0	1	1	0.6531	1.3629
74	50	1	78.3329	9	15	90	0	1	0.6400	0.7889
74	51	1	79.8829	10	2	0	1	1	0.6471	0.8385
74	52	1	81.4329	9	15	0	1	1	0.6538	1.2085
74	53	1	82.9829	10	2	0	1	1	0.6604	0.8270
74	54	1	84.5329	11	3	0	1	1	0.6667	0.8774
74	55	1	86.0829	9	15	0	1	1	0.6727	0.6705
74	56	1	87.6329	12	5	0	0	1	0.6607	1.3134
74	57	1	89.1829	11	3	0	1	1	0.6667	1.0265
74	58	1	90.7328	13	9	0	1	1	0.6724	1.3651
74	59	1	92.2829	11	3	0	1	1	0.6780	0.7274
74	60	1	93.8328	10	2	0	1	1	0.6833	1.3533
74	61	1	95.3828	11	3	90	0	1	0.6721	1.1310
74	62	1	96.9328	10	2	90	-1	0	0.6613	-1.0000
74	63	1	98.6662	13	9	90	0	1	0.6508	0.1201
74	64	1	100.2161	14	6	90	1	1	0.6563	0.9538
74	65	1	101.7661	2	8	90	0	1	0.6462	1.1002
74	66	1	103.3161	1	14	0	0	1	0.6364	0.9579
74	67	1	104.8661	14	6	90	-1	0	0.6269	-1.0000
74	68	1	106.5994	15	13	0	1	1	0.6324	0.7300
74	69	1	108.1494	3	11	90	0	1	0.6232	1.4683
74	70	1	109.8661	1	14	0	-1	0	0.6143	-1.0000
74	71	1	111.5995	14	6	0	1	1	0.6197	1.2660
74	72	1	113.1494	15	13	90	0	1	0.6111	0.7243
74	73	1	114.6994	1	14	0	1	1	0.6164	0.7110
74	74	1	116.2494	14	6	0	1	1	0.6216	1.0326
74	75	1	117.7994	1	14	0	0	1	0.6133	0.8589
74	76	1	119.3494	3	11	0	1	1	0.6184	0.8767
74	77	1	120.8994	4	12	0	1	1	0.6234	1.1181
74	78	1	122.4493	6	4	0	1	1	0.6282	0.6720
74	79	1	123.9993	8	1	90	0	1	0.6203	0.7382
74	80	1	125.5493	7	7	0	1	1	0.6250	0.7240
74	81	1	127.0993	6	4	90	0	1	0.6173	1.3980
74	82	1	128.7160	5	10	0	1	1	0.6220	0.5819
74	83	1	130.2660	6	4	0	1	1	0.6265	0.4878
74	84	1	131.8160	7	7	0	1	1	0.6310	0.5377
74	85	1	133.3660	8	1	90	0	1	0.6235	0.6198
74	86	1	134.9160	9	15	0	1	1	0.6279	0.8142
74	87	1	136.4660	11	3	0	1	1	0.6322	0.7357
74	88	1	138.0159	10	2	0	1	1	0.6364	0.7854
74	89	1	139.5659	11	3	0	1	1	0.6404	0.9000
74	90	1	141.1159	9	15	0	1	1	0.6444	0.4384
74	91	1	142.6659	12	5	90	0	1	0.6374	1.1124
74	92	1	144.2159	9	15	0	1	1	0.6413	0.4903
74	93	1	145.7659	10	2	0	1	1	0.6452	0.6675
74	94	1	147.3159	13	9	0	-1	0	0.6383	-1.0000
74	95	1	149.0492	11	3	0	1	1	0.6421	0.0731
74	96	1	150.5992	9	15	0	1	1	0.6458	0.7142
74	97	1	152.1492	10	2	0	1	1	0.6495	0.6691
74	98	1	153.6992	12	5	90	0	1	0.6429	0.7822
74	99	1	155.2492	11	3	0	1	1	0.6465	0.8326
74	100	1	156.7992	13	9	0	1	1	0.6500	1.0748
74	101	1	158.3492	14	6	0	0	1	0.6436	1.0767
74	102	1	159.8992	13	9	0	1	1	0.6471	0.8862
74	103	1	161.4492	10	2	0	1	1	0.6505	1.0802
74	104	1	162.9991	9	15	0	1	1	0.6538	0.5072
74	105	1	164.5491	8	1	0	1	1	0.6571	0.8932
74	106	1	166.0991	7	7	0	-1	0	0.6509	-1.0000
74	107	1	167.8325	8	1	90	0	1	0.6449	0.9049
74	108	1	169.3824	6	4	0	1	1	0.6481	1.1153
74	109	1	170.9324	4	12	0	1	1	0.6514	1.1973
74	110	1	172.4824	6	4	90	0	1	0.6455	0.9586
74	111	1	174.0324	5	10	0	1	1	0.6486	0.7698
74	112	1	175.5824	6	4	0	1	1	0.6518	1.2998
74	113	1	177.1324	4	12	0	1	1	0.6549	1.0293
74	114	1	178.6824	3	11	0	1	1	0.6579	1.1594
74	115	1	180.2324	15	13	0	1	1	0.6609	1.2090
74	116	1	181.7824	14	6	0	0	1	0.6552	1.2274
74	117	1	183.3324	15	13	0	1	1	0.6581	0.7330
74	118	1	184.8824	2	8	0	1	1	0.6610	1.1038
74	119	1	186.4324	14	6	0	1	1	0.6639	0.8810
74	120	1	187.9824	15	13	0	1	1	0.6667	0.6750
74	121	1	189.5324	3	11	0	1	1	0.6694	0.8370
74	122	1	191.0823	4	12	0	1	1	0.6721	0.8239
74	123	1	192.6323	7	7	0	1	1	0.6748	0.7138
74	124	1	194.1823	5	10	0	1	1	0.6774	0.9550
74	125	1	195.7323	7	7	0	0	1	0.6720	1.0530
74	126	1	197.2823	8	1	0	1	1	0.6746	0.5594
74	127	1	198.8323	6	4	90	0	1	0.6693	0.6895
74	128	1	200.3823	5	10	0	1	1	0.6719	0.5480
74	129	1	201.9323	4	12	0	1	1	0.6744	0.4530
74	130	1	203.4823	3	11	0	1	1	0.6769	0.8551
74	131	1	205.0323	4	12	0	0	1	0.6718	1.4180
74	132	1	206.6656	5	10	90	0	1	0.6667	0.4882
74	133	1	208.2156	6	4	90	0	1	0.6617	0.5866
74	134	1	209.7656	7	7	0	1	1	0.6642	0.9082
74	135	1	211.3156	5	10	0	1	1	0.6667	0.7018
74	136	1	212.8656	7	7	0	1	1	0.6691	0.8001
74	137	1	214.4156	4	12	0	1	1	0.6715	0.8181
74	138	1	215.9655	7	7	90	0	1	0.6667	0.5167
74	139	1	217.5156	4	12	90	0	1	0.6619	0.7746
74	140	1	219.0655	3	11	0	0	1	0.6571	0.8886
74	141	1	220.6155	2	8	0	1	1	0.6596	0.9538
74	142	1	222.1655	14	6	0	-1	0	0.6549	-1.0000
74	143	1	223.9155	13	9	0	1	1	0.6573	0.1348
74	144	1	225.4655	14	6	0	0	1	0.6528	1.3042
74	145	1	227.0155	15	13	0	1	1	0.6552	0.4428
74	146	1	228.5655	3	11	0	1	1	0.6575	0.6207
74	147	1	230.1155	2	8	0	1	1	0.6599	0.7187
74	148	1	231.6655	14	6	0	-1	0	0.6554	-1.0000
74	149	1	233.4155	2	8	90	0	1	0.6510	0.7782
74	150	1	234.9655	3	11	90	0	1	0.6467	0.7003
74	151	1	236.5154	2	8	0	1	1	0.6490	1.2782
74	152	1	238.0654	3	11	0	-1	0	0.6447	-1.0000
74	153	1	239.7988	4	12	0	1	1	0.6471	0.1706
74	154	1	241.3487	5	10	0	0	1	0.6429	0.0927
74	155	1	242.8987	6	4	0	1	1	0.6452	0.7669
74	156	1	244.4487	7	7	0	1	1	0.6474	0.8171
74	157	1	245.9987	8	1	0	1	1	0.6497	0.7395
74	158	1	247.5487	5	10	0	1	1	0.6519	0.7086
74	159	1	249.0987	8	1	0	1	1	0.6541	0.9990
74	160	1	250.6487	5	10	0	1	1	0.6563	0.6970
74	161	1	252.1987	4	12	90	0	1	0.6522	1.1306
74	162	1	253.7487	3	11	0	1	1	0.6543	1.1967
74	163	1	255.2987	15	13	0	1	1	0.6564	0.7835
74	164	1	256.8487	14	6	90	0	1	0.6524	0.9452
74	165	1	258.3987	15	13	0	1	1	0.6545	0.6910
74	166	1	259.9487	3	11	0	-1	0	0.6506	-1.0000
74	167	1	261.6820	1	14	90	1	1	0.6527	1.4241
74	168	1	263.2820	14	6	0	1	1	0.6548	0.9281
74	169	1	264.8320	1	14	0	-1	0	0.6509	-1.0000
74	170	1	266.5653	3	11	0	1	1	0.6529	1.0360
74	171	1	268.1153	2	8	90	1	1	0.6550	0.9429
74	172	1	269.6653	3	11	0	1	1	0.6570	1.1209
74	173	1	271.2153	1	14	90	0	1	0.6532	1.3302
74	174	1	272.7819	14	6	0	0	1	0.6494	0.5959
74	175	1	274.3319	15	13	0	1	1	0.6514	0.7094
74	176	1	275.8819	1	14	0	1	1	0.6534	0.8720
74	177	1	277.4319	15	13	0	1	1	0.6554	0.9863
74	178	1	278.9819	3	11	0	1	1	0.6573	0.8919
74	179	1	280.5319	4	12	0	0	1	0.6536	1.0854
74	180	1	282.0819	6	4	0	1	1	0.6556	0.6243
74	181	1	283.6319	5	10	0	1	1	0.6575	0.7538
74	182	1	285.1819	4	12	0	1	1	0.6593	0.6115
74	183	1	286.7319	5	10	0	1	1	0.6612	0.5018
74	184	1	288.2818	7	7	0	1	1	0.6630	0.6475
74	185	1	289.8318	5	10	90	0	1	0.6595	0.5700
74	186	1	291.3818	7	7	0	1	1	0.6613	0.4598
74	187	1	292.9318	5	10	0	1	1	0.6631	0.4143
74	188	1	294.4818	8	1	0	1	1	0.6649	0.6883
74	189	1	296.0318	6	4	0	1	1	0.6667	0.7220
74	190	1	297.5818	7	7	90	0	1	0.6632	0.4675
74	191	1	299.1318	8	1	0	1	1	0.6649	0.4215
74	192	1	300.6818	5	10	0	1	1	0.6667	0.7276
74	193	1	302.2318	4	12	0	1	1	0.6684	0.7620
74	194	1	303.7818	7	7	0	1	1	0.6701	0.7803
74	195	1	305.3318	8	1	0	1	1	0.6718	0.5423
74	196	1	306.8818	9	15	0	1	1	0.6735	0.9758
74	197	1	308.4317	11	3	0	1	1	0.6751	1.3936
74	198	1	310.0317	12	5	90	1	1	0.6768	1.2979
74	199	1	311.5817	11	3	90	0	1	0.6734	1.1401
74	200	1	313.1317	12	5	0	1	1	0.6750	1.0940
74	201	1	314.6817	10	2	0	1	1	0.6766	0.8556
74	202	1	316.2317	9	15	0	1	1	0.6782	0.6980
74	203	1	317.7817	11	3	0	1	1	0.6798	0.8277
74	204	1	319.3317	10	2	0	1	1	0.6814	0.8297
74	205	1	320.8817	13	9	0	1	1	0.6829	0.8796
74	206	1	322.4317	12	5	0	0	1	0.6796	1.0424
74	207	1	323.9817	13	9	0	1	1	0.6812	0.6444
74	208	1	325.5317	11	3	0	1	1	0.6827	0.8219
74	209	1	327.0816	13	9	0	1	1	0.6842	1.2237
74	210	1	328.6316	14	6	90	0	1	0.6810	1.2101
74	211	1	330.1816	2	8	0	1	1	0.6825	0.8764
74	212	1	331.7316	15	13	0	1	1	0.6840	0.9905
74	213	1	333.2816	14	6	0	1	1	0.6854	1.0566
74	214	1	334.8316	1	14	0	-1	0	0.6822	-1.0000
74	215	1	336.5483	14	6	90	0	1	0.6791	0.5094
74	216	1	338.0983	15	13	0	1	1	0.6806	0.6550
74	217	1	339.6482	2	8	0	1	1	0.6820	0.6410
74	218	1	341.1982	1	14	0	1	1	0.6835	0.4675
74	219	1	342.7482	2	8	90	0	1	0.6804	0.5180
74	220	1	344.2982	1	14	90	0	1	0.6773	0.6794
74	221	1	345.8482	14	6	0	1	1	0.6787	1.1455
74	222	1	347.3983	2	8	0	1	1	0.6802	0.5716
74	223	1	348.9482	3	11	90	0	1	0.6771	0.8935
74	224	1	350.4982	15	13	0	1	1	0.6786	0.6080
74	225	1	352.0482	3	11	0	1	1	0.6800	1.2815
74	226	1	353.5982	15	13	0	1	1	0.6814	0.7075
74	227	1	355.1482	3	11	0	-1	0	0.6784	-1.0000
74	228	1	356.8815	4	12	90	0	1	0.6754	0.1284
74	229	1	358.4315	7	7	0	1	1	0.6769	0.9142
74	230	1	359.9815	6	4	0	1	1	0.6783	0.8038
74	231	1	361.5315	5	10	90	0	1	0.6753	0.6619
74	232	1	363.0815	6	4	0	-1	0	0.6724	-1.0000
74	233	1	364.8148	4	12	90	0	1	0.6695	0.5945
74	234	1	366.3648	5	10	90	0	1	0.6667	0.8365
74	235	1	367.9148	7	7	0	0	1	0.6638	1.0474
74	236	1	369.4648	5	10	0	0	1	0.6610	0.8409
74	237	1	371.0148	8	1	0	1	1	0.6624	1.0025
74	238	1	372.5648	9	15	0	1	1	0.6639	0.7970
74	239	1	374.1147	12	5	0	0	1	0.6611	1.2309
74	240	1	375.6648	11	3	0	1	1	0.6625	0.7685
74	241	1	377.2147	10	2	0	1	1	0.6639	0.8349
74	242	1	378.7647	11	3	0	1	1	0.6653	1.1569
74	243	1	380.3147	9	15	0	1	1	0.6667	1.0469
74	244	1	381.8647	11	3	0	1	1	0.6680	1.1289
74	245	1	383.4147	12	5	0	1	1	0.6694	1.3070
74	246	1	384.9647	11	3	90	0	1	0.6667	1.1166
74	247	1	386.5147	13	9	0	1	1	0.6680	0.8469
74	248	1	388.0647	11	3	90	0	1	0.6653	1.1369
74	249	1	389.6147	10	2	0	1	1	0.6667	0.7075
74	250	1	391.1647	11	3	90	1	1	0.6680	0.6447
74	251	1	392.7146	9	15	0	1	1	0.6693	0.7906
74	252	1	394.2646	11	3	0	0	1	0.6667	1.0166
74	253	1	395.8146	13	9	90	0	1	0.6640	0.6190
74	254	1	397.3646	12	5	90	0	1	0.6614	0.5406
74	255	1	398.9146	9	15	0	1	1	0.6627	0.7515
74	256	1	400.4646	11	3	0	1	1	0.6641	0.8335
74	257	1	402.0146	10	2	0	1	1	0.6654	0.7876
74	258	1	403.5646	9	15	90	0	1	0.6628	0.9816
74	259	1	405.1146	8	1	0	1	1	0.6641	0.5026
74	260	1	406.6646	9	15	90	0	1	0.6615	0.8730
74	261	1	408.2146	8	1	90	-1	0	0.6590	-1.0000
74	262	1	409.9479	6	4	0	1	1	0.6603	0.3102
74	263	1	411.4979	4	12	90	1	1	0.6616	1.3834
74	264	1	413.0479	7	7	0	0	1	0.6591	1.1934
74	265	1	414.5979	5	10	90	0	1	0.6566	0.8118
74	266	1	416.1479	7	7	0	1	1	0.6579	1.1663
74	267	1	417.6978	4	12	0	-1	0	0.6554	-1.0000
74	268	1	419.4145	3	11	0	0	1	0.6530	0.2350
74	269	1	420.9645	1	14	0	1	1	0.6543	0.7328
74	270	1	422.5145	15	13	0	1	1	0.6556	0.7988
74	271	1	424.0645	2	8	0	1	1	0.6568	0.9768
74	272	1	425.6145	14	6	0	1	1	0.6581	0.9156
74	273	1	427.1645	13	9	0	1	1	0.6593	0.7408
74	274	1	428.7145	12	5	0	1	1	0.6606	1.0792
74	275	1	430.2645	13	9	0	0	1	0.6582	1.0172
74	276	1	431.8145	12	5	0	1	1	0.6594	0.5717
74	277	1	433.3645	13	9	0	1	1	0.6606	0.9097
74	278	1	434.9144	10	2	0	1	1	0.6619	1.1198
74	279	1	436.4644	11	3	0	1	1	0.6631	0.8489
74	280	1	438.0144	12	5	90	0	1	0.6607	1.1877
74	281	1	439.5644	9	15	0	1	1	0.6619	1.4298
74	282	1	441.1977	10	2	90	0	1	0.6596	1.4761
74	283	1	442.8977	9	15	0	1	1	0.6608	1.0875
74	284	1	444.4477	10	2	0	1	1	0.6620	0.9624
74	285	1	445.9977	9	15	0	1	1	0.6632	0.7560
74	286	1	447.5477	8	1	0	1	1	0.6643	1.2539
74	287	1	449.0977	6	4	0	1	1	0.6655	0.6796
74	288	1	450.6477	5	10	0	0	1	0.6632	1.2096
74	289	1	452.1977	8	1	90	0	1	0.6609	0.5244
74	290	1	453.7477	7	7	0	1	1	0.6621	0.6220
74	291	1	455.2977	8	1	0	1	1	0.6632	0.9919
74	292	1	456.8476	5	10	0	1	1	0.6644	0.8505
74	293	1	458.3977	4	12	0	1	1	0.6655	1.1880
74	294	1	459.9476	5	10	0	1	1	0.6667	0.8537
74	295	1	461.4976	4	12	0	1	1	0.6678	0.5200
74	296	1	463.0476	5	10	90	0	1	0.6655	0.5220
74	297	1	464.5976	6	4	0	1	1	0.6667	0.7798
74	298	1	466.1476	4	12	0	1	1	0.6678	0.9097
74	299	1	467.6976	7	7	0	1	1	0.6689	0.5441
74	300	1	469.2476	6	4	0	1	1	0.6700	0.6100
74	301	1	470.7976	5	10	90	-1	0	0.6678	-1.0000
74	302	1	472.5476	4	12	0	1	1	0.6689	0.0167
74	303	1	474.0976	3	11	0	1	1	0.6700	0.7525
74	304	1	475.6476	15	13	0	1	1	0.6711	0.6265
74	305	1	477.1975	2	8	0	1	1	0.6721	0.4680
74	306	1	478.7475	1	14	0	1	1	0.6732	0.3745
74	307	1	480.2975	14	6	0	1	1	0.6743	0.5520
74	308	1	481.8475	15	13	0	1	1	0.6753	0.4100
74	309	1	483.3975	1	14	0	1	1	0.6764	0.3162
74	310	1	484.9475	2	8	0	1	1	0.6774	0.3342
74	311	1	486.4975	15	13	0	1	1	0.6785	0.6402
74	312	1	488.0475	3	11	90	0	1	0.6763	0.6418
74	313	1	489.5975	2	8	0	1	1	0.6773	0.7401
74	314	1	491.1475	3	11	90	-1	0	0.6752	-1.0000
74	315	1	492.9475	15	13	0	1	1	0.6762	0.5097
74	316	1	494.4975	1	14	0	1	1	0.6772	0.3837
74	317	1	496.0474	2	8	90	0	1	0.6751	0.3861
74	318	1	497.5974	1	14	0	1	1	0.6761	0.3721
74	319	1	499.1474	2	8	0	1	1	0.6771	0.9342
74	320	1	500.6974	14	6	0	-1	0	0.6750	-1.0000
74	321	1	502.4141	1	14	0	1	1	0.6760	0.8197
74	322	1	503.9641	3	11	90	0	1	0.6739	0.9335
74	323	1	505.5141	4	12	0	1	1	0.6749	1.0791
74	324	1	507.0641	5	10	0	1	1	0.6759	1.0812
74	325	1	508.6141	6	4	0	1	1	0.6769	0.6516
74	326	1	510.1640	4	12	0	1	1	0.6779	0.5736
74	327	1	511.7140	7	7	0	1	1	0.6789	0.3356
74	328	1	513.2640	5	10	0	1	1	0.6799	0.4497
74	329	1	514.8140	6	4	0	1	1	0.6809	0.5636
74	330	1	516.3640	4	12	90	0	1	0.6788	0.3737
74	331	1	517.9140	5	10	0	1	1	0.6798	0.3596
74	332	1	519.4640	6	4	0	1	1	0.6807	0.3772
74	333	1	521.0140	4	12	0	1	1	0.6817	0.4121
74	334	1	522.5640	7	7	0	1	1	0.6826	0.4136
74	335	1	524.1140	8	1	90	0	1	0.6806	0.4797
74	336	1	525.6640	5	10	0	1	1	0.6815	0.3855
74	337	1	527.2139	8	1	0	1	1	0.6825	0.5158
74	338	1	528.7639	5	10	0	1	1	0.6834	0.5657
74	339	1	530.3139	4	12	0	1	1	0.6844	0.5997
74	340	1	531.8639	6	4	0	1	1	0.6853	0.3138
74	341	1	533.4139	8	1	0	1	1	0.6862	0.3154
74	342	1	534.9639	6	4	0	1	1	0.6871	0.3182
74	343	1	536.5139	5	10	0	1	1	0.6880	0.3837
74	344	1	538.0639	4	12	0	1	1	0.6890	0.3853
74	345	1	539.6139	6	4	0	1	1	0.6899	0.3402
74	346	1	541.1639	4	12	0	1	1	0.6908	0.3896
74	347	1	542.7138	3	11	0	1	1	0.6916	0.3917
74	348	1	544.2639	4	12	0	1	1	0.6925	0.4253
74	349	1	545.8139	6	4	0	1	1	0.6934	0.3638
74	350	1	547.3639	4	12	0	1	1	0.6943	0.6860
74	351	1	548.9138	5	10	0	1	1	0.6952	0.3674
74	352	1	550.4638	6	4	90	0	1	0.6932	0.7857
74	353	1	552.0138	7	7	0	1	1	0.6941	0.8518
74	354	1	553.5638	4	12	0	1	1	0.6949	0.6138
74	355	1	555.1138	7	7	0	1	1	0.6958	0.3763
74	356	1	556.6638	8	1	0	1	1	0.6966	0.3619
74	357	1	558.2138	6	4	0	1	1	0.6975	0.3323
74	358	1	559.7638	7	7	0	1	1	0.6983	0.4934
74	359	1	561.3138	6	4	0	1	1	0.6992	0.4154
74	360	1	562.8638	8	1	0	1	1	0.7000	0.3535
74	361	1	564.4138	5	10	90	0	1	0.6981	0.5635
74	362	1	565.9638	8	1	0	1	1	0.6989	0.3574
74	363	1	567.5137	7	7	0	1	1	0.6997	0.3279
74	364	1	569.0637	4	12	90	0	1	0.6978	0.5858
74	365	1	570.6137	7	7	0	1	1	0.6986	0.7320
74	366	1	572.1637	8	1	0	0	1	0.6967	1.3431
74	367	1	573.7304	7	7	0	1	1	0.6975	0.5917
74	368	1	575.2804	6	4	0	1	1	0.6984	0.7697
74	369	1	576.8303	7	7	0	1	1	0.6992	0.5468
74	370	1	578.3804	4	12	0	-1	0	0.6973	-1.0000
74	371	1	580.1137	6	4	0	1	1	0.6981	0.7675
74	372	1	581.6637	4	12	0	1	1	0.6989	0.4979
74	373	1	583.2137	6	4	0	1	1	0.6997	0.4519
74	374	1	584.7636	4	12	0	1	1	0.7005	0.5178
74	375	1	586.3136	3	11	0	1	1	0.7013	0.7282
74	376	1	587.8636	4	12	0	1	1	0.7021	0.5855
74	377	1	589.4136	5	10	0	1	1	0.7029	0.5240
74	378	1	590.9636	7	7	0	1	1	0.7037	0.3504
74	379	1	592.5136	4	12	0	1	1	0.7045	0.3360
74	380	1	594.0636	3	11	0	1	1	0.7053	0.3219
74	381	1	595.6136	2	8	0	1	1	0.7060	0.4196
74	382	1	597.1636	3	11	0	1	1	0.7068	0.4696
74	383	1	598.7136	2	8	90	0	1	0.7050	0.9996
74	384	1	600.2636	14	6	0	1	1	0.7057	0.8096
74	385	1	601.8136	2	8	90	1	1	0.7065	0.8917
74	386	1	603.3636	14	6	0	1	1	0.7073	0.5261
74	387	1	604.9136	2	8	0	0	1	0.7054	0.4962
74	388	1	606.4635	14	6	0	1	1	0.7062	0.4500
74	389	1	608.0135	1	14	0	1	1	0.7069	0.7241
74	390	1	609.5635	3	11	0	1	1	0.7077	0.8865
74	391	1	611.1135	2	8	0	1	1	0.7084	1.1597
74	392	1	612.6635	1	14	90	0	1	0.7066	0.8410
74	393	1	614.2135	14	6	0	1	1	0.7074	0.7161
74	394	1	615.7635	15	13	90	1	1	0.7081	1.2460
74	395	1	617.3135	3	11	0	1	1	0.7089	0.8960
74	396	1	618.8635	4	12	90	0	1	0.7071	1.2661
74	397	1	620.4135	3	11	0	0	1	0.7053	0.6117
74	398	1	621.9635	2	8	90	0	1	0.7035	0.2297
74	399	1	623.5135	15	13	90	-1	0	0.7018	-1.0000
74	400	1	625.2468	1	14	0	1	1	0.7025	0.0832
74	401	1	626.8801	3	11	0	1	1	0.7032	0.8493
74	402	1	628.4301	2	8	0	1	1	0.7040	0.8351
74	403	1	629.9801	14	6	0	1	1	0.7047	0.7745
74	404	1	631.5301	2	8	0	1	1	0.7054	0.8071
74	405	1	633.0801	3	11	0	1	1	0.7062	0.9691
74	406	1	634.6301	15	13	0	1	1	0.7069	0.8596
74	407	1	636.1800	3	11	0	0	1	0.7052	0.7016
74	408	1	637.7301	1	14	0	1	1	0.7059	0.4321
74	409	1	639.2801	2	8	90	0	1	0.7042	0.8503
74	410	1	640.8300	1	14	0	1	1	0.7049	0.9800
74	411	1	642.3800	15	13	0	1	1	0.7056	0.5976
74	412	1	643.9300	2	8	0	1	1	0.7063	0.5035
74	413	1	645.4800	14	6	0	1	1	0.7070	0.3461
74	414	1	647.0300	13	9	0	1	1	0.7077	0.4432
74	415	1	648.5800	14	6	0	1	1	0.7084	1.0371
74	416	1	650.1300	1	14	0	1	1	0.7091	0.8152
74	417	1	651.6799	14	6	0	1	1	0.7098	1.0416
74	418	1	653.2299	13	9	0	1	1	0.7105	0.5316
74	419	1	654.7799	12	5	90	0	1	0.7088	0.4373
74	420	1	656.3300	13	9	0	1	1	0.7095	0.5192
74	421	1	657.8799	11	3	0	1	1	0.7102	0.6812
74	422	1	659.4299	9	15	0	1	1	0.7109	0.8280
74	423	1	660.9799	8	1	0	1	1	0.7116	0.5733
74	424	1	662.5299	7	7	0	1	1	0.7123	0.7513
74	425	1	664.0799	5	10	90	0	1	0.7106	0.4016
74	426	1	665.6299	7	7	0	1	1	0.7113	0.6276
74	427	1	667.1799	8	1	0	1	1	0.7119	0.4218
74	428	1	668.7299	6	4	0	1	1	0.7126	0.4401
74	429	1	670.2799	4	12	0	1	1	0.7133	1.0179
74	430	1	671.8299	6	4	0	1	1	0.7140	0.6036
74	431	1	673.3799	4	12	0	1	1	0.7146	0.4136
74	432	1	674.9298	5	10	0	1	1	0.7153	0.3515
74	433	1	676.4798	7	7	90	0	1	0.7136	0.3376
74	434	1	678.0299	8	1	0	1	1	0.7143	0.3237
74	435	1	679.5798	5	10	0	1	1	0.7149	0.6774
74	436	1	681.1298	4	12	90	0	1	0.7133	0.7117
74	437	1	682.6798	5	10	0	1	1	0.7140	0.7457
74	438	1	684.2298	7	7	0	1	1	0.7146	0.7634
74	439	1	685.7798	6	4	90	0	1	0.7130	0.6705
74	440	1	687.3298	7	7	0	1	1	0.7136	0.5923
74	441	1	688.8798	8	1	0	1	1	0.7143	0.6898
74	442	1	690.4297	9	15	0	1	1	0.7149	0.7234
74	443	1	691.9797	10	2	0	1	1	0.7156	1.3502
74	444	1	693.5298	11	3	0	0	1	0.7140	1.1434
74	445	1	695.0797	12	5	0	1	1	0.7146	0.7938
74	446	1	696.6297	9	15	0	1	1	0.7152	0.6363
74	447	1	698.1797	11	3	0	1	1	0.7159	0.7974
74	448	1	699.7297	12	5	0	1	1	0.7165	0.9439
74	449	1	701.2797	11	3	0	1	1	0.7171	0.4495
74	450	1	702.8297	10	2	0	1	1	0.7178	0.4679
74	451	1	704.3797	9	15	0	1	1	0.7184	0.5175
74	452	1	705.9297	11	3	90	0	1	0.7168	0.3279
74	453	1	707.4797	13	9	0	1	1	0.7174	0.3618
74	454	1	709.0297	12	5	0	1	1	0.7181	0.3484
74	455	1	710.5796	9	15	0	1	1	0.7187	0.3659
74	456	1	712.1296	8	1	0	1	1	0.7193	1.1841
74	457	1	713.6796	7	7	0	1	1	0.7199	0.4659
74	458	1	715.2296	5	10	0	1	1	0.7205	0.3715
74	459	1	716.7796	7	7	0	1	1	0.7211	0.5975
74	460	1	718.3297	6	4	0	1	1	0.7217	0.6317
74	461	1	719.8796	5	10	0	1	1	0.7223	0.8100
74	462	1	721.4296	4	12	0	0	1	0.7208	1.0519
74	463	1	722.9796	3	11	0	1	1	0.7214	0.3500
74	464	1	724.5296	15	13	0	1	1	0.7220	0.3044
74	465	1	726.0796	14	6	0	1	1	0.7226	0.7216
74	466	1	727.6296	15	13	0	1	1	0.7232	0.5162
74	467	1	729.1795	14	6	0	1	1	0.7238	1.3660
74	468	1	730.7462	13	9	0	1	1	0.7244	0.7913
74	469	1	732.2962	14	6	0	1	1	0.7249	0.6489
74	470	1	733.8462	13	9	90	0	1	0.7234	0.6514
74	471	1	735.3962	14	6	90	0	1	0.7219	0.4775
74	472	1	736.9462	1	14	0	1	1	0.7225	0.3193
74	473	1	738.4962	14	6	0	1	1	0.7230	0.5450
74	474	1	740.0462	2	8	0	1	1	0.7236	0.6432
74	475	1	741.5962	15	13	0	1	1	0.7242	0.6930
74	476	1	743.1461	1	14	0	1	1	0.7248	0.3759
74	477	1	744.6961	2	8	0	1	1	0.7254	0.6659
74	478	1	746.2461	3	11	0	1	1	0.7259	0.7954
74	479	1	747.7961	4	12	0	1	1	0.7265	0.5733
74	480	1	749.3461	5	10	0	1	1	0.7271	0.7670
74	481	1	750.8961	4	12	0	1	1	0.7277	0.5931
74	482	1	752.4461	5	10	0	1	1	0.7282	0.9634
74	483	1	753.9961	6	4	0	1	1	0.7288	0.3895
74	484	1	755.5461	8	1	0	1	1	0.7293	0.4560
74	485	1	757.0961	5	10	0	1	1	0.7299	0.3450
74	486	1	758.6461	7	7	0	1	1	0.7305	0.9551
74	487	1	760.1960	5	10	90	0	1	0.7290	0.6051
74	488	1	761.7460	7	7	0	1	1	0.7295	0.3190
74	489	1	763.2960	6	4	0	1	1	0.7301	0.6894
74	490	1	764.8460	5	10	0	1	1	0.7306	0.5474
74	491	1	766.3960	6	4	0	1	1	0.7312	0.7580
74	492	1	767.9460	4	12	0	1	1	0.7317	0.6155
74	493	1	769.4960	6	4	0	1	1	0.7323	0.4896
74	494	1	771.0460	4	12	0	1	1	0.7328	0.3641
74	495	1	772.5960	3	11	0	1	1	0.7333	0.6055
74	496	1	774.1460	4	12	0	1	1	0.7339	0.5759
74	497	1	775.6960	3	11	0	1	1	0.7344	1.1697
74	498	1	777.2460	15	13	0	1	1	0.7349	0.8680
74	499	1	778.7959	14	6	0	1	1	0.7355	0.5971
74	500	1	780.3459	1	14	0	1	1	0.7360	0.5195
74	501	1	781.8959	14	6	90	0	1	0.7345	0.4252
74	502	1	783.4459	13	9	0	1	1	0.7351	0.4120
74	503	1	784.9959	11	3	90	0	1	0.7336	0.6215
74	504	1	786.5459	10	2	90	0	1	0.7321	0.7352
74	505	1	788.0959	13	9	0	1	1	0.7327	0.5772
74	506	1	789.6459	14	6	0	1	1	0.7332	0.9476
74	507	1	791.1959	13	9	90	0	1	0.7318	1.1413
74	508	1	792.7459	11	3	0	1	1	0.7323	1.0320
74	509	1	794.2959	13	9	0	1	1	0.7328	1.4496
74	510	1	795.9125	10	2	0	1	1	0.7333	0.6006
74	511	1	797.4625	9	15	0	1	1	0.7339	0.7306
74	512	1	799.0125	11	3	90	0	1	0.7324	0.6209
74	513	1	800.5625	9	15	0	1	1	0.7329	0.7995
74	514	1	802.1125	12	5	90	0	1	0.7315	0.3850
74	515	1	803.6625	9	15	0	-1	0	0.7301	-1.0000
74	516	1	805.3791	12	5	90	0	1	0.7287	0.9746
74	517	1	806.9292	13	9	0	1	1	0.7292	0.7203
74	518	1	808.4791	10	2	0	1	1	0.7297	0.7065
74	519	1	810.0292	13	9	0	1	1	0.7303	0.6449
74	520	1	811.5791	12	5	0	1	1	0.7308	0.4864
74	521	1	813.1291	11	3	0	1	1	0.7313	0.5520
74	522	1	814.6791	13	9	90	0	1	0.7299	0.5063
74	523	1	816.2291	14	6	0	1	1	0.7304	0.4129
74	524	1	817.7791	2	8	90	0	1	0.7290	0.3344
74	525	1	819.3291	1	14	90	0	1	0.7276	1.3444
74	526	1	820.8957	3	11	90	0	1	0.7262	0.8815
74	527	1	822.4458	4	12	0	-1	0	0.7249	-1.0000
74	528	1	824.1791	6	4	0	1	1	0.7254	0.0301
74	529	1	825.7290	5	10	0	1	1	0.7259	1.0404
74	530	1	827.2790	8	1	0	1	1	0.7264	0.9145
74	531	1	828.8290	6	4	0	1	1	0.7269	0.6128
74	532	1	830.3790	8	1	0	-1	0	0.7256	-1.0000
74	533	1	832.1957	5	10	0	1	1	0.7261	0.6212
74	534	1	833.7457	7	7	0	1	1	0.7266	0.5758
74	535	1	835.2956	6	4	0	1	1	0.7271	0.4814
74	536	1	836.8456	5	10	0	1	1	0.7276	0.5483
74	537	1	838.3956	6	4	0	1	1	0.7281	0.5979
74	538	1	839.9456	7	7	0	1	1	0.7286	0.4555
74	539	1	841.4956	8	1	0	1	1	0.7291	0.7943
74	540	1	843.0456	5	10	0	1	1	0.7296	0.4588
74	541	1	844.5956	6	4	0	1	1	0.7301	0.4620
74	542	1	846.1456	5	10	0	1	1	0.7306	0.2875
74	543	1	847.6956	7	7	0	1	1	0.7311	0.3223
74	544	1	849.2456	4	12	0	1	1	0.7316	0.2758
74	545	1	850.7956	6	4	0	1	1	0.7321	0.3575
74	546	1	852.3456	8	1	0	1	1	0.7326	0.3279
74	547	1	853.8955	9	15	0	1	1	0.7331	0.0167
74	548	1	855.4455	12	5	0	1	1	0.7336	0.4439
74	549	1	856.9955	13	9	0	1	1	0.7341	0.7661
74	550	1	858.5455	10	2	90	0	1	0.7327	0.8639
74	551	1	860.0956	13	9	90	-1	0	0.7314	-1.0000
74	552	1	861.8122	11	3	0	1	1	0.7319	0.9093
74	553	1	863.3622	10	2	90	0	1	0.7306	0.6072
74	554	1	864.9122	9	15	0	1	1	0.7310	0.7533
74	555	1	866.4622	8	1	0	1	1	0.7315	0.9310
74	556	1	868.0121	9	15	0	1	1	0.7320	0.7095
74	557	1	869.5621	8	1	90	0	1	0.7307	0.6150
74	558	1	871.1121	9	15	0	1	1	0.7312	0.6973
74	559	1	872.6621	12	5	0	1	1	0.7317	0.7958
74	560	1	874.2121	9	15	0	1	1	0.7321	0.7814
74	561	1	875.7621	10	2	90	0	1	0.7308	0.9270
74	562	1	877.3121	13	9	0	1	1	0.7313	0.4970
74	563	1	878.8621	10	2	0	1	1	0.7318	1.0119
74	564	1	880.4121	9	15	90	-1	0	0.7305	-1.0000
74	565	1	882.1454	12	5	0	1	1	0.7310	0.5440
74	566	1	883.6954	9	15	90	0	1	0.7297	0.4505
74	567	1	885.2454	11	3	0	-1	0	0.7284	-1.0000
74	568	1	886.9788	10	2	0	1	1	0.7289	0.5907
74	569	1	888.5287	11	3	0	1	1	0.7293	0.8332
74	570	1	890.0787	12	5	0	1	1	0.7298	0.7544
74	571	1	891.6287	9	15	0	1	1	0.7303	1.1572
74	572	1	893.1787	10	2	0	1	1	0.7308	0.6307
74	573	1	894.7287	9	15	0	1	1	0.7312	0.6971
74	574	1	896.2787	10	2	0	1	1	0.7317	0.5234
74	575	1	897.8287	9	15	0	1	1	0.7322	0.7804
74	576	1	899.3786	8	1	0	1	1	0.7326	0.8474
74	577	1	900.9286	7	7	0	1	1	0.7331	0.8649
74	578	1	902.4786	6	4	0	1	1	0.7336	0.7069
74	579	1	904.0286	7	7	0	1	1	0.7340	0.8208
74	580	1	905.5786	4	12	0	1	1	0.7345	1.2389
74	581	1	907.1286	3	11	0	1	1	0.7349	0.8085
74	582	1	908.6786	15	13	0	1	1	0.7354	0.9228
74	583	1	910.2286	14	6	0	1	1	0.7358	0.8129
74	584	1	911.7786	2	8	0	1	1	0.7363	0.8468
74	585	1	913.3286	14	6	90	0	1	0.7350	0.6889
74	586	1	914.8786	2	8	0	1	1	0.7355	0.8034
74	587	1	916.4286	14	6	0	1	1	0.7359	0.9330
74	588	1	917.9786	15	13	0	1	1	0.7364	0.6145
74	589	1	919.5285	14	6	0	1	1	0.7368	0.3448
74	590	1	921.0785	15	13	90	0	1	0.7356	0.2986
74	591	1	922.6285	1	14	0	1	1	0.7360	0.2215
74	592	1	924.1785	14	6	0	1	1	0.7365	0.7029
74	593	1	925.7285	2	8	90	0	1	0.7352	0.3685
74	594	1	927.2785	3	11	90	0	1	0.7340	0.4189
74	595	1	928.8285	1	14	0	1	1	0.7345	0.9170
74	596	1	930.3785	2	8	0	1	1	0.7349	0.9352
74	597	1	931.9285	3	11	0	1	1	0.7353	0.7608
74	598	1	933.4785	2	8	0	1	1	0.7358	0.7315
74	599	1	935.0285	14	6	90	0	1	0.7346	0.4286
74	600	1	936.5784	2	8	0	1	1	0.7350	0.3667
74	601	1	1087.1276	14	6	0	-1	0	0.7338	-1.0000
74	602	1	1088.8609	1	14	90	0	1	0.7326	0.9800
74	603	1	1090.4109	2	8	0	-1	0	0.7313	-1.0000
74	604	1	1092.2109	14	6	0	-1	0	0.7301	-1.0000
74	605	1	1093.9442	15	13	0	1	1	0.7306	0.1696
74	606	1	1095.4942	2	8	0	1	1	0.7310	0.6512
74	607	1	1097.0442	14	6	90	0	1	0.7298	0.5728
74	608	1	1098.5942	2	8	0	1	1	0.7303	0.5913
74	609	1	1100.1442	1	14	0	1	1	0.7307	0.6739
74	610	1	1101.6942	3	11	90	0	1	0.7295	0.6111
74	611	1	1103.2442	4	12	90	0	1	0.7283	0.3412
74	612	1	1104.7942	5	10	0	1	1	0.7288	0.5030
74	613	1	1106.3442	4	12	0	1	1	0.7292	0.5217
74	614	1	1107.8941	3	11	0	1	1	0.7296	0.6032
74	615	1	1109.4441	15	13	0	1	1	0.7301	0.7337
74	616	1	1110.9941	2	8	0	1	1	0.7305	0.7349
74	617	1	1112.5441	3	11	0	1	1	0.7310	0.7049
74	618	1	1114.0941	4	12	0	1	1	0.7314	0.6269
74	619	1	1115.6441	7	7	0	1	1	0.7318	0.8053
74	620	1	1117.1941	5	10	0	1	1	0.7323	0.5193
74	621	1	1118.7441	8	1	0	1	1	0.7327	0.3769
74	622	1	1120.2941	6	4	0	1	1	0.7331	0.3631
74	623	1	1121.8441	8	1	0	1	1	0.7335	0.3498
74	624	1	1123.3941	5	10	0	1	1	0.7340	0.2393
74	625	1	1124.9441	8	1	0	1	1	0.7344	0.2579
74	626	1	1126.4941	9	15	0	1	1	0.7348	0.2749
74	627	1	1128.0440	8	1	0	1	1	0.7352	0.1493
74	628	1	1129.5940	6	4	0	1	1	0.7357	0.3430
74	629	1	1131.1440	5	10	0	1	1	0.7361	0.4090
74	630	1	1132.6940	4	12	0	1	1	0.7365	0.7473
74	631	1	1134.2440	5	10	0	1	1	0.7369	0.6053
74	632	1	1135.7940	8	1	0	1	1	0.7373	0.5913
74	633	1	1137.3440	9	15	0	1	1	0.7378	0.5290
74	634	1	1138.8940	8	1	0	1	1	0.7382	0.4033
74	635	1	1140.4440	7	7	0	1	1	0.7386	0.5170
74	636	1	1141.9940	8	1	0	1	1	0.7390	0.4073
74	637	1	1143.5439	9	15	0	1	1	0.7394	0.3624
74	638	1	1145.0939	11	3	0	1	1	0.7398	0.3315
74	639	1	1146.6439	9	15	90	0	1	0.7387	0.2857
74	640	1	1148.1939	8	1	0	1	1	0.7391	0.5110
74	641	1	1149.7439	5	10	0	1	1	0.7395	0.5771
74	642	1	1151.2939	4	12	0	1	1	0.7399	0.5154
74	643	1	1152.8439	3	11	90	0	1	0.7387	0.7255
74	644	1	1154.3939	2	8	0	1	1	0.7391	0.6955
74	645	1	1155.9439	1	14	0	1	1	0.7395	0.7135
74	646	1	1157.4939	3	11	90	0	1	0.7384	0.5722
74	647	1	1159.0439	4	12	0	1	1	0.7388	0.4936
74	648	1	1160.5939	7	7	90	0	1	0.7377	0.4800
74	649	1	1162.1438	5	10	0	1	1	0.7381	0.7860
74	650	1	1163.6939	4	12	0	1	1	0.7385	0.7391
74	651	1	1165.2438	7	7	0	1	1	0.7389	0.8212
74	652	1	1166.7938	4	12	90	0	1	0.7377	0.9041
74	653	1	1168.3438	3	11	0	1	1	0.7381	0.8094
74	654	1	1169.8938	15	13	0	1	1	0.7385	0.7635
74	655	1	1171.4438	3	11	0	1	1	0.7389	0.8935
74	656	1	1172.9938	15	13	0	1	1	0.7393	0.9121
74	657	1	1174.5438	1	14	0	1	1	0.7397	0.8657
74	658	1	1176.0938	3	11	0	1	1	0.7401	0.6441
74	659	1	1177.6438	4	12	0	1	1	0.7405	0.6932
74	660	1	1179.1938	5	10	0	1	1	0.7409	0.7436
74	661	1	1180.7437	8	1	90	0	1	0.7398	0.5057
74	662	1	1182.2937	5	10	0	1	1	0.7402	0.6193
74	663	1	1183.8437	4	12	0	1	1	0.7406	0.8938
74	664	1	1185.3937	3	11	0	1	1	0.7410	0.4313
74	665	1	1186.9437	1	14	0	1	1	0.7414	0.3695
74	666	1	1188.4937	3	11	0	1	1	0.7417	0.5477
74	667	1	1190.0437	15	13	90	0	1	0.7406	0.3736
74	668	1	1191.5937	3	11	0	1	1	0.7410	0.4876
74	669	1	1193.1437	15	13	90	1	1	0.7414	1.1297
74	670	1	1194.6937	1	14	90	1	1	0.7418	1.0357
74	671	1	1196.2437	3	11	90	0	1	0.7407	0.7813
74	672	1	1197.7937	1	14	90	1	1	0.7411	1.2157
74	673	1	1199.3436	3	11	0	0	1	0.7400	1.1054
74	674	1	1200.8936	1	14	0	1	1	0.7404	0.6277
74	675	1	1202.4436	3	11	0	1	1	0.7407	0.8058
74	676	1	1203.9936	15	13	90	1	1	0.7411	1.0796
74	677	1	1205.5436	1	14	0	1	1	0.7415	0.6182
74	678	1	1207.0936	14	6	0	1	1	0.7419	1.4677
74	679	1	1208.7269	2	8	0	1	1	0.7423	0.8424
74	680	1	1210.2769	3	11	0	1	1	0.7426	1.2297
74	681	1	1211.8269	4	12	0	1	1	0.7430	0.7180
74	682	1	1213.3769	7	7	90	1	1	0.7434	1.0241
74	683	1	1214.9269	6	4	0	-1	0	0.7423	-1.0000
74	684	1	1216.6603	5	10	0	1	1	0.7427	0.9571
74	685	1	1218.2102	6	4	0	1	1	0.7431	0.8316
74	686	1	1219.7602	8	1	0	1	1	0.7434	0.8172
74	687	1	1221.3102	5	10	0	1	1	0.7438	0.6275
74	688	1	1222.8602	7	7	0	1	1	0.7442	1.2851
74	689	1	1224.4102	8	1	90	0	1	0.7431	1.1111
74	690	1	1225.9602	6	4	90	0	1	0.7420	0.7612
74	691	1	1227.5101	5	10	0	1	1	0.7424	0.8431
74	692	1	1229.0601	6	4	90	1	1	0.7428	1.0852
74	693	1	1230.6101	7	7	90	1	1	0.7431	1.4388
74	694	1	1232.1935	5	10	0	1	1	0.7435	0.7035
74	695	1	1233.7435	6	4	90	1	1	0.7439	0.9940
74	696	1	1235.2935	5	10	0	1	1	0.7443	0.8044
74	697	1	1236.8435	8	1	0	1	1	0.7446	1.0139
74	698	1	1238.3934	7	7	0	1	1	0.7450	1.0640
74	699	1	1239.9434	8	1	0	1	1	0.7454	0.6819
74	700	1	1241.4934	7	7	90	1	1	0.7457	1.1475
74	701	1	1243.0434	6	4	0	1	1	0.7461	0.8299
74	702	1	1244.5934	5	10	0	1	1	0.7464	0.7996
74	703	1	1246.1434	4	12	0	1	1	0.7468	0.7380
74	704	1	1247.6934	7	7	0	1	1	0.7472	0.8525
74	705	1	1249.2434	8	1	0	1	1	0.7475	0.9020
74	706	1	1250.7934	9	15	0	1	1	0.7479	0.7600
74	707	1	1252.3434	8	1	90	1	1	0.7482	1.3379
74	708	1	1253.8934	7	7	90	1	1	0.7486	1.2759
74	709	1	1255.4433	5	10	0	1	1	0.7489	0.7976
74	710	1	1256.9934	7	7	0	1	1	0.7493	0.9281
74	711	1	1258.5433	4	12	0	1	1	0.7496	0.6576
74	712	1	1260.0933	3	11	0	1	1	0.7500	1.1724
74	713	1	1261.6433	2	8	0	1	1	0.7504	0.8701
74	714	1	1263.1933	1	14	0	1	1	0.7507	0.8240
74	715	1	1264.7433	3	11	90	0	1	0.7497	0.7297
74	716	1	1266.2933	2	8	0	1	1	0.7500	0.6526
74	717	1	1267.8433	3	11	0	1	1	0.7503	0.8457
74	718	1	1269.3933	1	14	0	1	1	0.7507	0.7360
74	719	1	1270.9433	14	6	0	1	1	0.7510	1.1220
74	720	1	1272.4932	13	9	0	1	1	0.7514	0.8996
74	721	1	1274.0432	10	2	90	-1	0	0.7503	-1.0000
74	722	1	1275.7766	9	15	0	1	1	0.7507	0.5611
74	723	1	1277.3265	11	3	90	0	1	0.7497	0.8992
74	724	1	1278.8766	10	2	0	1	1	0.7500	0.6928
74	725	1	1280.4265	11	3	0	1	1	0.7503	0.9509
74	726	1	1281.9765	13	9	0	1	1	0.7507	0.8887
74	727	1	1283.5265	11	3	0	1	1	0.7510	0.6667
74	728	1	1285.0765	9	15	0	1	1	0.7514	0.6848
74	729	1	1286.6266	10	2	0	1	1	0.7517	0.6549
74	730	1	1288.1765	12	5	0	1	1	0.7521	0.3528
74	731	1	1289.7265	11	3	0	1	1	0.7524	0.3550
74	732	1	1291.2765	12	5	0	1	1	0.7527	0.3565
74	733	1	1292.8265	11	3	0	1	1	0.7531	0.4873
74	734	1	1294.3765	13	9	0	1	1	0.7534	0.3128
74	735	1	1295.9265	11	3	0	1	1	0.7537	0.7789
74	736	1	1297.4764	13	9	0	1	1	0.7541	0.3333
74	737	1	1299.0264	11	3	90	-1	0	0.7531	-1.0000
74	738	1	1300.7598	10	2	0	1	1	0.7534	1.0331
74	739	1	1302.3098	12	5	90	1	1	0.7537	1.2112
74	740	1	1303.8598	9	15	0	1	1	0.7541	0.7980
74	741	1	1305.4098	12	5	0	1	1	0.7544	0.7836
74	742	1	1306.9597	9	15	90	1	1	0.7547	1.1692
74	743	1	1308.5098	10	2	0	1	1	0.7550	0.8996
74	744	1	1310.0597	13	9	0	1	1	0.7554	0.9500
74	745	1	1311.6097	12	5	0	1	1	0.7557	0.8237
74	746	1	1313.1597	10	2	0	1	1	0.7560	0.7292
74	747	1	1314.7097	13	9	0	1	1	0.7564	0.7315
74	748	1	1316.2597	12	5	90	1	1	0.7567	0.9741
74	749	1	1317.8097	13	9	0	1	1	0.7570	0.7355
74	750	1	1319.3597	10	2	0	1	1	0.7573	0.6260
74	751	1	1320.9097	9	15	0	1	1	0.7577	1.1402
74	752	1	1322.4596	8	1	0	1	1	0.7580	0.7903
74	753	1	1324.0096	6	4	0	1	1	0.7583	1.0153
74	754	1	1325.5596	5	10	0	1	1	0.7586	0.6656
74	755	1	1327.1096	8	1	0	1	1	0.7589	0.6838
74	756	1	1328.6596	5	10	90	1	1	0.7593	1.2293
74	757	1	1330.2096	8	1	0	1	1	0.7596	0.8636
74	758	1	1331.7597	5	10	0	1	1	0.7599	0.6257
74	759	1	1333.3096	8	1	0	1	1	0.7602	0.8518
74	760	1	1334.8596	5	10	0	1	1	0.7605	0.5977
74	761	1	1336.4096	7	7	0	1	1	0.7608	1.0637
74	762	1	1337.9596	6	4	0	1	1	0.7612	1.0180
74	763	1	1339.5096	4	12	0	1	1	0.7615	0.8117
74	764	1	1341.0595	7	7	0	1	1	0.7618	0.9099
74	765	1	1342.6096	8	1	0	1	1	0.7621	1.1517
74	766	1	1344.1595	7	7	90	1	1	0.7624	1.2178
74	767	1	1345.7095	6	4	0	1	1	0.7627	0.6282
74	768	1	1347.2595	7	7	0	1	1	0.7630	0.7098
74	769	1	1348.8095	8	1	0	1	1	0.7633	0.6958
74	770	1	1350.3595	7	7	0	1	1	0.7636	0.8418
74	771	1	1351.9095	5	10	0	1	1	0.7639	0.5234
74	772	1	1353.4595	4	12	0	1	1	0.7642	1.4698
74	773	1	1355.1095	6	4	0	1	1	0.7646	0.9083
74	774	1	1356.6594	7	7	0	1	1	0.7649	0.6537
74	775	1	1358.2095	6	4	0	1	1	0.7652	0.8159
74	776	1	1359.7595	7	7	0	1	1	0.7655	0.6578
74	777	1	1361.3094	4	12	90	1	1	0.7658	1.1559
74	778	1	1362.8594	5	10	0	1	1	0.7661	0.7898
74	779	1	1364.4094	4	12	0	1	1	0.7664	0.6636
74	780	1	1365.9594	7	7	0	1	1	0.7667	0.7298
74	781	1	1367.5094	6	4	0	1	1	0.7670	0.6835
74	782	1	1369.0594	5	10	0	1	1	0.7673	0.6544
74	783	1	1370.6094	6	4	0	1	1	0.7676	0.6404
74	784	1	1372.1594	7	7	0	1	1	0.7679	0.6579
74	785	1	1373.7094	4	12	0	1	1	0.7682	0.6599
74	786	1	1375.2594	7	7	90	1	1	0.7684	1.0619
74	787	1	1376.8094	6	4	0	1	1	0.7687	0.6639
74	788	1	1378.3594	8	1	0	1	1	0.7690	0.6975
74	789	1	1379.9094	5	10	0	1	1	0.7693	0.6199
74	790	1	1381.4593	7	7	0	1	1	0.7696	0.5900
74	791	1	1383.0093	8	1	0	1	1	0.7699	0.7200
74	792	1	1384.5593	7	7	0	1	1	0.7702	0.6900
74	793	1	1386.1093	6	4	0	1	1	0.7705	0.8516
74	794	1	1387.6593	4	12	0	1	1	0.7708	0.7266
74	795	1	1389.2093	7	7	0	1	1	0.7711	0.7926
74	796	1	1390.7593	8	1	0	1	1	0.7714	0.6499
74	797	1	1392.3093	9	15	0	1	1	0.7716	1.0525
74	798	1	1393.8593	10	2	0	1	1	0.7719	0.5896
74	799	1	1395.4093	9	15	0	1	1	0.7722	0.8800
74	800	1	1396.9593	11	3	0	1	1	0.7725	0.9625
74	801	1	1398.5093	13	9	0	1	1	0.7728	0.8689
74	802	1	1400.0592	11	3	90	0	1	0.7718	1.2696
74	803	1	1401.6092	12	5	0	1	1	0.7721	0.8236
74	804	1	1403.1592	13	9	90	1	1	0.7724	1.0823
74	805	1	1404.7092	12	5	0	1	1	0.7727	0.7319
74	806	1	1406.2592	10	2	0	1	1	0.7730	0.7499
74	807	1	1407.8092	12	5	0	1	1	0.7732	0.6881
74	808	1	1409.3592	11	3	0	1	1	0.7735	1.0901
74	809	1	1410.9092	9	15	0	-1	0	0.7726	-1.0000
74	810	1	1412.6425	10	2	0	1	1	0.7728	0.6873
74	811	1	1414.1925	11	3	0	1	1	0.7731	0.8173
74	812	1	1415.7425	12	5	0	1	1	0.7734	0.6588
74	813	1	1417.2925	9	15	0	1	1	0.7737	0.6290
74	814	1	1418.8425	8	1	0	1	1	0.7740	0.7268
74	815	1	1420.3925	6	4	0	1	1	0.7742	0.8893
74	816	1	1421.9425	8	1	0	1	1	0.7745	0.6344
74	817	1	1423.4924	7	7	0	1	1	0.7748	1.1649
74	818	1	1425.0424	6	4	0	1	1	0.7751	0.7027
74	819	1	1426.5924	7	7	0	1	1	0.7753	0.4650
74	820	1	1428.1424	6	4	0	1	1	0.7756	0.3548
74	821	1	1429.6925	4	12	0	1	1	0.7759	0.8048
74	822	1	1431.2424	3	11	0	1	1	0.7762	0.9674
74	823	1	1432.7924	1	14	0	1	1	0.7764	0.7445
74	824	1	1434.3424	14	6	0	1	1	0.7767	1.1147
74	825	1	1435.8924	1	14	90	1	1	0.7770	1.1494
74	826	1	1437.4424	14	6	90	0	1	0.7760	0.9110
74	827	1	1438.9924	1	14	0	1	1	0.7763	1.2651
74	828	1	1440.5424	2	8	0	1	1	0.7766	0.6745
74	829	1	1442.0924	3	11	0	-1	0	0.7756	-1.0000
74	830	1	1443.8257	2	8	0	1	1	0.7759	0.8161
74	831	1	1445.3757	3	11	90	1	1	0.7762	1.2021
74	832	1	1446.9257	4	12	0	1	1	0.7764	0.9632
74	833	1	1448.4756	6	4	0	1	1	0.7767	0.8695
74	834	1	1450.0256	8	1	0	1	1	0.7770	0.7760
74	835	1	1451.5756	7	7	0	1	1	0.7772	0.7138
74	836	1	1453.1256	6	4	0	1	1	0.7775	0.5876
74	837	1	1454.6756	5	10	90	0	1	0.7766	0.5253
74	838	1	1456.2256	6	4	90	1	1	0.7768	1.2152
74	839	1	1457.7756	5	10	0	1	1	0.7771	1.0102
74	840	1	1459.3256	6	4	0	1	1	0.7774	0.9641
74	841	1	1460.8756	7	7	0	1	1	0.7776	0.6773
74	842	1	1462.4256	6	4	90	0	1	0.7767	0.9513
74	843	1	1463.9756	5	10	0	1	1	0.7770	0.7773
74	844	1	1465.5256	6	4	0	1	1	0.7773	0.7637
74	845	1	1467.0755	4	12	90	1	1	0.7775	1.4216
74	846	1	1468.6422	7	7	0	1	1	0.7778	0.8789
74	847	1	1470.1922	8	1	90	1	1	0.7780	1.1847
74	848	1	1471.7422	6	4	90	1	1	0.7783	1.0110
74	849	1	1473.2922	5	10	0	1	1	0.7786	0.7087
74	850	1	1474.8422	6	4	0	1	1	0.7788	0.7590
74	851	1	1476.3922	4	12	0	1	1	0.7791	0.6810
74	852	1	1477.9422	7	7	0	1	1	0.7793	1.0511
74	853	1	1479.4921	8	1	0	1	1	0.7796	0.6847
74	854	1	1481.0421	9	15	0	1	1	0.7799	0.9596
74	855	1	1482.5921	8	1	90	1	1	0.7801	1.0575
74	856	1	1484.1421	6	4	0	1	1	0.7804	0.9155
74	857	1	1485.6921	7	7	0	1	1	0.7806	0.7570
74	858	1	1487.2421	5	10	0	1	1	0.7809	0.6151
74	859	1	1488.7921	4	12	0	1	1	0.7811	0.6976
74	860	1	1490.3421	5	10	0	1	1	0.7814	0.9228
74	861	1	1491.8921	4	12	0	1	1	0.7816	0.6377
74	862	1	1493.4421	3	11	0	1	1	0.7819	1.1351
74	863	1	1494.9921	1	14	90	1	1	0.7822	1.1691
74	864	1	1496.5420	2	8	0	1	1	0.7824	0.6908
74	865	1	1498.0920	1	14	0	1	1	0.7827	0.7258
74	866	1	1499.6420	2	8	0	1	1	0.7829	0.6312
74	867	1	1501.1920	15	13	0	1	1	0.7832	0.8728
74	868	1	1502.7420	2	8	90	1	1	0.7834	1.0832
74	869	1	1504.2920	14	6	0	1	1	0.7837	1.3092
74	870	1	1505.8420	15	13	90	1	1	0.7839	1.1033
74	871	1	1507.3920	3	11	0	1	1	0.7842	0.9132
74	872	1	1508.9420	4	12	90	1	1	0.7844	1.3318
74	873	1	1510.4920	7	7	0	1	1	0.7847	0.8693
74	874	1	1512.0420	4	12	0	1	1	0.7849	0.9032
74	875	1	1513.5920	6	4	0	1	1	0.7851	0.8098
74	876	1	1515.1420	8	1	0	1	1	0.7854	0.7629
74	877	1	1516.6920	6	4	0	1	1	0.7856	0.7497
74	878	1	1518.2420	5	10	0	1	1	0.7859	0.8632
74	879	1	1519.7919	8	1	90	1	1	0.7861	1.1853
74	880	1	1521.3419	5	10	0	1	1	0.7864	0.6593
74	881	1	1522.8919	6	4	90	1	1	0.7866	0.9653
74	882	1	1524.4419	5	10	0	1	1	0.7868	0.7590
74	883	1	1525.9919	8	1	0	1	1	0.7871	0.8575
74	884	1	1527.5419	5	10	0	1	1	0.7873	0.6194
74	885	1	1529.0919	4	12	0	1	1	0.7876	0.9254
74	886	1	1530.6419	7	7	90	1	1	0.7878	1.2953
74	887	1	1532.1919	6	4	0	1	1	0.7880	0.8978
74	888	1	1533.7419	8	1	0	1	1	0.7883	0.7870
74	889	1	1535.2919	9	15	90	0	1	0.7874	0.7729
74	890	1	1536.8418	10	2	0	1	1	0.7876	0.9359
74	891	1	1538.3918	13	9	0	1	1	0.7879	0.9210
74	892	1	1539.9418	12	5	0	1	1	0.7881	0.7638
74	893	1	1541.4918	10	2	0	1	1	0.7884	1.0379
74	894	1	1543.0418	9	15	0	1	1	0.7886	1.2954
74	895	1	1544.5918	12	5	90	0	1	0.7877	0.8980
74	896	1	1546.1418	13	9	90	1	1	0.7879	0.9791
74	897	1	1547.6918	12	5	0	1	1	0.7882	0.7571
74	898	1	1549.2418	13	9	0	1	1	0.7884	0.5835
74	899	1	1550.7918	11	3	90	0	1	0.7875	1.4654
74	900	1	1552.4751	12	5	0	1	1	0.7878	0.8861
74	901	1	1554.0251	13	9	0	1	1	0.7880	0.6799
74	902	1	1555.5751	11	3	0	1	1	0.7882	1.3867
74	903	1	1557.1584	12	5	0	1	1	0.7885	0.7309
74	904	1	1558.7084	13	9	0	1	1	0.7887	0.6367
74	905	1	1560.2584	12	5	0	1	1	0.7890	0.7188
74	906	1	1561.8084	10	2	90	0	1	0.7881	0.8805
74	907	1	1563.3584	13	9	0	1	1	0.7883	0.7868
74	908	1	1564.9084	10	2	0	1	1	0.7885	0.8368
74	909	1	1566.4583	12	5	0	1	1	0.7888	0.9834
74	910	1	1568.0083	13	9	90	0	1	0.7879	0.6489
74	911	1	1569.5583	12	5	0	1	1	0.7881	0.9224
74	912	1	1571.1083	9	15	0	0	1	0.7873	0.9085
74	913	1	1572.6583	12	5	90	-1	0	0.7864	-1.0000
74	914	1	1574.3750	11	3	0	0	1	0.7856	0.2027
74	915	1	1575.9250	13	9	0	1	1	0.7858	0.6522
74	916	1	1577.4750	10	2	90	1	1	0.7860	1.4867
74	917	1	1579.1250	11	3	90	0	1	0.7852	1.4527
74	918	1	1580.8083	9	15	0	-1	0	0.7843	-1.0000
74	919	1	1582.5416	8	1	0	1	1	0.7845	0.1800
74	920	1	1584.0916	5	10	0	1	1	0.7848	0.8381
74	921	1	1585.6416	8	1	0	1	1	0.7850	0.7273
74	922	1	1587.1916	5	10	90	1	1	0.7852	1.1779
74	923	1	1588.7416	8	1	90	1	1	0.7855	0.9877
74	924	1	1590.2916	5	10	0	1	1	0.7857	0.7017
74	925	1	1591.8415	8	1	0	1	1	0.7859	0.6242
74	926	1	1593.3915	6	4	90	1	1	0.7862	0.9773
74	927	1	1594.9415	7	7	0	1	1	0.7864	0.8193
74	928	1	1596.4915	5	10	0	1	1	0.7866	0.7579
74	929	1	1598.0415	6	4	0	1	1	0.7869	0.7753
74	930	1	1599.5915	5	10	0	1	1	0.7871	0.6018
74	931	1	1601.1415	8	1	0	1	1	0.7873	0.8596
74	932	1	1602.6915	5	10	90	1	1	0.7876	0.9898
74	933	1	1604.2415	4	12	0	1	1	0.7878	0.7841
74	934	1	1605.7915	3	11	0	1	1	0.7880	1.1538
74	935	1	1607.3415	4	12	0	1	1	0.7882	0.8836
74	936	1	1608.8915	6	4	0	1	1	0.7885	0.7901
74	937	1	1610.4415	5	10	0	1	1	0.7887	0.6163
74	938	1	1611.9914	6	4	0	1	1	0.7889	0.7943
74	939	1	1613.5414	4	12	0	1	1	0.7891	0.7002
74	940	1	1615.0914	7	7	0	1	1	0.7894	0.6377
74	941	1	1616.6414	6	4	90	1	1	0.7896	1.0559
74	942	1	1618.1914	7	7	0	1	1	0.7898	0.6575
74	943	1	1619.7414	5	10	0	1	1	0.7900	0.5963
74	944	1	1621.2914	7	7	0	1	1	0.7903	0.7418
74	945	1	1622.8414	4	12	90	1	1	0.7905	1.0482
74	946	1	1624.3914	7	7	0	1	1	0.7907	0.6175
74	947	1	1625.9414	6	4	90	1	1	0.7909	1.4677
74	948	1	1627.5747	8	1	0	1	1	0.7911	0.9705
74	949	1	1629.1247	6	4	0	1	1	0.7914	0.7969
74	950	1	1630.6747	4	12	0	1	1	0.7916	0.6389
74	951	1	1632.2247	5	10	0	1	1	0.7918	0.7041
74	952	1	1633.7746	6	4	0	1	1	0.7920	0.7708
74	953	1	1635.3247	8	1	0	1	1	0.7922	0.8363
74	954	1	1636.8746	5	10	0	1	1	0.7925	0.7585
74	955	1	1638.4246	7	7	0	1	1	0.7927	0.9852
74	956	1	1639.9746	5	10	0	1	1	0.7929	0.8911
74	957	1	1641.5246	4	12	0	1	1	0.7931	0.8606
74	958	1	1643.0746	7	7	0	1	1	0.7933	0.7826
74	959	1	1644.6246	6	4	0	1	1	0.7935	0.8165
74	960	1	1646.1746	4	12	0	1	1	0.7937	0.7067
74	961	1	1647.7246	3	11	0	1	1	0.7940	1.0452
74	962	1	1649.2746	15	13	0	1	1	0.7942	0.9822
74	963	1	1650.8246	1	14	0	1	1	0.7944	0.7125
74	964	1	1652.3746	3	11	0	1	1	0.7946	1.0982
74	965	1	1653.9245	15	13	0	1	1	0.7948	1.0046
74	966	1	1655.4745	2	8	0	1	1	0.7950	0.7347
74	967	1	1657.0245	1	14	0	1	1	0.7952	0.6563
74	968	1	1658.5745	15	13	0	1	1	0.7955	0.8511
74	969	1	1660.1245	1	14	0	1	1	0.7957	0.5967
74	970	1	1661.6745	2	8	0	1	1	0.7959	0.7585
74	971	1	1663.2245	14	6	0	1	1	0.7961	0.9683
74	972	1	1664.7745	15	13	0	1	1	0.7963	0.7466
74	973	1	1666.3244	3	11	0	1	1	0.7965	0.8763
74	974	1	1667.8745	2	8	0	1	1	0.7967	0.6707
74	975	1	1669.4245	3	11	0	1	1	0.7969	0.6728
74	976	1	1670.9744	1	14	0	1	1	0.7971	0.5947
74	977	1	1672.5244	15	13	0	1	1	0.7973	0.9967
74	978	1	1674.0744	1	14	90	1	1	0.7975	1.1104
74	979	1	1675.6244	15	13	90	1	1	0.7978	1.0327
74	980	1	1677.1744	2	8	0	1	1	0.7980	0.6988
74	981	1	1678.7244	15	13	0	1	1	0.7982	0.9091
74	982	1	1680.2744	3	11	0	1	1	0.7984	0.7667
74	983	1	1681.8244	1	14	0	1	1	0.7986	0.6724
74	984	1	1683.3744	15	13	90	-1	0	0.7978	-1.0000
74	985	1	1685.1244	2	8	0	0	1	0.7970	0.0167
74	986	1	1686.6744	14	6	0	1	1	0.7972	1.1192
74	987	1	1688.2244	1	14	0	1	1	0.7974	0.6571
74	988	1	1689.7743	3	11	0	1	1	0.7976	0.7064
74	989	1	1691.3243	2	8	90	1	1	0.7978	0.9654
74	990	1	1692.8743	14	6	0	1	1	0.7980	0.9029
74	991	1	1694.4243	13	9	0	1	1	0.7982	1.0651
74	992	1	1695.9743	10	2	0	1	1	0.7984	1.2105
74	993	1	1697.5243	11	3	0	1	1	0.7986	1.0373
74	994	1	1699.0743	9	15	0	1	1	0.7988	1.1344
74	995	1	1700.6243	10	2	90	1	1	0.7990	1.1524
74	996	1	1702.1743	12	5	0	1	1	0.7992	0.9308
74	997	1	1703.7242	9	15	90	1	1	0.7994	1.1249
74	998	1	1705.2743	10	2	0	1	1	0.7996	0.9182
74	999	1	1706.8243	11	3	0	1	1	0.7998	1.0813
74	1000	1	1708.3743	9	15	90	1	1	0.8000	1.1304
74	1001	1	1709.9242	12	5	0	1	1	0.8002	0.7969
74	1002	1	1711.4742	13	9	0	1	1	0.8004	0.9429
74	1003	1	1713.0242	10	2	90	1	1	0.8006	1.2009
74	1004	1	1714.5742	11	3	0	1	1	0.8008	0.8665
74	1005	1	1716.1242	10	2	0	1	1	0.8010	0.6929
74	1006	1	1717.6742	13	9	90	1	1	0.8012	1.3506
74	1007	1	1719.2242	10	2	0	1	1	0.8014	0.6166
74	1008	1	1720.7742	9	15	0	1	1	0.8016	1.0029
74	1009	1	1722.3242	10	2	0	1	1	0.8018	0.6690
74	1010	1	1723.8742	11	3	0	1	1	0.8020	0.7515
74	1011	1	1725.4242	10	2	0	1	1	0.8022	0.6406
74	1012	1	1726.9741	13	9	0	1	1	0.8024	0.6910
74	1013	1	1728.5241	11	3	0	1	1	0.8026	0.5495
74	1014	1	1730.0741	12	5	0	1	1	0.8028	0.7748
74	1015	1	1731.6241	13	9	0	1	1	0.8030	0.7609
74	1016	1	1733.1741	11	3	0	1	1	0.8031	0.7155
74	1017	1	1734.7241	13	9	0	1	1	0.8033	0.8929
74	1018	1	1736.2741	12	5	0	1	1	0.8035	0.7995
74	1019	1	1737.8241	11	3	0	1	1	0.8037	0.9134
74	1020	1	1739.3741	10	2	0	1	1	0.8039	0.4190
74	1021	1	1740.9241	13	9	90	1	1	0.8041	1.0130
74	1022	1	1742.4741	10	2	0	1	1	0.8043	0.8391
74	1023	1	1744.0241	13	9	0	1	1	0.8045	0.5847
74	1024	1	1745.5740	10	2	0	1	1	0.8047	0.6996
74	1025	1	1747.1240	12	5	0	1	1	0.8049	0.7170
74	1026	1	1748.6740	13	9	0	1	1	0.8051	0.5751
74	1027	1	1750.2240	11	3	90	1	1	0.8053	1.1373
74	1028	1	1751.7740	10	2	90	1	1	0.8054	1.2191
74	1029	1	1753.3240	11	3	0	1	1	0.8056	0.7413
74	1030	1	1754.8740	12	5	90	1	1	0.8058	1.0317
74	1031	1	1756.4240	9	15	90	1	1	0.8060	1.2569
74	1032	1	1757.9739	10	2	0	1	1	0.8062	0.7790
74	1033	1	1759.5240	11	3	90	0	1	0.8054	0.8297
74	1034	1	1761.0740	13	9	0	1	1	0.8056	1.0228
74	1035	1	1762.6240	12	5	0	1	1	0.8058	0.7848
74	1036	1	1764.1739	9	15	0	1	1	0.8060	0.8513
74	1037	1	1765.7239	12	5	0	1	1	0.8062	0.6132
74	1038	1	1767.2739	10	2	0	1	1	0.8064	0.6152
74	1039	1	1768.8239	12	5	0	1	1	0.8065	0.7928
74	1040	1	1770.3739	11	3	0	1	1	0.8067	0.7157
74	1041	1	1771.9239	12	5	0	1	1	0.8069	0.7813
74	1042	1	1773.4739	13	9	90	0	1	0.8061	1.1028
74	1043	1	1775.0239	11	3	0	1	1	0.8063	0.6892
74	1044	1	1776.5739	13	9	0	1	1	0.8065	0.6748
74	1045	1	1778.1239	12	5	0	1	1	0.8067	0.6452
74	1046	1	1779.6739	10	2	0	1	1	0.8069	0.6955
74	1047	1	1781.2238	12	5	0	1	1	0.8071	0.6649
74	1048	1	1782.7739	10	2	0	1	1	0.8073	0.5873
74	1049	1	1784.3238	12	5	0	1	1	0.8074	0.7015
74	1050	1	1785.8738	9	15	0	1	1	0.8076	0.6550
74	1051	1	1787.4238	12	5	0	1	1	0.8078	0.6409
74	1052	1	1788.9738	11	3	0	1	1	0.8080	0.7558
74	1053	1	1790.5238	12	5	0	1	1	0.8082	0.7577
74	1054	1	1792.0738	9	15	0	1	1	0.8083	0.8559
74	1055	1	1793.6238	11	3	90	1	1	0.8085	1.0494
74	1056	1	1795.1738	9	15	0	1	1	0.8087	1.0037
74	1057	1	1796.7238	12	5	0	1	1	0.8089	0.6693
74	1058	1	1798.2738	10	2	0	1	1	0.8091	0.8154
74	1059	1	1799.8238	13	9	0	1	1	0.8093	0.7372
74	1060	1	1801.3737	14	6	90	0	1	0.8085	1.2030
74	1061	1	1802.9237	1	14	0	1	1	0.8087	1.2539
74	1062	1	1804.4737	15	13	0	1	1	0.8089	1.0475
74	1063	1	1806.0237	1	14	0	1	1	0.8090	0.6495
74	1064	1	1807.5737	2	8	0	1	1	0.8092	0.6205
74	1065	1	1809.1237	15	13	0	1	1	0.8094	0.7490
74	1066	1	1810.6737	14	6	0	1	1	0.8096	0.7990
74	1067	1	1812.2237	2	8	0	1	1	0.8097	0.8176
74	1068	1	1813.7737	1	14	0	1	1	0.8099	0.6594
74	1069	1	1815.3237	14	6	0	1	1	0.8101	1.0295
74	1070	1	1816.8737	1	14	0	1	1	0.8103	0.5675
74	1071	1	1818.4237	14	6	0	1	1	0.8105	1.0015
74	1072	1	1819.9737	13	9	90	1	1	0.8106	1.0839
74	1073	1	1821.5237	11	3	0	1	1	0.8108	0.8293
74	1074	1	1823.0736	10	2	90	1	1	0.8110	1.0551
74	1075	1	1824.6236	11	3	0	1	1	0.8112	0.6419
74	1076	1	1826.1736	10	2	90	1	1	0.8113	1.0591
74	1077	1	1827.7236	11	3	0	1	1	0.8115	0.5811
74	1078	1	1829.2736	12	5	0	1	1	0.8117	0.8555
74	1079	1	1830.8236	11	3	0	1	1	0.8119	0.8091
74	1080	1	1832.3736	10	2	0	1	1	0.8120	0.7795
74	1081	1	1833.9236	12	5	90	1	1	0.8122	1.1972
74	1082	1	1835.4736	9	15	0	0	1	0.8115	0.8955
74	1083	1	1837.0236	11	3	0	1	1	0.8116	0.8492
74	1084	1	1838.5736	10	2	0	1	1	0.8118	1.0596
74	1085	1	1840.1235	9	15	90	1	1	0.8120	1.1412
74	1086	1	1841.6735	11	3	0	1	1	0.8122	1.1912
74	1087	1	1843.2235	9	15	0	1	1	0.8123	0.7296
74	1088	1	1844.7735	11	3	90	1	1	0.8125	1.0996
74	1089	1	1846.3235	13	9	0	1	1	0.8127	0.7972
74	1090	1	1847.8735	14	6	0	1	1	0.8128	1.3282
74	1091	1	1849.4235	13	9	90	1	1	0.8130	0.9295
74	1092	1	1850.9735	10	2	0	1	1	0.8132	0.6273
74	1093	1	1852.5235	11	3	0	1	1	0.8134	0.8697
74	1094	1	1854.0735	10	2	0	1	1	0.8135	0.6002
74	1095	1	1855.6235	11	3	0	1	1	0.8137	0.6817
74	1096	1	1857.1735	9	15	0	1	1	0.8139	1.4516
74	1097	1	1858.7901	12	5	0	1	1	0.8140	0.9709
74	1098	1	1860.3401	9	15	0	1	1	0.8142	1.2614
74	1099	1	1861.8901	11	3	0	1	1	0.8144	0.6866
74	1100	1	1863.4401	10	2	0	1	1	0.8145	0.6891
74	1101	1	1864.9900	13	9	0	1	1	0.8147	0.6751
74	1102	1	1866.5401	10	2	0	1	1	0.8149	0.6287
74	1103	1	1868.0901	9	15	0	1	1	0.8150	0.8390
74	1104	1	1869.6400	11	3	0	1	1	0.8152	0.6647
74	1105	1	1871.1900	10	2	0	1	1	0.8154	0.7797
74	1106	1	1872.7400	11	3	0	1	1	0.8156	0.7166
74	1107	1	1874.2900	12	5	0	1	1	0.8157	0.6870
74	1108	1	1875.8400	13	9	0	1	1	0.8159	0.6094
74	1109	1	1877.3900	10	2	90	1	1	0.8161	1.0907
74	1110	1	1878.9400	11	3	0	1	1	0.8162	0.6935
74	1111	1	1880.4900	12	5	0	1	1	0.8164	0.6792
74	1112	1	1882.0400	11	3	0	1	1	0.8165	0.6330
74	1113	1	1883.5900	9	15	0	1	1	0.8167	0.7791
74	1114	1	1885.1400	11	3	0	1	1	0.8169	0.7167
74	1115	1	1886.6900	9	15	90	1	1	0.8170	0.9107
74	1116	1	1888.2399	10	2	90	0	1	0.8163	1.1057
74	1117	1	1889.7899	13	9	90	1	1	0.8165	1.1868
74	1118	1	1891.3400	14	6	0	1	1	0.8166	1.0927
74	1119	1	1892.8899	15	13	0	1	1	0.8168	0.9512
74	1120	1	1894.4399	1	14	0	1	1	0.8170	0.7136
74	1121	1	1895.9899	14	6	0	1	1	0.8171	0.9398
74	1122	1	1897.5399	2	8	0	1	1	0.8173	0.7168
74	1123	1	1899.0899	3	11	90	0	1	0.8166	0.9112
74	1124	1	1900.6399	15	13	0	1	1	0.8167	1.0088
74	1125	1	1902.1899	1	14	90	-1	0	0.8160	-1.0000
74	1126	1	1904.0232	15	13	90	1	1	0.8162	1.2099
74	1127	1	1905.5732	3	11	90	0	1	0.8154	0.8125
74	1128	1	1907.1232	15	13	0	1	1	0.8156	0.9583
74	1129	1	1908.6732	14	6	0	1	1	0.8158	0.9755
74	1130	1	1910.2231	1	14	90	0	1	0.8150	0.8176
74	1131	1	1911.7731	2	8	0	1	1	0.8152	0.7559
74	1132	1	1913.3232	1	14	0	1	1	0.8154	0.8855
74	1133	1	1914.8731	14	6	0	1	1	0.8155	0.8560
74	1134	1	1916.4231	15	13	0	1	1	0.8157	0.8256
74	1135	1	1917.9731	3	11	0	1	1	0.8159	0.9079
74	1136	1	1919.5231	15	13	0	1	1	0.8160	0.7176
74	1137	1	1921.0731	2	8	0	1	1	0.8162	0.6556
74	1138	1	1922.6231	3	11	0	1	1	0.8163	0.9136
74	1139	1	1924.1731	4	12	0	1	1	0.8165	0.8844
74	1140	1	1925.7231	5	10	0	1	1	0.8167	0.8696
74	1141	1	1927.2731	6	4	0	1	1	0.8168	0.9998
74	1142	1	1928.8231	4	12	90	1	1	0.8170	1.0977
74	1143	1	1930.3730	3	11	90	1	1	0.8171	1.1961
74	1144	1	1931.9230	4	12	90	1	1	0.8173	0.9905
74	1145	1	1933.4730	6	4	0	1	1	0.8175	0.9440
74	1146	1	1935.0230	8	1	0	1	1	0.8176	0.8504
74	1147	1	1936.5730	9	15	0	1	1	0.8178	0.9481
74	1148	1	1938.1230	12	5	90	1	1	0.8179	0.9985
74	1149	1	1939.6730	9	15	0	0	1	0.8172	0.7603
74	1150	1	1941.2230	10	2	0	1	1	0.8174	0.9057
74	1151	1	1942.7730	9	15	90	-1	0	0.8167	-1.0000
74	1152	1	1944.4897	10	2	0	-1	0	0.8160	-1.0000
74	1153	1	1946.2230	13	9	0	1	1	0.8161	1.1061
74	1154	1	1947.7729	12	5	0	1	1	0.8163	0.8042
74	1155	1	1949.3229	9	15	0	1	1	0.8165	0.9178
74	1156	1	1950.8729	12	5	0	1	1	0.8166	0.8083
74	1157	1	1952.4229	9	15	90	1	1	0.8168	0.9377
74	1158	1	1953.9729	10	2	0	1	1	0.8169	0.6358
74	1159	1	1955.5229	13	9	0	1	1	0.8171	0.7977
74	1160	1	1957.0729	12	5	0	1	1	0.8172	0.7521
74	1161	1	1958.6229	11	3	0	1	1	0.8174	0.6742
74	1162	1	1960.1729	9	15	90	1	1	0.8176	0.8678
74	1163	1	1961.7229	12	5	0	1	1	0.8177	0.6942
74	1164	1	1963.2729	9	15	0	1	1	0.8179	0.8078
74	1165	1	1964.8229	10	2	0	1	1	0.8180	0.7942
74	1166	1	1966.3728	13	9	0	1	1	0.8182	0.6998
74	1167	1	1967.9228	14	6	90	1	1	0.8183	1.1824
74	1168	1	1969.4728	1	14	0	1	1	0.8185	0.7682
74	1169	1	1971.0228	15	13	0	1	1	0.8186	0.8187
74	1170	1	1972.5728	14	6	0	1	1	0.8188	0.8357
74	1171	1	1974.1228	15	13	0	1	1	0.8190	0.6459
74	1172	1	1975.6728	2	8	0	1	1	0.8191	0.6482
74	1173	1	1977.2228	14	6	0	1	1	0.8193	0.6019
74	1174	1	1978.7728	2	8	90	1	1	0.8194	1.0203
74	1175	1	1980.3228	3	11	0	1	1	0.8196	1.2779
74	1176	1	1981.8728	1	14	0	1	1	0.8197	0.6719
74	1177	1	1983.4228	15	13	0	1	1	0.8199	0.6899
74	1178	1	1984.9727	3	11	0	1	1	0.8200	0.7563
74	1179	1	1986.5227	4	12	90	1	1	0.8202	1.2863
74	1180	1	1988.0727	3	11	0	1	1	0.8203	1.0644
74	1181	1	1989.6227	2	8	0	1	1	0.8205	0.6664
74	1182	1	1991.1727	1	14	0	1	1	0.8206	0.5882
74	1183	1	1992.7227	14	6	0	1	1	0.8208	0.7819
74	1184	1	1994.2727	2	8	0	1	1	0.8209	0.6559
74	1185	1	1995.8227	1	14	0	1	1	0.8211	0.6903
74	1186	1	1997.3727	14	6	0	1	1	0.8212	0.6289
74	1187	1	1998.9227	13	9	90	1	1	0.8214	0.8540
74	1188	1	2000.4727	11	3	0	1	1	0.8215	1.0168
74	1189	1	2002.0227	13	9	0	1	1	0.8217	0.7464
74	1190	1	2003.5726	14	6	0	1	1	0.8218	0.6680
74	1191	1	2005.1227	1	14	0	1	1	0.8220	0.7820
74	1192	1	2006.6726	2	8	0	1	1	0.8221	0.6240
74	1193	1	2008.2226	3	11	0	1	1	0.8223	0.8660
74	1194	1	2009.7726	15	13	0	1	1	0.8224	0.7565
74	1195	1	2011.3226	14	6	0	1	1	0.8226	0.8380
74	1196	1	2012.8726	15	13	0	1	1	0.8227	0.6649
74	1197	1	2014.4226	1	14	0	1	1	0.8229	0.6508
74	1198	1	2015.9726	15	13	0	1	1	0.8230	0.7648
74	1199	1	2017.5226	2	8	90	1	1	0.8232	0.9741
74	1200	1	2019.0726	3	11	90	1	1	0.8233	1.3444
74	1201	1	2020.6226	1	14	0	1	1	0.8235	0.7065
74	1202	1	2022.1725	14	6	0	-1	0	0.8228	-1.0000
74	1203	1	2023.9059	1	14	0	1	1	0.8229	1.1512
74	1204	1	2025.4559	3	11	0	1	1	0.8231	1.0091
74	1205	1	2027.0058	4	12	0	1	1	0.8232	0.7708
74	1206	1	2028.5558	7	7	0	1	1	0.8234	1.0131
74	1207	1	2030.1058	6	4	0	1	1	0.8235	0.8392
74	1208	1	2031.6558	8	1	0	1	1	0.8237	1.1448
74	1209	1	2033.2058	7	7	0	1	1	0.8238	0.6348
74	1210	1	2034.7558	8	1	0	1	1	0.8240	0.6698
74	1211	1	2036.3058	9	15	0	1	1	0.8241	1.3592
74	1212	1	2037.8558	11	3	0	1	1	0.8243	1.0251
74	1213	1	2039.4058	12	5	0	1	1	0.8244	0.6918
74	1214	1	2040.9558	13	9	0	1	1	0.8245	0.8848
74	1215	1	2042.5058	10	2	0	1	1	0.8247	0.7592
74	1216	1	2044.0558	12	5	0	1	1	0.8248	0.7449
74	1217	1	2045.6057	9	15	0	1	1	0.8250	0.8434
74	1218	1	2047.1557	12	5	0	1	1	0.8251	0.7809
74	1219	1	2048.7057	11	3	90	0	1	0.8244	0.7367
74	1220	1	2050.2557	12	5	0	1	1	0.8246	0.6249
74	1221	1	2051.8057	13	9	0	1	1	0.8247	0.6913
74	1222	1	2053.3557	10	2	0	1	1	0.8249	0.6129
74	1223	1	2054.9057	12	5	0	1	1	0.8250	0.6958
74	1224	1	2056.4557	9	15	0	1	1	0.8252	0.8089
74	1225	1	2058.0057	10	2	0	1	1	0.8253	0.6354
74	1226	1	2059.5557	11	3	0	1	1	0.8254	1.0538
74	1227	1	2061.1057	10	2	0	1	1	0.8256	0.6713
74	1228	1	2062.6557	11	3	90	0	1	0.8249	0.5779
74	1229	1	2064.2057	12	5	90	1	1	0.8251	1.3630
74	1230	1	2065.7890	9	15	0	1	1	0.8252	0.7566
74	1231	1	2067.3390	12	5	0	1	1	0.8253	0.5981
74	1232	1	2068.8890	10	2	0	1	1	0.8255	0.6316
74	1233	1	2070.4390	13	9	0	1	1	0.8256	0.6346
74	1234	1	2071.9889	11	3	0	1	1	0.8258	0.8600
74	1235	1	2073.5389	13	9	90	1	1	0.8259	0.9739
74	1236	1	2075.0890	11	3	90	1	1	0.8261	1.0717
74	1237	1	2076.6389	9	15	0	1	1	0.8262	0.8184
74	1238	1	2078.1889	11	3	0	1	1	0.8263	0.8197
74	1239	1	2079.7389	10	2	0	1	1	0.8265	0.8541
74	1240	1	2081.2889	12	5	0	1	1	0.8266	0.6957
74	1241	1	2082.8389	9	15	0	1	1	0.8268	0.7622
74	1242	1	2084.3889	8	1	0	1	1	0.8269	0.8607
74	1243	1	2085.9389	7	7	0	1	1	0.8270	0.8457
74	1244	1	2087.4889	5	10	0	1	1	0.8272	0.9762
74	1245	1	2089.0389	4	12	90	-1	0	0.8265	-1.0000
74	1246	1	2090.7555	7	7	0	-1	0	0.8258	-1.0000
74	1247	1	2092.4888	5	10	0	1	1	0.8260	0.9846
74	1248	1	2094.0388	6	4	0	1	1	0.8261	0.8583
74	1249	1	2095.5888	8	1	0	1	1	0.8263	0.8603
74	1250	1	2097.1388	6	4	0	1	1	0.8264	0.7178
74	1251	1	2098.6888	7	7	0	1	1	0.8265	0.6242
74	1252	1	2100.2388	5	10	0	1	1	0.8267	0.5781
74	1253	1	2101.7888	8	1	0	1	1	0.8268	0.6438
74	1254	1	2103.3388	9	15	0	1	1	0.8270	1.0787
74	1255	1	2104.8888	10	2	0	1	1	0.8271	0.7918
74	1256	1	2106.4388	12	5	0	1	1	0.8272	1.4022
74	1257	1	2108.0221	11	3	0	1	1	0.8274	1.0034
74	1258	1	2109.5721	13	9	0	1	1	0.8275	0.9893
74	1259	1	2111.1221	11	3	0	1	1	0.8276	1.0234
74	1260	1	2112.6721	10	2	0	1	1	0.8278	0.9449
74	1261	1	2114.2221	12	5	0	1	1	0.8279	0.8034
74	1262	1	2115.7721	13	9	0	1	1	0.8281	0.7573
74	1263	1	2117.3220	11	3	0	1	1	0.8282	0.7266
74	1264	1	2118.8720	13	9	90	1	1	0.8283	1.0015
74	1265	1	2120.4220	11	3	0	1	1	0.8285	0.9386
74	1266	1	2121.9720	12	5	90	1	1	0.8286	1.0531
74	1267	1	2123.5220	10	2	0	1	1	0.8287	0.7515
74	1268	1	2125.0720	11	3	0	1	1	0.8289	0.7206
74	1269	1	2126.6220	12	5	90	1	1	0.8290	1.2346
74	1270	1	2128.1720	10	2	0	1	1	0.8291	0.7410
74	1271	1	2129.7220	13	9	0	1	1	0.8293	0.6789
74	1272	1	2131.2720	10	2	0	1	1	0.8294	0.7296
74	1273	1	2132.8220	12	5	0	1	1	0.8295	0.6671
74	1274	1	2134.3719	13	9	90	1	1	0.8297	0.7647
74	1275	1	2135.9219	12	5	0	1	1	0.8298	0.6555
74	1276	1	2137.4719	10	2	0	1	1	0.8299	0.6565
74	1277	1	2139.0219	13	9	0	1	1	0.8301	0.6107
74	1278	1	2140.5719	11	3	90	1	1	0.8302	0.9170
74	1279	1	2142.1219	10	2	0	1	1	0.8303	0.6147
74	1280	1	2143.6719	13	9	0	1	1	0.8305	0.6330
74	1281	1	2145.2219	12	5	90	1	1	0.8306	0.8435
74	1282	1	2146.7719	13	9	0	1	1	0.8307	0.7007
74	1283	1	2148.3219	12	5	0	1	1	0.8309	0.7507
74	1284	1	2149.8719	9	15	0	1	1	0.8310	0.8971
74	1285	1	2151.4218	12	5	0	1	1	0.8311	0.6272
74	1286	1	2152.9718	9	15	0	1	1	0.8313	0.6456
74	1287	1	2154.5218	12	5	0	1	1	0.8314	0.6631
74	1288	1	2156.0718	9	15	0	1	1	0.8315	0.7128
74	1289	1	2157.6218	12	5	0	1	1	0.8317	0.6190
74	1290	1	2159.1718	11	3	0	-1	0	0.8310	-1.0000
74	1291	1	2160.9051	12	5	0	1	1	0.8311	0.8078
74	1292	1	2162.4551	13	9	0	1	1	0.8313	0.6335
74	1293	1	2164.0051	10	2	0	1	1	0.8314	0.6195
74	1294	1	2165.5551	13	9	0	1	1	0.8315	0.6694
74	1295	1	2167.1051	11	3	90	1	1	0.8317	0.9595
74	1296	1	2168.6551	12	5	0	1	1	0.8318	0.7380
74	1297	1	2170.2051	13	9	0	1	1	0.8319	0.6919
74	1298	1	2171.7551	14	6	0	1	1	0.8320	1.1259
74	1299	1	2173.3051	15	13	0	1	1	0.8322	0.7601
74	1300	1	2174.8551	3	11	90	1	1	0.8323	1.3065
74	1301	1	2176.4051	15	13	90	1	1	0.8324	1.2595
74	1302	1	2177.9550	1	14	0	1	1	0.8326	0.7655
74	1303	1	2179.5050	14	6	0	1	1	0.8327	0.7205
74	1304	1	2181.0550	1	14	0	1	1	0.8328	0.6584
74	1305	1	2182.6050	3	11	0	1	1	0.8330	1.0121
74	1306	1	2184.1550	2	8	90	1	1	0.8331	0.9495
74	1307	1	2185.7050	1	14	0	1	1	0.8332	0.6960
74	1308	1	2187.2550	2	8	90	1	1	0.8333	0.9060
74	1309	1	2188.8050	3	11	90	1	1	0.8335	1.0685
74	1310	1	2190.3550	1	14	0	1	1	0.8336	0.7816
74	1311	1	2191.9050	2	8	0	1	1	0.8337	0.9120
74	1312	1	2193.4549	14	6	0	1	1	0.8338	0.9136
74	1313	1	2195.0049	1	14	0	1	1	0.8340	0.7557
74	1314	1	2196.5549	14	6	0	1	1	0.8341	0.7740
74	1315	1	2198.1049	2	8	0	1	1	0.8342	0.7117
74	1316	1	2199.6549	15	13	0	1	1	0.8343	1.0497
74	1317	1	2201.2049	3	11	90	0	1	0.8337	0.7966
74	1318	1	2202.7549	15	13	0	1	1	0.8338	0.8297
74	1319	1	2204.3049	3	11	90	0	1	0.8332	0.7357
74	1320	1	2205.8549	1	14	0	1	1	0.8333	0.8977
74	1321	1	2207.4049	15	13	0	1	1	0.8335	1.0757
74	1322	1	2208.9549	1	14	0	1	1	0.8336	0.6141
74	1323	1	2210.5049	3	11	0	1	1	0.8337	0.7761
74	1324	1	2212.0548	15	13	0	1	1	0.8338	0.7147
74	1325	1	2213.6048	3	11	0	1	1	0.8340	0.9397
74	1326	1	2215.1548	2	8	0	1	1	0.8341	0.5897
74	1327	1	2216.7048	1	14	90	1	1	0.8342	0.9120
74	1328	1	2218.2548	2	8	0	1	1	0.8343	0.6263
74	1329	1	2219.8048	3	11	0	1	1	0.8345	0.5487
74	1330	1	2221.3548	15	13	0	1	1	0.8346	0.6627
74	1331	1	2222.9048	2	8	90	1	1	0.8347	0.7918
74	1332	1	2224.4548	1	14	0	1	1	0.8348	0.6338
74	1333	1	2226.0048	15	13	0	1	1	0.8350	0.7167
74	1334	1	2227.5548	2	8	0	1	1	0.8351	0.5750
74	1335	1	2229.1048	1	14	90	1	1	0.8352	1.0079
74	1336	1	2230.6548	2	8	0	1	1	0.8353	0.5782
74	1337	1	2232.2047	15	13	0	1	1	0.8355	0.6921
74	1338	1	2233.7547	3	11	0	1	1	0.8356	0.9182
74	1339	1	2235.3047	2	8	0	1	1	0.8357	0.6802
74	1340	1	2236.8547	14	6	90	1	1	0.8358	1.1302
74	1341	1	2238.4047	2	8	0	1	1	0.8359	0.7164
74	1342	1	2239.9547	14	6	0	1	1	0.8361	0.6699
74	1343	1	2241.5047	1	14	0	1	1	0.8362	0.5927
74	1344	1	2243.0547	14	6	0	1	1	0.8363	0.6424
74	1345	1	2244.6047	2	8	0	1	1	0.8364	1.0128
74	1346	1	2246.1547	15	13	0	1	1	0.8366	0.7899
74	1347	1	2247.7046	14	6	0	1	1	0.8367	0.6967
74	1348	1	2249.2547	13	9	90	1	1	0.8368	0.9859
74	1349	1	2250.8046	14	6	0	1	1	0.8369	0.6683
74	1350	1	2252.3546	2	8	90	1	1	0.8370	0.8784
74	1351	1	2253.9046	1	14	0	1	1	0.8372	0.7684
74	1352	1	2255.4546	14	6	0	1	1	0.8373	0.7859
74	1353	1	2257.0046	13	9	0	1	1	0.8374	0.8205
74	1354	1	2258.5546	12	5	0	1	1	0.8375	0.9344
74	1355	1	2260.1046	13	9	0	1	1	0.8376	0.7284
74	1356	1	2261.6546	12	5	0	1	1	0.8378	0.8103
74	1357	1	2263.2046	13	9	90	1	1	0.8379	0.8763
74	1358	1	2264.7546	10	2	0	1	1	0.8380	0.7349
74	1359	1	2266.3046	11	3	0	1	1	0.8381	1.2960
74	1360	1	2267.8545	9	15	0	1	1	0.8382	1.0904
74	1361	1	2269.4045	12	5	0	1	1	0.8384	0.7720
74	1362	1	2270.9545	13	9	0	1	1	0.8385	0.6629
74	1363	1	2272.5045	11	3	90	1	1	0.8386	1.2888
74	1364	1	2274.0545	9	15	0	1	1	0.8387	0.8421
74	1365	1	2275.6045	12	5	0	1	1	0.8388	0.7484
74	1366	1	2277.1545	9	15	0	1	1	0.8389	0.8944
74	1367	1	2278.7045	12	5	0	1	1	0.8391	0.9921
74	1368	1	2280.2545	11	3	0	1	1	0.8392	0.8501
74	1369	1	2281.8044	10	2	0	1	1	0.8393	0.7721
74	1370	1	2283.3545	12	5	0	1	1	0.8394	1.1430
74	1371	1	2284.9044	10	2	90	1	1	0.8395	0.9690
74	1372	1	2286.4545	13	9	90	-1	0	0.8389	-1.0000
74	1373	1	2288.1878	12	5	0	1	1	0.8390	0.6931
74	1374	1	2289.7378	11	3	0	1	1	0.8392	0.7757
74	1375	1	2291.2877	10	2	0	1	1	0.8393	0.6177
74	1376	1	2292.8377	13	9	90	1	1	0.8394	0.8437
74	1377	1	2294.3877	11	3	0	1	1	0.8395	0.8448
74	1378	1	2295.9377	13	9	90	1	1	0.8396	0.7677
74	1379	1	2297.4877	11	3	0	1	1	0.8397	1.2971
74	1380	1	2299.0377	9	15	90	1	1	0.8399	0.9956
74	1381	1	2300.5877	12	5	0	1	1	0.8400	0.6777
74	1382	1	2302.1377	11	3	0	1	1	0.8401	0.7757
74	1383	1	2303.6877	13	9	90	1	1	0.8402	0.8412
74	1384	1	2305.2377	10	2	0	1	1	0.8403	0.6668
74	1385	1	2306.7877	13	9	0	1	1	0.8404	0.7329
74	1386	1	2308.3376	12	5	90	1	1	0.8405	0.8629
74	1387	1	2309.8876	11	3	0	1	1	0.8407	0.7218
74	1388	1	2311.4376	10	2	0	1	1	0.8408	0.6922
74	1389	1	2312.9876	11	3	0	1	1	0.8409	0.9017
74	1390	1	2314.5376	10	2	0	1	1	0.8410	0.7114
74	1391	1	2316.0876	9	15	90	1	1	0.8411	0.9529
74	1392	1	2317.6376	11	3	0	1	1	0.8412	0.6358
74	1393	1	2319.1876	12	5	0	1	1	0.8413	0.6538
74	1394	1	2320.7376	10	2	0	1	1	0.8415	0.5430
74	1395	1	2322.2876	9	15	90	1	1	0.8416	0.9292
74	1396	1	2323.8376	11	3	0	1	1	0.8417	0.6758
74	1397	1	2325.3876	10	2	0	1	1	0.8418	0.7729
74	1398	1	2326.9375	9	15	90	1	1	0.8419	0.8716
74	1399	1	2328.4876	10	2	0	1	1	0.8420	0.5214
74	1400	1	2330.0375	12	5	0	1	1	0.8421	0.6509
74	1	2	1.0167	12	5	0	-1	0	NaN	-1.0000
74	2	2	2.5500	11	3	0	-1	0	NaN	-1.0000
74	3	2	4.0833	9	15	0	-1	0	NaN	-1.0000
74	4	2	5.6166	12	5	0	-1	0	NaN	-1.0000
74	5	2	7.1500	13	9	0	-1	0	NaN	-1.0000
74	6	2	8.6833	10	2	0	-1	0	NaN	-1.0000
74	7	2	10.2166	11	3	0	-1	0	NaN	-1.0000
74	8	2	11.7499	13	9	0	-1	0	NaN	-1.0000
74	9	2	13.2833	11	3	0	-1	0	NaN	-1.0000
74	10	2	14.8166	13	9	0	-1	0	NaN	-1.0000
74	11	2	16.3499	12	5	0	-1	0	NaN	-1.0000
74	12	2	17.8832	11	3	0	-1	0	NaN	-1.0000
74	13	2	19.4165	12	5	0	-1	0	NaN	-1.0000
74	14	2	20.9499	11	3	0	-1	0	NaN	-1.0000
74	15	2	22.4832	10	2	0	-1	0	NaN	-1.0000
74	16	2	24.0165	11	3	0	-1	0	NaN	-1.0000
74	17	2	25.5498	12	5	0	-1	0	NaN	-1.0000
74	18	2	27.0832	13	9	0	-1	0	NaN	-1.0000
74	19	2	28.6165	14	6	0	-1	1	1.0000	0.9157
74	20	2	30.1498	15	13	0	-1	1	0.5000	1.4628
74	21	2	31.6831	1	14	0	-1	0	0.5000	-1.0000
74	22	2	33.2164	2	8	0	-1	0	0.5000	-1.0000
74	23	2	34.7498	3	11	0	-1	0	0.5000	-1.0000
74	24	2	36.2831	4	12	0	-1	0	0.5000	-1.0000
74	25	2	37.8164	5	10	0	-1	0	0.5000	-1.0000
74	26	2	39.3498	6	4	0	-1	0	0.5000	-1.0000
74	27	2	40.8831	7	7	0	-1	0	0.5000	-1.0000
74	28	2	42.4164	8	1	0	-1	0	0.5000	-1.0000
74	29	2	43.9497	9	15	0	-1	0	0.5000	-1.0000
74	30	2	45.4831	10	2	0	-1	0	0.5000	-1.0000
74	31	2	47.0164	13	9	0	-1	0	0.5000	-1.0000
74	32	2	48.5497	11	3	0	-1	0	0.5000	-1.0000
74	33	2	50.0830	10	2	0	-1	0	0.5000	-1.0000
74	34	2	51.6164	13	9	0	-1	0	0.5000	-1.0000
74	35	2	53.1497	10	2	0	-1	0	0.5000	-1.0000
74	36	2	54.6830	11	3	0	-1	0	0.5000	-1.0000
74	37	2	56.2164	10	2	0	-1	0	0.5000	-1.0000
74	38	2	57.7497	13	9	0	-1	0	0.5000	-1.0000
74	39	2	59.2830	10	2	0	-1	0	0.5000	-1.0000
74	40	2	60.8163	9	15	0	-1	0	0.5000	-1.0000
74	41	2	62.3496	8	1	0	-1	0	0.5000	-1.0000
74	42	2	63.8829	9	15	0	-1	0	0.5000	-1.0000
74	43	2	65.4163	12	5	0	-1	0	0.5000	-1.0000
74	44	2	66.9496	10	2	0	-1	0	0.5000	-1.0000
74	45	2	68.4829	12	5	0	-1	0	0.5000	-1.0000
74	46	2	70.0163	11	3	0	-1	0	0.5000	-1.0000
74	47	2	71.5496	10	2	0	-1	0	0.5000	-1.0000
74	48	2	73.0829	9	15	0	-1	0	0.5000	-1.0000
74	49	2	74.6162	8	1	0	-1	0	0.5000	-1.0000
74	50	2	76.1496	7	7	0	-1	0	0.5000	-1.0000
74	51	2	77.6828	6	4	0	-1	1	0.0013	-1.0000
74	52	2	79.2162	5	10	0	-1	1	0.0006	-1.0000
74	53	2	80.7495	4	12	0	-1	0	0.0006	-1.0000
74	54	2	82.2829	3	11	0	-1	0	0.0006	-1.0000
74	55	2	83.8162	2	8	0	-1	0	0.0006	-1.0000
74	56	2	85.3495	1	14	0	-1	0	0.0006	-1.0000
74	57	2	86.8828	15	13	0	-1	0	0.0006	-1.0000
74	58	2	88.4162	14	6	0	-1	0	0.0006	-1.0000
74	59	2	89.9495	13	9	0	-1	0	0.0006	-1.0000
74	60	2	91.4828	12	5	0	-1	0	0.0006	-1.0000
74	61	2	93.0161	10	2	0	-1	0	0.0006	-1.0000
74	62	2	94.5495	13	9	0	-1	0	0.0006	-1.0000
74	63	2	96.0828	12	5	0	-1	0	0.0006	-1.0000
74	64	2	97.6161	10	2	0	-1	0	0.0006	-1.0000
74	65	2	99.1494	11	3	0	-1	0	0.0006	-1.0000
74	66	2	100.6828	9	15	0	-1	0	0.0006	-1.0000
74	67	2	102.2161	12	5	0	-1	1	0.0006	0.7565
74	68	2	103.7494	11	3	0	-1	0	0.0006	-1.0000
74	69	2	105.2827	10	2	0	-1	0	0.0006	-1.0000
74	70	2	106.8161	13	9	0	-1	0	0.0006	-1.0000
74	71	2	108.3494	12	5	0	-1	0	0.0006	-1.0000
74	72	2	109.8827	9	15	0	-1	0	0.0006	-1.0000
74	73	2	111.4160	11	3	0	-1	0	0.0006	-1.0000
74	74	2	112.9494	12	5	0	-1	0	0.0006	-1.0000
74	75	2	114.4827	9	15	0	-1	1	0.0006	0.9062
74	76	2	116.0160	10	2	0	-1	0	0.0006	-1.0000
74	77	2	117.5493	11	3	0	-1	0	0.0006	-1.0000
74	78	2	119.0829	12	5	0	-1	0	0.0006	-1.0000
74	79	2	120.6160	13	9	0	-1	0	0.0006	-1.0000
74	80	2	122.1493	14	6	0	-1	0	0.0006	-1.0000
74	81	2	123.6826	15	13	0	-1	0	0.0006	-1.0000
74	82	2	125.2160	1	14	0	-1	0	0.0006	-1.0000
74	83	2	126.7493	2	8	0	-1	0	0.0006	-1.0000
74	84	2	128.2826	3	11	0	-1	0	0.0006	-1.0000
74	85	2	129.8159	4	12	0	-1	0	0.0006	-1.0000
74	86	2	131.3492	5	10	0	-1	0	0.0006	-1.0000
74	87	2	132.8826	6	4	0	-1	0	0.0006	-1.0000
74	88	2	134.4159	7	7	0	-1	1	0.0006	0.0451
74	89	2	135.9493	8	1	0	-1	0	0.0006	-1.0000
74	90	2	137.4826	9	15	0	-1	0	0.0006	-1.0000
74	91	2	139.0159	12	5	0	-1	0	0.0006	-1.0000
74	92	2	140.5492	11	3	0	-1	0	0.0006	-1.0000
74	93	2	142.0826	13	9	0	-1	0	0.0006	-1.0000
74	94	2	143.8826	14	6	0	-1	0	0.0006	-1.0000
74	95	2	145.4158	2	8	0	-1	0	0.0006	-1.0000
74	96	2	146.9492	1	14	0	-1	0	0.0006	-1.0000
74	97	2	148.4825	15	13	0	-1	0	0.0006	-1.0000
74	98	2	150.0158	2	8	0	-1	0	0.0006	-1.0000
74	99	2	151.5492	3	11	0	-1	0	0.0006	-1.0000
74	100	2	153.0825	15	13	0	-1	0	0.0006	-1.0000
74	101	2	154.6158	14	6	0	-1	0	0.0006	-1.0000
74	102	2	156.1491	15	13	0	-1	0	0.0006	-1.0000
74	103	2	157.6825	3	11	0	-1	0	0.0006	-1.0000
74	104	2	159.2157	15	13	0	-1	0	0.0006	-1.0000
74	105	2	160.7491	2	8	0	-1	0	0.0006	-1.0000
74	106	2	162.2824	3	11	0	-1	1	0.0006	0.9940
74	107	2	163.8158	4	12	0	-1	0	0.0006	-1.0000
74	108	2	165.3491	5	10	0	-1	0	0.0006	-1.0000
74	109	2	166.8824	6	4	0	-1	0	0.0006	-1.0000
74	110	2	168.4157	7	7	0	-1	0	0.0006	-1.0000
74	111	2	169.9491	8	1	0	-1	0	0.0006	-1.0000
74	112	2	171.4824	9	15	0	-1	0	0.0006	-1.0000
74	113	2	173.0157	10	2	0	-1	0	0.0006	-1.0000
74	114	2	174.5490	11	3	0	-1	0	0.0006	-1.0000
74	115	2	176.0824	12	5	0	-1	0	0.0006	-1.0000
74	116	2	177.6157	13	9	0	-1	0	0.0006	-1.0000
74	117	2	179.1490	14	6	0	-1	0	0.0006	-1.0000
74	118	2	180.6823	15	13	0	-1	0	0.0006	-1.0000
74	119	2	182.2157	1	14	0	-1	0	0.0006	-1.0000
74	120	2	183.7490	2	8	0	-1	0	0.0006	-1.0000
74	121	2	185.2823	3	11	0	-1	0	0.0006	-1.0000
74	122	2	186.8156	4	12	0	-1	0	0.0006	-1.0000
74	123	2	188.3490	6	4	0	-1	0	0.0006	-1.0000
74	124	2	189.8823	8	1	0	-1	0	0.0006	-1.0000
74	125	2	191.4156	5	10	0	-1	0	0.0006	-1.0000
74	126	2	192.9489	8	1	0	-1	0	0.0006	-1.0000
74	127	2	194.4822	6	4	0	-1	0	0.0006	-1.0000
74	128	2	196.0156	7	7	0	-1	0	0.0006	-1.0000
74	129	2	197.5489	6	4	0	-1	0	0.0006	-1.0000
74	130	2	199.0822	4	12	0	-1	0	0.0006	-1.0000
74	131	2	200.6156	6	4	0	-1	1	0.0006	0.8854
74	132	2	202.1489	5	10	0	-1	0	0.0006	-1.0000
74	133	2	203.6822	8	1	0	-1	0	0.0006	-1.0000
74	134	2	205.2155	6	4	0	-1	0	0.0006	-1.0000
74	135	2	206.7489	8	1	0	-1	0	0.0006	-1.0000
74	136	2	208.2822	9	15	0	-1	0	0.0006	-1.0000
74	137	2	209.8155	10	2	0	-1	0	0.0006	-1.0000
74	138	2	211.3488	11	3	0	-1	0	0.0006	-1.0000
74	139	2	212.8822	12	5	0	-1	0	0.0006	-1.0000
74	140	2	214.4155	13	9	0	-1	0	0.0006	-1.0000
74	141	2	215.9488	14	6	0	-1	0	0.0006	-1.0000
74	142	2	217.4821	15	13	0	-1	0	0.0006	-1.0000
74	143	2	219.0155	1	14	0	-1	0	0.0006	-1.0000
74	144	2	220.5488	2	8	0	-1	0	0.0006	-1.0000
74	145	2	222.0821	3	11	0	-1	0	0.0006	-1.0000
74	146	2	223.6154	4	12	0	-1	0	0.0006	-1.0000
74	147	2	225.1488	5	10	0	-1	0	0.0006	-1.0000
74	148	2	226.6821	6	4	0	-1	0	0.0006	-1.0000
74	149	2	228.2154	7	7	0	-1	0	0.0006	-1.0000
74	150	2	229.7487	8	1	0	-1	0	0.0006	-1.0000
74	151	2	231.2821	6	4	0	-1	0	0.0006	-1.0000
74	152	2	232.8154	8	1	0	-1	1	0.0006	0.8773
74	153	2	234.3487	9	15	0	-1	0	0.0006	-1.0000
74	154	2	235.8820	12	5	0	-1	0	0.0006	-1.0000
74	155	2	237.4154	13	9	0	-1	0	0.0006	-1.0000
74	156	2	238.9487	10	2	0	-1	0	0.0006	-1.0000
74	157	2	240.4820	13	9	0	-1	0	0.0006	-1.0000
74	158	2	242.0153	11	3	0	-1	1	0.0006	0.6536
74	159	2	243.5487	10	2	0	-1	0	0.0006	-1.0000
74	160	2	245.0820	11	3	0	-1	0	0.0006	-1.0000
74	161	2	246.6153	9	15	0	-1	0	0.0006	-1.0000
74	162	2	248.1486	11	3	0	-1	0	0.0006	-1.0000
74	163	2	249.6820	9	15	0	-1	0	0.0006	-1.0000
74	164	2	251.2153	10	2	0	-1	1	0.0006	0.7171
74	165	2	252.7486	11	3	0	-1	0	0.0006	-1.0000
74	166	2	254.2819	10	2	0	-1	0	0.0006	-1.0000
74	167	2	255.8153	9	15	0	-1	0	0.0006	-1.0000
74	168	2	257.3486	8	1	0	-1	0	0.0006	-1.0000
74	169	2	258.8819	7	7	0	-1	0	0.0006	-1.0000
74	170	2	260.4152	6	4	0	-1	0	0.0006	-1.0000
74	171	2	261.9486	5	10	0	-1	1	0.0006	1.1519
74	172	2	263.4819	4	12	0	-1	0	0.0006	-1.0000
74	173	2	265.0152	3	11	0	-1	0	0.0006	-1.0000
74	174	2	266.5485	2	8	0	-1	0	0.0006	-1.0000
74	175	2	268.0818	1	14	0	-1	0	0.0006	-1.0000
74	176	2	269.6152	15	13	0	-1	0	0.0006	-1.0000
74	177	2	271.1485	14	6	0	-1	0	0.0006	-1.0000
74	178	2	272.6818	13	9	0	-1	0	0.0006	-1.0000
74	179	2	274.2152	12	5	0	-1	0	0.0006	-1.0000
74	180	2	275.7485	11	3	0	-1	0	0.0006	-1.0000
74	181	2	277.2818	10	2	0	-1	0	0.0006	-1.0000
74	182	2	278.8151	13	9	0	-1	1	0.0006	1.0058
74	183	2	280.3484	11	3	0	-1	0	0.0006	-1.0000
74	184	2	281.8818	10	2	0	-1	0	0.0006	-1.0000
74	185	2	283.4151	11	3	0	-1	0	0.0006	-1.0000
74	186	2	284.9485	12	5	0	-1	0	0.0006	-1.0000
74	187	2	286.4818	11	3	0	-1	0	0.0006	-1.0000
74	188	2	288.0151	10	2	0	-1	0	0.0006	-1.0000
74	189	2	289.5484	12	5	0	-1	0	0.0006	-1.0000
74	190	2	291.0817	9	15	0	-1	0	0.0006	-1.0000
74	191	2	292.6151	10	2	0	-1	0	0.0006	-1.0000
74	192	2	294.1484	13	9	0	-1	0	0.0006	-1.0000
74	193	2	295.6817	11	3	0	-1	0	0.0006	-1.0000
74	194	2	297.2150	9	15	0	-1	0	0.0006	-1.0000
74	195	2	298.7484	11	3	0	-1	0	0.0006	-1.0000
74	196	2	300.2817	10	2	0	-1	0	0.0006	-1.0000
74	197	2	301.8150	9	15	0	-1	0	0.0006	-1.0000
74	198	2	303.3483	8	1	0	-1	1	0.0012	0.9202
74	199	2	304.8817	7	7	0	-1	0	0.0012	-1.0000
74	200	2	306.4150	6	4	0	-1	0	0.0012	-1.0000
74	201	2	307.9483	5	10	0	-1	0	0.0012	-1.0000
74	202	2	309.4816	4	12	0	-1	0	0.0012	-1.0000
74	203	2	311.0150	3	11	0	-1	1	0.0018	0.6295
74	204	2	312.5483	2	8	0	-1	0	0.0018	-1.0000
74	205	2	314.0816	1	14	0	-1	0	0.0018	-1.0000
74	206	2	315.6150	15	13	0	-1	0	0.0018	-1.0000
74	207	2	317.1483	14	6	0	-1	0	0.0018	-1.0000
74	208	2	318.6816	13	9	0	-1	0	0.0018	-1.0000
74	209	2	320.2149	12	5	0	-1	0	0.0018	-1.0000
74	210	2	321.7483	11	3	0	-1	0	0.0018	-1.0000
74	211	2	323.2816	13	9	0	-1	0	0.0018	-1.0000
74	212	2	324.8149	12	5	0	-1	0	0.0018	-1.0000
74	213	2	326.3482	13	9	0	-1	0	0.0018	-1.0000
74	214	2	327.8816	10	2	0	-1	0	0.0018	-1.0000
74	215	2	329.4149	12	5	0	-1	1	0.0018	0.5975
74	216	2	330.9482	10	2	0	-1	0	0.0018	-1.0000
74	217	2	332.4815	11	3	0	-1	0	0.0018	-1.0000
74	218	2	334.0149	9	15	0	-1	0	0.0018	-1.0000
74	219	2	335.5482	10	2	0	-1	0	0.0018	-1.0000
74	220	2	337.0815	13	9	0	-1	0	0.0018	-1.0000
74	221	2	338.6148	11	3	0	-1	0	0.0018	-1.0000
74	222	2	340.1481	12	5	0	-1	0	0.0018	-1.0000
74	223	2	341.6815	13	9	0	-1	0	0.0018	-1.0000
74	224	2	343.2148	12	5	0	-1	0	0.0018	-1.0000
74	225	2	344.7481	13	9	0	-1	0	0.0018	-1.0000
74	226	2	346.2815	14	6	0	-1	0	0.0018	-1.0000
74	227	2	347.8148	15	13	0	-1	1	0.0018	0.7739
74	228	2	349.3481	1	14	0	-1	0	0.0018	-1.0000
74	229	2	350.8814	2	8	0	-1	1	0.0018	1.0826
74	230	2	352.4148	3	11	0	-1	0	0.0018	-1.0000
74	231	2	353.9481	4	12	0	-1	0	0.0018	-1.0000
74	232	2	355.4814	5	10	0	-1	0	0.0018	-1.0000
74	233	2	357.0147	6	4	0	-1	0	0.0018	-1.0000
74	234	2	358.5481	7	7	0	-1	0	0.0018	-1.0000
74	235	2	360.0814	8	1	0	-1	0	0.0018	-1.0000
74	236	2	361.6147	9	15	0	-1	0	0.0018	-1.0000
74	237	2	363.1481	10	2	0	-1	0	0.0018	-1.0000
74	238	2	364.6814	11	3	0	-1	0	0.0018	-1.0000
74	239	2	366.2147	12	5	0	-1	0	0.0018	-1.0000
74	240	2	367.7480	13	9	0	-1	0	0.0018	-1.0000
74	241	2	369.2813	12	5	0	-1	0	0.0018	-1.0000
74	242	2	370.8147	9	15	0	-1	1	0.0018	1.3737
74	243	2	372.3480	10	2	0	-1	1	0.0018	0.0167
74	244	2	373.8813	9	15	0	-1	0	0.0018	-1.0000
74	245	2	375.4146	12	5	0	-1	0	0.0018	-1.0000
74	246	2	376.9480	9	15	0	-1	0	0.0018	-1.0000
74	247	2	378.4813	11	3	0	-1	1	0.0018	1.2748
74	248	2	380.0146	9	15	0	-1	0	0.0018	-1.0000
74	249	2	381.5479	10	2	0	-1	0	0.0018	-1.0000
74	250	2	383.0813	9	15	0	-1	1	0.0013	-1.0000
74	251	2	384.6146	8	1	0	-1	1	0.3026	-1.0000
74	252	2	386.1479	7	7	0	-1	1	0.2575	-1.0000
74	253	2	387.6812	4	12	0	-1	0	0.2575	-1.0000
74	254	2	389.2146	7	7	0	-1	1	0.2140	-1.0000
74	255	2	390.7479	5	10	0	-1	1	0.1905	-1.0000
74	256	2	392.2812	6	4	0	-1	0	0.1905	-1.0000
74	257	2	393.8145	7	7	0	-1	0	0.1905	-1.0000
74	258	2	395.3479	8	1	0	-1	0	0.1905	-1.0000
74	259	2	396.8812	9	15	0	-1	0	0.1905	-1.0000
74	260	2	398.4145	10	2	0	-1	0	0.1905	-1.0000
74	261	2	399.9478	11	3	0	-1	0	0.1905	-1.0000
74	262	2	401.4812	12	5	0	-1	1	0.1904	0.5949
74	263	2	403.0145	13	9	0	-1	0	0.1904	-1.0000
74	264	2	404.5478	14	6	0	-1	0	0.1904	-1.0000
74	265	2	406.0811	15	13	0	-1	0	0.1904	-1.0000
74	266	2	407.6145	1	14	0	-1	0	0.1904	-1.0000
74	267	2	409.1478	2	8	0	-1	0	0.1904	-1.0000
74	268	2	410.6811	3	11	0	-1	0	0.1904	-1.0000
74	269	2	412.2144	4	12	0	-1	0	0.1904	-1.0000
74	270	2	413.7478	5	10	0	-1	0	0.1904	-1.0000
74	271	2	415.2811	8	1	0	-1	0	0.1904	-1.0000
74	272	2	416.8144	9	15	0	-1	0	0.1904	-1.0000
74	273	2	418.3477	12	5	0	-1	0	0.1904	-1.0000
74	274	2	419.8811	13	9	0	-1	0	0.1904	-1.0000
74	275	2	421.4144	14	6	0	-1	0	0.1904	-1.0000
74	276	2	422.9477	2	8	0	-1	0	0.1904	-1.0000
74	277	2	424.4810	1	14	0	-1	0	0.1904	-1.0000
74	278	2	426.0144	14	6	0	-1	1	0.1904	0.9900
74	279	2	427.5477	15	13	0	-1	0	0.1904	-1.0000
74	280	2	429.0810	1	14	0	-1	0	0.1904	-1.0000
74	281	2	430.6143	15	13	0	-1	0	0.1904	-1.0000
74	282	2	432.1477	14	6	0	-1	0	0.1904	-1.0000
74	283	2	433.6810	1	14	0	-1	0	0.1904	-1.0000
74	284	2	435.2143	2	8	0	-1	0	0.1904	-1.0000
74	285	2	436.7476	3	11	0	-1	0	0.1904	-1.0000
74	286	2	438.2810	2	8	0	-1	0	0.1904	-1.0000
74	287	2	439.8143	1	14	0	-1	0	0.1904	-1.0000
74	288	2	441.3476	15	13	0	-1	0	0.1904	-1.0000
74	289	2	442.8809	14	6	0	-1	0	0.1904	-1.0000
74	290	2	444.4143	13	9	0	-1	0	0.1904	-1.0000
74	291	2	445.9476	12	5	0	-1	0	0.1904	-1.0000
74	292	2	447.4809	11	3	0	-1	0	0.1904	-1.0000
74	293	2	449.0142	10	2	0	-1	1	0.1904	0.1026
74	294	2	450.5476	9	15	0	-1	0	0.1904	-1.0000
74	295	2	452.0809	8	1	0	-1	0	0.1904	-1.0000
74	296	2	453.6142	7	7	0	-1	0	0.1904	-1.0000
74	297	2	455.1475	6	4	0	-1	0	0.1904	-1.0000
74	298	2	456.6809	5	10	0	-1	0	0.1904	-1.0000
74	299	2	458.2142	4	12	0	-1	0	0.1904	-1.0000
74	300	2	459.7475	3	11	0	-1	1	0.1905	1.3210
74	301	2	461.2808	15	13	0	-1	0	0.1905	-1.0000
74	302	2	462.8142	3	11	0	-1	0	0.1905	-1.0000
74	303	2	464.3475	1	14	0	-1	1	0.1905	1.2968
74	304	2	465.8808	3	11	0	-1	0	0.1905	-1.0000
74	305	2	467.4141	1	14	0	-1	0	0.1905	-1.0000
74	306	2	468.9475	14	6	0	-1	0	0.1905	-1.0000
74	307	2	470.4808	1	14	0	-1	0	0.1905	-1.0000
74	308	2	472.0141	15	13	0	-1	1	0.1905	1.4542
74	309	2	473.5474	3	11	0	-1	1	0.1904	0.0167
74	310	2	475.0808	15	13	0	-1	0	0.1904	-1.0000
74	311	2	476.6141	2	8	0	-1	0	0.1904	-1.0000
74	312	2	478.1474	14	6	0	-1	0	0.1904	-1.0000
74	313	2	479.6807	15	13	0	-1	0	0.1904	-1.0000
74	314	2	481.2141	1	14	0	-1	0	0.1904	-1.0000
74	315	2	482.7474	15	13	0	-1	0	0.1904	-1.0000
74	316	2	484.2807	1	14	0	-1	0	0.1904	-1.0000
74	317	2	485.8140	2	8	0	-1	1	0.1904	0.6303
74	318	2	487.3473	3	11	0	-1	0	0.1904	-1.0000
74	319	2	488.8807	4	12	0	-1	0	0.1904	-1.0000
74	320	2	490.4140	5	10	0	-1	0	0.1904	-1.0000
74	321	2	491.9473	6	4	0	-1	0	0.1904	-1.0000
74	322	2	493.4806	7	7	0	-1	0	0.1904	-1.0000
74	323	2	495.0140	8	1	0	-1	0	0.1904	-1.0000
74	324	2	496.5473	9	15	0	-1	1	0.1905	0.3610
74	325	2	498.0807	10	2	0	-1	0	0.1905	-1.0000
74	326	2	499.6140	11	3	0	-1	0	0.1905	-1.0000
74	327	2	501.1473	12	5	0	-1	0	0.1905	-1.0000
74	328	2	502.6807	13	9	0	-1	1	0.1905	1.1716
74	329	2	504.2139	14	6	0	-1	0	0.1905	-1.0000
74	330	2	505.7473	15	13	0	-1	0	0.1905	-1.0000
74	331	2	507.2806	1	14	0	-1	0	0.1905	-1.0000
74	332	2	508.8139	2	8	0	-1	1	0.1905	1.2304
74	333	2	510.3472	1	14	0	-1	1	0.1904	0.0168
74	334	2	511.8806	14	6	0	-1	0	0.1904	-1.0000
74	335	2	513.4139	13	9	0	-1	0	0.1904	-1.0000
74	336	2	514.9473	10	2	0	-1	0	0.1904	-1.0000
74	337	2	516.4805	11	3	0	-1	0	0.1904	-1.0000
74	338	2	518.0139	9	15	0	-1	0	0.1904	-1.0000
74	339	2	519.5472	10	2	0	-1	1	0.1904	1.4737
74	340	2	521.0805	9	15	0	-1	1	0.1904	0.0167
74	341	2	522.6139	8	1	0	-1	0	0.1904	-1.0000
74	342	2	524.1472	6	4	0	-1	0	0.1904	-1.0000
74	343	2	525.6805	4	12	0	-1	0	0.1904	-1.0000
74	344	2	527.2138	6	4	0	-1	0	0.1904	-1.0000
74	345	2	528.7472	5	10	0	-1	0	0.1904	-1.0000
74	346	2	530.2805	6	4	0	-1	0	0.1904	-1.0000
74	347	2	531.8138	7	7	0	-1	0	0.1904	-1.0000
74	348	2	533.3471	8	1	0	-1	0	0.1904	-1.0000
74	349	2	534.8805	9	15	0	-1	0	0.1904	-1.0000
74	350	2	536.4137	10	2	0	-1	1	0.1903	0.5910
74	351	2	537.9471	11	3	0	-1	0	0.1903	-1.0000
74	352	2	539.4804	12	5	0	-1	0	0.1903	-1.0000
74	353	2	541.0137	13	9	0	-1	0	0.1903	-1.0000
74	354	2	542.5470	14	6	0	-1	0	0.1903	-1.0000
74	355	2	544.0804	15	13	0	-1	0	0.1903	-1.0000
74	356	2	545.6137	1	14	0	-1	0	0.1903	-1.0000
74	357	2	547.1471	2	8	0	-1	0	0.1903	-1.0000
74	358	2	548.6804	3	11	0	-1	0	0.1903	-1.0000
74	359	2	550.2137	4	12	0	-1	0	0.1903	-1.0000
74	360	2	551.7470	5	10	0	-1	0	0.1903	-1.0000
74	361	2	553.2804	8	1	0	-1	0	0.1903	-1.0000
74	362	2	554.8137	9	15	0	-1	0	0.1903	-1.0000
74	363	2	556.3470	11	3	0	-1	0	0.1903	-1.0000
74	364	2	557.8803	10	2	0	-1	0	0.1903	-1.0000
74	365	2	559.4136	13	9	0	-1	0	0.1903	-1.0000
74	366	2	560.9470	10	2	0	-1	0	0.1903	-1.0000
74	367	2	562.4803	11	3	0	-1	0	0.1903	-1.0000
74	368	2	564.0136	12	5	0	-1	0	0.1903	-1.0000
74	369	2	565.5469	11	3	0	-1	0	0.1903	-1.0000
74	370	2	567.0803	12	5	0	-1	0	0.1903	-1.0000
74	371	2	568.6136	11	3	0	-1	0	0.1903	-1.0000
74	372	2	570.1469	12	5	0	-1	0	0.1903	-1.0000
74	373	2	571.6802	10	2	0	-1	0	0.1903	-1.0000
74	374	2	573.2136	9	15	0	-1	0	0.1903	-1.0000
74	375	2	574.7469	8	1	0	-1	1	0.1905	0.8814
74	376	2	576.2802	7	7	0	-1	0	0.1905	-1.0000
74	377	2	577.8136	6	4	0	-1	0	0.1905	-1.0000
74	378	2	579.3469	5	10	0	-1	0	0.1905	-1.0000
74	379	2	580.8802	4	12	0	-1	0	0.1905	-1.0000
74	380	2	582.4135	3	11	0	-1	0	0.1905	-1.0000
74	381	2	584.2135	2	8	0	-1	0	0.1905	-1.0000
74	382	2	585.7468	1	14	0	-1	0	0.1905	-1.0000
74	383	2	587.2802	15	13	0	-1	1	0.1904	0.3489
74	384	2	588.8135	14	6	0	-1	0	0.1904	-1.0000
74	385	2	590.3468	13	9	0	-1	0	0.1904	-1.0000
74	386	2	591.8801	12	5	0	-1	0	0.1904	-1.0000
74	387	2	593.4135	11	3	0	-1	0	0.1904	-1.0000
74	388	2	594.9468	10	2	0	-1	0	0.1904	-1.0000
74	389	2	596.4801	9	15	0	-1	0	0.1904	-1.0000
74	390	2	598.0134	8	1	0	-1	0	0.1904	-1.0000
74	391	2	599.5468	5	10	0	-1	0	0.1904	-1.0000
74	392	2	601.0801	7	7	0	-1	0	0.1904	-1.0000
74	393	2	602.6134	6	4	0	-1	0	0.1904	-1.0000
74	394	2	604.1467	5	10	0	-1	0	0.1904	-1.0000
74	395	2	605.6801	4	12	0	-1	0	0.1904	-1.0000
74	396	2	607.2134	6	4	0	-1	0	0.1904	-1.0000
74	397	2	608.7467	5	10	0	-1	1	0.1904	0.7548
74	398	2	610.2800	8	1	0	-1	0	0.1904	-1.0000
74	399	2	611.8134	5	10	0	-1	0	0.1904	-1.0000
74	400	2	613.3467	7	7	0	-1	0	0.1904	-1.0000
74	401	2	614.8800	8	1	0	-1	0	0.1904	-1.0000
74	402	2	616.4133	9	15	0	-1	0	0.1904	-1.0000
74	403	2	617.9467	12	5	0	-1	0	0.1904	-1.0000
74	404	2	619.4800	11	3	0	-1	0	0.1904	-1.0000
74	405	2	621.0133	12	5	0	-1	0	0.1904	-1.0000
74	406	2	622.5466	13	9	0	-1	1	0.1904	0.3937
74	407	2	624.0799	14	6	0	-1	0	0.1904	-1.0000
74	408	2	625.6133	15	13	0	-1	0	0.1904	-1.0000
74	409	2	627.1466	1	14	0	-1	0	0.1904	-1.0000
74	410	2	628.6799	2	8	0	-1	0	0.1904	-1.0000
74	411	2	630.2133	3	11	0	-1	0	0.1904	-1.0000
74	412	2	631.7466	4	12	0	-1	0	0.1904	-1.0000
74	413	2	633.2799	5	10	0	-1	0	0.1904	-1.0000
74	414	2	634.8132	6	4	0	-1	1	0.1903	0.3351
74	415	2	636.3466	7	7	0	-1	0	0.1903	-1.0000
74	416	2	637.8799	8	1	0	-1	0	0.1903	-1.0000
74	417	2	639.4132	9	15	0	-1	0	0.1903	-1.0000
74	418	2	640.9465	10	2	0	-1	1	0.1903	0.7942
74	419	2	642.4799	11	3	0	-1	0	0.1903	-1.0000
74	420	2	644.0132	12	5	0	-1	0	0.1903	-1.0000
74	421	2	645.5465	9	15	0	-1	1	0.1903	0.8179
74	422	2	647.0798	12	5	0	-1	0	0.1903	-1.0000
74	423	2	648.6131	13	9	0	-1	0	0.1903	-1.0000
74	424	2	650.1465	14	6	0	-1	0	0.1903	-1.0000
74	425	2	651.6798	1	14	0	-1	0	0.1903	-1.0000
74	426	2	653.2131	2	8	0	-1	0	0.1903	-1.0000
74	427	2	654.7465	14	6	0	-1	1	0.1902	0.5463
74	428	2	656.2798	13	9	0	-1	0	0.1902	-1.0000
74	429	2	657.8131	11	3	0	-1	0	0.1902	-1.0000
74	430	2	659.3464	13	9	0	-1	0	0.1902	-1.0000
74	431	2	660.8798	11	3	0	-1	0	0.1902	-1.0000
74	432	2	662.4131	10	2	0	-1	0	0.1902	-1.0000
74	433	2	663.9464	12	5	0	-1	1	0.1902	1.2180
74	434	2	665.4797	13	9	0	-1	0	0.1902	-1.0000
74	435	2	667.0131	10	2	0	-1	0	0.1902	-1.0000
74	436	2	668.5464	11	3	0	-1	0	0.1902	-1.0000
74	437	2	670.0797	12	5	0	-1	0	0.1902	-1.0000
74	438	2	671.6130	13	9	0	-1	0	0.1902	-1.0000
74	439	2	673.1464	14	6	0	-1	0	0.1902	-1.0000
74	440	2	674.6797	15	13	0	-1	0	0.1902	-1.0000
74	441	2	676.2130	1	14	0	-1	0	0.1902	-1.0000
74	442	2	677.7463	2	8	0	-1	0	0.1902	-1.0000
74	443	2	679.2797	3	11	0	-1	0	0.1902	-1.0000
74	444	2	680.8130	4	12	0	-1	0	0.1902	-1.0000
74	445	2	682.3463	5	10	0	-1	0	0.1902	-1.0000
74	446	2	683.8796	6	4	0	-1	0	0.1902	-1.0000
74	447	2	685.4130	7	7	0	-1	0	0.1902	-1.0000
74	448	2	686.9463	8	1	0	-1	0	0.1902	-1.0000
74	449	2	688.4796	9	15	0	-1	0	0.1902	-1.0000
74	450	2	690.0129	10	2	0	-1	0	0.1902	-1.0000
74	451	2	691.5463	9	15	0	-1	0	0.1902	-1.0000
74	452	2	693.0796	10	2	0	-1	0	0.1902	-1.0000
74	453	2	694.6129	11	3	0	-1	0	0.1902	-1.0000
74	454	2	696.1462	12	5	0	-1	1	0.1902	1.2586
74	455	2	697.6796	9	15	0	-1	0	0.1902	-1.0000
74	456	2	699.2129	12	5	0	-1	0	0.1902	-1.0000
74	457	2	700.7462	11	3	0	-1	0	0.1902	-1.0000
74	458	2	702.2795	10	2	0	-1	0	0.1902	-1.0000
74	459	2	703.8129	11	3	0	-1	0	0.1902	-1.0000
74	460	2	705.3462	12	5	0	-1	0	0.1902	-1.0000
74	461	2	706.8795	11	3	0	-1	0	0.1902	-1.0000
74	462	2	708.4128	10	2	0	-1	0	0.1902	-1.0000
74	463	2	709.9462	9	15	0	-1	0	0.1902	-1.0000
74	464	2	711.4795	10	2	0	-1	0	0.1902	-1.0000
74	465	2	713.0128	12	5	0	-1	0	0.1902	-1.0000
74	466	2	714.5461	13	9	0	-1	0	0.1902	-1.0000
74	467	2	716.0795	14	6	0	-1	0	0.1902	-1.0000
74	468	2	717.6128	15	13	0	-1	0	0.1902	-1.0000
74	469	2	719.1461	1	14	0	-1	0	0.1902	-1.0000
74	470	2	720.6795	2	8	0	-1	0	0.1902	-1.0000
74	471	2	722.2128	3	11	0	-1	0	0.1902	-1.0000
74	472	2	723.7461	4	12	0	-1	0	0.1902	-1.0000
74	473	2	725.2794	5	10	0	-1	0	0.1902	-1.0000
74	474	2	726.8127	6	4	0	-1	0	0.1902	-1.0000
74	475	2	728.3461	7	7	0	-1	0	0.1902	-1.0000
74	476	2	729.8794	8	1	0	-1	0	0.1902	-1.0000
74	477	2	731.4127	9	15	0	-1	0	0.1902	-1.0000
74	478	2	732.9460	10	2	0	-1	0	0.1902	-1.0000
74	479	2	734.4794	11	3	0	-1	0	0.1902	-1.0000
74	480	2	736.0127	12	5	0	-1	0	0.1902	-1.0000
74	481	2	737.5460	13	9	0	-1	0	0.1902	-1.0000
74	482	2	739.0793	14	6	0	-1	0	0.1902	-1.0000
74	483	2	740.6127	13	9	0	-1	0	0.1902	-1.0000
74	484	2	742.4127	14	6	0	-1	0	0.1902	-1.0000
74	485	2	743.9460	2	8	0	-1	1	0.1901	0.3859
74	486	2	745.4793	15	13	0	-1	0	0.1901	-1.0000
74	487	2	747.0126	1	14	0	-1	0	0.1901	-1.0000
74	488	2	748.5460	3	11	0	-1	0	0.1901	-1.0000
74	489	2	750.0793	4	12	0	-1	0	0.1901	-1.0000
74	490	2	751.6126	5	10	0	-1	0	0.1901	-1.0000
74	491	2	753.1459	4	12	0	-1	0	0.1901	-1.0000
74	492	2	754.6793	6	4	0	-1	0	0.1901	-1.0000
74	493	2	756.2126	8	1	0	-1	1	0.1901	0.8876
74	494	2	757.7459	9	15	0	-1	0	0.1901	-1.0000
74	495	2	759.2792	11	3	0	-1	0	0.1901	-1.0000
74	496	2	760.8126	12	5	0	-1	0	0.1901	-1.0000
74	497	2	762.3459	13	9	0	-1	0	0.1901	-1.0000
74	498	2	763.8792	14	6	0	-1	0	0.1901	-1.0000
74	499	2	765.4125	15	13	0	-1	0	0.1901	-1.0000
74	500	2	766.9459	1	14	0	-1	0	0.1901	-1.0000
74	501	2	768.4792	2	8	0	-1	0	0.1901	-1.0000
74	502	2	770.0125	3	11	0	-1	0	0.1901	-1.0000
74	503	2	771.5459	4	12	0	-1	0	0.1901	-1.0000
74	504	2	773.0792	5	10	0	-1	0	0.1901	-1.0000
74	505	2	774.6125	6	4	0	-1	0	0.1901	-1.0000
74	506	2	776.1458	7	7	0	-1	0	0.1901	-1.0000
74	507	2	777.6791	8	1	0	-1	0	0.1901	-1.0000
74	508	2	779.2125	9	15	0	-1	0	0.1901	-1.0000
74	509	2	780.7458	10	2	0	-1	0	0.1901	-1.0000
74	510	2	782.2791	11	3	0	-1	1	0.1901	0.9492
74	511	2	783.8124	13	9	0	-1	0	0.1901	-1.0000
74	512	2	785.3458	14	6	0	-1	0	0.1901	-1.0000
74	513	2	786.8791	1	14	0	-1	0	0.1901	-1.0000
74	514	2	788.4124	2	8	0	-1	0	0.1901	-1.0000
74	515	2	789.9457	14	6	0	-1	0	0.1901	-1.0000
74	516	2	791.4791	1	14	0	-1	0	0.1901	-1.0000
74	517	2	793.0124	3	11	0	-1	0	0.1901	-1.0000
74	518	2	794.5457	15	13	0	-1	0	0.1901	-1.0000
74	519	2	796.0790	2	8	0	-1	0	0.1901	-1.0000
74	520	2	797.6124	3	11	0	-1	0	0.1901	-1.0000
74	521	2	799.1457	1	14	0	-1	0	0.1901	-1.0000
74	522	2	800.6790	2	8	0	-1	1	0.1900	1.1737
74	523	2	802.2123	3	11	0	-1	0	0.1900	-1.0000
74	524	2	803.7457	4	12	0	-1	0	0.1900	-1.0000
74	525	2	805.2790	5	10	0	-1	0	0.1900	-1.0000
74	526	2	806.8123	4	12	0	-1	0	0.1900	-1.0000
74	527	2	808.3456	3	11	0	-1	0	0.1900	-1.0000
74	528	2	809.8790	2	8	0	-1	1	0.1900	0.1332
74	529	2	811.4123	1	14	0	-1	0	0.1900	-1.0000
74	530	2	812.9456	15	13	0	-1	0	0.1900	-1.0000
74	531	2	814.4789	14	6	0	-1	0	0.1900	-1.0000
74	532	2	816.0123	13	9	0	-1	1	0.1901	0.9279
74	533	2	817.5456	12	5	0	-1	0	0.1901	-1.0000
74	534	2	819.0789	11	3	0	-1	0	0.1901	-1.0000
74	535	2	820.6122	10	2	0	-1	0	0.1901	-1.0000
74	536	2	822.1456	9	15	0	-1	0	0.1901	-1.0000
74	537	2	823.6789	8	1	0	-1	0	0.1901	-1.0000
74	538	2	825.2122	7	7	0	-1	0	0.1901	-1.0000
74	539	2	826.7455	6	4	0	-1	1	0.1901	1.2026
74	540	2	828.2789	5	10	0	-1	0	0.1901	-1.0000
74	541	2	829.8122	4	12	0	-1	0	0.1901	-1.0000
74	542	2	831.3455	7	7	0	-1	0	0.1901	-1.0000
74	543	2	832.8788	5	10	0	-1	0	0.1901	-1.0000
74	544	2	834.4122	8	1	0	-1	0	0.1901	-1.0000
74	545	2	835.9455	5	10	0	-1	0	0.1901	-1.0000
74	546	2	837.4788	6	4	0	-1	1	0.1901	0.7735
74	547	2	839.0121	7	7	0	-1	0	0.1901	-1.0000
74	548	2	840.5455	6	4	0	-1	0	0.1901	-1.0000
74	549	2	842.0788	5	10	0	-1	0	0.1901	-1.0000
74	550	2	843.6121	8	1	0	-1	0	0.1901	-1.0000
74	551	2	845.1454	9	15	0	-1	0	0.1901	-1.0000
74	552	2	846.6788	12	5	0	-1	0	0.1901	-1.0000
74	553	2	848.2121	11	3	0	-1	0	0.1901	-1.0000
74	554	2	849.7454	13	9	0	-1	1	0.1900	1.0033
74	555	2	851.2787	11	3	0	-1	0	0.1900	-1.0000
74	556	2	852.8121	12	5	0	-1	0	0.1900	-1.0000
74	557	2	854.3454	13	9	0	-1	1	0.1900	0.6585
74	558	2	855.8787	14	6	0	-1	0	0.1900	-1.0000
74	559	2	857.4120	15	13	0	-1	0	0.1900	-1.0000
74	560	2	858.9454	1	14	0	-1	0	0.1900	-1.0000
74	561	2	860.4787	2	8	0	-1	1	0.1900	1.2296
74	562	2	862.0120	3	11	0	-1	0	0.1900	-1.0000
74	563	2	863.5453	4	12	0	-1	0	0.1900	-1.0000
74	564	2	865.0787	5	10	0	-1	0	0.1900	-1.0000
74	565	2	866.6120	6	4	0	-1	1	0.1899	0.9999
74	566	2	868.1453	7	7	0	-1	0	0.1899	-1.0000
74	567	2	869.6786	8	1	0	-1	0	0.1899	-1.0000
74	568	2	871.2119	9	15	0	-1	0	0.1899	-1.0000
74	569	2	872.7453	10	2	0	-1	0	0.1899	-1.0000
74	570	2	874.2786	11	3	0	-1	0	0.1899	-1.0000
74	571	2	875.8119	9	15	0	-1	0	0.1899	-1.0000
74	572	2	877.3453	8	1	0	-1	0	0.1899	-1.0000
74	573	2	878.8786	6	4	0	-1	1	0.1899	1.3417
74	574	2	880.4119	7	7	0	-1	0	0.1899	-1.0000
74	575	2	881.9452	8	1	0	-1	0	0.1899	-1.0000
74	576	2	883.4786	9	15	0	-1	0	0.1899	-1.0000
74	577	2	885.0119	12	5	0	-1	0	0.1899	-1.0000
74	578	2	886.5452	10	2	0	-1	0	0.1899	-1.0000
74	579	2	888.0785	12	5	0	-1	0	0.1899	-1.0000
74	580	2	889.6119	9	15	0	-1	0	0.1899	-1.0000
74	581	2	891.1452	12	5	0	-1	0	0.1899	-1.0000
74	582	2	892.6785	13	9	0	-1	0	0.1899	-1.0000
74	583	2	894.2118	12	5	0	-1	0	0.1899	-1.0000
74	584	2	895.7452	11	3	0	-1	0	0.1899	-1.0000
74	585	2	897.2785	12	5	0	-1	0	0.1899	-1.0000
74	586	2	898.8118	13	9	0	-1	1	0.1899	1.0409
74	587	2	900.3451	14	6	0	-1	1	0.1900	1.0431
74	588	2	901.8785	15	13	0	-1	0	0.1900	-1.0000
74	589	2	903.4118	1	14	0	-1	1	0.1900	1.3686
74	590	2	904.9451	2	8	0	-1	1	0.1899	0.9077
74	591	2	906.4784	3	11	0	-1	0	0.1899	-1.0000
74	592	2	908.0118	4	12	0	-1	0	0.1899	-1.0000
74	593	2	909.5451	5	10	0	-1	0	0.1899	-1.0000
74	594	2	911.0784	6	4	0	-1	1	0.1899	0.7743
74	595	2	912.6118	7	7	0	-1	0	0.1899	-1.0000
74	596	2	914.1450	8	1	0	-1	0	0.1899	-1.0000
74	597	2	915.6784	9	15	0	-1	0	0.1899	-1.0000
74	598	2	917.2117	10	2	0	-1	0	0.1899	-1.0000
74	599	2	918.7450	11	3	0	-1	0	0.1899	-1.0000
74	600	2	920.2783	12	5	0	-1	0	0.1899	-1.0000
Actual parsing ratio
0.1899
Possible node parses
85.0000
 Node parses selected
12.2941
Possible other parses
515.0000
Other parses selected
8.6563
Chance parsing ratio
0.1417
Shock trials
94
381
484