*********************************************
* Date/Time: 18-Sep-2019 11:28:04
* Seed: 213169.6
* Subject Number: 003
4	2	9	7	6	1	15	11	10	5	8	3	12	14	13	
*********************************************

Shape exposure time (seconds)
139.7745
subject	trial	phase	onset	node	shape	rotate	acc	resp	total	rt
3	1	1	1.0166	2	2	0	1	1	1.0000	0.8524
3	2	1	2.5832	1	4	0	1	1	1.0000	0.9820
3	3	1	4.1331	14	14	0	1	1	1.0000	1.3827
3	4	1	5.6831	13	12	0	1	1	1.0000	1.1617
3	5	1	7.2330	11	8	90	1	1	1.0000	1.1959
3	6	1	8.7829	10	5	0	0	1	0.8333	1.3419
3	7	1	10.9828	13	12	0	1	1	0.8571	1.2701
3	8	1	12.5327	14	14	90	1	1	0.8750	1.2884
3	9	1	14.0826	2	2	0	-1	0	0.7778	-1.0000
3	10	1	16.0825	15	13	0	-1	0	0.7000	-1.0000
3	11	1	18.1324	14	14	0	-1	0	0.6364	-1.0000
3	12	1	20.1823	13	12	0	1	1	0.6667	0.9335
3	13	1	21.7322	11	8	0	1	1	0.6923	1.4642
3	14	1	23.3155	13	12	0	-1	0	0.6429	-1.0000
3	15	1	25.3820	12	3	0	-1	0	0.6000	-1.0000
3	16	1	27.4319	11	8	0	0	1	0.5625	0.8531
3	17	1	28.9818	9	10	0	-1	0	0.5294	-1.0000
3	18	1	31.0484	11	8	0	1	1	0.5556	0.0528
3	19	1	32.5983	13	12	0	1	1	0.5789	1.0148
3	20	1	34.1482	11	8	0	1	1	0.6000	0.7115
3	21	1	35.6981	9	10	90	0	1	0.5714	0.7136
3	22	1	37.2481	12	3	90	0	1	0.5455	1.4211
3	23	1	39.2313	9	10	0	0	1	0.5217	1.1178
3	24	1	40.8979	10	5	90	0	1	0.5000	1.4660
3	25	1	42.9478	12	3	0	-1	0	0.4800	-1.0000
3	26	1	44.9810	10	5	0	-1	0	0.4615	-1.0000
3	27	1	47.0142	12	3	90	-1	0	0.4444	-1.0000
3	28	1	49.0641	13	12	0	0	1	0.4286	1.3008
3	29	1	50.9307	14	14	0	1	1	0.4483	0.9853
3	30	1	52.4806	15	13	0	1	1	0.4667	1.3725
3	31	1	54.0305	3	9	90	-1	0	0.4516	-1.0000
3	32	1	56.1137	2	2	0	1	1	0.4688	1.4520
3	33	1	57.7137	1	4	0	1	1	0.4848	0.9234
3	34	1	59.2636	2	2	0	1	1	0.5000	0.7482
3	35	1	60.8135	3	9	0	1	1	0.5143	1.2785
3	36	1	62.3634	4	7	0	1	1	0.5278	1.4724
3	37	1	63.9467	3	9	0	1	1	0.5405	1.4092
3	38	1	65.4966	4	7	0	1	1	0.5526	1.2832
3	39	1	67.0465	7	15	0	0	1	0.5385	1.1425
3	40	1	68.7631	5	6	90	0	1	0.5250	1.2985
3	41	1	70.6296	6	1	0	-1	0	0.5122	-1.0000
3	42	1	72.6629	5	6	0	-1	0	0.5000	-1.0000
3	43	1	74.6961	7	15	0	1	1	0.5116	0.7557
3	44	1	76.2460	8	11	0	1	1	0.5227	1.0950
3	45	1	77.7959	5	6	0	1	1	0.5333	1.4015
3	46	1	79.3459	4	7	90	0	1	0.5217	1.3554
3	47	1	81.2124	3	9	0	1	1	0.5319	1.1211
3	48	1	82.7623	2	2	0	0	1	0.5208	1.0425
3	49	1	84.3789	15	13	0	-1	0	0.5102	-1.0000
3	50	1	86.3955	14	14	90	1	1	0.5200	1.0255
3	51	1	87.9454	1	4	0	1	1	0.5294	0.8517
3	52	1	89.4953	3	9	0	1	1	0.5385	0.8370
3	53	1	91.0452	15	13	90	0	1	0.5283	0.9665
3	54	1	92.5952	14	14	0	1	1	0.5370	0.8098
3	55	1	94.1451	1	4	90	1	1	0.5455	0.8759
3	56	1	95.6950	3	9	0	1	1	0.5536	0.8132
3	57	1	97.2449	1	4	90	1	1	0.5614	1.0402
3	58	1	98.7948	2	2	90	1	1	0.5690	1.0571
3	59	1	100.3448	1	4	0	1	1	0.5763	0.8040
3	60	1	101.8947	15	13	90	1	1	0.5833	0.9824
3	61	1	103.4446	3	9	90	0	1	0.5738	0.7125
3	62	1	104.9945	15	13	0	0	1	0.5645	1.1465
3	63	1	106.6611	1	4	0	1	1	0.5714	0.9347
3	64	1	108.2110	14	14	0	1	1	0.5781	0.7942
3	65	1	109.7609	1	4	0	1	1	0.5846	0.7641
3	66	1	111.3109	15	13	0	1	1	0.5909	1.4703
3	67	1	112.8941	3	9	0	1	1	0.5970	0.7177
3	68	1	114.4440	15	13	0	1	1	0.6029	0.6571
3	69	1	115.9940	3	9	0	1	1	0.6087	0.6107
3	70	1	117.5439	4	7	0	1	1	0.6143	0.5959
3	71	1	119.0938	3	9	90	0	1	0.6056	0.5827
3	72	1	120.6437	15	13	0	1	1	0.6111	0.6813
3	73	1	122.1936	1	4	0	1	1	0.6164	0.7314
3	74	1	123.7435	14	14	0	1	1	0.6216	0.6695
3	75	1	125.2935	13	12	0	1	1	0.6267	1.1034
3	76	1	126.8434	10	5	90	0	1	0.6184	1.0565
3	77	1	128.4933	11	8	0	1	1	0.6234	1.0883
3	78	1	130.0432	13	12	0	0	1	0.6154	1.2016
3	79	1	131.8265	14	14	0	1	1	0.6203	0.5385
3	80	1	133.3764	15	13	0	1	1	0.6250	0.8596
3	81	1	134.9263	3	9	0	1	1	0.6296	0.5898
3	82	1	136.4762	15	13	90	0	1	0.6220	0.7836
3	83	1	138.0261	1	4	0	1	1	0.6265	0.6097
3	84	1	139.5761	15	13	0	0	1	0.6190	0.7250
3	85	1	141.1260	14	14	0	1	1	0.6235	0.5979
3	86	1	142.6759	15	13	0	1	1	0.6279	1.0160
3	87	1	144.2258	1	4	90	1	1	0.6322	0.7780
3	88	1	145.7757	2	2	0	1	1	0.6364	0.8922
3	89	1	147.3256	1	4	0	1	1	0.6404	0.7021
3	90	1	148.8756	2	2	0	1	1	0.6444	0.8171
3	91	1	150.4255	14	14	0	1	1	0.6484	0.6120
3	92	1	151.9754	1	4	0	1	1	0.6522	0.6620
3	93	1	153.5253	3	9	0	1	1	0.6559	0.7265
3	94	1	155.0752	15	13	0	1	1	0.6596	0.9205
3	95	1	156.6252	14	14	0	1	1	0.6632	0.6666
3	96	1	158.1751	13	12	0	0	1	0.6563	0.8461
3	97	1	159.7250	12	3	0	1	1	0.6598	0.9917
3	98	1	161.2749	9	10	0	1	1	0.6633	0.6901
3	99	1	162.8248	10	5	90	0	1	0.6566	1.1071
3	100	1	164.5247	11	8	0	1	1	0.6600	0.7046
3	101	1	166.0747	12	3	0	0	1	0.6535	1.0411
3	102	1	167.6913	13	12	0	0	1	0.6471	1.0566
3	103	1	169.2578	11	8	0	1	1	0.6505	0.7711
3	104	1	170.8078	13	12	0	1	1	0.6538	0.9480
3	105	1	172.3577	12	3	0	1	1	0.6571	1.0627
3	106	1	173.9076	9	10	0	1	1	0.6604	1.1614
3	107	1	175.4575	11	8	0	1	1	0.6636	0.7145
3	108	1	177.0074	13	12	0	1	1	0.6667	0.9099
3	109	1	178.5574	10	5	0	1	1	0.6697	1.1198
3	110	1	180.1073	11	8	0	1	1	0.6727	0.5935
3	111	1	181.6572	9	10	0	1	1	0.6757	0.6906
3	112	1	183.2071	11	8	0	1	1	0.6786	0.6447
3	113	1	184.7570	10	5	90	0	1	0.6726	0.7921
3	114	1	186.3069	12	3	0	1	1	0.6754	0.8902
3	115	1	187.8569	13	12	0	1	1	0.6783	0.8443
3	116	1	189.4068	10	5	0	0	1	0.6724	0.6851
3	117	1	190.9567	12	3	0	1	1	0.6752	0.6711
3	118	1	192.5066	11	8	0	1	1	0.6780	0.5779
3	119	1	194.0565	9	10	0	1	1	0.6807	0.7565
3	120	1	195.6065	8	11	90	0	1	0.6750	1.3654
3	121	1	197.5064	6	1	0	1	1	0.6777	1.4816
3	122	1	199.1063	5	6	90	0	1	0.6721	1.0496
3	123	1	200.7562	7	15	0	0	1	0.6667	0.7288
3	124	1	202.3061	6	1	90	0	1	0.6613	0.7777
3	125	1	203.8560	4	7	0	1	1	0.6640	1.0517
3	126	1	205.4059	3	9	0	1	1	0.6667	0.6871
3	127	1	206.9559	2	2	0	1	1	0.6693	0.9934
3	128	1	208.5058	14	14	0	1	1	0.6719	0.6275
3	129	1	210.0557	13	12	0	1	1	0.6744	0.9642
3	130	1	211.6056	10	5	90	0	1	0.6692	1.0476
3	131	1	213.1889	13	12	0	1	1	0.6718	0.7589
3	132	1	214.7388	11	8	0	1	1	0.6742	0.5850
3	133	1	216.2887	10	5	0	0	1	0.6692	0.9871
3	134	1	217.8386	11	8	0	1	1	0.6716	0.5107
3	135	1	219.3886	10	5	90	0	1	0.6667	0.7205
3	136	1	220.9385	9	10	0	1	1	0.6691	1.2333
3	137	1	222.4884	8	11	0	1	1	0.6715	1.4286
3	138	1	224.0383	7	15	0	1	1	0.6739	0.9655
3	139	1	225.5882	8	11	0	1	1	0.6763	0.9196
3	140	1	227.1381	7	15	90	0	1	0.6714	1.1150
3	141	1	228.8047	5	6	0	0	1	0.6667	1.0805
3	142	1	230.4713	4	7	0	1	1	0.6690	0.6460
3	143	1	232.0212	3	9	0	1	1	0.6713	0.5665
3	144	1	233.5711	1	4	0	1	1	0.6736	0.7290
3	145	1	235.1211	2	2	0	1	1	0.6759	0.7001
3	146	1	236.6710	15	13	0	0	1	0.6712	1.2609
3	147	1	238.4542	14	14	90	1	1	0.6735	1.0141
3	148	1	240.0041	15	13	90	0	1	0.6689	1.2724
3	149	1	241.8041	2	2	0	0	1	0.6644	0.8157
3	150	1	243.3540	3	9	90	0	1	0.6600	0.4825
3	151	1	244.9039	2	2	0	1	1	0.6623	0.9814
3	152	1	246.4538	3	9	90	0	1	0.6579	0.6481
3	153	1	248.0037	1	4	0	1	1	0.6601	0.5852
3	154	1	249.5536	3	9	90	1	1	0.6623	0.6357
3	155	1	251.1036	4	7	0	1	1	0.6645	0.9724
3	156	1	252.6535	3	9	0	1	1	0.6667	1.2155
3	157	1	254.2034	15	13	0	0	1	0.6624	1.0419
3	158	1	255.8200	3	9	90	-1	0	0.6582	-1.0000
3	159	1	257.8532	4	7	0	-1	0	0.6541	-1.0000
3	160	1	259.9031	5	6	0	0	1	0.6500	0.7185
3	161	1	261.4530	7	15	90	0	1	0.6460	0.7841
3	162	1	263.0029	5	6	90	0	1	0.6420	0.8182
3	163	1	264.5529	4	7	0	1	1	0.6442	1.0121
3	164	1	266.1028	3	9	0	1	1	0.6463	0.8210
3	165	1	267.6527	15	13	0	1	1	0.6485	0.7917
3	166	1	269.2026	3	9	0	1	1	0.6506	0.6012
3	167	1	270.7525	2	2	0	1	1	0.6527	0.7152
3	168	1	272.3025	14	14	0	1	1	0.6548	0.6230
3	169	1	273.8524	1	4	0	1	1	0.6568	0.6567
3	170	1	275.4023	15	13	0	1	1	0.6588	0.6417
3	171	1	276.9522	14	14	0	1	1	0.6608	0.5335
3	172	1	278.5021	13	12	0	0	1	0.6570	0.6136
3	173	1	280.0521	14	14	0	1	1	0.6590	0.5371
3	174	1	281.6020	13	12	90	1	1	0.6609	1.1630
3	175	1	283.1519	12	3	0	0	1	0.6571	1.0055
3	176	1	284.7185	13	12	0	1	1	0.6591	0.6705
3	177	1	286.2684	14	14	0	1	1	0.6610	0.5434
3	178	1	287.8183	2	2	90	0	1	0.6573	0.8980
3	179	1	289.3682	15	13	0	1	1	0.6592	0.6756
3	180	1	290.9181	3	9	0	1	1	0.6611	0.7267
3	181	1	292.4681	1	4	0	1	1	0.6630	0.6478
3	182	1	294.0180	2	2	0	1	1	0.6648	0.7458
3	183	1	295.5679	1	4	0	1	1	0.6667	0.5411
3	184	1	297.1178	14	14	0	1	1	0.6685	0.5432
3	185	1	298.6677	13	12	0	0	1	0.6649	0.9602
3	186	1	300.2177	11	8	90	0	1	0.6613	0.6588
3	187	1	301.7676	9	10	0	0	1	0.6578	0.9642
3	188	1	303.3175	11	8	0	1	1	0.6596	0.5997
3	189	1	304.8674	10	5	0	0	1	0.6561	1.1764
3	190	1	306.6340	13	12	90	0	1	0.6526	0.6914
3	191	1	308.1839	14	14	90	1	1	0.6545	0.7733
3	192	1	309.7338	15	13	0	0	1	0.6510	1.4139
3	193	1	311.7337	3	9	0	1	1	0.6528	0.5674
3	194	1	313.2836	4	7	0	1	1	0.6546	1.3214
3	195	1	314.8336	5	6	0	1	1	0.6564	1.4342
3	196	1	316.3835	6	1	0	1	1	0.6582	0.8456
3	197	1	317.9334	5	6	90	0	1	0.6548	0.4956
3	198	1	319.4833	6	1	0	1	1	0.6566	0.8658
3	199	1	321.0332	5	6	0	0	1	0.6533	0.4185
3	200	1	322.5832	7	15	0	1	1	0.6550	1.0458
3	201	1	324.1331	5	6	0	1	1	0.6567	1.1757
3	202	1	325.6830	6	1	0	1	1	0.6584	0.8739
3	203	1	327.2329	4	7	0	1	1	0.6601	0.7639
3	204	1	328.7828	3	9	0	1	1	0.6618	0.7342
3	205	1	330.3328	4	7	0	1	1	0.6634	0.8323
3	206	1	331.8827	7	15	0	0	1	0.6602	1.0091
3	207	1	333.4826	6	1	0	1	1	0.6618	0.7533
3	208	1	335.0325	8	11	0	1	1	0.6635	1.0919
3	209	1	336.5824	5	6	0	0	1	0.6603	0.9185
3	210	1	338.1323	7	15	0	1	1	0.6619	0.6314
3	211	1	339.6823	6	1	0	1	1	0.6635	0.9215
3	212	1	341.2322	7	15	0	0	1	0.6604	0.6035
3	213	1	342.7821	4	7	0	1	1	0.6620	0.6536
3	214	1	344.3320	7	15	0	1	1	0.6636	0.5771
3	215	1	345.8820	8	11	0	1	1	0.6651	0.8658
3	216	1	347.4319	7	15	90	1	1	0.6667	0.8852
3	217	1	348.9818	4	7	0	1	1	0.6682	0.6461
3	218	1	350.5317	6	1	90	1	1	0.6697	0.8893
3	219	1	352.0816	5	6	0	0	1	0.6667	1.1799
3	220	1	353.8149	8	11	0	1	1	0.6682	0.5985
3	221	1	355.3648	6	1	0	1	1	0.6697	0.5844
3	222	1	356.9147	4	7	90	0	1	0.6667	0.5215
3	223	1	358.4646	6	1	0	1	1	0.6682	0.7792
3	224	1	360.0145	7	15	0	0	1	0.6652	1.0384
3	225	1	361.6144	5	6	0	1	1	0.6667	0.4947
3	226	1	363.1644	8	11	0	1	1	0.6681	0.6731
3	227	1	364.7143	5	6	0	1	1	0.6696	0.9455
3	228	1	366.2642	8	11	90	0	1	0.6667	1.3316
3	229	1	368.1141	6	1	0	0	1	0.6638	0.9228
3	230	1	369.6640	8	11	0	1	1	0.6652	0.6357
3	231	1	371.2140	6	1	0	1	1	0.6667	0.6872
3	232	1	372.7639	8	11	0	1	1	0.6681	0.7679
3	233	1	374.3138	6	1	0	1	1	0.6695	0.6430
3	234	1	375.8637	7	15	0	1	1	0.6709	1.2853
3	235	1	377.4136	8	11	0	1	1	0.6723	0.7421
3	236	1	378.9635	6	1	0	1	1	0.6737	0.8579
3	237	1	380.5135	7	15	0	1	1	0.6751	0.5390
3	238	1	382.0634	8	11	0	1	1	0.6765	0.6524
3	239	1	383.6133	6	1	0	1	1	0.6778	0.5104
3	240	1	385.1632	5	6	0	1	1	0.6792	0.7539
3	241	1	386.7131	6	1	0	1	1	0.6805	0.5627
3	242	1	388.2630	7	15	0	1	1	0.6818	0.8855
3	243	1	389.8130	8	11	0	1	1	0.6831	0.6480
3	244	1	391.3629	7	15	90	1	1	0.6844	0.7939
3	245	1	392.9128	4	7	90	0	1	0.6816	0.9394
3	246	1	394.4627	5	6	90	0	1	0.6789	0.9591
3	247	1	396.0126	4	7	90	1	1	0.6802	0.7991
3	248	1	397.5626	5	6	0	0	1	0.6774	0.5932
3	249	1	399.1125	4	7	0	1	1	0.6787	0.5165
3	250	1	400.6624	7	15	90	1	1	0.6800	0.8711
3	251	1	402.2123	4	7	0	1	1	0.6813	0.6644
3	252	1	403.7622	7	15	0	1	1	0.6825	0.7617
3	253	1	405.3122	8	11	90	0	1	0.6798	0.5717
3	254	1	406.8621	9	10	0	0	1	0.6772	0.8469
3	255	1	408.4120	11	8	0	1	1	0.6784	0.6411
3	256	1	409.9619	9	10	0	1	1	0.6797	0.6738
3	257	1	411.5118	11	8	0	1	1	0.6809	0.5319
3	258	1	413.0617	10	5	0	1	1	0.6822	0.8540
3	259	1	414.6117	9	10	0	1	1	0.6834	0.7292
3	260	1	416.1616	11	8	0	1	1	0.6846	0.6995
3	261	1	417.7115	9	10	0	1	1	0.6858	0.6856
3	262	1	419.2614	8	11	0	1	1	0.6870	0.6876
3	263	1	420.8113	7	15	0	1	1	0.6882	0.7684
3	264	1	422.3613	8	11	0	1	1	0.6894	0.7398
3	265	1	423.9112	5	6	0	1	1	0.6906	0.9965
3	266	1	425.4611	4	7	90	0	1	0.6880	0.7122
3	267	1	427.0110	7	15	0	1	1	0.6891	0.7299
3	268	1	428.5609	5	6	0	1	1	0.6903	0.7469
3	269	1	430.1109	4	7	0	1	1	0.6914	0.5741
3	270	1	431.6608	7	15	0	1	1	0.6926	0.7520
3	271	1	433.2107	6	1	0	1	1	0.6937	0.7062
3	272	1	434.7606	4	7	0	1	1	0.6949	0.6751
3	273	1	436.3105	3	9	0	1	1	0.6960	0.6772
3	274	1	437.8605	15	13	0	1	1	0.6971	0.7913
3	275	1	439.4104	14	14	0	1	1	0.6982	0.8734
3	276	1	440.9603	15	13	0	1	1	0.6993	0.7167
3	277	1	442.5102	3	9	0	1	1	0.7004	0.6228
3	278	1	444.0601	1	4	0	1	1	0.7014	0.7691
3	279	1	445.6101	2	2	0	1	1	0.7025	0.6269
3	280	1	447.1600	14	14	90	1	1	0.7036	0.8518
3	281	1	448.7099	15	13	0	1	1	0.7046	0.7579
3	282	1	450.2598	2	2	0	1	1	0.7057	0.8880
3	283	1	451.8097	14	14	0	1	1	0.7067	0.8112
3	284	1	453.3596	2	2	0	1	1	0.7077	0.9259
3	285	1	454.9096	3	9	0	1	1	0.7088	0.7181
3	286	1	456.4595	4	7	90	0	1	0.7063	0.7215
3	287	1	458.0094	7	15	90	1	1	0.7073	0.9156
3	288	1	459.5593	4	7	0	1	1	0.7083	0.8055
3	289	1	461.1092	5	6	0	0	1	0.7059	0.8718
3	290	1	462.6591	4	7	0	1	1	0.7069	0.6006
3	291	1	464.2091	7	15	0	1	1	0.7079	0.9718
3	292	1	465.7590	4	7	0	1	1	0.7089	0.7660
3	293	1	467.3089	6	1	0	1	1	0.7099	0.7517
3	294	1	468.8588	5	6	0	0	1	0.7075	1.0569
3	295	1	470.4754	6	1	0	1	1	0.7085	0.5462
3	296	1	472.0254	5	6	0	1	1	0.7095	0.7876
3	297	1	473.5753	6	1	90	1	1	0.7104	1.0936
3	298	1	475.1252	4	7	0	1	1	0.7114	1.0793
3	299	1	476.6751	3	9	0	1	1	0.7124	0.6014
3	300	1	478.2250	1	4	90	1	1	0.7133	0.7960
3	301	1	479.7749	14	14	0	0	1	0.7110	1.0537
3	302	1	481.3415	2	2	0	1	1	0.7119	0.8634
3	303	1	482.8914	15	13	0	1	1	0.7129	0.8823
3	304	1	484.4413	2	2	0	1	1	0.7138	0.6904
3	305	1	485.9913	14	14	0	1	1	0.7148	0.7097
3	306	1	487.5412	15	13	0	1	1	0.7157	1.2399
3	307	1	489.0911	14	14	0	1	1	0.7166	0.6013
3	308	1	490.6410	13	12	0	1	1	0.7175	0.9867
3	309	1	492.1909	10	5	90	1	1	0.7184	1.1826
3	310	1	493.7409	9	10	0	1	1	0.7194	0.8961
3	311	1	495.2908	8	11	0	1	1	0.7203	0.8337
3	312	1	496.8407	9	10	0	1	1	0.7212	0.6922
3	313	1	498.3906	10	5	0	1	1	0.7220	0.9011
3	314	1	499.9405	12	3	0	1	1	0.7229	0.9832
3	315	1	501.4905	9	10	0	1	1	0.7238	0.6185
3	316	1	503.0404	8	11	0	1	1	0.7247	0.7154
3	317	1	504.5903	6	1	0	1	1	0.7256	0.8308
3	318	1	506.1402	5	6	0	1	1	0.7264	0.9755
3	319	1	507.6901	6	1	0	1	1	0.7273	0.7226
3	320	1	509.2400	5	6	90	1	1	0.7281	0.6757
3	321	1	510.7900	4	7	90	0	1	0.7259	0.5658
3	322	1	512.3399	5	6	90	1	1	0.7267	0.8879
3	323	1	513.8898	8	11	0	1	1	0.7276	0.5859
3	324	1	515.4397	6	1	0	1	1	0.7284	0.6056
3	325	1	516.9896	5	6	0	1	1	0.7292	0.5913
3	326	1	518.5396	8	11	0	1	1	0.7301	0.5921
3	327	1	520.0895	5	6	90	0	1	0.7278	0.5956
3	328	1	521.6394	8	11	0	1	1	0.7287	0.6937
3	329	1	523.1893	7	15	0	1	1	0.7295	0.5026
3	330	1	524.7392	5	6	0	0	1	0.7273	0.8085
3	331	1	526.2892	8	11	0	1	1	0.7281	0.6665
3	332	1	527.8391	7	15	0	1	1	0.7289	0.6059
3	333	1	529.3890	6	1	90	1	1	0.7297	0.8477
3	334	1	530.9389	5	6	0	0	1	0.7275	0.9782
3	335	1	532.4888	8	11	0	1	1	0.7284	0.6909
3	336	1	534.0387	9	10	0	1	1	0.7292	0.6610
3	337	1	535.5887	11	8	0	1	1	0.7300	0.6471
3	338	1	537.1386	12	3	0	1	1	0.7308	0.8745
3	339	1	538.6885	11	8	0	1	1	0.7316	0.6192
3	340	1	540.2384	12	3	0	0	1	0.7294	0.9422
3	341	1	541.7883	10	5	0	1	1	0.7302	0.6394
3	342	1	543.3383	13	12	90	1	1	0.7310	1.1069
3	343	1	544.8882	14	14	90	1	1	0.7318	0.9496
3	344	1	546.4381	2	2	0	1	1	0.7326	0.9496
3	345	1	547.9880	15	13	0	1	1	0.7333	0.8730
3	346	1	549.5379	14	14	0	1	1	0.7341	0.7630
3	347	1	551.0878	13	12	0	1	1	0.7349	0.9093
3	348	1	552.6378	14	14	0	1	1	0.7356	0.5912
3	349	1	554.1877	1	4	90	1	1	0.7364	0.7214
3	350	1	555.7376	14	14	90	1	1	0.7371	1.1395
3	351	1	557.2875	1	4	0	1	1	0.7379	0.9802
3	352	1	558.8374	15	13	0	1	1	0.7386	0.8074
3	353	1	560.3874	2	2	0	1	1	0.7394	0.7777
3	354	1	561.9373	1	4	0	1	1	0.7401	0.6505
3	355	1	563.4872	15	13	0	1	1	0.7408	0.7805
3	356	1	565.0371	14	14	0	1	1	0.7416	0.6707
3	357	1	566.5870	1	4	90	1	1	0.7423	0.7860
3	358	1	568.1369	14	14	90	1	1	0.7430	0.9147
3	359	1	569.6869	15	13	90	0	1	0.7409	0.7261
3	360	1	571.2368	14	14	0	1	1	0.7417	0.7761
3	361	1	572.7867	13	12	90	1	1	0.7424	1.1626
3	362	1	574.3366	14	14	0	1	1	0.7431	0.6350
3	363	1	575.8866	1	4	0	1	1	0.7438	0.6065
3	364	1	577.4365	15	13	0	-1	0	0.7418	-1.0000
3	365	1	579.5030	14	14	0	1	1	0.7425	0.6384
3	366	1	581.0530	13	12	90	1	1	0.7432	0.9925
3	367	1	582.6029	12	3	90	1	1	0.7439	1.0104
3	368	1	584.1528	9	10	0	1	1	0.7446	0.5961
3	369	1	585.7027	12	3	0	0	1	0.7425	1.3983
3	370	1	587.6859	13	12	0	1	1	0.7432	1.0790
3	371	1	589.2359	12	3	0	1	1	0.7439	0.9367
3	372	1	590.7858	13	12	90	0	1	0.7419	0.9379
3	373	1	592.3357	12	3	90	1	1	0.7426	0.8137
3	374	1	593.8856	10	5	0	1	1	0.7433	0.6862
3	375	1	595.4355	11	8	0	1	1	0.7440	0.6562
3	376	1	596.9854	9	10	90	1	1	0.7447	0.9143
3	377	1	598.5354	8	11	0	1	1	0.7454	0.8373
3	378	1	600.0853	7	15	0	1	1	0.7460	0.9675
3	379	1	601.6352	5	6	90	0	1	0.7441	1.2738
3	380	1	603.4684	7	15	0	1	1	0.7447	0.7690
3	381	1	605.0183	5	6	0	0	1	0.7428	0.7219
3	382	1	606.5683	8	11	0	1	1	0.7435	0.5955
3	383	1	608.1182	6	1	0	1	1	0.7441	0.6787
3	384	1	609.6681	5	6	0	0	1	0.7422	1.1447
3	385	1	611.3681	4	7	0	1	1	0.7429	0.6930
3	386	1	612.9179	3	9	0	1	1	0.7435	0.6791
3	387	1	614.4679	1	4	0	1	1	0.7442	0.6331
3	388	1	616.0178	2	2	0	1	1	0.7448	0.6829
3	389	1	617.5677	15	13	0	1	1	0.7455	0.6530
3	390	1	619.1176	3	9	0	1	1	0.7462	0.5754
3	391	1	620.6675	15	13	90	0	1	0.7442	0.7055
3	392	1	622.2175	14	14	0	1	1	0.7449	1.0436
3	393	1	623.7674	1	4	0	1	1	0.7455	0.6299
3	394	1	625.3173	2	2	0	1	1	0.7462	0.5677
3	395	1	626.8672	15	13	0	1	1	0.7468	0.6018
3	396	1	628.4171	2	2	0	1	1	0.7475	0.5226
3	397	1	629.9671	3	9	0	1	1	0.7481	0.5567
3	398	1	631.5170	2	2	90	1	1	0.7487	0.7994
3	399	1	633.0669	14	14	0	1	1	0.7494	0.7539
3	400	1	634.6168	2	2	0	1	1	0.7500	0.5648
3	401	1	636.1667	14	14	0	1	1	0.7506	0.5811
3	402	1	637.7167	15	13	0	1	1	0.7512	0.6471
3	403	1	639.2666	1	4	0	1	1	0.7519	0.5702
3	404	1	640.8165	15	13	0	1	1	0.7525	0.6049
3	405	1	642.3664	3	9	0	1	1	0.7531	0.5586
3	406	1	643.9163	15	13	0	1	1	0.7537	0.6408
3	407	1	645.4663	3	9	0	1	1	0.7543	0.5935
3	408	1	647.0162	2	2	90	0	1	0.7525	0.7236
3	409	1	648.5661	14	14	90	1	1	0.7531	0.8550
3	410	1	650.1160	13	12	90	0	1	0.7512	0.8895
3	411	1	651.6659	10	5	0	1	1	0.7518	0.6672
3	412	1	653.2158	11	8	0	1	1	0.7524	0.5732
3	413	1	654.7657	13	12	0	0	1	0.7506	0.6539
3	414	1	656.3157	11	8	0	1	1	0.7512	0.5772
3	415	1	657.8656	12	3	90	1	1	0.7518	1.2674
3	416	1	659.4155	13	12	0	0	1	0.7500	0.8042
3	417	1	660.9654	14	14	90	1	1	0.7506	0.9201
3	418	1	662.5153	2	2	0	1	1	0.7512	0.6323
3	419	1	664.0653	1	4	0	1	1	0.7518	0.6665
3	420	1	665.6152	14	14	0	1	1	0.7524	0.6046
3	421	1	667.1651	13	12	0	1	1	0.7530	0.9438
3	422	1	668.7150	10	5	0	1	1	0.7536	0.6740
3	423	1	670.2650	11	8	0	1	1	0.7541	0.5951
3	424	1	671.8149	13	12	90	1	1	0.7547	0.8702
3	425	1	673.3648	10	5	0	1	1	0.7553	0.8882
3	426	1	674.9147	12	3	0	1	1	0.7559	1.0022
3	427	1	676.4646	10	5	0	1	1	0.7564	0.6036
3	428	1	678.0145	11	8	0	1	1	0.7570	0.5907
3	429	1	679.5645	13	12	0	1	1	0.7576	0.8805
3	430	1	681.1144	12	3	0	1	1	0.7581	1.1213
3	431	1	682.6643	13	12	0	1	1	0.7587	0.5805
3	432	1	684.2142	11	8	90	1	1	0.7593	0.7913
3	433	1	685.7641	10	5	0	1	1	0.7598	0.6796
3	434	1	687.3140	11	8	0	1	1	0.7604	0.7948
3	435	1	688.8640	10	5	0	1	1	0.7609	0.5891
3	436	1	690.4139	13	12	0	1	1	0.7615	0.6069
3	437	1	691.9638	10	5	0	1	1	0.7620	0.5588
3	438	1	693.5137	13	12	0	1	1	0.7626	0.6099
3	439	1	695.0636	12	3	0	1	1	0.7631	0.7247
3	440	1	696.6136	10	5	0	1	1	0.7636	0.5838
3	441	1	698.1635	13	12	0	1	1	0.7642	0.6815
3	442	1	699.7134	10	5	90	1	1	0.7647	1.0036
3	443	1	701.2633	9	10	0	1	1	0.7652	1.0044
3	444	1	702.8132	12	3	90	0	1	0.7635	0.8956
3	445	1	704.3632	10	5	0	1	1	0.7640	0.6245
3	446	1	705.9131	12	3	90	1	1	0.7646	0.4844
3	447	1	707.4630	10	5	0	1	1	0.7651	0.5659
3	448	1	709.0129	12	3	90	1	1	0.7656	0.8081
3	449	1	710.5628	13	12	90	0	1	0.7639	0.4903
3	450	1	712.1127	11	8	0	1	1	0.7644	0.6846
3	451	1	713.6627	12	3	0	1	1	0.7650	1.2779
3	452	1	715.2126	11	8	0	1	1	0.7655	0.5763
3	453	1	716.7625	12	3	0	1	1	0.7660	0.7546
3	454	1	718.3124	9	10	0	1	1	0.7665	0.6446
3	455	1	719.8623	11	8	90	1	1	0.7670	0.7591
3	456	1	721.4123	9	10	0	1	1	0.7675	0.6168
3	457	1	722.9622	10	5	0	1	1	0.7681	0.5869
3	458	1	724.5121	9	10	0	1	1	0.7686	0.5729
3	459	1	726.0620	10	5	0	1	1	0.7691	0.5737
3	460	1	727.6119	12	3	0	1	1	0.7696	1.2477
3	461	1	729.1618	9	10	0	1	1	0.7701	0.5791
3	462	1	730.7118	8	11	0	1	1	0.7706	0.7895
3	463	1	732.2617	7	15	0	1	1	0.7711	0.8380
3	464	1	733.8116	5	6	0	1	1	0.7716	1.2730
3	465	1	735.3615	7	15	0	1	1	0.7720	0.8422
3	466	1	736.9114	8	11	0	1	1	0.7725	0.6699
3	467	1	738.4614	7	15	0	1	1	0.7730	0.5918
3	468	1	740.0113	5	6	0	1	1	0.7735	0.7205
3	469	1	741.5612	7	15	0	1	1	0.7740	0.5799
3	470	1	743.1111	4	7	0	1	1	0.7745	0.9499
3	471	1	744.6610	3	9	0	1	1	0.7749	0.6638
3	472	1	746.2109	4	7	0	1	1	0.7754	0.6327
3	473	1	747.7609	7	15	0	1	1	0.7759	0.5081
3	474	1	749.3108	8	11	0	1	1	0.7764	0.5889
3	475	1	750.8607	7	15	0	1	1	0.7768	0.5750
3	476	1	752.4106	8	11	0	1	1	0.7773	0.5452
3	477	1	753.9605	7	15	0	1	1	0.7778	0.5805
3	478	1	755.5105	5	6	90	1	1	0.7782	0.9508
3	479	1	757.0604	7	15	0	1	1	0.7787	0.6634
3	480	1	758.6103	8	11	0	1	1	0.7792	0.6024
3	481	1	760.1602	6	1	0	1	1	0.7796	0.6515
3	482	1	761.7101	8	11	0	1	1	0.7801	0.6059
3	483	1	763.2600	5	6	0	1	1	0.7805	0.9122
3	484	1	764.8100	8	11	0	1	1	0.7810	0.6737
3	485	1	766.3599	6	1	0	1	1	0.7814	0.5491
3	486	1	767.9098	7	15	0	1	1	0.7819	0.6938
3	487	1	769.4597	5	6	0	1	1	0.7823	0.8892
3	488	1	771.0096	7	15	0	1	1	0.7828	0.5874
3	489	1	772.5596	6	1	0	1	1	0.7832	0.5735
3	490	1	774.1095	7	15	0	1	1	0.7837	0.5275
3	491	1	775.6594	6	1	0	1	1	0.7841	0.5610
3	492	1	777.2093	4	7	0	1	1	0.7846	0.6760
3	493	1	778.7592	5	6	0	1	1	0.7850	0.8524
3	494	1	780.3092	8	11	0	1	1	0.7854	0.6957
3	495	1	781.8591	6	1	90	1	1	0.7859	0.8577
3	496	1	783.4090	7	15	0	1	1	0.7863	0.6197
3	497	1	784.9589	5	6	0	1	1	0.7867	0.8298
3	498	1	786.5088	6	1	0	1	1	0.7871	0.6722
3	499	1	788.0588	7	15	90	1	1	0.7876	0.7861
3	500	1	789.6087	4	7	0	0	1	0.7860	1.1248
3	501	1	791.2753	3	9	0	1	1	0.7864	0.5284
3	502	1	792.8252	15	13	0	1	1	0.7869	0.9798
3	503	1	794.3751	2	2	0	1	1	0.7873	0.7886
3	504	1	795.9250	15	13	0	1	1	0.7877	0.5996
3	505	1	797.4749	14	14	0	1	1	0.7881	0.7299
3	506	1	799.0249	13	12	90	0	1	0.7866	0.6841
3	507	1	800.5748	10	5	90	1	1	0.7870	0.8782
3	508	1	802.1247	13	12	0	1	1	0.7874	0.9110
3	509	1	803.6746	11	8	0	1	1	0.7878	0.8024
3	510	1	805.2245	12	3	0	1	1	0.7882	0.9797
3	511	1	806.7744	9	10	0	1	1	0.7886	0.6145
3	512	1	808.3244	8	11	0	1	1	0.7891	0.6167
3	513	1	809.8743	9	10	0	1	1	0.7895	0.6826
3	514	1	811.4242	12	3	0	1	1	0.7899	0.8930
3	515	1	812.9741	13	12	0	1	1	0.7903	0.8466
3	516	1	814.5240	10	5	0	1	1	0.7907	0.6397
3	517	1	816.0740	13	12	0	1	1	0.7911	0.6897
3	518	1	817.6239	14	14	0	1	1	0.7915	0.6118
3	519	1	819.1738	13	12	0	1	1	0.7919	0.5658
3	520	1	820.7237	14	14	0	1	1	0.7923	0.4575
3	521	1	822.2736	2	2	0	1	1	0.7927	0.6182
3	522	1	823.8235	14	14	0	1	1	0.7931	0.5093
3	523	1	825.3735	13	12	90	0	1	0.7916	0.5433
3	524	1	826.9234	14	14	0	1	1	0.7920	0.5295
3	525	1	828.4733	13	12	0	1	1	0.7924	0.8024
3	526	1	830.0232	11	8	0	1	1	0.7928	0.6455
3	527	1	831.5731	12	3	0	1	1	0.7932	0.8065
3	528	1	833.1231	11	8	90	1	1	0.7936	0.7939
3	529	1	834.6730	12	3	0	1	1	0.7940	0.7800
3	530	1	836.2229	9	10	0	1	1	0.7943	0.7180
3	531	1	837.7728	11	8	90	1	1	0.7947	0.7680
3	532	1	839.3227	10	5	90	1	1	0.7951	0.8822
3	533	1	840.8726	9	10	0	1	1	0.7955	0.6595
3	534	1	842.4226	11	8	90	1	1	0.7959	0.8691
3	535	1	843.9725	13	12	0	1	1	0.7963	0.9684
3	536	1	845.5224	10	5	0	1	1	0.7966	0.6972
3	537	1	847.0723	11	8	0	1	1	0.7970	0.7487
3	538	1	848.6222	9	10	0	1	1	0.7974	0.6534
3	539	1	850.1722	12	3	0	1	1	0.7978	0.6887
3	540	1	851.7221	10	5	0	1	1	0.7981	0.6096
3	541	1	853.2720	11	8	0	1	1	0.7985	0.5815
3	542	1	854.8219	10	5	90	1	1	0.7989	0.8857
3	543	1	856.3718	11	8	90	1	1	0.7993	0.8238
3	544	1	857.9218	9	10	0	1	1	0.7996	0.7150
3	545	1	859.4718	11	8	90	1	1	0.8000	0.8772
3	546	1	861.0216	10	5	0	1	1	0.8004	0.6874
3	547	1	862.5715	12	3	0	1	1	0.8007	0.5603
3	548	1	864.1214	13	12	90	1	1	0.8011	0.8037
3	549	1	865.6713	12	3	0	1	1	0.8015	0.7737
3	550	1	867.2213	9	10	90	1	1	0.8018	0.9183
3	551	1	868.7712	8	11	0	1	1	0.8022	0.7765
3	552	1	870.3211	6	1	0	1	1	0.8025	0.6998
3	553	1	871.8710	8	11	0	1	1	0.8029	0.6687
3	554	1	873.4209	7	15	0	1	1	0.8032	0.7680
3	555	1	874.9709	8	11	0	1	1	0.8036	0.6094
3	556	1	876.5208	6	1	0	1	1	0.8040	0.6269
3	557	1	878.0707	8	11	0	1	1	0.8043	0.5814
3	558	1	879.6206	7	15	0	1	1	0.8047	0.6471
3	559	1	881.1705	8	11	0	1	1	0.8050	0.5065
3	560	1	882.7205	5	6	0	1	1	0.8054	0.9884
3	561	1	884.2704	8	11	0	1	1	0.8057	1.1021
3	562	1	885.8203	9	10	0	1	1	0.8060	0.6246
3	563	1	887.3702	10	5	90	1	1	0.8064	0.8347
3	564	1	888.9201	11	8	90	1	1	0.8067	0.8047
3	565	1	890.4701	13	12	90	1	1	0.8071	0.9656
3	566	1	892.0200	10	5	0	1	1	0.8074	0.7757
3	567	1	893.5699	11	8	0	1	1	0.8078	0.7778
3	568	1	895.1198	10	5	0	1	1	0.8081	0.6853
3	569	1	896.6697	12	3	90	1	1	0.8084	1.1351
3	570	1	898.2196	13	12	0	1	1	0.8088	0.8480
3	571	1	899.7696	12	3	0	1	1	0.8091	0.7541
3	572	1	901.3195	11	8	0	1	1	0.8094	0.9494
3	573	1	902.8694	9	10	0	1	1	0.8098	0.6623
3	574	1	904.4193	11	8	90	1	1	0.8101	0.7456
3	575	1	905.9692	12	3	90	0	1	0.8087	0.8277
3	576	1	907.5191	13	12	0	0	1	0.8073	0.7337
3	577	1	909.0691	11	8	90	1	1	0.8076	0.7357
3	578	1	910.6190	13	12	90	1	1	0.8080	1.0579
3	579	1	912.1689	10	5	0	1	1	0.8083	0.6588
3	580	1	913.7188	12	3	0	1	1	0.8086	0.7580
3	581	1	915.2687	13	12	0	1	1	0.8090	0.7922
3	582	1	916.8186	11	8	0	1	1	0.8093	0.6023
3	583	1	918.3686	10	5	0	1	1	0.8096	0.6364
3	584	1	919.9185	12	3	90	-1	0	0.8082	-1.0000
3	585	1	921.9517	9	10	0	1	1	0.8085	0.6698
3	586	1	923.5016	12	3	0	1	1	0.8089	0.7981
3	587	1	925.0516	13	12	0	1	1	0.8092	0.6094
3	588	1	926.6015	14	14	0	1	1	0.8095	0.7555
3	589	1	928.1514	1	4	90	1	1	0.8098	0.8216
3	590	1	929.7013	15	13	0	1	1	0.8102	0.8716
3	591	1	931.2512	1	4	0	1	1	0.8105	0.6178
3	592	1	932.8012	14	14	0	1	1	0.8108	0.8105
3	593	1	934.3511	13	12	0	1	1	0.8111	0.8464
3	594	1	935.9010	10	5	0	1	1	0.8114	0.7200
3	595	1	937.4509	13	12	0	1	1	0.8118	0.7367
3	596	1	939.0008	14	14	90	0	1	0.8104	0.6449
3	597	1	940.5507	13	12	90	1	1	0.8107	0.8383
3	598	1	942.1007	10	5	0	1	1	0.8110	0.6630
3	599	1	943.6506	12	3	0	1	1	0.8114	0.8730
3	600	1	945.2005	13	12	0	1	1	0.8117	0.4764
3	601	1	1020.1630	11	8	0	1	1	0.8120	0.9687
3	602	1	1021.7132	10	5	0	1	1	0.8123	0.7145
3	603	1	1023.2631	11	8	0	1	1	0.8126	0.5890
3	604	1	1024.8130	12	3	0	1	1	0.8129	0.8001
3	605	1	1026.3629	11	8	0	1	1	0.8132	0.6089
3	606	1	1027.9128	12	3	0	1	1	0.8135	0.9960
3	607	1	1029.4627	13	12	0	1	1	0.8138	0.4368
3	608	1	1031.0127	12	3	0	1	1	0.8141	0.7110
3	609	1	1032.5626	13	12	90	1	1	0.8144	0.7290
3	610	1	1034.1125	12	3	0	1	1	0.8148	0.7484
3	611	1	1035.6624	13	12	0	1	1	0.8151	0.8625
3	612	1	1037.2123	10	5	0	1	1	0.8154	0.6250
3	613	1	1038.7623	9	10	0	1	1	0.8157	0.7534
3	614	1	1040.3122	10	5	0	1	1	0.8160	0.5955
3	615	1	1041.8621	9	10	0	1	1	0.8163	0.7096
3	616	1	1043.4120	8	11	0	1	1	0.8166	0.7596
3	617	1	1044.9620	9	10	0	1	1	0.8169	0.6336
3	618	1	1046.5118	10	5	0	1	1	0.8172	0.6051
3	619	1	1048.0618	12	3	0	1	1	0.8174	0.6223
3	620	1	1049.6117	11	8	0	1	1	0.8177	0.5931
3	621	1	1051.1616	10	5	0	1	1	0.8180	0.5795
3	622	1	1052.7115	11	8	0	1	1	0.8183	0.5482
3	623	1	1054.2614	13	12	0	1	1	0.8186	0.5981
3	624	1	1055.8114	10	5	0	1	1	0.8189	0.5856
3	625	1	1057.3613	12	3	0	1	1	0.8192	0.6202
3	626	1	1058.9112	11	8	0	1	1	0.8195	0.6205
3	627	1	1060.4611	9	10	0	1	1	0.8198	0.6718
3	628	1	1062.0110	11	8	0	1	1	0.8201	0.6246
3	629	1	1063.5610	10	5	90	1	1	0.8203	0.8358
3	630	1	1065.1109	12	3	0	1	1	0.8206	0.6621
3	631	1	1066.6608	11	8	0	1	1	0.8209	0.9992
3	632	1	1068.2107	12	3	90	1	1	0.8212	0.8901
3	633	1	1069.7606	10	5	90	1	1	0.8215	0.7950
3	634	1	1071.3105	9	10	90	1	1	0.8218	0.8131
3	635	1	1072.8605	10	5	0	1	1	0.8220	0.8152
3	636	1	1074.4104	12	3	0	1	1	0.8223	0.7066
3	637	1	1075.9603	13	12	90	1	1	0.8226	0.7073
3	638	1	1077.5102	14	14	0	1	1	0.8229	0.8387
3	639	1	1079.0601	15	13	0	1	1	0.8232	0.7607
3	640	1	1080.6101	1	4	0	1	1	0.8234	0.7147
3	641	1	1082.1600	3	9	0	1	1	0.8237	0.7316
3	642	1	1083.7099	1	4	90	1	1	0.8240	0.7019
3	643	1	1085.2598	15	13	0	1	1	0.8243	0.9278
3	644	1	1086.8097	2	2	0	1	1	0.8245	0.7229
3	645	1	1088.3597	14	14	0	1	1	0.8248	0.7240
3	646	1	1089.9096	1	4	0	1	1	0.8251	0.6635
3	647	1	1091.4595	15	13	0	1	1	0.8253	0.6499
3	648	1	1093.0094	2	2	0	1	1	0.8256	0.6675
3	649	1	1094.5593	15	13	90	0	1	0.8243	0.5576
3	650	1	1096.1092	14	14	0	1	1	0.8246	0.5915
3	651	1	1097.6592	1	4	0	1	1	0.8249	0.6575
3	652	1	1099.2091	3	9	0	1	1	0.8252	0.5627
3	653	1	1100.7590	2	2	0	1	1	0.8254	0.7099
3	654	1	1102.3089	15	13	0	1	1	0.8257	0.8078
3	655	1	1103.8588	3	9	0	1	1	0.8260	0.6499
3	656	1	1105.4088	4	7	0	1	1	0.8262	0.9401
3	657	1	1106.9587	7	15	0	1	1	0.8265	0.7010
3	658	1	1108.5086	4	7	0	1	1	0.8267	0.6402
3	659	1	1110.0585	6	1	90	1	1	0.8270	0.8990
3	660	1	1111.6084	5	6	0	1	1	0.8273	1.0929
3	661	1	1113.1584	6	1	0	1	1	0.8275	0.9185
3	662	1	1114.7083	5	6	0	1	1	0.8278	0.6967
3	663	1	1116.2582	6	1	0	1	1	0.8281	0.6667
3	664	1	1117.8081	8	11	0	1	1	0.8283	0.7328
3	665	1	1119.3580	6	1	90	0	1	0.8271	0.9908
3	666	1	1120.9080	5	6	0	1	1	0.8273	0.6247
3	667	1	1122.4579	8	11	0	1	1	0.8276	0.5634
3	668	1	1124.0078	7	15	0	1	1	0.8278	0.6278
3	669	1	1125.5577	5	6	0	1	1	0.8281	0.7114
3	670	1	1127.1076	8	11	0	1	1	0.8284	0.6011
3	671	1	1128.6575	9	10	90	1	1	0.8286	0.8101
3	672	1	1130.2075	12	3	0	1	1	0.8289	0.7481
3	673	1	1131.7574	10	5	0	1	1	0.8291	0.6062
3	674	1	1133.3073	9	10	0	1	1	0.8294	0.6243
3	675	1	1134.8572	11	8	0	1	1	0.8296	0.5480
3	676	1	1136.4071	9	10	0	1	1	0.8299	0.6460
3	677	1	1137.9570	12	3	0	1	1	0.8301	0.5998
3	678	1	1139.5070	10	5	0	1	1	0.8304	0.5694
3	679	1	1141.0569	13	12	0	1	1	0.8306	0.6837
3	680	1	1142.6068	14	14	0	1	1	0.8309	0.5728
3	681	1	1144.1567	1	4	90	1	1	0.8311	0.6708
3	682	1	1145.7066	2	2	0	1	1	0.8314	0.5782
3	683	1	1147.2566	1	4	0	1	1	0.8316	0.5810
3	684	1	1148.8065	15	13	90	1	1	0.8319	1.0310
3	685	1	1150.3564	3	9	90	0	1	0.8307	0.7285
3	686	1	1151.9063	15	13	0	0	1	0.8294	1.3853
3	687	1	1153.8896	3	9	90	0	1	0.8282	0.5061
3	688	1	1155.4395	2	2	90	1	1	0.8285	0.9574
3	689	1	1156.9894	1	4	90	1	1	0.8287	0.7023
3	690	1	1158.5393	15	13	0	0	1	0.8275	0.8820
3	691	1	1160.0892	1	4	0	1	1	0.8278	0.5784
3	692	1	1161.6391	2	2	0	1	1	0.8280	0.6445
3	693	1	1163.1891	15	13	0	1	1	0.8283	0.6626
3	694	1	1164.7390	14	14	0	1	1	0.8285	0.6491
3	695	1	1166.2889	13	12	0	1	1	0.8288	0.7486
3	696	1	1167.8388	10	5	0	1	1	0.8290	0.7022
3	697	1	1169.3887	9	10	0	1	1	0.8293	0.6244
3	698	1	1170.9387	8	11	0	1	1	0.8295	0.5940
3	699	1	1172.4886	7	15	0	1	1	0.8298	0.5964
3	700	1	1174.0385	4	7	0	1	1	0.8300	0.8224
3	701	1	1175.5884	7	15	0	1	1	0.8302	0.5672
3	702	1	1177.1383	5	6	90	1	1	0.8305	0.8893
3	703	1	1178.6882	7	15	0	1	1	0.8307	0.6687
3	704	1	1180.2382	8	11	0	1	1	0.8310	0.6232
3	705	1	1181.7881	6	1	90	0	1	0.8298	0.8651
3	706	1	1183.3380	7	15	0	1	1	0.8300	0.5468
3	707	1	1184.8879	6	1	90	0	1	0.8289	0.7250
3	708	1	1186.4378	7	15	0	1	1	0.8291	0.6457
3	709	1	1187.9878	4	7	0	1	1	0.8293	0.7297
3	710	1	1189.5377	6	1	0	0	1	0.8282	0.7299
3	711	1	1191.0876	4	7	0	1	1	0.8284	0.7320
3	712	1	1192.6375	5	6	0	1	1	0.8287	0.8795
3	713	1	1194.1874	4	7	90	0	1	0.8275	0.8975
3	714	1	1195.7374	5	6	0	1	1	0.8277	0.7860
3	715	1	1197.2873	7	15	0	1	1	0.8280	0.6619
3	716	1	1198.8372	5	6	0	1	1	0.8282	0.7757
3	717	1	1200.3871	8	11	0	1	1	0.8285	0.6176
3	718	1	1201.9370	9	10	0	1	1	0.8287	0.6187
3	719	1	1203.4870	10	5	0	1	1	0.8289	0.5579
3	720	1	1205.0369	12	3	0	1	1	0.8292	0.6388
3	721	1	1206.5868	13	12	90	0	1	0.8280	0.6421
3	722	1	1208.1367	10	5	0	1	1	0.8283	0.5629
3	723	1	1209.6866	13	12	0	0	1	0.8271	0.6624
3	724	1	1211.2365	14	14	0	1	1	0.8273	0.6311
3	725	1	1212.7865	13	12	0	1	1	0.8276	0.6504
3	726	1	1214.3364	12	3	0	1	1	0.8278	0.6832
3	727	1	1215.8863	11	8	0	1	1	0.8281	0.6066
3	728	1	1217.4362	13	12	90	1	1	0.8283	0.7691
3	729	1	1218.9862	14	14	0	1	1	0.8285	0.7867
3	730	1	1220.5361	1	4	90	1	1	0.8288	0.7563
3	731	1	1222.0860	15	13	0	1	1	0.8290	0.9670
3	732	1	1223.6359	14	14	0	1	1	0.8292	0.5850
3	733	1	1225.1858	2	2	90	1	1	0.8295	0.8430
3	734	1	1226.7357	15	13	0	1	1	0.8297	1.1649
3	735	1	1228.2857	2	2	90	1	1	0.8299	0.9419
3	736	1	1229.8356	14	14	90	1	1	0.8302	0.9760
3	737	1	1231.3855	13	12	90	1	1	0.8304	0.8034
3	738	1	1232.9354	14	14	0	1	1	0.8306	0.7415
3	739	1	1234.4853	2	2	0	0	1	0.8295	0.8238
3	740	1	1236.0352	14	14	0	1	1	0.8297	0.9203
3	741	1	1237.5852	15	13	0	1	1	0.8300	1.0197
3	742	1	1239.1351	14	14	90	1	1	0.8302	1.1504
3	743	1	1240.6850	13	12	0	0	1	0.8291	0.7521
3	744	1	1242.2349	14	14	0	1	1	0.8293	1.0087
3	745	1	1243.7848	2	2	0	1	1	0.8295	0.8668
3	746	1	1245.3348	3	9	0	1	1	0.8298	0.7569
3	747	1	1246.8847	4	7	90	0	1	0.8286	0.8549
3	748	1	1248.4346	5	6	0	1	1	0.8289	1.0981
3	749	1	1249.9845	4	7	0	1	1	0.8291	0.8605
3	750	1	1251.5344	6	1	0	1	1	0.8293	0.8453
3	751	1	1253.0843	4	7	0	1	1	0.8296	0.7365
3	752	1	1254.6343	5	6	0	1	1	0.8298	0.8187
3	753	1	1256.1842	7	15	0	1	1	0.8300	0.6594
3	754	1	1257.7341	6	1	0	1	1	0.8302	0.8056
3	755	1	1259.2840	8	11	90	0	1	0.8291	0.7436
3	756	1	1260.8339	6	1	0	1	1	0.8294	0.6191
3	757	1	1262.3839	5	6	0	1	1	0.8296	0.7013
3	758	1	1263.9338	6	1	90	1	1	0.8298	1.2152
3	759	1	1265.4837	8	11	90	1	1	0.8300	0.9119
3	760	1	1267.0336	7	15	0	1	1	0.8303	0.6278
3	761	1	1268.5835	5	6	0	1	1	0.8305	0.9322
3	762	1	1270.1335	6	1	90	1	1	0.8307	1.1434
3	763	1	1271.6834	7	15	90	1	1	0.8309	0.8088
3	764	1	1273.2333	4	7	90	1	1	0.8312	0.8597
3	765	1	1274.7832	7	15	0	1	1	0.8314	0.6218
3	766	1	1276.3331	6	1	0	1	1	0.8316	0.7518
3	767	1	1277.8830	4	7	0	1	1	0.8318	0.9927
3	768	1	1279.4330	7	15	0	1	1	0.8320	0.5957
3	769	1	1280.9829	4	7	0	1	1	0.8322	0.5499
3	770	1	1282.5328	5	6	0	1	1	0.8325	0.8550
3	771	1	1284.0827	4	7	0	1	1	0.8327	0.6021
3	772	1	1285.6327	5	6	0	1	1	0.8329	0.6670
3	773	1	1287.1826	8	11	90	1	1	0.8331	1.0224
3	774	1	1288.7325	6	1	0	1	1	0.8333	0.6887
3	775	1	1290.2824	4	7	0	1	1	0.8335	0.6583
3	776	1	1291.8323	3	9	0	1	1	0.8338	0.9472
3	777	1	1293.3822	4	7	0	1	1	0.8340	0.6464
3	778	1	1294.9322	3	9	90	0	1	0.8329	0.5846
3	779	1	1296.4821	15	13	90	1	1	0.8331	0.9710
3	780	1	1298.0320	2	2	0	1	1	0.8333	0.8125
3	781	1	1299.5819	15	13	90	1	1	0.8335	1.2631
3	782	1	1301.1318	14	14	0	-1	0	0.8325	-1.0000
3	783	1	1303.2151	2	2	0	1	1	0.8327	0.9085
3	784	1	1304.7650	14	14	90	1	1	0.8329	0.9119
3	785	1	1306.3149	1	4	0	1	1	0.8331	0.6097
3	786	1	1307.8648	3	9	0	1	1	0.8333	0.5801
3	787	1	1309.4147	1	4	0	1	1	0.8335	0.5503
3	788	1	1310.9647	2	2	0	1	1	0.8338	0.5349
3	789	1	1312.5146	1	4	90	1	1	0.8340	0.6662
3	790	1	1314.0645	14	14	0	1	1	0.8342	0.6043
3	791	1	1315.6144	2	2	90	1	1	0.8344	0.6859
3	792	1	1317.1643	14	14	0	1	1	0.8346	0.6872
3	793	1	1318.7142	15	13	0	1	1	0.8348	0.9788
3	794	1	1320.2642	2	2	0	1	1	0.8350	0.5804
3	795	1	1321.8141	15	13	0	1	1	0.8352	0.9195
3	796	1	1323.3640	2	2	0	1	1	0.8354	0.5363
3	797	1	1324.9139	15	13	0	1	1	0.8356	0.4747
3	798	1	1326.4638	3	9	0	1	1	0.8358	0.7799
3	799	1	1328.0137	1	4	0	1	1	0.8360	0.6232
3	800	1	1329.5637	14	14	0	1	1	0.8363	0.7371
3	801	1	1331.1136	13	12	0	1	1	0.8365	0.8034
3	802	1	1332.6635	12	3	0	1	1	0.8367	0.7080
3	803	1	1334.2134	9	10	0	1	1	0.8369	0.6320
3	804	1	1335.7633	11	8	0	1	1	0.8371	0.5695
3	805	1	1337.3133	9	10	90	1	1	0.8373	0.9075
3	806	1	1338.8632	8	11	0	1	1	0.8375	0.7491
3	807	1	1340.4131	6	1	0	1	1	0.8377	0.7025
3	808	1	1341.9630	7	15	0	1	1	0.8379	0.6245
3	809	1	1343.5129	4	7	0	1	1	0.8381	0.7719
3	810	1	1345.0629	5	6	90	1	1	0.8383	0.9007
3	811	1	1346.6128	7	15	90	1	1	0.8385	0.9365
3	812	1	1348.1627	4	7	0	1	1	0.8387	0.8261
3	813	1	1349.7126	7	15	0	1	1	0.8389	0.7001
3	814	1	1351.2625	4	7	0	1	1	0.8391	0.5891
3	815	1	1352.8125	3	9	0	1	1	0.8393	0.7206
3	816	1	1354.3624	1	4	0	1	1	0.8395	0.6584
3	817	1	1355.9123	15	13	0	1	1	0.8397	0.9803
3	818	1	1357.4622	1	4	0	1	1	0.8399	0.6467
3	819	1	1359.0121	2	2	0	1	1	0.8400	0.5527
3	820	1	1360.5620	15	13	0	1	1	0.8402	0.7615
3	821	1	1362.1120	3	9	0	1	1	0.8404	0.5883
3	822	1	1363.6619	15	13	0	1	1	0.8406	0.7017
3	823	1	1365.2118	2	2	0	1	1	0.8408	0.5758
3	824	1	1366.7617	14	14	90	1	1	0.8410	0.8978
3	825	1	1368.3117	15	13	90	-1	0	0.8400	-1.0000
3	826	1	1370.3782	1	4	0	1	1	0.8402	0.6269
3	827	1	1371.9281	2	2	0	1	1	0.8404	0.5649
3	828	1	1373.4780	1	4	0	1	1	0.8406	0.5496
3	829	1	1375.0280	15	13	0	1	1	0.8408	0.8397
3	830	1	1376.5779	3	9	0	1	1	0.8410	0.6017
3	831	1	1378.1278	15	13	0	1	1	0.8412	0.5890
3	832	1	1379.6777	1	4	0	1	1	0.8413	0.4952
3	833	1	1381.2276	3	9	0	1	1	0.8415	0.5779
3	834	1	1382.7776	1	4	90	1	1	0.8417	0.6434
3	835	1	1384.3275	14	14	0	1	1	0.8419	0.8534
3	836	1	1385.8774	1	4	0	1	1	0.8421	0.5664
3	837	1	1387.4273	14	14	0	1	1	0.8423	0.5363
3	838	1	1388.9772	2	2	0	1	1	0.8425	0.6678
3	839	1	1390.5271	1	4	0	1	1	0.8427	0.5725
3	840	1	1392.0771	2	2	0	1	1	0.8429	0.6077
3	841	1	1393.6270	3	9	0	1	1	0.8430	0.5939
3	842	1	1395.1769	15	13	0	1	1	0.8432	0.8839
3	843	1	1396.7268	1	4	0	1	1	0.8434	0.6141
3	844	1	1398.2768	14	14	0	1	1	0.8436	0.5988
3	845	1	1399.8267	15	13	90	1	1	0.8438	0.9222
3	846	1	1401.3766	14	14	0	0	1	0.8428	0.8750
3	847	1	1402.9265	13	12	0	1	1	0.8430	0.8143
3	848	1	1404.4764	11	8	0	1	1	0.8432	0.7191
3	849	1	1406.0263	13	12	90	1	1	0.8433	0.9146
3	850	1	1407.5762	14	14	0	1	1	0.8435	0.8039
3	851	1	1409.1262	1	4	0	1	1	0.8437	0.5974
3	852	1	1410.6761	3	9	0	1	1	0.8439	0.6808
3	853	1	1412.2260	2	2	0	1	1	0.8441	0.6030
3	854	1	1413.7759	1	4	90	1	1	0.8443	0.7173
3	855	1	1415.3258	14	14	0	1	1	0.8444	0.7512
3	856	1	1416.8758	1	4	0	1	1	0.8446	0.5930
3	857	1	1418.4257	14	14	0	1	1	0.8448	0.5459
3	858	1	1419.9756	2	2	0	1	1	0.8450	0.5640
3	859	1	1421.5255	15	13	90	1	1	0.8452	1.0159
3	860	1	1423.0754	2	2	0	1	1	0.8453	0.6015
3	861	1	1424.6254	1	4	90	1	1	0.8455	0.7782
3	862	1	1426.1753	15	13	0	1	1	0.8457	1.0382
3	863	1	1427.7252	1	4	0	1	1	0.8459	0.6402
3	864	1	1429.2751	3	9	0	1	1	0.8461	0.6576
3	865	1	1430.8250	15	13	0	1	1	0.8462	0.8197
3	866	1	1432.3749	3	9	0	1	1	0.8464	0.6617
3	867	1	1433.9249	4	7	0	1	1	0.8466	0.7279
3	868	1	1435.4748	6	1	0	1	1	0.8468	0.6501
3	869	1	1437.0247	4	7	0	1	1	0.8470	0.6201
3	870	1	1438.5746	5	6	0	1	1	0.8471	0.9583
3	871	1	1440.1245	4	7	0	1	1	0.8473	0.5910
3	872	1	1441.6745	3	9	0	1	1	0.8475	0.6091
3	873	1	1443.2243	1	4	0	1	1	0.8477	0.5324
3	874	1	1444.7743	14	14	0	1	1	0.8478	0.6626
3	875	1	1446.3242	13	12	0	1	1	0.8480	0.7615
3	876	1	1447.8741	10	5	0	1	1	0.8482	0.6654
3	877	1	1449.4241	9	10	0	1	1	0.8483	0.6365
3	878	1	1450.9740	11	8	90	1	1	0.8485	0.7994
3	879	1	1452.5239	12	3	0	1	1	0.8487	0.6877
3	880	1	1454.0738	10	5	0	1	1	0.8489	0.6271
3	881	1	1455.6237	12	3	0	1	1	0.8490	0.6118
3	882	1	1457.1736	13	12	0	1	1	0.8492	0.6150
3	883	1	1458.7236	14	14	90	1	1	0.8494	0.7617
3	884	1	1460.2735	13	12	0	1	1	0.8495	0.6194
3	885	1	1461.8234	11	8	0	1	1	0.8497	0.6374
3	886	1	1463.3733	9	10	0	1	1	0.8499	0.7035
3	887	1	1464.9232	12	3	90	1	1	0.8501	0.8975
3	888	1	1466.4732	9	10	0	1	1	0.8502	0.8041
3	889	1	1468.0231	10	5	90	1	1	0.8504	0.7884
3	890	1	1469.5730	13	12	0	1	1	0.8506	0.7586
3	891	1	1471.1229	14	14	0	1	1	0.8507	0.8104
3	892	1	1472.6728	13	12	0	1	1	0.8509	0.7001
3	893	1	1474.2227	10	5	0	1	1	0.8511	0.6061
3	894	1	1475.7727	13	12	0	1	1	0.8512	0.6881
3	895	1	1477.3226	12	3	0	1	1	0.8514	0.7547
3	896	1	1478.8725	11	8	0	1	1	0.8516	0.7091
3	897	1	1480.4224	12	3	0	1	1	0.8517	0.6468
3	898	1	1481.9723	13	12	0	1	1	0.8519	0.5997
3	899	1	1483.5223	11	8	90	1	1	0.8521	0.7294
3	900	1	1485.0722	10	5	0	1	1	0.8522	0.6673
3	901	1	1486.6221	9	10	0	1	1	0.8524	0.6706
3	902	1	1488.1720	8	11	0	1	1	0.8525	0.7368
3	903	1	1489.7219	6	1	0	1	1	0.8527	0.5458
3	904	1	1491.2719	5	6	90	1	1	0.8529	0.8691
3	905	1	1492.8218	8	11	0	1	1	0.8530	0.7269
3	906	1	1494.3717	5	6	0	1	1	0.8532	0.8092
3	907	1	1495.9216	7	15	90	1	1	0.8534	0.8259
3	908	1	1497.4715	6	1	0	1	1	0.8535	0.6200
3	909	1	1499.0214	4	7	0	1	1	0.8537	0.6074
3	910	1	1500.5714	6	1	90	0	1	0.8527	0.5282
3	911	1	1502.1213	7	15	0	1	1	0.8529	0.6743
3	912	1	1503.6712	5	6	0	1	1	0.8531	0.7565
3	913	1	1505.2211	7	15	0	1	1	0.8532	0.5996
3	914	1	1506.7710	5	6	0	1	1	0.8534	0.6817
3	915	1	1508.3210	7	15	0	1	1	0.8536	0.6185
3	916	1	1509.8709	4	7	90	1	1	0.8537	0.8929
3	917	1	1511.4208	6	1	90	1	1	0.8539	0.8965
3	918	1	1512.9707	4	7	0	1	1	0.8540	0.6088
3	919	1	1514.5206	7	15	90	0	1	0.8531	0.7230
3	920	1	1516.0706	6	1	90	0	1	0.8522	0.9829
3	921	1	1517.6205	8	11	0	1	1	0.8523	0.6632
3	922	1	1519.1704	5	6	0	1	1	0.8525	0.8252
3	923	1	1520.7203	7	15	0	1	1	0.8527	0.6359
3	924	1	1522.2702	4	7	90	1	1	0.8528	0.7506
3	925	1	1523.8201	7	15	0	1	1	0.8530	0.7367
3	926	1	1525.3701	4	7	0	1	1	0.8531	0.7541
3	927	1	1526.9200	5	6	0	1	1	0.8533	0.6916
3	928	1	1528.4699	4	7	0	1	1	0.8534	0.6309
3	929	1	1530.0198	3	9	0	1	1	0.8536	0.6489
3	930	1	1531.5697	1	4	90	1	1	0.8538	0.6992
3	931	1	1533.1196	15	13	0	1	1	0.8539	0.8931
3	932	1	1534.6696	2	2	90	1	1	0.8541	0.7831
3	933	1	1536.2195	15	13	0	1	1	0.8542	0.8322
3	934	1	1537.7694	1	4	0	1	1	0.8544	0.6595
3	935	1	1539.3193	3	9	90	1	1	0.8545	0.8374
3	936	1	1540.8692	4	7	0	1	1	0.8547	0.6317
3	937	1	1542.4192	3	9	90	1	1	0.8549	0.9204
3	938	1	1543.9691	1	4	0	1	1	0.8550	0.5878
3	939	1	1545.5190	14	14	0	1	1	0.8552	0.7977
3	940	1	1547.0689	15	13	0	1	1	0.8553	0.6239
3	941	1	1548.6188	1	4	0	1	1	0.8555	0.5459
3	942	1	1550.1688	14	14	0	1	1	0.8556	0.5629
3	943	1	1551.7187	15	13	0	1	1	0.8558	0.6622
3	944	1	1553.2686	3	9	0	1	1	0.8559	0.7281
3	945	1	1554.8185	2	2	0	1	1	0.8561	0.6021
3	946	1	1556.3684	14	14	0	1	1	0.8562	0.5565
3	947	1	1557.9183	13	12	0	1	1	0.8564	0.6548
3	948	1	1559.4683	11	8	0	1	1	0.8565	0.5926
3	949	1	1561.0182	9	10	0	1	1	0.8567	0.5778
3	950	1	1562.5681	8	11	0	1	1	0.8568	0.6925
3	951	1	1564.1180	6	1	0	1	1	0.8570	0.6455
3	952	1	1565.6679	7	15	0	1	1	0.8571	0.6155
3	953	1	1567.2179	6	1	0	1	1	0.8573	0.6497
3	954	1	1568.7678	4	7	0	1	1	0.8574	0.5717
3	955	1	1570.3177	7	15	0	1	1	0.8576	0.5418
3	956	1	1571.8676	6	1	0	1	1	0.8577	0.5918
3	957	1	1573.4175	7	15	0	1	1	0.8579	0.5460
3	958	1	1574.9675	5	6	0	1	1	0.8580	0.9321
3	959	1	1576.5174	4	7	90	1	1	0.8582	0.8076
3	960	1	1578.0673	6	1	90	1	1	0.8583	0.9363
3	961	1	1579.6172	4	7	0	1	1	0.8585	0.6676
3	962	1	1581.1671	3	9	0	1	1	0.8586	0.6844
3	963	1	1582.7170	4	7	0	1	1	0.8588	0.5916
3	964	1	1584.2670	3	9	0	1	1	0.8589	0.6566
3	965	1	1585.8169	4	7	90	0	1	0.8580	0.6427
3	966	1	1587.3668	6	1	90	1	1	0.8582	1.1100
3	967	1	1588.9167	5	6	0	1	1	0.8583	0.7925
3	968	1	1590.4666	6	1	0	1	1	0.8585	0.6329
3	969	1	1592.0166	7	15	90	1	1	0.8586	0.7962
3	970	1	1593.5665	8	11	90	1	1	0.8588	0.8463
3	971	1	1595.1164	6	1	0	1	1	0.8589	0.6393
3	972	1	1596.6663	4	7	90	1	1	0.8591	0.7052
3	973	1	1598.2162	3	9	90	1	1	0.8592	0.8524
3	974	1	1599.7662	2	2	0	1	1	0.8593	0.7095
3	975	1	1601.3161	3	9	0	1	1	0.8595	0.6648
3	976	1	1602.8660	1	4	0	1	1	0.8596	0.6502
3	977	1	1604.4159	15	13	0	1	1	0.8598	0.8928
3	978	1	1605.9658	3	9	0	1	1	0.8599	0.6391
3	979	1	1607.5158	15	13	0	1	1	0.8601	0.8648
3	980	1	1609.0657	3	9	0	1	1	0.8602	0.6099
3	981	1	1610.6156	4	7	0	1	1	0.8603	0.7252
3	982	1	1612.1655	5	6	0	1	1	0.8605	0.6793
3	983	1	1613.7154	8	11	90	1	1	0.8606	1.1293
3	984	1	1615.2653	6	1	90	1	1	0.8608	0.8278
3	985	1	1616.8153	5	6	0	1	1	0.8609	0.7176
3	986	1	1618.3652	6	1	0	1	1	0.8611	0.6393
3	987	1	1619.9151	7	15	0	1	1	0.8612	0.5938
3	988	1	1621.4650	6	1	90	1	1	0.8613	0.7232
3	989	1	1623.0149	8	11	0	1	1	0.8615	0.6766
3	990	1	1624.5648	7	15	0	1	1	0.8616	0.5346
3	991	1	1626.1148	8	11	0	1	1	0.8618	0.6815
3	992	1	1627.6647	9	10	0	1	1	0.8619	0.5868
3	993	1	1629.2146	12	3	0	1	1	0.8620	0.7331
3	994	1	1630.7645	9	10	0	1	1	0.8622	0.6567
3	995	1	1632.3145	11	8	0	1	1	0.8623	0.6101
3	996	1	1633.8644	13	12	0	1	1	0.8624	0.7887
3	997	1	1635.4143	11	8	0	1	1	0.8626	0.5812
3	998	1	1636.9642	9	10	0	1	1	0.8627	0.5673
3	999	1	1638.5141	10	5	90	1	1	0.8629	0.7307
3	1000	1	1640.0640	11	8	0	1	1	0.8630	0.5889
3	1001	1	1641.6140	9	10	0	1	1	0.8631	0.6216
3	1002	1	1643.1639	10	5	0	1	1	0.8633	0.5756
3	1003	1	1644.7138	13	12	0	1	1	0.8634	0.6432
3	1004	1	1646.2637	10	5	0	1	1	0.8635	0.6293
3	1005	1	1647.8136	12	3	0	1	1	0.8637	0.6459
3	1006	1	1649.3636	9	10	0	1	1	0.8638	0.5679
3	1007	1	1650.9135	11	8	0	1	1	0.8640	0.5234
3	1008	1	1652.4634	12	3	0	1	1	0.8641	0.6062
3	1009	1	1654.0133	13	12	0	1	1	0.8642	0.5262
3	1010	1	1655.5632	14	14	0	1	1	0.8644	0.7695
3	1011	1	1657.1131	2	2	0	1	1	0.8645	0.6757
3	1012	1	1658.6631	3	9	0	1	1	0.8646	0.9176
3	1013	1	1660.2130	1	4	0	1	1	0.8648	0.6479
3	1014	1	1661.7629	15	13	0	1	1	0.8649	0.8104
3	1015	1	1663.3128	14	14	0	1	1	0.8650	0.7162
3	1016	1	1664.8627	15	13	0	1	1	0.8652	0.8129
3	1017	1	1666.4126	14	14	0	1	1	0.8653	0.5289
3	1018	1	1667.9626	1	4	0	1	1	0.8654	0.6102
3	1019	1	1669.5125	14	14	90	1	1	0.8656	0.8671
3	1020	1	1671.0624	2	2	0	1	1	0.8657	0.5651
3	1021	1	1672.6123	14	14	0	1	1	0.8658	0.8562
3	1022	1	1674.1622	15	13	90	1	1	0.8659	1.0505
3	1023	1	1675.7122	14	14	0	1	1	0.8661	0.9885
3	1024	1	1677.2621	13	12	0	1	1	0.8662	0.7334
3	1025	1	1678.8120	11	8	0	1	1	0.8663	0.6407
3	1026	1	1680.3619	10	5	90	1	1	0.8665	0.8017
3	1027	1	1681.9118	11	8	90	1	1	0.8666	0.8357
3	1028	1	1683.4618	9	10	0	1	1	0.8667	0.8390
3	1029	1	1685.0117	8	11	90	1	1	0.8669	1.1131
3	1030	1	1686.5616	6	1	90	1	1	0.8670	0.7473
3	1031	1	1688.1115	8	11	0	1	1	0.8671	0.8602
3	1032	1	1689.6614	9	10	0	1	1	0.8672	0.6220
3	1033	1	1691.2113	8	11	0	1	1	0.8674	0.6734
3	1034	1	1692.7613	9	10	0	1	1	0.8675	0.5623
3	1035	1	1694.3111	11	8	0	1	1	0.8676	0.6124
3	1036	1	1695.8611	10	5	0	1	1	0.8678	0.7104
3	1037	1	1697.4110	13	12	0	1	1	0.8679	0.6973
3	1038	1	1698.9609	11	8	0	1	1	0.8680	0.5865
3	1039	1	1700.5109	9	10	0	1	1	0.8681	0.6058
3	1040	1	1702.0608	10	5	90	1	1	0.8683	0.7347
3	1041	1	1703.6107	12	3	0	1	1	0.8684	0.8509
3	1042	1	1705.1606	13	12	0	1	1	0.8685	0.7870
3	1043	1	1706.7105	12	3	90	1	1	0.8686	0.9170
3	1044	1	1708.2604	10	5	90	1	1	0.8688	0.8551
3	1045	1	1709.8104	12	3	90	1	1	0.8689	1.0023
3	1046	1	1711.3603	9	10	0	1	1	0.8690	0.6672
3	1047	1	1712.9102	12	3	0	1	1	0.8691	0.7973
3	1048	1	1714.4601	10	5	0	1	1	0.8693	0.6569
3	1049	1	1716.0100	13	12	90	1	1	0.8694	0.7534
3	1050	1	1717.5600	14	14	0	1	1	0.8695	0.8207
3	1051	1	1719.1099	2	2	0	1	1	0.8696	0.8218
3	1052	1	1720.6598	1	4	90	1	1	0.8698	0.7609
3	1053	1	1722.2097	14	14	90	1	1	0.8699	0.9389
3	1054	1	1723.7597	13	12	0	1	1	0.8700	0.7491
3	1055	1	1725.3096	10	5	0	1	1	0.8701	0.6379
3	1056	1	1726.8595	12	3	0	1	1	0.8703	0.7213
3	1057	1	1728.4094	11	8	0	1	1	0.8704	0.6753
3	1058	1	1729.9593	9	10	0	1	1	0.8705	0.5964
3	1059	1	1731.5092	10	5	0	1	1	0.8706	0.6143
3	1060	1	1733.0592	13	12	0	1	1	0.8708	0.5698
3	1061	1	1734.6091	14	14	0	1	1	0.8709	0.7957
3	1062	1	1736.1590	2	2	0	1	1	0.8710	0.5732
3	1063	1	1737.7089	15	13	0	1	1	0.8711	0.7986
3	1064	1	1739.2588	1	4	0	1	1	0.8712	0.5926
3	1065	1	1740.8087	3	9	0	1	1	0.8714	0.7229
3	1066	1	1742.3587	4	7	90	1	1	0.8715	0.9808
3	1067	1	1743.9086	5	6	0	1	1	0.8716	1.0001
3	1068	1	1745.4585	4	7	0	1	1	0.8717	0.6331
3	1069	1	1747.0084	3	9	0	1	1	0.8718	0.6204
3	1070	1	1748.5583	1	4	0	1	1	0.8720	0.5909
3	1071	1	1750.1083	3	9	90	0	1	0.8711	0.5432
3	1072	1	1751.6582	1	4	0	1	1	0.8713	0.5785
3	1073	1	1753.2081	2	2	0	1	1	0.8714	0.5954
3	1074	1	1754.7580	1	4	0	1	1	0.8715	0.5335
3	1075	1	1756.3079	3	9	0	1	1	0.8716	0.7608
3	1076	1	1757.8578	15	13	90	1	1	0.8717	0.9553
3	1077	1	1759.4078	3	9	0	1	1	0.8719	0.7497
3	1078	1	1760.9577	4	7	0	1	1	0.8720	0.7507
3	1079	1	1762.5076	5	6	90	1	1	0.8721	0.8013
3	1080	1	1764.0575	7	15	0	1	1	0.8722	0.6419
3	1081	1	1765.6074	5	6	0	1	1	0.8723	0.7721
3	1082	1	1767.1574	7	15	90	1	1	0.8725	0.7429
3	1083	1	1768.7073	4	7	0	1	1	0.8726	0.6976
3	1084	1	1770.2572	3	9	0	1	1	0.8727	0.6036
3	1085	1	1771.8071	15	13	0	1	1	0.8728	0.7964
3	1086	1	1773.3570	14	14	0	1	1	0.8729	0.8318
3	1087	1	1774.9070	2	2	0	1	1	0.8730	0.6902
3	1088	1	1776.4569	14	14	0	1	1	0.8732	0.7404
3	1089	1	1778.0068	13	12	0	1	1	0.8733	0.7247
3	1090	1	1779.5567	14	14	0	1	1	0.8734	0.5363
3	1091	1	1781.1066	15	13	0	1	1	0.8735	0.7781
3	1092	1	1782.6565	3	9	0	1	1	0.8736	0.6518
3	1093	1	1784.2065	1	4	90	1	1	0.8737	0.6690
3	1094	1	1785.7564	15	13	90	1	1	0.8739	1.1688
3	1095	1	1787.3063	2	2	0	1	1	0.8740	0.6743
3	1096	1	1788.8562	14	14	0	1	1	0.8741	0.7251
3	1097	1	1790.4061	2	2	90	1	1	0.8742	0.7733
3	1098	1	1791.9560	14	14	0	1	1	0.8743	0.6650
3	1099	1	1793.5060	13	12	90	0	1	0.8735	0.8432
3	1100	1	1795.0559	11	8	0	1	1	0.8736	0.6529
3	1101	1	1796.6058	12	3	0	1	1	0.8738	1.0217
3	1102	1	1798.1557	9	10	0	1	1	0.8739	0.6398
3	1103	1	1799.7057	11	8	0	1	1	0.8740	0.6275
3	1104	1	1801.2556	10	5	0	1	1	0.8741	0.6920
3	1105	1	1802.8055	13	12	0	1	1	0.8742	0.8239
3	1106	1	1804.3554	12	3	0	1	1	0.8743	0.8561
3	1107	1	1805.9053	11	8	0	1	1	0.8744	0.6022
3	1108	1	1807.4552	12	3	0	1	1	0.8745	0.5736
3	1109	1	1809.0052	9	10	0	1	1	0.8747	0.6080
3	1110	1	1810.5551	11	8	0	1	1	0.8748	0.5614
3	1111	1	1812.1050	13	12	0	1	1	0.8749	0.6265
3	1112	1	1813.6549	14	14	0	1	1	0.8750	0.5486
3	1113	1	1815.2048	15	13	90	1	1	0.8751	1.0787
3	1114	1	1816.7548	2	2	0	1	1	0.8752	0.6663
3	1115	1	1818.3047	14	14	90	1	1	0.8753	1.1161
3	1116	1	1819.8546	2	2	0	1	1	0.8754	0.6223
3	1117	1	1821.4045	14	14	0	1	1	0.8756	0.7839
3	1118	1	1822.9544	2	2	90	1	1	0.8757	0.8666
3	1119	1	1824.5043	14	14	0	1	1	0.8758	0.8511
3	1120	1	1826.0543	1	4	0	1	1	0.8759	0.6296
3	1121	1	1827.6042	14	14	0	1	1	0.8760	0.7119
3	1122	1	1829.1541	13	12	90	1	1	0.8761	0.6985
3	1123	1	1830.7040	12	3	0	1	1	0.8762	0.7165
3	1124	1	1832.2539	10	5	0	1	1	0.8763	0.7669
3	1125	1	1833.8038	11	8	0	1	1	0.8764	0.6077
3	1126	1	1835.3538	13	12	0	1	1	0.8766	0.8031
3	1127	1	1836.9037	12	3	90	1	1	0.8767	0.8038
3	1128	1	1838.4536	9	10	0	1	1	0.8768	0.8073
3	1129	1	1840.0035	8	11	90	1	1	0.8769	1.0973
3	1130	1	1841.5535	6	1	90	1	1	0.8770	0.7473
3	1131	1	1843.1034	8	11	0	1	1	0.8771	0.7001
3	1132	1	1844.6533	6	1	0	1	1	0.8772	0.6062
3	1133	1	1846.2032	4	7	0	1	1	0.8773	0.9283
3	1134	1	1847.7531	5	6	0	1	1	0.8774	0.9155
3	1135	1	1849.3030	4	7	0	1	1	0.8775	0.7086
3	1136	1	1850.8530	7	15	0	1	1	0.8776	0.6467
3	1137	1	1852.4029	6	1	0	1	1	0.8777	0.6014
3	1138	1	1853.9528	4	7	0	1	1	0.8779	0.5405
3	1139	1	1855.5027	7	15	0	1	1	0.8780	0.6048
3	1140	1	1857.0526	8	11	0	1	1	0.8781	0.7352
3	1141	1	1858.6026	9	10	0	1	1	0.8782	0.5782
3	1142	1	1860.1525	11	8	0	1	1	0.8783	0.5950
3	1143	1	1861.7024	12	3	0	1	1	0.8784	0.5335
3	1144	1	1863.2523	13	12	0	1	1	0.8785	0.4883
3	1145	1	1864.8022	14	14	0	1	1	0.8786	0.5533
3	1146	1	1866.3521	1	4	0	1	1	0.8787	0.5567
3	1147	1	1867.9021	15	13	0	1	1	0.8788	0.7494
3	1148	1	1869.4520	2	2	90	1	1	0.8789	0.8155
3	1149	1	1871.0019	1	4	0	1	1	0.8790	0.6748
3	1150	1	1872.5518	14	14	0	1	1	0.8791	0.6449
3	1151	1	1874.1017	13	12	0	1	1	0.8792	0.6471
3	1152	1	1875.6517	11	8	90	1	1	0.8793	0.7454
3	1153	1	1877.2016	12	3	0	1	1	0.8794	0.7151
3	1154	1	1878.7515	10	5	0	1	1	0.8795	0.6211
3	1155	1	1880.3014	11	8	0	1	1	0.8797	0.5591
3	1156	1	1881.8513	9	10	0	1	1	0.8798	0.5930
3	1157	1	1883.4012	11	8	0	1	1	0.8799	0.5784
3	1158	1	1884.9512	12	3	0	1	1	0.8800	0.6444
3	1159	1	1886.5011	9	10	90	1	1	0.8801	0.7596
3	1160	1	1888.0510	8	11	90	1	1	0.8802	0.8898
3	1161	1	1889.6009	9	10	0	1	1	0.8803	0.5706
3	1162	1	1891.1508	8	11	0	1	1	0.8804	0.6698
3	1163	1	1892.7008	7	15	0	1	1	0.8805	0.6560
3	1164	1	1894.2507	8	11	0	1	1	0.8806	0.5929
3	1165	1	1895.8006	6	1	90	1	1	0.8807	0.7549
3	1166	1	1897.3505	4	7	0	1	1	0.8808	0.6942
3	1167	1	1898.9004	7	15	0	1	1	0.8809	0.5831
3	1168	1	1900.4503	8	11	0	1	1	0.8810	0.6023
3	1169	1	1902.0003	7	15	0	1	1	0.8811	0.5725
3	1170	1	1903.5502	4	7	90	1	1	0.8812	0.7344
3	1171	1	1905.1001	6	1	0	1	1	0.8813	0.7514
3	1172	1	1906.6500	4	7	0	1	1	0.8814	0.6267
3	1173	1	1908.2000	6	1	90	1	1	0.8815	0.7235
3	1174	1	1909.7499	7	15	0	1	1	0.8816	0.5990
3	1175	1	1911.2998	8	11	0	1	1	0.8817	0.6010
3	1176	1	1912.8497	7	15	0	1	1	0.8818	0.5550
3	1177	1	1914.3996	5	6	0	1	1	0.8819	0.8615
3	1178	1	1915.9495	6	1	0	1	1	0.8820	0.5747
3	1179	1	1917.4994	4	7	0	1	1	0.8821	0.5932
3	1180	1	1919.0494	5	6	0	1	1	0.8822	0.5943
3	1181	1	1920.5993	8	11	0	1	1	0.8823	0.8042
3	1182	1	1922.1492	5	6	0	1	1	0.8824	0.7759
3	1183	1	1923.6991	4	7	0	1	1	0.8825	0.6483
3	1184	1	1925.2490	6	1	0	1	1	0.8826	0.6363
3	1185	1	1926.7990	5	6	0	1	1	0.8827	0.5418
3	1186	1	1928.3489	6	1	0	1	1	0.8828	0.5599
3	1187	1	1929.8988	5	6	0	1	1	0.8829	0.5287
3	1188	1	1931.4487	8	11	0	1	1	0.8830	0.6281
3	1189	1	1932.9986	9	10	0	1	1	0.8831	0.6460
3	1190	1	1934.5486	10	5	0	1	1	0.8832	0.6482
3	1191	1	1936.0985	13	12	0	1	1	0.8833	0.7143
3	1192	1	1937.6484	14	14	0	1	1	0.8834	0.8277
3	1193	1	1939.1983	1	4	0	1	1	0.8835	0.6065
3	1194	1	1940.7482	3	9	0	1	1	0.8836	0.7044
3	1195	1	1942.2982	15	13	0	1	1	0.8837	0.9626
3	1196	1	1943.8481	14	14	0	1	1	0.8838	0.7887
3	1197	1	1945.3980	13	12	0	1	1	0.8839	0.6149
3	1198	1	1946.9479	14	14	0	1	1	0.8840	0.5689
3	1199	1	1948.4978	2	2	90	1	1	0.8841	0.7617
3	1200	1	1950.0477	15	13	0	1	1	0.8842	0.8136
3	1201	1	1951.5977	3	9	0	1	1	0.8843	0.7831
3	1202	1	1953.1476	4	7	0	1	1	0.8844	0.6256
3	1203	1	1954.6975	3	9	0	1	1	0.8845	0.6420
3	1204	1	1956.2474	2	2	0	0	1	0.8837	0.7732
3	1205	1	1957.7973	3	9	0	1	1	0.8838	0.6781
3	1206	1	1959.3473	2	2	0	1	1	0.8839	0.6493
3	1207	1	1960.8972	3	9	90	1	1	0.8840	0.8756
3	1208	1	1962.4471	2	2	0	1	1	0.8841	0.6697
3	1209	1	1963.9970	3	9	90	1	1	0.8842	1.0884
3	1210	1	1965.5469	2	2	0	1	1	0.8843	0.6418
3	1211	1	1967.0969	14	14	90	1	1	0.8844	0.9800
3	1212	1	1968.6468	1	4	0	1	1	0.8845	0.6463
3	1213	1	1970.1967	15	13	0	1	1	0.8846	0.7109
3	1214	1	1971.7466	3	9	0	1	1	0.8847	0.6181
3	1215	1	1973.2965	4	7	0	1	1	0.8848	0.5399
3	1216	1	1974.8464	5	6	90	1	1	0.8849	0.8612
3	1217	1	1976.3964	4	7	0	1	1	0.8850	0.6089
3	1218	1	1977.9463	6	1	90	1	1	0.8851	0.8811
3	1219	1	1979.4962	8	11	0	1	1	0.8852	0.7408
3	1220	1	1981.0461	6	1	90	1	1	0.8852	0.8533
3	1221	1	1982.5960	4	7	0	1	1	0.8853	0.5849
3	1222	1	1984.1459	7	15	0	1	1	0.8854	0.6027
3	1223	1	1985.6959	4	7	0	1	1	0.8855	0.5716
3	1224	1	1987.2458	3	9	0	1	1	0.8856	0.7187
3	1225	1	1988.7957	2	2	0	1	1	0.8857	0.7677
3	1226	1	1990.3456	14	14	0	1	1	0.8858	0.8659
3	1227	1	1991.8956	15	13	0	1	1	0.8859	0.8375
3	1228	1	1993.4455	1	4	0	1	1	0.8860	0.5660
3	1229	1	1994.9954	15	13	90	1	1	0.8861	0.9534
3	1230	1	1996.5453	14	14	0	1	1	0.8862	0.7470
3	1231	1	1998.0952	2	2	0	1	1	0.8863	0.6843
3	1232	1	1999.6451	15	13	0	1	1	0.8864	0.7515
3	1233	1	2001.1951	1	4	0	1	1	0.8865	0.5936
3	1234	1	2002.7450	15	13	90	1	1	0.8865	0.9464
3	1235	1	2004.2949	2	2	0	1	1	0.8866	0.5646
3	1236	1	2005.8448	3	9	90	1	1	0.8867	0.7599
3	1237	1	2007.3947	2	2	90	1	1	0.8868	0.7941
3	1238	1	2008.9447	14	14	0	1	1	0.8869	0.7956
3	1239	1	2010.4946	13	12	0	1	1	0.8870	0.6696
3	1240	1	2012.0445	10	5	0	1	1	0.8871	0.6390
3	1241	1	2013.5944	12	3	90	1	1	0.8872	0.8508
3	1242	1	2015.1443	13	12	0	1	1	0.8873	0.5791
3	1243	1	2016.6942	10	5	90	1	1	0.8874	0.7572
3	1244	1	2018.2442	11	8	0	1	1	0.8875	0.6803
3	1245	1	2019.7941	9	10	0	1	1	0.8876	0.6989
3	1246	1	2021.3440	10	5	0	1	1	0.8876	0.6355
3	1247	1	2022.8939	13	12	0	1	1	0.8877	0.6056
3	1248	1	2024.4438	14	14	0	1	1	0.8878	0.6556
3	1249	1	2025.9938	2	2	0	1	1	0.8879	0.6430
3	1250	1	2027.5437	3	9	0	1	1	0.8880	0.9650
3	1251	1	2029.0936	4	7	0	1	1	0.8881	0.9031
3	1252	1	2030.6435	6	1	0	1	1	0.8882	0.6319
3	1253	1	2032.1934	7	15	0	1	1	0.8883	0.5861
3	1254	1	2033.7433	4	7	0	1	1	0.8884	0.5561
3	1255	1	2035.2933	5	6	0	1	1	0.8884	0.8314
3	1256	1	2036.8432	4	7	0	1	1	0.8885	0.6735
3	1257	1	2038.3931	7	15	0	1	1	0.8886	0.5475
3	1258	1	2039.9430	4	7	0	1	1	0.8887	0.5656
3	1259	1	2041.4929	7	15	0	1	1	0.8888	0.5998
3	1260	1	2043.0429	4	7	0	1	1	0.8889	0.5864
3	1261	1	2044.5928	3	9	90	1	1	0.8890	0.8762
3	1262	1	2046.1427	15	13	90	1	1	0.8891	0.9425
3	1263	1	2047.6926	14	14	90	1	1	0.8892	0.8483
3	1264	1	2049.2425	13	12	0	1	1	0.8892	0.5942
3	1265	1	2050.7924	11	8	0	1	1	0.8893	0.5965
3	1266	1	2052.3424	12	3	0	1	1	0.8894	0.6785
3	1267	1	2053.8923	13	12	0	1	1	0.8895	0.5365
3	1268	1	2055.4422	14	14	0	1	1	0.8896	0.8586
3	1269	1	2056.9921	1	4	90	1	1	0.8897	0.6523
3	1270	1	2058.5420	3	9	0	1	1	0.8898	0.8472
3	1271	1	2060.0920	4	7	0	1	1	0.8899	0.5915
3	1272	1	2061.6419	5	6	0	1	1	0.8899	0.9149
3	1273	1	2063.1918	8	11	90	1	1	0.8900	0.8691
3	1274	1	2064.7417	9	10	0	1	1	0.8901	0.6146
3	1275	1	2066.2917	11	8	0	1	1	0.8902	0.7278
3	1276	1	2067.8416	12	3	0	1	1	0.8903	0.7140
3	1277	1	2069.3915	13	12	0	1	1	0.8904	0.4932
3	1278	1	2070.9414	12	3	0	1	1	0.8905	0.6078
3	1279	1	2072.4913	10	5	0	1	1	0.8905	0.6241
3	1280	1	2074.0412	9	10	90	1	1	0.8906	0.8996
3	1281	1	2075.5911	11	8	0	1	1	0.8907	0.6298
3	1282	1	2077.1411	12	3	90	1	1	0.8908	0.9519
3	1283	1	2078.6910	13	12	0	1	1	0.8909	0.6005
3	1284	1	2080.2409	12	3	0	1	1	0.8910	0.6836
3	1285	1	2081.7908	11	8	0	1	1	0.8911	0.5900
3	1286	1	2083.3407	13	12	90	1	1	0.8911	0.7997
3	1287	1	2084.8907	11	8	0	1	1	0.8912	0.5778
3	1288	1	2086.4406	10	5	0	1	1	0.8913	0.6126
3	1289	1	2087.9905	13	12	90	1	1	0.8914	0.7089
3	1290	1	2089.5404	14	14	0	1	1	0.8915	0.7758
3	1291	1	2091.0903	2	2	0	1	1	0.8916	0.6980
3	1292	1	2092.6403	15	13	0	1	1	0.8916	1.0352
3	1293	1	2094.1902	14	14	90	1	1	0.8917	0.8293
3	1294	1	2095.7401	15	13	0	1	1	0.8918	0.9281
3	1295	1	2097.2900	3	9	0	1	1	0.8919	0.6907
3	1296	1	2098.8399	2	2	0	1	1	0.8920	0.6275
3	1297	1	2100.3898	1	4	0	1	1	0.8921	0.6616
3	1298	1	2101.9398	15	13	0	1	1	0.8921	0.6969
3	1299	1	2103.4897	1	4	0	1	1	0.8922	0.5537
3	1300	1	2105.0396	14	14	0	1	1	0.8923	0.7650
3	1301	1	2106.5895	1	4	90	1	1	0.8924	0.7339
3	1302	1	2108.1394	15	13	0	1	1	0.8925	0.7533
3	1303	1	2109.6894	2	2	0	1	1	0.8926	0.5634
3	1304	1	2111.2393	15	13	90	1	1	0.8926	1.0122
3	1305	1	2112.7892	1	4	0	1	1	0.8927	0.5502
3	1306	1	2114.3391	14	14	0	1	1	0.8928	0.8580
3	1307	1	2115.8890	2	2	0	1	1	0.8929	0.5720
3	1308	1	2117.4389	3	9	90	1	1	0.8930	0.8299
3	1309	1	2118.9889	15	13	0	1	1	0.8930	0.7196
3	1310	1	2120.5388	14	14	90	0	1	0.8924	0.6086
3	1311	1	2122.0887	2	2	90	1	1	0.8924	0.6908
3	1312	1	2123.6386	15	13	0	1	1	0.8925	0.8209
3	1313	1	2125.1885	3	9	0	1	1	0.8926	0.6641
3	1314	1	2126.7385	4	7	90	1	1	0.8927	0.8749
3	1315	1	2128.2884	7	15	0	1	1	0.8928	0.7645
3	1316	1	2129.8383	5	6	0	1	1	0.8929	0.8944
3	1317	1	2131.3882	4	7	0	1	1	0.8929	0.6244
3	1318	1	2132.9381	6	1	0	1	1	0.8930	0.6253
3	1319	1	2134.4880	5	6	90	1	1	0.8931	0.9967
3	1320	1	2136.0380	8	11	0	1	1	0.8932	0.6948
3	1321	1	2137.5879	9	10	0	1	1	0.8933	0.7755
3	1322	1	2139.1378	11	8	90	1	1	0.8933	0.7630
3	1323	1	2140.6877	9	10	0	1	1	0.8934	0.5410
3	1324	1	2142.2376	11	8	0	1	1	0.8935	0.5742
3	1325	1	2143.7876	9	10	0	1	1	0.8936	0.5452
3	1326	1	2145.3375	12	3	0	1	1	0.8937	0.6592
3	1327	1	2146.8874	13	12	0	1	1	0.8937	0.5640
3	1328	1	2148.4373	11	8	0	1	1	0.8938	0.5514
3	1329	1	2149.9872	10	5	0	1	1	0.8939	0.7932
3	1330	1	2151.5372	13	12	0	1	1	0.8940	0.6516
3	1331	1	2153.0871	12	3	90	1	1	0.8941	0.6536
3	1332	1	2154.6370	10	5	90	1	1	0.8941	0.7837
3	1333	1	2156.1869	12	3	90	1	1	0.8942	0.7539
3	1334	1	2157.7368	11	8	0	1	1	0.8943	0.8667
3	1335	1	2159.2868	10	5	0	1	1	0.8944	0.6451
3	1336	1	2160.8367	13	12	90	1	1	0.8945	0.7440
3	1337	1	2162.3866	12	3	0	1	1	0.8945	0.6819
3	1338	1	2163.9365	10	5	90	1	1	0.8946	1.0202
3	1339	1	2165.4864	12	3	0	1	1	0.8947	0.6228
3	1340	1	2167.0363	10	5	0	0	1	0.8940	0.5113
3	1341	1	2168.5863	13	12	90	1	1	0.8941	0.7376
3	1342	1	2170.1362	11	8	0	1	1	0.8942	0.5953
3	1343	1	2171.6861	10	5	0	1	1	0.8943	0.5821
3	1344	1	2173.2360	12	3	0	1	1	0.8943	0.6806
3	1345	1	2174.7859	13	12	0	1	1	0.8944	0.5535
3	1346	1	2176.3358	12	3	0	1	1	0.8945	0.6210
3	1347	1	2177.8858	13	12	0	1	1	0.8946	0.5268
3	1348	1	2179.4357	11	8	0	1	1	0.8947	0.5605
3	1349	1	2180.9856	9	10	0	1	1	0.8947	0.5790
3	1350	1	2182.5355	12	3	0	1	1	0.8948	0.5498
3	1351	1	2184.0854	13	12	90	1	1	0.8949	0.6460
3	1352	1	2185.6354	10	5	0	1	1	0.8950	0.5841
3	1353	1	2187.1853	12	3	0	1	1	0.8950	0.6835
3	1354	1	2188.7352	10	5	0	1	1	0.8951	0.5883
3	1355	1	2190.2851	11	8	0	1	1	0.8952	0.5583
3	1356	1	2191.8350	13	12	90	1	1	0.8953	0.7546
3	1357	1	2193.3850	10	5	0	1	1	0.8954	0.5945
3	1358	1	2194.9349	12	3	0	1	1	0.8954	0.6305
3	1359	1	2196.4848	11	8	0	1	1	0.8955	0.5681
3	1360	1	2198.0347	10	5	90	1	1	0.8956	0.6968
3	1361	1	2199.5846	12	3	0	1	1	0.8957	0.6508
3	1362	1	2201.1345	11	8	90	1	1	0.8957	0.7009
3	1363	1	2202.6845	13	12	0	1	1	0.8958	0.6726
3	1364	1	2204.2344	11	8	0	1	1	0.8959	0.5611
3	1365	1	2205.7843	10	5	0	1	1	0.8960	0.5324
3	1366	1	2207.3342	12	3	0	1	1	0.8960	0.5825
3	1367	1	2208.8841	11	8	0	1	1	0.8961	0.5845
3	1368	1	2210.4341	10	5	0	1	1	0.8962	0.5546
3	1369	1	2211.9840	11	8	90	1	1	0.8963	0.6369
3	1370	1	2213.5339	9	10	90	0	1	0.8956	0.8775
3	1371	1	2215.0838	11	8	90	1	1	0.8957	0.8178
3	1372	1	2216.6337	12	3	0	1	1	0.8958	0.7229
3	1373	1	2218.1837	13	12	0	1	1	0.8958	0.6454
3	1374	1	2219.7336	10	5	0	1	1	0.8959	0.5671
3	1375	1	2221.2835	12	3	0	1	1	0.8960	0.6012
3	1376	1	2222.8334	9	10	0	1	1	0.8961	0.7152
3	1377	1	2224.3833	8	11	0	1	1	0.8962	0.7011
3	1378	1	2225.9332	9	10	0	1	1	0.8962	0.5592
3	1379	1	2227.4832	12	3	90	1	1	0.8963	0.8815
3	1380	1	2229.0331	11	8	0	1	1	0.8964	1.2343
3	1381	1	2230.5830	10	5	0	1	1	0.8965	0.6456
3	1382	1	2232.1329	11	8	0	1	1	0.8965	0.5359
3	1383	1	2233.6828	9	10	90	1	1	0.8966	0.8887
3	1384	1	2235.2328	12	3	90	1	1	0.8967	0.7959
3	1385	1	2236.7827	11	8	90	1	1	0.8968	0.7499
3	1386	1	2238.3326	9	10	0	1	1	0.8968	0.5922
3	1387	1	2239.8825	11	8	0	1	1	0.8969	0.6099
3	1388	1	2241.4324	12	3	0	1	1	0.8970	0.6440
3	1389	1	2242.9823	13	12	0	1	1	0.8970	0.5491
3	1390	1	2244.5323	11	8	0	1	1	0.8971	0.5360
3	1391	1	2246.0822	12	3	0	1	1	0.8972	0.7293
3	1392	1	2247.6321	13	12	0	1	1	0.8973	0.4923
3	1393	1	2249.1820	10	5	0	1	1	0.8973	0.6387
3	1394	1	2250.7319	9	10	0	1	1	0.8974	0.7034
3	1395	1	2252.2819	12	3	0	1	1	0.8975	0.6255
3	1396	1	2253.8318	10	5	0	1	1	0.8976	0.5813
3	1397	1	2255.3817	13	12	0	1	1	0.8976	0.6137
3	1398	1	2256.9316	10	5	0	1	1	0.8977	0.5370
3	1399	1	2258.4815	12	3	0	1	1	0.8978	0.6018
3	1400	1	2260.0314	13	12	0	1	1	0.8979	0.5566
3	1	2	1.0166	6	1	0	-1	0	NaN	-1.0000
3	2	2	2.5499	4	7	0	-1	1	0.0000	0.7731
3	3	2	4.0831	6	1	0	-1	1	0.0000	0.7434
3	4	2	5.6164	8	11	0	-1	1	0.0000	0.8104
3	5	2	7.1496	6	1	0	-1	1	0.0000	0.6532
3	6	2	8.6829	7	15	0	-1	1	0.0000	0.6875
3	7	2	10.2161	4	7	0	-1	1	0.0000	0.6425
3	8	2	11.7494	5	6	0	-1	1	0.0000	0.9013
3	9	2	13.2826	4	7	0	-1	1	0.0000	0.8717
3	10	2	14.8159	3	9	0	-1	1	0.1111	0.7945
3	11	2	16.3491	4	7	0	-1	1	0.2000	1.0692
3	12	2	17.8824	3	9	0	-1	1	0.2727	0.6080
3	13	2	19.4156	1	4	0	-1	1	0.2500	0.7068
3	14	2	20.9489	15	13	0	-1	1	0.2308	0.7420
3	15	2	22.4822	1	4	0	-1	1	0.2143	0.6804
3	16	2	24.0154	15	13	0	-1	1	0.2000	0.8593
3	17	2	25.5487	14	14	0	-1	1	0.1875	0.9260
3	18	2	27.0819	13	12	0	-1	1	0.2353	0.6399
3	19	2	28.6152	12	3	0	-1	1	0.2222	0.7392
3	20	2	30.1484	11	8	0	-1	1	0.2105	0.6619
3	21	2	31.6817	10	5	0	-1	1	0.2000	0.7287
3	22	2	33.2149	9	10	0	-1	1	0.1905	0.7155
3	23	2	34.7482	8	11	0	-1	1	0.2273	0.7503
3	24	2	36.2814	7	15	0	-1	1	0.2174	0.7368
3	25	2	37.8147	6	1	0	-1	1	0.2083	0.8038
3	26	2	39.3479	5	6	0	-1	1	0.2000	0.8384
3	27	2	40.8812	4	7	0	-1	1	0.1923	1.0336
3	28	2	42.4144	3	9	0	-1	1	0.2222	0.7640
3	29	2	43.9477	2	2	0	-1	1	0.2143	1.2311
3	30	2	45.4809	1	4	0	-1	1	0.2069	0.8494
3	31	2	47.0142	2	2	0	-1	1	0.2000	0.8206
3	32	2	48.5474	3	9	0	-1	1	0.1935	0.6949
3	33	2	50.0807	15	13	0	-1	1	0.1875	0.9055
3	34	2	51.6140	1	4	0	-1	1	0.1818	0.7165
3	35	2	53.1472	3	9	0	-1	1	0.1765	0.7029
3	36	2	54.6805	15	13	0	-1	1	0.1714	0.8980
3	37	2	56.2137	2	2	0	-1	1	0.1667	0.7566
3	38	2	57.7470	15	13	0	-1	1	0.1622	0.9032
3	39	2	59.2802	1	4	0	-1	1	0.1579	0.6821
3	40	2	60.8135	14	14	0	-1	1	0.1538	0.7969
3	41	2	62.3467	15	13	0	-1	1	0.1500	0.7196
3	42	2	63.8800	3	9	0	-1	1	0.1463	1.0103
3	43	2	65.4132	4	7	0	-1	1	0.1667	0.7415
3	44	2	66.9465	6	1	0	-1	1	0.1628	0.8720
3	45	2	68.4797	5	6	0	-1	0	0.1628	-1.0000
3	46	2	70.0130	4	7	0	-1	1	0.1591	0.6371
3	47	2	71.5462	3	9	0	-1	1	0.1778	0.8001
3	48	2	73.0795	2	2	0	-1	0	0.1778	-1.0000
3	49	2	74.6128	1	4	0	-1	1	0.1739	0.7090
3	50	2	76.1460	15	13	0	-1	0	0.1739	-1.0000
3	51	2	77.6793	14	14	0	-1	1	0.1702	0.9390
3	52	2	79.2125	13	12	0	-1	0	0.1702	-1.0000
3	53	2	80.7458	12	3	0	-1	1	0.1667	0.6087
3	54	2	82.2790	11	8	0	-1	0	0.1667	-1.0000
3	55	2	83.8123	10	5	0	-1	1	0.1633	0.6140
3	56	2	85.3455	9	10	0	-1	0	0.1633	-1.0000
3	57	2	86.8788	8	11	0	-1	0	0.1633	-1.0000
3	58	2	88.4120	7	15	0	-1	0	0.1633	-1.0000
3	59	2	89.9453	6	1	0	-1	0	0.1633	-1.0000
3	60	2	91.4785	5	6	0	-1	0	0.1633	-1.0000
3	61	2	93.0118	6	1	0	-1	1	0.1600	0.6944
3	62	2	94.5450	8	11	0	-1	0	0.1600	-1.0000
3	63	2	96.0783	5	6	0	-1	1	0.1569	0.6361
3	64	2	97.6116	8	11	0	-1	0	0.1569	-1.0000
3	65	2	99.1448	9	10	0	-1	0	0.1569	-1.0000
3	66	2	100.6781	8	11	0	-1	1	0.1731	0.7562
3	67	2	102.2113	6	1	0	-1	0	0.1731	-1.0000
3	68	2	103.7446	5	6	0	-1	0	0.1731	-1.0000
3	69	2	105.2778	6	1	0	-1	0	0.1731	-1.0000
3	70	2	106.8111	5	6	0	-1	1	0.1698	0.6551
3	71	2	108.3443	4	7	0	-1	0	0.1698	-1.0000
3	72	2	109.8776	6	1	0	-1	0	0.1698	-1.0000
3	73	2	111.4108	5	6	0	-1	0	0.1698	-1.0000
3	74	2	112.9441	4	7	0	-1	1	0.1667	0.6983
3	75	2	114.4773	7	15	0	-1	0	0.1667	-1.0000
3	76	2	116.0106	6	1	0	-1	1	0.1636	0.8635
3	77	2	117.5438	5	6	0	-1	0	0.1636	-1.0000
3	78	2	119.0771	4	7	0	-1	0	0.1636	-1.0000
3	79	2	120.6104	3	9	0	-1	0	0.1636	-1.0000
3	80	2	122.1436	2	2	0	-1	0	0.1636	-1.0000
3	81	2	123.6769	1	4	0	-1	0	0.1636	-1.0000
3	82	2	125.2101	15	13	0	-1	0	0.1636	-1.0000
3	83	2	126.7434	14	14	0	-1	1	0.1607	0.4993
3	84	2	128.2766	13	12	0	-1	0	0.1607	-1.0000
3	85	2	129.8099	12	3	0	-1	1	0.1579	0.6165
3	86	2	131.3431	11	8	0	-1	0	0.1579	-1.0000
3	87	2	132.8764	10	5	0	-1	1	0.1552	0.6379
3	88	2	134.4096	9	10	0	-1	0	0.1552	-1.0000
3	89	2	135.9429	8	11	0	-1	1	0.1695	0.8995
3	90	2	137.4761	7	15	0	-1	0	0.1695	-1.0000
3	91	2	139.0094	8	11	0	-1	0	0.1695	-1.0000
3	92	2	140.5426	7	15	0	-1	0	0.1695	-1.0000
3	93	2	142.0759	4	7	0	-1	1	0.1667	0.6706
3	94	2	143.6092	3	9	0	-1	0	0.1667	-1.0000
3	95	2	145.1424	4	7	0	-1	0	0.1667	-1.0000
3	96	2	146.6757	5	6	0	-1	0	0.1667	-1.0000
3	97	2	148.2089	8	11	0	-1	0	0.1667	-1.0000
3	98	2	149.7422	7	15	0	-1	0	0.1667	-1.0000
3	99	2	151.2754	5	6	0	-1	0	0.1667	-1.0000
3	100	2	152.8087	4	7	0	-1	0	0.1667	-1.0000
3	101	2	154.3419	6	1	0	-1	1	0.1639	0.6606
3	102	2	155.8752	4	7	0	-1	0	0.1639	-1.0000
3	103	2	157.4085	7	15	0	-1	1	0.1613	0.6342
3	104	2	158.9417	4	7	0	-1	0	0.1613	-1.0000
3	105	2	160.4749	7	15	0	-1	1	0.1587	0.4792
3	106	2	162.0082	6	1	0	-1	0	0.1587	-1.0000
3	107	2	163.5414	5	6	0	-1	0	0.1587	-1.0000
3	108	2	165.0747	4	7	0	-1	0	0.1587	-1.0000
3	109	2	166.6080	3	9	0	-1	0	0.1587	-1.0000
3	110	2	168.1412	2	2	0	-1	0	0.1587	-1.0000
3	111	2	169.6745	1	4	0	-1	0	0.1587	-1.0000
3	112	2	171.2077	15	13	0	-1	0	0.1587	-1.0000
3	113	2	172.7410	14	14	0	-1	0	0.1587	-1.0000
3	114	2	174.2742	13	12	0	-1	0	0.1587	-1.0000
3	115	2	175.8075	12	3	0	-1	1	0.1563	0.6351
3	116	2	177.3407	11	8	0	-1	0	0.1563	-1.0000
3	117	2	178.8740	10	5	0	-1	0	0.1563	-1.0000
3	118	2	180.4072	9	10	0	-1	0	0.1563	-1.0000
3	119	2	181.9405	8	11	0	-1	1	0.1692	0.7099
3	120	2	183.4738	7	15	0	-1	0	0.1692	-1.0000
3	121	2	185.0070	4	7	0	-1	1	0.1667	0.6837
3	122	2	186.5402	3	9	0	-1	0	0.1667	-1.0000
3	123	2	188.0735	15	13	0	-1	1	0.1642	0.9290
3	124	2	189.6068	2	2	0	-1	0	0.1642	-1.0000
3	125	2	191.1400	3	9	0	-1	0	0.1642	-1.0000
3	126	2	192.6732	4	7	0	-1	0	0.1642	-1.0000
3	127	2	194.2065	5	6	0	-1	0	0.1642	-1.0000
3	128	2	195.7398	6	1	0	-1	0	0.1642	-1.0000
3	129	2	197.2730	5	6	0	-1	0	0.1642	-1.0000
3	130	2	198.8063	6	1	0	-1	0	0.1642	-1.0000
3	131	2	200.3395	5	6	0	-1	1	0.1618	0.5832
3	132	2	201.8728	7	15	0	-1	0	0.1618	-1.0000
3	133	2	203.4060	4	7	0	-1	1	0.1594	0.7485
3	134	2	204.9393	5	6	0	-1	0	0.1594	-1.0000
3	135	2	206.4725	8	11	0	-1	0	0.1594	-1.0000
3	136	2	208.0058	7	15	0	-1	0	0.1594	-1.0000
3	137	2	209.5390	6	1	0	-1	1	0.1571	0.5992
3	138	2	211.0723	5	6	0	-1	0	0.1571	-1.0000
3	139	2	212.6055	4	7	0	-1	0	0.1571	-1.0000
3	140	2	214.1388	3	9	0	-1	0	0.1571	-1.0000
3	141	2	215.6720	2	2	0	-1	0	0.1571	-1.0000
3	142	2	217.2053	1	4	0	-1	0	0.1571	-1.0000
3	143	2	218.7385	15	13	0	-1	1	0.1549	0.7434
3	144	2	220.2718	14	14	0	-1	0	0.1549	-1.0000
3	145	2	221.8051	13	12	0	-1	0	0.1549	-1.0000
3	146	2	223.3383	12	3	0	-1	1	0.1528	0.4483
3	147	2	224.8716	11	8	0	-1	0	0.1528	-1.0000
3	148	2	226.4048	10	5	0	-1	0	0.1528	-1.0000
3	149	2	227.9381	9	10	0	-1	1	0.1507	0.7924
3	150	2	229.4713	8	11	0	-1	0	0.1507	-1.0000
3	151	2	231.0046	9	10	0	-1	0	0.1507	-1.0000
3	152	2	232.5378	11	8	0	-1	0	0.1507	-1.0000
3	153	2	234.0711	13	12	0	-1	0	0.1507	-1.0000
3	154	2	235.6043	14	14	0	-1	0	0.1507	-1.0000
3	155	2	237.1376	15	13	0	-1	0	0.1507	-1.0000
3	156	2	238.6709	14	14	0	-1	0	0.1507	-1.0000
3	157	2	240.2041	2	2	0	-1	0	0.1507	-1.0000
3	158	2	241.7374	1	4	0	-1	0	0.1507	-1.0000
3	159	2	243.2706	15	13	0	-1	1	0.1486	0.5638
3	160	2	244.8039	3	9	0	-1	0	0.1486	-1.0000
3	161	2	246.3371	1	4	0	-1	0	0.1486	-1.0000
3	162	2	247.8704	15	13	0	-1	1	0.1467	0.6360
3	163	2	249.4036	3	9	0	-1	0	0.1467	-1.0000
3	164	2	250.9369	4	7	0	-1	0	0.1467	-1.0000
3	165	2	252.4701	5	6	0	-1	0	0.1467	-1.0000
3	166	2	254.0034	6	1	0	-1	0	0.1467	-1.0000
3	167	2	255.5366	7	15	0	-1	0	0.1467	-1.0000
3	168	2	257.0699	8	11	0	-1	0	0.1467	-1.0000
3	169	2	258.6031	9	10	0	-1	0	0.1467	-1.0000
3	170	2	260.1364	10	5	0	-1	0	0.1467	-1.0000
3	171	2	261.6696	11	8	0	-1	0	0.1467	-1.0000
3	172	2	263.2029	12	3	0	-1	0	0.1467	-1.0000
3	173	2	264.7361	13	12	0	-1	1	0.1447	0.5703
3	174	2	266.2694	14	14	0	-1	0	0.1447	-1.0000
3	175	2	267.8027	15	13	0	-1	1	0.1429	0.6238
3	176	2	269.3359	1	4	0	-1	0	0.1429	-1.0000
3	177	2	270.8692	2	2	0	-1	0	0.1429	-1.0000
3	178	2	272.4024	3	9	0	-1	0	0.1429	-1.0000
3	179	2	273.9357	4	7	0	-1	0	0.1429	-1.0000
3	180	2	275.4689	5	6	0	-1	0	0.1429	-1.0000
3	181	2	277.0022	8	11	0	-1	0	0.1429	-1.0000
3	182	2	278.5354	7	15	0	-1	0	0.1429	-1.0000
3	183	2	280.0687	8	11	0	-1	0	0.1429	-1.0000
3	184	2	281.6019	9	10	0	-1	0	0.1429	-1.0000
3	185	2	283.1352	12	3	0	-1	0	0.1429	-1.0000
3	186	2	284.6684	11	8	0	-1	0	0.1429	-1.0000
3	187	2	286.2017	12	3	0	-1	0	0.1429	-1.0000
3	188	2	287.7350	10	5	0	-1	0	0.1429	-1.0000
3	189	2	289.2682	12	3	0	-1	0	0.1429	-1.0000
3	190	2	290.8014	9	10	0	-1	0	0.1429	-1.0000
3	191	2	292.3347	12	3	0	-1	0	0.1429	-1.0000
3	192	2	293.8680	11	8	0	-1	0	0.1429	-1.0000
3	193	2	295.4012	10	5	0	-1	0	0.1429	-1.0000
3	194	2	296.9345	11	8	0	-1	0	0.1429	-1.0000
3	195	2	298.4677	9	10	0	-1	0	0.1429	-1.0000
3	196	2	300.0010	10	5	0	-1	1	0.1410	0.8415
3	197	2	301.5342	11	8	0	-1	0	0.1410	-1.0000
3	198	2	303.0675	12	3	0	-1	0	0.1410	-1.0000
3	199	2	304.6007	13	12	0	-1	1	0.1392	0.5457
3	200	2	306.1340	14	14	0	-1	0	0.1392	-1.0000
3	201	2	307.6672	15	13	0	-1	1	0.1375	1.1112
3	202	2	309.2005	1	4	0	-1	0	0.1375	-1.0000
3	203	2	310.7337	2	2	0	-1	0	0.1375	-1.0000
3	204	2	312.2670	3	9	0	-1	0	0.1375	-1.0000
3	205	2	313.8002	4	7	0	-1	0	0.1375	-1.0000
3	206	2	315.3335	5	6	0	-1	0	0.1375	-1.0000
3	207	2	316.8668	6	1	0	-1	0	0.1375	-1.0000
3	208	2	318.4000	7	15	0	-1	1	0.1358	0.6025
3	209	2	319.9333	8	11	0	-1	0	0.1358	-1.0000
3	210	2	321.4665	9	10	0	-1	0	0.1358	-1.0000
3	211	2	322.9998	11	8	0	-1	0	0.1358	-1.0000
3	212	2	324.5330	12	3	0	-1	0	0.1358	-1.0000
3	213	2	326.0663	13	12	0	-1	1	0.1341	0.5521
3	214	2	327.5995	10	5	0	-1	0	0.1341	-1.0000
3	215	2	329.1328	13	12	0	-1	0	0.1341	-1.0000
3	216	2	330.6660	14	14	0	-1	0	0.1341	-1.0000
3	217	2	332.1993	2	2	0	-1	0	0.1341	-1.0000
3	218	2	333.7325	1	4	0	-1	0	0.1341	-1.0000
3	219	2	335.2658	14	14	0	-1	0	0.1341	-1.0000
3	220	2	336.7990	13	12	0	-1	0	0.1341	-1.0000
3	221	2	338.3323	12	3	0	-1	1	0.1325	0.6221
3	222	2	339.8656	9	10	0	-1	0	0.1325	-1.0000
3	223	2	341.3988	8	11	0	-1	0	0.1325	-1.0000
3	224	2	342.9321	7	15	0	-1	0	0.1325	-1.0000
3	225	2	344.4653	4	7	0	-1	1	0.1310	0.8250
3	226	2	345.9986	5	6	0	-1	0	0.1310	-1.0000
3	227	2	347.5318	6	1	0	-1	0	0.1310	-1.0000
3	228	2	349.0651	7	15	0	-1	1	0.1294	0.5450
3	229	2	350.5983	8	11	0	-1	0	0.1294	-1.0000
3	230	2	352.1316	9	10	0	-1	0	0.1294	-1.0000
3	231	2	353.6648	10	5	0	-1	1	0.1279	0.8576
3	232	2	355.1981	11	8	0	-1	0	0.1279	-1.0000
3	233	2	356.7313	12	3	0	-1	0	0.1279	-1.0000
3	234	2	358.2646	13	12	0	-1	1	0.1264	0.4499
3	235	2	359.7978	14	14	0	-1	0	0.1264	-1.0000
3	236	2	361.3311	15	13	0	-1	0	0.1264	-1.0000
3	237	2	362.8643	1	4	0	-1	0	0.1264	-1.0000
3	238	2	364.3976	2	2	0	-1	0	0.1264	-1.0000
3	239	2	365.9309	3	9	0	-1	0	0.1264	-1.0000
3	240	2	367.4641	4	7	0	-1	0	0.1264	-1.0000
3	241	2	368.9974	5	6	0	-1	0	0.1264	-1.0000
3	242	2	370.5306	7	15	0	-1	0	0.1264	-1.0000
3	243	2	372.0639	6	1	0	-1	1	0.1250	0.6177
3	244	2	373.5971	7	15	0	-1	0	0.1250	-1.0000
3	245	2	375.1304	4	7	0	-1	1	0.1236	0.5437
3	246	2	376.6636	3	9	0	-1	0	0.1236	-1.0000
3	247	2	378.1969	1	4	0	-1	0	0.1236	-1.0000
3	248	2	379.7301	3	9	0	-1	0	0.1236	-1.0000
3	249	2	381.2634	2	2	0	-1	0	0.1236	-1.0000
3	250	2	382.7966	1	4	0	-1	0	0.1236	-1.0000
3	251	2	384.3299	15	13	0	-1	0	0.1236	-1.0000
3	252	2	385.8631	14	14	0	-1	1	0.1222	0.8994
3	253	2	387.3964	13	12	0	-1	0	0.1222	-1.0000
3	254	2	388.9297	14	14	0	-1	0	0.1222	-1.0000
3	255	2	390.4629	15	13	0	-1	0	0.1222	-1.0000
3	256	2	391.9962	1	4	0	-1	0	0.1222	-1.0000
3	257	2	393.5294	2	2	0	-1	0	0.1222	-1.0000
3	258	2	395.0627	3	9	0	-1	0	0.1222	-1.0000
3	259	2	396.5959	4	7	0	-1	0	0.1222	-1.0000
3	260	2	398.1292	5	6	0	-1	0	0.1222	-1.0000
3	261	2	399.6624	6	1	0	-1	0	0.1222	-1.0000
3	262	2	401.1957	7	15	0	-1	1	0.1209	0.6066
3	263	2	402.7289	8	11	0	-1	0	0.1209	-1.0000
3	264	2	404.2622	9	10	0	-1	0	0.1209	-1.0000
3	265	2	405.7954	10	5	0	-1	0	0.1209	-1.0000
3	266	2	407.3287	11	8	0	-1	0	0.1209	-1.0000
3	267	2	408.8619	12	3	0	-1	0	0.1209	-1.0000
3	268	2	410.3952	13	12	0	-1	1	0.1196	0.4951
3	269	2	411.9284	14	14	0	-1	0	0.1196	-1.0000
3	270	2	413.4617	15	13	0	-1	0	0.1196	-1.0000
3	271	2	414.9949	3	9	0	-1	0	0.1196	-1.0000
3	272	2	416.5282	4	7	0	-1	0	0.1196	-1.0000
3	273	2	418.0615	7	15	0	-1	1	0.1183	0.5892
3	274	2	419.5947	8	11	0	-1	0	0.1183	-1.0000
3	275	2	421.1280	5	6	0	-1	0	0.1183	-1.0000
3	276	2	422.6612	4	7	0	-1	0	0.1183	-1.0000
3	277	2	424.1945	7	15	0	-1	1	0.1170	0.6159
3	278	2	425.7277	4	7	0	-1	1	0.1158	1.0030
3	279	2	427.2610	3	9	0	-1	0	0.1158	-1.0000
3	280	2	428.7942	2	2	0	-1	0	0.1158	-1.0000
3	281	2	430.3275	15	13	0	-1	0	0.1158	-1.0000
3	282	2	431.8607	2	2	0	-1	0	0.1158	-1.0000
3	283	2	433.3940	1	4	0	-1	0	0.1158	-1.0000
3	284	2	434.9272	15	13	0	-1	0	0.1158	-1.0000
3	285	2	436.4605	1	4	0	-1	1	0.1146	0.8299
3	286	2	437.9937	15	13	0	-1	0	0.1146	-1.0000
3	287	2	439.5270	14	14	0	-1	0	0.1146	-1.0000
3	288	2	441.0602	13	12	0	-1	0	0.1146	-1.0000
3	289	2	442.5935	12	3	0	-1	1	0.1134	0.5689
3	290	2	444.1268	11	8	0	-1	0	0.1134	-1.0000
3	291	2	445.6600	10	5	0	-1	0	0.1134	-1.0000
3	292	2	447.1933	9	10	0	-1	1	0.1122	0.6415
3	293	2	448.7265	8	11	0	-1	0	0.1122	-1.0000
3	294	2	450.2598	7	15	0	-1	0	0.1122	-1.0000
3	295	2	451.7930	6	1	0	-1	1	0.1111	0.6497
3	296	2	453.3263	5	6	0	-1	0	0.1111	-1.0000
3	297	2	454.8595	4	7	0	-1	0	0.1111	-1.0000
3	298	2	456.3928	3	9	0	-1	0	0.1111	-1.0000
3	299	2	457.9260	2	2	0	-1	0	0.1111	-1.0000
3	300	2	459.4593	1	4	0	-1	0	0.1111	-1.0000
3	301	2	460.9925	3	9	0	-1	0	0.1111	-1.0000
3	302	2	462.5258	2	2	0	-1	0	0.1111	-1.0000
3	303	2	464.0590	14	14	0	-1	0	0.1111	-1.0000
3	304	2	465.5923	2	2	0	-1	0	0.1111	-1.0000
3	305	2	467.1256	1	4	0	-1	0	0.1111	-1.0000
3	306	2	468.6588	14	14	0	-1	0	0.1111	-1.0000
3	307	2	470.1921	13	12	0	-1	0	0.1111	-1.0000
3	308	2	471.7253	10	5	0	-1	0	0.1111	-1.0000
3	309	2	473.2585	9	10	0	-1	0	0.1111	-1.0000
3	310	2	474.7918	10	5	0	-1	1	0.1100	0.6905
3	311	2	476.3251	13	12	0	-1	0	0.1100	-1.0000
3	312	2	477.8583	11	8	0	-1	0	0.1100	-1.0000
3	313	2	479.3916	9	10	0	-1	0	0.1100	-1.0000
3	314	2	480.9248	8	11	0	-1	0	0.1100	-1.0000
3	315	2	482.4581	6	1	0	-1	0	0.1100	-1.0000
3	316	2	483.9913	7	15	0	-1	1	0.1089	0.7066
3	317	2	485.5246	8	11	0	-1	0	0.1089	-1.0000
3	318	2	487.0578	9	10	0	-1	0	0.1089	-1.0000
3	319	2	488.5911	10	5	0	-1	1	0.1078	0.5714
3	320	2	490.1243	11	8	0	-1	0	0.1078	-1.0000
3	321	2	491.6576	12	3	0	-1	0	0.1078	-1.0000
3	322	2	493.1909	13	12	0	-1	1	0.1068	0.4995
3	323	2	494.7241	14	14	0	-1	0	0.1068	-1.0000
3	324	2	496.2574	15	13	0	-1	0	0.1068	-1.0000
3	325	2	497.7906	1	4	0	-1	0	0.1068	-1.0000
3	326	2	499.3239	2	2	0	-1	0	0.1068	-1.0000
3	327	2	500.8571	3	9	0	-1	0	0.1068	-1.0000
3	328	2	502.3904	4	7	0	-1	0	0.1068	-1.0000
3	329	2	503.9236	5	6	0	-1	0	0.1068	-1.0000
3	330	2	505.4569	6	1	0	-1	0	0.1068	-1.0000
3	331	2	506.9901	7	15	0	-1	1	0.1058	0.5402
3	332	2	508.5234	6	1	0	-1	0	0.1058	-1.0000
3	333	2	510.0566	7	15	0	-1	1	0.1048	0.5303
3	334	2	511.5899	6	1	0	-1	0	0.1048	-1.0000
3	335	2	513.1231	7	15	0	-1	1	0.1038	0.4389
3	336	2	514.6564	5	6	0	-1	0	0.1038	-1.0000
3	337	2	516.1896	4	7	0	-1	0	0.1038	-1.0000
3	338	2	517.7229	7	15	0	-1	1	0.1028	0.5113
3	339	2	519.2562	8	11	0	-1	0	0.1028	-1.0000
3	340	2	520.7894	5	6	0	-1	0	0.1028	-1.0000
3	341	2	522.3227	7	15	0	-1	0	0.1028	-1.0000
3	342	2	523.8559	5	6	0	-1	0	0.1028	-1.0000
3	343	2	525.3892	4	7	0	-1	0	0.1028	-1.0000
3	344	2	526.9224	7	15	0	-1	1	0.1019	0.5440
3	345	2	528.4557	8	11	0	-1	0	0.1019	-1.0000
3	346	2	529.9889	9	10	0	-1	0	0.1019	-1.0000
3	347	2	531.5222	10	5	0	-1	1	0.1009	0.6483
3	348	2	533.0554	11	8	0	-1	0	0.1009	-1.0000
3	349	2	534.5887	12	3	0	-1	0	0.1009	-1.0000
3	350	2	536.1219	13	12	0	-1	1	0.1000	0.4483
3	351	2	537.6552	14	14	0	-1	0	0.1000	-1.0000
3	352	2	539.1884	15	13	0	-1	0	0.1000	-1.0000
3	353	2	540.7217	1	4	0	-1	0	0.1000	-1.0000
3	354	2	542.2550	2	2	0	-1	0	0.1000	-1.0000
3	355	2	543.7882	3	9	0	-1	0	0.1000	-1.0000
3	356	2	545.3214	4	7	0	-1	0	0.1000	-1.0000
3	357	2	546.8547	5	6	0	-1	0	0.1000	-1.0000
3	358	2	548.3879	6	1	0	-1	0	0.1000	-1.0000
3	359	2	549.9212	7	15	0	-1	1	0.0991	0.5689
3	360	2	551.4545	8	11	0	-1	0	0.0991	-1.0000
3	361	2	552.9877	9	10	0	-1	0	0.0991	-1.0000
3	362	2	554.5210	8	11	0	-1	0	0.0991	-1.0000
3	363	2	556.0542	9	10	0	-1	0	0.0991	-1.0000
3	364	2	557.5875	8	11	0	-1	0	0.0991	-1.0000
3	365	2	559.1207	5	6	0	-1	0	0.0991	-1.0000
3	366	2	560.6540	7	15	0	-1	0	0.0991	-1.0000
3	367	2	562.1872	6	1	0	-1	1	0.0982	0.5271
3	368	2	563.7205	7	15	0	-1	0	0.0982	-1.0000
3	369	2	565.2537	8	11	0	-1	0	0.0982	-1.0000
3	370	2	566.7870	7	15	0	-1	0	0.0982	-1.0000
3	371	2	568.3202	8	11	0	-1	0	0.0982	-1.0000
3	372	2	569.8535	9	10	0	-1	0	0.0982	-1.0000
3	373	2	571.3868	12	3	0	-1	0	0.0982	-1.0000
3	374	2	572.9200	10	5	0	-1	0	0.0982	-1.0000
3	375	2	574.4533	9	10	0	-1	1	0.0973	0.7562
3	376	2	575.9865	10	5	0	-1	0	0.0973	-1.0000
3	377	2	577.5198	11	8	0	-1	0	0.0973	-1.0000
3	378	2	579.0530	12	3	0	-1	0	0.0973	-1.0000
3	379	2	580.5863	13	12	0	-1	1	0.0965	0.5920
3	380	2	582.1195	14	14	0	-1	0	0.0965	-1.0000
3	381	2	583.6528	15	13	0	-1	0	0.0965	-1.0000
3	382	2	585.1860	1	4	0	-1	0	0.0965	-1.0000
3	383	2	586.7193	2	2	0	-1	0	0.0965	-1.0000
3	384	2	588.2525	3	9	0	-1	0	0.0965	-1.0000
3	385	2	589.7858	4	7	0	-1	0	0.0965	-1.0000
3	386	2	591.3190	5	6	0	-1	0	0.0965	-1.0000
3	387	2	592.8523	6	1	0	-1	0	0.0965	-1.0000
3	388	2	594.3855	7	15	0	-1	1	0.0957	0.6652
3	389	2	595.9188	8	11	0	-1	0	0.0957	-1.0000
3	390	2	597.4521	9	10	0	-1	0	0.0957	-1.0000
3	391	2	598.9853	8	11	0	-1	0	0.0957	-1.0000
3	392	2	600.5186	5	6	0	-1	0	0.0957	-1.0000
3	393	2	602.0518	7	15	0	-1	0	0.0957	-1.0000
3	394	2	603.5851	4	7	0	-1	1	0.0948	0.6971
3	395	2	605.1183	7	15	0	-1	0	0.0948	-1.0000
3	396	2	606.6516	8	11	0	-1	0	0.0948	-1.0000
3	397	2	608.1848	7	15	0	-1	0	0.0948	-1.0000
3	398	2	609.7181	5	6	0	-1	0	0.0948	-1.0000
3	399	2	611.2513	7	15	0	-1	0	0.0948	-1.0000
3	400	2	612.7846	4	7	0	-1	1	0.0940	0.7290
3	401	2	614.3178	5	6	0	-1	0	0.0940	-1.0000
3	402	2	615.8511	8	11	0	-1	0	0.0940	-1.0000
3	403	2	617.3843	6	1	0	-1	0	0.0940	-1.0000
3	404	2	618.9176	7	15	0	-1	1	0.0932	0.5016
3	405	2	620.4508	8	11	0	-1	0	0.0932	-1.0000
3	406	2	621.9841	9	10	0	-1	0	0.0932	-1.0000
3	407	2	623.5174	10	5	0	-1	1	0.0924	0.6369
3	408	2	625.0506	11	8	0	-1	0	0.0924	-1.0000
3	409	2	626.5839	12	3	0	-1	0	0.0924	-1.0000
3	410	2	628.1171	13	12	0	-1	1	0.0917	0.4695
3	411	2	629.6504	14	14	0	-1	0	0.0917	-1.0000
3	412	2	631.1836	15	13	0	-1	0	0.0917	-1.0000
3	413	2	632.7169	1	4	0	-1	0	0.0917	-1.0000
3	414	2	634.2501	2	2	0	-1	0	0.0917	-1.0000
3	415	2	635.7834	3	9	0	-1	0	0.0917	-1.0000
3	416	2	637.3166	4	7	0	-1	0	0.0917	-1.0000
3	417	2	638.8499	5	6	0	-1	0	0.0917	-1.0000
3	418	2	640.3831	6	1	0	-1	0	0.0917	-1.0000
3	419	2	641.9164	7	15	0	-1	1	0.0909	0.6220
3	420	2	643.4496	8	11	0	-1	0	0.0909	-1.0000
3	421	2	644.9829	5	6	0	-1	0	0.0909	-1.0000
3	422	2	646.5162	8	11	0	-1	0	0.0909	-1.0000
3	423	2	648.0494	6	1	0	-1	0	0.0909	-1.0000
3	424	2	649.5827	4	7	0	-1	1	0.0902	0.6194
3	425	2	651.1159	6	1	0	-1	0	0.0902	-1.0000
3	426	2	652.6492	7	15	0	-1	1	0.0894	0.5609
3	427	2	654.1824	4	7	0	-1	0	0.0894	-1.0000
3	428	2	655.7157	6	1	0	-1	1	0.0887	0.5350
3	429	2	657.2489	8	11	0	-1	0	0.0887	-1.0000
3	430	2	658.7822	9	10	0	-1	0	0.0887	-1.0000
3	431	2	660.3154	8	11	0	-1	0	0.0887	-1.0000
3	432	2	661.8487	6	1	0	-1	0	0.0887	-1.0000
3	433	2	663.3819	5	6	0	-1	0	0.0887	-1.0000
3	434	2	664.9152	7	15	0	-1	0	0.0887	-1.0000
3	435	2	666.4484	6	1	0	-1	1	0.0880	0.5700
3	436	2	667.9817	7	15	0	-1	0	0.0880	-1.0000
3	437	2	669.5149	8	11	0	-1	0	0.0880	-1.0000
3	438	2	671.0482	9	10	0	-1	0	0.0880	-1.0000
3	439	2	672.5815	10	5	0	-1	1	0.0873	0.6609
3	440	2	674.1147	11	8	0	-1	0	0.0873	-1.0000
3	441	2	675.6480	12	3	0	-1	0	0.0873	-1.0000
3	442	2	677.1812	13	12	0	-1	1	0.0866	0.5727
3	443	2	678.7145	14	14	0	-1	0	0.0866	-1.0000
3	444	2	680.2477	15	13	0	-1	0	0.0866	-1.0000
3	445	2	681.7810	1	4	0	-1	0	0.0866	-1.0000
3	446	2	683.3142	2	2	0	-1	0	0.0866	-1.0000
3	447	2	684.8475	3	9	0	-1	0	0.0866	-1.0000
3	448	2	686.3807	4	7	0	-1	0	0.0866	-1.0000
3	449	2	687.9140	5	6	0	-1	0	0.0866	-1.0000
3	450	2	689.4472	6	1	0	-1	0	0.0866	-1.0000
3	451	2	690.9805	7	15	0	-1	1	0.0859	0.5339
3	452	2	692.5137	8	11	0	-1	0	0.0859	-1.0000
3	453	2	694.0470	7	15	0	-1	0	0.0859	-1.0000
3	454	2	695.5802	4	7	0	-1	1	0.0853	0.6546
3	455	2	697.1135	3	9	0	-1	0	0.0853	-1.0000
3	456	2	698.6467	1	4	0	-1	0	0.0853	-1.0000
3	457	2	700.1800	2	2	0	-1	0	0.0853	-1.0000
3	458	2	701.7133	14	14	0	-1	0	0.0853	-1.0000
3	459	2	703.2465	2	2	0	-1	0	0.0853	-1.0000
3	460	2	704.7798	3	9	0	-1	0	0.0853	-1.0000
3	461	2	706.3130	4	7	0	-1	0	0.0853	-1.0000
3	462	2	707.8463	7	15	0	-1	1	0.0846	0.7565
3	463	2	709.3795	4	7	0	-1	0	0.0846	-1.0000
3	464	2	710.9128	7	15	0	-1	1	0.0840	0.5858
3	465	2	712.4460	4	7	0	-1	0	0.0840	-1.0000
3	466	2	713.9793	3	9	0	-1	0	0.0840	-1.0000
3	467	2	715.5125	2	2	0	-1	0	0.0840	-1.0000
3	468	2	717.0458	1	4	0	-1	0	0.0840	-1.0000
3	469	2	718.5790	15	13	0	-1	0	0.0840	-1.0000
3	470	2	720.1123	14	14	0	-1	0	0.0840	-1.0000
3	471	2	721.6455	13	12	0	-1	0	0.0840	-1.0000
3	472	2	723.1788	12	3	0	-1	1	0.0833	0.4802
3	473	2	724.7120	11	8	0	-1	0	0.0833	-1.0000
3	474	2	726.2453	10	5	0	-1	0	0.0833	-1.0000
3	475	2	727.7785	9	10	0	-1	1	0.0827	0.5838
3	476	2	729.3118	8	11	0	-1	0	0.0827	-1.0000
3	477	2	730.8451	7	15	0	-1	0	0.0827	-1.0000
3	478	2	732.3783	6	1	0	-1	1	0.0821	0.7044
3	479	2	733.9116	5	6	0	-1	0	0.0821	-1.0000
3	480	2	735.4448	4	7	0	-1	0	0.0821	-1.0000
3	481	2	736.9781	3	9	0	-1	0	0.0821	-1.0000
3	482	2	738.5113	4	7	0	-1	0	0.0821	-1.0000
3	483	2	740.0446	5	6	0	-1	0	0.0821	-1.0000
3	484	2	741.5778	7	15	0	-1	0	0.0821	-1.0000
3	485	2	743.1111	6	1	0	-1	1	0.0815	0.6592
3	486	2	744.6443	4	7	0	-1	0	0.0815	-1.0000
3	487	2	746.1776	7	15	0	-1	1	0.0809	0.5687
3	488	2	747.7109	5	6	0	-1	0	0.0809	-1.0000
3	489	2	749.2441	7	15	0	-1	0	0.0809	-1.0000
3	490	2	750.7773	5	6	0	-1	0	0.0809	-1.0000
3	491	2	752.3106	8	11	0	-1	0	0.0809	-1.0000
3	492	2	753.8439	5	6	0	-1	0	0.0809	-1.0000
3	493	2	755.3771	6	1	0	-1	0	0.0809	-1.0000
3	494	2	756.9104	4	7	0	-1	1	0.0803	0.6520
3	495	2	758.4436	6	1	0	-1	0	0.0803	-1.0000
3	496	2	759.9769	7	15	0	-1	1	0.0797	0.7047
3	497	2	761.5101	8	11	0	-1	0	0.0797	-1.0000
3	498	2	763.0434	9	10	0	-1	0	0.0797	-1.0000
3	499	2	764.5766	10	5	0	-1	1	0.0791	0.4895
3	500	2	766.1099	11	8	0	-1	0	0.0791	-1.0000
3	501	2	767.6431	12	3	0	-1	0	0.0791	-1.0000
3	502	2	769.1764	13	12	0	-1	1	0.0786	0.4499
3	503	2	770.7096	14	14	0	-1	0	0.0786	-1.0000
3	504	2	772.2429	15	13	0	-1	0	0.0786	-1.0000
3	505	2	773.7762	1	4	0	-1	0	0.0786	-1.0000
3	506	2	775.3094	2	2	0	-1	0	0.0786	-1.0000
3	507	2	776.8427	3	9	0	-1	0	0.0786	-1.0000
3	508	2	778.3759	4	7	0	-1	0	0.0786	-1.0000
3	509	2	779.9092	5	6	0	-1	0	0.0786	-1.0000
3	510	2	781.4424	6	1	0	-1	0	0.0786	-1.0000
3	511	2	782.9757	5	6	0	-1	0	0.0786	-1.0000
3	512	2	784.5089	6	1	0	-1	0	0.0786	-1.0000
3	513	2	786.0422	7	15	0	-1	1	0.0780	0.7040
3	514	2	787.5754	8	11	0	-1	0	0.0780	-1.0000
3	515	2	789.1087	9	10	0	-1	0	0.0780	-1.0000
3	516	2	790.6419	11	8	0	-1	0	0.0780	-1.0000
3	517	2	792.1752	10	5	0	-1	0	0.0780	-1.0000
3	518	2	793.7084	13	12	0	-1	0	0.0780	-1.0000
3	519	2	795.2417	14	14	0	-1	0	0.0780	-1.0000
3	520	2	796.7749	2	2	0	-1	0	0.0780	-1.0000
3	521	2	798.3082	15	13	0	-1	0	0.0780	-1.0000
3	522	2	799.8414	3	9	0	-1	0	0.0780	-1.0000
3	523	2	801.3747	2	2	0	-1	0	0.0780	-1.0000
3	524	2	802.9080	1	4	0	-1	0	0.0780	-1.0000
3	525	2	804.4412	14	14	0	-1	0	0.0780	-1.0000
3	526	2	805.9745	15	13	0	-1	0	0.0780	-1.0000
3	527	2	807.5077	1	4	0	-1	0	0.0780	-1.0000
3	528	2	809.0410	2	2	0	-1	0	0.0780	-1.0000
3	529	2	810.5742	3	9	0	-1	0	0.0780	-1.0000
3	530	2	812.1075	4	7	0	-1	0	0.0780	-1.0000
3	531	2	813.6407	5	6	0	-1	0	0.0780	-1.0000
3	532	2	815.1740	6	1	0	-1	0	0.0780	-1.0000
3	533	2	816.7072	7	15	0	-1	1	0.0775	0.5674
3	534	2	818.2405	8	11	0	-1	0	0.0775	-1.0000
3	535	2	819.7737	9	10	0	-1	0	0.0775	-1.0000
3	536	2	821.3070	10	5	0	-1	1	0.0769	0.5593
3	537	2	822.8402	11	8	0	-1	0	0.0769	-1.0000
3	538	2	824.3735	12	3	0	-1	0	0.0769	-1.0000
3	539	2	825.9068	13	12	0	-1	1	0.0764	0.4876
3	540	2	827.4400	14	14	0	-1	0	0.0764	-1.0000
3	541	2	828.9733	15	13	0	-1	0	0.0764	-1.0000
3	542	2	830.5065	1	4	0	-1	0	0.0764	-1.0000
3	543	2	832.0398	15	13	0	-1	0	0.0764	-1.0000
3	544	2	833.5730	3	9	0	-1	0	0.0764	-1.0000
3	545	2	835.1063	15	13	0	-1	0	0.0764	-1.0000
3	546	2	836.6395	2	2	0	-1	0	0.0764	-1.0000
3	547	2	838.1728	1	4	0	-1	0	0.0764	-1.0000
3	548	2	839.7060	15	13	0	-1	0	0.0764	-1.0000
3	549	2	841.2393	2	2	0	-1	0	0.0764	-1.0000
3	550	2	842.7725	14	14	0	-1	0	0.0764	-1.0000
3	551	2	844.3058	2	2	0	-1	0	0.0764	-1.0000
3	552	2	845.8391	15	13	0	-1	0	0.0764	-1.0000
3	553	2	847.3723	14	14	0	-1	1	0.0759	0.5576
3	554	2	848.9055	1	4	0	-1	0	0.0759	-1.0000
3	555	2	850.4388	14	14	0	-1	0	0.0759	-1.0000
3	556	2	851.9720	15	13	0	-1	1	0.0753	0.7262
3	557	2	853.5053	1	4	0	-1	0	0.0753	-1.0000
3	558	2	855.0386	2	2	0	-1	0	0.0753	-1.0000
3	559	2	856.5718	3	9	0	-1	0	0.0753	-1.0000
3	560	2	858.1051	4	7	0	-1	0	0.0753	-1.0000
3	561	2	859.6383	5	6	0	-1	0	0.0753	-1.0000
3	562	2	861.1716	6	1	0	-1	0	0.0753	-1.0000
3	563	2	862.7048	7	15	0	-1	1	0.0748	0.6011
3	564	2	864.2381	8	11	0	-1	0	0.0748	-1.0000
3	565	2	865.7713	9	10	0	-1	0	0.0748	-1.0000
3	566	2	867.3046	10	5	0	-1	1	0.0743	0.5618
3	567	2	868.8378	11	8	0	-1	0	0.0743	-1.0000
3	568	2	870.3711	12	3	0	-1	0	0.0743	-1.0000
3	569	2	871.9043	13	12	0	-1	1	0.0738	0.4579
3	570	2	873.4376	14	14	0	-1	0	0.0738	-1.0000
3	571	2	874.9708	2	2	0	-1	0	0.0738	-1.0000
3	572	2	876.5041	14	14	0	-1	0	0.0738	-1.0000
3	573	2	878.0373	15	13	0	-1	1	0.0733	0.7414
3	574	2	879.5706	3	9	0	-1	0	0.0733	-1.0000
3	575	2	881.1038	2	2	0	-1	0	0.0733	-1.0000
3	576	2	882.6371	3	9	0	-1	0	0.0733	-1.0000
3	577	2	884.1704	2	2	0	-1	0	0.0733	-1.0000
3	578	2	885.7036	15	13	0	-1	0	0.0733	-1.0000
3	579	2	887.2369	2	2	0	-1	0	0.0733	-1.0000
3	580	2	888.7701	15	13	0	-1	0	0.0733	-1.0000
3	581	2	890.3034	14	14	0	-1	1	0.0728	0.4911
3	582	2	891.8366	13	12	0	-1	0	0.0728	-1.0000
3	583	2	893.3699	11	8	0	-1	0	0.0728	-1.0000
3	584	2	894.9031	9	10	0	-1	0	0.0728	-1.0000
3	585	2	896.4364	8	11	0	-1	0	0.0728	-1.0000
3	586	2	897.9696	7	15	0	-1	0	0.0728	-1.0000
3	587	2	899.5029	6	1	0	-1	1	0.0724	0.6669
3	588	2	901.0361	5	6	0	-1	0	0.0724	-1.0000
3	589	2	902.5694	4	7	0	-1	0	0.0724	-1.0000
3	590	2	904.1026	3	9	0	-1	0	0.0724	-1.0000
3	591	2	905.6359	2	2	0	-1	0	0.0724	-1.0000
3	592	2	907.1692	1	4	0	-1	0	0.0724	-1.0000
3	593	2	908.7024	15	13	0	-1	0	0.0724	-1.0000
3	594	2	910.2357	14	14	0	-1	1	0.0719	0.5426
3	595	2	911.7689	13	12	0	-1	0	0.0719	-1.0000
3	596	2	913.3022	12	3	0	-1	1	0.0714	0.6601
3	597	2	914.8354	11	8	0	-1	0	0.0714	-1.0000
3	598	2	916.3687	10	5	0	-1	0	0.0714	-1.0000
3	599	2	917.9019	9	10	0	-1	1	0.0710	0.9084
3	600	2	919.4352	8	11	0	-1	0	0.0710	-1.0000
Actual parsing ratio
0.0710
Possible node parses
100.0000
 Node parses selected
0.1100
Possible other parses
500.0000
Other parses selected
0.2880
Chance parsing ratio
0.1667
