*********************************************
* Date/Time: 19-Sep-2019 09:04:41
* Seed: 207494.2
* Subject Number: 004
9	11	8	5	6	14	7	2	15	13	3	12	10	4	1	
*********************************************

Shape exposure time (seconds)
53.3796
subject	trial	phase	onset	node	shape	rotate	acc	resp	total	rt
4	1	1	1.0168	1	9	0	-1	0	0.0000	-1.0000
4	2	1	2.8334	15	1	0	1	1	0.5000	1.3363
4	3	1	4.3833	1	9	90	1	1	0.6667	1.3220
4	4	1	5.9332	15	1	0	1	1	0.7500	1.1148
4	5	1	7.4832	3	8	0	0	1	0.6000	1.4221
4	6	1	9.4164	4	5	0	-1	0	0.5000	-1.0000
4	7	1	11.4496	7	7	0	1	1	0.5714	0.1104
4	8	1	12.9995	5	6	0	0	1	0.5000	1.3285
4	9	1	14.8994	8	2	90	0	1	0.4444	1.3658
4	10	1	16.8493	6	14	0	-1	0	0.4000	-1.0000
4	11	1	18.8826	5	6	0	-1	0	0.3636	-1.0000
4	12	1	20.9325	6	14	0	1	1	0.4167	1.0127
4	13	1	22.4824	7	7	0	-1	0	0.3846	-1.0000
4	14	1	24.6323	6	14	90	-1	0	0.3571	-1.0000
4	15	1	26.7488	7	7	0	0	1	0.3333	1.3886
4	16	1	28.6487	5	6	0	-1	0	0.3125	-1.0000
4	17	1	30.6820	6	14	90	0	1	0.2941	0.1754
4	18	1	32.2319	8	2	0	1	1	0.3333	1.1536
4	19	1	33.7818	5	6	0	-1	0	0.3158	-1.0000
4	20	1	35.8817	8	2	0	-1	0	0.3000	-1.0000
4	21	1	37.9149	9	15	0	1	1	0.3333	0.0169
4	22	1	39.4648	11	3	90	0	1	0.3182	1.2002
4	23	1	41.1814	10	13	0	-1	0	0.3043	-1.0000
4	24	1	43.2146	12	12	0	-1	0	0.2917	-1.0000
4	25	1	45.2479	11	3	0	-1	0	0.2800	-1.0000
4	26	1	47.3811	9	15	90	-1	0	0.2692	-1.0000
4	27	1	49.4310	8	2	0	-1	0	0.2593	-1.0000
4	28	1	51.5808	5	6	0	-1	0	0.2500	-1.0000
4	29	1	53.6141	8	2	90	0	1	0.2414	1.3550
4	30	1	55.4807	9	15	0	-1	0	0.2333	-1.0000
4	31	1	57.5139	11	3	90	-1	0	0.2258	-1.0000
4	32	1	59.5638	9	15	0	-1	0	0.2188	-1.0000
4	33	1	61.5970	10	13	0	1	1	0.2424	1.3563
4	34	1	63.1469	11	3	0	-1	0	0.2353	-1.0000
4	35	1	65.2302	10	13	90	1	1	0.2571	1.3541
4	36	1	66.7801	13	10	0	-1	0	0.2500	-1.0000
4	37	1	68.8466	11	3	0	1	1	0.2703	1.4987
4	38	1	70.4632	13	10	0	-1	0	0.2632	-1.0000
4	39	1	72.4631	12	12	0	-1	0	0.2564	-1.0000
4	40	1	74.5130	9	15	0	-1	0	0.2500	-1.0000
4	41	1	76.5629	11	3	90	1	1	0.2683	1.2213
4	42	1	78.1128	10	13	90	-1	0	0.2619	-1.0000
4	43	1	80.1794	9	15	90	-1	0	0.2558	-1.0000
4	44	1	82.2293	10	13	90	0	1	0.2500	0.2108
4	45	1	83.7792	9	15	0	1	1	0.2667	0.9019
4	46	1	85.3291	12	12	0	1	1	0.2826	1.4159
4	47	1	86.8790	9	15	0	-1	0	0.2766	-1.0000
4	48	1	88.9122	11	3	0	1	1	0.2917	1.2881
4	49	1	90.4622	12	12	0	-1	0	0.2857	-1.0000
4	50	1	92.5287	11	3	90	1	1	0.3000	1.4324
4	51	1	94.0786	13	10	0	-1	0	0.2941	-1.0000
4	52	1	96.1619	11	3	0	1	1	0.3077	0.8555
4	53	1	97.7118	12	12	90	-1	0	0.3019	-1.0000
4	54	1	99.7783	11	3	0	1	1	0.3148	1.0151
4	55	1	101.3283	9	15	0	1	1	0.3273	1.4323
4	56	1	102.8782	12	12	0	-1	0	0.3214	-1.0000
4	57	1	104.8781	9	15	0	0	1	0.3158	1.3877
4	58	1	106.8447	8	2	0	-1	0	0.3103	-1.0000
4	59	1	108.8779	7	7	90	-1	0	0.3051	-1.0000
4	60	1	110.9278	5	6	0	1	1	0.3167	1.1122
4	61	1	112.4777	6	14	0	-1	0	0.3115	-1.0000
4	62	1	114.5443	5	6	0	-1	0	0.3065	-1.0000
4	63	1	116.5941	4	5	90	0	1	0.3016	0.0169
4	64	1	118.1441	7	7	90	0	1	0.2969	0.9371
4	65	1	119.6940	8	2	0	-1	0	0.2923	-1.0000
4	66	1	121.6939	6	14	0	0	1	0.2879	0.0759
4	67	1	123.2438	4	5	0	1	1	0.2985	0.8777
4	68	1	124.7937	3	8	0	1	1	0.3088	1.3442
4	69	1	126.3436	15	1	0	-1	0	0.3043	-1.0000
4	70	1	128.3768	14	4	0	0	1	0.3000	1.4722
4	71	1	130.4434	2	11	90	-1	0	0.2958	-1.0000
4	72	1	132.4766	15	1	0	1	1	0.3056	1.1965
4	73	1	134.0266	1	9	0	0	1	0.3014	1.4215
4	74	1	136.0098	15	1	0	1	1	0.3108	1.3582
4	75	1	137.5597	14	4	0	0	1	0.3067	1.4896
4	76	1	139.6429	13	10	0	1	1	0.3158	1.3892
4	77	1	141.1929	14	4	0	1	1	0.3247	1.2165
4	78	1	142.7428	2	11	0	1	1	0.3333	1.1853
4	79	1	144.2927	1	9	0	-1	0	0.3291	-1.0000
4	80	1	146.3926	2	11	90	1	1	0.3375	1.3598
4	81	1	147.9425	14	4	0	-1	0	0.3333	-1.0000
4	82	1	150.0257	2	11	0	1	1	0.3415	1.4395
4	83	1	151.5923	15	1	0	0	1	0.3373	1.3130
4	84	1	153.4756	1	9	0	-1	0	0.3333	-1.0000
4	85	1	155.5088	14	4	0	-1	0	0.3294	-1.0000
4	86	1	157.5420	2	11	0	-1	0	0.3256	-1.0000
4	87	1	159.5919	3	8	0	-1	0	0.3218	-1.0000
4	88	1	161.6418	1	9	0	-1	0	0.3182	-1.0000
4	89	1	163.6750	15	1	0	1	1	0.3258	0.0784
4	90	1	165.2249	2	11	0	1	1	0.3333	0.0169
4	91	1	166.7748	15	1	0	1	1	0.3407	1.3144
4	92	1	168.3248	2	11	0	-1	0	0.3370	-1.0000
4	93	1	170.3580	3	8	90	0	1	0.3333	1.2190
4	94	1	172.1412	2	11	0	-1	0	0.3298	-1.0000
4	95	1	174.1745	1	9	90	-1	0	0.3263	-1.0000
4	96	1	176.2244	14	4	0	1	1	0.3333	0.5689
4	97	1	177.7743	2	11	0	-1	0	0.3299	-1.0000
4	98	1	179.8408	3	8	90	0	1	0.3265	1.2238
4	99	1	181.6241	2	11	90	1	1	0.3333	1.3456
4	100	1	183.1740	15	1	0	1	1	0.3400	1.2502
4	101	1	184.7239	2	11	0	1	1	0.3465	0.9181
4	102	1	186.2738	14	4	0	1	1	0.3529	0.6474
4	103	1	187.8237	2	11	0	1	1	0.3592	0.8247
4	104	1	189.3737	3	8	90	0	1	0.3558	0.8276
4	105	1	190.9236	2	11	0	-1	0	0.3524	-1.0000
4	106	1	192.9401	14	4	90	0	1	0.3491	1.2128
4	107	1	194.7067	15	1	0	-1	0	0.3458	-1.0000
4	108	1	196.7399	1	9	90	-1	0	0.3426	-1.0000
4	109	1	198.7898	15	1	0	0	1	0.3394	1.3624
4	110	1	200.7564	14	4	0	1	1	0.3455	0.9653
4	111	1	202.3063	1	9	0	-1	0	0.3423	-1.0000
4	112	1	204.3562	3	8	0	-1	0	0.3393	-1.0000
4	113	1	206.4061	2	11	0	0	1	0.3363	0.8978
4	114	1	207.9560	3	8	0	-1	0	0.3333	-1.0000
4	115	1	210.0226	1	9	0	1	1	0.3391	1.4262
4	116	1	211.5725	14	4	0	-1	0	0.3362	-1.0000
4	117	1	213.6391	15	1	0	-1	0	0.3333	-1.0000
4	118	1	215.6889	14	4	0	-1	0	0.3305	-1.0000
4	119	1	217.7388	15	1	0	1	1	0.3361	1.0052
4	120	1	219.2888	3	8	0	-1	0	0.3333	-1.0000
4	121	1	221.3553	2	11	0	1	1	0.3388	0.8772
4	122	1	222.9052	15	1	90	0	1	0.3361	0.7674
4	123	1	224.4552	1	9	0	-1	0	0.3333	-1.0000
4	124	1	226.4717	15	1	0	0	1	0.3306	0.9292
4	125	1	228.0216	1	9	0	1	1	0.3360	0.9944
4	126	1	229.5716	14	4	90	-1	0	0.3333	-1.0000
4	127	1	231.6715	1	9	0	-1	0	0.3307	-1.0000
4	128	1	233.7047	3	8	0	-1	0	0.3281	-1.0000
4	129	1	235.7546	15	1	0	-1	0	0.3256	-1.0000
4	130	1	237.7878	1	9	0	-1	0	0.3231	-1.0000
4	131	1	239.8377	2	11	0	1	1	0.3282	0.0921
4	132	1	241.3876	1	9	0	1	1	0.3333	0.2051
4	133	1	242.9375	3	8	0	1	1	0.3383	0.9437
4	134	1	244.4875	4	5	90	1	1	0.3433	1.1846
4	135	1	246.0374	5	6	0	1	1	0.3481	1.3153
4	136	1	247.5873	8	2	90	-1	0	0.3456	-1.0000
4	137	1	249.6872	7	7	90	-1	0	0.3431	-1.0000
4	138	1	251.7204	4	5	0	0	1	0.3406	0.0334
4	139	1	253.2703	7	7	90	1	1	0.3453	0.6737
4	140	1	254.8202	6	14	0	-1	0	0.3429	-1.0000
4	141	1	256.8368	7	7	0	1	1	0.3475	1.4592
4	142	1	258.4033	4	5	0	-1	0	0.3451	-1.0000
4	143	1	260.4533	5	6	0	1	1	0.3497	1.1237
4	144	1	262.0032	4	5	0	-1	0	0.3472	-1.0000
4	145	1	264.0864	7	7	90	1	1	0.3517	1.0592
4	146	1	265.6363	8	2	90	-1	0	0.3493	-1.0000
4	147	1	267.7029	7	7	0	1	1	0.3537	1.2812
4	148	1	269.2528	5	6	0	0	1	0.3514	1.4916
4	149	1	271.3361	8	2	0	1	1	0.3557	0.7844
4	150	1	272.8860	7	7	0	1	1	0.3600	1.1859
4	151	1	274.4359	6	14	90	-1	0	0.3576	-1.0000
4	152	1	276.5858	8	2	90	-1	0	0.3553	-1.0000
4	153	1	278.6690	5	6	0	-1	0	0.3529	-1.0000
4	154	1	280.7022	4	5	0	-1	0	0.3506	-1.0000
4	155	1	282.7521	3	8	0	1	1	0.3548	0.0732
4	156	1	284.3020	2	11	90	0	1	0.3526	1.0659
4	157	1	285.9186	3	8	0	1	1	0.3567	1.3049
4	158	1	287.4685	15	1	0	-1	0	0.3544	-1.0000
4	159	1	289.5351	3	8	0	-1	0	0.3522	-1.0000
4	160	1	291.5683	4	5	0	-1	0	0.3500	-1.0000
4	161	1	293.6182	3	8	0	-1	0	0.3478	-1.0000
4	162	1	295.6514	15	1	0	-1	0	0.3457	-1.0000
4	163	1	297.7013	1	9	0	1	1	0.3497	0.7546
4	164	1	299.2512	15	1	0	0	1	0.3476	0.9979
4	165	1	300.8011	14	4	0	1	1	0.3515	0.9838
4	166	1	302.3511	13	10	90	-1	0	0.3494	-1.0000
4	167	1	304.3843	11	3	90	-1	0	0.3473	-1.0000
4	168	1	306.4342	10	13	0	-1	0	0.3452	-1.0000
4	169	1	308.4841	11	3	0	-1	0	0.3432	-1.0000
4	170	1	310.5173	12	12	0	1	1	0.3471	1.4599
4	171	1	312.1006	11	3	0	0	1	0.3450	1.1553
4	172	1	313.7838	13	10	0	-1	0	0.3430	-1.0000
4	173	1	315.8170	11	3	0	1	1	0.3468	1.4555
4	174	1	317.4003	9	15	0	0	1	0.3448	1.4250
4	175	1	319.3668	10	13	0	0	1	0.3429	1.2810
4	176	1	321.2167	11	3	0	1	1	0.3466	1.1278
4	177	1	322.7667	12	12	0	-1	0	0.3446	-1.0000
4	178	1	324.8165	13	10	90	-1	0	0.3427	-1.0000
4	179	1	326.8664	11	3	0	1	1	0.3464	1.0295
4	180	1	328.4164	9	15	0	0	1	0.3444	1.0317
4	181	1	330.0329	10	13	0	1	1	0.3481	1.4634
4	182	1	331.6162	13	10	0	-1	0	0.3462	-1.0000
4	183	1	333.6661	14	4	0	1	1	0.3497	1.4465
4	184	1	335.2493	1	9	0	-1	0	0.3478	-1.0000
4	185	1	337.2659	2	11	0	1	1	0.3514	1.2705
4	186	1	338.8158	1	9	0	-1	0	0.3495	-1.0000
4	187	1	340.8990	3	8	0	-1	0	0.3476	-1.0000
4	188	1	342.9323	4	5	90	1	1	0.3511	1.0447
4	189	1	344.4822	3	8	0	0	1	0.3492	1.1743
4	190	1	346.1987	4	5	90	-1	0	0.3474	-1.0000
4	191	1	348.2320	6	14	90	-1	0	0.3455	-1.0000
4	192	1	350.2819	4	5	0	1	1	0.3490	0.9428
4	193	1	351.8318	5	6	0	-1	0	0.3472	-1.0000
4	194	1	353.8983	6	14	0	0	1	0.3454	1.1515
4	195	1	355.5816	7	7	0	-1	0	0.3436	-1.0000
4	196	1	357.6148	5	6	0	-1	0	0.3418	-1.0000
4	197	1	359.6481	6	14	90	0	1	0.3401	0.8081
4	198	1	361.1980	7	7	0	1	1	0.3434	1.3870
4	199	1	362.7479	8	2	0	-1	0	0.3417	-1.0000
4	200	1	364.7645	6	14	0	1	1	0.3450	0.9715
4	201	1	366.3144	8	2	90	1	1	0.3483	1.3590
4	202	1	367.8643	6	14	0	0	1	0.3465	1.3289
4	203	1	369.6975	4	5	0	1	1	0.3498	1.2076
4	204	1	371.2474	5	6	0	1	1	0.3529	1.4325
4	205	1	372.7973	7	7	0	1	1	0.3561	1.1172
4	206	1	374.3473	8	2	0	-1	0	0.3544	-1.0000
4	207	1	376.3805	7	7	0	1	1	0.3575	0.9247
4	208	1	377.9304	4	5	90	-1	0	0.3558	-1.0000
4	209	1	379.9970	6	14	0	0	1	0.3541	1.1804
4	210	1	381.6802	5	6	0	1	1	0.3571	1.4157
4	211	1	383.2301	7	7	90	1	1	0.3602	1.0990
4	212	1	384.7801	8	2	0	-1	0	0.3585	-1.0000
4	213	1	386.8633	9	15	90	-1	0	0.3568	-1.0000
4	214	1	388.9132	12	12	0	1	1	0.3598	0.1028
4	215	1	390.4631	13	10	0	0	1	0.3581	1.3382
4	216	1	392.3630	10	13	90	0	1	0.3565	1.0691
4	217	1	393.9462	9	15	0	0	1	0.3548	1.2298
4	218	1	395.7128	11	3	90	1	1	0.3578	1.3681
4	219	1	397.2627	13	10	0	-1	0	0.3562	-1.0000
4	220	1	399.3126	12	12	0	1	1	0.3591	1.0166
4	221	1	400.8625	9	15	0	1	1	0.3620	1.1136
4	222	1	402.4124	10	13	90	0	1	0.3604	1.0517
4	223	1	403.9790	9	15	0	-1	0	0.3587	-1.0000
4	224	1	405.9956	12	12	0	-1	0	0.3571	-1.0000
4	225	1	408.0455	9	15	0	0	1	0.3556	1.3395
4	226	1	409.9121	11	3	0	1	1	0.3584	1.3132
4	227	1	411.4620	12	12	0	-1	0	0.3568	-1.0000
4	228	1	413.5285	11	3	0	0	1	0.3553	1.0249
4	229	1	415.1118	9	15	90	0	1	0.3537	1.2495
4	230	1	416.8784	8	2	0	1	1	0.3565	1.2743
4	231	1	418.4283	9	15	0	-1	0	0.3550	-1.0000
4	232	1	420.4948	12	12	0	0	1	0.3534	1.0182
4	233	1	422.0781	10	13	0	1	1	0.3562	0.6032
4	234	1	423.6280	9	15	0	1	1	0.3590	0.6374
4	235	1	425.1779	11	3	0	1	1	0.3617	1.4237
4	236	1	426.7278	13	10	0	-1	0	0.3602	-1.0000
4	237	1	428.7611	12	12	0	0	1	0.3586	1.1362
4	238	1	430.4443	13	10	90	0	1	0.3571	0.7649
4	239	1	431.9942	14	4	0	1	1	0.3598	1.2310
4	240	1	433.5441	1	9	0	-1	0	0.3583	-1.0000
4	241	1	435.6274	14	4	0	-1	0	0.3568	-1.0000
4	242	1	437.6772	1	9	0	-1	0	0.3554	-1.0000
4	243	1	439.7438	3	8	0	1	1	0.3580	1.2402
4	244	1	441.2937	1	9	0	1	1	0.3607	0.9702
4	245	1	442.8437	3	8	90	0	1	0.3592	0.8134
4	246	1	444.3936	4	5	0	-1	0	0.3577	-1.0000
4	247	1	446.4101	5	6	0	-1	0	0.3563	-1.0000
4	248	1	448.4434	7	7	0	0	1	0.3548	1.2138
4	249	1	450.2266	4	5	0	1	1	0.3574	1.0464
4	250	1	451.7765	5	6	0	1	1	0.3600	0.8560
4	251	1	453.3264	6	14	90	0	1	0.3586	0.6510
4	252	1	454.8763	4	5	90	1	1	0.3611	1.3251
4	253	1	456.4263	7	7	0	1	1	0.3636	1.3267
4	254	1	457.9762	8	2	0	-1	0	0.3622	-1.0000
4	255	1	460.0594	7	7	0	1	1	0.3647	0.0938
4	256	1	461.6093	5	6	0	1	1	0.3672	1.1680
4	257	1	463.1592	8	2	0	1	1	0.3696	1.2807
4	258	1	464.7092	9	15	0	1	1	0.3721	1.2508
4	259	1	466.2591	10	13	90	1	1	0.3745	1.3665
4	260	1	467.8423	12	12	90	-1	0	0.3731	-1.0000
4	261	1	469.9089	9	15	0	1	1	0.3755	1.0442
4	262	1	471.4588	8	2	90	-1	0	0.3740	-1.0000
4	263	1	473.5254	9	15	90	0	1	0.3726	1.4919
4	264	1	475.5919	12	12	0	-1	0	0.3712	-1.0000
4	265	1	477.6085	10	13	90	-1	0	0.3698	-1.0000
4	266	1	479.6750	12	12	0	-1	0	0.3684	-1.0000
4	267	1	481.6916	10	13	0	0	1	0.3670	1.1976
4	268	1	483.4748	9	15	0	-1	0	0.3657	-1.0000
4	269	1	485.5081	12	12	0	1	1	0.3680	0.9652
4	270	1	487.0580	9	15	0	1	1	0.3704	0.9992
4	271	1	488.6079	11	3	90	0	1	0.3690	1.1453
4	272	1	490.3578	10	13	90	-1	0	0.3676	-1.0000
4	273	1	492.3744	12	12	0	1	1	0.3700	0.0168
4	274	1	493.9243	9	15	0	1	1	0.3723	0.7091
4	275	1	495.4742	10	13	0	1	1	0.3745	0.7737
4	276	1	497.0242	12	12	0	1	1	0.3768	0.6004
4	277	1	498.5740	10	13	0	0	1	0.3755	1.0517
4	278	1	500.1906	13	10	0	1	1	0.3777	0.8906
4	279	1	501.7406	10	13	0	1	1	0.3799	0.6034
4	280	1	503.2905	9	15	0	1	1	0.3821	0.6708
4	281	1	504.8404	12	12	0	1	1	0.3843	0.9127
4	282	1	506.3903	11	3	0	1	1	0.3865	0.9630
4	283	1	507.9402	9	15	0	1	1	0.3887	1.3170
4	284	1	509.4901	11	3	0	1	1	0.3908	1.2070
4	285	1	511.0401	12	12	0	-1	0	0.3895	-1.0000
4	286	1	513.0900	13	10	0	0	1	0.3881	0.1986
4	287	1	514.6399	11	3	0	1	1	0.3902	0.3281
4	288	1	516.1898	10	13	0	1	1	0.3924	0.8902
4	289	1	517.7397	9	15	0	1	1	0.3945	0.8622
4	290	1	519.2896	10	13	0	1	1	0.3966	0.8943
4	291	1	520.8395	11	3	0	1	1	0.3986	0.9443
4	292	1	522.3895	10	13	0	-1	0	0.3973	-1.0000
4	293	1	524.4227	12	12	0	1	1	0.3993	1.0253
4	294	1	525.9726	13	10	90	0	1	0.3980	0.6447
4	295	1	527.5225	14	4	0	1	1	0.4000	0.8867
4	296	1	529.0725	1	9	0	1	1	0.4020	0.6155
4	297	1	530.6224	2	11	0	1	1	0.4040	0.8269
4	298	1	532.1723	15	1	0	1	1	0.4060	0.6370
4	299	1	533.7222	3	8	90	0	1	0.4047	0.6063
4	300	1	535.2721	1	9	0	-1	0	0.4033	-1.0000
4	301	1	537.3387	2	11	0	1	1	0.4053	1.3745
4	302	1	538.8886	3	8	0	1	1	0.4073	1.3766
4	303	1	540.4385	4	5	0	1	1	0.4092	0.9947
4	304	1	541.9884	7	7	0	-1	0	0.4079	-1.0000
4	305	1	544.0217	4	5	90	1	1	0.4098	0.0169
4	306	1	545.5716	7	7	0	1	1	0.4118	1.0137
4	307	1	547.1215	4	5	0	1	1	0.4137	1.0476
4	308	1	548.6714	3	8	0	1	1	0.4156	0.9365
4	309	1	550.2213	1	9	0	1	1	0.4175	1.0199
4	310	1	551.7713	14	4	90	0	1	0.4161	0.8606
4	311	1	553.3212	1	9	90	-1	0	0.4148	-1.0000
4	312	1	555.3544	14	4	0	1	1	0.4167	0.1585
4	313	1	556.9043	1	9	90	0	1	0.4153	0.0169
4	314	1	558.4542	15	1	0	-1	0	0.4140	-1.0000
4	315	1	560.4541	3	8	90	1	1	0.4159	1.4115
4	316	1	562.0040	1	9	0	-1	0	0.4146	-1.0000
4	317	1	564.0873	2	11	0	0	1	0.4132	1.4099
4	318	1	566.0538	14	4	0	1	1	0.4151	1.3481
4	319	1	567.6038	1	9	0	1	1	0.4169	1.0762
4	320	1	569.1537	3	8	0	1	1	0.4188	0.8712
4	321	1	570.7036	2	11	0	0	1	0.4174	1.1778
4	322	1	572.4535	14	4	0	1	1	0.4193	1.0276
4	323	1	574.0034	13	10	90	0	1	0.4180	1.2525
4	324	1	575.8033	10	13	0	1	1	0.4198	1.1660
4	325	1	577.3532	9	15	90	1	1	0.4215	1.2147
4	326	1	578.9032	10	13	90	0	1	0.4202	1.4100
4	327	1	580.9031	13	10	90	-1	0	0.4190	-1.0000
4	328	1	582.9363	10	13	0	1	1	0.4207	1.1531
4	329	1	584.4862	13	10	90	0	1	0.4195	1.2978
4	330	1	586.3028	12	12	0	-1	0	0.4182	-1.0000
4	331	1	588.3193	9	15	0	0	1	0.4169	0.1385
4	332	1	589.8693	12	12	0	1	1	0.4187	1.0842
4	333	1	591.4192	9	15	0	1	1	0.4204	0.5907
4	334	1	592.9691	11	3	0	1	1	0.4222	0.9428
4	335	1	594.5190	9	15	0	1	1	0.4239	1.1382
4	336	1	596.0689	11	3	0	1	1	0.4256	0.7075
4	337	1	597.6188	13	10	0	1	1	0.4273	0.9023
4	338	1	599.1688	14	4	90	0	1	0.4260	1.0485
4	339	1	600.7853	1	9	0	-1	0	0.4248	-1.0000
4	340	1	602.8186	14	4	0	1	1	0.4265	1.2227
4	341	1	604.3685	2	11	0	1	1	0.4282	0.8885
4	342	1	605.9184	15	1	0	1	1	0.4298	0.7630
4	343	1	607.4683	1	9	0	-1	0	0.4286	-1.0000
4	344	1	609.5015	2	11	0	1	1	0.4302	0.1065
4	345	1	611.0848	3	8	90	1	1	0.4319	1.0991
4	346	1	612.6347	2	11	0	1	1	0.4335	0.9745
4	347	1	614.1846	14	4	0	1	1	0.4352	1.1526
4	348	1	615.7345	13	10	0	1	1	0.4368	1.0427
4	349	1	617.2845	12	12	0	-1	0	0.4355	-1.0000
4	350	1	619.3510	10	13	0	1	1	0.4371	1.0249
4	351	1	620.9009	11	3	0	1	1	0.4387	0.7562
4	352	1	622.4509	13	10	0	1	1	0.4403	0.7733
4	353	1	624.0008	10	13	0	1	1	0.4419	0.7605
4	354	1	625.5507	9	15	0	1	1	0.4435	1.2252
4	355	1	627.1006	12	12	90	-1	0	0.4423	-1.0000
4	356	1	629.2005	13	10	0	-1	0	0.4410	-1.0000
4	357	1	631.2338	12	12	0	1	1	0.4426	1.3991
4	358	1	632.7837	13	10	90	0	1	0.4413	1.4975
4	359	1	634.8669	12	12	0	1	1	0.4429	0.9182
4	360	1	636.4168	13	10	0	1	1	0.4444	0.9030
4	361	1	637.9667	10	13	0	1	1	0.4460	1.0015
4	362	1	639.5166	13	10	0	1	1	0.4475	0.8764
4	363	1	641.0665	14	4	0	0	1	0.4463	0.9587
4	364	1	642.6165	2	11	0	1	1	0.4478	0.7687
4	365	1	644.1664	1	9	0	1	1	0.4493	1.2828
4	366	1	645.7163	15	1	0	-1	0	0.4481	-1.0000
4	367	1	647.7662	3	8	0	1	1	0.4496	1.1070
4	368	1	649.3161	15	1	0	1	1	0.4511	0.9479
4	369	1	650.8660	1	9	0	0	1	0.4499	1.1579
4	370	1	652.6159	2	11	0	1	1	0.4514	0.7841
4	371	1	654.1659	14	4	0	1	1	0.4528	1.3461
4	372	1	655.7158	15	1	90	-1	0	0.4516	-1.0000
4	373	1	657.7990	2	11	0	1	1	0.4531	1.0416
4	374	1	659.3490	14	4	0	1	1	0.4545	1.4443
4	375	1	660.9155	15	1	0	1	1	0.4560	0.9815
4	376	1	662.4654	14	4	0	1	1	0.4574	0.6465
4	377	1	664.0153	13	10	0	1	1	0.4589	0.9379
4	378	1	665.5653	14	4	0	1	1	0.4603	0.8285
4	379	1	667.1152	1	9	0	-1	0	0.4591	-1.0000
4	380	1	669.1318	2	11	0	1	1	0.4605	0.7642
4	381	1	670.6817	15	1	0	1	1	0.4619	0.9592
4	382	1	672.2316	14	4	0	-1	0	0.4607	-1.0000
4	383	1	674.2315	15	1	0	1	1	0.4621	0.8645
4	384	1	675.7814	1	9	90	-1	0	0.4609	-1.0000
4	385	1	677.8646	3	8	0	1	1	0.4623	0.0168
4	386	1	679.4145	4	5	90	0	1	0.4611	1.2335
4	387	1	681.2145	7	7	90	1	1	0.4625	1.0175
4	388	1	682.7644	4	5	90	0	1	0.4613	1.4366
4	389	1	684.7475	6	14	0	-1	0	0.4602	-1.0000
4	390	1	686.7808	8	2	0	0	1	0.4590	0.0594
4	391	1	688.3307	9	15	0	1	1	0.4604	0.9585
4	392	1	689.8807	10	13	0	1	1	0.4617	0.8004
4	393	1	691.4306	13	10	0	1	1	0.4631	0.8186
4	394	1	692.9805	11	3	0	1	1	0.4645	0.9156
4	395	1	694.5304	10	13	0	1	1	0.4658	1.0615
4	396	1	696.0803	13	10	90	1	1	0.4672	1.0969
4	397	1	697.6302	14	4	90	1	1	0.4685	1.4658
4	398	1	699.2135	1	9	0	-1	0	0.4673	-1.0000
4	399	1	701.2634	15	1	0	1	1	0.4687	0.9056
4	400	1	702.8133	14	4	0	1	1	0.4700	1.2439
4	401	1	704.3632	15	1	0	1	1	0.4713	0.8781
4	402	1	705.9131	1	9	0	1	1	0.4726	1.1668
4	403	1	707.4631	15	1	0	1	1	0.4739	0.8021
4	404	1	709.0130	14	4	0	0	1	0.4728	1.0924
4	405	1	710.6629	1	9	90	0	1	0.4716	1.4732
4	406	1	712.7128	3	8	0	1	1	0.4729	0.8006
4	407	1	714.2627	4	5	0	1	1	0.4742	0.7693
4	408	1	715.8126	6	14	0	0	1	0.4730	0.9473
4	409	1	717.3625	5	6	0	1	1	0.4743	0.9985
4	410	1	718.9125	6	14	0	1	1	0.4756	0.8878
4	411	1	720.4624	7	7	90	1	1	0.4769	0.9388
4	412	1	722.0123	8	2	0	1	1	0.4782	1.0516
4	413	1	723.5622	5	6	0	1	1	0.4794	0.8948
4	414	1	725.1121	6	14	0	1	1	0.4807	1.4889
4	415	1	726.7454	7	7	90	1	1	0.4819	0.8956
4	416	1	728.2953	6	14	0	1	1	0.4832	1.1057
4	417	1	729.8452	5	6	0	1	1	0.4844	0.9307
4	418	1	731.3952	7	7	0	0	1	0.4833	0.8699
4	419	1	732.9451	6	14	90	-1	0	0.4821	-1.0000
4	420	1	734.9783	7	7	0	1	1	0.4833	0.8710
4	421	1	736.5282	6	14	0	1	1	0.4846	0.7609
4	422	1	738.0781	5	6	0	1	1	0.4858	0.6828
4	423	1	739.6280	8	2	90	1	1	0.4870	1.0692
4	424	1	741.1780	9	15	0	-1	0	0.4858	-1.0000
4	425	1	743.2445	11	3	0	1	1	0.4871	0.9235
4	426	1	744.7944	12	12	0	1	1	0.4883	0.9735
4	427	1	746.3444	10	13	0	1	1	0.4895	0.8646
4	428	1	747.8943	9	15	0	-1	0	0.4883	-1.0000
4	429	1	749.9442	8	2	0	1	1	0.4895	0.9451
4	430	1	751.4941	5	6	0	1	1	0.4907	0.6431
4	431	1	753.0440	7	7	0	1	1	0.4919	0.8678
4	432	1	754.5939	5	6	0	1	1	0.4931	0.7272
4	433	1	756.1438	7	7	0	1	1	0.4942	0.6812
4	434	1	757.6938	4	5	90	-1	0	0.4931	-1.0000
4	435	1	759.7770	6	14	0	1	1	0.4943	1.0954
4	436	1	761.3269	4	5	0	1	1	0.4954	1.0491
4	437	1	762.8768	3	8	0	1	1	0.4966	0.9243
4	438	1	764.4268	4	5	0	-1	0	0.4954	-1.0000
4	439	1	766.5100	5	6	0	1	1	0.4966	0.7779
4	440	1	768.0599	6	14	90	1	1	0.4977	1.3721
4	441	1	769.6098	7	7	0	1	1	0.4989	1.1194
4	442	1	771.1597	8	2	0	-1	0	0.4977	-1.0000
4	443	1	773.2430	7	7	0	1	1	0.4989	0.8611
4	444	1	774.7929	6	14	0	-1	0	0.4977	-1.0000
4	445	1	776.8761	5	6	0	1	1	0.4989	0.6210
4	446	1	778.4260	7	7	0	1	1	0.5000	0.8151
4	447	1	779.9759	4	5	0	1	1	0.5011	1.0734
4	448	1	781.5259	5	6	0	1	1	0.5022	0.7700
4	449	1	783.0758	4	5	0	1	1	0.5033	1.3495
4	450	1	784.6257	3	8	0	1	1	0.5044	0.8222
4	451	1	786.1756	2	11	0	-1	0	0.5033	-1.0000
4	452	1	788.2088	15	1	90	-1	0	0.5022	-1.0000
4	453	1	790.2420	1	9	0	-1	0	0.5011	-1.0000
4	454	1	792.2919	14	4	0	1	1	0.5022	0.6773
4	455	1	793.8419	15	1	0	1	1	0.5033	0.7117
4	456	1	795.3918	1	9	0	1	1	0.5044	0.9852
4	457	1	796.9417	2	11	0	1	1	0.5055	1.0676
4	458	1	798.4916	3	8	90	1	1	0.5066	1.0054
4	459	1	800.0415	1	9	90	-1	0	0.5054	-1.0000
4	460	1	802.1414	14	4	0	1	1	0.5065	1.1319
4	461	1	803.6914	15	1	90	1	1	0.5076	1.3410
4	462	1	805.2413	3	8	0	1	1	0.5087	0.8626
4	463	1	806.7912	2	11	0	0	1	0.5076	1.3286
4	464	1	808.6577	14	4	0	1	1	0.5086	0.9995
4	465	1	810.2077	1	9	0	-1	0	0.5075	-1.0000
4	466	1	812.2576	15	1	90	1	1	0.5086	1.1584
4	467	1	813.8075	2	11	0	1	1	0.5096	1.0814
4	468	1	815.3574	15	1	0	1	1	0.5107	0.9386
4	469	1	816.9073	1	9	0	1	1	0.5117	1.0378
4	470	1	818.4573	2	11	0	1	1	0.5128	0.8801
4	471	1	820.0072	3	8	90	1	1	0.5138	1.0897
4	472	1	821.5571	1	9	90	1	1	0.5148	1.3642
4	473	1	823.1070	14	4	90	-1	0	0.5137	-1.0000
4	474	1	825.1736	13	10	0	1	1	0.5148	0.9791
4	475	1	826.7235	11	3	0	1	1	0.5158	0.8537
4	476	1	828.2734	9	15	90	-1	0	0.5147	-1.0000
4	477	1	830.2733	11	3	0	1	1	0.5157	0.7760
4	478	1	831.8232	10	13	0	1	1	0.5167	1.0018
4	479	1	833.3731	12	12	0	0	1	0.5157	0.9868
4	480	1	834.9397	10	13	0	1	1	0.5167	0.8602
4	481	1	836.4896	9	15	0	0	1	0.5156	1.0703
4	482	1	838.0896	10	13	0	1	1	0.5166	0.8955
4	483	1	839.6395	13	10	0	1	1	0.5176	0.8805
4	484	1	841.1894	10	13	0	1	1	0.5186	0.8184
4	485	1	842.7393	13	10	0	1	1	0.5196	1.3818
4	486	1	844.2892	10	13	90	0	1	0.5185	1.2708
4	487	1	846.0891	12	12	0	0	1	0.5175	0.9437
4	488	1	847.6391	13	10	0	1	1	0.5184	0.6261
4	489	1	849.1890	14	4	0	1	1	0.5194	0.9480
4	490	1	850.7388	2	11	0	1	1	0.5204	0.8211
4	491	1	852.2888	15	1	0	1	1	0.5214	0.7751
4	492	1	853.8387	2	11	0	1	1	0.5224	0.7610
4	493	1	855.3886	1	9	0	1	1	0.5233	1.4993
4	494	1	857.0219	2	11	0	1	1	0.5243	0.9872
4	495	1	858.5718	15	1	0	1	1	0.5253	0.7974
4	496	1	860.1217	14	4	0	1	1	0.5262	1.2318
4	497	1	861.6717	15	1	0	1	1	0.5272	0.8336
4	498	1	863.2216	2	11	0	1	1	0.5281	0.6591
4	499	1	864.7715	15	1	0	1	1	0.5291	0.7897
4	500	1	866.3214	2	11	0	1	1	0.5300	0.7905
4	501	1	867.8713	15	1	0	1	1	0.5309	0.7127
4	502	1	869.4212	1	9	0	1	1	0.5319	0.9400
4	503	1	870.9711	14	4	0	0	1	0.5308	1.1968
4	504	1	872.7377	2	11	0	1	1	0.5317	0.7741
4	505	1	874.2876	1	9	90	0	1	0.5307	1.0495
4	506	1	875.8876	15	1	0	1	1	0.5316	0.7285
4	507	1	877.4375	1	9	0	1	1	0.5325	0.7465
4	508	1	878.9874	2	11	0	1	1	0.5335	0.6846
4	509	1	880.5373	15	1	0	1	1	0.5344	0.6225
4	510	1	882.0872	1	9	0	-1	0	0.5333	-1.0000
4	511	1	884.1538	14	4	0	1	1	0.5342	0.9275
4	512	1	885.7037	15	1	0	1	1	0.5352	0.6727
4	513	1	887.2536	1	9	0	1	1	0.5361	1.4430
4	514	1	888.8202	2	11	0	1	1	0.5370	0.6769
4	515	1	890.3701	15	1	90	-1	0	0.5359	-1.0000
4	516	1	892.4200	1	9	90	1	1	0.5368	0.1177
4	517	1	894.0533	14	4	0	0	1	0.5358	1.3956
4	518	1	895.9532	15	1	0	1	1	0.5367	0.7277
4	519	1	897.5031	2	11	0	1	1	0.5376	0.7781
4	520	1	899.0530	3	8	0	1	1	0.5385	0.8429
4	521	1	900.6029	4	5	0	1	1	0.5393	0.7666
4	522	1	902.1528	7	7	90	1	1	0.5402	0.9751
4	523	1	903.7028	4	5	0	1	1	0.5411	1.4581
4	524	1	905.2860	3	8	90	1	1	0.5420	1.0103
4	525	1	906.8359	1	9	0	0	1	0.5410	1.1092
4	526	1	908.5025	14	4	0	1	1	0.5418	0.7387
4	527	1	910.0524	2	11	0	1	1	0.5427	1.3002
4	528	1	911.6024	15	1	0	1	1	0.5436	0.8547
4	529	1	913.1523	14	4	90	1	1	0.5444	1.0970
4	530	1	914.7022	1	9	0	1	1	0.5453	1.0022
4	531	1	916.2521	14	4	90	0	1	0.5443	1.1819
4	532	1	917.9687	13	10	0	1	1	0.5451	0.8082
4	533	1	919.5186	12	12	0	1	1	0.5460	1.2414
4	534	1	921.0685	9	15	0	0	1	0.5449	1.2130
4	535	1	922.8018	12	12	0	1	1	0.5458	0.6781
4	536	1	924.3517	11	3	0	1	1	0.5466	0.7607
4	537	1	925.9016	10	13	0	1	1	0.5475	0.7955
4	538	1	927.4515	9	15	90	0	1	0.5465	0.8775
4	539	1	929.0014	12	12	90	-1	0	0.5455	-1.0000
4	540	1	931.0513	13	10	90	0	1	0.5444	1.1499
4	541	1	932.7346	12	12	0	1	1	0.5453	0.6985
4	542	1	934.2845	9	15	0	1	1	0.5461	1.1000
4	543	1	935.8344	8	2	0	1	1	0.5470	1.1507
4	544	1	937.3844	9	15	0	1	1	0.5478	1.1204
4	545	1	938.9342	12	12	0	1	1	0.5486	0.8017
4	546	1	940.4842	9	15	0	1	1	0.5495	1.0134
4	547	1	942.0341	11	3	90	1	1	0.5503	0.9818
4	548	1	943.5840	13	10	0	1	1	0.5511	0.9372
4	549	1	945.1339	11	3	0	1	1	0.5519	0.7140
4	550	1	946.6838	13	10	0	1	1	0.5527	0.7340
4	551	1	948.2337	14	4	90	0	1	0.5517	1.0231
4	552	1	949.8337	15	1	0	1	1	0.5525	0.7355
4	553	1	951.3836	14	4	0	0	1	0.5515	1.0254
4	554	1	952.9835	13	10	0	1	1	0.5523	0.6893
4	555	1	954.5334	12	12	0	1	1	0.5532	0.9000
4	556	1	956.0833	13	10	0	1	1	0.5540	0.6138
4	557	1	957.6333	11	3	90	1	1	0.5548	1.1917
4	558	1	959.1832	12	12	0	1	1	0.5556	0.9217
4	559	1	960.7331	9	15	0	1	1	0.5564	0.7629
4	560	1	962.2830	12	12	0	1	1	0.5571	0.9429
4	561	1	963.8330	10	13	0	1	1	0.5579	1.0397
4	562	1	965.3829	12	12	0	-1	0	0.5569	-1.0000
4	563	1	967.4661	13	10	0	-1	0	0.5560	-1.0000
4	564	1	969.4993	12	12	0	1	1	0.5567	1.3418
4	565	1	971.0492	9	15	0	-1	0	0.5558	-1.0000
4	566	1	973.1325	8	2	90	0	1	0.5548	0.9886
4	567	1	974.6824	6	14	0	1	1	0.5556	1.0860
4	568	1	976.2323	8	2	0	1	1	0.5563	1.3127
4	569	1	977.7822	6	14	0	1	1	0.5571	0.8657
4	570	1	979.3321	7	7	90	1	1	0.5579	0.9172
4	571	1	980.8820	5	6	0	1	1	0.5587	0.7739
4	572	1	982.4320	4	5	0	1	1	0.5594	0.7290
4	573	1	983.9819	3	8	0	1	1	0.5602	0.6988
4	574	1	985.5318	4	5	0	1	1	0.5610	0.7816
4	575	1	987.0817	5	6	0	1	1	0.5617	0.7194
4	576	1	988.6316	4	5	0	1	1	0.5625	0.9294
4	577	1	990.1815	7	7	0	1	1	0.5633	0.9303
4	578	1	991.7315	6	14	0	1	1	0.5640	1.0137
4	579	1	993.2814	7	7	0	1	1	0.5648	0.7425
4	580	1	994.8313	6	14	0	1	1	0.5655	0.8405
4	581	1	996.3812	8	2	0	1	1	0.5663	0.8921
4	582	1	997.9312	7	7	0	1	1	0.5670	0.6546
4	583	1	999.4810	5	6	90	0	1	0.5660	0.4002
4	584	1	1001.0310	4	5	0	1	1	0.5668	1.2662
4	585	1	1002.5809	6	14	0	1	1	0.5675	0.8681
4	586	1	1004.1308	7	7	90	1	1	0.5683	0.9652
4	587	1	1005.6807	6	14	0	1	1	0.5690	0.7442
4	588	1	1007.2306	5	6	0	1	1	0.5697	0.6345
4	589	1	1008.7806	7	7	0	1	1	0.5705	0.7005
4	590	1	1010.3305	5	6	0	1	1	0.5712	0.6226
4	591	1	1011.8804	8	2	0	1	1	0.5719	0.7042
4	592	1	1013.4303	7	7	0	1	1	0.5726	0.6426
4	593	1	1014.9803	4	5	0	1	1	0.5734	0.4850
4	594	1	1016.5302	5	6	90	0	1	0.5724	0.6320
4	595	1	1018.0801	7	7	90	0	1	0.5714	0.7758
4	596	1	1019.6300	8	2	0	1	1	0.5721	0.6350
4	597	1	1021.1799	6	14	90	1	1	0.5729	0.9880
4	598	1	1022.7299	7	7	90	1	1	0.5736	1.3274
4	599	1	1024.2798	5	6	0	1	1	0.5743	1.4575
4	600	1	1025.8463	8	2	90	1	1	0.5750	1.4415
4	601	1	1118.7747	7	7	90	0	1	0.5740	1.4903
4	602	1	1120.8247	8	2	90	-1	0	0.5731	-1.0000
4	603	1	1122.8412	5	6	0	1	1	0.5738	0.6866
4	604	1	1124.3912	6	14	0	1	1	0.5745	0.7541
4	605	1	1125.9411	7	7	90	0	1	0.5736	0.7227
4	606	1	1127.4910	8	2	0	1	1	0.5743	1.0303
4	607	1	1129.0409	6	14	0	1	1	0.5750	0.9191
4	608	1	1130.5908	8	2	0	1	1	0.5757	0.8110
4	609	1	1132.1408	6	14	0	1	1	0.5764	0.8600
4	610	1	1133.6907	4	5	90	1	1	0.5770	1.2771
4	611	1	1135.2405	5	6	0	1	1	0.5777	0.9124
4	612	1	1136.7905	6	14	0	1	1	0.5784	0.7866
4	613	1	1138.3404	8	2	0	1	1	0.5791	0.8368
4	614	1	1139.8904	6	14	0	1	1	0.5798	0.9975
4	615	1	1141.4403	8	2	0	1	1	0.5805	0.7769
4	616	1	1142.9902	6	14	0	1	1	0.5812	0.7148
4	617	1	1144.5401	4	5	0	1	1	0.5818	1.0850
4	618	1	1146.0900	6	14	0	1	1	0.5825	0.8938
4	619	1	1147.6399	7	7	0	1	1	0.5832	0.7691
4	620	1	1149.1899	6	14	90	1	1	0.5839	1.4438
4	621	1	1150.7398	5	6	0	1	1	0.5845	1.1885
4	622	1	1152.2897	6	14	90	1	1	0.5852	1.1106
4	623	1	1153.8396	4	5	0	1	1	0.5859	1.0495
4	624	1	1155.3895	6	14	90	0	1	0.5849	0.8116
4	625	1	1156.9395	8	2	0	1	1	0.5856	0.9091
4	626	1	1158.4894	6	14	0	1	1	0.5863	0.8636
4	627	1	1160.0393	5	6	90	0	1	0.5853	1.0087
4	628	1	1161.5892	6	14	0	1	1	0.5860	0.8507
4	629	1	1163.1391	4	5	0	1	1	0.5866	0.8700
4	630	1	1164.6891	5	6	0	1	1	0.5873	1.1920
4	631	1	1166.2389	6	14	0	1	1	0.5880	0.8260
4	632	1	1167.7889	5	6	90	-1	0	0.5870	-1.0000
4	633	1	1169.8388	7	7	0	1	1	0.5877	0.8901
4	634	1	1171.3887	5	6	90	0	1	0.5868	1.1481
4	635	1	1173.1053	8	2	0	1	1	0.5874	0.8226
4	636	1	1174.6552	7	7	0	1	1	0.5881	0.7300
4	637	1	1176.2051	6	14	0	1	1	0.5887	0.7960
4	638	1	1177.7550	5	6	0	-1	0	0.5878	-1.0000
4	639	1	1179.7883	6	14	0	1	1	0.5884	0.1250
4	640	1	1181.3382	5	6	0	1	1	0.5891	0.5737
4	641	1	1182.8881	6	14	0	1	1	0.5897	0.6078
4	642	1	1184.4380	5	6	0	1	1	0.5903	0.8992
4	643	1	1185.9879	4	5	0	1	1	0.5910	0.8693
4	644	1	1187.5378	6	14	0	1	1	0.5916	0.7113
4	645	1	1189.0878	4	5	0	1	1	0.5922	0.7292
4	646	1	1190.6377	5	6	90	0	1	0.5913	0.8424
4	647	1	1192.1876	6	14	0	1	1	0.5920	0.7660
4	648	1	1193.7375	4	5	90	0	1	0.5910	0.6717
4	649	1	1195.2874	6	14	0	1	1	0.5917	0.5624
4	650	1	1196.8374	7	7	0	1	1	0.5923	1.0922
4	651	1	1198.3873	5	6	0	1	1	0.5929	1.3018
4	652	1	1199.9372	7	7	90	1	1	0.5936	0.9519
4	653	1	1201.4871	8	2	0	1	1	0.5942	0.8099
4	654	1	1203.0370	9	15	0	1	1	0.5948	1.2109
4	655	1	1204.5870	12	12	0	1	1	0.5954	1.1181
4	656	1	1206.1369	13	10	0	1	1	0.5960	0.8159
4	657	1	1207.6868	11	3	0	1	1	0.5967	0.7383
4	658	1	1209.2367	13	10	0	1	1	0.5973	1.1243
4	659	1	1210.7866	12	12	0	1	1	0.5979	1.4774
4	660	1	1212.4032	10	13	0	1	1	0.5985	0.9017
4	661	1	1213.9531	13	10	0	1	1	0.5991	0.8560
4	662	1	1215.5030	10	13	0	1	1	0.5997	1.1613
4	663	1	1217.0529	12	12	0	1	1	0.6003	0.9398
4	664	1	1218.6029	13	10	0	-1	0	0.5994	-1.0000
4	665	1	1220.6528	14	4	0	1	1	0.6000	0.7962
4	666	1	1222.2027	15	1	0	1	1	0.6006	0.7824
4	667	1	1223.7526	1	9	0	1	1	0.6012	1.2474
4	668	1	1225.3025	3	8	0	1	1	0.6018	0.7706
4	669	1	1226.8525	2	11	0	1	1	0.6024	1.3005
4	670	1	1228.4024	14	4	0	0	1	0.6015	1.2387
4	671	1	1230.2356	1	9	0	1	1	0.6021	0.8294
4	672	1	1231.7855	3	8	0	1	1	0.6027	0.9277
4	673	1	1233.3355	2	11	0	1	1	0.6033	1.4244
4	674	1	1234.8854	15	1	0	-1	0	0.6024	-1.0000
4	675	1	1236.9019	1	9	0	0	1	0.6015	0.9789
4	676	1	1238.4519	14	4	90	0	1	0.6006	0.9331
4	677	1	1240.0018	1	9	0	1	1	0.6012	0.8711
4	678	1	1241.5517	2	11	0	1	1	0.6018	1.0322
4	679	1	1243.1016	14	4	0	1	1	0.6024	0.8263
4	680	1	1244.6515	13	10	0	1	1	0.6029	0.7483
4	681	1	1246.2014	10	13	0	1	1	0.6035	0.6398
4	682	1	1247.7514	13	10	0	1	1	0.6041	0.6565
4	683	1	1249.3013	10	13	0	1	1	0.6047	0.5785
4	684	1	1250.8512	9	15	0	1	1	0.6053	0.8059
4	685	1	1252.4011	12	12	0	1	1	0.6058	0.6322
4	686	1	1253.9510	10	13	0	1	1	0.6064	0.6183
4	687	1	1255.5009	13	10	0	1	1	0.6070	0.4922
4	688	1	1257.0509	12	12	90	0	1	0.6061	0.5089
4	689	1	1258.6008	10	13	0	1	1	0.6067	0.5917
4	690	1	1260.1507	13	10	0	1	1	0.6072	0.5777
4	691	1	1261.7006	10	13	90	1	1	0.6078	1.2206
4	692	1	1263.2505	11	3	90	1	1	0.6084	1.1426
4	693	1	1264.8005	10	13	0	1	1	0.6089	0.7914
4	694	1	1266.3504	12	12	0	1	1	0.6095	0.9374
4	695	1	1267.9003	11	3	0	1	1	0.6101	0.6530
4	696	1	1269.4502	10	13	0	1	1	0.6106	0.6229
4	697	1	1271.0002	11	3	0	1	1	0.6112	0.5449
4	698	1	1272.5501	13	10	90	0	1	0.6103	0.7217
4	699	1	1274.1000	11	3	0	1	1	0.6109	0.5329
4	700	1	1275.6499	13	10	0	1	1	0.6114	0.7590
4	701	1	1277.1998	10	13	0	1	1	0.6120	0.6493
4	702	1	1278.7497	12	12	90	0	1	0.6111	0.6832
4	703	1	1280.2997	11	3	0	1	1	0.6117	0.7013
4	704	1	1281.8496	13	10	0	1	1	0.6122	0.6874
4	705	1	1283.3995	14	4	0	1	1	0.6128	0.5936
4	706	1	1284.9494	13	10	0	1	1	0.6133	1.2516
4	707	1	1286.4993	10	13	0	1	1	0.6139	0.7098
4	708	1	1288.0493	9	15	0	1	1	0.6144	0.9030
4	709	1	1289.5992	10	13	0	1	1	0.6150	0.6017
4	710	1	1291.1491	13	10	0	1	1	0.6155	0.6352
4	711	1	1292.6990	12	12	0	1	1	0.6160	0.9899
4	712	1	1294.2489	10	13	0	1	1	0.6166	0.6087
4	713	1	1295.7988	9	15	0	1	1	0.6171	0.8509
4	714	1	1297.3487	10	13	0	1	1	0.6176	0.5482
4	715	1	1298.8987	13	10	0	1	1	0.6182	0.7093
4	716	1	1300.4486	12	12	0	1	1	0.6187	0.8248
4	717	1	1301.9985	10	13	0	1	1	0.6192	0.6507
4	718	1	1303.5484	13	10	90	1	1	0.6198	1.1635
4	719	1	1305.0984	12	12	0	1	1	0.6203	1.1988
4	720	1	1306.6483	9	15	0	1	1	0.6208	0.7051
4	721	1	1308.1982	11	3	90	0	1	0.6200	0.7229
4	722	1	1309.7481	12	12	0	1	1	0.6205	1.1557
4	723	1	1311.2980	13	10	90	1	1	0.6210	0.9030
4	724	1	1312.8479	11	3	0	1	1	0.6215	0.7443
4	725	1	1314.3979	13	10	0	1	1	0.6221	0.7631
4	726	1	1315.9478	14	4	0	1	1	0.6226	0.9729
4	727	1	1317.4977	1	9	0	-1	0	0.6217	-1.0000
4	728	1	1319.5643	2	11	0	-1	0	0.6209	-1.0000
4	729	1	1321.6141	1	9	0	1	1	0.6214	1.0177
4	730	1	1323.1640	3	8	0	1	1	0.6219	0.8450
4	731	1	1324.7140	15	1	0	1	1	0.6224	0.7018
4	732	1	1326.2639	14	4	0	1	1	0.6230	1.0236
4	733	1	1327.8138	1	9	0	1	1	0.6235	1.1700
4	734	1	1329.3637	14	4	0	0	1	0.6226	1.4121
4	735	1	1331.2803	1	9	0	1	1	0.6231	1.2715
4	736	1	1332.8302	3	8	0	1	1	0.6236	0.7143
4	737	1	1334.3802	4	5	0	1	1	0.6242	1.2769
4	738	1	1335.9301	6	14	0	1	1	0.6247	0.8298
4	739	1	1337.4800	5	6	0	1	1	0.6252	1.1536
4	740	1	1339.0299	8	2	0	1	1	0.6257	0.9793
4	741	1	1340.5798	5	6	0	1	1	0.6262	1.3972
4	742	1	1342.1297	8	2	0	1	1	0.6267	0.8381
4	743	1	1343.6797	9	15	0	1	1	0.6272	0.7930
4	744	1	1345.2296	11	3	0	1	1	0.6277	0.7795
4	745	1	1346.7795	12	12	90	0	1	0.6268	0.7980
4	746	1	1348.3294	10	13	0	1	1	0.6273	0.6064
4	747	1	1349.8793	11	3	0	1	1	0.6278	0.6729
4	748	1	1351.4293	12	12	0	1	1	0.6283	0.9785
4	749	1	1352.9792	10	13	0	1	1	0.6288	0.6446
4	750	1	1354.5291	12	12	0	1	1	0.6293	1.0799
4	751	1	1356.0790	9	15	0	1	1	0.6298	0.7128
4	752	1	1357.6289	12	12	0	1	1	0.6303	0.6830
4	753	1	1359.1789	11	3	0	1	1	0.6308	0.6369
4	754	1	1360.7288	9	15	0	1	1	0.6313	0.5110
4	755	1	1362.2787	8	2	90	1	1	0.6318	1.2811
4	756	1	1363.8286	6	14	0	1	1	0.6323	0.9803
4	757	1	1365.3785	7	7	0	1	1	0.6328	0.9654
4	758	1	1366.9284	6	14	90	1	1	0.6332	1.0955
4	759	1	1368.4784	4	5	90	1	1	0.6337	1.3385
4	760	1	1370.0283	3	8	0	1	1	0.6342	0.8605
4	761	1	1371.5782	4	5	0	1	1	0.6347	0.9749
4	762	1	1373.1281	7	7	0	1	1	0.6352	0.9437
4	763	1	1374.6781	4	5	0	1	1	0.6356	0.9957
4	764	1	1376.2279	6	14	90	1	1	0.6361	0.9164
4	765	1	1377.7779	5	6	0	0	1	0.6353	1.4619
4	766	1	1379.7778	4	5	0	1	1	0.6358	0.7433
4	767	1	1381.3277	6	14	0	1	1	0.6362	0.7762
4	768	1	1382.8776	7	7	90	1	1	0.6367	0.9703
4	769	1	1384.4275	6	14	0	1	1	0.6372	0.8457
4	770	1	1385.9775	7	7	0	1	1	0.6377	0.8783
4	771	1	1387.5274	4	5	0	1	1	0.6381	0.8977
4	772	1	1389.0773	5	6	90	1	1	0.6386	1.1718
4	773	1	1390.6272	6	14	0	1	1	0.6391	0.7887
4	774	1	1392.1771	4	5	0	1	1	0.6395	0.7600
4	775	1	1393.7270	3	8	0	1	1	0.6400	0.6648
4	776	1	1395.2770	4	5	0	1	1	0.6405	0.7469
4	777	1	1396.8268	3	8	0	1	1	0.6409	0.7020
4	778	1	1398.3768	15	1	0	1	1	0.6414	0.7511
4	779	1	1399.9267	3	8	0	1	1	0.6418	0.6582
4	780	1	1401.4766	2	11	90	1	1	0.6423	0.9004
4	781	1	1403.0266	1	9	0	0	1	0.6415	1.3505
4	782	1	1404.9431	15	1	0	1	1	0.6419	0.6488
4	783	1	1406.4930	14	4	0	1	1	0.6424	1.2748
4	784	1	1408.0429	13	10	0	1	1	0.6429	0.9100
4	785	1	1409.5929	12	12	0	1	1	0.6433	0.8800
4	786	1	1411.1428	9	15	90	1	1	0.6438	1.0890
4	787	1	1412.6927	8	2	0	1	1	0.6442	0.6924
4	788	1	1414.2427	7	7	90	1	1	0.6447	1.4137
4	789	1	1415.7925	6	14	0	1	1	0.6451	0.7912
4	790	1	1417.3425	7	7	0	1	1	0.6456	0.6183
4	791	1	1418.8924	8	2	0	1	1	0.6460	0.7164
4	792	1	1420.4423	6	14	0	1	1	0.6465	0.8149
4	793	1	1421.9922	7	7	90	1	1	0.6469	1.2969
4	794	1	1423.5421	6	14	0	1	1	0.6474	0.7857
4	795	1	1425.0921	7	7	0	1	1	0.6478	0.8690
4	796	1	1426.6420	5	6	0	0	1	0.6470	1.4631
4	797	1	1428.6252	4	5	90	0	1	0.6462	0.7602
4	798	1	1430.1751	7	7	0	1	1	0.6466	0.6980
4	799	1	1431.7250	5	6	0	1	1	0.6471	0.9554
4	800	1	1433.2749	4	5	0	1	1	0.6475	0.7021
4	801	1	1434.8249	5	6	0	1	1	0.6479	0.9121
4	802	1	1436.3748	4	5	0	1	1	0.6484	0.7063
4	803	1	1437.9247	3	8	90	1	1	0.6488	1.0281
4	804	1	1439.4746	1	9	0	0	1	0.6480	1.1732
4	805	1	1441.1579	2	11	0	1	1	0.6484	0.6919
4	806	1	1442.7078	14	4	0	1	1	0.6489	0.8852
4	807	1	1444.2577	1	9	90	0	1	0.6481	1.0791
4	808	1	1445.8910	2	11	0	1	1	0.6485	0.7408
4	809	1	1447.4409	3	8	0	1	1	0.6489	0.6963
4	810	1	1448.9908	4	5	0	1	1	0.6494	0.7463
4	811	1	1450.5407	7	7	90	0	1	0.6486	1.2117
4	812	1	1452.3073	6	14	0	-1	0	0.6478	-1.0000
4	813	1	1454.3405	8	2	0	1	1	0.6482	0.8045
4	814	1	1455.8904	6	14	0	1	1	0.6486	0.7591
4	815	1	1457.4404	8	2	90	1	1	0.6491	0.9843
4	816	1	1458.9903	5	6	0	1	1	0.6495	1.1787
4	817	1	1460.5402	8	2	0	1	1	0.6499	0.7163
4	818	1	1462.0901	6	14	0	1	1	0.6504	0.7337
4	819	1	1463.6400	8	2	0	1	1	0.6508	0.8170
4	820	1	1465.1900	7	7	90	1	1	0.6512	1.2838
4	821	1	1466.7399	6	14	0	1	1	0.6516	0.8205
4	822	1	1468.2898	8	2	0	1	1	0.6521	0.8072
4	823	1	1469.8397	9	15	0	1	1	0.6525	0.8265
4	824	1	1471.3896	10	13	0	1	1	0.6529	0.7957
4	825	1	1472.9396	12	12	0	1	1	0.6533	0.9419
4	826	1	1474.4895	13	10	0	1	1	0.6538	0.7360
4	827	1	1476.0394	14	4	0	1	1	0.6542	0.9297
4	828	1	1477.5893	1	9	90	0	1	0.6534	1.1065
4	829	1	1479.2392	2	11	0	1	1	0.6538	0.7220
4	830	1	1480.7891	3	8	0	1	1	0.6542	0.7708
4	831	1	1482.3390	4	5	0	1	1	0.6546	0.7420
4	832	1	1483.8890	7	7	90	0	1	0.6538	0.6643
4	833	1	1485.4389	4	5	90	1	1	0.6543	0.8895
4	834	1	1486.9888	7	7	0	1	1	0.6547	0.7325
4	835	1	1488.5387	4	5	0	1	1	0.6551	0.6849
4	836	1	1490.0886	6	14	0	1	1	0.6555	0.6089
4	837	1	1491.6386	8	2	0	1	1	0.6559	0.6252
4	838	1	1493.1885	7	7	0	1	1	0.6563	0.6593
4	839	1	1494.7384	8	2	0	1	1	0.6567	0.7108
4	840	1	1496.2883	7	7	0	1	1	0.6571	0.6808
4	841	1	1497.8383	6	14	0	1	1	0.6576	0.6512
4	842	1	1499.3881	4	5	90	1	1	0.6580	0.8931
4	843	1	1500.9381	5	6	0	1	1	0.6584	0.9897
4	844	1	1502.4880	8	2	90	0	1	0.6576	0.5768
4	845	1	1504.0379	6	14	90	0	1	0.6568	0.6259
4	846	1	1505.5878	4	5	0	1	1	0.6572	0.6760
4	847	1	1507.1378	5	6	0	1	1	0.6576	0.9352
4	848	1	1508.6877	6	14	0	1	1	0.6580	0.7761
4	849	1	1510.2376	8	2	0	1	1	0.6584	0.6982
4	850	1	1511.7875	5	6	90	1	1	0.6588	1.0538
4	851	1	1513.3374	4	5	0	1	1	0.6592	0.8625
4	852	1	1514.8873	3	8	90	1	1	0.6596	0.7537
4	853	1	1516.4372	2	11	90	1	1	0.6600	0.9786
4	854	1	1517.9872	15	1	0	1	1	0.6604	0.7727
4	855	1	1519.5371	1	9	0	1	1	0.6608	1.2564
4	856	1	1521.0870	14	4	0	0	1	0.6600	1.2424
4	857	1	1522.9036	2	11	0	1	1	0.6604	1.0242
4	858	1	1524.4535	14	4	0	-1	0	0.6597	-1.0000
4	859	1	1526.5034	15	1	0	1	1	0.6601	0.9140
4	860	1	1528.0533	2	11	0	1	1	0.6605	0.8345
4	861	1	1529.6032	3	8	0	1	1	0.6609	0.9179
4	862	1	1531.1531	1	9	0	1	1	0.6613	0.9840
4	863	1	1532.7031	2	11	0	1	1	0.6616	0.6981
4	864	1	1534.2530	14	4	0	1	1	0.6620	0.9725
4	865	1	1535.8029	1	9	0	1	1	0.6624	1.3250
4	866	1	1537.3528	15	1	0	1	1	0.6628	0.7362
4	867	1	1538.9028	3	8	0	1	1	0.6632	0.7222
4	868	1	1540.4527	15	1	0	1	1	0.6636	0.6281
4	869	1	1542.0026	1	9	0	1	1	0.6640	0.9183
4	870	1	1543.5525	2	11	0	1	1	0.6644	0.7448
4	871	1	1545.1023	15	1	0	1	1	0.6648	0.6348
4	872	1	1546.6523	2	11	0	1	1	0.6651	0.8766
4	873	1	1548.2022	14	4	90	1	1	0.6655	1.4536
4	874	1	1549.8022	1	9	0	1	1	0.6659	1.1990
4	875	1	1551.3521	3	8	0	1	1	0.6663	0.7368
4	876	1	1552.9020	15	1	0	1	1	0.6667	0.6738
4	877	1	1554.4519	1	9	0	1	1	0.6670	0.8696
4	878	1	1556.0018	2	11	90	1	1	0.6674	1.1753
4	879	1	1557.5518	15	1	0	1	1	0.6678	0.7280
4	880	1	1559.1017	2	11	0	1	1	0.6682	0.9700
4	881	1	1560.6516	15	1	0	1	1	0.6686	0.6853
4	882	1	1562.2015	3	8	90	1	1	0.6689	0.7833
4	883	1	1563.7514	15	1	0	1	1	0.6693	0.6883
4	884	1	1565.3014	2	11	90	1	1	0.6697	0.8664
4	885	1	1566.8513	15	1	0	1	1	0.6701	0.7103
4	886	1	1568.4012	1	9	0	1	1	0.6704	1.2235
4	887	1	1569.9511	3	8	0	1	1	0.6708	0.6647
4	888	1	1571.5010	15	1	0	1	1	0.6712	0.6519
4	889	1	1573.0510	14	4	0	1	1	0.6715	1.0702
4	890	1	1574.6009	13	10	90	-1	0	0.6708	-1.0000
4	891	1	1576.6508	10	13	0	1	1	0.6712	0.6223
4	892	1	1578.2006	9	15	0	0	1	0.6704	0.7521
4	893	1	1579.7506	8	2	90	1	1	0.6708	0.8653
4	894	1	1581.3005	6	14	0	1	1	0.6711	0.7405
4	895	1	1582.8504	4	5	0	1	1	0.6715	0.8694
4	896	1	1584.4004	6	14	0	1	1	0.6719	0.9845
4	897	1	1585.9503	8	2	0	1	1	0.6722	0.7306
4	898	1	1587.5002	6	14	0	1	1	0.6726	0.6676
4	899	1	1589.0501	8	2	90	1	1	0.6730	1.3747
4	900	1	1590.6000	5	6	0	1	1	0.6733	1.3917
4	901	1	1592.1499	4	5	0	1	1	0.6737	0.7541
4	902	1	1593.6999	6	14	0	1	1	0.6741	0.6438
4	903	1	1595.2498	4	5	0	1	1	0.6744	0.6949
4	904	1	1596.7997	7	7	0	1	1	0.6748	0.7294
4	905	1	1598.3496	4	5	0	1	1	0.6751	0.6993
4	906	1	1599.8996	7	7	0	1	1	0.6755	0.7174
4	907	1	1601.4495	8	2	0	1	1	0.6759	0.6703
4	908	1	1602.9994	7	7	0	1	1	0.6762	0.5778
4	909	1	1604.5493	5	6	0	1	1	0.6766	1.1082
4	910	1	1606.0992	6	14	0	1	1	0.6769	0.7098
4	911	1	1607.6491	4	5	0	1	1	0.6773	0.7287
4	912	1	1609.1991	7	7	0	1	1	0.6776	0.6980
4	913	1	1610.7490	6	14	90	1	1	0.6780	1.0360
4	914	1	1612.2989	4	5	0	1	1	0.6783	0.8942
4	915	1	1613.8488	6	14	90	-1	0	0.6776	-1.0000
4	916	1	1615.9487	5	6	0	1	1	0.6779	1.1484
4	917	1	1617.4986	4	5	0	1	1	0.6783	0.7664
4	918	1	1619.0486	5	6	0	1	1	0.6786	0.9285
4	919	1	1620.5985	7	7	0	1	1	0.6790	0.7551
4	920	1	1622.1484	6	14	90	1	1	0.6793	0.9642
4	921	1	1623.6983	5	6	0	1	1	0.6797	0.7578
4	922	1	1625.2482	4	5	0	1	1	0.6800	0.6967
4	923	1	1626.7981	5	6	0	1	1	0.6804	0.7470
4	924	1	1628.3481	7	7	0	1	1	0.6807	0.6687
4	925	1	1629.8980	4	5	0	1	1	0.6811	0.7177
4	926	1	1631.4478	7	7	0	1	1	0.6814	0.5920
4	927	1	1632.9978	6	14	0	1	1	0.6818	0.8672
4	928	1	1634.5477	5	6	0	1	1	0.6821	0.6765
4	929	1	1636.0977	4	5	90	-1	0	0.6814	-1.0000
4	930	1	1638.2142	3	8	90	0	1	0.6806	0.5936
4	931	1	1639.7641	4	5	0	1	1	0.6810	0.7236
4	932	1	1641.3141	5	6	90	0	1	0.6803	1.3656
4	933	1	1643.2640	8	2	0	1	1	0.6806	0.8250
4	934	1	1644.8139	9	15	0	1	1	0.6809	1.0031
4	935	1	1646.3638	12	12	0	1	1	0.6813	1.1492
4	936	1	1647.9137	10	13	90	0	1	0.6806	0.7352
4	937	1	1649.4636	9	15	0	1	1	0.6809	0.5772
4	938	1	1651.0135	10	13	90	0	1	0.6802	1.1076
4	939	1	1652.6468	13	10	0	1	1	0.6805	0.7210
4	940	1	1654.1967	12	12	0	1	1	0.6809	0.8350
4	941	1	1655.7466	9	15	0	1	1	0.6812	0.7891
4	942	1	1657.2965	8	2	0	1	1	0.6815	0.7284
4	943	1	1658.8465	7	7	0	1	1	0.6819	0.6973
4	944	1	1660.3964	8	2	0	1	1	0.6822	0.7794
4	945	1	1661.9463	5	6	0	1	1	0.6825	1.0393
4	946	1	1663.4962	6	14	0	1	1	0.6829	1.2014
4	947	1	1665.0461	5	6	0	1	1	0.6832	0.8830
4	948	1	1666.5961	7	7	0	1	1	0.6835	1.0598
4	949	1	1668.1460	5	6	0	1	1	0.6839	1.0794
4	950	1	1669.6959	8	2	0	1	1	0.6842	0.7132
4	951	1	1671.2458	7	7	90	1	1	0.6845	1.3229
4	952	1	1672.7958	4	5	90	-1	0	0.6838	-1.0000
4	953	1	1674.8289	3	8	90	1	1	0.6842	0.1244
4	954	1	1676.4122	2	11	0	-1	0	0.6834	-1.0000
4	955	1	1678.4621	1	9	0	0	1	0.6827	1.3387
4	956	1	1680.3287	3	8	0	1	1	0.6831	0.6884
4	957	1	1681.8786	1	9	0	1	1	0.6834	0.9463
4	958	1	1683.4285	2	11	90	0	1	0.6827	0.6753
4	959	1	1684.9784	3	8	90	1	1	0.6830	0.8863
4	960	1	1686.5283	2	11	90	1	1	0.6833	1.0807
4	961	1	1688.0783	15	1	90	1	1	0.6837	1.0188
4	962	1	1689.6282	1	9	0	-1	0	0.6830	-1.0000
4	963	1	1691.6447	2	11	90	1	1	0.6833	1.0200
4	964	1	1693.1946	3	8	90	1	1	0.6836	0.8943
4	965	1	1694.7446	4	5	0	1	1	0.6839	1.0572
4	966	1	1696.2945	6	14	0	1	1	0.6843	0.8812
4	967	1	1697.8444	8	2	90	1	1	0.6846	0.9972
4	968	1	1699.3943	9	15	0	1	1	0.6849	0.7747
4	969	1	1700.9443	12	12	90	0	1	0.6842	1.0803
4	970	1	1702.6108	13	10	0	1	1	0.6845	0.7089
4	971	1	1704.1607	12	12	0	0	1	0.6838	0.7764
4	972	1	1705.7107	10	13	0	1	1	0.6842	0.7305
4	973	1	1707.2606	9	15	0	1	1	0.6845	0.6832
4	974	1	1708.8105	12	12	0	1	1	0.6848	0.8469
4	975	1	1710.3604	9	15	0	1	1	0.6851	0.6894
4	976	1	1711.9103	11	3	0	1	1	0.6855	1.0273
4	977	1	1713.4602	12	12	0	1	1	0.6858	0.9001
4	978	1	1715.0102	9	15	0	1	1	0.6861	0.6312
4	979	1	1716.5601	10	13	0	1	1	0.6864	0.6964
4	980	1	1718.1100	9	15	0	1	1	0.6867	0.6826
4	981	1	1719.6599	8	2	0	1	1	0.6871	0.7013
4	982	1	1721.2098	5	6	90	1	1	0.6874	0.9259
4	983	1	1722.7598	6	14	0	1	1	0.6877	0.8491
4	984	1	1724.3097	8	2	0	1	1	0.6880	0.6598
4	985	1	1725.8596	7	7	0	1	1	0.6883	0.6601
4	986	1	1727.4095	5	6	0	1	1	0.6886	0.9515
4	987	1	1728.9594	7	7	0	1	1	0.6890	0.7455
4	988	1	1730.5093	8	2	0	1	1	0.6893	0.6030
4	989	1	1732.0593	5	6	0	1	1	0.6896	0.8942
4	990	1	1733.6092	7	7	90	0	1	0.6889	0.7348
4	991	1	1735.1591	8	2	90	0	1	0.6882	0.6577
4	992	1	1736.7090	9	15	90	1	1	0.6885	1.2998
4	993	1	1738.2589	12	12	0	1	1	0.6888	0.9662
4	994	1	1739.8089	10	13	0	1	1	0.6891	0.7920
4	995	1	1741.3588	13	10	90	1	1	0.6894	1.1142
4	996	1	1742.9087	12	12	0	1	1	0.6898	1.0842
4	997	1	1744.4586	13	10	0	1	1	0.6901	0.7811
4	998	1	1746.0085	14	4	0	0	1	0.6894	0.9764
4	999	1	1747.5751	1	9	90	1	1	0.6897	1.1696
4	1000	1	1749.1251	14	4	0	1	1	0.6900	1.1240
4	1001	1	1750.6750	15	1	0	1	1	0.6903	0.8060
4	1002	1	1752.2249	1	9	90	0	1	0.6896	1.1282
4	1003	1	1753.8915	3	8	0	1	1	0.6899	0.8693
4	1004	1	1755.4414	4	5	0	1	1	0.6902	1.2712
4	1005	1	1756.9913	5	6	0	1	1	0.6905	1.1125
4	1006	1	1758.5412	7	7	90	0	1	0.6899	0.6186
4	1007	1	1760.0911	8	2	0	1	1	0.6902	0.6698
4	1008	1	1761.6411	7	7	0	1	1	0.6905	0.7839
4	1009	1	1763.1910	4	5	0	1	1	0.6908	1.2330
4	1010	1	1764.7409	7	7	0	1	1	0.6911	0.8043
4	1011	1	1766.2908	4	5	0	1	1	0.6914	0.6771
4	1012	1	1767.8407	3	8	0	1	1	0.6917	0.6470
4	1013	1	1769.3906	2	11	0	1	1	0.6920	0.7931
4	1014	1	1770.9406	15	1	0	1	1	0.6923	0.8431
4	1015	1	1772.4905	2	11	0	1	1	0.6926	1.0543
4	1016	1	1774.0404	15	1	90	1	1	0.6929	0.9126
4	1017	1	1775.5903	14	4	90	1	1	0.6932	1.0913
4	1018	1	1777.1402	15	1	0	1	1	0.6935	0.7405
4	1019	1	1778.6902	3	8	90	1	1	0.6938	0.8068
4	1020	1	1780.2401	2	11	0	1	1	0.6941	0.8405
4	1021	1	1781.7900	1	9	0	1	1	0.6944	0.8425
4	1022	1	1783.3399	14	4	90	0	1	0.6937	1.2918
4	1023	1	1785.1898	15	1	0	1	1	0.6940	0.7230
4	1024	1	1786.7397	3	8	0	1	1	0.6943	0.6600
4	1025	1	1788.2897	1	9	0	1	1	0.6946	0.9193
4	1026	1	1789.8396	14	4	90	0	1	0.6940	0.8894
4	1027	1	1791.3895	2	11	0	1	1	0.6943	0.5396
4	1028	1	1792.9394	1	9	0	1	1	0.6946	1.1484
4	1029	1	1794.4894	2	11	0	1	1	0.6948	0.6230
4	1030	1	1796.0392	15	1	0	1	1	0.6951	0.6270
4	1031	1	1797.5892	1	9	0	1	1	0.6954	0.6279
4	1032	1	1799.1391	14	4	90	0	1	0.6948	0.5980
4	1033	1	1800.6890	1	9	0	1	1	0.6951	1.0147
4	1034	1	1802.2389	2	11	0	1	1	0.6954	0.6809
4	1035	1	1803.7889	3	8	0	1	1	0.6957	0.5882
4	1036	1	1805.3387	15	1	90	0	1	0.6950	0.6545
4	1037	1	1806.8887	2	11	0	1	1	0.6953	0.8321
4	1038	1	1808.4386	14	4	0	0	1	0.6946	1.0732
4	1039	1	1810.0885	13	10	0	1	1	0.6949	0.4004
4	1040	1	1811.6384	11	3	0	1	1	0.6952	0.0990
4	1041	1	1813.1883	13	10	0	1	1	0.6955	0.6914
4	1042	1	1814.7383	11	3	0	1	1	0.6958	0.6454
4	1043	1	1816.2882	12	12	0	1	1	0.6961	0.8566
4	1044	1	1817.8381	9	15	0	1	1	0.6964	0.6508
4	1045	1	1819.3880	12	12	0	1	1	0.6967	0.8917
4	1046	1	1820.9379	13	10	0	1	1	0.6969	0.6063
4	1047	1	1822.4879	10	13	0	1	1	0.6972	0.5297
4	1048	1	1824.0378	9	15	0	1	1	0.6975	0.7219
4	1049	1	1825.5877	12	12	0	1	1	0.6978	0.6600
4	1050	1	1827.1376	13	10	0	1	1	0.6981	0.6795
4	1051	1	1828.6876	10	13	90	1	1	0.6984	1.2244
4	1052	1	1830.2374	11	3	90	0	1	0.6977	0.6999
4	1053	1	1831.7874	9	15	0	1	1	0.6980	0.5417
4	1054	1	1833.3373	11	3	0	1	1	0.6983	0.5909
4	1055	1	1834.8872	10	13	0	1	1	0.6986	1.0898
4	1056	1	1836.4371	13	10	0	1	1	0.6989	0.6107
4	1057	1	1837.9871	12	12	90	0	1	0.6982	0.6927
4	1058	1	1839.5370	9	15	90	1	1	0.6985	0.9028
4	1059	1	1841.0869	11	3	0	1	1	0.6988	0.6969
4	1060	1	1842.6368	12	12	0	1	1	0.6991	0.8434
4	1061	1	1844.1867	13	10	0	1	1	0.6993	0.7497
4	1062	1	1845.7366	14	4	0	1	1	0.6996	0.5450
4	1063	1	1847.2866	1	9	0	1	1	0.6999	0.9946
4	1064	1	1848.8365	14	4	90	1	1	0.7002	1.0753
4	1065	1	1850.3864	13	10	0	1	1	0.7005	0.6774
4	1066	1	1851.9363	10	13	0	1	1	0.7008	0.6961
4	1067	1	1853.4862	13	10	0	1	1	0.7010	0.6664
4	1068	1	1855.0361	14	4	0	1	1	0.7013	1.0207
4	1069	1	1856.5861	2	11	0	1	1	0.7016	0.7670
4	1070	1	1858.1360	15	1	0	1	1	0.7019	0.7517
4	1071	1	1859.6859	1	9	0	1	1	0.7021	1.1540
4	1072	1	1861.2358	3	8	0	1	1	0.7024	0.7732
4	1073	1	1862.7858	1	9	0	1	1	0.7027	0.5990
4	1074	1	1864.3357	3	8	0	1	1	0.7030	0.5531
4	1075	1	1865.8856	15	1	0	1	1	0.7033	0.5393
4	1076	1	1867.4355	1	9	0	1	1	0.7035	0.7813
4	1077	1	1868.9854	3	8	0	1	1	0.7038	0.5595
4	1078	1	1870.5353	1	9	0	1	1	0.7041	0.5134
4	1079	1	1872.0853	3	8	0	1	1	0.7044	0.5632
4	1080	1	1873.6352	1	9	0	1	1	0.7046	0.4539
4	1081	1	1875.1851	2	11	0	1	1	0.7049	0.6319
4	1082	1	1876.7350	1	9	0	1	1	0.7052	0.7460
4	1083	1	1878.2849	2	11	0	1	1	0.7054	0.6520
4	1084	1	1879.8349	3	8	0	1	1	0.7057	0.7180
4	1085	1	1881.3848	2	11	90	-1	0	0.7051	-1.0000
4	1086	1	1883.4347	14	4	0	0	1	0.7044	0.0169
4	1087	1	1884.9846	13	10	0	1	1	0.7047	0.8156
4	1088	1	1886.5345	10	13	0	1	1	0.7050	0.5464
4	1089	1	1888.0844	11	3	0	1	1	0.7052	0.7244
4	1090	1	1889.6343	9	15	0	1	1	0.7055	1.1905
4	1091	1	1891.1843	11	3	0	1	1	0.7058	0.6165
4	1092	1	1892.7342	13	10	0	1	1	0.7060	0.5547
4	1093	1	1894.2841	14	4	0	1	1	0.7063	0.9078
4	1094	1	1895.8340	15	1	0	1	1	0.7066	0.5897
4	1095	1	1897.3839	2	11	0	-1	0	0.7059	-1.0000
4	1096	1	1899.4171	15	1	0	1	1	0.7062	0.7358
4	1097	1	1900.9671	14	4	0	1	1	0.7065	1.2185
4	1098	1	1902.5169	13	10	0	1	1	0.7067	0.7709
4	1099	1	1904.0669	12	12	0	1	1	0.7070	0.5819
4	1100	1	1905.6168	9	15	90	0	1	0.7064	0.6803
4	1101	1	1907.1667	8	2	0	1	1	0.7066	0.7772
4	1102	1	1908.7167	5	6	0	1	1	0.7069	1.0528
4	1103	1	1910.2666	6	14	0	1	1	0.7072	0.7182
4	1104	1	1911.8165	4	5	0	1	1	0.7074	1.3930
4	1105	1	1913.3664	7	7	0	1	1	0.7077	1.1706
4	1106	1	1914.9163	5	6	90	1	1	0.7080	1.2845
4	1107	1	1916.4663	8	2	0	1	1	0.7082	1.0455
4	1108	1	1918.0162	5	6	0	1	1	0.7085	0.8889
4	1109	1	1919.5661	4	5	0	1	1	0.7087	0.7469
4	1110	1	1921.1160	7	7	0	1	1	0.7090	0.7489
4	1111	1	1922.6659	6	14	0	1	1	0.7093	0.9756
4	1112	1	1924.2159	5	6	0	1	1	0.7095	1.2331
4	1113	1	1925.7658	4	5	0	1	1	0.7098	0.8513
4	1114	1	1927.3157	7	7	0	1	1	0.7101	0.7091
4	1115	1	1928.8656	4	5	0	1	1	0.7103	0.8875
4	1116	1	1930.4155	6	14	0	1	1	0.7106	0.7452
4	1117	1	1931.9654	8	2	0	1	1	0.7108	0.7943
4	1118	1	1933.5153	5	6	90	1	1	0.7111	1.0219
4	1119	1	1935.0653	4	5	90	0	1	0.7105	1.1995
4	1120	1	1936.8652	3	8	0	1	1	0.7107	0.6946
4	1121	1	1938.4151	4	5	0	1	1	0.7110	0.7617
4	1122	1	1939.9650	5	6	0	1	1	0.7112	0.9883
4	1123	1	1941.5150	7	7	0	1	1	0.7115	0.7019
4	1124	1	1943.0649	4	5	0	1	1	0.7117	0.7681
4	1125	1	1944.6148	3	8	0	1	1	0.7120	0.6742
4	1126	1	1946.1647	4	5	0	1	1	0.7123	0.6910
4	1127	1	1947.7146	5	6	0	1	1	0.7125	1.1424
4	1128	1	1949.2645	4	5	0	1	1	0.7128	0.7444
4	1129	1	1950.8145	3	8	0	1	1	0.7130	0.7780
4	1130	1	1952.3644	1	9	0	1	1	0.7133	1.3565
4	1131	1	1953.9143	2	11	0	-1	0	0.7126	-1.0000
4	1132	1	1955.9808	14	4	0	1	1	0.7129	1.0670
4	1133	1	1957.5308	13	10	0	1	1	0.7132	0.6542
4	1134	1	1959.0807	14	4	0	1	1	0.7134	0.4962
4	1135	1	1960.6306	13	10	0	1	1	0.7137	0.6421
4	1136	1	1962.1805	14	4	0	1	1	0.7139	0.6433
4	1137	1	1963.7304	15	1	0	1	1	0.7142	1.4783
4	1138	1	1965.3637	1	9	0	1	1	0.7144	0.8211
4	1139	1	1966.9136	14	4	0	1	1	0.7147	0.6471
4	1140	1	1968.4635	1	9	0	1	1	0.7149	0.7122
4	1141	1	1970.0135	14	4	90	0	1	0.7143	0.8911
4	1142	1	1971.5634	15	1	0	1	1	0.7145	0.5723
4	1143	1	1973.1132	3	8	0	1	1	0.7148	0.6232
4	1144	1	1974.6632	2	11	0	1	1	0.7150	0.7377
4	1145	1	1976.2131	15	1	0	1	1	0.7153	0.6278
4	1146	1	1977.7630	3	8	0	1	1	0.7155	0.6139
4	1147	1	1979.3129	1	9	0	1	1	0.7158	0.8880
4	1148	1	1980.8629	3	8	0	1	1	0.7160	0.5693
4	1149	1	1982.4128	2	11	0	1	1	0.7163	0.6208
4	1150	1	1983.9627	14	4	90	1	1	0.7165	1.0543
4	1151	1	1985.5126	15	1	0	1	1	0.7168	0.6722
4	1152	1	1987.0625	3	8	90	1	1	0.7170	1.0747
4	1153	1	1988.6125	1	9	0	1	1	0.7173	1.0123
4	1154	1	1990.1624	15	1	0	1	1	0.7175	0.6946
4	1155	1	1991.7123	3	8	0	1	1	0.7177	0.6320
4	1156	1	1993.2622	1	9	90	0	1	0.7171	0.8267
4	1157	1	1994.8121	3	8	0	1	1	0.7174	0.6048
4	1158	1	1996.3621	4	5	0	1	1	0.7176	1.1189
4	1159	1	1997.9120	7	7	0	1	1	0.7179	1.0248
4	1160	1	1999.4619	4	5	90	1	1	0.7181	1.4418
4	1161	1	2001.1118	3	8	0	1	1	0.7183	0.7532
4	1162	1	2002.6617	1	9	0	1	1	0.7186	0.8507
4	1163	1	2004.2116	14	4	0	1	1	0.7188	0.4201
4	1164	1	2005.7616	15	1	0	1	1	0.7191	0.6941
4	1165	1	2007.3115	2	11	0	1	1	0.7193	0.6175
4	1166	1	2008.8614	1	9	0	1	1	0.7196	0.9237
4	1167	1	2010.4113	15	1	0	1	1	0.7198	0.6376
4	1168	1	2011.9612	3	8	0	1	1	0.7200	0.6718
4	1169	1	2013.5111	15	1	0	1	1	0.7203	0.6743
4	1170	1	2015.0611	3	8	0	1	1	0.7205	0.6440
4	1171	1	2016.6110	15	1	0	1	1	0.7208	0.5980
4	1172	1	2018.1609	14	4	0	0	1	0.7201	0.9680
4	1173	1	2019.7108	15	1	0	1	1	0.7204	0.6341
4	1174	1	2021.2608	1	9	90	0	1	0.7198	0.4909
4	1175	1	2022.8107	14	4	0	0	1	0.7191	1.2946
4	1176	1	2024.6272	13	10	90	0	1	0.7185	0.9498
4	1177	1	2026.1771	12	12	0	1	1	0.7188	0.9507
4	1178	1	2027.7271	13	10	90	0	1	0.7182	0.6982
4	1179	1	2029.2770	14	4	0	1	1	0.7184	0.8266
4	1180	1	2030.8269	2	11	0	1	1	0.7186	1.3899
4	1181	1	2032.4268	1	9	0	1	1	0.7189	0.7991
4	1182	1	2033.9767	3	8	90	1	1	0.7191	0.9120
4	1183	1	2035.5267	15	1	0	1	1	0.7194	0.7690
4	1184	1	2037.0766	3	8	0	1	1	0.7196	0.8682
4	1185	1	2038.6265	2	11	0	1	1	0.7198	1.0784
4	1186	1	2040.1764	15	1	0	1	1	0.7201	0.7753
4	1187	1	2041.7263	1	9	0	-1	0	0.7195	-1.0000
4	1188	1	2043.7596	15	1	0	1	1	0.7197	0.6335
4	1189	1	2045.3095	1	9	90	0	1	0.7191	0.8262
4	1190	1	2046.8594	14	4	0	1	1	0.7193	0.6682
4	1191	1	2048.4093	1	9	0	1	1	0.7196	1.1195
4	1192	1	2049.9592	2	11	0	1	1	0.7198	0.7056
4	1193	1	2051.5092	3	8	0	1	1	0.7200	0.6905
4	1194	1	2053.0591	1	9	0	1	1	0.7203	0.9655
4	1195	1	2054.6090	14	4	0	1	1	0.7205	0.9684
4	1196	1	2056.1589	2	11	0	1	1	0.7207	0.7777
4	1197	1	2057.7089	1	9	90	0	1	0.7201	0.6988
4	1198	1	2059.2588	14	4	0	1	1	0.7204	0.7169
4	1199	1	2060.8087	1	9	90	0	1	0.7198	1.2322
4	1200	1	2062.6252	3	8	0	1	1	0.7200	0.7112
4	1201	1	2064.1752	1	9	0	0	1	0.7194	0.7125
4	1202	1	2065.7251	14	4	90	0	1	0.7188	0.8438
4	1203	1	2067.2750	13	10	90	0	1	0.7182	0.7499
4	1204	1	2068.8249	14	4	0	1	1	0.7184	1.1039
4	1205	1	2070.3748	1	9	0	1	1	0.7187	1.2810
4	1206	1	2071.9247	15	1	0	1	1	0.7189	1.2510
4	1207	1	2073.4747	2	11	0	1	1	0.7191	1.0622
4	1208	1	2075.0246	15	1	0	1	1	0.7194	0.5844
4	1209	1	2076.5745	3	8	0	1	1	0.7196	0.6189
4	1210	1	2078.1244	4	5	0	1	1	0.7198	0.7645
4	1211	1	2079.6743	7	7	0	1	1	0.7201	0.7825
4	1212	1	2081.2243	4	5	0	1	1	0.7203	0.6728
4	1213	1	2082.7742	7	7	0	1	1	0.7205	0.7546
4	1214	1	2084.3241	5	6	0	1	1	0.7208	0.8376
4	1215	1	2085.8740	8	2	0	1	1	0.7210	0.5192
4	1216	1	2087.4239	7	7	0	1	1	0.7212	0.5691
4	1217	1	2088.9739	5	6	0	1	1	0.7214	0.8431
4	1218	1	2090.5238	7	7	0	1	1	0.7217	0.8291
4	1219	1	2092.0737	8	2	0	1	1	0.7219	0.6710
4	1220	1	2093.6236	9	15	0	1	1	0.7221	0.8013
4	1221	1	2095.1735	11	3	90	1	1	0.7224	1.1381
4	1222	1	2096.7235	13	10	0	1	1	0.7226	0.8212
4	1223	1	2098.2734	11	3	0	1	1	0.7228	0.6624
4	1224	1	2099.8233	10	13	0	1	1	0.7230	0.7776
4	1225	1	2101.3732	11	3	0	1	1	0.7233	0.6985
4	1226	1	2102.9231	13	10	0	1	1	0.7235	0.5903
4	1227	1	2104.4731	11	3	90	1	1	0.7237	0.9586
4	1228	1	2106.0230	12	12	0	1	1	0.7239	0.9621
4	1229	1	2107.5729	9	15	0	1	1	0.7242	1.0281
4	1230	1	2109.1228	10	13	0	1	1	0.7244	0.7248
4	1231	1	2110.6727	11	3	0	1	1	0.7246	0.6469
4	1232	1	2112.2227	13	10	0	1	1	0.7248	0.6342
4	1233	1	2113.7726	14	4	0	0	1	0.7242	1.1961
4	1234	1	2115.5558	15	1	0	1	1	0.7245	0.5974
4	1235	1	2117.1057	3	8	0	1	1	0.7247	0.8075
4	1236	1	2118.6556	4	5	90	1	1	0.7249	1.0969
4	1237	1	2120.2055	5	6	0	1	1	0.7251	1.0353
4	1238	1	2121.7555	6	14	0	1	1	0.7254	0.7977
4	1239	1	2123.3054	5	6	0	1	1	0.7256	0.7824
4	1240	1	2124.8553	8	2	0	1	1	0.7258	0.6737
4	1241	1	2126.4052	9	15	0	1	1	0.7260	0.9319
4	1242	1	2127.9552	10	13	0	1	1	0.7262	0.6445
4	1243	1	2129.5051	9	15	0	1	1	0.7265	0.5827
4	1244	1	2131.0550	8	2	0	1	1	0.7267	0.7297
4	1245	1	2132.6049	6	14	0	1	1	0.7269	0.7802
4	1246	1	2134.1548	7	7	0	1	1	0.7271	0.7813
4	1247	1	2135.7047	6	14	90	1	1	0.7273	0.9429
4	1248	1	2137.2547	8	2	0	1	1	0.7276	0.7690
4	1249	1	2138.8046	9	15	0	1	1	0.7278	0.5964
4	1250	1	2140.3545	8	2	0	1	1	0.7280	0.6773
4	1251	1	2141.9044	5	6	0	1	1	0.7282	0.9523
4	1252	1	2143.4543	7	7	90	1	1	0.7284	0.9215
4	1253	1	2145.0043	5	6	90	0	1	0.7279	0.8925
4	1254	1	2146.5542	8	2	0	1	1	0.7281	0.5261
4	1255	1	2148.1041	7	7	0	1	1	0.7283	0.8155
4	1256	1	2149.6540	8	2	0	1	1	0.7285	1.1709
4	1257	1	2151.2039	7	7	0	1	1	0.7287	0.8199
4	1258	1	2152.7538	6	14	0	1	1	0.7289	0.7276
4	1259	1	2154.3038	7	7	0	1	1	0.7292	1.4161
4	1260	1	2155.8870	5	6	0	1	1	0.7294	1.2888
4	1261	1	2157.4369	7	7	90	1	1	0.7296	0.9402
4	1262	1	2158.9869	4	5	90	1	1	0.7298	1.1973
4	1263	1	2160.5367	6	14	90	1	1	0.7300	1.0082
4	1264	1	2162.0867	8	2	0	1	1	0.7302	1.3620
4	1265	1	2163.6366	5	6	90	1	1	0.7304	1.0923
4	1266	1	2165.1865	8	2	0	1	1	0.7306	0.8851
4	1267	1	2166.7364	9	15	0	1	1	0.7309	0.7752
4	1268	1	2168.2863	8	2	0	1	1	0.7311	1.1626
4	1269	1	2169.8363	6	14	0	1	1	0.7313	0.9728
4	1270	1	2171.3862	4	5	0	1	1	0.7315	1.3908
4	1271	1	2172.9361	6	14	0	1	1	0.7317	0.8320
4	1272	1	2174.4860	5	6	0	1	1	0.7319	0.8829
4	1273	1	2176.0360	4	5	0	1	1	0.7321	0.7090
4	1274	1	2177.5859	6	14	90	1	1	0.7323	0.9028
4	1275	1	2179.1358	8	2	0	1	1	0.7325	0.7452
4	1276	1	2180.6857	6	14	90	1	1	0.7328	0.7941
4	1277	1	2182.2356	7	7	0	1	1	0.7330	0.8448
4	1278	1	2183.7855	4	5	0	1	1	0.7332	0.6884
4	1279	1	2185.3355	6	14	90	1	1	0.7334	1.0570
4	1280	1	2186.8854	8	2	90	1	1	0.7336	1.1077
4	1281	1	2188.4353	9	15	0	1	1	0.7338	0.9975
4	1282	1	2189.9852	10	13	0	1	1	0.7340	0.7438
4	1283	1	2191.5351	9	15	0	-1	0	0.7334	-1.0000
4	1284	1	2193.5684	12	12	90	0	1	0.7329	1.4003
4	1285	1	2195.5349	9	15	0	1	1	0.7331	0.7618
4	1286	1	2197.0849	10	13	0	1	1	0.7333	0.6668
4	1287	1	2198.6348	12	12	90	1	1	0.7335	1.4543
4	1288	1	2200.2347	9	15	0	1	1	0.7337	0.8611
4	1289	1	2201.7846	8	2	0	1	1	0.7339	1.2483
4	1290	1	2203.3345	9	15	0	1	1	0.7341	1.3132
4	1291	1	2204.8844	12	12	0	1	1	0.7343	1.4291
4	1292	1	2206.4343	9	15	0	1	1	0.7345	0.8705
4	1293	1	2207.9843	11	3	0	1	1	0.7347	0.7611
4	1294	1	2209.5342	12	12	0	0	1	0.7342	0.8586
4	1295	1	2211.0841	11	3	0	1	1	0.7344	0.5727
4	1296	1	2212.6340	12	12	0	1	1	0.7346	1.4864
4	1297	1	2214.2506	9	15	0	1	1	0.7348	0.6868
4	1298	1	2215.8005	12	12	0	1	1	0.7350	0.8313
4	1299	1	2217.3504	13	10	0	1	1	0.7352	0.8025
4	1300	1	2218.9003	12	12	0	1	1	0.7354	0.6925
4	1301	1	2220.4503	9	15	0	1	1	0.7356	0.8059
4	1302	1	2222.0002	12	12	0	1	1	0.7358	0.9367
4	1303	1	2223.5501	10	13	0	1	1	0.7360	0.8593
4	1304	1	2225.1000	9	15	0	1	1	0.7362	1.4213
4	1305	1	2226.6833	10	13	0	1	1	0.7364	0.6844
4	1306	1	2228.2332	13	10	0	-1	0	0.7358	-1.0000
4	1307	1	2230.2498	11	3	0	1	1	0.7360	0.6699
4	1308	1	2231.7997	9	15	0	1	1	0.7362	0.4971
4	1309	1	2233.3496	11	3	0	1	1	0.7364	0.4515
4	1310	1	2234.8995	12	12	0	1	1	0.7366	0.6281
4	1311	1	2236.4495	10	13	90	1	1	0.7368	0.9342
4	1312	1	2237.9994	11	3	0	1	1	0.7370	0.6987
4	1313	1	2239.5493	13	10	0	1	1	0.7372	0.8592
4	1314	1	2241.0992	10	13	0	1	1	0.7374	1.1964
4	1315	1	2242.6491	11	3	0	1	1	0.7376	0.7676
4	1316	1	2244.1990	13	10	0	1	1	0.7378	0.5303
4	1317	1	2245.7490	11	3	90	1	1	0.7380	0.9787
4	1318	1	2247.2989	9	15	0	1	1	0.7382	0.8060
4	1319	1	2248.8488	11	3	0	1	1	0.7384	0.6481
4	1320	1	2250.3987	9	15	0	1	1	0.7386	0.6505
4	1321	1	2251.9486	11	3	0	1	1	0.7388	0.6050
4	1322	1	2253.4985	9	15	0	1	1	0.7390	0.6861
4	1323	1	2255.0485	8	2	0	1	1	0.7392	0.6725
4	1324	1	2256.5984	7	7	0	1	1	0.7394	0.8825
4	1325	1	2258.1483	8	2	0	1	1	0.7396	0.5793
4	1326	1	2259.6982	6	14	0	1	1	0.7398	0.6787
4	1327	1	2261.2481	7	7	0	1	1	0.7400	0.7128
4	1328	1	2262.7981	6	14	0	1	1	0.7402	0.6994
4	1329	1	2264.3480	4	5	90	1	1	0.7404	0.9397
4	1330	1	2265.8979	3	8	0	1	1	0.7406	0.8152
4	1331	1	2267.4478	2	11	0	1	1	0.7408	1.4891
4	1332	1	2269.0644	15	1	0	1	1	0.7410	0.6565
4	1333	1	2270.6143	14	4	0	0	1	0.7404	1.0261
4	1334	1	2272.1642	1	9	0	1	1	0.7406	0.4995
4	1335	1	2273.7141	2	11	0	1	1	0.7408	0.6149
4	1336	1	2275.2641	1	9	0	1	1	0.7410	0.8727
4	1337	1	2276.8140	3	8	0	1	1	0.7412	0.6510
4	1338	1	2278.3639	15	1	0	1	1	0.7414	0.6679
4	1339	1	2279.9138	1	9	90	0	1	0.7409	0.7353
4	1340	1	2281.4637	14	4	90	0	1	0.7403	0.8971
4	1341	1	2283.0137	1	9	0	1	1	0.7405	0.9317
4	1342	1	2284.5636	3	8	0	1	1	0.7407	0.6459
4	1343	1	2286.1135	1	9	0	1	1	0.7409	0.7902
4	1344	1	2287.6634	14	4	0	1	1	0.7411	1.0642
4	1345	1	2289.2133	13	10	0	1	1	0.7413	0.6671
4	1346	1	2290.7633	11	3	0	1	1	0.7415	0.8457
4	1347	1	2292.3132	10	13	90	1	1	0.7416	0.8944
4	1348	1	2293.8631	11	3	0	1	1	0.7418	0.6102
4	1349	1	2295.4130	13	10	0	1	1	0.7420	0.7066
4	1350	1	2296.9629	12	12	0	1	1	0.7422	0.9981
4	1351	1	2298.5129	9	15	0	1	1	0.7424	0.8722
4	1352	1	2300.0628	11	3	0	1	1	0.7426	0.6021
4	1353	1	2301.6127	12	12	0	1	1	0.7428	0.6687
4	1354	1	2303.1626	9	15	0	1	1	0.7430	0.8291
4	1355	1	2304.7125	10	13	0	1	1	0.7432	0.8482
4	1356	1	2306.2624	13	10	0	1	1	0.7434	1.1384
4	1357	1	2307.8124	11	3	0	1	1	0.7436	0.6124
4	1358	1	2309.3623	13	10	0	1	1	0.7437	1.0947
4	1359	1	2310.9122	11	3	0	1	1	0.7439	0.6314
4	1360	1	2312.4621	9	15	0	1	1	0.7441	0.6507
4	1361	1	2314.0120	8	2	0	1	1	0.7443	0.7165
4	1362	1	2315.5619	6	14	0	1	1	0.7445	0.7017
4	1363	1	2317.1119	8	2	90	1	1	0.7447	0.8332
4	1364	1	2318.6618	9	15	0	1	1	0.7449	0.7539
4	1365	1	2320.2117	12	12	0	1	1	0.7451	0.8052
4	1366	1	2321.7616	11	3	0	1	1	0.7452	0.5981
4	1367	1	2323.3115	12	12	90	1	1	0.7454	1.4974
4	1368	1	2324.9781	9	15	0	1	1	0.7456	0.6628
4	1369	1	2326.5281	10	13	90	1	1	0.7458	1.3210
4	1370	1	2328.0780	12	12	0	1	1	0.7460	0.6337
4	1371	1	2329.6279	11	3	0	1	1	0.7462	0.7158
4	1372	1	2331.1778	13	10	90	0	1	0.7456	0.7357
4	1373	1	2332.7277	12	12	90	1	1	0.7458	0.9450
4	1374	1	2334.2776	13	10	90	-1	0	0.7453	-1.0000
4	1375	1	2336.3275	12	12	0	1	1	0.7455	0.5453
4	1376	1	2337.8774	13	10	0	1	1	0.7456	0.1162
4	1377	1	2339.4274	11	3	0	1	1	0.7458	0.1658
4	1378	1	2340.9773	13	10	0	1	1	0.7460	0.3423
4	1379	1	2342.5272	10	13	0	1	1	0.7462	0.5204
4	1380	1	2344.0771	11	3	90	0	1	0.7457	0.5399
4	1381	1	2345.6270	12	12	0	1	1	0.7458	0.9901
4	1382	1	2347.1769	10	13	0	1	1	0.7460	0.6080
4	1383	1	2348.7269	9	15	0	1	1	0.7462	0.6729
4	1384	1	2350.2768	8	2	0	1	1	0.7464	1.4926
4	1385	1	2351.9434	7	7	0	1	1	0.7466	1.1056
4	1386	1	2353.4933	6	14	0	1	1	0.7468	0.7874
4	1387	1	2355.0432	5	6	0	1	1	0.7469	0.9817
4	1388	1	2356.5931	4	5	90	1	1	0.7471	0.9986
4	1389	1	2358.1431	5	6	0	1	1	0.7473	0.9058
4	1390	1	2359.6930	8	2	0	1	1	0.7475	0.7786
4	1391	1	2361.2429	6	14	90	1	1	0.7477	1.1489
4	1392	1	2362.7928	5	6	0	1	1	0.7478	0.8006
4	1393	1	2364.3427	6	14	0	1	1	0.7480	1.1849
4	1394	1	2365.8926	5	6	0	1	1	0.7482	0.8831
4	1395	1	2367.4425	4	5	0	1	1	0.7484	1.2544
4	1396	1	2368.9925	5	6	90	1	1	0.7486	1.0644
4	1397	1	2370.5424	7	7	0	1	1	0.7487	1.0025
4	1398	1	2372.0923	5	6	90	1	1	0.7489	1.3407
4	1399	1	2373.6422	8	2	90	0	1	0.7484	1.3105
4	1400	1	2375.5254	7	7	90	0	1	0.7479	0.6262
4	1	2	1.0167	15	1	0	-1	0	NaN	-1.0000
4	2	2	2.5499	1	9	0	-1	0	NaN	-1.0000
4	3	2	4.0831	15	1	0	-1	0	NaN	-1.0000
4	4	2	5.6164	3	8	0	-1	0	NaN	-1.0000
4	5	2	7.1496	15	1	0	-1	0	NaN	-1.0000
4	6	2	8.6829	1	9	0	-1	0	NaN	-1.0000
4	7	2	10.2162	2	11	0	-1	1	0.0000	1.0069
4	8	2	11.7494	3	8	0	-1	0	0.0000	-1.0000
4	9	2	13.2827	1	9	0	-1	0	0.0000	-1.0000
4	10	2	14.8159	14	4	0	-1	1	0.0000	0.8394
4	11	2	16.3492	2	11	0	-1	0	0.0000	-1.0000
4	12	2	17.8824	1	9	0	-1	0	0.0000	-1.0000
4	13	2	19.4157	15	1	0	-1	0	0.0000	-1.0000
4	14	2	20.9489	14	4	0	-1	0	0.0000	-1.0000
4	15	2	22.4822	13	10	0	-1	0	0.0000	-1.0000
4	16	2	24.0154	12	12	0	-1	0	0.0000	-1.0000
4	17	2	25.5487	11	3	0	-1	0	0.0000	-1.0000
4	18	2	27.0819	10	13	0	-1	0	0.0000	-1.0000
4	19	2	28.6152	9	15	0	-1	0	0.0000	-1.0000
4	20	2	30.1485	8	2	0	-1	0	0.0000	-1.0000
4	21	2	31.6817	7	7	0	-1	0	0.0000	-1.0000
4	22	2	33.2149	6	14	0	-1	0	0.0000	-1.0000
4	23	2	34.7482	5	6	0	-1	0	0.0000	-1.0000
4	24	2	36.2814	4	5	0	-1	0	0.0000	-1.0000
4	25	2	37.8147	3	8	0	-1	0	0.0000	-1.0000
4	26	2	39.3480	2	11	0	-1	0	0.0000	-1.0000
4	27	2	40.8812	1	9	0	-1	0	0.0000	-1.0000
4	28	2	42.4145	15	1	0	-1	0	0.0000	-1.0000
4	29	2	43.9477	14	4	0	-1	1	0.0000	1.0035
4	30	2	45.4810	13	10	0	-1	0	0.0000	-1.0000
4	31	2	47.0142	14	4	0	-1	1	0.2500	0.9610
4	32	2	48.5475	15	1	0	-1	0	0.2500	-1.0000
4	33	2	50.0807	14	4	0	-1	1	0.2000	1.0784
4	34	2	51.6140	15	1	0	-1	0	0.2000	-1.0000
4	35	2	53.1472	1	9	0	-1	1	0.1667	1.1318
4	36	2	54.6805	14	4	0	-1	0	0.1667	-1.0000
4	37	2	56.2137	1	9	0	-1	0	0.1667	-1.0000
4	38	2	57.7470	14	4	0	-1	0	0.1667	-1.0000
4	39	2	59.2802	1	9	0	-1	0	0.1667	-1.0000
4	40	2	60.8135	3	8	0	-1	0	0.1667	-1.0000
4	41	2	62.3468	1	9	0	-1	0	0.1667	-1.0000
4	42	2	63.8800	15	1	0	-1	0	0.1667	-1.0000
4	43	2	65.4133	1	9	0	-1	0	0.1667	-1.0000
4	44	2	66.9465	15	1	0	-1	0	0.1667	-1.0000
4	45	2	68.4798	2	11	0	-1	1	0.1429	1.1274
4	46	2	70.0130	3	8	0	-1	0	0.1429	-1.0000
4	47	2	71.5463	4	5	0	-1	0	0.1429	-1.0000
4	48	2	73.0795	5	6	0	-1	0	0.1429	-1.0000
4	49	2	74.6128	6	14	0	-1	0	0.1429	-1.0000
4	50	2	76.1460	7	7	0	-1	0	0.1429	-1.0000
4	51	2	77.6793	8	2	0	-1	0	0.1429	-1.0000
4	52	2	79.2125	9	15	0	-1	0	0.1429	-1.0000
4	53	2	80.7458	10	13	0	-1	0	0.1429	-1.0000
4	54	2	82.2791	11	3	0	-1	0	0.1429	-1.0000
4	55	2	83.8123	12	12	0	-1	0	0.1429	-1.0000
4	56	2	85.3456	13	10	0	-1	0	0.1429	-1.0000
4	57	2	86.8788	14	4	0	-1	0	0.1429	-1.0000
4	58	2	88.4121	15	1	0	-1	0	0.1429	-1.0000
4	59	2	89.9453	1	9	0	-1	0	0.1429	-1.0000
4	60	2	91.4786	2	11	0	-1	1	0.1250	1.1686
4	61	2	93.0118	1	9	0	-1	0	0.1250	-1.0000
4	62	2	94.5451	2	11	0	-1	0	0.1250	-1.0000
4	63	2	96.0783	14	4	0	-1	0	0.1250	-1.0000
4	64	2	97.6116	13	10	0	-1	0	0.1250	-1.0000
4	65	2	99.1448	11	3	0	-1	0	0.1250	-1.0000
4	66	2	100.6781	13	10	0	-1	0	0.1250	-1.0000
4	67	2	102.2113	12	12	0	-1	0	0.1250	-1.0000
4	68	2	103.7446	13	10	0	-1	0	0.1250	-1.0000
4	69	2	105.2778	12	12	0	-1	0	0.1250	-1.0000
4	70	2	106.8111	9	15	0	-1	0	0.1250	-1.0000
4	71	2	108.3444	10	13	0	-1	0	0.1250	-1.0000
4	72	2	109.8776	12	12	0	-1	0	0.1250	-1.0000
4	73	2	111.4109	11	3	0	-1	1	0.1111	1.0284
4	74	2	112.9441	13	10	0	-1	0	0.1111	-1.0000
4	75	2	114.4774	11	3	0	-1	1	0.1000	0.6976
4	76	2	116.0106	12	12	0	-1	0	0.1000	-1.0000
4	77	2	117.5439	13	10	0	-1	0	0.1000	-1.0000
4	78	2	119.0771	14	4	0	-1	1	0.1818	0.8184
4	79	2	120.6104	15	1	0	-1	0	0.1818	-1.0000
4	80	2	122.1436	1	9	0	-1	0	0.1818	-1.0000
4	81	2	123.6769	2	11	0	-1	0	0.1818	-1.0000
4	82	2	125.2101	3	8	0	-1	1	0.1667	0.9571
4	83	2	126.7434	4	5	0	-1	0	0.1667	-1.0000
4	84	2	128.2766	5	6	0	-1	0	0.1667	-1.0000
4	85	2	129.8099	6	14	0	-1	1	0.1538	0.9002
4	86	2	131.3431	7	7	0	-1	0	0.1538	-1.0000
4	87	2	132.8764	8	2	0	-1	1	0.1429	1.0668
4	88	2	134.4097	9	15	0	-1	0	0.1429	-1.0000
4	89	2	135.9429	10	13	0	-1	0	0.1429	-1.0000
4	90	2	137.4762	11	3	0	-1	0	0.1429	-1.0000
4	91	2	139.0094	12	12	0	-1	1	0.1333	0.6456
4	92	2	140.5427	13	10	0	-1	0	0.1333	-1.0000
4	93	2	142.0759	12	12	0	-1	1	0.1250	0.8114
4	94	2	143.6092	10	13	0	-1	0	0.1250	-1.0000
4	95	2	145.1424	9	15	0	-1	0	0.1250	-1.0000
4	96	2	146.6757	10	13	0	-1	0	0.1250	-1.0000
4	97	2	148.2089	12	12	0	-1	1	0.1176	0.9023
4	98	2	149.7422	10	13	0	-1	1	0.1111	1.3851
4	99	2	151.2754	12	12	0	-1	0	0.1111	-1.0000
4	100	2	152.8087	9	15	0	-1	0	0.1111	-1.0000
4	101	2	154.3419	10	13	0	-1	0	0.1111	-1.0000
4	102	2	155.8752	12	12	0	-1	1	0.1053	0.9804
4	103	2	157.4085	11	3	0	-1	1	0.1000	1.0464
4	104	2	158.9417	13	10	0	-1	1	0.0952	0.7939
4	105	2	160.4750	11	3	0	-1	1	0.0909	0.8763
4	106	2	162.0082	12	12	0	-1	1	0.0870	1.0539
4	107	2	163.5415	13	10	0	-1	0	0.0870	-1.0000
4	108	2	165.0747	14	4	0	-1	0	0.0870	-1.0000
4	109	2	166.6080	15	1	0	-1	0	0.0870	-1.0000
4	110	2	168.1412	1	9	0	-1	0	0.0870	-1.0000
4	111	2	169.6745	2	11	0	-1	0	0.0870	-1.0000
4	112	2	171.2078	3	8	0	-1	1	0.0833	1.3913
4	113	2	172.7410	4	5	0	-1	0	0.0833	-1.0000
4	114	2	174.2742	5	6	0	-1	0	0.0833	-1.0000
4	115	2	175.8075	6	14	0	-1	0	0.0833	-1.0000
4	116	2	177.3408	7	7	0	-1	0	0.0833	-1.0000
4	117	2	178.8740	8	2	0	-1	1	0.0800	0.4934
4	118	2	180.4072	9	15	0	-1	0	0.0800	-1.0000
4	119	2	181.9405	10	13	0	-1	1	0.0769	0.7386
4	120	2	183.4738	11	3	0	-1	0	0.0769	-1.0000
4	121	2	185.0070	9	15	0	-1	0	0.0769	-1.0000
4	122	2	186.5403	10	13	0	-1	0	0.0769	-1.0000
4	123	2	188.0735	9	15	0	-1	0	0.0769	-1.0000
4	124	2	189.6068	12	12	0	-1	0	0.0769	-1.0000
4	125	2	191.1400	13	10	0	-1	1	0.0741	1.2032
4	126	2	192.6733	11	3	0	-1	0	0.0741	-1.0000
4	127	2	194.2065	12	12	0	-1	0	0.0741	-1.0000
4	128	2	195.7398	11	3	0	-1	1	0.0714	0.1382
4	129	2	197.2730	9	15	0	-1	0	0.0714	-1.0000
4	130	2	198.8063	8	2	0	-1	0	0.0714	-1.0000
4	131	2	200.3395	5	6	0	-1	0	0.0714	-1.0000
4	132	2	201.8728	6	14	0	-1	0	0.0714	-1.0000
4	133	2	203.4061	4	5	0	-1	0	0.0714	-1.0000
4	134	2	204.9393	7	7	0	-1	1	0.0690	0.6363
4	135	2	206.4726	6	14	0	-1	0	0.0690	-1.0000
4	136	2	208.0058	7	7	0	-1	1	0.0667	0.5294
4	137	2	209.5391	8	2	0	-1	0	0.0667	-1.0000
4	138	2	211.0723	9	15	0	-1	0	0.0667	-1.0000
4	139	2	212.6056	10	13	0	-1	0	0.0667	-1.0000
4	140	2	214.1388	11	3	0	-1	1	0.0645	1.1325
4	141	2	215.6721	12	12	0	-1	0	0.0645	-1.0000
4	142	2	217.2053	13	10	0	-1	1	0.0625	0.9448
4	143	2	218.7386	14	4	0	-1	0	0.0625	-1.0000
4	144	2	220.2718	15	1	0	-1	0	0.0625	-1.0000
4	145	2	221.8051	1	9	0	-1	0	0.0625	-1.0000
4	146	2	223.3383	2	11	0	-1	0	0.0625	-1.0000
4	147	2	224.8716	3	8	0	-1	0	0.0625	-1.0000
4	148	2	226.4048	4	5	0	-1	0	0.0625	-1.0000
4	149	2	227.9381	5	6	0	-1	0	0.0625	-1.0000
4	150	2	229.4714	6	14	0	-1	0	0.0625	-1.0000
4	151	2	231.0046	8	2	0	-1	0	0.0625	-1.0000
4	152	2	232.5378	6	14	0	-1	0	0.0625	-1.0000
4	153	2	234.0711	4	5	0	-1	0	0.0625	-1.0000
4	154	2	235.6044	6	14	0	-1	0	0.0625	-1.0000
4	155	2	237.1376	8	2	0	-1	0	0.0625	-1.0000
4	156	2	238.6709	6	14	0	-1	1	0.0606	0.2960
4	157	2	240.2041	4	5	0	-1	0	0.0606	-1.0000
4	158	2	241.7373	3	8	0	-1	0	0.0606	-1.0000
4	159	2	243.2706	2	11	0	-1	1	0.0588	0.6885
4	160	2	244.8039	15	1	0	-1	0	0.0588	-1.0000
4	161	2	246.3371	14	4	0	-1	0	0.0588	-1.0000
4	162	2	247.8704	2	11	0	-1	0	0.0588	-1.0000
4	163	2	249.4036	3	8	0	-1	1	0.0571	0.3155
4	164	2	250.9369	15	1	0	-1	0	0.0571	-1.0000
4	165	2	252.4701	3	8	0	-1	0	0.0571	-1.0000
4	166	2	254.0034	2	11	0	-1	0	0.0571	-1.0000
4	167	2	255.5366	1	9	0	-1	0	0.0571	-1.0000
4	168	2	257.0699	15	1	0	-1	0	0.0571	-1.0000
4	169	2	258.6032	14	4	0	-1	0	0.0571	-1.0000
4	170	2	260.1364	13	10	0	-1	1	0.0833	0.3675
4	171	2	261.6697	12	12	0	-1	0	0.0833	-1.0000
4	172	2	263.2029	11	3	0	-1	0	0.0833	-1.0000
4	173	2	264.7362	10	13	0	-1	1	0.0811	0.6950
4	174	2	266.2694	9	15	0	-1	0	0.0811	-1.0000
4	175	2	267.8027	8	2	0	-1	1	0.1053	1.4686
4	176	2	269.3359	7	7	0	-1	1	0.1026	0.0168
4	177	2	270.8692	6	14	0	-1	0	0.1026	-1.0000
4	178	2	272.4025	5	6	0	-1	0	0.1026	-1.0000
4	179	2	273.9357	4	5	0	-1	1	0.1000	0.9192
4	180	2	275.4689	3	8	0	-1	0	0.1000	-1.0000
4	181	2	277.0022	4	5	0	-1	1	0.1220	1.1331
4	182	2	278.5354	7	7	0	-1	1	0.1190	1.1038
4	183	2	280.0687	8	2	0	-1	0	0.1190	-1.0000
4	184	2	281.6020	7	7	0	-1	1	0.1163	0.6453
4	185	2	283.1352	5	6	0	-1	1	0.1136	1.3199
4	186	2	284.6685	7	7	0	-1	0	0.1136	-1.0000
4	187	2	286.2017	4	5	0	-1	0	0.1136	-1.0000
4	188	2	287.7349	3	8	0	-1	0	0.1136	-1.0000
4	189	2	289.2682	4	5	0	-1	0	0.1136	-1.0000
4	190	2	290.8015	7	7	0	-1	0	0.1136	-1.0000
4	191	2	292.3347	4	5	0	-1	0	0.1136	-1.0000
4	192	2	293.8680	5	6	0	-1	1	0.1111	1.0994
4	193	2	295.4012	7	7	0	-1	1	0.1087	0.7657
4	194	2	296.9345	5	6	0	-1	1	0.1064	0.5440
4	195	2	298.4677	8	2	0	-1	1	0.1042	1.2503
4	196	2	300.0010	7	7	0	-1	1	0.1020	0.7903
4	197	2	301.5342	6	14	0	-1	0	0.1020	-1.0000
4	198	2	303.0675	5	6	0	-1	0	0.1020	-1.0000
4	199	2	304.6008	4	5	0	-1	0	0.1020	-1.0000
4	200	2	306.1340	3	8	0	-1	0	0.1020	-1.0000
4	201	2	307.6672	2	11	0	-1	1	0.1000	1.1718
4	202	2	309.2005	1	9	0	-1	1	0.0980	0.6467
4	203	2	310.7337	15	1	0	-1	0	0.0980	-1.0000
4	204	2	312.2670	14	4	0	-1	1	0.0962	1.3077
4	205	2	313.8003	13	10	0	-1	0	0.0962	-1.0000
4	206	2	315.3335	12	12	0	-1	0	0.0962	-1.0000
4	207	2	316.8668	11	3	0	-1	0	0.0962	-1.0000
4	208	2	318.4000	10	13	0	-1	0	0.0962	-1.0000
4	209	2	319.9333	9	15	0	-1	0	0.0962	-1.0000
4	210	2	321.4665	8	2	0	-1	0	0.0962	-1.0000
4	211	2	322.9998	5	6	0	-1	0	0.0962	-1.0000
4	212	2	324.5330	6	14	0	-1	0	0.0962	-1.0000
4	213	2	326.0663	8	2	0	-1	0	0.0962	-1.0000
4	214	2	327.5995	5	6	0	-1	0	0.0962	-1.0000
4	215	2	329.1328	4	5	0	-1	1	0.0943	1.1956
4	216	2	330.6661	6	14	0	-1	0	0.0943	-1.0000
4	217	2	332.1993	4	5	0	-1	0	0.0943	-1.0000
4	218	2	333.7326	6	14	0	-1	0	0.0943	-1.0000
4	219	2	335.2658	8	2	0	-1	1	0.0926	0.4851
4	220	2	336.7991	9	15	0	-1	1	0.1091	0.5522
4	221	2	338.3323	8	2	0	-1	0	0.1091	-1.0000
4	222	2	339.8656	5	6	0	-1	1	0.1071	0.0169
4	223	2	341.3988	8	2	0	-1	1	0.1053	0.1122
4	224	2	342.9321	9	15	0	-1	1	0.1207	1.3311
4	225	2	344.4653	12	12	0	-1	1	0.1186	1.4778
4	226	2	345.9986	11	3	0	-1	1	0.1167	0.0169
4	227	2	347.5318	10	13	0	-1	0	0.1167	-1.0000
4	228	2	349.0651	9	15	0	-1	1	0.1148	0.1259
4	229	2	350.5983	8	2	0	-1	1	0.1290	0.4329
4	230	2	352.1316	7	7	0	-1	0	0.1290	-1.0000
4	231	2	353.6648	6	14	0	-1	1	0.1270	0.7272
4	232	2	355.1981	5	6	0	-1	1	0.1250	1.0492
4	233	2	356.7313	4	5	0	-1	0	0.1250	-1.0000
4	234	2	358.2646	3	8	0	-1	1	0.1385	0.6071
4	235	2	359.7979	2	11	0	-1	1	0.1364	1.0571
4	236	2	361.3311	1	9	0	-1	0	0.1364	-1.0000
4	237	2	362.8644	15	1	0	-1	0	0.1364	-1.0000
4	238	2	364.3976	14	4	0	-1	0	0.1364	-1.0000
4	239	2	365.9309	13	10	0	-1	0	0.1364	-1.0000
4	240	2	367.4641	12	12	0	-1	1	0.1343	0.8949
4	241	2	368.9974	10	13	0	-1	0	0.1343	-1.0000
4	242	2	370.5306	13	10	0	-1	0	0.1343	-1.0000
4	243	2	372.0639	12	12	0	-1	1	0.1324	0.3912
4	244	2	373.5971	9	15	0	-1	0	0.1324	-1.0000
4	245	2	375.1304	8	2	0	-1	0	0.1324	-1.0000
4	246	2	376.6636	9	15	0	-1	1	0.1449	0.5264
4	247	2	378.1969	12	12	0	-1	0	0.1449	-1.0000
4	248	2	379.7301	13	10	0	-1	0	0.1449	-1.0000
4	249	2	381.2634	10	13	0	-1	1	0.1429	0.7598
4	250	2	382.7967	11	3	0	-1	0	0.1429	-1.0000
4	251	2	384.3299	9	15	0	-1	0	0.1429	-1.0000
4	252	2	385.8631	10	13	0	-1	1	0.1408	1.4869
4	253	2	387.3964	9	15	0	-1	1	0.1389	0.0168
4	254	2	388.9297	10	13	0	-1	0	0.1389	-1.0000
4	255	2	390.4629	9	15	0	-1	0	0.1389	-1.0000
4	256	2	391.9962	8	2	0	-1	0	0.1389	-1.0000
4	257	2	393.5294	7	7	0	-1	1	0.1370	1.4868
4	258	2	395.0627	6	14	0	-1	1	0.1351	0.0170
4	259	2	396.5959	5	6	0	-1	0	0.1351	-1.0000
4	260	2	398.1292	4	5	0	-1	1	0.1333	0.7259
4	261	2	399.6624	3	8	0	-1	0	0.1333	-1.0000
4	262	2	401.1957	2	11	0	-1	1	0.1316	0.9239
4	263	2	402.7289	1	9	0	-1	0	0.1316	-1.0000
4	264	2	404.2622	15	1	0	-1	1	0.1299	0.5768
4	265	2	405.7954	14	4	0	-1	0	0.1299	-1.0000
4	266	2	407.3287	13	10	0	-1	0	0.1299	-1.0000
4	267	2	408.8619	12	12	0	-1	1	0.1282	0.7281
4	268	2	410.3952	11	3	0	-1	0	0.1282	-1.0000
4	269	2	411.9284	10	13	0	-1	1	0.1266	0.5751
4	270	2	413.4617	9	15	0	-1	0	0.1266	-1.0000
4	271	2	414.9949	10	13	0	-1	0	0.1266	-1.0000
4	272	2	416.5282	11	3	0	-1	0	0.1266	-1.0000
4	273	2	418.0615	12	12	0	-1	0	0.1266	-1.0000
4	274	2	419.5947	11	3	0	-1	1	0.1250	0.6207
4	275	2	421.1280	12	12	0	-1	0	0.1250	-1.0000
4	276	2	422.6612	10	13	0	-1	0	0.1250	-1.0000
4	277	2	424.1945	9	15	0	-1	0	0.1250	-1.0000
4	278	2	425.7277	12	12	0	-1	1	0.1235	1.0314
4	279	2	427.2610	11	3	0	-1	0	0.1235	-1.0000
4	280	2	428.7942	12	12	0	-1	0	0.1235	-1.0000
4	281	2	430.3275	13	10	0	-1	0	0.1235	-1.0000
4	282	2	431.8607	11	3	0	-1	1	0.1220	0.9624
4	283	2	433.3940	10	13	0	-1	0	0.1220	-1.0000
4	284	2	434.9273	12	12	0	-1	0	0.1220	-1.0000
4	285	2	436.4605	13	10	0	-1	1	0.1205	1.3385
4	286	2	437.9938	14	4	0	-1	1	0.1310	0.0168
4	287	2	439.5270	15	1	0	-1	1	0.1294	0.3679
4	288	2	441.0603	1	9	0	-1	1	0.1279	1.4907
4	289	2	442.5935	2	11	0	-1	1	0.1264	0.0169
4	290	2	444.1268	3	8	0	-1	0	0.1264	-1.0000
4	291	2	445.6600	4	5	0	-1	1	0.1364	0.6030
4	292	2	447.1933	5	6	0	-1	0	0.1364	-1.0000
4	293	2	448.7265	6	14	0	-1	1	0.1348	0.3529
4	294	2	450.2598	7	7	0	-1	0	0.1348	-1.0000
4	295	2	451.7930	8	2	0	-1	1	0.1333	0.6946
4	296	2	453.3263	9	15	0	-1	0	0.1333	-1.0000
4	297	2	454.8595	10	13	0	-1	0	0.1333	-1.0000
4	298	2	456.3928	11	3	0	-1	1	0.1319	0.4301
4	299	2	457.9261	12	12	0	-1	0	0.1319	-1.0000
4	300	2	459.4593	13	10	0	-1	1	0.1304	1.3638
4	301	2	460.9925	10	13	0	-1	1	0.1290	0.7582
4	302	2	462.5258	9	15	0	-1	1	0.1277	0.8892
4	303	2	464.0590	10	13	0	-1	1	0.1263	0.8122
4	304	2	465.5923	11	3	0	-1	1	0.1250	1.0229
4	305	2	467.1256	13	10	0	-1	1	0.1237	1.1854
4	306	2	468.6588	12	12	0	-1	1	0.1224	1.4592
4	307	2	470.1921	9	15	0	-1	1	0.1212	0.0168
4	308	2	471.7253	10	13	0	-1	1	0.1200	0.0169
4	309	2	473.2586	12	12	0	-1	0	0.1200	-1.0000
4	310	2	474.7918	10	13	0	-1	0	0.1200	-1.0000
4	311	2	476.3251	9	15	0	-1	0	0.1200	-1.0000
4	312	2	477.8583	12	12	0	-1	0	0.1200	-1.0000
4	313	2	479.3916	13	10	0	-1	1	0.1188	0.5991
4	314	2	480.9249	12	12	0	-1	0	0.1188	-1.0000
4	315	2	482.4581	13	10	0	-1	1	0.1176	1.2450
4	316	2	483.9913	12	12	0	-1	0	0.1176	-1.0000
4	317	2	485.5246	11	3	0	-1	0	0.1176	-1.0000
4	318	2	487.0578	10	13	0	-1	0	0.1176	-1.0000
4	319	2	488.5911	9	15	0	-1	1	0.1165	0.2149
4	320	2	490.1244	8	2	0	-1	1	0.1250	0.3790
4	321	2	491.6576	7	7	0	-1	0	0.1250	-1.0000
4	322	2	493.1909	6	14	0	-1	0	0.1250	-1.0000
4	323	2	494.7241	5	6	0	-1	0	0.1250	-1.0000
4	324	2	496.2574	4	5	0	-1	0	0.1250	-1.0000
4	325	2	497.7906	3	8	0	-1	1	0.1333	0.4405
4	326	2	499.3239	2	11	0	-1	0	0.1333	-1.0000
4	327	2	500.8571	1	9	0	-1	0	0.1333	-1.0000
4	328	2	502.3904	15	1	0	-1	0	0.1333	-1.0000
4	329	2	503.9236	14	4	0	-1	0	0.1333	-1.0000
4	330	2	505.4569	13	10	0	-1	1	0.1415	0.1025
4	331	2	506.9901	10	13	0	-1	0	0.1415	-1.0000
4	332	2	508.5234	9	15	0	-1	0	0.1415	-1.0000
4	333	2	510.0566	10	13	0	-1	0	0.1415	-1.0000
4	334	2	511.5899	9	15	0	-1	1	0.1402	1.2332
4	335	2	513.1232	11	3	0	-1	0	0.1402	-1.0000
4	336	2	514.6564	9	15	0	-1	1	0.1389	1.1913
4	337	2	516.1897	8	2	0	-1	0	0.1389	-1.0000
4	338	2	517.7229	6	14	0	-1	0	0.1389	-1.0000
4	339	2	519.2562	7	7	0	-1	1	0.1376	0.5259
4	340	2	520.7894	8	2	0	-1	1	0.1364	0.8021
4	341	2	522.3227	7	7	0	-1	0	0.1364	-1.0000
4	342	2	523.8559	5	6	0	-1	1	0.1351	0.5353
4	343	2	525.3892	6	14	0	-1	1	0.1339	0.6347
4	344	2	526.9224	8	2	0	-1	0	0.1339	-1.0000
4	345	2	528.4557	5	6	0	-1	1	0.1327	0.1594
4	346	2	529.9889	6	14	0	-1	0	0.1327	-1.0000
4	347	2	531.5222	7	7	0	-1	0	0.1327	-1.0000
4	348	2	533.0554	8	2	0	-1	1	0.1316	0.9354
4	349	2	534.5887	9	15	0	-1	0	0.1316	-1.0000
4	350	2	536.1219	10	13	0	-1	0	0.1316	-1.0000
4	351	2	537.6552	11	3	0	-1	1	0.1304	0.0800
4	352	2	539.1885	12	12	0	-1	1	0.1293	1.2015
4	353	2	540.7217	13	10	0	-1	1	0.1282	0.9003
4	354	2	542.2550	14	4	0	-1	1	0.1356	0.3762
4	355	2	543.7882	15	1	0	-1	1	0.1345	0.0171
4	356	2	545.3215	1	9	0	-1	0	0.1345	-1.0000
4	357	2	546.8547	2	11	0	-1	0	0.1345	-1.0000
4	358	2	548.3880	3	8	0	-1	1	0.1333	1.0594
4	359	2	549.9212	4	5	0	-1	0	0.1333	-1.0000
4	360	2	551.4545	5	6	0	-1	0	0.1333	-1.0000
4	361	2	552.9877	4	5	0	-1	0	0.1333	-1.0000
4	362	2	554.5210	5	6	0	-1	1	0.1322	0.3988
4	363	2	556.0543	7	7	0	-1	0	0.1322	-1.0000
4	364	2	557.5875	4	5	0	-1	1	0.1311	1.2345
4	365	2	559.1207	6	14	0	-1	0	0.1311	-1.0000
4	366	2	560.6540	7	7	0	-1	0	0.1311	-1.0000
4	367	2	562.1873	6	14	0	-1	1	0.1301	0.1880
4	368	2	563.7205	8	2	0	-1	0	0.1301	-1.0000
4	369	2	565.2537	5	6	0	-1	0	0.1301	-1.0000
4	370	2	566.7870	8	2	0	-1	1	0.1290	0.4673
4	371	2	568.3202	5	6	0	-1	0	0.1290	-1.0000
4	372	2	569.8535	6	14	0	-1	0	0.1290	-1.0000
4	373	2	571.3868	8	2	0	-1	0	0.1290	-1.0000
4	374	2	572.9200	6	14	0	-1	1	0.1280	0.8950
4	375	2	574.4533	8	2	0	-1	0	0.1280	-1.0000
4	376	2	575.9865	9	15	0	-1	0	0.1280	-1.0000
4	377	2	577.5198	10	13	0	-1	0	0.1280	-1.0000
4	378	2	579.0530	11	3	0	-1	0	0.1280	-1.0000
4	379	2	580.5863	12	12	0	-1	0	0.1280	-1.0000
4	380	2	582.1195	13	10	0	-1	0	0.1280	-1.0000
4	381	2	583.6528	14	4	0	-1	0	0.1280	-1.0000
4	382	2	585.1860	15	1	0	-1	0	0.1280	-1.0000
4	383	2	586.7193	1	9	0	-1	0	0.1280	-1.0000
4	384	2	588.2525	2	11	0	-1	0	0.1280	-1.0000
4	385	2	589.7858	3	8	0	-1	0	0.1280	-1.0000
4	386	2	591.3190	4	5	0	-1	1	0.1349	0.3196
4	387	2	592.8523	5	6	0	-1	1	0.1339	1.0755
4	388	2	594.3856	6	14	0	-1	1	0.1328	0.9497
4	389	2	595.9188	7	7	0	-1	0	0.1328	-1.0000
4	390	2	597.4521	8	2	0	-1	1	0.1318	0.5550
4	391	2	598.9853	9	15	0	-1	0	0.1318	-1.0000
4	392	2	600.5186	10	13	0	-1	0	0.1318	-1.0000
4	393	2	602.0518	11	3	0	-1	0	0.1318	-1.0000
4	394	2	603.5851	13	10	0	-1	1	0.1308	0.5503
4	395	2	605.1183	14	4	0	-1	0	0.1308	-1.0000
4	396	2	606.6516	15	1	0	-1	0	0.1308	-1.0000
4	397	2	608.1848	1	9	0	-1	1	0.1298	1.2784
4	398	2	609.7181	2	11	0	-1	0	0.1298	-1.0000
4	399	2	611.2513	14	4	0	-1	0	0.1298	-1.0000
4	400	2	612.7846	2	11	0	-1	0	0.1298	-1.0000
4	401	2	614.3178	14	4	0	-1	1	0.1288	0.0892
4	402	2	615.8511	1	9	0	-1	1	0.1278	0.8280
4	403	2	617.3843	14	4	0	-1	0	0.1278	-1.0000
4	404	2	618.9176	13	10	0	-1	0	0.1278	-1.0000
4	405	2	620.4509	12	12	0	-1	1	0.1269	0.7240
4	406	2	621.9841	11	3	0	-1	0	0.1269	-1.0000
4	407	2	623.5174	10	13	0	-1	0	0.1269	-1.0000
4	408	2	625.0506	9	15	0	-1	1	0.1259	0.4759
4	409	2	626.5839	8	2	0	-1	0	0.1259	-1.0000
4	410	2	628.1171	7	7	0	-1	1	0.1250	0.4980
4	411	2	629.6504	6	14	0	-1	0	0.1250	-1.0000
4	412	2	631.1836	5	6	0	-1	0	0.1250	-1.0000
4	413	2	632.7169	4	5	0	-1	0	0.1250	-1.0000
4	414	2	634.2501	3	8	0	-1	1	0.1314	1.0855
4	415	2	635.7834	2	11	0	-1	0	0.1314	-1.0000
4	416	2	637.3166	1	9	0	-1	0	0.1314	-1.0000
4	417	2	638.8499	15	1	0	-1	1	0.1304	0.2121
4	418	2	640.3831	14	4	0	-1	0	0.1304	-1.0000
4	419	2	641.9164	13	10	0	-1	0	0.1304	-1.0000
4	420	2	643.4496	12	12	0	-1	1	0.1295	0.4300
4	421	2	644.9829	13	10	0	-1	0	0.1295	-1.0000
4	422	2	646.5161	10	13	0	-1	0	0.1295	-1.0000
4	423	2	648.0494	13	10	0	-1	1	0.1286	1.1737
4	424	2	649.5827	11	3	0	-1	0	0.1286	-1.0000
4	425	2	651.1159	12	12	0	-1	0	0.1286	-1.0000
4	426	2	652.6492	13	10	0	-1	1	0.1277	0.4941
4	427	2	654.1824	11	3	0	-1	0	0.1277	-1.0000
4	428	2	655.7157	10	13	0	-1	0	0.1277	-1.0000
4	429	2	657.2489	13	10	0	-1	1	0.1268	0.2626
4	430	2	658.7822	14	4	0	-1	0	0.1268	-1.0000
4	431	2	660.3154	2	11	0	-1	1	0.1259	0.6985
4	432	2	661.8487	3	8	0	-1	0	0.1259	-1.0000
4	433	2	663.3819	1	9	0	-1	0	0.1259	-1.0000
4	434	2	664.9152	2	11	0	-1	1	0.1250	0.0997
4	435	2	666.4484	14	4	0	-1	0	0.1250	-1.0000
4	436	2	667.9817	13	10	0	-1	0	0.1250	-1.0000
4	437	2	669.5149	12	12	0	-1	0	0.1250	-1.0000
4	438	2	671.0482	11	3	0	-1	0	0.1250	-1.0000
4	439	2	672.5815	10	13	0	-1	1	0.1241	0.7057
4	440	2	674.1147	9	15	0	-1	0	0.1241	-1.0000
4	441	2	675.6479	8	2	0	-1	0	0.1241	-1.0000
4	442	2	677.1812	7	7	0	-1	0	0.1241	-1.0000
4	443	2	678.7145	6	14	0	-1	1	0.1233	0.7810
4	444	2	680.2477	5	6	0	-1	0	0.1233	-1.0000
4	445	2	681.7810	4	5	0	-1	1	0.1224	1.4579
4	446	2	683.3142	3	8	0	-1	1	0.1284	0.0168
4	447	2	684.8475	2	11	0	-1	0	0.1284	-1.0000
4	448	2	686.3807	1	9	0	-1	1	0.1275	0.6824
4	449	2	687.9140	15	1	0	-1	0	0.1275	-1.0000
4	450	2	689.4472	14	4	0	-1	0	0.1275	-1.0000
4	451	2	690.9805	13	10	0	-1	0	0.1275	-1.0000
4	452	2	692.5137	14	4	0	-1	0	0.1275	-1.0000
4	453	2	694.0470	1	9	0	-1	1	0.1267	1.3686
4	454	2	695.5802	3	8	0	-1	0	0.1267	-1.0000
4	455	2	697.1135	2	11	0	-1	0	0.1267	-1.0000
4	456	2	698.6467	3	8	0	-1	1	0.1258	0.8324
4	457	2	700.1800	4	5	0	-1	0	0.1258	-1.0000
4	458	2	701.7132	6	14	0	-1	0	0.1258	-1.0000
4	459	2	703.2465	7	7	0	-1	1	0.1250	0.8093
4	460	2	704.7797	4	5	0	-1	0	0.1250	-1.0000
4	461	2	706.3130	6	14	0	-1	0	0.1250	-1.0000
4	462	2	707.8463	8	2	0	-1	0	0.1250	-1.0000
4	463	2	709.3795	9	15	0	-1	1	0.1307	1.2034
4	464	2	710.9128	10	13	0	-1	1	0.1299	0.8550
4	465	2	712.4460	12	12	0	-1	0	0.1299	-1.0000
4	466	2	713.9793	13	10	0	-1	0	0.1299	-1.0000
4	467	2	715.5125	14	4	0	-1	0	0.1299	-1.0000
4	468	2	717.0458	15	1	0	-1	0	0.1299	-1.0000
4	469	2	718.5790	1	9	0	-1	1	0.1290	0.0168
4	470	2	720.1123	2	11	0	-1	0	0.1290	-1.0000
4	471	2	721.6455	3	8	0	-1	0	0.1290	-1.0000
4	472	2	723.1788	4	5	0	-1	1	0.1346	0.8922
4	473	2	724.7120	5	6	0	-1	0	0.1346	-1.0000
4	474	2	726.2453	6	14	0	-1	1	0.1338	0.7858
4	475	2	727.7785	7	7	0	-1	0	0.1338	-1.0000
4	476	2	729.3118	8	2	0	-1	1	0.1329	0.9991
4	477	2	730.8451	9	15	0	-1	1	0.1384	0.0168
4	478	2	732.3783	10	13	0	-1	1	0.1375	0.5093
4	479	2	733.9116	11	3	0	-1	1	0.1366	0.0168
4	480	2	735.4448	12	12	0	-1	0	0.1366	-1.0000
4	481	2	736.9781	10	13	0	-1	0	0.1366	-1.0000
4	482	2	738.5113	13	10	0	-1	0	0.1366	-1.0000
4	483	2	740.0446	12	12	0	-1	1	0.1358	0.4105
4	484	2	741.5778	10	13	0	-1	0	0.1358	-1.0000
4	485	2	743.1111	9	15	0	-1	0	0.1358	-1.0000
4	486	2	744.6443	8	2	0	-1	1	0.1411	0.9146
4	487	2	746.1776	5	6	0	-1	0	0.1411	-1.0000
4	488	2	747.7108	8	2	0	-1	0	0.1411	-1.0000
4	489	2	749.2441	7	7	0	-1	0	0.1411	-1.0000
4	490	2	750.7773	6	14	0	-1	1	0.1402	1.2464
4	491	2	752.3106	4	5	0	-1	0	0.1402	-1.0000
4	492	2	753.8439	5	6	0	-1	1	0.1394	1.3952
4	493	2	755.3771	8	2	0	-1	1	0.1386	0.0169
4	494	2	756.9104	9	15	0	-1	0	0.1386	-1.0000
4	495	2	758.4436	8	2	0	-1	0	0.1386	-1.0000
4	496	2	759.9769	9	15	0	-1	1	0.1437	0.7344
4	497	2	761.5101	10	13	0	-1	0	0.1437	-1.0000
4	498	2	763.0434	11	3	0	-1	0	0.1437	-1.0000
4	499	2	764.5766	12	12	0	-1	0	0.1437	-1.0000
4	500	2	766.1099	13	10	0	-1	0	0.1437	-1.0000
4	501	2	767.6431	14	4	0	-1	1	0.1488	0.9228
4	502	2	769.1764	15	1	0	-1	1	0.1479	0.7191
4	503	2	770.7096	1	9	0	-1	0	0.1479	-1.0000
4	504	2	772.2429	2	11	0	-1	0	0.1479	-1.0000
4	505	2	773.7761	3	8	0	-1	0	0.1479	-1.0000
4	506	2	775.3094	4	5	0	-1	0	0.1479	-1.0000
4	507	2	776.8426	5	6	0	-1	1	0.1471	0.1886
4	508	2	778.3759	6	14	0	-1	1	0.1462	1.1672
4	509	2	779.9092	7	7	0	-1	0	0.1462	-1.0000
4	510	2	781.4424	8	2	0	-1	0	0.1462	-1.0000
4	511	2	782.9756	9	15	0	-1	0	0.1462	-1.0000
4	512	2	784.5089	8	2	0	-1	1	0.1512	0.5076
4	513	2	786.0422	6	14	0	-1	1	0.1503	1.0692
4	514	2	787.5754	7	7	0	-1	0	0.1503	-1.0000
4	515	2	789.1086	4	5	0	-1	0	0.1503	-1.0000
4	516	2	790.6419	3	8	0	-1	0	0.1503	-1.0000
4	517	2	792.1752	4	5	0	-1	0	0.1503	-1.0000
4	518	2	793.7084	6	14	0	-1	1	0.1494	0.7148
4	519	2	795.2417	4	5	0	-1	0	0.1494	-1.0000
4	520	2	796.7749	6	14	0	-1	1	0.1486	1.2159
4	521	2	798.3082	8	2	0	-1	1	0.1477	0.0169
4	522	2	799.8414	5	6	0	-1	0	0.1477	-1.0000
4	523	2	801.3746	6	14	0	-1	0	0.1477	-1.0000
4	524	2	802.9079	5	6	0	-1	1	0.1469	0.2820
4	525	2	804.4412	8	2	0	-1	0	0.1469	-1.0000
4	526	2	805.9744	7	7	0	-1	0	0.1469	-1.0000
4	527	2	807.5077	6	14	0	-1	0	0.1469	-1.0000
4	528	2	809.0409	5	6	0	-1	1	0.1461	1.3810
4	529	2	810.5742	4	5	0	-1	0	0.1461	-1.0000
4	530	2	812.1074	3	8	0	-1	0	0.1461	-1.0000
4	531	2	813.6407	2	11	0	-1	1	0.1453	0.9746
4	532	2	815.1739	1	9	0	-1	0	0.1453	-1.0000
4	533	2	816.7072	15	1	0	-1	0	0.1453	-1.0000
4	534	2	818.2405	14	4	0	-1	1	0.1444	0.5975
4	535	2	819.7737	13	10	0	-1	0	0.1444	-1.0000
4	536	2	821.3070	12	12	0	-1	0	0.1444	-1.0000
4	537	2	822.8402	11	3	0	-1	0	0.1444	-1.0000
4	538	2	824.3735	10	13	0	-1	1	0.1436	0.4656
4	539	2	825.9067	9	15	0	-1	1	0.1429	1.1235
4	540	2	827.4400	8	2	0	-1	0	0.1429	-1.0000
4	541	2	828.9732	5	6	0	-1	1	0.1421	0.1052
4	542	2	830.5065	6	14	0	-1	1	0.1413	0.7634
4	543	2	832.0397	7	7	0	-1	0	0.1413	-1.0000
4	544	2	833.5730	5	6	0	-1	0	0.1413	-1.0000
4	545	2	835.1062	4	5	0	-1	0	0.1413	-1.0000
4	546	2	836.6395	3	8	0	-1	0	0.1413	-1.0000
4	547	2	838.1727	2	11	0	-1	0	0.1413	-1.0000
4	548	2	839.7060	1	9	0	-1	0	0.1413	-1.0000
4	549	2	841.2392	14	4	0	-1	0	0.1413	-1.0000
4	550	2	842.7725	1	9	0	-1	0	0.1413	-1.0000
4	551	2	844.3058	3	8	0	-1	0	0.1413	-1.0000
4	552	2	845.8390	15	1	0	-1	0	0.1413	-1.0000
4	553	2	847.3723	1	9	0	-1	0	0.1413	-1.0000
4	554	2	848.9055	14	4	0	-1	1	0.1405	1.0533
4	555	2	850.4388	13	10	0	-1	0	0.1405	-1.0000
4	556	2	851.9720	12	12	0	-1	0	0.1405	-1.0000
4	557	2	853.5053	11	3	0	-1	1	0.1398	1.1099
4	558	2	855.0385	10	13	0	-1	0	0.1398	-1.0000
4	559	2	856.5718	9	15	0	-1	0	0.1398	-1.0000
4	560	2	858.1050	8	2	0	-1	0	0.1398	-1.0000
4	561	2	859.6383	7	7	0	-1	1	0.1390	0.8808
4	562	2	861.1715	6	14	0	-1	0	0.1390	-1.0000
4	563	2	862.7048	5	6	0	-1	0	0.1390	-1.0000
4	564	2	864.2380	4	5	0	-1	1	0.1383	1.3853
4	565	2	865.7713	3	8	0	-1	1	0.1429	0.0169
4	566	2	867.3046	2	11	0	-1	0	0.1429	-1.0000
4	567	2	868.8378	1	9	0	-1	1	0.1421	1.0726
4	568	2	870.3711	15	1	0	-1	0	0.1421	-1.0000
4	569	2	871.9043	14	4	0	-1	0	0.1421	-1.0000
4	570	2	873.4376	13	10	0	-1	0	0.1421	-1.0000
4	571	2	874.9708	14	4	0	-1	0	0.1421	-1.0000
4	572	2	876.5041	1	9	0	-1	1	0.1414	1.4871
4	573	2	878.0373	2	11	0	-1	1	0.1406	0.0169
4	574	2	879.5706	1	9	0	-1	0	0.1406	-1.0000
4	575	2	881.1038	14	4	0	-1	0	0.1406	-1.0000
4	576	2	882.6371	2	11	0	-1	1	0.1399	0.3295
4	577	2	884.1704	14	4	0	-1	0	0.1399	-1.0000
4	578	2	885.7036	13	10	0	-1	0	0.1399	-1.0000
4	579	2	887.2368	12	12	0	-1	1	0.1392	1.3460
4	580	2	888.7701	11	3	0	-1	0	0.1392	-1.0000
4	581	2	890.3033	9	15	0	-1	0	0.1392	-1.0000
4	582	2	891.8366	11	3	0	-1	0	0.1392	-1.0000
4	583	2	893.3698	9	15	0	-1	0	0.1392	-1.0000
4	584	2	894.9031	8	2	0	-1	0	0.1392	-1.0000
4	585	2	896.4363	5	6	0	-1	1	0.1385	0.3705
4	586	2	897.9696	4	5	0	-1	0	0.1385	-1.0000
4	587	2	899.5029	3	8	0	-1	0	0.1385	-1.0000
4	588	2	901.0361	2	11	0	-1	0	0.1385	-1.0000
4	589	2	902.5694	1	9	0	-1	0	0.1385	-1.0000
4	590	2	904.1026	15	1	0	-1	1	0.1378	0.4320
4	591	2	905.6359	14	4	0	-1	0	0.1378	-1.0000
4	592	2	907.1691	13	10	0	-1	0	0.1378	-1.0000
4	593	2	908.7024	12	12	0	-1	0	0.1378	-1.0000
4	594	2	910.2356	11	3	0	-1	0	0.1378	-1.0000
4	595	2	911.7689	10	13	0	-1	0	0.1378	-1.0000
4	596	2	913.3021	9	15	0	-1	0	0.1378	-1.0000
4	597	2	914.8354	8	2	0	-1	0	0.1378	-1.0000
4	598	2	916.3686	7	7	0	-1	0	0.1378	-1.0000
4	599	2	917.9019	6	14	0	-1	1	0.1371	0.7135
4	600	2	919.4351	5	6	0	-1	0	0.1371	-1.0000
Actual parsing ratio
0.1371
Possible node parses
94.0000
 Node parses selected
0.2872
Possible other parses
506.0000
Other parses selected
0.3360
Chance parsing ratio
0.1567
