*********************************************
* Date/Time: 20-Sep-2019 13:05:39
* Seed: 207824.2
* Subject Number: 005
6	2	7	4	9	15	14	11	1	13	10	8	3	5	12	
*********************************************

Shape exposure time (seconds)
119.3727
subject	trial	phase	onset	node	shape	rotate	acc	resp	total	rt
5	1	1	1.0167	11	10	0	1	1	1.0000	0.8406
5	2	1	2.5833	10	13	0	1	1	1.0000	0.9714
5	3	1	4.1332	13	3	90	0	1	0.6667	1.1972
5	4	1	5.6831	14	5	90	-1	0	0.5000	-1.0000
5	5	1	7.8664	15	12	0	-1	0	0.4000	-1.0000
5	6	1	9.8996	14	5	0	-1	0	0.3333	-1.0000
5	7	1	11.9495	1	6	0	-1	1	0.2857	-1.0000
5	8	1	13.9827	3	7	0	-1	0	0.2500	-1.0000
5	9	1	16.0326	15	12	0	-1	0	0.2222	-1.0000
5	10	1	18.0658	3	7	0	-1	0	0.2000	-1.0000
5	11	1	20.1157	15	12	0	-1	1	0.1818	-1.0000
5	12	1	22.1656	14	5	90	-1	0	0.1667	-1.0000
5	13	1	24.1988	15	12	0	-1	0	0.1538	-1.0000
5	14	1	26.3654	3	7	0	0	1	0.1429	1.4138
5	15	1	28.2986	4	4	0	-1	0	0.1333	-1.0000
5	16	1	30.3318	5	9	0	-1	1	0.1250	-1.0000
5	17	1	32.3817	8	11	0	-1	0	0.1176	-1.0000
5	18	1	34.4150	6	15	0	-1	1	0.1111	-1.0000
5	19	1	36.4648	7	14	0	-1	0	0.1053	-1.0000
5	20	1	38.4981	4	4	0	-1	0	0.1000	-1.0000
5	21	1	40.5480	7	14	0	-1	1	0.0952	-1.0000
5	22	1	42.5979	4	4	0	-1	0	0.0909	-1.0000
5	23	1	44.6311	7	14	0	-1	1	0.0870	-1.0000
5	24	1	46.6810	6	15	0	-1	0	0.0833	-1.0000
5	25	1	48.7308	7	14	0	-1	1	0.0800	-1.0000
5	26	1	50.7641	6	15	0	-1	0	0.0769	-1.0000
5	27	1	52.8140	5	9	90	-1	0	0.0741	-1.0000
5	28	1	54.8472	6	15	0	-1	0	0.0714	-1.0000
5	29	1	56.8971	5	9	0	-1	1	0.0690	-1.0000
5	30	1	58.9303	7	14	90	-1	0	0.0667	-1.0000
5	31	1	60.9803	5	9	0	0	1	0.0645	1.3102
5	32	1	62.8468	6	15	90	-1	0	0.0625	-1.0000
5	33	1	64.8800	8	11	0	-1	0	0.0606	-1.0000
5	34	1	66.9299	7	14	0	-1	0	0.0588	-1.0000
5	35	1	68.9632	4	4	0	-1	0	0.0571	-1.0000
5	36	1	71.0131	3	7	0	-1	1	0.0556	-1.0000
5	37	1	73.0463	15	12	0	-1	1	0.0541	-1.0000
5	38	1	75.0962	14	5	0	-1	1	0.0526	-1.0000
5	39	1	77.1461	13	3	90	-1	1	0.0513	-1.0000
5	40	1	79.1793	12	8	0	0	1	0.0500	1.3513
5	41	1	81.0625	10	13	0	-1	1	0.0488	-1.0000
5	42	1	83.0791	12	8	0	-1	1	0.0476	-1.0000
5	43	1	85.1290	11	10	90	-1	1	0.0465	-1.0000
5	44	1	87.1789	12	8	0	-1	1	0.0455	-1.0000
5	45	1	89.2121	11	10	0	-1	1	0.0444	-1.0000
5	46	1	91.2620	9	1	0	-1	0	0.0435	-1.0000
5	47	1	93.2952	12	8	0	-1	1	0.0426	-1.0000
5	48	1	95.3451	10	13	0	-1	0	0.0417	-1.0000
5	49	1	97.3950	9	1	90	-1	0	0.0408	-1.0000
5	50	1	99.4283	8	11	0	-1	1	0.0400	-1.0000
5	51	1	101.4782	5	9	0	-1	1	0.0392	-1.0000
5	52	1	103.5281	6	15	0	-1	0	0.0385	-1.0000
5	53	1	105.5613	5	9	0	-1	1	0.0377	-1.0000
5	54	1	107.6111	7	14	0	-1	1	0.0370	-1.0000
5	55	1	109.6444	6	15	0	-1	1	0.0364	-1.0000
5	56	1	111.6943	5	9	0	-1	1	0.0357	-1.0000
5	57	1	113.7441	8	11	90	-1	1	0.0351	-1.0000
5	58	1	115.7774	6	15	0	-1	1	0.0345	-1.0000
5	59	1	117.8273	5	9	90	1	1	0.0508	1.1033
5	60	1	119.3772	4	4	0	-1	0	0.0500	-1.0000
5	61	1	121.5604	7	14	0	-1	0	0.0492	-1.0000
5	62	1	123.5770	8	11	0	-1	1	0.0484	-1.0000
5	63	1	125.6269	5	9	0	-1	1	0.0476	-1.0000
5	64	1	127.6767	7	14	0	-1	1	0.0469	-1.0000
5	65	1	129.7100	8	11	0	-1	1	0.0462	-1.0000
5	66	1	131.7599	5	9	0	-1	1	0.0455	-1.0000
5	67	1	133.7931	4	4	0	-1	0	0.0448	-1.0000
5	68	1	135.8430	3	7	0	-1	0	0.0441	-1.0000
5	69	1	137.8929	15	12	90	-1	1	0.0435	-1.0000
5	70	1	139.9759	3	7	0	-1	0	0.0429	-1.0000
*********************************************
* Date/Time: 20-Sep-2019 13:11:56
* Seed: 211204
* Subject Number: 005
8	1	11	6	4	12	2	15	3	9	5	14	7	10	13	
*********************************************

Shape exposure time (seconds)
35.0882
subject	trial	phase	onset	node	shape	rotate	acc	resp	total	rt
5	1	1	1.0166	9	3	0	-1	0	0.0000	-1.0000
5	2	1	2.8165	11	5	0	-1	0	0.0000	-1.0000
5	3	1	4.8831	10	9	0	-1	0	0.0000	-1.0000
5	4	1	6.9830	13	7	0	-1	0	0.0000	-1.0000
5	5	1	9.0662	11	5	0	1	1	0.2000	1.1756
5	6	1	10.6161	13	7	90	-1	0	0.1667	-1.0000
5	7	1	12.6827	10	9	90	1	1	0.2857	1.0469
5	8	1	14.2326	13	7	0	-1	0	0.2500	-1.0000
5	9	1	16.2991	14	10	0	-1	0	0.2222	-1.0000
5	10	1	18.4657	1	8	0	1	1	0.3000	1.1023
5	11	1	20.0156	3	11	0	1	1	0.3636	1.2005
5	12	1	21.5655	4	6	0	1	1	0.4167	1.3638
5	13	1	23.1155	3	11	0	1	1	0.4615	1.1725
5	14	1	24.6654	2	1	0	-1	0	0.4286	-1.0000
5	15	1	26.7486	15	13	0	-1	0	0.4000	-1.0000
5	16	1	28.8485	2	1	0	-1	0	0.3750	-1.0000
5	17	1	30.9650	3	11	0	1	1	0.4118	1.1479
5	18	1	32.5150	15	13	0	1	1	0.4444	1.2941
5	19	1	34.0649	14	10	0	-1	0	0.4211	-1.0000
5	20	1	36.0814	15	13	0	0	1	0.4000	0.0170
5	21	1	37.6314	1	8	0	1	1	0.4286	1.1526
5	22	1	39.1813	2	1	0	1	1	0.4545	1.0604
5	23	1	40.7312	1	8	0	1	1	0.4783	0.8226
5	24	1	42.2811	3	11	0	1	1	0.5000	1.3043
5	25	1	43.8310	2	1	0	1	1	0.5200	1.1449
5	26	1	45.3810	14	10	90	0	1	0.5000	0.9245
5	27	1	46.9309	13	7	90	-1	0	0.4815	-1.0000
5	28	1	48.9974	14	10	0	1	1	0.5000	1.2264
5	29	1	50.5474	15	13	0	-1	0	0.4828	-1.0000
5	30	1	52.6139	3	11	0	1	1	0.5000	0.9879
5	31	1	54.1638	2	1	0	1	1	0.5161	1.2931
5	32	1	55.7137	15	13	0	0	1	0.5000	1.4401
5	33	1	57.7470	2	1	0	1	1	0.5152	1.0691
5	34	1	59.2969	14	10	0	1	1	0.5294	1.0710
5	35	1	60.8468	15	13	0	-1	0	0.5143	-1.0000
5	36	1	62.9467	3	11	90	-1	0	0.5000	-1.0000
5	37	1	64.9799	2	1	0	0	1	0.4865	0.0170
5	38	1	66.5298	14	10	90	0	1	0.4737	0.7032
5	39	1	68.0798	15	13	90	-1	0	0.4615	-1.0000
5	40	1	70.1796	2	1	0	-1	0	0.4500	-1.0000
5	41	1	72.2129	1	8	90	1	1	0.4634	1.1651
5	42	1	73.7628	3	11	0	1	1	0.4762	1.1347
5	43	1	75.3127	2	1	0	0	1	0.4651	1.2000
5	44	1	77.0626	14	10	0	-1	0	0.4545	-1.0000
5	45	1	79.1459	15	13	0	1	1	0.4667	0.8872
5	46	1	80.6958	2	1	0	1	1	0.4783	0.9362
5	47	1	82.2457	1	8	0	1	1	0.4894	0.9544
5	48	1	83.7956	3	11	0	1	1	0.5000	0.8137
5	49	1	85.3455	1	8	0	1	1	0.5102	0.9278
5	50	1	86.8954	14	10	0	1	1	0.5200	0.8645
5	51	1	88.4454	2	1	0	1	1	0.5294	1.0118
5	52	1	89.9953	14	10	0	1	1	0.5385	0.7889
5	53	1	91.5452	13	7	0	0	1	0.5283	1.1605
5	54	1	93.2285	10	9	0	1	1	0.5370	0.8527
5	55	1	94.7784	13	7	0	1	1	0.5455	0.9495
5	56	1	96.3283	12	14	0	1	1	0.5536	0.9857
5	57	1	97.8782	11	5	0	1	1	0.5614	1.4509
5	58	1	99.4948	10	9	0	1	1	0.5690	0.7946
5	59	1	101.0447	13	7	0	1	1	0.5763	0.9713
5	60	1	102.5947	12	14	0	1	1	0.5833	0.7173
5	61	1	104.1446	13	7	0	1	1	0.5902	0.5927
5	62	1	105.6945	11	5	0	1	1	0.5968	0.8175
5	63	1	107.2444	13	7	90	0	1	0.5873	0.6450
5	64	1	108.7943	12	14	0	1	1	0.5938	0.7416
5	65	1	110.3442	11	5	90	1	1	0.6000	1.0656
5	66	1	111.8942	12	14	0	1	1	0.6061	0.8909
5	67	1	113.4441	10	9	0	1	1	0.6119	0.8938
5	68	1	114.9940	13	7	90	0	1	0.6029	1.1820
5	69	1	116.7272	11	5	90	1	1	0.6087	1.0487
5	70	1	118.2772	10	9	0	1	1	0.6143	0.8279
5	71	1	119.8271	13	7	0	0	1	0.6056	0.9267
5	72	1	121.3770	11	5	0	-1	0	0.5972	-1.0000
5	73	1	123.4269	13	7	0	1	1	0.6027	0.8622
5	74	1	124.9768	10	9	0	1	1	0.6081	0.7352
5	75	1	126.5267	13	7	0	1	1	0.6133	0.7864
5	76	1	128.0766	12	14	0	1	1	0.6184	0.7725
5	77	1	129.6266	9	3	0	1	1	0.6234	1.2213
5	78	1	131.1765	10	9	0	1	1	0.6282	0.9847
5	79	1	132.7264	13	7	0	1	1	0.6329	1.0496
5	80	1	134.2763	12	14	0	1	1	0.6375	0.7972
5	81	1	135.8262	13	7	0	1	1	0.6420	0.7508
5	82	1	137.3761	14	10	0	1	1	0.6463	1.2958
5	83	1	138.9261	15	13	0	1	1	0.6506	1.1233
5	84	1	140.4760	3	11	0	-1	0	0.6429	-1.0000
5	85	1	142.5259	1	8	0	1	1	0.6471	0.8824
5	86	1	144.0758	14	10	0	1	1	0.6512	1.0139
5	87	1	145.6257	2	1	0	1	1	0.6552	0.9835
5	88	1	147.1756	14	10	90	0	1	0.6477	0.8092
5	89	1	148.7256	15	13	0	1	1	0.6517	1.2105
5	90	1	150.2755	3	11	0	1	1	0.6556	1.3404
5	91	1	151.8254	15	13	90	1	1	0.6593	1.4882
5	92	1	153.5253	2	1	0	1	1	0.6630	1.0507
5	93	1	155.0752	14	10	90	0	1	0.6559	1.0221
5	94	1	156.6585	15	13	90	-1	0	0.6489	-1.0000
5	95	1	158.6917	14	10	90	0	1	0.6421	1.2933
5	96	1	160.5583	13	7	0	-1	0	0.6354	-1.0000
5	97	1	162.5915	14	10	0	-1	0	0.6289	-1.0000
5	98	1	164.6414	13	7	90	1	1	0.6327	0.9267
5	99	1	166.1913	12	14	0	1	1	0.6364	0.9465
5	100	1	167.7412	10	9	0	1	1	0.6400	0.8359
5	101	1	169.2911	13	7	90	0	1	0.6337	0.9808
5	102	1	170.8411	10	9	0	1	1	0.6373	0.7926
5	103	1	172.3910	9	3	0	1	1	0.6408	0.9861
5	104	1	173.9409	8	15	90	-1	0	0.6346	-1.0000
5	105	1	175.9575	9	3	0	1	1	0.6381	1.3064
5	106	1	177.5074	8	15	0	-1	0	0.6321	-1.0000
5	107	1	179.5906	9	3	0	1	1	0.6355	0.9870
5	108	1	181.1405	8	15	90	0	1	0.6296	1.1474
5	109	1	182.8571	5	4	0	-1	0	0.6239	-1.0000
5	110	1	184.8737	6	12	0	-1	0	0.6182	-1.0000
5	111	1	186.9236	4	6	0	1	1	0.6216	1.2365
5	112	1	188.4735	5	4	90	0	1	0.6161	1.2859
5	113	1	190.2901	4	6	90	0	1	0.6106	1.3271
5	114	1	192.1400	7	2	0	-1	0	0.6053	-1.0000
5	115	1	194.1732	6	12	0	1	1	0.6087	0.9953
5	116	1	195.7231	5	4	90	0	1	0.6034	1.2707
5	117	1	197.5230	4	6	0	1	1	0.6068	1.3417
5	118	1	199.0729	6	12	90	-1	0	0.6017	-1.0000
5	119	1	201.1395	7	2	0	-1	0	0.5966	-1.0000
5	120	1	203.1727	4	6	0	1	1	0.6000	0.8272
5	121	1	204.7226	3	11	0	1	1	0.6033	0.9589
5	122	1	206.2726	4	6	90	0	1	0.5984	1.2970
5	123	1	208.1225	6	12	0	-1	0	0.5935	-1.0000
5	124	1	210.1390	4	6	0	-1	0	0.5887	-1.0000
5	125	1	212.2389	7	2	0	-1	0	0.5840	-1.0000
5	126	1	214.4888	6	12	90	0	1	0.5794	0.9052
5	127	1	216.0387	5	4	0	-1	0	0.5748	-1.0000
5	128	1	218.1386	6	12	0	0	1	0.5703	1.0792
5	129	1	219.7218	4	6	0	-1	0	0.5659	-1.0000
5	130	1	221.7551	7	2	0	1	1	0.5692	0.9980
5	131	1	223.3050	8	15	90	0	1	0.5649	0.9687
5	132	1	224.8549	6	12	0	0	1	0.5606	1.4490
5	133	1	226.8715	8	15	0	-1	0	0.5564	-1.0000
5	134	1	228.9047	6	12	0	-1	0	0.5522	-1.0000
5	135	1	230.9546	7	2	90	-1	0	0.5481	-1.0000
5	136	1	232.9878	5	4	0	1	1	0.5515	1.2213
5	137	1	234.5377	4	6	90	0	1	0.5474	1.0470
5	138	1	236.1710	7	2	0	-1	0	0.5435	-1.0000
5	139	1	238.1875	8	15	0	-1	0	0.5396	-1.0000
5	140	1	240.2375	6	12	0	-1	0	0.5357	-1.0000
5	141	1	242.2873	4	6	90	0	1	0.5319	1.4264
5	142	1	244.2372	5	4	0	-1	0	0.5282	-1.0000
5	143	1	246.3205	8	15	0	0	1	0.5245	0.8643
5	144	1	247.8704	5	4	0	0	1	0.5208	0.9790
5	145	1	249.4203	7	2	0	-1	0	0.5172	-1.0000
5	146	1	251.5202	5	4	0	1	1	0.5205	0.7363
5	147	1	253.0701	7	2	0	1	1	0.5238	1.3638
5	148	1	254.6200	4	6	0	1	1	0.5270	1.0919
5	149	1	256.1700	6	12	0	-1	0	0.5235	-1.0000
5	150	1	258.2532	8	15	0	-1	0	0.5200	-1.0000
5	151	1	260.3197	5	4	0	1	1	0.5232	0.7856
5	152	1	261.8696	4	6	0	1	1	0.5263	1.1551
5	153	1	263.4196	7	2	90	0	1	0.5229	1.1099
5	154	1	265.0528	8	15	0	-1	0	0.5195	-1.0000
5	155	1	267.0860	6	12	0	-1	0	0.5161	-1.0000
5	156	1	269.1193	7	2	0	1	1	0.5192	1.3299
5	157	1	270.6692	8	15	0	0	1	0.5159	0.9307
5	158	1	272.2191	5	4	0	1	1	0.5190	0.9329
5	159	1	273.7690	8	15	0	1	1	0.5220	0.9202
5	160	1	275.3190	5	4	0	1	1	0.5250	0.9529
5	161	1	276.8689	7	2	90	0	1	0.5217	0.7163
5	162	1	278.4188	5	4	0	1	1	0.5247	0.8304
5	163	1	279.9687	8	15	90	1	1	0.5276	1.2645
5	164	1	281.5186	5	4	90	1	1	0.5305	1.1707
5	165	1	283.0685	6	12	0	0	1	0.5273	1.3164
5	166	1	284.9184	8	15	90	0	1	0.5241	1.4677
5	167	1	286.9683	9	3	0	1	1	0.5269	0.9516
5	168	1	288.5183	11	5	0	0	1	0.5238	1.1308
5	169	1	290.2182	9	3	0	1	1	0.5266	1.4950
5	170	1	291.8681	11	5	0	1	1	0.5294	0.6438
5	171	1	293.4180	13	7	0	0	1	0.5263	1.2713
5	172	1	295.2346	12	14	0	1	1	0.5291	0.7186
5	173	1	296.7845	13	7	90	0	1	0.5260	0.8010
5	174	1	298.3344	12	14	0	1	1	0.5287	0.8348
5	175	1	299.8843	10	9	0	1	1	0.5314	0.7570
5	176	1	301.4342	13	7	0	1	1	0.5341	0.7114
5	177	1	302.9842	10	9	0	1	1	0.5367	0.6330
5	178	1	304.5341	9	3	0	1	1	0.5393	0.7797
5	179	1	306.0840	10	9	0	1	1	0.5419	0.5879
5	180	1	307.6339	13	7	0	1	1	0.5444	0.9420
5	181	1	309.1838	10	9	0	1	1	0.5470	0.6250
5	182	1	310.7338	9	3	0	1	1	0.5495	0.7565
5	183	1	312.2837	12	14	0	1	1	0.5519	0.6935
5	184	1	313.8336	11	5	0	1	1	0.5543	0.8717
5	185	1	315.3835	10	9	0	1	1	0.5568	0.5861
5	186	1	316.9334	12	14	0	1	1	0.5591	0.5705
5	187	1	318.4834	9	3	0	1	1	0.5615	0.5424
5	188	1	320.0333	12	14	0	1	1	0.5638	0.5762
5	189	1	321.5832	11	5	0	1	1	0.5661	0.7062
5	190	1	323.1331	10	9	0	1	1	0.5684	0.5323
5	191	1	324.6830	9	3	0	1	1	0.5707	0.5179
5	192	1	326.2330	11	5	0	1	1	0.5729	0.6002
5	193	1	327.7829	10	9	0	1	1	0.5751	0.4749
5	194	1	329.3328	11	5	0	1	1	0.5773	0.5885
5	195	1	330.8827	13	7	0	1	1	0.5795	0.8932
5	196	1	332.4326	11	5	0	1	1	0.5816	0.6406
5	197	1	333.9826	10	9	0	1	1	0.5838	0.5458
5	198	1	335.5325	13	7	0	1	1	0.5859	0.5969
5	199	1	337.0824	12	14	0	1	1	0.5879	0.6156
5	200	1	338.6323	10	9	0	1	1	0.5900	0.6013
5	201	1	340.1822	9	3	0	1	1	0.5920	0.6657
5	202	1	341.7321	12	14	0	1	1	0.5941	0.5238
5	203	1	343.2821	10	9	0	1	1	0.5961	0.5594
5	204	1	344.8319	13	7	90	0	1	0.5931	1.0240
5	205	1	346.4153	10	9	0	1	1	0.5951	0.8007
5	206	1	347.9651	12	14	0	1	1	0.5971	0.5948
5	207	1	349.5151	13	7	0	1	1	0.5990	1.0305
5	208	1	351.0650	11	5	0	1	1	0.6010	0.6149
5	209	1	352.6149	9	3	0	1	1	0.6029	0.6182
5	210	1	354.1648	12	14	0	1	1	0.6048	0.6689
5	211	1	355.7147	10	9	0	1	1	0.6066	0.5907
5	212	1	357.2647	9	3	90	0	1	0.6038	0.6887
5	213	1	358.8146	10	9	90	1	1	0.6056	0.9773
5	214	1	360.3645	9	3	0	0	1	0.6028	0.9155
5	215	1	361.9144	8	15	0	0	1	0.6000	1.3352
5	216	1	363.7810	9	3	0	0	1	0.5972	1.1165
5	217	1	365.4476	8	15	0	1	1	0.5991	0.6643
5	218	1	366.9975	9	3	90	0	1	0.5963	0.7158
5	219	1	368.5474	12	14	90	1	1	0.5982	1.0526
5	220	1	370.0973	13	7	0	1	1	0.6000	1.4716
5	221	1	371.7139	14	10	0	0	1	0.5973	1.1514
5	222	1	373.4472	2	1	0	-1	0	0.5946	-1.0000
5	223	1	375.4637	14	10	0	-1	0	0.5919	-1.0000
5	224	1	377.5136	15	13	0	1	1	0.5938	1.4791
5	225	1	379.1469	2	1	0	-1	0	0.5911	-1.0000
5	226	1	381.2301	3	11	0	0	1	0.5885	1.2354
5	227	1	383.0133	15	13	0	1	1	0.5903	1.1484
5	228	1	384.5632	1	8	0	1	1	0.5921	0.9886
5	229	1	386.1131	2	1	0	1	1	0.5939	1.0067
5	230	1	387.6631	1	8	0	1	1	0.5957	0.7368
5	231	1	389.2130	2	1	90	1	1	0.5974	1.1410
5	232	1	390.7629	1	8	0	1	1	0.5991	0.7422
5	233	1	392.3128	14	10	90	0	1	0.5966	0.9844
5	234	1	393.8794	1	8	0	1	1	0.5983	0.6977
5	235	1	395.4293	14	10	0	1	1	0.6000	0.9570
5	236	1	396.9792	13	7	0	1	1	0.6017	1.0860
5	237	1	398.5292	11	5	0	1	1	0.6034	0.7359
5	238	1	400.0791	9	3	0	1	1	0.6050	0.9138
5	239	1	401.6290	12	14	0	1	1	0.6067	0.8669
5	240	1	403.1789	10	9	0	1	1	0.6083	0.5503
5	241	1	404.7289	9	3	0	1	1	0.6100	0.6805
5	242	1	406.2788	11	5	0	1	1	0.6116	0.8742
5	243	1	407.8287	13	7	0	1	1	0.6132	0.9244
5	244	1	409.3786	11	5	90	1	1	0.6148	0.9413
5	245	1	410.9285	12	14	0	1	1	0.6163	0.6875
5	246	1	412.4784	9	3	0	1	1	0.6179	0.7055
5	247	1	414.0284	12	14	0	1	1	0.6194	0.6116
5	248	1	415.5783	10	9	0	1	1	0.6210	0.6632
5	249	1	417.1282	12	14	0	1	1	0.6225	0.7123
5	250	1	418.6781	10	9	0	1	1	0.6240	0.6818
5	251	1	420.2280	11	5	90	1	1	0.6255	0.9252
5	252	1	421.7779	12	14	0	1	1	0.6270	0.5598
5	253	1	423.3279	10	9	0	1	1	0.6285	0.6091
5	254	1	424.8778	11	5	90	1	1	0.6299	0.7555
5	255	1	426.4277	10	9	0	1	1	0.6314	0.5815
5	256	1	427.9777	11	5	0	1	1	0.6328	0.9352
5	257	1	429.5276	10	9	0	1	1	0.6342	0.5535
5	258	1	431.0775	11	5	0	1	1	0.6357	0.6678
5	259	1	432.6274	13	7	0	0	1	0.6332	0.8126
5	260	1	434.1773	12	14	0	1	1	0.6346	0.6722
5	261	1	435.7272	10	9	0	1	1	0.6360	0.5948
5	262	1	437.2771	11	5	0	1	1	0.6374	0.7082
5	263	1	438.8271	9	3	90	1	1	0.6388	1.0302
5	264	1	440.3770	10	9	90	1	1	0.6402	0.9521
5	265	1	441.9269	12	14	0	1	1	0.6415	0.8904
5	266	1	443.4768	10	9	0	1	1	0.6429	0.7644
5	267	1	445.0268	11	5	0	1	1	0.6442	0.8622
5	268	1	446.5767	12	14	0	1	1	0.6455	0.8311
5	269	1	448.1266	11	5	90	1	1	0.6468	1.2988
5	270	1	449.6765	12	14	90	1	1	0.6481	1.0599
5	271	1	451.2264	10	9	90	1	1	0.6494	0.7735
5	272	1	452.7764	12	14	0	1	1	0.6507	0.7293
5	273	1	454.3263	13	7	0	1	1	0.6520	0.9696
5	274	1	455.8762	12	14	0	1	1	0.6533	0.6677
5	275	1	457.4261	10	9	0	1	1	0.6545	0.5898
5	276	1	458.9760	12	14	0	1	1	0.6558	0.5758
5	277	1	460.5259	11	5	90	1	1	0.6570	0.8194
5	278	1	462.0758	10	9	0	1	1	0.6583	0.6121
5	279	1	463.6258	12	14	0	1	1	0.6595	0.7437
5	280	1	465.1757	11	5	0	1	1	0.6607	0.6963
5	281	1	466.7256	9	3	0	1	1	0.6619	1.1158
5	282	1	468.2755	11	5	0	1	1	0.6631	0.8777
5	283	1	469.8254	12	14	90	1	1	0.6643	0.9593
5	284	1	471.3754	10	9	0	1	1	0.6655	0.7059
5	285	1	472.9253	9	3	0	1	1	0.6667	0.7559
5	286	1	474.4752	12	14	0	1	1	0.6678	0.8860
5	287	1	476.0251	13	7	0	1	1	0.6690	0.9347
5	288	1	477.5750	11	5	90	1	1	0.6701	0.8423
5	289	1	479.1250	9	3	0	1	1	0.6713	0.8431
5	290	1	480.6749	8	15	0	0	1	0.6690	1.1344
5	291	1	482.3915	9	3	0	1	1	0.6701	0.9844
5	292	1	483.9414	11	5	0	1	1	0.6712	0.8439
5	293	1	485.4913	13	7	0	1	1	0.6724	1.3579
5	294	1	487.0412	11	5	0	1	1	0.6735	0.8628
5	295	1	488.5911	12	14	90	1	1	0.6746	0.7849
5	296	1	490.1411	11	5	0	1	1	0.6757	0.7240
5	297	1	491.6910	9	3	0	1	1	0.6768	0.6951
5	298	1	493.2409	12	14	0	1	1	0.6779	0.8404
5	299	1	494.7908	13	7	0	1	1	0.6789	0.8747
5	300	1	496.3407	14	10	0	1	1	0.6800	1.1951
5	301	1	497.8906	15	13	0	1	1	0.6811	0.9904
5	302	1	499.4406	2	1	0	1	1	0.6821	0.9922
5	303	1	500.9905	3	11	0	1	1	0.6832	1.0575
5	304	1	502.5404	4	6	90	0	1	0.6809	1.1409
5	305	1	504.2236	5	4	0	-1	0	0.6787	-1.0000
5	306	1	506.2402	7	2	0	1	1	0.6797	1.2328
5	307	1	507.7901	6	12	0	-1	0	0.6775	-1.0000
5	308	1	509.8733	8	15	0	1	1	0.6786	1.0545
5	309	1	511.4233	7	2	0	1	1	0.6796	1.1046
5	310	1	512.9732	4	6	0	1	1	0.6806	1.2837
5	311	1	514.5231	7	2	0	1	1	0.6817	0.9980
5	312	1	516.0730	5	4	0	1	1	0.6827	1.1759
5	313	1	517.6229	7	2	0	1	1	0.6837	0.9062
5	314	1	519.1729	6	12	0	1	1	0.6847	0.9242
5	315	1	520.7228	5	4	0	1	1	0.6857	0.8291
5	316	1	522.2727	4	6	0	1	1	0.6867	0.9273
5	317	1	523.8226	7	2	0	1	1	0.6877	1.1705
5	318	1	525.3725	8	15	0	1	1	0.6887	1.1881
5	319	1	526.9225	6	12	0	1	1	0.6897	1.2214
5	320	1	528.4724	7	2	0	1	1	0.6906	0.8395
5	321	1	530.0223	8	15	0	1	1	0.6916	1.1793
5	322	1	531.5722	6	12	90	1	1	0.6925	1.0996
5	323	1	533.1221	7	2	0	1	1	0.6935	0.8946
5	324	1	534.6721	5	4	0	1	1	0.6944	0.8653
5	325	1	536.2220	6	12	0	1	1	0.6954	0.9636
5	326	1	537.7719	8	15	0	1	1	0.6963	1.0280
5	327	1	539.3218	7	2	0	1	1	0.6972	0.9340
5	328	1	540.8717	6	12	0	1	1	0.6982	0.9542
5	329	1	542.4216	5	4	0	1	1	0.6991	0.7959
5	330	1	543.9716	6	12	0	1	1	0.7000	0.7976
5	331	1	545.5215	7	2	0	1	1	0.7009	0.6881
5	332	1	547.0714	6	12	0	1	1	0.7018	0.6565
5	333	1	548.6213	8	15	0	1	1	0.7027	0.6905
5	334	1	550.1712	5	4	0	1	1	0.7036	0.8541
5	335	1	551.7212	7	2	0	1	1	0.7045	0.8559
5	336	1	553.2711	8	15	0	1	1	0.7054	0.7458
5	337	1	554.8210	5	4	0	1	1	0.7062	0.7480
5	338	1	556.3709	6	12	90	1	1	0.7071	0.9250
5	339	1	557.9208	8	15	0	1	1	0.7080	0.7203
5	340	1	559.4707	9	3	0	1	1	0.7088	0.8827
5	341	1	561.0207	11	5	0	1	1	0.7097	0.7073
5	342	1	562.5706	9	3	0	1	1	0.7105	0.6946
5	343	1	564.1205	12	14	0	1	1	0.7114	1.0314
5	344	1	565.6704	13	7	0	1	1	0.7122	1.1302
5	345	1	567.2203	10	9	90	1	1	0.7130	0.9247
5	346	1	568.7703	9	3	0	1	1	0.7139	0.7196
5	347	1	570.3202	8	15	0	1	1	0.7147	0.9117
5	348	1	571.8701	5	4	90	1	1	0.7155	1.1399
5	349	1	573.4200	8	15	0	1	1	0.7163	0.9478
5	350	1	574.9699	9	3	0	1	1	0.7171	0.9019
5	351	1	576.5199	11	5	0	1	1	0.7179	0.7442
5	352	1	578.0698	10	9	0	1	1	0.7188	0.6040
5	353	1	579.6197	12	14	0	0	1	0.7167	1.4524
5	354	1	581.5863	10	9	0	1	1	0.7175	1.0229
5	355	1	583.1362	13	7	0	1	1	0.7183	1.0574
5	356	1	584.6861	10	9	90	1	1	0.7191	1.0275
5	357	1	586.2360	12	14	0	1	1	0.7199	1.0278
5	358	1	587.7859	11	5	0	1	1	0.7207	0.7115
5	359	1	589.3359	10	9	0	1	1	0.7214	0.5853
5	360	1	590.8858	12	14	0	1	1	0.7222	0.6835
5	361	1	592.4357	10	9	0	1	1	0.7230	0.6522
5	362	1	593.9856	11	5	0	1	1	0.7238	0.6561
5	363	1	595.5355	9	3	0	1	1	0.7245	0.6723
5	364	1	597.0855	8	15	90	1	1	0.7253	0.8676
5	365	1	598.6354	6	12	0	1	1	0.7260	1.0303
5	366	1	600.1853	8	15	0	1	1	0.7268	1.0319
5	367	1	601.7352	9	3	0	1	1	0.7275	0.9046
5	368	1	603.2851	11	5	0	1	1	0.7283	0.8267
5	369	1	604.8350	10	9	0	1	1	0.7290	0.7168
5	370	1	606.3850	13	7	0	1	1	0.7297	0.7989
5	371	1	607.9349	14	10	0	1	1	0.7305	1.2342
5	372	1	609.4848	1	8	90	1	1	0.7312	1.3168
5	373	1	611.0347	15	13	0	1	1	0.7319	1.0788
5	374	1	612.5846	1	8	0	1	1	0.7326	1.0002
5	375	1	614.1346	2	1	0	1	1	0.7333	0.9871
5	376	1	615.6845	3	11	0	1	1	0.7340	0.8922
5	377	1	617.2344	2	1	0	1	1	0.7347	0.9908
5	378	1	618.7843	1	8	0	1	1	0.7354	0.8332
5	379	1	620.3342	2	1	0	1	1	0.7361	0.7395
5	380	1	621.8842	14	10	0	1	1	0.7368	1.1413
5	381	1	623.4341	13	7	0	1	1	0.7375	0.8077
5	382	1	624.9840	14	10	90	0	1	0.7356	1.1439
5	383	1	626.7172	13	7	0	1	1	0.7363	1.3962
5	384	1	628.2838	14	10	0	1	1	0.7370	1.0921
5	385	1	629.8338	13	7	0	1	1	0.7377	1.1593
5	386	1	631.3837	11	5	0	1	1	0.7383	0.9863
5	387	1	632.9336	13	7	0	1	1	0.7390	0.8755
5	388	1	634.4835	10	9	90	1	1	0.7397	0.8765
5	389	1	636.0334	9	3	0	1	1	0.7404	0.7345
5	390	1	637.5833	8	15	0	1	1	0.7410	1.1218
5	391	1	639.1332	7	2	0	1	1	0.7417	0.8186
5	392	1	640.6832	8	15	0	1	1	0.7423	0.9017
5	393	1	642.2331	6	12	0	1	1	0.7430	0.9033
5	394	1	643.7830	7	2	0	1	1	0.7437	0.8249
5	395	1	645.3329	8	15	0	1	1	0.7443	0.7793
5	396	1	646.8828	9	3	90	1	1	0.7449	1.3250
5	397	1	648.4328	11	5	0	1	1	0.7456	0.8813
5	398	1	649.9827	10	9	0	1	1	0.7462	0.8011
5	399	1	651.5326	12	14	0	1	1	0.7469	0.9486
5	400	1	653.0825	10	9	0	1	1	0.7475	0.6464
5	401	1	654.6324	12	14	0	1	1	0.7481	0.6171
5	402	1	656.1824	13	7	0	1	1	0.7488	0.8753
5	403	1	657.7323	14	10	90	0	1	0.7469	1.1649
5	404	1	659.4155	2	1	0	1	1	0.7475	1.2896
5	405	1	660.9654	3	11	90	1	1	0.7481	1.0186
5	406	1	662.5154	4	6	0	1	1	0.7488	1.1326
5	407	1	664.0653	5	4	0	1	1	0.7494	1.1043
5	408	1	665.6152	8	15	0	1	1	0.7500	0.9766
5	409	1	667.1651	5	4	0	1	1	0.7506	0.8366
5	410	1	668.7150	7	2	0	1	1	0.7512	0.5808
5	411	1	670.2650	6	12	0	1	1	0.7518	0.7269
5	412	1	671.8149	8	15	0	1	1	0.7524	0.8426
5	413	1	673.3648	6	12	0	1	1	0.7530	0.7163
5	414	1	674.9147	4	6	0	1	1	0.7536	0.9267
5	415	1	676.4646	3	11	0	1	1	0.7542	0.9930
5	416	1	678.0145	4	6	0	1	1	0.7548	0.7693
5	417	1	679.5645	3	11	0	1	1	0.7554	0.8214
5	418	1	681.1144	4	6	0	1	1	0.7560	0.6627
5	419	1	682.6643	3	11	90	0	1	0.7542	0.7291
5	420	1	684.2142	15	13	0	1	1	0.7548	1.1788
5	421	1	685.7641	14	10	0	0	1	0.7530	1.3251
5	422	1	687.6474	1	8	0	1	1	0.7536	0.7219
5	423	1	689.1973	14	10	0	1	1	0.7541	0.8522
5	424	1	690.7472	15	13	0	1	1	0.7547	0.8381
5	425	1	692.2971	2	1	0	1	1	0.7553	0.8878
5	426	1	693.8471	3	11	0	1	1	0.7559	1.1290
5	427	1	695.3970	15	13	90	1	1	0.7564	1.1961
5	428	1	696.9469	1	8	0	1	1	0.7570	0.7821
5	429	1	698.4968	3	11	0	1	1	0.7576	1.0390
5	430	1	700.0467	1	8	0	0	1	0.7558	0.7224
5	431	1	701.5967	3	11	0	1	1	0.7564	1.2044
5	432	1	703.1466	4	6	0	1	1	0.7569	1.2706
5	433	1	704.6965	6	12	0	1	1	0.7575	0.7595
5	434	1	706.2464	8	15	0	1	1	0.7581	0.7782
5	435	1	707.7963	6	12	0	1	1	0.7586	0.6685
5	436	1	709.3462	5	4	0	1	1	0.7592	0.8776
5	437	1	710.8962	4	6	90	1	1	0.7597	0.9613
5	438	1	712.4461	5	4	0	1	1	0.7603	0.8351
5	439	1	713.9960	8	15	90	1	1	0.7608	1.0278
5	440	1	715.5459	6	12	0	1	1	0.7614	0.7760
5	441	1	717.0958	7	2	0	0	1	0.7596	1.4810
5	442	1	719.1457	8	15	0	1	1	0.7602	0.6621
5	443	1	720.6956	9	3	0	1	1	0.7607	0.8739
5	444	1	722.2456	11	5	90	1	1	0.7613	0.9382
5	445	1	723.7955	9	3	0	1	1	0.7618	0.8305
5	446	1	725.3454	12	14	0	1	1	0.7623	0.7824
5	447	1	726.8953	11	5	0	1	1	0.7629	0.7540
5	448	1	728.4452	9	3	0	1	1	0.7634	0.8516
5	449	1	729.9952	8	15	0	1	1	0.7639	0.7100
5	450	1	731.5451	5	4	90	1	1	0.7644	0.8384
5	451	1	733.0950	7	2	0	1	1	0.7650	0.9698
5	452	1	734.6449	6	12	0	1	1	0.7655	0.8269
5	453	1	736.1948	8	15	0	1	1	0.7660	0.7023
5	454	1	737.7448	5	4	0	1	1	0.7665	0.7671
5	455	1	739.2947	7	2	90	1	1	0.7670	1.2343
5	456	1	740.8446	4	6	0	1	1	0.7675	1.3327
5	457	1	742.3945	7	2	0	1	1	0.7681	1.0466
5	458	1	743.9444	8	15	90	1	1	0.7686	0.9847
5	459	1	745.4943	5	4	0	1	1	0.7691	0.8914
5	460	1	747.0443	4	6	0	1	1	0.7696	1.4049
5	461	1	748.6442	6	12	90	1	1	0.7701	0.9091
5	462	1	750.1941	4	6	90	1	1	0.7706	1.1033
5	463	1	751.7440	6	12	0	1	1	0.7711	0.7853
5	464	1	753.2939	8	15	0	1	1	0.7716	0.8829
5	465	1	754.8439	6	12	0	1	1	0.7720	0.7719
5	466	1	756.3938	8	15	0	1	1	0.7725	0.7273
5	467	1	757.9437	6	12	0	1	1	0.7730	0.7132
5	468	1	759.4936	4	6	90	1	1	0.7735	1.0035
5	469	1	761.0435	3	11	0	1	1	0.7740	1.0379
5	470	1	762.5935	4	6	0	1	1	0.7745	1.0554
5	471	1	764.1434	7	2	0	1	1	0.7749	0.9920
5	472	1	765.6933	4	6	0	1	1	0.7754	0.9465
5	473	1	767.2432	3	11	0	1	1	0.7759	1.0298
5	474	1	768.7931	15	13	0	1	1	0.7764	1.0958
5	475	1	770.3430	3	11	0	1	1	0.7768	0.9546
5	476	1	771.8930	4	6	90	1	1	0.7773	1.1309
5	477	1	773.4429	5	4	0	1	1	0.7778	1.0545
5	478	1	774.9928	7	2	0	1	1	0.7782	0.8310
5	479	1	776.5427	8	15	0	1	1	0.7787	0.8491
5	480	1	778.0926	6	12	90	1	1	0.7792	0.9164
5	481	1	779.6426	4	6	0	1	1	0.7796	0.7893
5	482	1	781.1925	3	11	90	1	1	0.7801	1.1289
5	483	1	782.7424	2	1	0	1	1	0.7805	0.9708
5	484	1	784.2923	15	13	0	1	1	0.7810	0.8766
5	485	1	785.8422	14	10	0	1	1	0.7814	1.3423
5	486	1	787.3921	1	8	0	1	1	0.7819	0.9768
5	487	1	788.9421	2	1	90	1	1	0.7823	1.1715
5	488	1	790.4920	1	8	0	1	1	0.7828	0.9175
5	489	1	792.0419	3	11	0	1	1	0.7832	0.9668
5	490	1	793.5918	15	13	90	1	1	0.7837	0.9534
5	491	1	795.1418	3	11	90	1	1	0.7841	1.0353
5	492	1	796.6917	15	13	0	1	1	0.7846	0.8603
5	493	1	798.2416	1	8	0	1	1	0.7850	0.7355
5	494	1	799.7915	15	13	0	1	1	0.7854	0.6416
5	495	1	801.3414	14	10	0	1	1	0.7859	0.9155
5	496	1	802.8913	1	8	90	1	1	0.7863	1.0463
5	497	1	804.4413	2	1	0	1	1	0.7867	0.9187
5	498	1	805.9912	1	8	0	1	1	0.7871	0.8259
5	499	1	807.5411	2	1	0	1	1	0.7876	0.8602
5	500	1	809.0910	14	10	0	1	1	0.7880	0.8145
5	501	1	810.6409	1	8	0	1	1	0.7884	0.7189
5	502	1	812.1909	15	13	0	1	1	0.7888	0.7546
5	503	1	813.7408	3	11	0	1	1	0.7893	0.8991
5	504	1	815.2907	4	6	90	1	1	0.7897	0.8693
5	505	1	816.8406	7	2	0	1	1	0.7901	0.8232
5	506	1	818.3905	4	6	0	1	1	0.7905	1.1613
5	507	1	819.9405	7	2	0	1	1	0.7909	0.9091
5	508	1	821.4904	6	12	0	1	1	0.7913	0.8624
5	509	1	823.0403	8	15	0	1	1	0.7917	0.8329
5	510	1	824.5902	9	3	0	1	1	0.7922	0.8352
5	511	1	826.1401	8	15	0	1	1	0.7926	1.1571
5	512	1	827.6900	5	4	0	1	1	0.7930	1.0317
5	513	1	829.2399	6	12	0	1	1	0.7934	0.8093
5	514	1	830.7899	5	4	0	1	1	0.7938	0.6030
5	515	1	832.3398	4	6	0	1	1	0.7942	1.0216
5	516	1	833.8897	3	11	90	1	1	0.7946	0.9438
5	517	1	835.4396	2	1	0	1	1	0.7950	0.9780
5	518	1	836.9896	3	11	0	1	1	0.7954	1.0442
5	519	1	838.5395	1	8	0	1	1	0.7958	0.9007
5	520	1	840.0894	3	11	0	1	1	0.7962	0.7745
5	521	1	841.6393	1	8	0	1	1	0.7965	0.6817
5	522	1	843.1892	14	10	0	1	1	0.7969	0.7799
5	523	1	844.7391	1	8	0	1	1	0.7973	0.6067
5	524	1	846.2891	15	13	0	1	1	0.7977	1.0080
5	525	1	847.8390	3	11	0	1	1	0.7981	0.7862
5	526	1	849.3889	1	8	0	1	1	0.7985	0.9149
5	527	1	850.9388	2	1	0	1	1	0.7989	0.9970
5	528	1	852.4887	3	11	0	1	1	0.7992	0.8083
5	529	1	854.0387	15	13	90	1	1	0.7996	1.1783
5	530	1	855.5886	1	8	0	1	1	0.8000	0.6686
5	531	1	857.1385	14	10	0	1	1	0.8004	0.8774
5	532	1	858.6884	15	13	0	1	1	0.8008	0.7844
5	533	1	860.2383	14	10	0	1	1	0.8011	0.6429
5	534	1	861.7883	15	13	0	1	1	0.8015	0.6134
5	535	1	863.3382	3	11	0	1	1	0.8019	0.5978
5	536	1	864.8881	15	13	0	1	1	0.8022	0.4895
5	537	1	866.4380	14	10	0	1	1	0.8026	0.5708
5	538	1	867.9879	1	8	0	1	1	0.8030	0.5879
5	539	1	869.5378	3	11	0	1	1	0.8033	0.5912
5	540	1	871.0878	15	13	0	1	1	0.8037	0.8000
5	541	1	872.6377	2	1	0	1	1	0.8041	0.7222
5	542	1	874.1876	1	8	90	1	1	0.8044	0.7735
5	543	1	875.7375	3	11	0	1	1	0.8048	0.6943
5	544	1	877.2874	1	8	0	1	1	0.8051	0.6324
5	545	1	878.8374	14	10	90	1	1	0.8055	1.0842
5	546	1	880.3872	13	7	90	1	1	0.8059	1.2607
5	547	1	881.9372	10	9	0	1	1	0.8062	0.9266
5	548	1	883.4871	12	14	0	1	1	0.8066	0.9460
5	549	1	885.0370	10	9	0	1	1	0.8069	0.8188
5	550	1	886.5869	9	3	0	1	1	0.8073	0.9661
5	551	1	888.1369	12	14	0	1	1	0.8076	0.7909
5	552	1	889.6868	11	5	0	1	1	0.8080	0.7770
5	553	1	891.2367	12	14	0	1	1	0.8083	0.6360
5	554	1	892.7866	11	5	0	1	1	0.8087	0.7824
5	555	1	894.3365	10	9	0	1	1	0.8090	0.7848
5	556	1	895.8865	9	3	0	1	1	0.8094	0.8034
5	557	1	897.4364	11	5	0	1	1	0.8097	0.7079
5	558	1	898.9863	12	14	0	1	1	0.8100	0.6300
5	559	1	900.5362	11	5	0	1	1	0.8104	0.5993
5	560	1	902.0861	13	7	0	1	1	0.8107	1.2271
5	561	1	903.6361	12	14	90	1	1	0.8111	1.0211
5	562	1	905.1860	10	9	0	1	1	0.8114	0.7030
5	563	1	906.7359	11	5	0	1	1	0.8117	0.6082
5	564	1	908.2858	13	7	0	1	1	0.8121	0.8354
5	565	1	909.8357	11	5	0	1	1	0.8124	0.6920
5	566	1	911.3857	9	3	0	1	1	0.8127	0.6804
5	567	1	912.9356	12	14	0	1	1	0.8131	0.5682
5	568	1	914.4855	9	3	0	1	1	0.8134	0.5716
5	569	1	916.0354	10	9	90	1	1	0.8137	0.8124
5	570	1	917.5853	9	3	0	1	1	0.8140	0.6556
5	571	1	919.1352	10	9	0	1	1	0.8144	0.7857
5	572	1	920.6852	13	7	0	1	1	0.8147	0.8521
5	573	1	922.2351	12	14	90	1	1	0.8150	0.8060
5	574	1	923.7850	9	3	0	1	1	0.8153	0.6468
5	575	1	925.3349	11	5	0	1	1	0.8157	0.7141
5	576	1	926.8848	13	7	0	1	1	0.8160	1.1150
5	577	1	928.4348	14	10	90	1	1	0.8163	0.9744
5	578	1	929.9847	15	13	0	1	1	0.8166	0.8163
5	579	1	931.5346	3	11	90	1	1	0.8169	1.0734
5	580	1	933.0845	2	1	90	1	1	0.8172	1.3020
5	581	1	934.6344	3	11	0	1	1	0.8176	1.1116
5	582	1	936.1844	15	13	0	1	1	0.8179	0.9210
5	583	1	937.7343	1	8	90	1	1	0.8182	0.8268
5	584	1	939.2842	2	1	90	1	1	0.8185	1.0367
5	585	1	940.8341	1	8	0	1	1	0.8188	0.7509
5	586	1	942.3840	3	11	0	1	1	0.8191	0.9918
5	587	1	943.9339	2	1	0	1	1	0.8194	1.1712
5	588	1	945.4839	1	8	0	1	1	0.8197	1.0300
5	589	1	947.0338	2	1	0	1	1	0.8200	0.8868
5	590	1	948.5837	15	13	90	1	1	0.8203	1.1772
5	591	1	950.1336	3	11	0	1	1	0.8206	0.7801
5	592	1	951.6835	1	8	90	1	1	0.8209	1.0535
5	593	1	953.2335	3	11	0	1	1	0.8212	0.7663
5	594	1	954.7834	4	6	0	1	1	0.8215	1.2340
5	595	1	956.3333	7	2	0	0	1	0.8202	1.1065
5	596	1	958.0332	8	15	0	-1	0	0.8188	-1.0000
5	597	1	960.0498	6	12	0	-1	0	0.8174	-1.0000
5	598	1	962.1829	4	6	0	1	1	0.8177	1.3545
5	599	1	963.7329	7	2	90	-1	0	0.8164	-1.0000
5	600	1	965.9494	4	6	0	1	1	0.8167	1.4424
5	601	1	1053.2114	6	12	0	1	1	0.8170	1.1884
5	602	1	1054.7615	4	6	90	1	1	0.8173	1.0945
5	603	1	1056.3114	5	4	0	1	1	0.8176	0.9223
5	604	1	1057.8613	8	15	0	1	1	0.8179	0.8266
5	605	1	1059.4112	6	12	0	1	1	0.8182	0.7342
5	606	1	1060.9611	7	2	0	1	1	0.8185	0.8960
5	607	1	1062.5110	4	6	0	1	1	0.8188	0.8334
5	608	1	1064.0610	7	2	0	1	1	0.8191	0.5962
5	609	1	1065.6109	8	15	0	1	1	0.8194	0.7426
5	610	1	1067.1608	7	2	0	1	1	0.8197	0.7909
5	611	1	1068.7107	6	12	0	1	1	0.8200	0.6343
5	612	1	1070.2606	4	6	0	1	1	0.8203	0.6844
5	613	1	1071.8106	6	12	90	1	1	0.8206	0.8470
5	614	1	1073.3604	7	2	0	1	1	0.8208	0.6248
5	615	1	1074.9104	8	15	0	1	1	0.8211	0.7066
5	616	1	1076.4603	5	4	0	1	1	0.8214	0.8047
5	617	1	1078.0102	7	2	0	1	1	0.8217	0.6455
5	618	1	1079.5602	8	15	90	1	1	0.8220	0.8236
5	619	1	1081.1101	7	2	90	1	1	0.8223	0.9389
5	620	1	1082.6600	5	4	0	1	1	0.8226	0.8117
5	621	1	1084.2099	6	12	0	1	1	0.8229	0.7356
5	622	1	1085.7598	7	2	0	1	1	0.8232	0.6879
5	623	1	1087.3097	6	12	90	1	1	0.8234	0.9635
5	624	1	1088.8596	4	6	0	1	1	0.8237	0.9013
5	625	1	1090.4096	6	12	0	1	1	0.8240	0.9502
5	626	1	1091.9595	8	15	0	1	1	0.8243	0.7940
5	627	1	1093.5094	7	2	0	1	1	0.8246	0.8103
5	628	1	1095.0593	4	6	0	1	1	0.8248	0.6365
5	629	1	1096.6093	5	4	0	1	1	0.8251	0.8160
5	630	1	1098.1592	7	2	0	1	1	0.8254	0.7206
5	631	1	1099.7091	8	15	0	1	1	0.8257	0.6911
5	632	1	1101.2590	9	3	0	1	1	0.8259	0.8061
5	633	1	1102.8089	10	9	0	1	1	0.8262	0.7602
5	634	1	1104.3589	11	5	90	1	1	0.8265	0.8262
5	635	1	1105.9088	9	3	0	1	1	0.8268	0.7163
5	636	1	1107.4587	10	9	0	1	1	0.8270	0.6063
5	637	1	1109.0086	13	7	0	1	1	0.8273	1.1510
5	638	1	1110.5585	14	10	0	0	1	0.8260	0.8812
5	639	1	1112.1085	15	13	0	1	1	0.8263	0.8513
5	640	1	1113.6584	3	11	0	1	1	0.8266	1.0788
5	641	1	1115.2083	15	13	0	1	1	0.8268	0.7932
5	642	1	1116.7582	1	8	0	1	1	0.8271	0.6994
5	643	1	1118.3081	3	11	90	1	1	0.8274	0.9253
5	644	1	1119.8581	15	13	90	1	1	0.8276	1.2148
5	645	1	1121.4080	14	10	0	1	1	0.8279	0.8652
5	646	1	1122.9579	2	1	0	1	1	0.8282	0.7871
5	647	1	1124.5078	14	10	90	0	1	0.8269	0.6919
5	648	1	1126.0577	2	1	0	1	1	0.8272	1.0464
5	649	1	1127.6076	15	13	0	1	1	0.8274	0.7937
5	650	1	1129.1575	14	10	0	1	1	0.8277	0.7156
5	651	1	1130.7075	2	1	0	1	1	0.8280	0.6535
5	652	1	1132.2574	3	11	90	1	1	0.8282	0.9743
5	653	1	1133.8073	15	13	0	1	1	0.8285	0.6886
5	654	1	1135.3572	3	11	0	1	1	0.8287	1.0745
5	655	1	1136.9071	15	13	0	1	1	0.8290	1.1088
5	656	1	1138.4571	2	1	0	1	1	0.8293	0.7274
5	657	1	1140.0070	1	8	0	1	1	0.8295	0.6658
5	658	1	1141.5569	14	10	0	1	1	0.8298	0.7327
5	659	1	1143.1068	15	13	0	1	1	0.8300	0.6049
5	660	1	1144.6568	14	10	90	1	1	0.8303	1.2486
5	661	1	1146.2067	13	7	90	1	1	0.8306	1.3611
5	662	1	1147.7732	12	14	90	1	1	0.8308	1.3465
5	663	1	1149.3232	13	7	0	1	1	0.8311	0.9024
5	664	1	1150.8731	11	5	0	1	1	0.8313	0.7906
5	665	1	1152.4230	12	14	90	1	1	0.8316	0.7928
5	666	1	1153.9729	13	7	0	1	1	0.8318	0.7000
5	667	1	1155.5228	10	9	0	1	1	0.8321	0.6540
5	668	1	1157.0728	9	3	0	1	1	0.8323	0.9909
5	669	1	1158.6227	12	14	0	1	1	0.8326	0.8028
5	670	1	1160.1726	13	7	90	1	1	0.8328	1.0278
5	671	1	1161.7225	11	5	0	1	1	0.8331	0.7748
5	672	1	1163.2724	12	14	0	1	1	0.8333	0.7447
5	673	1	1164.8224	9	3	0	1	1	0.8336	0.8107
5	674	1	1166.3723	11	5	90	1	1	0.8338	1.0835
5	675	1	1167.9222	9	3	0	1	1	0.8341	0.7187
5	676	1	1169.4721	10	9	90	1	1	0.8343	0.7855
5	677	1	1171.0220	13	7	0	1	1	0.8346	0.7398
5	678	1	1172.5719	11	5	90	1	1	0.8348	0.7732
5	679	1	1174.1219	10	9	0	1	1	0.8351	0.6632
5	680	1	1175.6718	11	5	0	1	1	0.8353	0.8252
5	681	1	1177.2217	10	9	0	1	1	0.8355	0.6195
5	682	1	1178.7716	9	3	90	1	1	0.8358	0.8298
5	683	1	1180.3215	8	15	0	1	1	0.8360	0.8795
5	684	1	1181.8715	5	4	90	1	1	0.8363	1.1862
5	685	1	1183.4214	7	2	90	1	1	0.8365	1.0755
5	686	1	1184.9713	4	6	90	1	1	0.8367	0.9646
5	687	1	1186.5212	5	4	90	1	1	0.8370	0.9665
5	688	1	1188.0711	8	15	0	1	1	0.8372	0.8577
5	689	1	1189.6211	6	12	0	1	1	0.8374	0.8748
5	690	1	1191.1710	5	4	0	1	1	0.8377	0.8778
5	691	1	1192.7209	4	6	90	1	1	0.8379	0.8157
5	692	1	1194.2708	3	11	0	1	1	0.8382	1.0427
5	693	1	1195.8207	15	13	0	1	1	0.8384	0.8030
5	694	1	1197.3707	14	10	0	1	1	0.8386	0.9491
5	695	1	1198.9206	1	8	0	1	1	0.8388	0.7752
5	696	1	1200.4705	14	10	0	1	1	0.8391	0.7147
5	697	1	1202.0204	2	1	0	1	1	0.8393	0.9404
5	698	1	1203.5703	14	10	0	1	1	0.8395	0.7506
5	699	1	1205.1202	1	8	0	1	1	0.8398	0.6572
5	700	1	1206.6702	3	11	0	1	1	0.8400	0.7536
5	701	1	1208.2201	15	13	90	1	1	0.8402	1.0916
5	702	1	1209.7700	1	8	90	1	1	0.8405	0.8714
5	703	1	1211.3199	2	1	0	1	1	0.8407	0.7610
5	704	1	1212.8698	3	11	0	1	1	0.8409	1.0020
5	705	1	1214.4198	2	1	0	1	1	0.8411	1.1337
5	706	1	1215.9697	3	11	0	1	1	0.8414	0.8637
5	707	1	1217.5196	1	8	0	1	1	0.8416	0.7369
5	708	1	1219.0695	15	13	0	1	1	0.8418	0.8022
5	709	1	1220.6194	14	10	0	1	1	0.8420	0.7252
5	710	1	1222.1694	13	7	0	1	1	0.8423	1.4963
5	711	1	1223.8359	11	5	0	1	1	0.8425	0.7558
5	712	1	1225.3859	13	7	0	1	1	0.8427	0.5991
5	713	1	1226.9358	10	9	0	1	1	0.8429	0.6654
5	714	1	1228.4857	13	7	0	1	1	0.8431	0.7788
5	715	1	1230.0356	11	5	90	1	1	0.8434	0.7655
5	716	1	1231.5855	9	3	0	1	1	0.8436	0.7662
5	717	1	1233.1355	12	14	0	1	1	0.8438	0.9135
5	718	1	1234.6854	13	7	0	1	1	0.8440	0.8360
5	719	1	1236.2353	14	10	0	1	1	0.8442	0.6936
5	720	1	1237.7852	13	7	0	1	1	0.8444	1.0466
5	721	1	1239.3351	14	10	0	1	1	0.8447	0.6967
5	722	1	1240.8850	1	8	90	1	1	0.8449	1.0187
5	723	1	1242.4350	3	11	0	1	1	0.8451	0.9887
5	724	1	1243.9849	1	8	0	1	1	0.8453	0.8007
5	725	1	1245.5348	15	13	90	1	1	0.8455	0.9464
5	726	1	1247.0847	2	1	0	1	1	0.8457	0.7083
5	727	1	1248.6347	14	10	90	1	1	0.8459	1.3972
5	728	1	1250.2846	2	1	90	0	1	0.8448	0.7246
5	729	1	1251.8345	14	10	0	1	1	0.8450	0.7106
5	730	1	1253.3844	15	13	0	1	1	0.8452	1.2094
5	731	1	1254.9343	2	1	0	1	1	0.8454	0.6974
5	732	1	1256.4842	15	13	0	1	1	0.8456	0.7475
5	733	1	1258.0341	1	8	0	1	1	0.8458	0.6695
5	734	1	1259.5841	15	13	0	1	1	0.8460	0.7216
5	735	1	1261.1340	1	8	0	1	1	0.8463	0.5617
5	736	1	1262.6839	15	13	0	1	1	0.8465	0.5810
5	737	1	1264.2338	14	10	0	1	1	0.8467	0.6953
5	738	1	1265.7838	1	8	0	1	1	0.8469	0.6167
5	739	1	1267.3337	15	13	90	1	1	0.8471	0.8915
5	740	1	1268.8836	2	1	0	1	1	0.8473	0.7018
5	741	1	1270.4335	15	13	0	1	1	0.8475	0.7022
5	742	1	1271.9834	1	8	0	1	1	0.8477	0.7378
5	743	1	1273.5333	15	13	0	1	1	0.8479	0.6916
5	744	1	1275.0833	2	1	90	1	1	0.8481	1.0286
5	745	1	1276.6332	15	13	0	1	1	0.8483	0.6000
5	746	1	1278.1831	3	11	0	1	1	0.8485	0.9691
5	747	1	1279.7330	4	6	90	1	1	0.8487	1.0839
5	748	1	1281.2829	6	12	90	1	1	0.8489	0.9408
5	749	1	1282.8328	7	2	0	1	1	0.8491	0.9920
5	750	1	1284.3828	8	15	0	1	1	0.8493	0.7386
5	751	1	1285.9327	5	4	0	1	1	0.8495	0.8350
5	752	1	1287.4826	6	12	0	1	1	0.8497	0.6941
5	753	1	1289.0325	7	2	0	1	1	0.8499	0.6164
5	754	1	1290.5825	4	6	0	1	1	0.8501	1.1452
5	755	1	1292.1324	5	4	0	1	1	0.8503	0.8115
5	756	1	1293.6823	7	2	90	0	1	0.8492	0.8313
5	757	1	1295.2322	4	6	0	1	1	0.8494	0.7208
5	758	1	1296.7821	3	11	0	1	1	0.8496	0.8670
5	759	1	1298.3320	4	6	0	1	1	0.8498	0.7570
5	760	1	1299.8819	5	4	90	1	1	0.8500	1.0138
5	761	1	1301.4319	4	6	0	1	1	0.8502	0.7135
5	762	1	1302.9818	6	12	0	1	1	0.8504	0.8740
5	763	1	1304.5317	7	2	90	0	1	0.8493	0.9241
5	764	1	1306.0816	5	4	0	1	1	0.8495	0.7199
5	765	1	1307.6315	7	2	0	1	1	0.8497	0.9282
5	766	1	1309.1815	8	15	0	1	1	0.8499	0.7862
5	767	1	1310.7314	5	4	0	1	1	0.8501	0.7415
5	768	1	1312.2813	6	12	90	1	1	0.8503	0.9676
5	769	1	1313.8312	4	6	0	1	1	0.8505	0.6815
5	770	1	1315.3811	5	4	0	1	1	0.8506	1.0029
5	771	1	1316.9311	4	6	0	1	1	0.8508	0.9901
5	772	1	1318.4810	7	2	0	1	1	0.8510	1.3907
5	773	1	1320.0809	6	12	0	1	1	0.8512	0.8148
5	774	1	1321.6308	7	2	0	1	1	0.8514	0.6429
5	775	1	1323.1807	8	15	0	1	1	0.8516	0.6756
5	776	1	1324.7307	9	3	0	1	1	0.8518	0.7421
5	777	1	1326.2806	11	5	90	1	1	0.8520	0.9045
5	778	1	1327.8305	13	7	0	1	1	0.8522	0.8110
5	779	1	1329.3804	10	9	0	1	1	0.8524	0.6211
5	780	1	1330.9303	11	5	0	1	1	0.8526	0.7352
5	781	1	1332.4803	10	9	90	1	1	0.8528	0.8806
5	782	1	1334.0302	11	5	0	1	1	0.8529	0.6432
5	783	1	1335.5801	12	14	0	1	1	0.8531	0.7717
5	784	1	1337.1300	11	5	0	1	1	0.8533	0.6777
5	785	1	1338.6799	13	7	0	1	1	0.8535	0.7450
5	786	1	1340.2298	10	9	0	1	1	0.8537	0.6032
5	787	1	1341.7798	13	7	0	1	1	0.8539	0.5560
5	788	1	1343.3297	12	14	0	1	1	0.8541	0.5901
5	789	1	1344.8796	13	7	0	1	1	0.8542	0.3201
5	790	1	1346.4295	12	14	0	1	1	0.8544	0.5319
5	791	1	1347.9794	10	9	0	1	1	0.8546	0.6443
5	792	1	1349.5293	11	5	0	1	1	0.8548	0.6945
5	793	1	1351.0793	13	7	0	1	1	0.8550	0.6823
5	794	1	1352.6292	11	5	0	1	1	0.8552	0.5568
5	795	1	1354.1791	9	3	0	1	1	0.8553	0.7020
5	796	1	1355.7290	11	5	90	1	1	0.8555	0.8307
5	797	1	1357.2789	9	3	0	1	1	0.8557	0.6419
5	798	1	1358.8289	8	15	90	1	1	0.8559	0.9468
5	799	1	1360.3788	7	2	0	1	1	0.8561	1.1425
5	800	1	1361.9287	8	15	0	1	1	0.8562	0.7445
5	801	1	1363.4786	7	2	90	1	1	0.8564	1.0324
5	802	1	1365.0285	6	12	0	1	1	0.8566	0.7009
5	803	1	1366.5785	5	4	0	1	1	0.8568	1.0227
5	804	1	1368.1284	8	15	0	1	1	0.8570	0.7194
5	805	1	1369.6783	5	4	0	1	1	0.8571	0.6426
5	806	1	1371.2282	6	12	0	1	1	0.8573	0.7567
5	807	1	1372.7781	4	6	90	1	1	0.8575	0.8388
5	808	1	1374.3281	7	2	90	1	1	0.8577	1.2412
5	809	1	1375.8780	8	15	0	1	1	0.8578	0.7617
5	810	1	1377.4279	5	4	0	1	1	0.8580	0.7489
5	811	1	1378.9778	6	12	90	1	1	0.8582	1.1514
5	812	1	1380.5277	4	6	0	1	1	0.8584	0.7366
5	813	1	1382.0776	7	2	0	1	1	0.8585	0.9157
5	814	1	1383.6276	6	12	0	1	1	0.8587	0.7241
5	815	1	1385.1775	8	15	0	1	1	0.8589	0.6311
5	816	1	1386.7274	5	4	90	1	1	0.8591	0.8243
5	817	1	1388.2773	4	6	90	1	1	0.8592	0.7804
5	818	1	1389.8272	5	4	0	1	1	0.8594	0.7658
5	819	1	1391.3772	8	15	0	1	1	0.8596	0.6886
5	820	1	1392.9271	7	2	0	1	1	0.8598	1.1217
5	821	1	1394.4770	6	12	0	1	1	0.8599	0.8199
5	822	1	1396.0269	5	4	0	1	1	0.8601	0.6928
5	823	1	1397.5768	6	12	0	1	1	0.8603	0.6960
5	824	1	1399.1268	5	4	0	1	1	0.8604	0.7129
5	825	1	1400.6767	8	15	90	1	1	0.8606	0.8923
5	826	1	1402.2266	7	2	0	1	1	0.8608	0.7509
5	827	1	1403.7765	4	6	0	1	1	0.8609	0.7367
5	828	1	1405.3264	5	4	0	1	1	0.8611	0.5945
5	829	1	1406.8763	8	15	0	1	1	0.8613	0.8045
5	830	1	1408.4263	7	2	0	1	1	0.8614	0.8705
5	831	1	1409.9762	6	12	0	1	1	0.8616	0.8075
5	832	1	1411.5261	4	6	0	1	1	0.8618	0.7149
5	833	1	1413.0760	5	4	0	1	1	0.8619	0.7477
5	834	1	1414.6259	7	2	0	1	1	0.8621	0.7657
5	835	1	1416.1759	8	15	0	1	1	0.8623	0.6094
5	836	1	1417.7258	7	2	0	1	1	0.8624	0.8512
5	837	1	1419.2757	4	6	90	1	1	0.8626	0.9170
5	838	1	1420.8256	5	4	0	1	1	0.8628	0.6155
5	839	1	1422.3756	6	12	0	1	1	0.8629	0.6660
5	840	1	1423.9255	4	6	0	1	1	0.8631	0.7797
5	841	1	1425.4754	6	12	0	1	1	0.8633	0.8460
5	842	1	1427.0253	7	2	0	1	1	0.8634	0.8158
5	843	1	1428.5752	5	4	0	1	1	0.8636	0.7380
5	844	1	1430.1251	8	15	0	1	1	0.8637	0.6285
5	845	1	1431.6750	7	2	0	1	1	0.8639	0.8542
5	846	1	1433.2250	4	6	90	1	1	0.8641	0.7758
5	847	1	1434.7749	7	2	0	1	1	0.8642	0.6180
5	848	1	1436.3248	8	15	0	1	1	0.8644	0.7163
5	849	1	1437.8747	7	2	0	1	1	0.8645	0.7663
5	850	1	1439.4246	5	4	90	1	1	0.8647	0.7512
5	851	1	1440.9746	7	2	90	1	1	0.8649	0.9140
5	852	1	1442.5245	8	15	0	1	1	0.8650	0.6286
5	853	1	1444.0744	6	12	0	1	1	0.8652	0.6614
5	854	1	1445.6243	8	15	0	1	1	0.8653	0.7603
5	855	1	1447.1742	7	2	0	1	1	0.8655	0.6026
5	856	1	1448.7241	8	15	90	1	1	0.8657	0.8452
5	857	1	1450.2741	9	3	0	1	1	0.8658	0.9109
5	858	1	1451.8240	10	9	90	1	1	0.8660	0.6728
5	859	1	1453.3739	13	7	0	1	1	0.8661	1.0121
5	860	1	1454.9238	14	10	0	1	1	0.8663	1.0599
5	861	1	1456.4738	13	7	0	1	1	0.8664	0.8379
5	862	1	1458.0237	12	14	0	1	1	0.8666	0.7134
5	863	1	1459.5736	9	3	0	1	1	0.8667	0.6833
5	864	1	1461.1235	12	14	0	1	1	0.8669	0.6846
5	865	1	1462.6734	13	7	90	1	1	0.8671	0.7514
5	866	1	1464.2233	14	10	0	1	1	0.8672	0.7043
5	867	1	1465.7733	1	8	90	1	1	0.8674	0.8361
5	868	1	1467.3232	14	10	0	1	1	0.8675	0.7085
5	869	1	1468.8731	2	1	0	0	1	0.8665	1.0786
5	870	1	1470.5397	14	10	0	1	1	0.8667	0.8681
5	871	1	1472.0896	2	1	0	1	1	0.8668	0.6956
5	872	1	1473.6395	3	11	0	1	1	0.8670	1.0163
5	873	1	1475.1894	15	13	0	1	1	0.8671	0.7312
5	874	1	1476.7394	1	8	0	1	1	0.8673	0.7005
5	875	1	1478.2893	3	11	0	1	1	0.8674	0.6560
5	876	1	1479.8392	1	8	0	1	1	0.8676	0.6731
5	877	1	1481.3891	3	11	0	1	1	0.8677	0.6586
5	878	1	1482.9390	4	6	0	1	1	0.8679	0.9823
5	879	1	1484.4890	3	11	0	1	1	0.8680	0.5829
5	880	1	1486.0389	4	6	0	1	1	0.8682	0.8420
5	881	1	1487.5888	5	4	0	1	1	0.8683	0.7971
5	882	1	1489.1387	8	15	0	1	1	0.8685	0.7498
5	883	1	1490.6886	5	4	90	1	1	0.8686	0.9751
5	884	1	1492.2385	7	2	0	1	1	0.8688	0.8011
5	885	1	1493.7885	4	6	0	1	1	0.8689	0.7090
5	886	1	1495.3384	6	12	0	1	1	0.8691	1.1093
5	887	1	1496.8883	8	15	90	0	1	0.8681	1.2887
5	888	1	1498.7715	5	4	0	1	1	0.8682	0.7162
5	889	1	1500.3215	4	6	0	1	1	0.8684	0.6715
5	890	1	1501.8714	3	11	0	1	1	0.8685	0.8499
5	891	1	1503.4213	1	8	90	1	1	0.8687	0.7077
5	892	1	1504.9712	15	13	90	0	1	0.8677	1.2863
5	893	1	1506.8544	1	8	0	1	1	0.8679	0.6508
5	894	1	1508.4044	15	13	90	1	1	0.8680	0.7649
5	895	1	1509.9543	14	10	90	0	1	0.8670	0.7829
5	896	1	1511.5042	15	13	0	1	1	0.8672	1.1209
5	897	1	1513.0541	14	10	0	1	1	0.8673	0.8675
5	898	1	1514.6040	1	8	0	1	1	0.8675	0.6283
5	899	1	1516.1540	2	1	90	1	1	0.8676	1.1113
5	900	1	1517.7039	1	8	0	1	1	0.8678	0.6178
5	901	1	1519.2538	14	10	90	1	1	0.8679	1.0676
5	902	1	1520.8037	15	13	0	1	1	0.8681	0.9565
5	903	1	1522.3536	3	11	90	1	1	0.8682	0.8635
5	904	1	1523.9036	1	8	90	1	1	0.8684	0.9761
5	905	1	1525.4535	2	1	0	1	1	0.8685	0.8182
5	906	1	1527.0034	3	11	0	1	1	0.8687	1.0136
5	907	1	1528.5533	1	8	90	1	1	0.8688	0.7923
5	908	1	1530.1032	3	11	0	1	1	0.8689	0.7125
5	909	1	1531.6531	2	1	0	1	1	0.8691	1.0360
5	910	1	1533.2031	3	11	90	1	1	0.8692	0.8781
5	911	1	1534.7530	2	1	0	1	1	0.8694	0.6085
5	912	1	1536.3029	1	8	0	1	1	0.8695	0.7542
5	913	1	1537.8528	3	11	0	1	1	0.8697	0.7563
5	914	1	1539.4027	4	6	0	1	1	0.8698	0.8066
5	915	1	1540.9527	5	4	0	1	1	0.8699	0.6470
5	916	1	1542.5026	8	15	0	1	1	0.8701	0.8731
5	917	1	1544.0525	9	3	0	1	1	0.8702	0.7329
5	918	1	1545.6024	10	9	0	1	1	0.8704	0.6373
5	919	1	1547.1523	11	5	0	1	1	0.8705	0.7524
5	920	1	1548.7022	13	7	0	1	1	0.8707	0.7068
5	921	1	1550.2522	14	10	0	1	1	0.8708	0.8213
5	922	1	1551.8021	15	13	0	1	1	0.8709	0.6629
5	923	1	1553.3520	14	10	0	1	1	0.8711	0.8245
5	924	1	1554.9019	15	13	0	1	1	0.8712	0.7791
5	925	1	1556.4518	3	11	0	1	1	0.8714	0.7958
5	926	1	1558.0018	1	8	90	1	1	0.8715	0.8154
5	927	1	1559.5517	3	11	0	1	1	0.8716	0.5445
5	928	1	1561.1016	1	8	0	1	1	0.8718	0.5638
5	929	1	1562.6515	3	11	90	1	1	0.8719	0.8856
5	930	1	1564.2014	15	13	0	1	1	0.8720	0.8542
5	931	1	1565.7514	1	8	90	1	1	0.8722	0.8423
5	932	1	1567.3013	3	11	0	1	1	0.8723	0.7624
5	933	1	1568.8512	4	6	0	1	1	0.8725	0.8782
5	934	1	1570.4011	3	11	0	1	1	0.8726	0.5927
5	935	1	1571.9510	15	13	0	1	1	0.8727	0.6261
5	936	1	1573.5009	3	11	0	1	1	0.8729	0.6440
5	937	1	1575.0509	15	13	0	1	1	0.8730	0.5329
5	938	1	1576.6008	3	11	0	1	1	0.8731	0.5840
5	939	1	1578.1507	1	8	0	1	1	0.8733	0.6986
5	940	1	1579.7006	14	10	90	1	1	0.8734	0.9721
5	941	1	1581.2505	1	8	90	1	1	0.8735	0.7829
5	942	1	1582.8005	15	13	0	1	1	0.8737	0.7045
5	943	1	1584.3504	14	10	0	1	1	0.8738	0.7546
5	944	1	1585.9003	2	1	90	1	1	0.8739	0.8833
5	945	1	1587.4502	15	13	0	1	1	0.8741	0.6633
5	946	1	1589.0001	2	1	90	1	1	0.8742	1.0808
5	947	1	1590.5501	3	11	0	1	1	0.8743	0.6509
5	948	1	1592.1000	1	8	0	1	1	0.8745	0.7329
5	949	1	1593.6499	2	1	90	1	1	0.8746	1.1818
5	950	1	1595.1998	15	13	0	1	1	0.8747	0.7372
5	951	1	1596.7497	1	8	90	1	1	0.8749	0.8667
5	952	1	1598.2996	2	1	90	1	1	0.8750	0.7257
5	953	1	1599.8496	15	13	0	1	1	0.8751	0.6151
5	954	1	1601.3995	1	8	0	1	1	0.8753	1.0502
5	955	1	1602.9494	15	13	90	1	1	0.8754	1.0184
5	956	1	1604.4993	14	10	0	1	1	0.8755	0.6857
5	957	1	1606.0493	1	8	0	1	1	0.8757	0.9602
5	958	1	1607.5992	3	11	0	1	1	0.8758	0.8325
5	959	1	1609.1491	4	6	0	1	1	0.8759	0.7867
5	960	1	1610.6990	6	12	0	1	1	0.8760	0.7579
5	961	1	1612.2489	5	4	0	1	1	0.8762	0.7127
5	962	1	1613.7988	7	2	0	1	1	0.8763	0.9208
5	963	1	1615.3488	5	4	90	1	1	0.8764	0.7964
5	964	1	1616.8987	6	12	0	1	1	0.8766	0.8143
5	965	1	1618.4486	5	4	0	1	1	0.8767	0.7991
5	966	1	1619.9985	7	2	0	1	1	0.8768	0.8351
5	967	1	1621.5484	8	15	0	1	1	0.8769	0.6598
5	968	1	1623.0984	9	3	0	1	1	0.8771	0.6783
5	969	1	1624.6483	8	15	0	1	1	0.8772	0.6329
5	970	1	1626.1982	7	2	0	1	1	0.8773	0.5707
5	971	1	1627.7481	8	15	0	1	1	0.8774	0.5888
5	972	1	1629.2980	5	4	0	1	1	0.8776	0.8148
5	973	1	1630.8479	6	12	90	1	1	0.8777	0.8822
5	974	1	1632.3978	4	6	0	1	1	0.8778	0.6758
5	975	1	1633.9478	7	2	0	1	1	0.8779	0.6291
5	976	1	1635.4977	4	6	0	1	1	0.8781	0.6796
5	977	1	1637.0476	3	11	0	1	1	0.8782	0.8093
5	978	1	1638.5975	15	13	90	1	1	0.8783	0.9240
5	979	1	1640.1475	3	11	0	1	1	0.8784	0.6375
5	980	1	1641.6974	2	1	0	1	1	0.8786	0.9275
5	981	1	1643.2473	15	13	0	1	1	0.8787	0.6884
5	982	1	1644.7972	3	11	90	1	1	0.8788	0.8358
5	983	1	1646.3471	4	6	0	1	1	0.8789	0.9983
5	984	1	1647.8971	5	4	0	1	1	0.8791	1.0799
5	985	1	1649.4470	6	12	0	1	1	0.8792	0.8906
5	986	1	1650.9969	5	4	0	1	1	0.8793	0.7788
5	987	1	1652.5468	7	2	0	1	1	0.8794	0.7488
5	988	1	1654.0967	5	4	0	1	1	0.8796	0.6081
5	989	1	1655.6466	4	6	0	1	1	0.8797	0.7370
5	990	1	1657.1966	6	12	0	1	1	0.8798	0.7727
5	991	1	1658.7464	5	4	0	1	1	0.8799	0.6467
5	992	1	1660.2964	7	2	0	1	1	0.8800	0.5526
5	993	1	1661.8463	4	6	0	1	1	0.8802	0.6662
5	994	1	1663.3962	7	2	0	1	1	0.8803	0.7327
5	995	1	1664.9462	5	4	0	1	1	0.8804	0.5735
5	996	1	1666.4961	7	2	0	1	1	0.8805	0.6095
5	997	1	1668.0460	6	12	0	1	1	0.8806	0.6748
5	998	1	1669.5959	5	4	90	1	1	0.8808	1.0598
5	999	1	1671.1458	7	2	0	1	1	0.8809	0.6298
5	1000	1	1672.6958	8	15	0	1	1	0.8810	0.8735
5	1001	1	1674.2457	5	4	0	1	1	0.8811	0.6032
5	1002	1	1675.7956	4	6	0	1	1	0.8812	0.8121
5	1003	1	1677.3455	3	11	0	1	1	0.8814	0.7995
5	1004	1	1678.8954	2	1	90	1	1	0.8815	0.8981
5	1005	1	1680.4454	3	11	0	1	1	0.8816	0.6755
5	1006	1	1681.9953	1	8	0	1	1	0.8817	0.8215
5	1007	1	1683.5452	2	1	0	0	1	0.8808	1.3837
5	1008	1	1685.4617	15	13	0	1	1	0.8810	1.1317
5	1009	1	1687.0116	3	11	90	1	1	0.8811	0.8935
5	1010	1	1688.5616	15	13	0	1	1	0.8812	0.7672
5	1011	1	1690.1115	3	11	0	1	1	0.8813	0.8483
5	1012	1	1691.6614	4	6	0	1	1	0.8814	0.8992
5	1013	1	1693.2114	7	2	90	1	1	0.8815	0.8217
5	1014	1	1694.7613	8	15	0	1	1	0.8817	0.6464
5	1015	1	1696.3112	5	4	0	1	1	0.8818	0.7143
5	1016	1	1697.8611	4	6	0	1	1	0.8819	0.6362
5	1017	1	1699.4110	5	4	0	1	1	0.8820	0.6539
5	1018	1	1700.9609	4	6	0	1	1	0.8821	0.6387
5	1019	1	1702.5109	6	12	90	0	1	0.8813	1.3139
5	1020	1	1704.4108	4	6	0	1	1	0.8814	0.6145
5	1021	1	1705.9607	6	12	0	1	1	0.8815	0.8070
5	1022	1	1707.5106	7	2	0	1	1	0.8816	0.8571
5	1023	1	1709.0605	4	6	90	1	1	0.8817	0.9233
5	1024	1	1710.6104	5	4	0	1	1	0.8818	0.9261
5	1025	1	1712.1603	7	2	0	1	1	0.8820	0.7513
5	1026	1	1713.7103	4	6	0	1	1	0.8821	0.6255
5	1027	1	1715.2602	6	12	0	1	1	0.8822	0.8354
5	1028	1	1716.8101	7	2	0	1	1	0.8823	1.0304
5	1029	1	1718.3600	6	12	0	1	1	0.8824	0.6650
5	1030	1	1719.9099	4	6	0	1	1	0.8825	0.6977
5	1031	1	1721.4599	5	4	90	1	1	0.8826	0.7638
5	1032	1	1723.0098	6	12	90	1	1	0.8828	0.8311
5	1033	1	1724.5597	8	15	90	1	1	0.8829	0.9129
5	1034	1	1726.1096	9	3	0	1	1	0.8830	0.8180
5	1035	1	1727.6596	10	9	0	1	1	0.8831	0.8041
5	1036	1	1729.2095	12	14	0	1	1	0.8832	0.6794
5	1037	1	1730.7594	10	9	0	1	1	0.8833	0.6015
5	1038	1	1732.3093	12	14	0	1	1	0.8834	0.6357
5	1039	1	1733.8592	10	9	0	1	1	0.8835	0.5579
5	1040	1	1735.4091	9	3	0	-1	0	0.8827	-1.0000
5	1041	1	1737.4590	12	14	90	1	1	0.8828	1.4378
5	1042	1	1739.1089	11	5	0	1	1	0.8829	0.7308
5	1043	1	1740.6589	12	14	0	1	1	0.8830	0.7181
5	1044	1	1742.2088	13	7	0	1	1	0.8831	0.8960
5	1045	1	1743.7587	12	14	0	1	1	0.8833	0.5931
5	1046	1	1745.3086	9	3	0	1	1	0.8834	0.6925
5	1047	1	1746.8585	11	5	0	1	1	0.8835	0.6148
5	1048	1	1748.4085	12	14	0	1	1	0.8836	0.5836
5	1049	1	1749.9584	11	5	0	1	1	0.8837	0.7146
5	1050	1	1751.5083	9	3	90	1	1	0.8838	0.8439
5	1051	1	1753.0582	10	9	0	1	1	0.8839	0.8632
5	1052	1	1754.6081	11	5	0	1	1	0.8840	0.5769
5	1053	1	1756.1580	13	7	90	0	1	0.8832	0.5637
5	1054	1	1757.7080	12	14	0	1	1	0.8833	0.7237
5	1055	1	1759.2579	11	5	0	1	1	0.8834	0.5989
5	1056	1	1760.8078	9	3	0	1	1	0.8835	0.8559
5	1057	1	1762.3577	12	14	0	1	1	0.8836	0.6034
5	1058	1	1763.9076	9	3	0	1	1	0.8837	0.5720
5	1059	1	1765.4576	11	5	0	1	1	0.8839	0.6720
5	1060	1	1767.0075	12	14	0	1	1	0.8840	0.5454
5	1061	1	1768.5574	13	7	0	1	1	0.8841	0.8674
5	1062	1	1770.1073	12	14	0	1	1	0.8842	0.6937
5	1063	1	1771.6572	13	7	0	1	1	0.8843	0.8396
5	1064	1	1773.2071	12	14	0	1	1	0.8844	0.6005
5	1065	1	1774.7571	11	5	0	1	1	0.8845	0.6357
5	1066	1	1776.3070	13	7	90	0	1	0.8837	0.9423
5	1067	1	1777.8569	10	9	90	1	1	0.8838	0.9121
5	1068	1	1779.4068	9	3	0	1	1	0.8839	0.7862
5	1069	1	1780.9568	8	15	90	1	1	0.8840	1.0121
5	1070	1	1782.5067	6	12	0	1	1	0.8841	0.8370
5	1071	1	1784.0566	5	4	0	1	1	0.8842	1.0004
5	1072	1	1785.6065	8	15	0	1	1	0.8843	0.7790
5	1073	1	1787.1564	6	12	90	1	1	0.8844	0.8126
5	1074	1	1788.7063	5	4	0	1	1	0.8845	0.8468
5	1075	1	1790.2563	7	2	0	0	1	0.8837	0.9450
5	1076	1	1791.8062	6	12	0	0	1	0.8829	0.8495
5	1077	1	1793.3561	7	2	0	1	1	0.8830	0.9168
5	1078	1	1794.9060	4	6	0	1	1	0.8831	0.9350
5	1079	1	1796.4559	5	4	0	1	1	0.8832	0.6811
5	1080	1	1798.0058	6	12	0	1	1	0.8833	0.7138
5	1081	1	1799.5558	5	4	0	1	1	0.8834	0.8938
5	1082	1	1801.1057	7	2	0	1	1	0.8835	0.7035
5	1083	1	1802.6556	6	12	0	1	1	0.8837	0.6561
5	1084	1	1804.2055	8	15	90	1	1	0.8838	0.8352
5	1085	1	1805.7554	7	2	0	1	1	0.8839	0.6929
5	1086	1	1807.3054	8	15	0	1	1	0.8840	0.7917
5	1087	1	1808.8553	9	3	0	1	1	0.8841	0.6004
5	1088	1	1810.4052	10	9	0	1	1	0.8842	0.6204
5	1089	1	1811.9551	12	14	0	1	1	0.8843	0.6058
5	1090	1	1813.5050	9	3	0	1	1	0.8844	0.5440
5	1091	1	1815.0550	8	15	0	1	1	0.8845	0.6741
5	1092	1	1816.6049	5	4	0	1	1	0.8846	0.7067
5	1093	1	1818.1548	7	2	0	1	1	0.8847	0.5493
5	1094	1	1819.7047	4	6	0	1	1	0.8848	0.6789
5	1095	1	1821.2546	3	11	90	1	1	0.8849	0.8570
5	1096	1	1822.8045	1	8	0	1	1	0.8850	0.7485
5	1097	1	1824.3545	14	10	0	1	1	0.8851	0.8451
5	1098	1	1825.9044	13	7	0	1	1	0.8852	0.8011
5	1099	1	1827.4543	12	14	0	1	1	0.8854	0.6414
5	1100	1	1829.0042	9	3	0	1	1	0.8855	0.5646
5	1101	1	1830.5542	8	15	0	1	1	0.8856	0.6627
5	1102	1	1832.1041	7	2	0	1	1	0.8857	0.6801
5	1103	1	1833.6540	5	4	0	1	1	0.8858	0.6507
5	1104	1	1835.2039	8	15	0	1	1	0.8859	0.6532
5	1105	1	1836.7538	6	12	90	1	1	0.8860	1.0538
5	1106	1	1838.3038	4	6	0	1	1	0.8861	0.9138
5	1107	1	1839.8537	7	2	0	1	1	0.8862	0.7711
5	1108	1	1841.4036	5	4	0	1	1	0.8863	0.6292
5	1109	1	1842.9535	8	15	0	1	1	0.8864	0.7593
5	1110	1	1844.5034	7	2	90	1	1	0.8865	1.3842
5	1111	1	1846.1033	8	15	90	0	1	0.8857	0.8083
5	1112	1	1847.6532	9	3	0	1	1	0.8858	0.6514
5	1113	1	1849.2031	12	14	0	1	1	0.8859	0.7495
5	1114	1	1850.7531	11	5	0	1	1	0.8860	0.7827
5	1115	1	1852.3030	12	14	0	1	1	0.8861	0.5778
5	1116	1	1853.8529	10	9	0	1	1	0.8862	0.7867
5	1117	1	1855.4028	13	7	0	1	1	0.8863	0.8368
5	1118	1	1856.9528	10	9	0	1	1	0.8864	0.5831
5	1119	1	1858.5027	9	3	90	0	1	0.8856	0.7143
5	1120	1	1860.0526	10	9	0	1	1	0.8857	0.6043
5	1121	1	1861.6025	12	14	0	1	1	0.8858	0.6211
5	1122	1	1863.1524	11	5	0	1	1	0.8859	0.7527
5	1123	1	1864.7024	9	3	0	1	1	0.8860	1.1067
5	1124	1	1866.2523	8	15	0	1	1	0.8861	1.0121
5	1125	1	1867.8022	7	2	0	1	1	0.8862	1.3343
5	1126	1	1869.3521	5	4	0	1	1	0.8863	0.8236
5	1127	1	1870.9020	7	2	0	1	1	0.8864	0.9058
5	1128	1	1872.4519	6	12	0	1	1	0.8865	0.7329
5	1129	1	1874.0019	7	2	0	1	1	0.8866	0.8469
5	1130	1	1875.5518	6	12	0	1	1	0.8867	0.7053
5	1131	1	1877.1017	5	4	90	1	1	0.8868	0.8510
5	1132	1	1878.6516	7	2	0	1	1	0.8869	0.6292
5	1133	1	1880.2015	5	4	0	1	1	0.8870	0.9337
5	1134	1	1881.7515	8	15	0	1	1	0.8871	0.7295
5	1135	1	1883.3014	6	12	0	1	1	0.8872	0.6822
5	1136	1	1884.8513	7	2	0	1	1	0.8873	1.1016
5	1137	1	1886.4012	6	12	0	1	1	0.8874	0.6081
5	1138	1	1887.9511	7	2	0	1	1	0.8875	0.5934
5	1139	1	1889.5010	8	15	0	1	1	0.8876	0.7557
5	1140	1	1891.0510	5	4	0	1	1	0.8877	0.7107
5	1141	1	1892.6009	7	2	0	1	1	0.8878	0.6318
5	1142	1	1894.1508	8	15	0	1	1	0.8879	0.6336
5	1143	1	1895.7007	6	12	90	1	1	0.8880	0.9549
5	1144	1	1897.2506	5	4	0	1	1	0.8881	0.6380
5	1145	1	1898.8006	8	15	0	1	1	0.8882	0.7362
5	1146	1	1900.3505	5	4	90	1	1	0.8883	1.0891
5	1147	1	1901.9004	8	15	0	1	1	0.8884	0.9472
5	1148	1	1903.4503	7	2	0	1	1	0.8885	0.8374
5	1149	1	1905.0002	5	4	0	1	1	0.8886	0.6647
5	1150	1	1906.5502	7	2	0	1	1	0.8887	0.5865
5	1151	1	1908.1001	4	6	90	1	1	0.8888	0.8281
5	1152	1	1909.6500	7	2	0	1	1	0.8889	0.5576
5	1153	1	1911.1999	6	12	0	1	1	0.8890	0.8330
5	1154	1	1912.7498	5	4	90	1	1	0.8891	0.8177
5	1155	1	1914.2998	4	6	0	1	1	0.8892	0.9653
5	1156	1	1915.8497	7	2	0	1	1	0.8893	0.7112
5	1157	1	1917.3996	5	4	0	1	1	0.8894	0.6496
5	1158	1	1918.9495	8	15	0	1	1	0.8895	0.8913
5	1159	1	1920.4994	6	12	0	1	1	0.8896	0.7641
5	1160	1	1922.0493	8	15	90	1	1	0.8897	0.7193
5	1161	1	1923.5993	9	3	0	1	1	0.8898	0.8005
5	1162	1	1925.1492	12	14	0	1	1	0.8898	0.7230
5	1163	1	1926.6991	13	7	90	1	1	0.8899	0.9178
5	1164	1	1928.2490	10	9	0	1	1	0.8900	0.6960
5	1165	1	1929.7989	9	3	0	1	1	0.8901	1.3705
5	1166	1	1931.3489	8	15	0	1	1	0.8902	0.7320
5	1167	1	1932.8988	5	4	0	1	1	0.8903	0.7660
5	1168	1	1934.4487	6	12	0	1	1	0.8904	0.6241
5	1169	1	1935.9986	8	15	0	1	1	0.8905	0.6730
5	1170	1	1937.5485	6	12	0	1	1	0.8906	0.8191
5	1171	1	1939.0985	4	6	0	1	1	0.8907	0.8704
5	1172	1	1940.6484	3	11	0	1	1	0.8908	0.6646
5	1173	1	1942.1983	2	1	0	1	1	0.8909	0.8907
5	1174	1	1943.7482	1	8	0	1	1	0.8910	0.7330
5	1175	1	1945.2981	14	10	0	1	1	0.8911	0.7816
5	1176	1	1946.8481	13	7	0	1	1	0.8912	0.9768
5	1177	1	1948.3980	14	10	0	1	1	0.8912	0.7385
5	1178	1	1949.9479	13	7	90	1	1	0.8913	1.3810
5	1179	1	1951.5311	14	10	0	1	1	0.8914	0.6777
5	1180	1	1953.0811	13	7	90	1	1	0.8915	0.7116
5	1181	1	1954.6310	14	10	90	1	1	0.8916	1.2086
5	1182	1	1956.1809	1	8	90	1	1	0.8917	0.8440
5	1183	1	1957.7308	3	11	0	1	1	0.8918	0.8781
5	1184	1	1959.2807	1	8	0	1	1	0.8919	0.8480
5	1185	1	1960.8307	2	1	0	1	1	0.8920	0.7222
5	1186	1	1962.3806	14	10	0	1	1	0.8921	0.7560
5	1187	1	1963.9305	13	7	90	1	1	0.8922	0.9024
5	1188	1	1965.4804	10	9	0	1	1	0.8923	0.6152
5	1189	1	1967.0303	13	7	0	0	1	0.8915	0.9383
5	1190	1	1968.5803	12	14	0	1	1	0.8916	1.2458
5	1191	1	1970.1301	9	3	0	1	1	0.8917	1.2789
5	1192	1	1971.6801	11	5	90	1	1	0.8918	0.9287
5	1193	1	1973.2300	13	7	0	1	1	0.8919	1.1707
5	1194	1	1974.7799	12	14	0	1	1	0.8920	0.7240
5	1195	1	1976.3298	11	5	0	1	1	0.8921	0.6304
5	1196	1	1977.8797	13	7	0	1	1	0.8921	0.7767
5	1197	1	1979.4297	11	5	90	1	1	0.8922	0.9230
5	1198	1	1980.9795	12	14	0	1	1	0.8923	0.6213
5	1199	1	1982.5295	10	9	0	1	1	0.8924	0.9101
5	1200	1	1984.0794	9	3	0	1	1	0.8925	0.8482
5	1201	1	1985.6294	10	9	0	1	1	0.8926	0.5957
5	1202	1	1987.1793	9	3	90	1	1	0.8927	0.8700
5	1203	1	1988.7292	10	9	0	1	1	0.8928	0.5838
5	1204	1	1990.2791	13	7	0	1	1	0.8929	0.8565
5	1205	1	1991.8290	14	10	0	1	1	0.8929	0.7316
5	1206	1	1993.3789	15	13	0	1	1	0.8930	0.9086
5	1207	1	1994.9289	1	8	0	1	1	0.8931	0.6387
5	1208	1	1996.4788	15	13	0	1	1	0.8932	0.8983
5	1209	1	1998.0287	14	10	0	1	1	0.8933	0.7723
5	1210	1	1999.5786	1	8	0	1	1	0.8934	0.7415
5	1211	1	2001.1285	15	13	90	1	1	0.8935	0.9202
5	1212	1	2002.6785	14	10	0	1	1	0.8936	0.6331
5	1213	1	2004.2284	1	8	0	1	1	0.8937	0.8765
5	1214	1	2005.7783	2	1	0	1	1	0.8937	0.9098
5	1215	1	2007.3282	1	8	0	1	1	0.8938	0.6885
5	1216	1	2008.8781	15	13	0	1	1	0.8939	0.9146
5	1217	1	2010.4280	14	10	0	1	1	0.8940	0.7076
5	1218	1	2011.9779	15	13	90	1	1	0.8941	0.8696
5	1219	1	2013.5279	3	11	0	1	1	0.8942	0.6010
5	1220	1	2015.0778	15	13	0	1	1	0.8943	0.6510
5	1221	1	2016.6277	3	11	0	1	1	0.8943	0.6214
5	1222	1	2018.1777	15	13	90	1	1	0.8944	0.9433
5	1223	1	2019.7276	2	1	90	1	1	0.8945	1.0242
5	1224	1	2021.2775	14	10	90	1	1	0.8946	0.8355
5	1225	1	2022.8274	13	7	0	1	1	0.8947	0.8853
5	1226	1	2024.3773	11	5	0	1	1	0.8948	0.7122
5	1227	1	2025.9272	12	14	0	1	1	0.8949	0.6805
5	1228	1	2027.4771	10	9	0	1	1	0.8950	0.5870
5	1229	1	2029.0271	12	14	0	1	1	0.8950	0.6049
5	1230	1	2030.5770	11	5	0	1	1	0.8951	0.8806
5	1231	1	2032.1269	12	14	0	1	1	0.8952	0.6087
5	1232	1	2033.6768	11	5	90	1	1	0.8953	0.7878
5	1233	1	2035.2267	12	14	0	1	1	0.8954	0.5812
5	1234	1	2036.7767	11	5	90	1	1	0.8955	0.6950
5	1235	1	2038.3266	9	3	0	1	1	0.8955	0.7291
5	1236	1	2039.8765	10	9	0	1	1	0.8956	0.6522
5	1237	1	2041.4264	11	5	0	1	1	0.8957	0.7025
5	1238	1	2042.9763	10	9	0	1	1	0.8958	0.6072
5	1239	1	2044.5263	12	14	0	1	1	0.8959	0.6118
5	1240	1	2046.0762	11	5	0	1	1	0.8960	0.5806
5	1241	1	2047.6261	13	7	0	1	1	0.8961	0.8545
5	1242	1	2049.1760	10	9	90	0	1	0.8953	0.6156
5	1243	1	2050.7259	9	3	0	1	1	0.8954	0.6512
5	1244	1	2052.2759	10	9	0	0	1	0.8947	0.9412
5	1245	1	2053.8258	11	5	0	1	1	0.8948	1.4554
5	1246	1	2055.4257	12	14	90	1	1	0.8949	0.7821
5	1247	1	2056.9756	10	9	0	1	1	0.8949	0.6571
5	1248	1	2058.5255	13	7	0	1	1	0.8950	0.8501
5	1249	1	2060.0754	10	9	0	1	1	0.8951	0.5802
5	1250	1	2061.6253	12	14	0	1	1	0.8952	0.6797
5	1251	1	2063.1753	10	9	0	1	1	0.8953	0.6652
5	1252	1	2064.7252	9	3	0	1	1	0.8954	0.5714
5	1253	1	2066.2751	11	5	0	1	1	0.8955	0.6700
5	1254	1	2067.8250	13	7	0	1	1	0.8955	0.6707
5	1255	1	2069.3750	14	10	90	1	1	0.8956	1.0254
5	1256	1	2070.9249	1	8	0	1	1	0.8957	0.6279
5	1257	1	2072.4748	15	13	0	1	1	0.8958	1.1100
5	1258	1	2074.0247	1	8	0	1	1	0.8959	0.6323
5	1259	1	2075.5746	3	11	0	1	1	0.8959	0.8428
5	1260	1	2077.1245	2	1	0	1	1	0.8960	0.9230
5	1261	1	2078.6745	3	11	90	1	1	0.8961	0.8625
5	1262	1	2080.2244	4	6	0	1	1	0.8962	0.9434
5	1263	1	2081.7743	5	4	0	1	1	0.8963	0.8348
5	1264	1	2083.3242	7	2	0	0	1	0.8956	0.7873
5	1265	1	2084.8741	6	12	0	1	1	0.8957	0.7110
5	1266	1	2086.4241	4	6	0	1	1	0.8957	0.9850
5	1267	1	2087.9740	7	2	0	1	1	0.8958	0.6992
5	1268	1	2089.5239	5	4	0	1	1	0.8959	0.7317
5	1269	1	2091.0738	6	12	0	1	1	0.8960	0.9108
5	1270	1	2092.6237	5	4	0	1	1	0.8961	1.0573
5	1271	1	2094.1737	7	2	0	1	1	0.8961	0.7068
5	1272	1	2095.7236	6	12	0	1	1	0.8962	0.6440
5	1273	1	2097.2735	4	6	0	1	1	0.8963	0.8555
5	1274	1	2098.8234	5	4	0	1	1	0.8964	0.6654
5	1275	1	2100.3733	7	2	0	1	1	0.8965	0.7144
5	1276	1	2101.9233	5	4	0	1	1	0.8966	0.6216
5	1277	1	2103.4732	7	2	0	1	1	0.8966	0.7024
5	1278	1	2105.0231	4	6	0	1	1	0.8967	0.7845
5	1279	1	2106.5730	3	11	0	0	1	0.8960	1.0119
5	1280	1	2108.1562	2	1	0	1	1	0.8961	1.0772
5	1281	1	2109.7062	1	8	0	1	1	0.8962	0.6634
5	1282	1	2111.2561	2	1	0	1	1	0.8963	0.6475
5	1283	1	2112.8060	3	11	0	1	1	0.8963	0.6506
5	1284	1	2114.3559	15	13	0	1	1	0.8964	0.5557
5	1285	1	2115.9058	2	1	0	1	1	0.8965	0.7831
5	1286	1	2117.4558	15	13	0	1	1	0.8966	0.6894
5	1287	1	2119.0057	3	11	0	1	1	0.8967	0.5459
5	1288	1	2120.5556	15	13	0	1	1	0.8967	0.5320
5	1289	1	2122.1055	2	1	0	1	1	0.8968	0.7436
5	1290	1	2123.6555	14	10	0	1	1	0.8969	0.7941
5	1291	1	2125.2054	15	13	90	1	1	0.8970	0.9235
5	1292	1	2126.7553	2	1	0	1	1	0.8971	0.7494
5	1293	1	2128.3052	1	8	0	1	1	0.8971	0.6881
5	1294	1	2129.8551	2	1	0	1	1	0.8972	0.7365
5	1295	1	2131.4050	15	13	0	1	1	0.8973	0.5785
5	1296	1	2132.9549	1	8	0	1	1	0.8974	0.6447
5	1297	1	2134.5049	3	11	0	1	1	0.8975	0.8547
5	1298	1	2136.0548	1	8	90	1	1	0.8975	0.8567
5	1299	1	2137.6047	14	10	0	1	1	0.8976	0.6679
5	1300	1	2139.1546	2	1	0	1	1	0.8977	0.6375
5	1301	1	2140.7045	14	10	90	1	1	0.8978	0.7999
5	1302	1	2142.2545	2	1	0	1	1	0.8978	0.7383
5	1303	1	2143.8044	1	8	90	1	1	0.8979	0.7553
5	1304	1	2145.3543	3	11	90	1	1	0.8980	0.9013
5	1305	1	2146.9042	1	8	0	1	1	0.8981	0.7913
5	1306	1	2148.4541	3	11	0	1	1	0.8982	0.9389
5	1307	1	2150.0041	1	8	0	1	1	0.8982	0.7796
5	1308	1	2151.5540	2	1	0	1	1	0.8983	1.2951
5	1309	1	2153.1039	3	11	0	1	1	0.8984	0.9284
5	1310	1	2154.6538	2	1	90	1	1	0.8985	0.8984
5	1311	1	2156.2037	3	11	0	1	1	0.8986	0.7099
5	1312	1	2157.7537	2	1	0	1	1	0.8986	0.7917
5	1313	1	2159.3036	1	8	90	1	1	0.8987	1.1600
5	1314	1	2160.8535	3	11	0	1	1	0.8988	0.6196
5	1315	1	2162.4034	15	13	0	1	1	0.8989	0.7176
5	1316	1	2163.9533	1	8	0	1	1	0.8989	0.6391
5	1317	1	2165.5032	2	1	0	1	1	0.8990	0.6421
5	1318	1	2167.0532	15	13	0	1	1	0.8991	0.6598
5	1319	1	2168.6031	1	8	0	1	1	0.8992	0.5023
5	1320	1	2170.1530	2	1	0	1	1	0.8992	0.6306
5	1321	1	2171.7029	15	13	0	1	1	0.8993	0.8076
5	1322	1	2173.2528	3	11	0	1	1	0.8994	0.6358
5	1323	1	2174.8027	4	6	0	1	1	0.8995	0.8461
5	1324	1	2176.3527	3	11	0	1	1	0.8995	1.4069
5	1325	1	2177.9193	2	1	0	1	1	0.8996	0.7537
5	1326	1	2179.4692	14	10	0	1	1	0.8997	0.8838
5	1327	1	2181.0191	15	13	0	1	1	0.8998	1.2699
5	1328	1	2182.5690	1	8	90	1	1	0.8998	1.2239
5	1329	1	2184.1189	15	13	0	1	1	0.8999	0.7126
5	1330	1	2185.6688	3	11	0	1	1	0.9000	1.2587
5	1331	1	2187.2188	2	1	0	1	1	0.9001	0.6697
5	1332	1	2188.7687	3	11	0	1	1	0.9002	0.5764
5	1333	1	2190.3186	2	1	0	1	1	0.9002	0.6419
5	1334	1	2191.8685	14	10	0	1	1	0.9003	0.6768
5	1335	1	2193.4184	1	8	0	1	1	0.9004	0.6451
5	1336	1	2194.9684	3	11	0	1	1	0.9004	0.6152
5	1337	1	2196.5183	1	8	0	1	1	0.9005	0.6671
5	1338	1	2198.0682	15	13	0	1	1	0.9006	0.8447
5	1339	1	2199.6181	1	8	0	1	1	0.9007	0.5415
5	1340	1	2201.1681	2	1	0	1	1	0.9007	0.7846
5	1341	1	2202.7180	1	8	0	1	1	0.9008	0.9471
5	1342	1	2204.2679	15	13	0	1	1	0.9009	0.6917
5	1343	1	2205.8178	3	11	0	1	1	0.9010	1.2075
5	1344	1	2207.3677	15	13	0	1	1	0.9010	0.6977
5	1345	1	2208.9176	14	10	0	1	1	0.9011	0.7147
5	1346	1	2210.4675	1	8	90	1	1	0.9012	0.8600
5	1347	1	2212.0175	15	13	90	1	1	0.9013	1.1669
5	1348	1	2213.5674	1	8	0	1	1	0.9013	0.6401
5	1349	1	2215.1173	15	13	0	1	1	0.9014	0.5796
5	1350	1	2216.6672	14	10	90	0	1	0.9007	0.7883
5	1351	1	2218.2172	13	7	0	1	1	0.9008	0.6956
5	1352	1	2219.7671	12	14	0	1	1	0.9009	0.7925
5	1353	1	2221.3170	10	9	0	1	1	0.9010	0.6837
5	1354	1	2222.8669	9	3	90	1	1	0.9010	1.0688
5	1355	1	2224.4168	8	15	0	1	1	0.9011	0.7992
5	1356	1	2225.9667	7	2	0	1	1	0.9012	0.9302
5	1357	1	2227.5166	6	12	0	1	1	0.9013	0.7884
5	1358	1	2229.0666	5	4	90	1	1	0.9013	0.9010
5	1359	1	2230.6165	8	15	0	1	1	0.9014	0.9030
5	1360	1	2232.1664	9	3	0	1	1	0.9015	0.9066
5	1361	1	2233.7163	12	14	0	1	1	0.9015	0.7004
5	1362	1	2235.2662	9	3	0	1	1	0.9016	0.5593
5	1363	1	2236.8162	12	14	0	1	1	0.9017	0.6250
5	1364	1	2238.3661	10	9	0	1	1	0.9018	0.7394
5	1365	1	2239.9160	12	14	0	1	1	0.9018	0.6116
5	1366	1	2241.4659	10	9	0	1	1	0.9019	0.6151
5	1367	1	2243.0158	12	14	0	1	1	0.9020	0.6957
5	1368	1	2244.5658	10	9	90	1	1	0.9020	0.7458
5	1369	1	2246.1157	11	5	0	1	1	0.9021	0.7330
5	1370	1	2247.6656	9	3	90	1	1	0.9022	1.2300
5	1371	1	2249.2155	10	9	0	1	1	0.9023	0.6412
5	1372	1	2250.7654	12	14	0	1	1	0.9023	0.7075
5	1373	1	2252.3154	13	7	90	1	1	0.9024	0.9814
5	1374	1	2253.8653	11	5	0	1	1	0.9025	0.6638
5	1375	1	2255.4152	13	7	0	1	1	0.9025	0.8418
5	1376	1	2256.9651	12	14	0	1	1	0.9026	0.6824
5	1377	1	2258.5150	13	7	0	1	1	0.9027	0.7016
5	1378	1	2260.0649	10	9	0	1	1	0.9028	0.6235
5	1379	1	2261.6149	13	7	0	1	1	0.9028	0.6577
5	1380	1	2263.1648	14	10	0	1	1	0.9029	0.9484
5	1381	1	2264.7147	1	8	90	1	1	0.9030	1.0462
5	1382	1	2266.2646	2	1	0	1	1	0.9030	0.7109
5	1383	1	2267.8145	14	10	0	1	1	0.9031	0.7930
5	1384	1	2269.3645	2	1	0	1	1	0.9032	0.6523
5	1385	1	2270.9144	1	8	0	1	1	0.9032	0.6543
5	1386	1	2272.4643	3	11	0	1	1	0.9033	1.1687
5	1387	1	2274.0142	15	13	90	1	1	0.9034	0.9145
5	1388	1	2275.5641	14	10	90	0	1	0.9027	0.7874
5	1389	1	2277.1141	1	8	0	1	1	0.9028	0.6947
5	1390	1	2278.6640	14	10	0	1	1	0.9029	0.6956
5	1391	1	2280.2139	15	13	0	1	1	0.9029	0.9547
5	1392	1	2281.7638	1	8	0	1	1	0.9030	0.5570
5	1393	1	2283.3137	2	1	0	1	1	0.9031	0.7338
5	1394	1	2284.8637	3	11	0	1	1	0.9032	0.7678
5	1395	1	2286.4136	2	1	0	1	1	0.9032	1.0593
5	1396	1	2287.9635	3	11	0	1	1	0.9033	0.6121
5	1397	1	2289.5134	15	13	0	1	1	0.9034	0.6155
5	1398	1	2291.0633	14	10	90	1	1	0.9034	1.0015
5	1399	1	2292.6132	1	8	90	1	1	0.9035	0.7318
5	1400	1	2294.1632	3	11	0	1	1	0.9036	0.9421
5	1	2	1.0166	15	13	0	-1	0	NaN	-1.0000
5	2	2	2.5499	1	8	0	-1	0	NaN	-1.0000
5	3	2	4.0831	2	1	0	-1	0	NaN	-1.0000
5	4	2	5.6164	3	11	0	-1	0	NaN	-1.0000
5	5	2	7.1496	2	1	0	-1	0	NaN	-1.0000
5	6	2	8.6829	1	8	0	-1	0	NaN	-1.0000
5	7	2	10.2161	15	13	0	-1	0	NaN	-1.0000
5	8	2	11.7494	14	10	0	-1	0	NaN	-1.0000
5	9	2	13.2826	2	1	0	-1	1	0.0000	0.1263
5	10	2	14.8159	15	13	0	-1	0	0.0000	-1.0000
5	11	2	16.3491	2	1	0	-1	0	0.0000	-1.0000
5	12	2	17.8824	1	8	0	-1	0	0.0000	-1.0000
5	13	2	19.4157	2	1	0	-1	0	0.0000	-1.0000
5	14	2	20.9489	1	8	0	-1	0	0.0000	-1.0000
5	15	2	22.4822	3	11	0	-1	0	0.0000	-1.0000
5	16	2	24.0154	4	6	0	-1	1	0.5000	0.7552
5	17	2	25.5487	5	4	0	-1	0	0.5000	-1.0000
5	18	2	27.0819	6	12	0	-1	0	0.5000	-1.0000
5	19	2	28.6152	7	2	0	-1	0	0.5000	-1.0000
5	20	2	30.1484	8	15	0	-1	0	0.5000	-1.0000
5	21	2	31.6817	9	3	0	-1	0	0.5000	-1.0000
5	22	2	33.2149	10	9	0	-1	0	0.5000	-1.0000
5	23	2	34.7482	11	5	0	-1	0	0.5000	-1.0000
5	24	2	36.2815	12	14	0	-1	0	0.5000	-1.0000
5	25	2	37.8147	13	7	0	-1	0	0.5000	-1.0000
5	26	2	39.3480	14	10	0	-1	1	0.6667	0.7501
5	27	2	40.8812	15	13	0	-1	0	0.6667	-1.0000
5	28	2	42.4145	1	8	0	-1	0	0.6667	-1.0000
5	29	2	43.9477	2	1	0	-1	0	0.6667	-1.0000
5	30	2	45.4810	3	11	0	-1	0	0.6667	-1.0000
5	31	2	47.0142	2	1	0	-1	0	0.6667	-1.0000
5	32	2	48.5475	3	11	0	-1	0	0.6667	-1.0000
5	33	2	50.0807	4	6	0	-1	1	0.7500	0.7842
5	34	2	51.6140	6	12	0	-1	0	0.7500	-1.0000
5	35	2	53.1472	4	6	0	-1	0	0.7500	-1.0000
5	36	2	54.6805	3	11	0	-1	0	0.7500	-1.0000
5	37	2	56.2138	4	6	0	-1	0	0.7500	-1.0000
5	38	2	57.7470	5	4	0	-1	0	0.7500	-1.0000
5	39	2	59.2802	8	15	0	-1	0	0.7500	-1.0000
5	40	2	60.8135	6	12	0	-1	0	0.7500	-1.0000
5	41	2	62.3468	5	4	0	-1	0	0.7500	-1.0000
5	42	2	63.8800	7	2	0	-1	0	0.7500	-1.0000
5	43	2	65.4133	8	15	0	-1	0	0.7500	-1.0000
5	44	2	66.9465	7	2	0	-1	0	0.7500	-1.0000
5	45	2	68.4798	5	4	0	-1	0	0.7500	-1.0000
5	46	2	70.0130	4	6	0	-1	0	0.7500	-1.0000
5	47	2	71.5463	3	11	0	-1	0	0.7500	-1.0000
5	48	2	73.0795	2	1	0	-1	0	0.7500	-1.0000
5	49	2	74.6128	1	8	0	-1	0	0.7500	-1.0000
5	50	2	76.1460	15	13	0	-1	0	0.7500	-1.0000
5	51	2	77.6793	14	10	0	-1	1	0.6000	1.0913
5	52	2	79.2125	13	7	0	-1	0	0.6000	-1.0000
5	53	2	80.7458	12	14	0	-1	0	0.6000	-1.0000
5	54	2	82.2790	11	5	0	-1	0	0.6000	-1.0000
5	55	2	83.8123	10	9	0	-1	0	0.6000	-1.0000
5	56	2	85.3455	9	3	0	-1	0	0.6000	-1.0000
5	57	2	86.8788	8	15	0	-1	0	0.6000	-1.0000
5	58	2	88.4121	7	2	0	-1	0	0.6000	-1.0000
5	59	2	89.9453	6	12	0	-1	0	0.6000	-1.0000
5	60	2	91.4786	5	4	0	-1	0	0.6000	-1.0000
5	61	2	93.0118	4	6	0	-1	0	0.6000	-1.0000
5	62	2	94.5451	6	12	0	-1	0	0.6000	-1.0000
5	63	2	96.0783	8	15	0	-1	0	0.6000	-1.0000
5	64	2	97.6116	6	12	0	-1	0	0.6000	-1.0000
5	65	2	99.1448	4	6	0	-1	0	0.6000	-1.0000
5	66	2	100.6781	6	12	0	-1	0	0.6000	-1.0000
5	67	2	102.2113	4	6	0	-1	0	0.6000	-1.0000
5	68	2	103.7446	7	2	0	-1	1	0.5000	0.9614
5	69	2	105.2778	4	6	0	-1	0	0.5000	-1.0000
5	70	2	106.8111	6	12	0	-1	0	0.5000	-1.0000
5	71	2	108.3444	4	6	0	-1	0	0.5000	-1.0000
5	72	2	109.8776	3	11	0	-1	0	0.5000	-1.0000
5	73	2	111.4108	15	13	0	-1	0	0.5000	-1.0000
5	74	2	112.9441	2	1	0	-1	0	0.5000	-1.0000
5	75	2	114.4774	14	10	0	-1	0	0.5000	-1.0000
5	76	2	116.0106	13	7	0	-1	0	0.5000	-1.0000
5	77	2	117.5439	12	14	0	-1	0	0.5000	-1.0000
5	78	2	119.0771	11	5	0	-1	0	0.5000	-1.0000
5	79	2	120.6104	10	9	0	-1	0	0.5000	-1.0000
5	80	2	122.1437	9	3	0	-1	0	0.5000	-1.0000
5	81	2	123.6769	8	15	0	-1	0	0.5000	-1.0000
5	82	2	125.2101	7	2	0	-1	0	0.5000	-1.0000
5	83	2	126.7434	6	12	0	-1	0	0.5000	-1.0000
5	84	2	128.2766	5	4	0	-1	0	0.5000	-1.0000
5	85	2	129.8099	4	6	0	-1	0	0.5000	-1.0000
5	86	2	131.3432	3	11	0	-1	1	0.5714	1.0271
5	87	2	132.8764	2	1	0	-1	0	0.5714	-1.0000
5	88	2	134.4097	1	8	0	-1	0	0.5714	-1.0000
5	89	2	135.9429	15	13	0	-1	0	0.5714	-1.0000
5	90	2	137.4762	14	10	0	-1	0	0.5714	-1.0000
5	91	2	139.0094	2	1	0	-1	0	0.5714	-1.0000
5	92	2	140.5427	15	13	0	-1	0	0.5714	-1.0000
5	93	2	142.0759	1	8	0	-1	0	0.5714	-1.0000
5	94	2	143.6092	3	11	0	-1	0	0.5714	-1.0000
5	95	2	145.1424	4	6	0	-1	0	0.5714	-1.0000
5	96	2	146.6757	6	12	0	-1	0	0.5714	-1.0000
5	97	2	148.2090	8	15	0	-1	0	0.5714	-1.0000
5	98	2	149.7422	9	3	0	-1	0	0.5714	-1.0000
5	99	2	151.2755	8	15	0	-1	0	0.5714	-1.0000
5	100	2	152.8087	9	3	0	-1	0	0.5714	-1.0000
5	101	2	154.3420	11	5	0	-1	0	0.5714	-1.0000
5	102	2	155.8752	9	3	0	-1	0	0.5714	-1.0000
5	103	2	157.4085	12	14	0	-1	0	0.5714	-1.0000
5	104	2	158.9417	10	9	0	-1	0	0.5714	-1.0000
5	105	2	160.4750	13	7	0	-1	0	0.5714	-1.0000
5	106	2	162.0082	14	10	0	-1	0	0.5714	-1.0000
5	107	2	163.5415	15	13	0	-1	1	0.5000	0.7481
5	108	2	165.0747	1	8	0	-1	0	0.5000	-1.0000
5	109	2	166.6080	2	1	0	-1	0	0.5000	-1.0000
5	110	2	168.1412	3	11	0	-1	0	0.5000	-1.0000
5	111	2	169.6745	4	6	0	-1	0	0.5000	-1.0000
5	112	2	171.2077	5	4	0	-1	0	0.5000	-1.0000
5	113	2	172.7410	6	12	0	-1	0	0.5000	-1.0000
5	114	2	174.2742	7	2	0	-1	0	0.5000	-1.0000
5	115	2	175.8075	8	15	0	-1	0	0.5000	-1.0000
5	116	2	177.3408	9	3	0	-1	0	0.5000	-1.0000
5	117	2	178.8740	10	9	0	-1	0	0.5000	-1.0000
5	118	2	180.4073	11	5	0	-1	0	0.5000	-1.0000
5	119	2	181.9405	12	14	0	-1	0	0.5000	-1.0000
5	120	2	183.4738	13	7	0	-1	0	0.5000	-1.0000
5	121	2	185.0070	11	5	0	-1	0	0.5000	-1.0000
5	122	2	186.5403	13	7	0	-1	0	0.5000	-1.0000
5	123	2	188.0735	14	10	0	-1	0	0.5000	-1.0000
5	124	2	189.6068	13	7	0	-1	0	0.5000	-1.0000
5	125	2	191.1400	14	10	0	-1	0	0.5000	-1.0000
5	126	2	192.6733	15	13	0	-1	1	0.4444	0.7050
5	127	2	194.2065	14	10	0	-1	0	0.4444	-1.0000
5	128	2	195.7398	15	13	0	-1	0	0.4444	-1.0000
5	129	2	197.2731	2	1	0	-1	0	0.4444	-1.0000
5	130	2	198.8063	15	13	0	-1	0	0.4444	-1.0000
5	131	2	200.3396	1	8	0	-1	0	0.4444	-1.0000
5	132	2	201.8728	14	10	0	-1	0	0.4444	-1.0000
5	133	2	203.4061	2	1	0	-1	0	0.4444	-1.0000
5	134	2	204.9393	3	11	0	-1	0	0.4444	-1.0000
5	135	2	206.4726	15	13	0	-1	0	0.4444	-1.0000
5	136	2	208.0058	14	10	0	-1	0	0.4444	-1.0000
5	137	2	209.5391	13	7	0	-1	0	0.4444	-1.0000
5	138	2	211.0723	12	14	0	-1	0	0.4444	-1.0000
5	139	2	212.6056	11	5	0	-1	0	0.4444	-1.0000
5	140	2	214.1388	10	9	0	-1	0	0.4444	-1.0000
5	141	2	215.6721	9	3	0	-1	0	0.4444	-1.0000
5	142	2	217.2053	8	15	0	-1	1	0.5000	1.2449
5	143	2	218.7386	7	2	0	-1	0	0.5000	-1.0000
5	144	2	220.2719	6	12	0	-1	0	0.5000	-1.0000
5	145	2	221.8051	5	4	0	-1	0	0.5000	-1.0000
5	146	2	223.3384	4	6	0	-1	0	0.5000	-1.0000
5	147	2	224.8716	3	11	0	-1	0	0.5000	-1.0000
5	148	2	226.4049	2	1	0	-1	0	0.5000	-1.0000
5	149	2	227.9381	1	8	0	-1	0	0.5000	-1.0000
5	150	2	229.4714	15	13	0	-1	0	0.5000	-1.0000
5	151	2	231.0046	14	10	0	-1	0	0.5000	-1.0000
5	152	2	232.5379	15	13	0	-1	0	0.5000	-1.0000
5	153	2	234.0711	14	10	0	-1	0	0.5000	-1.0000
5	154	2	235.6044	1	8	0	-1	0	0.5000	-1.0000
5	155	2	237.1376	14	10	0	-1	0	0.5000	-1.0000
5	156	2	238.6709	1	8	0	-1	0	0.5000	-1.0000
5	157	2	240.2041	2	1	0	-1	0	0.5000	-1.0000
5	158	2	241.7374	1	8	0	-1	0	0.5000	-1.0000
5	159	2	243.2707	3	11	0	-1	1	0.4545	0.8765
5	160	2	244.8039	15	13	0	-1	0	0.4545	-1.0000
5	161	2	246.3371	2	1	0	-1	0	0.4545	-1.0000
5	162	2	247.8704	15	13	0	-1	0	0.4545	-1.0000
5	163	2	249.4037	1	8	0	-1	0	0.4545	-1.0000
5	164	2	250.9369	14	10	0	-1	0	0.4545	-1.0000
5	165	2	252.4702	1	8	0	-1	0	0.4545	-1.0000
5	166	2	254.0034	15	13	0	-1	0	0.4545	-1.0000
5	167	2	255.5367	14	10	0	-1	0	0.4545	-1.0000
5	168	2	257.0699	13	7	0	-1	0	0.4545	-1.0000
5	169	2	258.6032	12	14	0	-1	0	0.4545	-1.0000
5	170	2	260.1364	11	5	0	-1	0	0.4545	-1.0000
5	171	2	261.6697	10	9	0	-1	0	0.4545	-1.0000
5	172	2	263.2029	9	3	0	-1	1	0.4167	0.7513
5	173	2	264.7362	8	15	0	-1	0	0.4167	-1.0000
5	174	2	266.2694	7	2	0	-1	0	0.4167	-1.0000
5	175	2	267.8027	6	12	0	-1	0	0.4167	-1.0000
5	176	2	269.3359	5	4	0	-1	0	0.4167	-1.0000
5	177	2	270.8692	4	6	0	-1	0	0.4167	-1.0000
5	178	2	272.4025	3	11	0	-1	0	0.4167	-1.0000
5	179	2	273.9357	2	1	0	-1	0	0.4167	-1.0000
5	180	2	275.4690	1	8	0	-1	0	0.4167	-1.0000
5	181	2	277.0022	3	11	0	-1	0	0.4167	-1.0000
5	182	2	278.5355	15	13	0	-1	0	0.4167	-1.0000
5	183	2	280.0687	2	1	0	-1	0	0.4167	-1.0000
5	184	2	281.6020	1	8	0	-1	0	0.4167	-1.0000
5	185	2	283.1352	2	1	0	-1	0	0.4167	-1.0000
5	186	2	284.6685	14	10	0	-1	0	0.4167	-1.0000
5	187	2	286.2017	2	1	0	-1	0	0.4167	-1.0000
5	188	2	287.7350	14	10	0	-1	0	0.4167	-1.0000
5	189	2	289.2682	15	13	0	-1	0	0.4167	-1.0000
5	190	2	290.8015	14	10	0	-1	1	0.3846	0.2886
5	191	2	292.3347	2	1	0	-1	0	0.3846	-1.0000
5	192	2	293.8680	15	13	0	-1	0	0.3846	-1.0000
5	193	2	295.4013	3	11	0	-1	0	0.3846	-1.0000
5	194	2	296.9345	15	13	0	-1	0	0.3846	-1.0000
5	195	2	298.4678	14	10	0	-1	0	0.3846	-1.0000
5	196	2	300.0010	15	13	0	-1	0	0.3846	-1.0000
5	197	2	301.5343	1	8	0	-1	1	0.3571	1.1237
5	198	2	303.0675	2	1	0	-1	0	0.3571	-1.0000
5	199	2	304.6008	3	11	0	-1	0	0.3571	-1.0000
5	200	2	306.1341	4	6	0	-1	0	0.3571	-1.0000
5	201	2	307.6673	5	4	0	-1	0	0.3571	-1.0000
5	202	2	309.2005	6	12	0	-1	0	0.3571	-1.0000
5	203	2	310.7338	7	2	0	-1	0	0.3571	-1.0000
5	204	2	312.2670	8	15	0	-1	0	0.3571	-1.0000
5	205	2	313.8003	9	3	0	-1	0	0.3571	-1.0000
5	206	2	315.3335	10	9	0	-1	0	0.3571	-1.0000
5	207	2	316.8668	11	5	0	-1	0	0.3571	-1.0000
5	208	2	318.4000	12	14	0	-1	0	0.3571	-1.0000
5	209	2	319.9333	13	7	0	-1	0	0.3571	-1.0000
5	210	2	321.4666	14	10	0	-1	0	0.3571	-1.0000
5	211	2	322.9998	13	7	0	-1	0	0.3571	-1.0000
5	212	2	324.5331	14	10	0	-1	0	0.3571	-1.0000
5	213	2	326.0663	15	13	0	-1	1	0.3333	1.1675
5	214	2	327.5996	3	11	0	-1	0	0.3333	-1.0000
5	215	2	329.1328	4	6	0	-1	0	0.3333	-1.0000
5	216	2	330.6661	5	4	0	-1	0	0.3333	-1.0000
5	217	2	332.1993	8	15	0	-1	0	0.3333	-1.0000
5	218	2	333.7326	7	2	0	-1	0	0.3333	-1.0000
5	219	2	335.2658	8	15	0	-1	0	0.3333	-1.0000
5	220	2	336.7991	5	4	0	-1	1	0.3125	1.2032
5	221	2	338.3323	8	15	0	-1	0	0.3125	-1.0000
5	222	2	339.8656	7	2	0	-1	0	0.3125	-1.0000
5	223	2	341.3989	8	15	0	-1	0	0.3125	-1.0000
5	224	2	342.9321	6	12	0	-1	1	0.2941	1.2142
5	225	2	344.4653	5	4	0	-1	0	0.2941	-1.0000
5	226	2	345.9986	6	12	0	-1	0	0.2941	-1.0000
5	227	2	347.5319	7	2	0	-1	0	0.2941	-1.0000
5	228	2	349.0651	8	15	0	-1	0	0.2941	-1.0000
5	229	2	350.5984	9	3	0	-1	0	0.2941	-1.0000
5	230	2	352.1316	10	9	0	-1	0	0.2941	-1.0000
5	231	2	353.6649	11	5	0	-1	1	0.2778	0.9137
5	232	2	355.1981	12	14	0	-1	0	0.2778	-1.0000
5	233	2	356.7314	13	7	0	-1	0	0.2778	-1.0000
5	234	2	358.2646	14	10	0	-1	0	0.2778	-1.0000
5	235	2	359.7979	15	13	0	-1	0	0.2778	-1.0000
5	236	2	361.3312	1	8	0	-1	0	0.2778	-1.0000
5	237	2	362.8644	2	1	0	-1	0	0.2778	-1.0000
5	238	2	364.3976	3	11	0	-1	0	0.2778	-1.0000
5	239	2	365.9308	4	6	0	-1	0	0.2778	-1.0000
5	240	2	367.4641	5	4	0	-1	0	0.2778	-1.0000
5	241	2	368.9974	8	15	0	-1	0	0.2778	-1.0000
5	242	2	370.5306	9	3	0	-1	0	0.2778	-1.0000
5	243	2	372.0639	12	14	0	-1	0	0.2778	-1.0000
5	244	2	373.5972	10	9	0	-1	0	0.2778	-1.0000
5	245	2	375.1304	9	3	0	-1	0	0.2778	-1.0000
5	246	2	376.6637	12	14	0	-1	0	0.2778	-1.0000
5	247	2	378.1969	13	7	0	-1	0	0.2778	-1.0000
5	248	2	379.7302	14	10	0	-1	0	0.2778	-1.0000
5	249	2	381.2634	2	1	0	-1	0	0.2778	-1.0000
5	250	2	382.7967	3	11	0	-1	1	0.2632	0.9022
5	251	2	384.3299	4	6	0	-1	0	0.2632	-1.0000
5	252	2	385.8632	7	2	0	-1	0	0.2632	-1.0000
5	253	2	387.3964	5	4	0	-1	0	0.2632	-1.0000
5	254	2	388.9297	8	15	0	-1	0	0.2632	-1.0000
5	255	2	390.4629	6	12	0	-1	0	0.2632	-1.0000
5	256	2	391.9962	5	4	0	-1	0	0.2632	-1.0000
5	257	2	393.5295	4	6	0	-1	0	0.2632	-1.0000
5	258	2	395.0627	3	11	0	-1	0	0.2632	-1.0000
5	259	2	396.5960	2	1	0	-1	0	0.2632	-1.0000
5	260	2	398.1292	1	8	0	-1	0	0.2632	-1.0000
5	261	2	399.6625	15	13	0	-1	0	0.2632	-1.0000
5	262	2	401.1957	14	10	0	-1	0	0.2632	-1.0000
5	263	2	402.7290	13	7	0	-1	0	0.2632	-1.0000
5	264	2	404.2622	12	14	0	-1	0	0.2632	-1.0000
5	265	2	405.7955	11	5	0	-1	1	0.2500	0.0311
5	266	2	407.3288	10	9	0	-1	0	0.2500	-1.0000
5	267	2	408.8620	9	3	0	-1	0	0.2500	-1.0000
5	268	2	410.3952	8	15	0	-1	0	0.2500	-1.0000
5	269	2	411.9285	7	2	0	-1	0	0.2500	-1.0000
5	270	2	413.4617	6	12	0	-1	0	0.2500	-1.0000
5	271	2	414.9950	4	6	0	-1	0	0.2500	-1.0000
5	272	2	416.5283	3	11	0	-1	0	0.2500	-1.0000
5	273	2	418.0615	15	13	0	-1	0	0.2500	-1.0000
5	274	2	419.5948	2	1	0	-1	0	0.2500	-1.0000
5	275	2	421.1280	3	11	0	-1	0	0.2500	-1.0000
5	276	2	422.6612	2	1	0	-1	0	0.2500	-1.0000
5	277	2	424.1945	14	10	0	-1	0	0.2500	-1.0000
5	278	2	425.7278	15	13	0	-1	0	0.2500	-1.0000
5	279	2	427.2610	1	8	0	-1	0	0.2500	-1.0000
5	280	2	428.7943	2	1	0	-1	1	0.2381	0.5680
5	281	2	430.3275	15	13	0	-1	0	0.2381	-1.0000
5	282	2	431.8608	2	1	0	-1	0	0.2381	-1.0000
5	283	2	433.3940	1	8	0	-1	0	0.2381	-1.0000
5	284	2	434.9273	3	11	0	-1	0	0.2381	-1.0000
5	285	2	436.4605	15	13	0	-1	0	0.2381	-1.0000
5	286	2	437.9938	1	8	0	-1	0	0.2381	-1.0000
5	287	2	439.5271	2	1	0	-1	0	0.2381	-1.0000
5	288	2	441.0603	3	11	0	-1	0	0.2381	-1.0000
5	289	2	442.5936	4	6	0	-1	1	0.2727	1.3924
5	290	2	444.1268	5	4	0	-1	1	0.2609	0.0169
5	291	2	445.6600	6	12	0	-1	0	0.2609	-1.0000
5	292	2	447.1933	7	2	0	-1	0	0.2609	-1.0000
5	293	2	448.7266	8	15	0	-1	0	0.2609	-1.0000
5	294	2	450.2598	9	3	0	-1	0	0.2609	-1.0000
5	295	2	451.7931	10	9	0	-1	0	0.2609	-1.0000
5	296	2	453.3263	11	5	0	-1	0	0.2609	-1.0000
5	297	2	454.8596	12	14	0	-1	1	0.2500	0.9824
5	298	2	456.3928	13	7	0	-1	0	0.2500	-1.0000
5	299	2	457.9261	14	10	0	-1	0	0.2500	-1.0000
5	300	2	459.4593	15	13	0	-1	0	0.2500	-1.0000
5	301	2	460.9926	14	10	0	-1	0	0.2500	-1.0000
5	302	2	462.5258	2	1	0	-1	0	0.2500	-1.0000
5	303	2	464.0591	1	8	0	-1	0	0.2500	-1.0000
5	304	2	465.5924	14	10	0	-1	0	0.2500	-1.0000
5	305	2	467.1256	15	13	0	-1	0	0.2500	-1.0000
5	306	2	468.6589	14	10	0	-1	0	0.2500	-1.0000
5	307	2	470.1921	15	13	0	-1	0	0.2500	-1.0000
5	308	2	471.7254	1	8	0	-1	0	0.2500	-1.0000
5	309	2	473.2586	15	13	0	-1	0	0.2500	-1.0000
5	310	2	474.7919	2	1	0	-1	1	0.2400	0.2343
5	311	2	476.3251	1	8	0	-1	0	0.2400	-1.0000
5	312	2	477.8584	15	13	0	-1	0	0.2400	-1.0000
5	313	2	479.3916	3	11	0	-1	0	0.2400	-1.0000
5	314	2	480.9249	1	8	0	-1	0	0.2400	-1.0000
5	315	2	482.4581	14	10	0	-1	0	0.2400	-1.0000
5	316	2	483.9914	15	13	0	-1	0	0.2400	-1.0000
5	317	2	485.5246	1	8	0	-1	0	0.2400	-1.0000
5	318	2	487.0579	2	1	0	-1	0	0.2400	-1.0000
5	319	2	488.5911	3	11	0	-1	0	0.2400	-1.0000
5	320	2	490.1244	4	6	0	-1	1	0.2692	0.9177
5	321	2	491.6576	5	4	0	-1	0	0.2692	-1.0000
5	322	2	493.1909	6	12	0	-1	0	0.2692	-1.0000
5	323	2	494.7242	7	2	0	-1	0	0.2692	-1.0000
5	324	2	496.2574	8	15	0	-1	0	0.2692	-1.0000
5	325	2	497.7907	9	3	0	-1	0	0.2692	-1.0000
5	326	2	499.3239	10	9	0	-1	0	0.2692	-1.0000
5	327	2	500.8572	11	5	0	-1	0	0.2692	-1.0000
5	328	2	502.3904	12	14	0	-1	0	0.2692	-1.0000
5	329	2	503.9237	13	7	0	-1	0	0.2692	-1.0000
5	330	2	505.4570	14	10	0	-1	0	0.2692	-1.0000
5	331	2	506.9902	15	13	0	-1	0	0.2692	-1.0000
5	332	2	508.5234	1	8	0	-1	0	0.2692	-1.0000
5	333	2	510.0567	15	13	0	-1	0	0.2692	-1.0000
5	334	2	511.5899	14	10	0	-1	1	0.2593	0.8762
5	335	2	513.1232	15	13	0	-1	0	0.2593	-1.0000
5	336	2	514.6564	14	10	0	-1	0	0.2593	-1.0000
5	337	2	516.1897	15	13	0	-1	0	0.2593	-1.0000
5	338	2	517.7229	2	1	0	-1	0	0.2593	-1.0000
5	339	2	519.2562	14	10	0	-1	0	0.2593	-1.0000
5	340	2	520.7895	13	7	0	-1	0	0.2593	-1.0000
5	341	2	522.3227	12	14	0	-1	1	0.2500	0.9752
5	342	2	523.8560	11	5	0	-1	0	0.2500	-1.0000
5	343	2	525.3892	9	3	0	-1	0	0.2500	-1.0000
5	344	2	526.9225	8	15	0	-1	0	0.2500	-1.0000
5	345	2	528.4557	9	3	0	-1	0	0.2500	-1.0000
5	346	2	529.9890	8	15	0	-1	0	0.2500	-1.0000
5	347	2	531.5222	7	2	0	-1	0	0.2500	-1.0000
5	348	2	533.0555	6	12	0	-1	0	0.2500	-1.0000
5	349	2	534.5887	5	4	0	-1	0	0.2500	-1.0000
5	350	2	536.1220	4	6	0	-1	0	0.2500	-1.0000
5	351	2	537.6552	3	11	0	-1	1	0.2759	1.2268
5	352	2	539.1885	2	1	0	-1	0	0.2759	-1.0000
5	353	2	540.7217	1	8	0	-1	0	0.2759	-1.0000
5	354	2	542.2550	15	13	0	-1	0	0.2759	-1.0000
5	355	2	543.7883	14	10	0	-1	0	0.2759	-1.0000
5	356	2	545.3215	13	7	0	-1	0	0.2759	-1.0000
5	357	2	546.8547	12	14	0	-1	0	0.2759	-1.0000
5	358	2	548.3880	11	5	0	-1	0	0.2759	-1.0000
5	359	2	549.9213	10	9	0	-1	0	0.2759	-1.0000
5	360	2	551.4545	9	3	0	-1	1	0.2667	0.6918
5	361	2	552.9878	12	14	0	-1	0	0.2667	-1.0000
5	362	2	554.5210	13	7	0	-1	0	0.2667	-1.0000
5	363	2	556.0543	12	14	0	-1	0	0.2667	-1.0000
5	364	2	557.5875	9	3	0	-1	0	0.2667	-1.0000
5	365	2	559.1208	11	5	0	-1	1	0.2581	0.1120
5	366	2	560.6540	12	14	0	-1	0	0.2581	-1.0000
5	367	2	562.1873	10	9	0	-1	0	0.2581	-1.0000
5	368	2	563.7205	11	5	0	-1	0	0.2581	-1.0000
5	369	2	565.2538	12	14	0	-1	0	0.2581	-1.0000
5	370	2	566.7870	9	3	0	-1	0	0.2581	-1.0000
5	371	2	568.3203	10	9	0	-1	0	0.2581	-1.0000
5	372	2	569.8536	13	7	0	-1	0	0.2581	-1.0000
5	373	2	571.3868	14	10	0	-1	0	0.2581	-1.0000
5	374	2	572.9201	13	7	0	-1	0	0.2581	-1.0000
5	375	2	574.4533	14	10	0	-1	0	0.2581	-1.0000
5	376	2	575.9866	13	7	0	-1	0	0.2581	-1.0000
5	377	2	577.5198	12	14	0	-1	0	0.2581	-1.0000
5	378	2	579.0531	11	5	0	-1	0	0.2581	-1.0000
5	379	2	580.5863	10	9	0	-1	0	0.2581	-1.0000
5	380	2	582.1196	9	3	0	-1	0	0.2581	-1.0000
5	381	2	583.6529	8	15	0	-1	1	0.2813	0.9418
5	382	2	585.1861	7	2	0	-1	0	0.2813	-1.0000
5	383	2	586.7193	6	12	0	-1	0	0.2813	-1.0000
5	384	2	588.2526	5	4	0	-1	0	0.2813	-1.0000
5	385	2	589.7859	4	6	0	-1	0	0.2813	-1.0000
5	386	2	591.3191	3	11	0	-1	0	0.2813	-1.0000
5	387	2	592.8523	2	1	0	-1	1	0.2727	0.7020
5	388	2	594.3856	1	8	0	-1	0	0.2727	-1.0000
5	389	2	595.9189	15	13	0	-1	0	0.2727	-1.0000
5	390	2	597.4521	14	10	0	-1	0	0.2727	-1.0000
5	391	2	598.9854	13	7	0	-1	0	0.2727	-1.0000
5	392	2	600.5186	11	5	0	-1	0	0.2727	-1.0000
5	393	2	602.0519	9	3	0	-1	0	0.2727	-1.0000
5	394	2	603.5851	10	9	0	-1	1	0.2647	0.7048
5	395	2	605.1184	13	7	0	-1	0	0.2647	-1.0000
5	396	2	606.6516	11	5	0	-1	0	0.2647	-1.0000
5	397	2	608.1849	13	7	0	-1	0	0.2647	-1.0000
5	398	2	609.7181	14	10	0	-1	0	0.2647	-1.0000
5	399	2	611.2514	2	1	0	-1	0	0.2647	-1.0000
5	400	2	612.7846	15	13	0	-1	0	0.2647	-1.0000
5	401	2	614.3179	3	11	0	-1	0	0.2647	-1.0000
5	402	2	615.8511	4	6	0	-1	1	0.2857	0.8866
5	403	2	617.3844	7	2	0	-1	0	0.2857	-1.0000
5	404	2	618.9176	6	12	0	-1	0	0.2857	-1.0000
5	405	2	620.4509	5	4	0	-1	0	0.2857	-1.0000
5	406	2	621.9842	6	12	0	-1	0	0.2857	-1.0000
5	407	2	623.5174	7	2	0	-1	0	0.2857	-1.0000
5	408	2	625.0507	8	15	0	-1	0	0.2857	-1.0000
5	409	2	626.5839	9	3	0	-1	0	0.2857	-1.0000
5	410	2	628.1172	10	9	0	-1	0	0.2857	-1.0000
5	411	2	629.6504	11	5	0	-1	0	0.2857	-1.0000
5	412	2	631.1837	12	14	0	-1	0	0.2857	-1.0000
5	413	2	632.7169	13	7	0	-1	0	0.2857	-1.0000
5	414	2	634.2502	14	10	0	-1	0	0.2857	-1.0000
5	415	2	635.7835	15	13	0	-1	1	0.2778	0.6504
5	416	2	637.3167	1	8	0	-1	0	0.2778	-1.0000
5	417	2	638.8500	2	1	0	-1	0	0.2778	-1.0000
5	418	2	640.3832	3	11	0	-1	0	0.2778	-1.0000
5	419	2	641.9164	4	6	0	-1	0	0.2778	-1.0000
5	420	2	643.4497	5	4	0	-1	1	0.2703	0.6645
5	421	2	644.9830	6	12	0	-1	0	0.2703	-1.0000
5	422	2	646.5162	5	4	0	-1	0	0.2703	-1.0000
5	423	2	648.0495	4	6	0	-1	0	0.2703	-1.0000
5	424	2	649.5827	7	2	0	-1	0	0.2703	-1.0000
5	425	2	651.1160	8	15	0	-1	0	0.2703	-1.0000
5	426	2	652.6492	7	2	0	-1	0	0.2703	-1.0000
5	427	2	654.1825	4	6	0	-1	0	0.2703	-1.0000
5	428	2	655.7157	5	4	0	-1	0	0.2703	-1.0000
5	429	2	657.2490	7	2	0	-1	0	0.2703	-1.0000
5	430	2	658.7822	4	6	0	-1	0	0.2703	-1.0000
5	431	2	660.3155	6	12	0	-1	0	0.2703	-1.0000
5	432	2	661.8487	8	15	0	-1	0	0.2703	-1.0000
5	433	2	663.3820	6	12	0	-1	0	0.2703	-1.0000
5	434	2	664.9152	8	15	0	-1	1	0.2632	1.0870
5	435	2	666.4485	5	4	0	-1	0	0.2632	-1.0000
5	436	2	667.9817	4	6	0	-1	0	0.2632	-1.0000
5	437	2	669.5150	3	11	0	-1	0	0.2632	-1.0000
5	438	2	671.0483	2	1	0	-1	1	0.2564	0.6976
5	439	2	672.5815	1	8	0	-1	0	0.2564	-1.0000
5	440	2	674.1148	15	13	0	-1	0	0.2564	-1.0000
5	441	2	675.6480	14	10	0	-1	0	0.2564	-1.0000
5	442	2	677.1813	13	7	0	-1	0	0.2564	-1.0000
5	443	2	678.7145	12	14	0	-1	0	0.2564	-1.0000
5	444	2	680.2478	11	5	0	-1	0	0.2564	-1.0000
5	445	2	681.7810	10	9	0	-1	0	0.2564	-1.0000
5	446	2	683.3143	9	3	0	-1	0	0.2564	-1.0000
5	447	2	684.8475	8	15	0	-1	0	0.2564	-1.0000
5	448	2	686.3808	7	2	0	-1	0	0.2564	-1.0000
5	449	2	687.9140	6	12	0	-1	1	0.2500	0.8245
5	450	2	689.4473	5	4	0	-1	0	0.2500	-1.0000
5	451	2	690.9805	6	12	0	-1	0	0.2500	-1.0000
5	452	2	692.5138	8	15	0	-1	0	0.2500	-1.0000
5	453	2	694.0470	6	12	0	-1	0	0.2500	-1.0000
5	454	2	695.5803	4	6	0	-1	0	0.2500	-1.0000
5	455	2	697.1136	6	12	0	-1	0	0.2500	-1.0000
5	456	2	698.6468	4	6	0	-1	0	0.2500	-1.0000
5	457	2	700.1801	5	4	0	-1	1	0.2439	0.8138
5	458	2	701.7133	7	2	0	-1	0	0.2439	-1.0000
5	459	2	703.2466	8	15	0	-1	0	0.2439	-1.0000
5	460	2	704.7798	7	2	0	-1	0	0.2439	-1.0000
5	461	2	706.3131	8	15	0	-1	0	0.2439	-1.0000
5	462	2	707.8463	9	3	0	-1	0	0.2439	-1.0000
5	463	2	709.3796	8	15	0	-1	0	0.2439	-1.0000
5	464	2	710.9129	7	2	0	-1	0	0.2439	-1.0000
5	465	2	712.4461	4	6	0	-1	0	0.2439	-1.0000
5	466	2	713.9793	5	4	0	-1	1	0.2381	0.9028
5	467	2	715.5126	6	12	0	-1	0	0.2381	-1.0000
5	468	2	717.0458	7	2	0	-1	0	0.2381	-1.0000
5	469	2	718.5791	8	15	0	-1	0	0.2381	-1.0000
5	470	2	720.1124	9	3	0	-1	0	0.2381	-1.0000
5	471	2	721.6456	10	9	0	-1	1	0.2326	0.9964
5	472	2	723.1789	11	5	0	-1	0	0.2326	-1.0000
5	473	2	724.7121	12	14	0	-1	0	0.2326	-1.0000
5	474	2	726.2454	13	7	0	-1	0	0.2326	-1.0000
5	475	2	727.7786	14	10	0	-1	0	0.2326	-1.0000
5	476	2	729.3119	15	13	0	-1	0	0.2326	-1.0000
5	477	2	730.8451	1	8	0	-1	0	0.2326	-1.0000
5	478	2	732.3784	2	1	0	-1	0	0.2326	-1.0000
5	479	2	733.9116	3	11	0	-1	0	0.2326	-1.0000
5	480	2	735.4449	4	6	0	-1	1	0.2500	1.3575
5	481	2	736.9781	6	12	0	-1	0	0.2500	-1.0000
5	482	2	738.5114	8	15	0	-1	0	0.2500	-1.0000
5	483	2	740.0447	5	4	0	-1	0	0.2500	-1.0000
5	484	2	741.5779	8	15	0	-1	0	0.2500	-1.0000
5	485	2	743.1111	6	12	0	-1	0	0.2500	-1.0000
5	486	2	744.6444	5	4	0	-1	0	0.2500	-1.0000
5	487	2	746.1777	8	15	0	-1	0	0.2500	-1.0000
5	488	2	747.7109	6	12	0	-1	0	0.2500	-1.0000
5	489	2	749.2442	8	15	0	-1	0	0.2500	-1.0000
5	490	2	750.7774	7	2	0	-1	0	0.2500	-1.0000
5	491	2	752.3107	4	6	0	-1	0	0.2500	-1.0000
5	492	2	753.8439	5	4	0	-1	0	0.2500	-1.0000
5	493	2	755.3772	7	2	0	-1	0	0.2500	-1.0000
5	494	2	756.9104	4	6	0	-1	0	0.2500	-1.0000
5	495	2	758.4437	7	2	0	-1	0	0.2500	-1.0000
5	496	2	759.9770	8	15	0	-1	0	0.2500	-1.0000
5	497	2	761.5102	9	3	0	-1	0	0.2500	-1.0000
5	498	2	763.0434	10	9	0	-1	0	0.2500	-1.0000
5	499	2	764.5767	11	5	0	-1	0	0.2500	-1.0000
5	500	2	766.1100	12	14	0	-1	0	0.2500	-1.0000
5	501	2	767.6432	13	7	0	-1	0	0.2500	-1.0000
5	502	2	769.1764	14	10	0	-1	1	0.2667	0.7138
5	503	2	770.7097	15	13	0	-1	0	0.2667	-1.0000
5	504	2	772.2429	1	8	0	-1	0	0.2667	-1.0000
5	505	2	773.7762	2	1	0	-1	0	0.2667	-1.0000
5	506	2	775.3095	3	11	0	-1	0	0.2667	-1.0000
5	507	2	776.8427	4	6	0	-1	0	0.2667	-1.0000
5	508	2	778.3760	5	4	0	-1	0	0.2667	-1.0000
5	509	2	779.9092	6	12	0	-1	0	0.2667	-1.0000
5	510	2	781.4425	7	2	0	-1	0	0.2667	-1.0000
5	511	2	782.9757	8	15	0	-1	0	0.2667	-1.0000
5	512	2	784.5090	5	4	0	-1	0	0.2667	-1.0000
5	513	2	786.0422	7	2	0	-1	0	0.2667	-1.0000
5	514	2	787.5755	8	15	0	-1	0	0.2667	-1.0000
5	515	2	789.1087	9	3	0	-1	0	0.2667	-1.0000
5	516	2	790.6420	11	5	0	-1	0	0.2667	-1.0000
5	517	2	792.1752	13	7	0	-1	0	0.2667	-1.0000
5	518	2	793.7085	12	14	0	-1	0	0.2667	-1.0000
5	519	2	795.2418	13	7	0	-1	1	0.2609	0.4550
5	520	2	796.7750	12	14	0	-1	0	0.2609	-1.0000
5	521	2	798.3083	9	3	0	-1	0	0.2609	-1.0000
5	522	2	799.8415	8	15	0	-1	0	0.2609	-1.0000
5	523	2	801.3748	6	12	0	-1	1	0.2553	0.9318
5	524	2	802.9080	7	2	0	-1	0	0.2553	-1.0000
5	525	2	804.4413	4	6	0	-1	0	0.2553	-1.0000
5	526	2	805.9745	5	4	0	-1	0	0.2553	-1.0000
5	527	2	807.5078	6	12	0	-1	0	0.2553	-1.0000
5	528	2	809.0410	7	2	0	-1	0	0.2553	-1.0000
5	529	2	810.5743	8	15	0	-1	0	0.2553	-1.0000
5	530	2	812.1075	9	3	0	-1	0	0.2553	-1.0000
5	531	2	813.6408	10	9	0	-1	0	0.2553	-1.0000
5	532	2	815.1740	11	5	0	-1	0	0.2553	-1.0000
5	533	2	816.7073	12	14	0	-1	0	0.2553	-1.0000
5	534	2	818.2405	13	7	0	-1	1	0.2500	0.8816
5	535	2	819.7738	14	10	0	-1	0	0.2500	-1.0000
5	536	2	821.3070	15	13	0	-1	0	0.2500	-1.0000
5	537	2	822.8403	1	8	0	-1	0	0.2500	-1.0000
5	538	2	824.3736	2	1	0	-1	0	0.2500	-1.0000
5	539	2	825.9068	3	11	0	-1	0	0.2500	-1.0000
5	540	2	827.4401	4	6	0	-1	0	0.2500	-1.0000
5	541	2	828.9733	6	12	0	-1	1	0.2449	0.7884
5	542	2	830.5066	8	15	0	-1	0	0.2449	-1.0000
5	543	2	832.0398	7	2	0	-1	0	0.2449	-1.0000
5	544	2	833.5731	8	15	0	-1	0	0.2449	-1.0000
5	545	2	835.1063	9	3	0	-1	0	0.2449	-1.0000
5	546	2	836.6396	12	14	0	-1	0	0.2449	-1.0000
5	547	2	838.1728	13	7	0	-1	0	0.2449	-1.0000
5	548	2	839.7061	14	10	0	-1	0	0.2449	-1.0000
5	549	2	841.2393	1	8	0	-1	1	0.2400	0.5054
5	550	2	842.7726	2	1	0	-1	0	0.2400	-1.0000
5	551	2	844.3058	1	8	0	-1	0	0.2400	-1.0000
5	552	2	845.8391	14	10	0	-1	0	0.2400	-1.0000
5	553	2	847.3723	1	8	0	-1	0	0.2400	-1.0000
5	554	2	848.9056	15	13	0	-1	0	0.2400	-1.0000
5	555	2	850.4389	2	1	0	-1	0	0.2400	-1.0000
5	556	2	851.9721	1	8	0	-1	0	0.2400	-1.0000
5	557	2	853.5054	15	13	0	-1	0	0.2400	-1.0000
5	558	2	855.0386	14	10	0	-1	0	0.2400	-1.0000
5	559	2	856.5719	13	7	0	-1	0	0.2400	-1.0000
5	560	2	858.1051	12	14	0	-1	0	0.2400	-1.0000
5	561	2	859.6384	11	5	0	-1	0	0.2400	-1.0000
5	562	2	861.1716	10	9	0	-1	0	0.2400	-1.0000
5	563	2	862.7049	9	3	0	-1	1	0.2353	0.8330
5	564	2	864.2381	8	15	0	-1	0	0.2353	-1.0000
5	565	2	865.7714	7	2	0	-1	0	0.2353	-1.0000
5	566	2	867.3046	6	12	0	-1	0	0.2353	-1.0000
5	567	2	868.8379	5	4	0	-1	0	0.2353	-1.0000
5	568	2	870.3711	4	6	0	-1	0	0.2353	-1.0000
5	569	2	871.9044	3	11	0	-1	0	0.2353	-1.0000
5	570	2	873.4377	2	1	0	-1	0	0.2353	-1.0000
5	571	2	874.9709	1	8	0	-1	0	0.2353	-1.0000
5	572	2	876.5042	14	10	0	-1	1	0.2308	0.6818
5	573	2	878.0374	2	1	0	-1	0	0.2308	-1.0000
5	574	2	879.5707	1	8	0	-1	0	0.2308	-1.0000
5	575	2	881.1039	3	11	0	-1	0	0.2308	-1.0000
5	576	2	882.6372	4	6	0	-1	0	0.2308	-1.0000
5	577	2	884.1704	7	2	0	-1	0	0.2308	-1.0000
5	578	2	885.7037	5	4	0	-1	0	0.2308	-1.0000
5	579	2	887.2369	4	6	0	-1	0	0.2308	-1.0000
5	580	2	888.7702	3	11	0	-1	0	0.2308	-1.0000
5	581	2	890.3034	1	8	0	-1	0	0.2308	-1.0000
5	582	2	891.8367	2	1	0	-1	0	0.2308	-1.0000
5	583	2	893.3699	3	11	0	-1	1	0.2264	0.7761
5	584	2	894.9032	4	6	0	-1	0	0.2264	-1.0000
5	585	2	896.4365	7	2	0	-1	0	0.2264	-1.0000
5	586	2	897.9697	6	12	0	-1	1	0.2222	0.9283
5	587	2	899.5030	5	4	0	-1	0	0.2222	-1.0000
5	588	2	901.0362	4	6	0	-1	0	0.2222	-1.0000
5	589	2	902.5695	3	11	0	-1	0	0.2222	-1.0000
5	590	2	904.1027	2	1	0	-1	0	0.2222	-1.0000
5	591	2	905.6360	1	8	0	-1	0	0.2222	-1.0000
5	592	2	907.1692	15	13	0	-1	0	0.2222	-1.0000
5	593	2	908.7025	14	10	0	-1	0	0.2222	-1.0000
5	594	2	910.2357	13	7	0	-1	0	0.2222	-1.0000
5	595	2	911.7690	12	14	0	-1	0	0.2222	-1.0000
5	596	2	913.3022	11	5	0	-1	0	0.2222	-1.0000
5	597	2	914.8355	10	9	0	-1	0	0.2222	-1.0000
5	598	2	916.3687	9	3	0	-1	0	0.2222	-1.0000
5	599	2	917.9020	8	15	0	-1	0	0.2222	-1.0000
5	600	2	919.4352	7	2	0	-1	0	0.2222	-1.0000
Actual parsing ratio
0.2222
Possible node parses
96.0000
 Node parses selected
0.1250
Possible other parses
504.0000
Other parses selected
0.0833
Chance parsing ratio
0.1600
