*********************************************
* Date/Time: 12-Sep-2019 09:07:09
* Seed: 205890.8
* Subject Number: tal
2	1	15	9	8	4	11	7	5	6	14	10	3	12	13	
*********************************************

Shape exposure time (seconds)
83.5053
subject	trial	phase	onset	node	shape	rotate	acc	resp	total	rt
	1	1	1.0168	8	7	0	0	1	0.0000	1.3999
	2	1	2.7334	9	5	90	-1	0	0.0000	-1.0000
	3	1	4.7499	12	10	0	0	1	0.0000	0.9468
	4	1	6.2998	13	3	0	1	1	0.2500	1.0912
	5	1	7.8498	10	6	0	0	1	0.2000	0.9662
	6	1	9.3996	12	10	0	1	1	0.3333	0.8395
	7	1	10.9496	9	5	0	0	1	0.2857	1.0335
	8	1	12.5662	11	14	0	1	1	0.3750	1.3380
	9	1	14.1161	9	5	0	1	1	0.4444	0.8589
	10	1	15.6660	12	10	0	1	1	0.5000	0.7491
	11	1	17.2159	10	6	90	1	1	0.5455	0.8480
	12	1	18.7659	13	3	90	0	1	0.5000	1.0423
	13	1	20.3658	14	12	0	1	1	0.5385	1.1222
	14	1	21.9156	2	1	0	1	1	0.5714	0.7567
	15	1	23.4656	1	2	0	1	1	0.6000	0.5987
	16	1	25.0155	3	15	0	0	1	0.5625	0.5527
	17	1	26.5654	1	2	0	0	1	0.5294	1.0657
	18	1	28.1654	14	12	0	1	1	0.5556	0.8422
	19	1	29.7153	15	13	0	0	1	0.5263	0.9398
	20	1	31.2652	14	12	0	1	1	0.5500	0.8299
	21	1	32.8151	13	3	0	1	1	0.5714	0.5772
	22	1	34.3650	14	12	0	1	1	0.5909	0.6901
	23	1	35.9150	13	3	0	1	1	0.6087	0.6293
	24	1	37.4649	11	14	0	1	1	0.6250	0.7262
	25	1	39.0148	10	6	90	0	1	0.6000	0.9533
	26	1	40.5647	11	14	0	1	1	0.6154	0.8274
	27	1	42.1147	9	5	0	0	1	0.5926	0.6056
	28	1	43.6646	11	14	90	1	1	0.6071	0.7991
	29	1	45.2145	9	5	0	1	1	0.6207	0.5447
	30	1	46.7644	10	6	90	0	1	0.6000	0.6918
	31	1	48.3143	11	14	0	1	1	0.6129	0.6139
	32	1	49.8643	12	10	0	1	1	0.6250	0.6628
	33	1	51.4142	11	14	0	1	1	0.6364	0.7140
	34	1	52.9641	9	5	0	0	1	0.6176	0.8111
	35	1	54.5140	11	14	90	0	1	0.6000	0.9421
	36	1	56.0639	12	10	0	1	1	0.6111	0.7031
	37	1	57.6138	13	3	90	0	1	0.5946	0.7541
	38	1	59.1638	11	14	0	1	1	0.6053	0.7396
	39	1	60.7137	9	5	90	0	1	0.5897	0.9654
	40	1	62.2636	10	6	0	1	1	0.6000	1.2886
	41	1	63.8135	13	3	90	1	1	0.6098	0.6825
	42	1	65.3635	10	6	0	1	1	0.6190	1.1001
	43	1	66.9133	11	14	0	1	1	0.6279	0.8309
	44	1	68.4633	9	5	0	1	1	0.6364	1.4238
	45	1	70.0965	12	10	0	1	1	0.6444	0.8794
	46	1	71.6464	13	3	0	1	1	0.6522	0.6258
	47	1	73.1964	10	6	0	0	1	0.6383	0.8028
	48	1	74.7463	12	10	0	1	1	0.6458	0.8689
	49	1	76.2962	11	14	0	1	1	0.6531	0.7920
	50	1	77.8461	9	5	0	0	1	0.6400	0.7142
	51	1	79.3960	12	10	0	1	1	0.6471	0.6354
	52	1	80.9460	13	3	90	0	1	0.6346	0.7652
	53	1	82.4959	10	6	0	1	1	0.6415	0.9112
	54	1	84.0458	9	5	0	0	1	0.6296	0.7862
	55	1	85.5957	11	14	0	1	1	0.6364	0.9474
	56	1	87.1456	9	5	0	1	1	0.6429	0.8855
	57	1	88.6956	12	10	0	1	1	0.6491	1.1116
	58	1	90.2455	10	6	90	1	1	0.6552	0.9547
	59	1	91.7954	11	14	0	1	1	0.6610	0.5877
	60	1	93.3453	13	3	0	1	1	0.6667	0.8953
	61	1	94.8953	12	10	90	0	1	0.6557	1.0570
	62	1	96.5285	10	6	90	0	1	0.6452	0.7835
	63	1	98.0784	11	14	0	1	1	0.6508	1.2178
	64	1	99.6283	13	3	0	1	1	0.6563	0.9798
	65	1	101.1783	11	14	0	1	1	0.6615	0.6129
	66	1	102.7281	13	3	90	1	1	0.6667	0.8390
	67	1	104.2781	12	10	0	1	1	0.6716	0.7302
	68	1	105.8280	11	14	0	1	1	0.6765	0.8431
	69	1	107.3779	9	5	90	1	1	0.6812	0.7022
	70	1	108.9279	12	10	90	0	1	0.6714	0.7992
	71	1	110.4778	10	6	0	1	1	0.6761	0.6745
	72	1	112.0277	9	5	0	0	1	0.6667	1.1394
	73	1	113.7109	11	14	0	1	1	0.6712	0.8011
	74	1	115.2609	9	5	0	1	1	0.6757	0.6756
	75	1	116.8108	12	10	0	1	1	0.6800	0.7884
	76	1	118.3607	13	3	90	0	1	0.6711	0.8064
	77	1	119.9106	11	14	0	1	1	0.6753	0.7925
	78	1	121.4605	9	5	90	0	1	0.6667	0.9402
	79	1	123.0105	8	7	0	0	1	0.6582	1.1339
	80	1	124.6604	9	5	90	0	1	0.6500	0.7628
	81	1	126.2102	10	6	90	0	1	0.6420	0.8944
	82	1	127.7602	9	5	0	1	1	0.6463	0.8469
	83	1	129.3101	12	10	0	-1	0	0.6386	-1.0000
	84	1	131.3434	9	5	90	0	1	0.6310	1.4717
	85	1	133.3933	8	7	0	1	1	0.6353	0.8138
	86	1	134.9432	6	4	0	1	1	0.6395	0.9450
	87	1	136.4931	7	11	0	0	1	0.6322	1.1557
	88	1	138.2263	8	7	0	1	1	0.6364	0.7008
	89	1	139.7762	7	11	0	1	1	0.6404	1.0550
	90	1	141.3262	8	7	0	0	1	0.6333	0.8980
	91	1	142.8761	7	11	0	1	1	0.6374	0.7079
	92	1	144.4260	5	8	0	1	1	0.6413	0.8862
	93	1	145.9759	6	4	0	1	1	0.6452	0.7432
	94	1	147.5259	5	8	90	0	1	0.6383	0.6344
	95	1	149.0758	4	9	0	1	1	0.6421	0.7313
	96	1	150.6257	7	11	0	1	1	0.6458	0.7985
	97	1	152.1756	8	7	0	0	1	0.6392	0.9915
	98	1	153.7422	7	11	0	1	1	0.6429	0.6089
	99	1	155.2921	6	4	0	1	1	0.6465	0.7552
	100	1	156.8421	5	8	0	1	1	0.6500	0.7097
	101	1	158.3920	7	11	0	1	1	0.6535	0.7595
	102	1	159.9419	6	4	0	1	1	0.6569	0.8262
	103	1	161.4918	4	9	0	1	1	0.6602	0.8765
	104	1	163.0417	7	11	90	0	1	0.6538	1.2463
	105	1	164.7916	5	8	0	1	1	0.6571	1.3688
	106	1	166.3416	4	9	0	1	1	0.6604	0.8746
	107	1	167.8915	3	15	0	1	1	0.6636	0.9086
	108	1	169.4413	4	9	0	1	1	0.6667	0.6551
	109	1	170.9913	5	8	0	1	1	0.6697	0.9451
	110	1	172.5412	4	9	0	1	1	0.6727	0.9149
	111	1	174.0912	7	11	0	0	1	0.6667	1.3161
	112	1	175.9410	6	4	0	1	1	0.6696	0.7153
	113	1	177.4909	4	9	0	1	1	0.6726	0.7812
	114	1	179.0409	5	8	0	1	1	0.6754	0.6222
	115	1	180.5908	4	9	0	1	1	0.6783	0.8653
	116	1	182.1407	6	4	0	1	1	0.6810	0.8364
	117	1	183.6906	7	11	90	0	1	0.6752	0.6463
	118	1	185.2406	4	9	0	1	1	0.6780	0.8076
	119	1	186.7905	7	11	0	1	1	0.6807	1.2898
	120	1	188.3404	8	7	0	0	1	0.6750	1.2758
	121	1	190.1570	7	11	0	0	1	0.6694	1.1390
	122	1	191.8236	5	8	0	1	1	0.6721	0.8485
	123	1	193.3735	8	7	0	1	1	0.6748	0.7069
	124	1	194.9234	6	4	90	0	1	0.6694	0.7409
	125	1	196.4733	4	9	0	1	1	0.6720	0.9831
	126	1	198.0233	5	8	0	0	1	0.6667	0.9848
	127	1	199.5732	8	7	0	1	1	0.6693	1.0668
	128	1	201.1231	6	4	0	1	1	0.6719	1.3250
	129	1	202.6730	5	8	0	1	1	0.6744	1.2153
	130	1	204.2229	6	4	0	1	1	0.6769	0.7853
	131	1	205.7728	5	8	90	1	1	0.6794	0.8344
	132	1	207.3227	4	9	0	1	1	0.6818	0.6616
	133	1	208.8727	6	4	90	1	1	0.6842	0.6474
	134	1	210.4226	5	8	90	1	1	0.6866	0.8737
	135	1	211.9725	4	9	0	1	1	0.6889	0.8106
	136	1	213.5224	5	8	0	0	1	0.6838	0.7499
	137	1	215.0724	6	4	0	1	1	0.6861	0.6708
	138	1	216.6222	5	8	0	0	1	0.6812	0.7861
	139	1	218.1722	4	9	0	1	1	0.6835	0.6910
	140	1	219.7221	3	15	0	0	1	0.6786	0.8691
	141	1	221.2720	1	2	0	1	1	0.6809	0.8240
	142	1	222.8219	2	1	0	1	1	0.6831	0.7625
	143	1	224.3719	15	13	0	0	1	0.6783	0.8763
	144	1	225.9218	2	1	0	1	1	0.6806	0.7815
	145	1	227.4717	1	2	90	0	1	0.6759	0.7514
	146	1	229.0217	14	12	0	0	1	0.6712	1.0416
	147	1	230.6382	15	13	0	1	1	0.6735	0.6420
	148	1	232.1882	1	2	0	1	1	0.6757	0.6599
	149	1	233.7381	3	15	0	1	1	0.6779	0.6940
	150	1	235.2879	15	13	90	0	1	0.6733	0.6003
	151	1	236.8379	14	12	0	1	1	0.6755	0.5383
	152	1	238.3878	1	2	0	1	1	0.6776	0.4924
	153	1	239.9378	2	1	90	0	1	0.6732	0.5254
	154	1	241.4877	1	2	0	1	1	0.6753	0.8006
	155	1	243.0376	14	12	90	1	1	0.6774	0.8498
	156	1	244.5875	2	1	0	0	1	0.6731	0.8849
	157	1	246.1374	14	12	90	0	1	0.6688	0.6308
	158	1	247.6873	2	1	90	0	1	0.6646	0.5843
	159	1	249.2373	15	13	0	1	1	0.6667	0.7461
	160	1	250.7872	14	12	0	0	1	0.6625	0.7965
	161	1	252.3371	15	13	90	0	1	0.6584	0.5421
	162	1	253.8871	14	12	0	0	1	0.6543	0.8010
	163	1	255.4370	13	3	0	1	1	0.6564	1.0594
	164	1	256.9869	14	12	0	1	1	0.6585	0.5812
	165	1	258.5368	1	2	0	1	1	0.6606	0.5675
	166	1	260.0867	14	12	90	0	1	0.6566	0.6012
	167	1	261.6366	1	2	0	-1	0	0.6527	-1.0000
	168	1	263.6865	2	1	0	-1	0	0.6488	-1.0000
	169	1	265.7364	15	13	0	0	1	0.6450	1.0633
	170	1	267.3364	1	2	90	0	1	0.6412	0.5677
	171	1	268.8863	2	1	0	1	1	0.6433	0.6169
	172	1	270.4362	15	13	0	1	1	0.6453	0.9555
	173	1	271.9861	14	12	0	1	1	0.6474	0.9903
	174	1	273.5360	2	1	0	1	1	0.6494	1.0233
	175	1	275.0859	1	2	0	0	1	0.6457	1.0093
	176	1	276.6359	15	13	90	0	1	0.6420	0.7087
	177	1	278.1858	1	2	90	0	1	0.6384	1.2375
	178	1	279.9690	15	13	0	0	1	0.6348	0.8633
	179	1	281.5189	2	1	0	1	1	0.6369	1.1691
	180	1	283.0689	1	2	0	0	1	0.6333	1.1074
	181	1	284.7021	3	15	0	1	1	0.6354	0.7382
	182	1	286.2520	4	9	90	0	1	0.6319	0.7552
	183	1	287.8020	7	11	0	-1	0	0.6284	-1.0000
	184	1	289.8851	8	7	0	1	1	0.6304	1.4271
	185	1	291.5184	5	8	0	1	1	0.6324	0.7391
	186	1	293.0684	6	4	90	0	1	0.6290	0.9479
	187	1	294.6182	8	7	0	0	1	0.6257	0.7742
	188	1	296.1682	7	11	90	0	1	0.6223	0.4390
	189	1	297.7181	5	8	90	0	1	0.6190	0.6032
	190	1	299.2680	8	7	0	-1	0	0.6158	-1.0000
	191	1	301.3179	5	8	90	0	1	0.6126	0.9701
	192	1	302.8678	8	7	0	-1	0	0.6094	-1.0000
	193	1	304.9344	5	8	0	-1	0	0.6062	-1.0000
	194	1	306.9843	4	9	90	1	1	0.6082	1.0802
	195	1	308.5342	6	4	90	1	1	0.6103	0.7451
	196	1	310.0841	5	8	90	1	1	0.6122	1.0671
	197	1	311.6340	7	11	0	0	1	0.6091	1.2299
	198	1	313.4006	8	7	0	1	1	0.6111	1.0787
	199	1	314.9505	6	4	0	1	1	0.6131	0.7768
	200	1	316.5005	8	7	0	0	1	0.6100	0.6999
	201	1	318.0504	6	4	0	1	1	0.6119	0.6697
	202	1	319.6003	5	8	0	1	1	0.6139	0.9120
	203	1	321.1502	4	9	0	1	1	0.6158	0.6101
	204	1	322.7001	7	11	0	1	1	0.6176	0.8200
	205	1	324.2500	4	9	90	0	1	0.6146	0.5982
	206	1	325.8000	7	11	90	0	1	0.6117	0.8083
	207	1	327.3499	4	9	0	1	1	0.6135	1.3226
	208	1	328.8998	3	15	90	0	1	0.6106	0.8114
	209	1	330.4497	1	2	0	1	1	0.6124	0.6863
	210	1	331.9997	2	1	0	1	1	0.6143	1.3116
	211	1	333.5496	14	12	0	-1	0	0.6114	-1.0000
	212	1	335.5828	15	13	0	-1	0	0.6085	-1.0000
	213	1	337.6327	2	1	90	0	1	0.6056	0.4956
	214	1	339.1826	14	12	90	0	1	0.6028	0.7221
	215	1	340.7326	13	3	0	0	1	0.6000	0.7556
	216	1	342.2824	10	6	0	1	1	0.6019	0.7272
	217	1	343.8323	13	3	0	1	1	0.6037	0.8716
	218	1	345.3823	12	10	0	1	1	0.6055	0.6662
	219	1	346.9322	10	6	0	1	1	0.6073	1.2918
	220	1	348.4821	13	3	0	1	1	0.6091	1.2780
	221	1	350.0321	14	12	90	0	1	0.6063	0.6881
	222	1	351.5820	1	2	0	0	1	0.6036	1.0584
	223	1	353.1486	14	12	0	1	1	0.6054	0.5164
	224	1	354.6985	1	2	0	1	1	0.6071	0.6137
	225	1	356.2484	3	15	0	1	1	0.6089	0.6641
	226	1	357.7983	4	9	0	1	1	0.6106	0.9058
	227	1	359.3482	3	15	0	-1	0	0.6079	-1.0000
	228	1	361.3981	1	2	0	0	1	0.6053	1.0340
	229	1	362.9981	14	12	0	1	1	0.6070	1.2412
	230	1	364.5480	13	3	0	-1	0	0.6043	-1.0000
	231	1	366.5979	11	14	0	0	1	0.6017	0.5535
	232	1	368.1478	9	5	0	1	1	0.6034	0.9885
	233	1	369.6977	12	10	0	1	1	0.6052	0.7495
	234	1	371.2476	10	6	0	-1	0	0.6026	-1.0000
	235	1	373.2975	12	10	90	-1	0	0.6000	-1.0000
	236	1	375.3308	13	3	0	1	1	0.6017	0.6055
	237	1	376.8807	12	10	0	0	1	0.5992	0.8637
	238	1	378.4306	10	6	0	1	1	0.6008	1.2008
	239	1	379.9805	12	10	0	1	1	0.6025	0.9148
	240	1	381.5304	10	6	0	1	1	0.6042	0.6128
	241	1	383.0804	11	14	0	0	1	0.6017	1.1764
	242	1	384.8303	10	6	0	1	1	0.6033	0.4978
	243	1	386.3802	12	10	0	1	1	0.6049	0.8672
	244	1	387.9301	13	3	0	0	1	0.6025	0.8864
	245	1	389.4800	12	10	0	1	1	0.6041	0.4872
	246	1	391.0299	11	14	90	1	1	0.6057	1.1624
	247	1	392.5798	10	6	0	1	1	0.6073	0.8275
	248	1	394.1297	12	10	90	0	1	0.6048	0.5585
	249	1	395.6797	10	6	0	1	1	0.6064	0.7207
	250	1	397.2296	9	5	0	0	1	0.6040	0.7707
	251	1	398.7795	10	6	0	1	1	0.6056	0.2926
	252	1	400.3295	12	10	0	1	1	0.6071	0.8552
	253	1	401.8794	13	3	0	1	1	0.6087	1.3049
	254	1	403.4293	14	12	90	-1	0	0.6063	-1.0000
	255	1	405.5291	15	13	0	-1	0	0.6039	-1.0000
	256	1	407.5624	3	15	0	0	1	0.6016	1.1419
	257	1	409.2457	2	1	0	1	1	0.6031	0.7536
	258	1	410.7956	14	12	0	1	1	0.6047	1.0447
	259	1	412.3455	1	2	0	1	1	0.6062	0.7579
	260	1	413.8954	2	1	0	1	1	0.6077	0.7447
	261	1	415.4453	14	12	0	1	1	0.6092	0.7310
	262	1	416.9953	2	1	0	1	1	0.6107	0.6840
	263	1	418.5452	3	15	0	1	1	0.6122	0.8785
	264	1	420.0951	2	1	0	1	1	0.6136	0.5772
	265	1	421.6450	15	13	0	0	1	0.6113	0.8672
	266	1	423.1949	1	2	90	0	1	0.6090	0.6446
	267	1	424.7449	15	13	0	1	1	0.6105	1.1113
	268	1	426.2948	14	12	0	1	1	0.6119	0.7925
	269	1	427.8447	2	1	90	0	1	0.6097	1.0997
	270	1	429.4946	3	15	0	0	1	0.6074	0.7618
	271	1	431.0445	4	9	0	1	1	0.6089	0.6837
	272	1	432.5945	3	15	0	1	1	0.6103	0.8928
	273	1	434.1444	4	9	0	1	1	0.6117	0.8002
	274	1	435.6943	6	4	0	1	1	0.6131	0.9770
	275	1	437.2442	8	7	0	1	1	0.6145	0.8681
	276	1	438.7941	6	4	0	1	1	0.6159	0.5503
	277	1	440.3441	7	11	0	1	1	0.6173	0.7919
	278	1	441.8940	4	9	0	1	1	0.6187	0.6664
	279	1	443.4439	7	11	90	0	1	0.6165	0.5394
	280	1	444.9938	8	7	0	1	1	0.6179	0.6375
	281	1	446.5437	6	4	0	1	1	0.6192	0.6569
	282	1	448.0937	8	7	0	1	1	0.6206	0.6748
	283	1	449.6436	5	8	0	1	1	0.6219	0.6770
	284	1	451.1935	8	7	90	0	1	0.6197	0.7098
	285	1	452.7434	5	8	90	1	1	0.6211	0.9839
	286	1	454.2934	6	4	0	1	1	0.6224	0.9230
	287	1	455.8432	4	9	90	0	1	0.6202	0.6688
	288	1	457.3932	7	11	0	1	1	0.6215	0.8622
	289	1	458.9431	6	4	0	1	1	0.6228	0.7854
	290	1	460.4930	8	7	90	0	1	0.6207	0.7223
	291	1	462.0429	6	4	0	1	1	0.6220	0.8695
	292	1	463.5928	4	9	0	1	1	0.6233	0.8076
	293	1	465.1428	5	8	0	1	1	0.6246	0.6166
	294	1	466.6927	8	7	0	0	1	0.6224	0.7638
	295	1	468.2426	7	11	90	0	1	0.6203	0.4927
	296	1	469.7925	5	8	0	1	1	0.6216	0.7347
	297	1	471.3425	8	7	0	1	1	0.6229	0.7221
	298	1	472.8923	5	8	0	1	1	0.6242	0.5640
	299	1	474.4423	4	9	0	1	1	0.6254	0.7090
	300	1	475.9922	3	15	0	1	1	0.6267	0.5362
	301	1	477.5421	1	2	0	1	1	0.6279	0.6652
	302	1	479.0920	14	12	0	1	1	0.6291	0.5553
	303	1	480.6419	2	1	0	1	1	0.6304	0.6385
	304	1	482.1919	14	12	0	1	1	0.6316	0.4485
	305	1	483.7418	2	1	90	0	1	0.6295	0.7709
	306	1	485.2917	1	2	0	1	1	0.6307	0.9955
	307	1	486.8417	14	12	0	1	1	0.6319	0.6305
	308	1	488.3916	2	1	0	1	1	0.6331	0.5677
	309	1	489.9415	14	12	0	1	1	0.6343	0.6831
	310	1	491.4914	15	13	90	0	1	0.6323	0.7491
	311	1	493.0413	1	2	90	0	1	0.6302	0.7351
	312	1	494.5912	3	15	0	1	1	0.6314	0.7692
	313	1	496.1412	4	9	0	1	1	0.6326	0.9792
	314	1	497.6911	7	11	0	1	1	0.6338	0.9323
	315	1	499.2410	4	9	0	1	1	0.6349	0.6463
	316	1	500.7909	3	15	0	1	1	0.6361	0.7765
	317	1	502.3408	2	1	0	1	1	0.6372	0.6838
	318	1	503.8908	1	2	90	0	1	0.6352	0.4125
	319	1	505.4407	14	12	90	0	1	0.6332	0.4626
	320	1	506.9906	13	3	0	1	1	0.6344	0.5137
	321	1	508.5405	11	14	0	1	1	0.6355	0.5958
	322	1	510.0904	13	3	90	0	1	0.6335	0.5651
	323	1	511.6404	12	10	90	0	1	0.6316	1.0320
	324	1	513.1902	11	14	0	1	1	0.6327	0.8102
	325	1	514.7402	13	3	0	1	1	0.6338	0.5231
	326	1	516.2901	11	14	90	0	1	0.6319	0.5423
	327	1	517.8400	9	5	0	1	1	0.6330	0.6079
	328	1	519.3900	12	10	90	0	1	0.6311	0.5302
	329	1	520.9399	9	5	0	1	1	0.6322	0.5642
	330	1	522.4898	10	6	0	1	1	0.6333	0.9987
	331	1	524.0397	9	5	0	1	1	0.6344	0.6329
	332	1	525.5897	11	14	0	1	1	0.6355	0.3937
	333	1	527.1395	10	6	90	0	1	0.6336	0.3650
	334	1	528.6895	9	5	0	1	1	0.6347	0.3019
	335	1	530.2394	8	7	0	1	1	0.6358	0.4331
	336	1	531.7893	5	8	0	1	1	0.6369	0.2581
	337	1	533.3392	4	9	0	1	1	0.6380	0.2289
	338	1	534.8891	3	15	0	1	1	0.6391	0.2782
	339	1	536.4391	15	13	0	1	1	0.6401	0.5053
	340	1	537.9890	14	12	0	1	1	0.6412	0.5874
	341	1	539.5389	13	3	0	1	1	0.6422	0.4453
	342	1	541.0888	12	10	90	0	1	0.6404	0.4946
	343	1	542.6388	13	3	0	-1	0	0.6385	-1.0000
	344	1	544.7387	14	12	0	1	1	0.6395	1.2776
	345	1	546.2886	13	3	0	1	1	0.6406	0.4799
	346	1	547.8385	14	12	0	1	1	0.6416	0.4819
	347	1	549.3884	15	13	0	1	1	0.6427	0.2762
	348	1	550.9383	14	12	90	0	1	0.6408	0.2942
	349	1	552.4882	2	1	0	1	1	0.6418	0.4243
	350	1	554.0382	15	13	90	0	1	0.6400	0.6183
	351	1	555.5881	1	2	0	0	1	0.6382	0.9084
	352	1	557.1380	3	15	0	1	1	0.6392	0.5093
	353	1	558.6879	2	1	0	1	1	0.6402	0.6084
	354	1	560.2379	14	12	0	1	1	0.6412	0.3867
	355	1	561.7878	15	13	0	1	1	0.6423	0.4699
	356	1	563.3377	14	12	0	1	1	0.6433	0.3746
	357	1	564.8876	15	13	0	1	1	0.6443	0.3278
	358	1	566.4375	1	2	0	1	1	0.6453	0.6349
	359	1	567.9874	3	15	0	1	1	0.6462	0.6209
	360	1	569.5374	15	13	90	0	1	0.6444	0.5900
	361	1	571.0872	1	2	90	0	1	0.6427	0.3052
	362	1	572.6372	2	1	0	1	1	0.6436	0.4512
	363	1	574.1871	15	13	0	1	1	0.6446	0.4203
	364	1	575.7370	2	1	0	1	1	0.6456	0.4552
	365	1	577.2869	3	15	0	1	1	0.6466	0.5218
	366	1	578.8369	2	1	0	1	1	0.6475	0.2837
	367	1	580.3868	1	2	0	1	1	0.6485	0.3655
	368	1	581.9367	15	13	0	1	1	0.6495	0.4157
	369	1	583.4866	1	2	0	1	1	0.6504	0.2407
	370	1	585.0366	3	15	0	1	1	0.6514	0.4677
	371	1	586.5865	1	2	90	0	1	0.6496	0.2455
	372	1	588.1364	15	13	0	1	1	0.6505	0.2790
	373	1	589.6863	3	15	90	0	1	0.6488	0.2985
	374	1	591.2362	1	2	0	1	1	0.6497	0.2678
	375	1	592.7861	15	13	0	1	1	0.6507	0.5102
	376	1	594.3360	1	2	90	0	1	0.6489	0.4155
	377	1	595.8860	15	13	0	1	1	0.6499	0.3065
	378	1	597.4359	1	2	0	1	1	0.6508	0.2925
	379	1	598.9859	3	15	0	1	1	0.6517	0.3264
	380	1	600.5358	1	2	0	1	1	0.6526	0.3292
	381	1	602.0857	2	1	0	1	1	0.6535	0.2986
	382	1	603.6356	15	13	90	0	1	0.6518	0.2529
	383	1	605.1855	3	15	0	1	1	0.6527	0.2553
	384	1	606.7354	2	1	0	1	1	0.6536	0.6081
	385	1	608.2854	15	13	90	0	1	0.6519	0.4989
	386	1	609.8353	3	15	90	0	1	0.6503	0.6122
	387	1	611.3852	1	2	0	1	1	0.6512	1.1113
	388	1	612.9351	2	1	0	1	1	0.6521	0.9533
	389	1	614.4850	3	15	0	1	1	0.6530	0.4276
	390	1	616.0349	15	13	0	1	1	0.6538	0.3805
	391	1	617.5849	2	1	0	1	1	0.6547	0.4157
	392	1	619.1348	1	2	0	1	1	0.6556	0.3856
	393	1	620.6847	14	12	90	0	1	0.6539	0.4347
	394	1	622.2346	2	1	90	0	1	0.6523	0.4538
	395	1	623.7846	1	2	0	0	1	0.6506	0.8399
	396	1	625.3345	15	13	0	1	1	0.6515	0.7780
	397	1	626.8844	14	12	0	1	1	0.6524	0.9711
	398	1	628.4343	1	2	90	0	1	0.6508	0.7021
	399	1	629.9842	3	15	0	1	1	0.6516	0.8151
	400	1	631.5342	4	9	0	1	1	0.6525	1.0103
	401	1	633.0841	3	15	0	1	1	0.6534	0.7404
	402	1	634.6340	2	1	0	1	1	0.6542	0.6784
	403	1	636.1839	14	12	0	1	1	0.6551	0.8397
	404	1	637.7338	2	1	0	1	1	0.6559	0.5068
	405	1	639.2837	15	13	0	0	1	0.6543	0.7478
	406	1	640.8337	3	15	0	1	1	0.6552	0.7189
	407	1	642.3836	15	13	0	1	1	0.6560	0.6248
	408	1	643.9335	1	2	0	1	1	0.6569	0.8991
	409	1	645.4834	15	13	0	1	1	0.6577	0.5000
	410	1	647.0334	2	1	0	1	1	0.6585	0.5511
	411	1	648.5832	14	12	0	1	1	0.6594	0.7282
	412	1	650.1332	1	2	0	1	1	0.6602	0.5863
	413	1	651.6831	3	15	90	0	1	0.6586	0.4283
	414	1	653.2331	4	9	90	0	1	0.6570	0.7194
	415	1	654.7829	3	15	90	0	1	0.6554	0.6737
	416	1	656.3329	15	13	90	0	1	0.6538	0.5957
	417	1	657.8828	14	12	0	1	1	0.6547	0.8375
	418	1	659.4327	2	1	0	1	1	0.6555	0.5827
	419	1	660.9826	1	2	0	0	1	0.6539	0.8248
	420	1	662.5325	3	15	0	1	1	0.6548	1.2276
	421	1	664.0825	15	13	0	1	1	0.6556	0.7662
	422	1	665.6323	14	12	0	1	1	0.6564	0.5441
	423	1	667.1823	13	3	90	0	1	0.6548	0.4183
	424	1	668.7322	11	14	0	1	1	0.6557	0.7081
	425	1	670.2822	10	6	0	0	1	0.6541	1.0623
	426	1	671.9153	13	3	0	1	1	0.6549	0.5332
	427	1	673.4652	12	10	90	0	1	0.6534	0.7434
	428	1	675.0152	9	5	90	0	1	0.6519	0.7122
	429	1	676.5652	8	7	0	1	1	0.6527	0.7310
	430	1	678.1151	9	5	0	1	1	0.6535	0.7003
	431	1	679.6650	11	14	0	1	1	0.6543	0.8157
	432	1	681.2149	13	3	0	1	1	0.6551	0.6405
	433	1	682.7648	12	10	0	1	1	0.6559	0.4354
	434	1	684.3148	10	6	0	1	1	0.6567	0.5648
	435	1	685.8647	13	3	0	1	1	0.6575	0.6799
	436	1	687.4146	12	10	0	0	1	0.6560	0.7139
	437	1	688.9645	13	3	0	1	1	0.6568	0.5080
	438	1	690.5144	14	12	0	1	1	0.6575	0.5423
	439	1	692.0644	1	2	0	1	1	0.6583	0.3672
	440	1	693.6142	15	13	0	1	1	0.6591	0.6734
	441	1	695.1642	1	2	0	1	1	0.6599	0.9322
	442	1	696.7141	15	13	90	0	1	0.6584	0.7104
	443	1	698.2641	2	1	0	1	1	0.6591	0.6962
	444	1	699.8140	15	13	0	1	1	0.6599	0.6511
	445	1	701.3639	14	12	0	1	1	0.6607	0.7167
	446	1	702.9138	1	2	90	0	1	0.6592	0.8147
	447	1	704.4637	15	13	0	1	1	0.6600	0.6730
	448	1	706.0136	1	2	0	1	1	0.6607	0.6430
	449	1	707.5636	2	1	0	1	1	0.6615	0.6119
	450	1	709.1135	14	12	0	1	1	0.6622	0.6633
	451	1	710.6634	1	2	0	1	1	0.6630	0.8250
	452	1	712.2133	3	15	0	0	1	0.6615	0.9872
	453	1	713.7633	2	1	0	1	1	0.6623	0.5882
	454	1	715.3131	1	2	0	1	1	0.6630	0.7357
	455	1	716.8631	14	12	90	1	1	0.6637	0.9133
	456	1	718.4130	2	1	0	1	1	0.6645	0.6755
	457	1	719.9629	1	2	0	1	1	0.6652	0.6132
	458	1	721.5127	14	12	0	1	1	0.6659	0.8068
	459	1	723.0627	13	3	0	1	1	0.6667	0.5058
	460	1	724.6126	11	14	0	1	1	0.6674	0.6352
	461	1	726.1625	12	10	0	0	1	0.6659	0.7981
	462	1	727.7124	9	5	0	1	1	0.6667	0.3833
	463	1	729.2624	11	14	0	1	1	0.6674	0.5141
	464	1	730.8123	9	5	0	1	1	0.6681	0.5322
	465	1	732.3623	11	14	0	1	1	0.6688	0.5502
	466	1	733.9122	9	5	90	0	1	0.6674	0.2804
	467	1	735.4621	12	10	0	1	1	0.6681	0.4103
	468	1	737.0120	10	6	0	1	1	0.6688	0.6855
	469	1	738.5619	11	14	0	1	1	0.6695	0.7975
	470	1	740.1119	13	3	0	1	1	0.6702	0.5607
	471	1	741.6618	12	10	0	1	1	0.6709	0.3224
	472	1	743.2117	11	14	0	1	1	0.6716	0.2609
	473	1	744.7616	13	3	0	1	1	0.6723	0.3112
	474	1	746.3115	14	12	0	1	1	0.6730	0.3290
	475	1	747.8615	13	3	0	1	1	0.6737	0.5871
	476	1	749.4114	12	10	90	0	1	0.6723	0.3480
	477	1	750.9613	13	3	90	1	1	0.6730	0.7350
	478	1	752.5112	10	6	0	1	1	0.6736	0.3855
	479	1	754.0611	13	3	0	1	1	0.6743	0.7544
	480	1	755.6110	14	12	0	1	1	0.6750	0.6935
	481	1	757.1610	1	2	0	1	1	0.6757	0.5201
	482	1	758.7109	15	13	0	1	1	0.6763	0.4896
	483	1	760.2608	1	2	0	1	1	0.6770	0.2998
	484	1	761.8107	2	1	0	1	1	0.6777	0.2847
	485	1	763.3607	3	15	0	1	1	0.6784	0.4800
	486	1	764.9105	4	9	0	1	1	0.6790	0.2730
	487	1	766.4605	3	15	0	1	1	0.6797	0.5327
	488	1	768.0104	4	9	0	1	1	0.6803	0.3266
	489	1	769.5603	5	8	90	0	1	0.6789	0.2487
	490	1	771.1103	4	9	90	0	1	0.6776	0.4252
	491	1	772.6602	3	15	0	1	1	0.6782	0.5233
	492	1	774.2101	4	9	0	1	1	0.6789	0.3814
	493	1	775.7600	3	15	0	1	1	0.6795	0.2724
	494	1	777.3099	1	2	90	0	1	0.6781	0.3701
	495	1	778.8599	15	13	0	1	1	0.6788	0.4356
	496	1	780.4098	3	15	90	0	1	0.6774	0.3586
	497	1	781.9597	4	9	0	1	1	0.6781	0.2809
	498	1	783.5096	5	8	90	0	1	0.6767	0.2512
	499	1	785.0595	4	9	0	1	1	0.6774	0.5743
	500	1	786.6095	3	15	0	0	1	0.6760	0.6708
	501	1	788.1594	15	13	0	1	1	0.6766	0.5922
	502	1	789.7093	2	1	90	0	1	0.6753	0.6270
	503	1	791.2592	15	13	90	0	1	0.6740	0.5483
	504	1	792.8092	14	12	90	0	1	0.6726	0.4874
	505	1	794.3590	15	13	0	1	1	0.6733	0.8735
	506	1	795.9090	2	1	0	1	1	0.6739	0.7159
	507	1	797.4589	1	2	0	0	1	0.6726	0.6696
	508	1	799.0088	3	15	0	1	1	0.6732	0.5427
	509	1	800.5587	1	2	0	1	1	0.6739	0.4986
	510	1	802.1086	2	1	0	1	1	0.6745	0.6109
	511	1	803.6585	1	2	0	1	1	0.6751	0.5180
	512	1	805.2085	14	12	0	1	1	0.6758	0.2959
	513	1	806.7584	15	13	0	1	1	0.6764	0.2821
	514	1	808.3083	2	1	0	1	1	0.6770	0.3152
	515	1	809.8583	3	15	90	0	1	0.6757	0.2861
	516	1	811.4082	4	9	0	1	1	0.6764	0.3523
	517	1	812.9581	3	15	90	1	1	0.6770	0.7066
	518	1	814.5080	2	1	90	1	1	0.6776	0.7408
	519	1	816.0579	14	12	0	1	1	0.6782	0.6617
	520	1	817.6079	15	13	0	1	1	0.6788	0.5677
	521	1	819.1578	14	12	90	0	1	0.6775	0.2508
	522	1	820.7077	13	3	0	1	1	0.6782	0.5878
	523	1	822.2576	14	12	0	1	1	0.6788	0.2388
	524	1	823.8075	1	2	0	1	1	0.6794	0.2570
	525	1	825.3575	2	1	0	1	1	0.6800	0.3701
	526	1	826.9073	3	15	0	1	1	0.6806	0.3091
	527	1	828.4573	1	2	0	1	1	0.6812	0.2953
	528	1	830.0072	3	15	0	1	1	0.6818	0.2333
	529	1	831.5571	15	13	0	1	1	0.6824	0.2515
	530	1	833.1070	14	12	0	1	1	0.6830	0.1576
	531	1	834.6570	2	1	0	1	1	0.6836	0.2237
	532	1	836.2069	15	13	0	1	1	0.6842	0.3848
	533	1	837.7568	2	1	90	0	1	0.6829	0.2748
	534	1	839.3067	15	13	0	1	1	0.6835	1.3968
	535	1	840.8899	14	12	0	1	1	0.6841	0.8077
	536	1	842.4399	2	1	0	1	1	0.6847	0.4245
	537	1	843.9898	14	12	90	0	1	0.6834	0.6668
	538	1	845.5397	13	3	0	1	1	0.6840	0.3798
	539	1	847.0897	11	14	0	1	1	0.6846	0.5739
	540	1	848.6396	13	3	0	1	1	0.6852	0.5928
	541	1	850.1895	10	6	90	0	1	0.6839	0.9626
	542	1	851.7394	9	5	0	1	1	0.6845	0.7721
	543	1	853.2893	11	14	0	1	1	0.6851	0.6954
	544	1	854.8393	12	10	0	0	1	0.6838	0.9203
	545	1	856.3892	13	3	90	1	1	0.6844	1.0343
	546	1	857.9391	12	10	90	0	1	0.6832	0.8124
	547	1	859.4890	11	14	0	1	1	0.6837	0.8476
	548	1	861.0389	10	6	0	1	1	0.6843	0.7218
	549	1	862.5889	11	14	90	0	1	0.6831	0.9308
	550	1	864.1388	12	10	0	1	1	0.6836	1.1576
	551	1	865.6887	9	5	0	1	1	0.6842	0.6483
	552	1	867.2386	11	14	0	1	1	0.6848	0.8091
	553	1	868.7885	10	6	0	1	1	0.6854	0.7950
	554	1	870.3385	12	10	90	0	1	0.6841	0.6852
	555	1	871.8884	13	3	0	1	1	0.6847	0.8792
	556	1	873.4383	12	10	0	0	1	0.6835	0.7693
	557	1	874.9882	11	14	0	1	1	0.6840	0.8514
	558	1	876.5381	13	3	0	1	1	0.6846	0.8534
	559	1	878.0880	11	14	0	1	1	0.6852	0.6155
	560	1	879.6380	10	6	0	1	1	0.6857	0.5855
	561	1	881.1879	11	14	0	1	1	0.6863	0.8285
	562	1	882.7378	9	5	0	1	1	0.6868	0.8149
	563	1	884.2877	12	10	0	1	1	0.6874	1.2478
	564	1	885.8377	11	14	0	1	1	0.6879	0.8190
	565	1	887.3876	10	6	90	0	1	0.6867	0.5807
	566	1	888.9375	9	5	0	1	1	0.6873	0.8550
	567	1	890.4874	8	7	0	1	1	0.6878	0.5692
	568	1	892.0373	9	5	0	1	1	0.6884	0.4742
	569	1	893.5872	11	14	0	1	1	0.6889	0.4764
	570	1	895.1372	13	3	0	1	1	0.6895	0.6716
	571	1	896.6871	11	14	90	1	1	0.6900	1.2657
	572	1	898.2370	9	5	0	1	1	0.6906	0.7085
	573	1	899.7869	12	10	0	1	1	0.6911	0.9336
	574	1	901.3368	10	6	0	1	1	0.6916	0.6798
	575	1	902.8867	9	5	0	1	1	0.6922	0.7139
	576	1	904.4367	12	10	0	1	1	0.6927	0.7960
	577	1	905.9866	13	3	0	1	1	0.6932	0.7489
	578	1	907.5365	14	12	0	0	1	0.6920	1.0561
	579	1	909.1364	1	2	0	1	1	0.6926	0.6722
	580	1	910.6864	15	13	0	1	1	0.6931	0.8657
	581	1	912.2363	14	12	90	0	1	0.6919	0.7723
	582	1	913.7862	13	3	0	0	1	0.6907	0.5664
	583	1	915.3361	11	14	0	1	1	0.6913	0.5677
	584	1	916.8860	10	6	0	1	1	0.6918	0.6506
	585	1	918.4359	13	3	90	0	1	0.6906	0.9407
	586	1	919.9859	12	10	0	1	1	0.6911	0.8627
	587	1	921.5358	11	14	0	1	1	0.6917	0.8646
	588	1	923.0857	10	6	0	1	1	0.6922	0.7378
	589	1	924.6356	13	3	0	1	1	0.6927	1.1410
	590	1	926.1855	10	6	0	1	1	0.6932	0.8069
	591	1	927.7355	11	14	0	1	1	0.6937	0.2967
	592	1	929.2854	9	5	0	1	1	0.6943	0.0438
	593	1	930.8353	8	7	0	1	1	0.6948	0.5084
	594	1	932.3852	5	8	0	1	1	0.6953	0.9114
	595	1	933.9352	4	9	0	1	1	0.6958	1.0725
	596	1	935.4851	3	15	90	0	1	0.6946	0.9785
	597	1	937.0350	4	9	0	1	1	0.6951	0.6628
	598	1	938.5849	5	8	0	1	1	0.6957	0.8386
	599	1	940.1348	4	9	0	1	1	0.6962	0.6009
	600	1	941.6848	6	4	0	1	1	0.6967	0.5566
	601	1	1052.6123	4	9	0	1	1	0.6972	0.9243
	602	1	1054.1622	7	11	0	0	1	0.6960	1.0053
	603	1	1055.7122	4	9	0	1	1	0.6965	0.6090
	604	1	1057.2621	3	15	90	0	1	0.6954	0.7864
	605	1	1058.8120	1	2	90	0	1	0.6942	0.8686
	606	1	1060.3619	15	13	0	1	1	0.6947	1.3828
	607	1	1061.9118	2	1	0	1	1	0.6952	0.7609
	608	1	1063.4617	15	13	0	1	1	0.6957	0.9235
	609	1	1065.0117	2	1	0	1	1	0.6962	0.5881
	610	1	1066.5616	3	15	0	1	1	0.6967	0.7832
	611	1	1068.1115	1	2	90	0	1	0.6956	0.5452
	612	1	1069.6614	14	12	90	0	1	0.6944	0.3702
	613	1	1071.2113	13	3	0	1	1	0.6949	0.8059
	614	1	1072.7612	10	6	0	1	1	0.6954	0.9994
	615	1	1074.3112	12	10	0	1	1	0.6959	0.5365
	616	1	1075.8611	9	5	90	0	1	0.6948	0.8593
	617	1	1077.4110	11	14	0	1	1	0.6953	0.9406
	618	1	1078.9609	10	6	0	1	1	0.6958	0.8158
	619	1	1080.5109	11	14	90	0	1	0.6947	0.9777
	620	1	1082.0774	10	6	90	0	1	0.6935	0.8999
	621	1	1083.6274	9	5	0	1	1	0.6940	0.8848
	622	1	1085.1773	12	10	0	1	1	0.6945	0.9023
	623	1	1086.7272	9	5	0	1	1	0.6950	1.1456
	624	1	1088.2771	10	6	0	-1	0	0.6939	-1.0000
	625	1	1090.3270	13	3	0	1	1	0.6944	0.8087
	626	1	1091.8769	10	6	0	1	1	0.6949	0.5389
	627	1	1093.4268	13	3	90	0	1	0.6938	0.6699
	628	1	1094.9768	12	10	0	1	1	0.6943	0.1908
	629	1	1096.5267	10	6	0	1	1	0.6948	0.4653
	630	1	1098.0766	11	14	0	1	1	0.6952	0.3719
	631	1	1099.6265	10	6	0	1	1	0.6957	0.5021
	632	1	1101.1765	9	5	0	1	1	0.6962	0.3753
	633	1	1102.7264	10	6	0	1	1	0.6967	0.2983
	634	1	1104.2763	12	10	90	0	1	0.6956	0.2683
	635	1	1105.9429	9	5	0	-1	0	0.6945	-1.0000
	636	1	1107.9761	11	14	0	1	1	0.6950	0.6957
	637	1	1109.5261	12	10	0	1	1	0.6954	1.1136
	638	1	1111.0760	9	5	0	-1	0	0.6944	-1.0000
	639	1	1113.0758	12	10	0	1	1	0.6948	0.6678
	640	1	1114.6258	10	6	0	1	1	0.6953	0.6071
	641	1	1116.1757	11	14	90	1	1	0.6958	1.0880
	642	1	1117.7256	12	10	90	1	1	0.6963	1.1872
	643	1	1119.2755	11	14	0	1	1	0.6967	0.5970
	644	1	1120.8254	13	3	90	0	1	0.6957	0.7111
	645	1	1122.3753	12	10	0	1	1	0.6961	0.8563
	646	1	1123.9253	10	6	0	1	1	0.6966	0.6514
	647	1	1125.4752	9	5	90	-1	0	0.6955	-1.0000
	648	1	1127.4751	12	10	0	1	1	0.6960	0.5897
	649	1	1129.0250	11	14	0	1	1	0.6965	0.8306
	650	1	1130.5750	13	3	90	0	1	0.6954	0.9779
	651	1	1132.1415	10	6	0	1	1	0.6959	0.5633
	652	1	1133.6915	9	5	0	1	1	0.6963	0.5661
	653	1	1135.2414	10	6	0	1	1	0.6968	0.5355
	654	1	1136.7913	12	10	0	1	1	0.6972	0.3604
	655	1	1138.3412	11	14	0	1	1	0.6977	1.0824
	656	1	1139.8911	9	5	0	1	1	0.6982	0.9255
	657	1	1141.4410	8	7	0	1	1	0.6986	0.4791
	658	1	1142.9909	5	8	0	1	1	0.6991	0.5449
	659	1	1144.5409	7	11	0	1	1	0.6995	0.6279
	660	1	1146.0908	4	9	0	1	1	0.7000	0.6779
	661	1	1147.6407	7	11	0	1	1	0.7005	0.6171
	662	1	1149.1907	8	7	0	1	1	0.7009	0.4099
	663	1	1150.7406	6	4	0	1	1	0.7014	0.5076
	664	1	1152.2905	7	11	0	1	1	0.7018	0.3972
	665	1	1153.8404	4	9	90	0	1	0.7008	0.3192
	666	1	1155.3903	7	11	0	1	1	0.7012	0.8335
	667	1	1156.9402	4	9	0	1	1	0.7016	0.6605
	668	1	1158.4901	7	11	0	1	1	0.7021	0.7266
	669	1	1160.0401	5	8	0	1	1	0.7025	0.7926
	670	1	1161.5900	6	4	0	1	1	0.7030	0.5697
	671	1	1163.1399	8	7	0	0	1	0.7019	0.7170
	672	1	1164.6899	5	8	0	1	1	0.7024	0.4630
	673	1	1166.2398	8	7	0	1	1	0.7028	0.9759
	674	1	1167.7897	7	11	90	0	1	0.7018	0.8669
	675	1	1169.3396	5	8	0	1	1	0.7022	0.5172
	676	1	1170.8895	7	11	0	1	1	0.7027	0.6783
	677	1	1172.4395	5	8	0	1	1	0.7031	0.8260
	678	1	1173.9894	7	11	0	1	1	0.7035	0.7152
	679	1	1175.5393	5	8	0	1	1	0.7040	0.6204
	680	1	1177.0892	8	7	0	1	1	0.7044	0.4635
	681	1	1178.6391	9	5	90	0	1	0.7034	0.6416
	682	1	1180.1891	10	6	0	1	1	0.7038	0.9313
	683	1	1181.7390	13	3	0	1	1	0.7042	0.6458
	684	1	1183.2889	14	12	0	1	1	0.7047	0.5198
	685	1	1184.8388	2	1	0	1	1	0.7051	0.8087
	686	1	1186.3887	14	12	90	0	1	0.7041	1.0838
	687	1	1188.0553	1	2	0	1	1	0.7045	0.6335
	688	1	1189.6052	2	1	0	1	1	0.7049	0.8915
	689	1	1191.1552	3	15	0	1	1	0.7054	0.6537
	690	1	1192.7051	2	1	90	0	1	0.7043	0.7837
	691	1	1194.2549	14	12	0	1	1	0.7048	0.6098
	692	1	1195.8049	2	1	0	1	1	0.7052	0.7078
	693	1	1197.3548	14	12	0	1	1	0.7056	0.7578
	694	1	1198.9048	2	1	90	-1	0	0.7046	-1.0000
	695	1	1200.9379	15	13	0	1	1	0.7050	0.5990
	696	1	1202.4878	1	2	0	1	1	0.7055	0.8248
	697	1	1204.0378	3	15	90	0	1	0.7044	0.8110
	698	1	1205.5878	15	13	0	1	1	0.7049	0.4772
	699	1	1207.1377	3	15	0	1	1	0.7053	0.5260
	700	1	1208.6876	1	2	90	0	1	0.7043	0.3532
	701	1	1210.2375	2	1	0	1	1	0.7047	0.3062
	702	1	1211.7874	3	15	0	1	1	0.7051	0.4053
	703	1	1213.3374	4	9	0	1	1	0.7055	0.4873
	704	1	1214.8872	7	11	0	1	1	0.7060	0.4405
	705	1	1216.4372	5	8	0	1	1	0.7064	0.5236
	706	1	1217.9871	7	11	0	1	1	0.7068	0.7014
	707	1	1219.5370	6	4	0	1	1	0.7072	0.4468
	708	1	1221.0869	4	9	0	1	1	0.7076	0.5448
	709	1	1222.6369	7	11	90	0	1	0.7066	0.7389
	710	1	1224.1868	4	9	0	1	1	0.7070	0.4699
	711	1	1225.7367	6	4	0	1	1	0.7075	0.6471
	712	1	1227.2866	5	8	0	1	1	0.7079	0.4740
	713	1	1228.8365	8	7	0	1	1	0.7083	0.4923
	714	1	1230.3865	9	5	90	0	1	0.7073	0.7020
	715	1	1231.9364	10	6	0	1	1	0.7077	0.5599
	716	1	1233.4863	9	5	0	1	1	0.7081	0.8181
	717	1	1235.0362	8	7	0	1	1	0.7085	0.4205
	718	1	1236.5861	7	11	0	1	1	0.7089	0.5346
	719	1	1238.1361	6	4	0	1	1	0.7093	0.4077
	720	1	1239.6860	5	8	90	0	1	0.7083	0.3790
	721	1	1241.2359	4	9	90	0	1	0.7074	0.6680
	722	1	1242.7858	7	11	0	1	1	0.7078	0.6067
	723	1	1244.3357	8	7	90	0	1	0.7068	0.9130
	724	1	1245.8857	7	11	90	0	1	0.7058	0.9953
	725	1	1247.4356	5	8	0	1	1	0.7062	0.7732
	726	1	1248.9855	4	9	0	1	1	0.7066	0.7764
	727	1	1250.5354	7	11	0	0	1	0.7056	0.7604
	728	1	1252.0853	4	9	0	1	1	0.7060	0.6674
	729	1	1253.6353	7	11	0	0	1	0.7051	0.7486
	730	1	1255.1852	6	4	0	1	1	0.7055	0.3996
	731	1	1256.7351	4	9	90	-1	0	0.7045	-1.0000
	732	1	1258.8017	7	11	0	1	1	0.7049	0.9271
	733	1	1260.3516	8	7	0	-1	0	0.7040	-1.0000
	734	1	1262.4348	5	8	0	1	1	0.7044	0.8778
	735	1	1263.9848	6	4	0	1	1	0.7048	0.8312
	736	1	1265.5347	7	11	0	1	1	0.7052	0.7692
	737	1	1267.0846	4	9	0	1	1	0.7056	0.6283
	738	1	1268.6344	7	11	0	1	1	0.7060	1.1904
	739	1	1270.1844	5	8	0	-1	0	0.7050	-1.0000
	740	1	1272.2843	7	11	0	1	1	0.7054	0.5807
	741	1	1273.8342	8	7	0	1	1	0.7058	1.0465
	742	1	1275.3841	9	5	0	1	1	0.7062	0.7608
	743	1	1276.9341	10	6	0	1	1	0.7066	0.6826
	744	1	1278.4839	11	14	90	0	1	0.7056	0.6689
	745	1	1280.0339	9	5	90	0	1	0.7047	0.6228
	746	1	1281.5838	11	14	0	1	1	0.7051	0.3850
	747	1	1283.1337	12	10	0	1	1	0.7055	0.7702
	748	1	1284.6837	9	5	0	1	1	0.7059	0.7731
	749	1	1286.2336	11	14	90	0	1	0.7049	0.3909
	750	1	1287.7835	10	6	0	1	1	0.7053	0.5059
	751	1	1289.3334	9	5	90	0	1	0.7044	0.6505
	752	1	1290.8833	12	10	0	1	1	0.7048	0.4775
	753	1	1292.4333	13	3	90	0	1	0.7039	0.4795
	754	1	1293.9832	10	6	0	1	1	0.7042	0.8018
	755	1	1295.5331	9	5	0	1	1	0.7046	0.7718
	756	1	1297.0830	10	6	0	1	1	0.7050	0.5660
	757	1	1298.6329	12	10	0	1	1	0.7054	0.7759
	758	1	1300.1828	9	5	0	1	1	0.7058	0.5060
	759	1	1301.7328	12	10	90	0	1	0.7049	0.4760
	760	1	1303.2827	13	3	0	1	1	0.7053	0.5411
	761	1	1304.8326	14	12	0	1	1	0.7057	0.9259
	762	1	1306.3825	15	13	0	1	1	0.7060	0.6892
	763	1	1307.9325	2	1	0	1	1	0.7064	0.2923
	764	1	1309.4824	3	15	0	1	1	0.7068	0.4062
	765	1	1311.0323	1	2	0	1	1	0.7072	0.2806
	766	1	1312.5822	3	15	0	1	1	0.7076	0.2505
	767	1	1314.1321	15	13	0	1	1	0.7080	0.4598
	768	1	1315.6821	3	15	0	1	1	0.7083	0.4297
	769	1	1317.2320	1	2	0	1	1	0.7087	0.6889
	770	1	1318.7819	3	15	0	1	1	0.7091	0.6906
	771	1	1320.3318	15	13	90	0	1	0.7082	0.6933
	772	1	1321.8817	14	12	0	1	1	0.7085	0.5188
	773	1	1323.4316	1	2	0	1	1	0.7089	0.7121
	774	1	1324.9816	2	1	0	1	1	0.7093	0.7623
	775	1	1326.5314	15	13	0	1	1	0.7097	0.4608
	776	1	1328.0813	1	2	90	0	1	0.7088	0.5105
	777	1	1329.6313	14	12	0	1	1	0.7091	0.7374
	778	1	1331.1812	15	13	90	0	1	0.7082	0.7226
	779	1	1332.7312	3	15	90	0	1	0.7073	0.5497
	780	1	1334.2811	1	2	0	1	1	0.7077	1.1592
	781	1	1335.8310	15	13	0	1	1	0.7081	0.7128
	782	1	1337.3809	2	1	90	0	1	0.7072	0.9401
	783	1	1338.9308	15	13	0	1	1	0.7075	0.5581
	784	1	1340.4808	1	2	0	1	1	0.7079	0.7360
	785	1	1342.0306	2	1	0	1	1	0.7083	0.8493
	786	1	1343.5806	3	15	0	1	1	0.7087	0.5804
	787	1	1345.1305	4	9	0	1	1	0.7090	0.5981
	788	1	1346.6804	3	15	90	0	1	0.7081	0.7279
	789	1	1348.2304	4	9	0	1	1	0.7085	0.9063
	790	1	1349.7803	5	8	0	1	1	0.7089	0.5887
	791	1	1351.3302	8	7	0	1	1	0.7092	0.9427
	792	1	1352.8801	6	4	90	0	1	0.7083	0.7537
	793	1	1354.4301	7	11	0	1	1	0.7087	0.5297
	794	1	1355.9800	5	8	0	1	1	0.7091	0.6918
	795	1	1357.5298	8	7	0	1	1	0.7094	1.2548
	796	1	1359.0797	5	8	0	1	1	0.7098	0.6339
	797	1	1360.6297	6	4	90	0	1	0.7089	0.6342
	798	1	1362.1796	7	11	0	1	1	0.7093	0.3970
	799	1	1363.7296	6	4	0	1	1	0.7096	0.3982
	800	1	1365.2795	8	7	90	0	1	0.7087	0.1615
	801	1	1366.8294	7	11	0	1	1	0.7091	1.2024
	802	1	1368.3793	4	9	0	1	1	0.7095	0.5336
	803	1	1369.9292	6	4	0	1	1	0.7098	0.6476
	804	1	1371.4792	4	9	0	1	1	0.7102	0.5696
	805	1	1373.0291	7	11	0	1	1	0.7106	0.8118
	806	1	1374.5790	8	7	0	1	1	0.7109	0.9409
	807	1	1376.1289	9	5	0	1	1	0.7113	0.5277
	808	1	1377.6788	10	6	0	1	1	0.7116	0.5779
	809	1	1379.2288	9	5	0	1	1	0.7120	0.4359
	810	1	1380.7787	10	6	90	0	1	0.7111	0.3264
	811	1	1382.3286	12	10	90	0	1	0.7102	0.6632
	812	1	1383.8785	11	14	0	1	1	0.7106	0.9374
	813	1	1385.4284	9	5	0	1	1	0.7109	0.7004
	814	1	1386.9783	10	6	0	1	1	0.7113	0.7015
	815	1	1388.5283	13	3	0	1	1	0.7117	0.7847
	816	1	1390.0782	14	12	90	0	1	0.7108	0.5947
	817	1	1391.6281	13	3	90	0	1	0.7099	0.9167
	818	1	1393.1780	14	12	0	1	1	0.7103	0.5520
	819	1	1394.7279	13	3	90	1	1	0.7106	0.7760
	820	1	1396.2779	11	14	0	1	1	0.7110	0.7468
	821	1	1397.8278	10	6	0	1	1	0.7113	0.7492
	822	1	1399.3777	11	14	0	1	1	0.7117	0.6061
	823	1	1400.9276	10	6	0	1	1	0.7120	0.7043
	824	1	1402.4776	11	14	0	1	1	0.7124	0.5623
	825	1	1404.0275	13	3	0	1	1	0.7127	0.5334
	826	1	1405.5774	12	10	0	0	1	0.7119	0.6790
	827	1	1407.1273	10	6	0	1	1	0.7122	0.4251
	828	1	1408.6772	12	10	0	1	1	0.7126	0.4118
	829	1	1410.2271	11	14	0	1	1	0.7129	0.3967
	830	1	1411.7770	12	10	0	1	1	0.7133	0.2079
	831	1	1413.3269	11	14	0	1	1	0.7136	0.6099
	832	1	1414.8769	12	10	0	1	1	0.7139	0.4350
	833	1	1416.4268	10	6	0	1	1	0.7143	0.2302
	834	1	1417.9768	11	14	0	1	1	0.7146	0.3602
	835	1	1419.5267	9	5	0	1	1	0.7150	0.6663
	836	1	1421.0766	10	6	0	1	1	0.7153	0.3966
	837	1	1422.6265	9	5	0	1	1	0.7157	0.3195
	838	1	1424.1764	10	6	0	1	1	0.7160	0.2727
	839	1	1425.7264	12	10	0	1	1	0.7163	0.2423
	840	1	1427.2763	11	14	90	0	1	0.7155	0.1967
	841	1	1428.8261	13	3	90	0	1	0.7146	0.5027
	842	1	1430.3761	14	12	0	1	1	0.7150	0.5696
	843	1	1431.9260	2	1	90	0	1	0.7141	0.6349
	844	1	1433.4759	1	2	90	0	1	0.7133	0.5719
	845	1	1435.0259	14	12	0	1	1	0.7136	0.7031
	846	1	1436.5758	13	3	0	1	1	0.7139	0.4813
	847	1	1438.1257	14	12	90	0	1	0.7131	0.4671
	848	1	1439.6756	2	1	0	1	1	0.7134	0.5977
	849	1	1441.2256	3	15	90	0	1	0.7126	0.3445
	850	1	1442.7755	15	13	0	1	1	0.7129	0.6965
	851	1	1444.3254	14	12	90	0	1	0.7121	0.4600
	852	1	1445.8753	1	2	0	1	1	0.7124	0.4934
	853	1	1447.4252	14	12	0	1	1	0.7128	0.3523
	854	1	1448.9751	15	13	0	1	1	0.7131	0.4177
	855	1	1450.5251	2	1	0	1	1	0.7135	0.3561
	856	1	1452.0750	14	12	0	1	1	0.7138	0.3088
	857	1	1453.6249	1	2	0	1	1	0.7141	0.3598
	858	1	1455.1748	15	13	0	1	1	0.7145	0.4410
	859	1	1456.7248	2	1	90	0	1	0.7136	0.4912
	860	1	1458.2747	1	2	0	1	1	0.7140	0.2852
	861	1	1459.8246	15	13	90	0	1	0.7131	0.2404
	862	1	1461.3745	2	1	0	1	1	0.7135	0.3053
	863	1	1462.9244	15	13	0	1	1	0.7138	0.3554
	864	1	1464.4743	1	2	0	1	1	0.7141	0.5175
	865	1	1466.0243	14	12	0	1	1	0.7145	0.3757
	866	1	1467.5742	15	13	0	1	1	0.7148	0.3297
	867	1	1469.1241	2	1	90	0	1	0.7140	0.3166
	868	1	1470.6740	3	15	90	0	1	0.7131	0.4458
	869	1	1472.2240	2	1	0	1	1	0.7135	0.4799
	870	1	1473.7739	1	2	0	1	1	0.7138	0.7060
	871	1	1475.3238	14	12	0	1	1	0.7141	0.4851
	872	1	1476.8737	13	3	90	0	1	0.7133	0.2462
	873	1	1478.4236	11	14	0	1	1	0.7136	0.4255
	874	1	1479.9735	12	10	0	1	1	0.7140	0.4270
	875	1	1481.5235	10	6	0	1	1	0.7143	0.3325
	876	1	1483.0734	12	10	0	1	1	0.7146	0.3516
	877	1	1484.6233	13	3	0	1	1	0.7149	0.3046
	878	1	1486.1732	14	12	0	1	1	0.7153	0.4038
	879	1	1487.7231	15	13	0	1	1	0.7156	0.2618
	880	1	1489.2730	14	12	90	0	1	0.7148	0.5041
	881	1	1490.8230	2	1	0	1	1	0.7151	0.4260
	882	1	1492.3729	14	12	0	1	1	0.7154	0.9558
	883	1	1493.9228	2	1	0	1	1	0.7157	0.9102
	884	1	1495.4727	14	12	0	-1	0	0.7149	-1.0000
	885	1	1497.5060	15	13	0	1	1	0.7153	0.5591
	886	1	1499.0559	2	1	0	1	1	0.7156	0.6737
	887	1	1500.6057	3	15	0	1	1	0.7159	0.3222
	888	1	1502.1557	1	2	90	0	1	0.7151	0.4050
	889	1	1503.7056	2	1	90	0	1	0.7143	0.4234
	890	1	1505.2556	15	13	0	1	1	0.7146	0.8084
	891	1	1506.8055	1	2	0	1	1	0.7149	0.8425
	892	1	1508.3554	2	1	0	1	1	0.7152	0.5742
	893	1	1509.9053	1	2	0	1	1	0.7156	0.5597
	894	1	1511.4552	14	12	0	1	1	0.7159	0.3847
	895	1	1513.0052	13	3	0	1	1	0.7162	0.9147
	896	1	1514.5551	14	12	0	1	1	0.7165	0.6938
	897	1	1516.1050	15	13	90	0	1	0.7157	0.8229
	898	1	1517.6549	14	12	0	1	1	0.7160	0.4581
	899	1	1519.2048	15	13	0	1	1	0.7164	0.6031
	900	1	1520.7548	14	12	90	0	1	0.7156	1.0536
	901	1	1522.3214	13	3	0	1	1	0.7159	0.8316
	902	1	1523.8713	11	14	0	1	1	0.7162	0.6417
	903	1	1525.4211	10	6	90	0	1	0.7154	0.6760
	904	1	1526.9711	13	3	0	1	1	0.7157	0.5339
	905	1	1528.5210	12	10	0	1	1	0.7160	0.7599
	906	1	1530.0710	11	14	0	1	1	0.7163	0.8107
	907	1	1531.6209	9	5	0	1	1	0.7166	0.3320
	908	1	1533.1708	10	6	0	1	1	0.7170	0.3663
	909	1	1534.7207	11	14	0	1	1	0.7173	0.2889
	910	1	1536.2706	13	3	0	1	1	0.7176	0.2417
	911	1	1537.8205	10	6	0	1	1	0.7179	0.4686
	912	1	1539.3705	12	10	0	1	1	0.7182	0.3420
	913	1	1540.9204	9	5	0	1	1	0.7185	0.3605
	914	1	1542.4703	10	6	0	1	1	0.7188	0.2829
	915	1	1544.0202	13	3	0	1	1	0.7191	0.4927
	916	1	1545.5701	12	10	0	1	1	0.7194	0.8778
	917	1	1547.1200	11	14	0	1	1	0.7197	0.5607
	918	1	1548.6700	13	3	0	1	1	0.7200	0.8820
	919	1	1550.2199	14	12	90	0	1	0.7193	0.5812
	920	1	1551.7698	15	13	0	1	1	0.7196	0.9501
	921	1	1553.3197	1	2	0	1	1	0.7199	0.6328
	922	1	1554.8697	15	13	0	1	1	0.7202	0.5224
	923	1	1556.4196	1	2	0	1	1	0.7205	0.6695
	924	1	1557.9695	3	15	0	1	1	0.7208	0.4957
	925	1	1559.5193	2	1	0	1	1	0.7211	0.6096
	926	1	1561.0693	3	15	0	1	1	0.7214	0.3396
	927	1	1562.6193	2	1	90	0	1	0.7206	0.2778
	928	1	1564.1692	15	13	0	1	1	0.7209	0.6948
	929	1	1565.7191	3	15	0	1	1	0.7212	0.5380
	930	1	1567.2689	1	2	0	1	1	0.7215	0.2037
	931	1	1568.8189	15	13	0	1	1	0.7218	0.2850
	932	1	1570.3688	2	1	0	1	1	0.7221	0.1591
	933	1	1571.9188	15	13	0	1	1	0.7224	0.5941
	934	1	1573.4687	3	15	0	1	1	0.7227	0.3880
	935	1	1575.0186	2	1	0	1	1	0.7230	0.3261
	936	1	1576.5685	3	15	0	1	1	0.7233	0.3602
	937	1	1578.1184	4	9	0	1	1	0.7236	0.4896
	938	1	1579.6684	5	8	0	1	1	0.7239	0.4926
	939	1	1581.2182	8	7	90	0	1	0.7231	0.7027
	940	1	1582.7682	6	4	0	1	1	0.7234	1.0249
	941	1	1584.3181	4	9	0	1	1	0.7237	0.7710
	942	1	1585.8681	3	15	0	1	1	0.7240	0.5478
	943	1	1587.4179	1	2	0	1	1	0.7243	0.7100
	944	1	1588.9679	2	1	90	0	1	0.7235	0.6960
	945	1	1590.5178	1	2	0	1	1	0.7238	0.4431
	946	1	1592.0677	2	1	0	1	1	0.7241	0.4442
	947	1	1593.6176	15	13	0	1	1	0.7244	0.6551
	948	1	1595.1676	3	15	90	0	1	0.7236	0.5931
	949	1	1596.7175	15	13	0	1	1	0.7239	0.8984
	950	1	1598.2674	14	12	0	1	1	0.7242	0.9173
	951	1	1599.8173	2	1	90	0	1	0.7234	0.5506
	952	1	1601.3672	3	15	0	1	1	0.7237	0.4258
	953	1	1602.9171	15	13	0	1	1	0.7240	0.5399
	954	1	1604.4671	2	1	0	-1	0	0.7233	-1.0000
	955	1	1606.5503	15	13	0	1	1	0.7236	0.8578
	956	1	1608.1002	14	12	90	0	1	0.7228	0.6366
	957	1	1609.6501	15	13	0	1	1	0.7231	0.4310
	958	1	1611.2000	3	15	0	1	1	0.7234	0.3210
	959	1	1612.7500	4	9	0	1	1	0.7237	0.4027
	960	1	1614.2999	3	15	0	1	1	0.7240	0.4521
	961	1	1615.8498	4	9	0	1	1	0.7242	0.2142
	962	1	1617.3997	7	11	90	0	1	0.7235	0.8731
	963	1	1618.9497	5	8	0	1	1	0.7238	0.5073
	964	1	1620.4996	4	9	0	1	1	0.7241	0.6533
	965	1	1622.0494	5	8	0	1	1	0.7244	0.5754
	966	1	1623.5994	4	9	90	1	1	0.7246	0.8486
	967	1	1625.1494	6	4	0	1	1	0.7249	0.5627
	968	1	1626.6993	5	8	0	1	1	0.7252	0.4382
	969	1	1628.2492	7	11	0	1	1	0.7255	0.5037
	970	1	1629.7991	6	4	0	1	1	0.7258	0.6177
	971	1	1631.3490	8	7	90	0	1	0.7250	0.8442
	972	1	1632.8989	7	11	0	1	1	0.7253	1.0701
	973	1	1634.4489	8	7	90	1	1	0.7256	0.8965
	974	1	1635.9988	6	4	0	1	1	0.7259	0.5933
	975	1	1637.5487	4	9	0	1	1	0.7262	0.6282
	976	1	1639.0986	5	8	0	1	1	0.7264	0.6784
	977	1	1640.6485	4	9	0	1	1	0.7267	0.6474
	978	1	1642.1984	6	4	0	1	1	0.7270	0.6015
	979	1	1643.7484	7	11	90	0	1	0.7263	0.4755
	980	1	1645.2983	4	9	0	1	1	0.7265	0.7176
	981	1	1646.8481	6	4	90	0	1	0.7258	0.6408
	982	1	1648.3981	4	9	0	1	1	0.7261	0.6590
	983	1	1649.9481	5	8	0	1	1	0.7263	0.7887
	984	1	1651.4980	7	11	0	1	1	0.7266	0.6471
	985	1	1653.0479	8	7	90	0	1	0.7259	0.4730
	986	1	1654.5978	7	11	0	1	1	0.7262	0.5870
	987	1	1656.1478	6	4	0	1	1	0.7264	0.7482
	988	1	1657.6977	4	9	0	1	1	0.7267	0.6063
	989	1	1659.2476	3	15	0	1	1	0.7270	0.7685
	990	1	1660.7975	15	13	90	0	1	0.7263	0.8664
	991	1	1662.3474	3	15	0	1	1	0.7265	0.6765
	992	1	1663.8973	1	2	0	1	1	0.7268	0.7598
	993	1	1665.4473	14	12	0	1	1	0.7271	0.9528
	994	1	1666.9972	1	2	0	1	1	0.7274	0.5720
	995	1	1668.5471	2	1	0	1	1	0.7276	0.4609
	996	1	1670.0970	3	15	90	0	1	0.7269	0.4158
	997	1	1671.6469	1	2	0	1	1	0.7272	0.7211
	998	1	1673.1969	3	15	0	1	1	0.7275	0.9002
	999	1	1674.7467	2	1	0	1	1	0.7277	1.0780
	1000	1	1676.2967	15	13	0	1	1	0.7280	1.3047
	1001	1	1677.8466	3	15	0	1	1	0.7283	1.3213
	1002	1	1679.3965	4	9	90	1	1	0.7285	0.9079
	1003	1	1680.9465	5	8	90	0	1	0.7278	0.7023
	1004	1	1682.4964	7	11	0	1	1	0.7281	0.8957
	1005	1	1684.0463	5	8	0	1	1	0.7284	0.5466
	1006	1	1685.5962	6	4	0	1	1	0.7286	0.3079
	1007	1	1687.1461	5	8	0	1	1	0.7289	0.5348
	1008	1	1688.6961	4	9	0	1	1	0.7292	0.4248
	1009	1	1690.2460	5	8	0	1	1	0.7294	0.2660
	1010	1	1691.7959	6	4	90	0	1	0.7287	0.3806
	1011	1	1693.3458	7	11	0	1	1	0.7290	0.2222
	1012	1	1694.8957	5	8	0	1	1	0.7292	0.2574
	1013	1	1696.4456	8	7	0	1	1	0.7295	0.5159
	1014	1	1697.9956	9	5	90	0	1	0.7288	0.2615
	1015	1	1699.5455	11	14	90	0	1	0.7281	0.2638
	1016	1	1701.0954	10	6	0	1	1	0.7283	0.2819
	1017	1	1702.6453	11	14	0	1	1	0.7286	0.6037
	1018	1	1704.1953	10	6	0	1	1	0.7289	0.4617
	1019	1	1705.7452	12	10	0	1	1	0.7291	0.3520
	1020	1	1707.2951	9	5	0	1	1	0.7294	0.5941
	1021	1	1708.8450	10	6	0	1	1	0.7297	1.0600
	1022	1	1710.3949	11	14	0	1	1	0.7299	0.6940
	1023	1	1711.9449	9	5	0	1	1	0.7302	1.1752
	1024	1	1713.4947	12	10	90	0	1	0.7295	0.9862
	1025	1	1715.0447	10	6	0	-1	0	0.7288	-1.0000
	1026	1	1717.0778	11	14	90	0	1	0.7281	0.0581
	1027	1	1718.6278	10	6	0	1	1	0.7283	0.4139
	1028	1	1720.1777	12	10	0	1	1	0.7286	0.4153
	1029	1	1721.7277	11	14	0	1	1	0.7289	1.1363
	1030	1	1723.2776	12	10	0	1	1	0.7291	0.9305
	1031	1	1724.8275	10	6	0	1	1	0.7294	0.5645
	1032	1	1726.3774	13	3	0	1	1	0.7297	0.2949
	1033	1	1727.9274	10	6	0	1	1	0.7299	0.2967
	1034	1	1729.4773	9	5	0	1	1	0.7302	0.2359
	1035	1	1731.0272	10	6	90	0	1	0.7295	0.4937
	1036	1	1732.5771	12	10	0	1	1	0.7297	0.4309
	1037	1	1734.1270	13	3	0	1	1	0.7300	0.3538
	1038	1	1735.6769	10	6	0	1	1	0.7303	0.2441
	1039	1	1737.2268	12	10	0	1	1	0.7305	0.5504
	1040	1	1738.7768	10	6	0	1	1	0.7308	0.3442
	1041	1	1740.3267	9	5	0	1	1	0.7310	0.4105
	1042	1	1741.8766	11	14	0	1	1	0.7313	0.3474
	1043	1	1743.4265	10	6	0	1	1	0.7315	0.2866
	1044	1	1744.9765	11	14	0	1	1	0.7318	0.4008
	1045	1	1746.5264	12	10	0	1	1	0.7321	0.4507
	1046	1	1748.0763	11	14	90	0	1	0.7314	0.5960
	1047	1	1749.6262	13	3	0	1	1	0.7316	0.4548
	1048	1	1751.1762	12	10	90	1	1	0.7319	1.1124
	1049	1	1752.7261	9	5	90	0	1	0.7312	0.7311
	1050	1	1754.2760	8	7	90	0	1	0.7305	0.6050
	1051	1	1755.8259	6	4	0	1	1	0.7307	0.7830
	1052	1	1757.3757	7	11	90	0	1	0.7300	0.7216
	1053	1	1758.9257	4	9	90	1	1	0.7303	0.8193
	1054	1	1760.4757	7	11	0	1	1	0.7306	0.6283
	1055	1	1762.0256	5	8	0	1	1	0.7308	0.6956
	1056	1	1763.5755	6	4	0	1	1	0.7311	0.6015
	1057	1	1765.1254	5	8	0	1	1	0.7313	0.6516
	1058	1	1766.6753	4	9	90	1	1	0.7316	0.8297
	1059	1	1768.2253	6	4	0	1	1	0.7318	0.6085
	1060	1	1769.7752	4	9	0	1	1	0.7321	0.7218
	1061	1	1771.3251	6	4	0	1	1	0.7323	0.6757
	1062	1	1772.8750	5	8	0	1	1	0.7326	0.6782
	1063	1	1774.4249	8	7	0	1	1	0.7328	0.4241
	1064	1	1775.9749	5	8	0	1	1	0.7331	0.6653
	1065	1	1777.5248	6	4	0	1	1	0.7333	0.5083
	1066	1	1779.0747	8	7	0	0	1	0.7326	0.6381
	1067	1	1780.6246	7	11	0	1	1	0.7329	0.9444
	1068	1	1782.1745	8	7	0	1	1	0.7331	0.8667
	1069	1	1783.7244	9	5	0	1	1	0.7334	0.6927
	1070	1	1785.2744	10	6	0	1	1	0.7336	0.7576
	1071	1	1786.8243	11	14	0	1	1	0.7339	0.8405
	1072	1	1788.3742	13	3	0	1	1	0.7341	0.4430
	1073	1	1789.9241	10	6	0	1	1	0.7344	0.5730
	1074	1	1791.4741	9	5	0	1	1	0.7346	0.6711
	1075	1	1793.0240	8	7	0	1	1	0.7349	0.8160
	1076	1	1794.5739	7	11	0	1	1	0.7351	0.5632
	1077	1	1796.1238	8	7	0	1	1	0.7354	0.6452
	1078	1	1797.6737	5	8	0	1	1	0.7356	0.5673
	1079	1	1799.2237	6	4	90	0	1	0.7349	0.5694
	1080	1	1800.7736	8	7	0	1	1	0.7352	0.7793
	1081	1	1802.3235	6	4	90	1	1	0.7354	1.1817
	1082	1	1803.8734	8	7	0	1	1	0.7357	0.7346
	1083	1	1805.4233	9	5	90	0	1	0.7350	0.7047
	1084	1	1806.9732	10	6	90	0	1	0.7343	0.4510
	1085	1	1808.5232	12	10	90	0	1	0.7336	0.7901
	1086	1	1810.0731	13	3	90	1	1	0.7339	0.9843
	1087	1	1811.6230	10	6	0	1	1	0.7341	0.7306
	1088	1	1813.1729	13	3	0	1	1	0.7344	0.6201
	1089	1	1814.7229	11	14	90	0	1	0.7337	0.7342
	1090	1	1816.2727	12	10	90	1	1	0.7339	1.1684
	1091	1	1817.8227	10	6	90	0	1	0.7333	0.7374
	1092	1	1819.3726	11	14	0	1	1	0.7335	0.7078
	1093	1	1820.9224	13	3	0	1	1	0.7338	0.5986
	1094	1	1822.4725	12	10	0	1	1	0.7340	0.6315
	1095	1	1824.0224	9	5	90	0	1	0.7333	0.3314
	1096	1	1825.5722	12	10	0	-1	0	0.7327	-1.0000
	1097	1	1827.6055	11	14	90	0	1	0.7320	0.7315
	1098	1	1829.1554	10	6	90	0	1	0.7313	0.6537
	1099	1	1830.7054	13	3	0	1	1	0.7316	0.7348
	1100	1	1832.2553	14	12	0	1	1	0.7318	0.6408
	1101	1	1833.8052	1	2	0	1	1	0.7321	0.4678
	1102	1	1835.3551	3	15	90	0	1	0.7314	0.3427
	1103	1	1836.9050	15	13	0	1	1	0.7316	0.4390
	1104	1	1838.4550	2	1	90	0	1	0.7310	0.3292
	1105	1	1840.0049	1	2	90	0	1	0.7303	0.4432
	1106	1	1841.5548	14	12	0	1	1	0.7306	0.2545
	1107	1	1843.1047	1	2	0	1	1	0.7308	0.4634
	1108	1	1844.6546	15	13	0	1	1	0.7310	0.5944
	1109	1	1846.2045	3	15	0	1	1	0.7313	0.7565
	1110	1	1847.7545	15	13	0	1	1	0.7315	0.7104
	1111	1	1849.3044	1	2	0	1	1	0.7318	0.2487
	1112	1	1850.8543	15	13	90	0	1	0.7311	0.2341
	1113	1	1852.4042	1	2	0	1	1	0.7314	0.4129
	1114	1	1853.9542	3	15	0	1	1	0.7316	0.3351
	1115	1	1855.5041	4	9	0	1	1	0.7318	0.6249
	1116	1	1857.0540	3	15	90	0	1	0.7312	0.4021
	1117	1	1858.6039	2	1	0	1	1	0.7314	0.4851
	1118	1	1860.1538	14	12	0	1	1	0.7317	0.3911
	1119	1	1861.7037	13	3	0	1	1	0.7319	0.4892
	1120	1	1863.2537	11	14	0	1	1	0.7321	0.2827
	1121	1	1864.8035	9	5	0	1	1	0.7324	0.4777
	1122	1	1866.3535	11	14	0	1	1	0.7326	0.5437
	1123	1	1867.9034	13	3	0	1	1	0.7329	0.7058
	1124	1	1869.4533	10	6	0	1	1	0.7331	0.7394
	1125	1	1871.0033	11	14	0	1	1	0.7333	0.3248
	1126	1	1872.5532	9	5	0	1	1	0.7336	0.0406
	1127	1	1874.1031	11	14	90	0	1	0.7329	0.8259
	1128	1	1875.6530	9	5	0	1	1	0.7332	0.5071
	1129	1	1877.2029	12	10	0	1	1	0.7334	0.3022
	1130	1	1878.7529	11	14	0	1	1	0.7336	0.1770
	1131	1	1880.3028	13	3	0	1	1	0.7339	0.4022
	1132	1	1881.8527	10	6	0	1	1	0.7341	0.4683
	1133	1	1883.4026	11	14	0	1	1	0.7343	0.3266
	1134	1	1884.9525	12	10	90	0	1	0.7337	0.2646
	1135	1	1886.5024	13	3	90	1	1	0.7339	0.8097
	1136	1	1888.0524	10	6	0	1	1	0.7342	0.5083
	1137	1	1889.6023	9	5	0	1	1	0.7344	0.5428
	1138	1	1891.1522	8	7	0	1	1	0.7346	0.3369
	1139	1	1892.7021	6	4	0	1	1	0.7349	0.4187
	1140	1	1894.2521	8	7	0	1	1	0.7351	0.3251
	1141	1	1895.8020	5	8	0	1	1	0.7353	0.4392
	1142	1	1897.3519	6	4	90	0	1	0.7347	0.3612
	1143	1	1898.9018	8	7	0	1	1	0.7349	0.7622
	1144	1	1900.4517	5	8	0	1	1	0.7351	0.5739
	1145	1	1902.0016	8	7	0	1	1	0.7354	0.6715
	1146	1	1903.5516	7	11	90	0	1	0.7347	0.6096
	1147	1	1905.1015	8	7	0	1	1	0.7350	0.3398
	1148	1	1906.6514	7	11	0	1	1	0.7352	0.6928
	1149	1	1908.2013	4	9	90	1	1	0.7354	0.8398
	1150	1	1909.7512	7	11	0	1	1	0.7357	0.6660
	1151	1	1911.3012	6	4	0	1	1	0.7359	0.6674
	1152	1	1912.8511	7	11	0	1	1	0.7361	0.7010
	1153	1	1914.4009	5	8	0	1	1	0.7363	0.4962
	1154	1	1915.9509	6	4	0	1	1	0.7366	0.3859
	1155	1	1917.5009	8	7	90	0	1	0.7359	0.8204
	1156	1	1919.0508	6	4	0	1	1	0.7362	0.6613
	1157	1	1920.6007	4	9	0	1	1	0.7364	0.7765
	1158	1	1922.1506	5	8	90	1	1	0.7366	0.8752
	1159	1	1923.7005	4	9	90	1	1	0.7368	1.0052
	1160	1	1925.2504	6	4	0	0	1	0.7362	0.9107
	1161	1	1926.8003	5	8	0	1	1	0.7364	0.8158
	1162	1	1928.3502	4	9	90	1	1	0.7367	0.8510
	1163	1	1929.9002	6	4	0	1	1	0.7369	0.6279
	1164	1	1931.4501	8	7	0	1	1	0.7371	0.8390
	1165	1	1933.0000	5	8	0	1	1	0.7373	0.5693
	1166	1	1934.5500	8	7	90	0	1	0.7367	1.0834
	1167	1	1936.1999	6	4	0	1	1	0.7369	0.7133
	1168	1	1937.7498	4	9	90	1	1	0.7372	0.7795
	1169	1	1939.2997	6	4	0	1	1	0.7374	0.6859
	1170	1	1940.8497	4	9	0	1	1	0.7376	0.5111
	1171	1	1942.3995	5	8	0	1	1	0.7378	0.6418
	1172	1	1943.9495	4	9	90	1	1	0.7381	0.8357
	1173	1	1945.4994	7	11	0	1	1	0.7383	0.7580
	1174	1	1947.0493	8	7	0	1	1	0.7385	0.6797
	1175	1	1948.5993	9	5	0	1	1	0.7387	0.6489
	1176	1	1950.1492	12	10	0	1	1	0.7389	0.3480
	1177	1	1951.6991	9	5	0	1	1	0.7392	0.3982
	1178	1	1953.2490	11	14	0	1	1	0.7394	0.7192
	1179	1	1954.7989	10	6	0	1	1	0.7396	0.5452
	1180	1	1956.3488	13	3	0	1	1	0.7398	0.6609
	1181	1	1957.8987	11	14	90	0	1	0.7392	0.6942
	1182	1	1959.4487	9	5	90	0	1	0.7386	0.3922
	1183	1	1960.9986	8	7	0	1	1	0.7388	0.5857
	1184	1	1962.5485	6	4	90	0	1	0.7382	0.5076
	1185	1	1964.0984	8	7	90	0	1	0.7376	0.5898
	1186	1	1965.6484	7	11	90	0	1	0.7369	0.7369
	1187	1	1967.1983	4	9	0	1	1	0.7372	0.9306
	1188	1	1968.7482	6	4	0	1	1	0.7374	0.7241
	1189	1	1970.2981	7	11	0	1	1	0.7376	0.6300
	1190	1	1971.8480	6	4	90	0	1	0.7370	0.5532
	1191	1	1973.3979	8	7	0	1	1	0.7372	0.6506
	1192	1	1974.9479	7	11	0	1	1	0.7374	0.7490
	1193	1	1976.4978	6	4	0	1	1	0.7376	0.6384
	1194	1	1978.0477	8	7	0	1	1	0.7379	0.6564
	1195	1	1979.5976	7	11	0	1	1	0.7381	0.7560
	1196	1	1981.1476	8	7	90	0	1	0.7375	0.9019
	1197	1	1982.6974	5	8	0	1	1	0.7377	0.8553
	1198	1	1984.2474	6	4	0	1	1	0.7379	0.7140
	1199	1	1985.7973	4	9	0	1	1	0.7381	0.7319
	1200	1	1987.3472	5	8	0	1	1	0.7383	0.6696
	1201	1	1988.8972	8	7	0	1	1	0.7386	0.3031
	1202	1	1990.4471	5	8	0	1	1	0.7388	0.2732
	1203	1	1991.9970	8	7	0	1	1	0.7390	0.5800
	1204	1	1993.5469	7	11	0	1	1	0.7392	0.5663
	1205	1	1995.0968	4	9	0	1	1	0.7394	0.6489
	1206	1	1996.6467	6	4	0	1	1	0.7396	0.6186
	1207	1	1998.1967	5	8	0	1	1	0.7399	0.5725
	1208	1	1999.7466	6	4	0	1	1	0.7401	0.4466
	1209	1	2001.2965	5	8	90	0	1	0.7395	0.3357
	1210	1	2002.8464	8	7	0	1	1	0.7397	0.6108
	1211	1	2004.3963	5	8	0	1	1	0.7399	0.4198
	1212	1	2005.9462	6	4	0	1	1	0.7401	0.5831
	1213	1	2007.4962	8	7	0	1	1	0.7403	0.6799
	1214	1	2009.0461	5	8	0	1	1	0.7405	0.4431
	1215	1	2010.5960	8	7	0	1	1	0.7407	0.3970
	1216	1	2012.1459	9	5	0	1	1	0.7410	0.5433
	1217	1	2013.6958	8	7	0	1	1	0.7412	0.4324
	1218	1	2015.2458	9	5	0	1	1	0.7414	0.2753
	1219	1	2016.7957	10	6	0	1	1	0.7416	0.2779
	1220	1	2018.3456	11	14	0	1	1	0.7418	0.3755
	1221	1	2019.8955	13	3	0	1	1	0.7420	0.2337
	1222	1	2021.4455	11	14	0	1	1	0.7422	0.2678
	1223	1	2022.9954	13	3	0	1	1	0.7424	0.3169
	1224	1	2024.5452	12	10	0	1	1	0.7426	0.2069
	1225	1	2026.0952	13	3	0	1	1	0.7429	0.2729
	1226	1	2027.6451	11	14	0	1	1	0.7431	0.2600
	1227	1	2029.1951	13	3	0	1	1	0.7433	0.5503
	1228	1	2030.7450	10	6	90	0	1	0.7427	0.5032
	1229	1	2032.2949	9	5	0	1	1	0.7429	0.6343
	1230	1	2033.8448	8	7	0	1	1	0.7431	0.6353
	1231	1	2035.3947	6	4	0	1	1	0.7433	0.9104
	1232	1	2036.9447	7	11	0	1	1	0.7435	0.4475
	1233	1	2038.4946	4	9	0	1	1	0.7437	0.0987
	1234	1	2040.0445	3	15	0	1	1	0.7439	0.0842
	1235	1	2041.5944	4	9	0	1	1	0.7441	0.3578
	1236	1	2043.1443	5	8	0	1	1	0.7443	0.4399
	1237	1	2044.6942	6	4	0	1	1	0.7445	0.3799
	1238	1	2046.2441	7	11	0	1	1	0.7447	0.2690
	1239	1	2047.7941	6	4	0	1	1	0.7450	0.2222
	1240	1	2049.3440	5	8	0	1	1	0.7452	0.4972
	1241	1	2050.8939	7	11	0	1	1	0.7454	0.3224
	1242	1	2052.4438	8	7	0	1	1	0.7456	0.1654
	1243	1	2053.9937	7	11	90	0	1	0.7450	0.1678
	1244	1	2055.5437	6	4	0	1	1	0.7452	0.4576
	1245	1	2057.0936	4	9	0	1	1	0.7454	0.2990
	1246	1	2058.6435	7	11	0	1	1	0.7456	0.4457
	1247	1	2060.1934	4	9	0	1	1	0.7458	0.3519
	1248	1	2061.7434	5	8	90	1	1	0.7460	0.7539
	1249	1	2063.2933	7	11	0	1	1	0.7462	0.5323
	1250	1	2064.8432	4	9	0	1	1	0.7464	0.4702
	1251	1	2066.3931	6	4	90	0	1	0.7458	0.6471
	1252	1	2067.9430	5	8	0	1	1	0.7460	0.5861
	1253	1	2069.4930	8	7	0	1	1	0.7462	0.5393
	1254	1	2071.0429	6	4	0	1	1	0.7464	0.5253
	1255	1	2072.5928	5	8	0	1	1	0.7466	0.4634
	1256	1	2074.1427	4	9	0	1	1	0.7468	0.4665
	1257	1	2075.6926	5	8	0	1	1	0.7470	0.4524
	1258	1	2077.2426	8	7	0	0	1	0.7464	0.6628
	1259	1	2078.7925	5	8	90	1	1	0.7466	0.7609
	1260	1	2080.3424	4	9	0	1	1	0.7468	0.4430
	1261	1	2081.8922	3	15	0	1	1	0.7470	0.8920
	1262	1	2083.4422	1	2	0	1	1	0.7472	0.7038
	1263	1	2084.9922	2	1	0	1	1	0.7474	0.3850
	1264	1	2086.5421	3	15	0	1	1	0.7476	0.2752
	1265	1	2088.0919	15	13	0	1	1	0.7478	0.2619
	1266	1	2089.6419	2	1	0	1	1	0.7480	0.3424
	1267	1	2091.1918	1	2	0	1	1	0.7482	0.3134
	1268	1	2092.7417	2	1	0	1	1	0.7484	0.2356
	1269	1	2094.2917	14	12	90	0	1	0.7478	0.2216
	1270	1	2095.8416	15	13	0	1	1	0.7480	0.5120
	1271	1	2097.3915	1	2	0	0	1	0.7474	1.0416
	1272	1	2099.0080	14	12	0	1	1	0.7476	0.4493
	1273	1	2100.5580	13	3	0	1	1	0.7478	0.3709
	1274	1	2102.1079	10	6	0	1	1	0.7480	0.4213
	1275	1	2103.6579	12	10	90	0	1	0.7475	0.4545
	1276	1	2105.2078	10	6	0	1	1	0.7476	0.3626
	1277	1	2106.7577	13	3	0	1	1	0.7478	0.2506
	1278	1	2108.3076	10	6	90	0	1	0.7473	0.5897
	1279	1	2109.8575	13	3	0	1	1	0.7475	0.4957
	1280	1	2111.4075	14	12	0	1	1	0.7477	0.5767
	1281	1	2112.9573	1	2	90	0	1	0.7471	0.3239
	1282	1	2114.5073	2	1	0	1	1	0.7473	0.5341
	1283	1	2116.0572	3	15	0	1	1	0.7475	0.3271
	1284	1	2117.6071	4	9	0	1	1	0.7477	0.2501
	1285	1	2119.1570	7	11	0	1	1	0.7479	0.3484
	1286	1	2120.7070	6	4	0	1	1	0.7481	0.4141
	1287	1	2122.2569	4	9	0	1	1	0.7483	0.2563
	1288	1	2123.8068	3	15	0	1	1	0.7484	0.5615
	1289	1	2125.3567	1	2	0	1	1	0.7486	0.5487
	1290	1	2126.9067	15	13	90	0	1	0.7481	0.4546
	1291	1	2128.4565	14	12	90	0	1	0.7475	0.2808
	1292	1	2130.0065	13	3	90	1	1	0.7477	0.7953
	1293	1	2131.5564	10	6	0	1	1	0.7479	0.5250
	1294	1	2133.1063	13	3	90	0	1	0.7473	0.4147
	1295	1	2134.6562	11	14	90	1	1	0.7475	0.9934
	1296	1	2136.2062	13	3	90	0	1	0.7469	0.4831
	1297	1	2137.7561	10	6	0	0	1	0.7463	0.5024
	1298	1	2139.3060	13	3	0	1	1	0.7465	0.6142
	1299	1	2140.8559	11	14	0	1	1	0.7467	0.5533
	1300	1	2142.4058	9	5	90	0	1	0.7462	0.6991
	1301	1	2143.9557	12	10	0	1	1	0.7463	0.5566
	1302	1	2145.5057	13	3	0	1	1	0.7465	0.6705
	1303	1	2147.0556	12	10	0	1	1	0.7467	0.7526
	1304	1	2148.6055	13	3	0	1	1	0.7469	0.5004
	1305	1	2150.1554	12	10	0	1	1	0.7471	0.4698
	1306	1	2151.7054	11	14	0	1	1	0.7473	0.4719
	1307	1	2153.2553	10	6	0	1	1	0.7475	1.2250
	1308	1	2154.8052	12	10	0	1	1	0.7477	0.6190
	1309	1	2156.3551	10	6	0	1	1	0.7479	0.4621
	1310	1	2157.9050	11	14	0	1	1	0.7481	0.3192
	1311	1	2159.4549	13	3	0	1	1	0.7483	0.5614
	1312	1	2161.0049	14	12	0	1	1	0.7485	0.4994
	1313	1	2162.5548	2	1	0	1	1	0.7487	0.8066
	1314	1	2164.1047	1	2	0	1	1	0.7489	0.7923
	1315	1	2165.6546	15	13	0	1	1	0.7490	0.5060
	1316	1	2167.2046	1	2	0	1	1	0.7492	0.4132
	1317	1	2168.7545	3	15	0	1	1	0.7494	0.3829
	1318	1	2170.3044	2	1	90	0	1	0.7489	0.3847
	1319	1	2171.8543	3	15	0	1	1	0.7491	0.6739
	1320	1	2173.4042	2	1	0	1	1	0.7492	0.5173
	1321	1	2174.9542	1	2	0	1	1	0.7494	0.3588
	1322	1	2176.5040	14	12	0	1	1	0.7496	0.6643
	1323	1	2178.0539	2	1	0	1	1	0.7498	0.4743
	1324	1	2179.6039	15	13	0	1	1	0.7500	0.4452
	1325	1	2181.1539	3	15	0	1	1	0.7502	0.3023
	1326	1	2182.7038	4	9	90	0	1	0.7496	0.4175
	1327	1	2184.2537	5	8	0	1	1	0.7498	0.8037
	1328	1	2185.8036	6	4	0	1	1	0.7500	0.6768
	1329	1	2187.3535	7	11	90	0	1	0.7494	0.5678
	1330	1	2188.9034	4	9	0	1	1	0.7496	0.6808
	1331	1	2190.4534	7	11	0	1	1	0.7498	0.6198
	1332	1	2192.0033	8	7	0	0	1	0.7492	0.8619
	1333	1	2193.5532	7	11	0	1	1	0.7494	0.7521
	1334	1	2195.1031	6	4	0	1	1	0.7496	0.6252
	1335	1	2196.6530	5	8	0	1	1	0.7498	0.6764
	1336	1	2198.2029	8	7	0	1	1	0.7500	0.8548
	1337	1	2199.7529	9	5	90	1	1	0.7502	0.9194
	1338	1	2201.3027	8	7	0	1	1	0.7504	0.9535
	1339	1	2202.8527	7	11	0	1	1	0.7506	0.6681
	1340	1	2204.4026	5	8	0	1	1	0.7507	0.5907
	1341	1	2205.9526	6	4	0	1	1	0.7509	0.7688
	1342	1	2207.5024	7	11	0	1	1	0.7511	0.6259
	1343	1	2209.0524	8	7	0	1	1	0.7513	0.3733
	1344	1	2210.6023	5	8	90	0	1	0.7507	0.7099
	1345	1	2212.1522	6	4	0	1	1	0.7509	0.4082
	1346	1	2213.7021	5	8	0	1	1	0.7511	0.5543
	1347	1	2215.2521	6	4	90	0	1	0.7506	0.5093
	1348	1	2216.8020	7	11	0	1	1	0.7507	0.3343
	1349	1	2218.3519	4	9	0	1	1	0.7509	0.3684
	1350	1	2219.9018	7	11	90	0	1	0.7504	0.6117
	1351	1	2221.4517	6	4	0	1	1	0.7506	0.6457
	1352	1	2223.0016	5	8	0	1	1	0.7507	0.5999
	1353	1	2224.5516	8	7	0	1	1	0.7509	0.7127
	1354	1	2226.1015	6	4	0	1	1	0.7511	0.4914
	1355	1	2227.6513	8	7	0	1	1	0.7513	0.3330
	1356	1	2229.2013	5	8	0	1	1	0.7515	0.2721
	1357	1	2230.7512	8	7	0	1	1	0.7517	0.2428
	1358	1	2232.3012	9	5	0	1	1	0.7518	0.2431
	1359	1	2233.8511	11	14	0	1	1	0.7520	0.1975
	1360	1	2235.4010	12	10	0	1	1	0.7522	0.2962
	1361	1	2236.9509	11	14	0	1	1	0.7524	0.5854
	1362	1	2238.5009	9	5	0	1	1	0.7526	0.4284
	1363	1	2240.0508	11	14	0	1	1	0.7528	0.4949
	1364	1	2241.6007	9	5	90	0	1	0.7522	0.4646
	1365	1	2243.1505	10	6	90	0	1	0.7516	0.4349
	1366	1	2244.7005	12	10	90	0	1	0.7511	0.3878
	1367	1	2246.2504	10	6	90	0	1	0.7505	0.5659
	1368	1	2247.8004	12	10	0	1	1	0.7507	1.0488
	1369	1	2249.3503	11	14	0	1	1	0.7509	0.7148
	1370	1	2250.9002	10	6	0	1	1	0.7511	0.6211
	1371	1	2252.4501	11	14	90	0	1	0.7505	0.5113
	1372	1	2254.0001	9	5	0	1	1	0.7507	0.6562
	1373	1	2255.5500	11	14	0	1	1	0.7509	0.7383
	1374	1	2257.0999	13	3	0	1	1	0.7511	0.5014
	1375	1	2258.6498	11	14	0	1	1	0.7513	1.4144
	1376	1	2260.1997	10	6	90	-1	0	0.7507	-1.0000
	1377	1	2262.2828	12	10	90	-1	0	0.7502	-1.0000
	1378	1	2264.3329	11	14	0	1	1	0.7504	0.9806
	1379	1	2265.8828	12	10	90	0	1	0.7498	0.9505
	1380	1	2267.4327	9	5	0	1	1	0.7500	0.6486
	1381	1	2268.9826	12	10	0	1	1	0.7502	0.9231
	1382	1	2270.5325	13	3	0	1	1	0.7504	0.6849
	1383	1	2272.0824	12	10	90	0	1	0.7498	0.4939
	1384	1	2273.6324	11	14	0	1	1	0.7500	0.6401
	1385	1	2275.1823	9	5	0	1	1	0.7502	0.7860
	1386	1	2276.7322	8	7	0	1	1	0.7504	1.0133
	1387	1	2278.2821	9	5	90	0	1	0.7498	0.4391
	1388	1	2279.8320	8	7	0	1	1	0.7500	0.7611
	1389	1	2281.3819	7	11	0	1	1	0.7502	0.6676
	1390	1	2282.9319	5	8	0	1	1	0.7504	0.5244
	1391	1	2284.4818	7	11	0	1	1	0.7505	0.3354
	1392	1	2286.0317	6	4	0	1	1	0.7507	0.4326
	1393	1	2287.5816	8	7	0	1	1	0.7509	0.1800
	1394	1	2289.1316	6	4	0	1	1	0.7511	0.5018
	1395	1	2290.6815	4	9	0	1	1	0.7513	0.2797
	1396	1	2292.2314	6	4	0	1	1	0.7514	0.3929
	1397	1	2293.7813	5	8	90	0	1	0.7509	0.3951
	1398	1	2295.3312	7	11	90	0	1	0.7504	0.6371
	1399	1	2296.8811	8	7	0	1	1	0.7505	1.1202
	1400	1	2298.4311	6	4	0	1	1	0.7507	0.6262
	1	2	1.0167	5	8	0	-1	0	NaN	-1.0000
	2	2	2.5499	6	4	0	-1	0	NaN	-1.0000
	3	2	4.0832	4	9	0	-1	0	NaN	-1.0000
	4	2	5.6164	6	4	0	-1	0	NaN	-1.0000
	5	2	7.1497	4	9	0	-1	0	NaN	-1.0000
	6	2	8.6829	6	4	0	-1	0	NaN	-1.0000
	7	2	10.2162	7	11	0	-1	0	NaN	-1.0000
	8	2	11.7494	8	7	0	-1	1	0.0000	1.0309
	9	2	13.2827	7	11	0	-1	0	0.0000	-1.0000
	10	2	14.8159	8	7	0	-1	0	0.0000	-1.0000
	11	2	16.3491	5	8	0	-1	0	0.0000	-1.0000
	12	2	17.8824	6	4	0	-1	0	0.0000	-1.0000
	13	2	19.4157	7	11	0	-1	0	0.0000	-1.0000
	14	2	20.9490	5	8	0	-1	0	0.0000	-1.0000
	15	2	22.4822	7	11	0	-1	0	0.0000	-1.0000
	16	2	24.0155	6	4	0	-1	0	0.0000	-1.0000
	17	2	25.5487	5	8	0	-1	0	0.0000	-1.0000
	18	2	27.0820	4	9	0	-1	0	0.0000	-1.0000
	19	2	28.6152	3	15	0	-1	0	0.0000	-1.0000
	20	2	30.1485	2	1	0	-1	0	0.0000	-1.0000
	21	2	31.6817	1	2	0	-1	0	0.0000	-1.0000
	22	2	33.2150	15	13	0	-1	1	0.0000	0.9733
	23	2	34.7483	14	12	0	-1	0	0.0000	-1.0000
	24	2	36.2815	13	3	0	-1	0	0.0000	-1.0000
	25	2	37.8147	12	10	0	-1	0	0.0000	-1.0000
	26	2	39.3480	11	14	0	-1	0	0.0000	-1.0000
	27	2	40.8813	10	6	0	-1	0	0.0000	-1.0000
	28	2	42.4145	9	5	0	-1	0	0.0000	-1.0000
	29	2	43.9478	8	7	0	-1	1	0.3333	0.8327
	30	2	45.4810	7	11	0	-1	0	0.3333	-1.0000
	31	2	47.0143	5	8	0	-1	1	0.2500	1.0467
	32	2	48.5475	7	11	0	-1	0	0.2500	-1.0000
	33	2	50.0808	8	7	0	-1	0	0.2500	-1.0000
	34	2	51.6141	9	5	0	-1	0	0.2500	-1.0000
	35	2	53.1473	8	7	0	-1	0	0.2500	-1.0000
	36	2	54.6806	9	5	0	-1	0	0.2500	-1.0000
	37	2	56.2138	12	10	0	-1	0	0.2500	-1.0000
	38	2	57.7471	13	3	0	-1	0	0.2500	-1.0000
	39	2	59.2803	14	12	0	-1	0	0.2500	-1.0000
	40	2	60.8136	15	13	0	-1	1	0.2000	0.8307
	41	2	62.3468	3	15	0	-1	0	0.2000	-1.0000
	42	2	63.8801	4	9	0	-1	0	0.2000	-1.0000
	43	2	65.4133	7	11	0	-1	0	0.2000	-1.0000
	44	2	66.9466	4	9	0	-1	1	0.1667	0.7138
	45	2	68.4798	7	11	0	-1	0	0.1667	-1.0000
	46	2	70.0131	8	7	0	-1	0	0.1667	-1.0000
	47	2	71.5464	9	5	0	-1	0	0.1667	-1.0000
	48	2	73.0796	10	6	0	-1	1	0.1429	1.1559
	49	2	74.6129	11	14	0	-1	0	0.1429	-1.0000
	50	2	76.1461	12	10	0	-1	0	0.1429	-1.0000
	51	2	77.6794	13	3	0	-1	0	0.1429	-1.0000
	52	2	79.2126	14	12	0	-1	0	0.1429	-1.0000
	53	2	80.7459	15	13	0	-1	0	0.1429	-1.0000
	54	2	82.2791	1	2	0	-1	0	0.1429	-1.0000
	55	2	83.8124	2	1	0	-1	0	0.1429	-1.0000
	56	2	85.3456	3	15	0	-1	0	0.1429	-1.0000
	57	2	86.8789	4	9	0	-1	0	0.1429	-1.0000
	58	2	88.4122	5	8	0	-1	0	0.1429	-1.0000
	59	2	89.9454	6	4	0	-1	0	0.1429	-1.0000
	60	2	91.4787	7	11	0	-1	0	0.1429	-1.0000
	61	2	93.0119	5	8	0	-1	0	0.1429	-1.0000
	62	2	94.5452	8	7	0	-1	0	0.1429	-1.0000
	63	2	96.0784	9	5	0	-1	1	0.2500	0.7181
	64	2	97.6117	12	10	0	-1	0	0.2500	-1.0000
	65	2	99.1449	10	6	0	-1	1	0.2222	1.1713
	66	2	100.6782	12	10	0	-1	0	0.2222	-1.0000
	67	2	102.2114	13	3	0	-1	0	0.2222	-1.0000
	68	2	103.7447	14	12	0	-1	0	0.2222	-1.0000
	69	2	105.2780	1	2	0	-1	1	0.2000	0.8945
	70	2	106.8112	15	13	0	-1	1	0.1818	1.1374
	71	2	108.3445	3	15	0	-1	0	0.1818	-1.0000
	72	2	109.8777	15	13	0	-1	0	0.1818	-1.0000
	73	2	111.4110	1	2	0	-1	0	0.1818	-1.0000
	74	2	112.9442	2	1	0	-1	1	0.1667	0.5722
	75	2	114.4774	1	2	0	-1	0	0.1667	-1.0000
	76	2	116.0107	2	1	0	-1	1	0.1538	0.8176
	77	2	117.5440	3	15	0	-1	0	0.1538	-1.0000
	78	2	119.0772	4	9	0	-1	1	0.2143	0.6637
	79	2	120.6105	5	8	0	-1	1	0.2000	0.6821
	80	2	122.1438	6	4	0	-1	0	0.2000	-1.0000
	81	2	123.6770	7	11	0	-1	1	0.1875	0.9438
	82	2	125.2103	8	7	0	-1	0	0.1875	-1.0000
	83	2	126.7435	9	5	0	-1	0	0.1875	-1.0000
	84	2	128.2768	10	6	0	-1	0	0.1875	-1.0000
	85	2	129.8100	11	14	0	-1	0	0.1875	-1.0000
	86	2	131.3433	12	10	0	-1	0	0.1875	-1.0000
	87	2	132.8765	13	3	0	-1	1	0.1765	1.2800
	88	2	134.4098	14	12	0	-1	1	0.2222	0.9306
	89	2	135.9430	15	13	0	-1	0	0.2222	-1.0000
	90	2	137.4763	1	2	0	-1	0	0.2222	-1.0000
	91	2	139.0095	14	12	0	-1	0	0.2222	-1.0000
	92	2	140.5428	15	13	0	-1	1	0.2105	0.7497
	93	2	142.0761	1	2	0	-1	0	0.2105	-1.0000
	94	2	143.6093	2	1	0	-1	0	0.2105	-1.0000
	95	2	145.1426	1	2	0	-1	0	0.2105	-1.0000
	96	2	146.6758	3	15	0	-1	0	0.2105	-1.0000
	97	2	148.2091	1	2	0	-1	1	0.2000	0.9556
	98	2	149.7423	15	13	0	-1	0	0.2000	-1.0000
	99	2	151.2756	3	15	0	-1	0	0.2000	-1.0000
	100	2	152.8088	2	1	0	-1	0	0.2000	-1.0000
	101	2	154.3421	14	12	0	-1	0	0.2000	-1.0000
	102	2	155.8752	15	13	0	-1	0	0.2000	-1.0000
	103	2	157.4086	2	1	0	-1	0	0.2000	-1.0000
	104	2	158.9419	15	13	0	-1	0	0.2000	-1.0000
	105	2	160.4751	1	2	0	-1	1	0.1905	0.7693
	106	2	162.0084	15	13	0	-1	0	0.1905	-1.0000
	107	2	163.5416	14	12	0	-1	0	0.1905	-1.0000
	108	2	165.0749	13	3	0	-1	0	0.1905	-1.0000
	109	2	166.6081	12	10	0	-1	0	0.1905	-1.0000
	110	2	168.1414	11	14	0	-1	1	0.1818	1.2942
	111	2	169.6746	10	6	0	-1	0	0.1818	-1.0000
	112	2	171.2079	9	5	0	-1	0	0.1818	-1.0000
	113	2	172.7411	8	7	0	-1	0	0.1818	-1.0000
	114	2	174.2744	7	11	0	-1	0	0.1818	-1.0000
	115	2	175.8076	6	4	0	-1	0	0.1818	-1.0000
	116	2	177.3409	5	8	0	-1	0	0.1818	-1.0000
	117	2	178.8742	4	9	0	-1	1	0.1739	0.8501
	118	2	180.4074	3	15	0	-1	0	0.1739	-1.0000
	119	2	181.9406	2	1	0	-1	0	0.1739	-1.0000
	120	2	183.4739	1	2	0	-1	0	0.1739	-1.0000
	121	2	185.0072	15	13	0	-1	0	0.1739	-1.0000
	122	2	186.5404	14	12	0	-1	0	0.1739	-1.0000
	123	2	188.0737	2	1	0	-1	0	0.1739	-1.0000
	124	2	189.6069	15	13	0	-1	0	0.1739	-1.0000
	125	2	191.1402	14	12	0	-1	0	0.1739	-1.0000
	126	2	192.6734	15	13	0	-1	0	0.1739	-1.0000
	127	2	194.2067	1	2	0	-1	0	0.1739	-1.0000
	128	2	195.7400	15	13	0	-1	0	0.1739	-1.0000
	129	2	197.2732	2	1	0	-1	1	0.1667	1.0113
	130	2	198.8064	1	2	0	-1	0	0.1667	-1.0000
	131	2	200.3397	14	12	0	-1	0	0.1667	-1.0000
	132	2	201.8729	1	2	0	-1	0	0.1667	-1.0000
	133	2	203.4062	14	12	0	-1	0	0.1667	-1.0000
	134	2	204.9395	13	3	0	-1	1	0.2000	1.1847
	135	2	206.4727	10	6	0	-1	0	0.2000	-1.0000
	136	2	208.0059	11	14	0	-1	0	0.2000	-1.0000
	137	2	209.5392	12	10	0	-1	0	0.2000	-1.0000
	138	2	211.0725	13	3	0	-1	0	0.2000	-1.0000
	139	2	212.6057	14	12	0	-1	0	0.2000	-1.0000
	140	2	214.1390	15	13	0	-1	0	0.2000	-1.0000
	141	2	215.6722	1	2	0	-1	0	0.2000	-1.0000
	142	2	217.2055	2	1	0	-1	0	0.2000	-1.0000
	143	2	218.7388	3	15	0	-1	0	0.2000	-1.0000
	144	2	220.2720	4	9	0	-1	1	0.2308	1.0364
	145	2	221.8052	5	8	0	-1	0	0.2308	-1.0000
	146	2	223.3385	6	4	0	-1	0	0.2308	-1.0000
	147	2	224.8718	7	11	0	-1	0	0.2308	-1.0000
	148	2	226.4050	8	7	0	-1	0	0.2308	-1.0000
	149	2	227.9383	9	5	0	-1	0	0.2308	-1.0000
	150	2	229.4715	10	6	0	-1	0	0.2308	-1.0000
	151	2	231.0048	12	10	0	-1	0	0.2308	-1.0000
	152	2	232.5381	9	5	0	-1	0	0.2308	-1.0000
	153	2	234.0713	11	14	0	-1	0	0.2308	-1.0000
	154	2	235.6044	13	3	0	-1	0	0.2308	-1.0000
	155	2	237.1378	11	14	0	-1	0	0.2308	-1.0000
	156	2	238.6710	12	10	0	-1	0	0.2308	-1.0000
	157	2	240.2043	11	14	0	-1	0	0.2308	-1.0000
	158	2	241.7376	9	5	0	-1	0	0.2308	-1.0000
	159	2	243.2708	8	7	0	-1	0	0.2308	-1.0000
	160	2	244.8040	6	4	0	-1	1	0.2222	1.1436
	161	2	246.3373	7	11	0	-1	0	0.2222	-1.0000
	162	2	247.8706	8	7	0	-1	0	0.2222	-1.0000
	163	2	249.4039	7	11	0	-1	0	0.2222	-1.0000
	164	2	250.9371	5	8	0	-1	0	0.2222	-1.0000
	165	2	252.4703	4	9	0	-1	0	0.2222	-1.0000
	166	2	254.0036	5	8	0	-1	0	0.2222	-1.0000
	167	2	255.5368	6	4	0	-1	0	0.2222	-1.0000
	168	2	257.0701	7	11	0	-1	0	0.2222	-1.0000
	169	2	258.6033	8	7	0	-1	0	0.2222	-1.0000
	170	2	260.1366	9	5	0	-1	1	0.2500	0.7878
	171	2	261.6699	10	6	0	-1	0	0.2500	-1.0000
	172	2	263.2031	11	14	0	-1	0	0.2500	-1.0000
	173	2	264.7364	12	10	0	-1	0	0.2500	-1.0000
	174	2	266.2696	13	3	0	-1	1	0.2414	0.7188
	175	2	267.8028	14	12	0	-1	0	0.2414	-1.0000
	176	2	269.3362	15	13	0	-1	0	0.2414	-1.0000
	177	2	270.8694	1	2	0	-1	0	0.2414	-1.0000
	178	2	272.4027	2	1	0	-1	1	0.2333	0.7618
	179	2	273.9359	3	15	0	-1	0	0.2333	-1.0000
	180	2	275.4692	4	9	0	-1	1	0.2581	0.6713
	181	2	277.0024	3	15	0	-1	0	0.2581	-1.0000
	182	2	278.5356	15	13	0	-1	0	0.2581	-1.0000
	183	2	280.0689	3	15	0	-1	0	0.2581	-1.0000
	184	2	281.6021	15	13	0	-1	0	0.2581	-1.0000
	185	2	283.1354	3	15	0	-1	0	0.2581	-1.0000
	186	2	284.6687	15	13	0	-1	0	0.2581	-1.0000
	187	2	286.2019	2	1	0	-1	0	0.2581	-1.0000
	188	2	287.7351	1	2	0	-1	1	0.2500	0.7733
	189	2	289.2684	14	12	0	-1	0	0.2500	-1.0000
	190	2	290.8017	1	2	0	-1	0	0.2500	-1.0000
	191	2	292.3350	3	15	0	-1	0	0.2500	-1.0000
	192	2	293.8682	2	1	0	-1	0	0.2500	-1.0000
	193	2	295.4015	1	2	0	-1	0	0.2500	-1.0000
	194	2	296.9347	14	12	0	-1	1	0.2424	0.6778
	195	2	298.4680	13	3	0	-1	0	0.2424	-1.0000
	196	2	300.0012	12	10	0	-1	0	0.2424	-1.0000
	197	2	301.5345	11	14	0	-1	0	0.2424	-1.0000
	198	2	303.0677	10	6	0	-1	0	0.2424	-1.0000
	199	2	304.6009	9	5	0	-1	0	0.2424	-1.0000
	200	2	306.1342	8	7	0	-1	0	0.2424	-1.0000
	201	2	307.6675	7	11	0	-1	0	0.2424	-1.0000
	202	2	309.2008	6	4	0	-1	0	0.2424	-1.0000
	203	2	310.7339	5	8	0	-1	0	0.2424	-1.0000
	204	2	312.2673	4	9	0	-1	0	0.2424	-1.0000
	205	2	313.8005	3	15	0	-1	0	0.2424	-1.0000
	206	2	315.3338	2	1	0	-1	0	0.2424	-1.0000
	207	2	316.8670	1	2	0	-1	1	0.2353	0.9055
	208	2	318.4003	15	13	0	-1	0	0.2353	-1.0000
	209	2	319.9335	14	12	0	-1	1	0.2286	0.9432
	210	2	321.4668	13	3	0	-1	0	0.2286	-1.0000
	211	2	323.0000	12	10	0	-1	0	0.2286	-1.0000
	212	2	324.5333	9	5	0	-1	1	0.2222	0.6946
	213	2	326.0665	8	7	0	-1	0	0.2222	-1.0000
	214	2	327.5998	5	8	0	-1	0	0.2222	-1.0000
	215	2	329.1330	7	11	0	-1	0	0.2222	-1.0000
	216	2	330.6663	8	7	0	-1	0	0.2222	-1.0000
	217	2	332.1996	5	8	0	-1	0	0.2222	-1.0000
	218	2	333.7328	6	4	0	-1	0	0.2222	-1.0000
	219	2	335.2661	8	7	0	-1	1	0.2162	0.5546
	220	2	336.7993	5	8	0	-1	0	0.2162	-1.0000
	221	2	338.3326	8	7	0	-1	0	0.2162	-1.0000
	222	2	339.8658	9	5	0	-1	1	0.2368	0.3227
	223	2	341.3991	10	6	0	-1	1	0.2308	1.3805
	224	2	342.9323	13	3	0	-1	0	0.2308	-1.0000
	225	2	344.4656	12	10	0	-1	1	0.2250	0.6020
	226	2	345.9988	11	14	0	-1	0	0.2250	-1.0000
	227	2	347.5321	10	6	0	-1	1	0.2195	1.3435
	228	2	349.0654	9	5	0	-1	0	0.2195	-1.0000
	229	2	350.5985	8	7	0	-1	1	0.2381	0.6138
	230	2	352.1319	7	11	0	-1	1	0.2326	0.8565
	231	2	353.6651	6	4	0	-1	0	0.2326	-1.0000
	232	2	355.1984	5	8	0	-1	0	0.2326	-1.0000
	233	2	356.7316	4	9	0	-1	1	0.2273	0.9454
	234	2	358.2649	3	15	0	-1	0	0.2273	-1.0000
	235	2	359.7981	2	1	0	-1	0	0.2273	-1.0000
	236	2	361.3314	1	2	0	-1	0	0.2273	-1.0000
	237	2	362.8646	15	13	0	-1	0	0.2273	-1.0000
	238	2	364.3978	14	12	0	-1	0	0.2273	-1.0000
	239	2	365.9312	13	3	0	-1	0	0.2273	-1.0000
	240	2	367.4644	12	10	0	-1	1	0.2222	0.5806
	241	2	368.9976	10	6	0	-1	0	0.2222	-1.0000
	242	2	370.5309	9	5	0	-1	0	0.2222	-1.0000
	243	2	372.0641	12	10	0	-1	1	0.2174	1.2126
	244	2	373.5974	11	14	0	-1	0	0.2174	-1.0000
	245	2	375.1307	12	10	0	-1	0	0.2174	-1.0000
	246	2	376.6639	11	14	0	-1	0	0.2174	-1.0000
	247	2	378.1972	12	10	0	-1	0	0.2174	-1.0000
	248	2	379.7305	11	14	0	-1	0	0.2174	-1.0000
	249	2	381.2637	10	6	0	-1	1	0.2128	0.8614
	250	2	382.7969	9	5	0	-1	0	0.2128	-1.0000
	251	2	384.3302	12	10	0	-1	0	0.2128	-1.0000
	252	2	385.8634	9	5	0	-1	0	0.2128	-1.0000
	253	2	387.3967	10	6	0	-1	0	0.2128	-1.0000
	254	2	388.9300	9	5	0	-1	0	0.2128	-1.0000
	255	2	390.4632	10	6	0	-1	0	0.2128	-1.0000
	256	2	391.9965	11	14	0	-1	0	0.2128	-1.0000
	257	2	393.5297	12	10	0	-1	0	0.2128	-1.0000
	258	2	395.0630	13	3	0	-1	0	0.2128	-1.0000
	259	2	396.5962	14	12	0	-1	0	0.2128	-1.0000
	260	2	398.1295	15	13	0	-1	0	0.2128	-1.0000
	261	2	399.6627	1	2	0	-1	0	0.2128	-1.0000
	262	2	401.1960	2	1	0	-1	0	0.2128	-1.0000
	263	2	402.7292	3	15	0	-1	0	0.2128	-1.0000
	264	2	404.2625	4	9	0	-1	0	0.2128	-1.0000
	265	2	405.7958	5	8	0	-1	1	0.2083	0.1049
	266	2	407.3290	6	4	0	-1	0	0.2083	-1.0000
	267	2	408.8622	7	11	0	-1	0	0.2083	-1.0000
	268	2	410.3955	8	7	0	-1	0	0.2083	-1.0000
	269	2	411.9288	9	5	0	-1	0	0.2083	-1.0000
	270	2	413.4620	10	6	0	-1	0	0.2083	-1.0000
	271	2	414.9953	9	5	0	-1	0	0.2083	-1.0000
	272	2	416.5285	8	7	0	-1	1	0.2245	1.1323
	273	2	418.0618	9	5	0	-1	0	0.2245	-1.0000
	274	2	419.5950	11	14	0	-1	0	0.2245	-1.0000
	275	2	421.1283	13	3	0	-1	1	0.2200	1.3163
	276	2	422.6615	11	14	0	-1	0	0.2200	-1.0000
	277	2	424.1948	9	5	0	-1	0	0.2200	-1.0000
	278	2	425.7280	10	6	0	-1	0	0.2200	-1.0000
	279	2	427.2613	13	3	0	-1	0	0.2200	-1.0000
	280	2	428.7946	11	14	0	-1	0	0.2200	-1.0000
	281	2	430.3278	13	3	0	-1	0	0.2200	-1.0000
	282	2	431.8610	12	10	0	-1	0	0.2200	-1.0000
	283	2	433.3943	9	5	0	-1	0	0.2200	-1.0000
	284	2	434.9276	8	7	0	-1	0	0.2200	-1.0000
	285	2	436.4608	5	8	0	-1	0	0.2200	-1.0000
	286	2	437.9941	6	4	0	-1	0	0.2200	-1.0000
	287	2	439.5273	7	11	0	-1	1	0.2157	0.7894
	288	2	441.0606	8	7	0	-1	0	0.2157	-1.0000
	289	2	442.5938	9	5	0	-1	0	0.2157	-1.0000
	290	2	444.1271	10	6	0	-1	0	0.2157	-1.0000
	291	2	445.6604	11	14	0	-1	0	0.2157	-1.0000
	292	2	447.1936	12	10	0	-1	0	0.2157	-1.0000
	293	2	448.7269	13	3	0	-1	0	0.2157	-1.0000
	294	2	450.2601	14	12	0	-1	1	0.2308	0.6487
	295	2	451.7934	15	13	0	-1	0	0.2308	-1.0000
	296	2	453.3266	1	2	0	-1	0	0.2308	-1.0000
	297	2	454.8599	2	1	0	-1	1	0.2264	0.6890
	298	2	456.3931	3	15	0	-1	0	0.2264	-1.0000
	299	2	457.9264	4	9	0	-1	0	0.2264	-1.0000
	300	2	459.4596	5	8	0	-1	0	0.2264	-1.0000
	301	2	460.9929	4	9	0	-1	0	0.2264	-1.0000
	302	2	462.5261	6	4	0	-1	0	0.2264	-1.0000
	303	2	464.0594	8	7	0	-1	0	0.2264	-1.0000
	304	2	465.5927	6	4	0	-1	0	0.2264	-1.0000
	305	2	467.1259	8	7	0	-1	1	0.2222	0.9818
	306	2	468.6591	5	8	0	-1	0	0.2222	-1.0000
	307	2	470.1924	4	9	0	-1	0	0.2222	-1.0000
	308	2	471.7257	3	15	0	-1	0	0.2222	-1.0000
	309	2	473.2589	15	13	0	-1	1	0.2182	0.8179
	310	2	474.7922	14	12	0	-1	0	0.2182	-1.0000
	311	2	476.3254	13	3	0	-1	0	0.2182	-1.0000
	312	2	477.8587	12	10	0	-1	0	0.2182	-1.0000
	313	2	479.3920	9	5	0	-1	0	0.2182	-1.0000
	314	2	480.9252	10	6	0	-1	1	0.2143	0.7505
	315	2	482.4585	13	3	0	-1	0	0.2143	-1.0000
	316	2	483.9916	12	10	0	-1	0	0.2143	-1.0000
	317	2	485.5250	11	14	0	-1	0	0.2143	-1.0000
	318	2	487.0582	10	6	0	-1	0	0.2143	-1.0000
	319	2	488.5915	9	5	0	-1	1	0.2105	0.7013
	320	2	490.1247	8	7	0	-1	0	0.2105	-1.0000
	321	2	491.6579	7	11	0	-1	0	0.2105	-1.0000
	322	2	493.1911	6	4	0	-1	1	0.2069	0.6942
	323	2	494.7244	5	8	0	-1	0	0.2069	-1.0000
	324	2	496.2576	4	9	0	-1	0	0.2069	-1.0000
	325	2	497.7909	3	15	0	-1	1	0.2203	0.5577
	326	2	499.3242	2	1	0	-1	0	0.2203	-1.0000
	327	2	500.8575	1	2	0	-1	0	0.2203	-1.0000
	328	2	502.3907	15	13	0	-1	0	0.2203	-1.0000
	329	2	503.9240	14	12	0	-1	0	0.2203	-1.0000
	330	2	505.4573	13	3	0	-1	1	0.2333	0.5233
	331	2	506.9905	14	12	0	-1	0	0.2333	-1.0000
	332	2	508.5237	15	13	0	-1	1	0.2295	1.1368
	333	2	510.0570	2	1	0	-1	0	0.2295	-1.0000
	334	2	511.5903	3	15	0	-1	0	0.2295	-1.0000
	335	2	513.1235	1	2	0	-1	0	0.2295	-1.0000
	336	2	514.6567	3	15	0	-1	0	0.2295	-1.0000
	337	2	516.1900	2	1	0	-1	0	0.2295	-1.0000
	338	2	517.7233	15	13	0	-1	0	0.2295	-1.0000
	339	2	519.2565	2	1	0	-1	0	0.2295	-1.0000
	340	2	520.7897	1	2	0	-1	0	0.2295	-1.0000
	341	2	522.3231	2	1	0	-1	0	0.2295	-1.0000
	342	2	523.8563	14	12	0	-1	0	0.2295	-1.0000
	343	2	525.3896	15	13	0	-1	0	0.2295	-1.0000
	344	2	526.9228	3	15	0	-1	0	0.2295	-1.0000
	345	2	528.4561	1	2	0	-1	0	0.2295	-1.0000
	346	2	529.9893	15	13	0	-1	0	0.2295	-1.0000
	347	2	531.5226	14	12	0	-1	0	0.2295	-1.0000
	348	2	533.0558	13	3	0	-1	0	0.2295	-1.0000
	349	2	534.5891	12	10	0	-1	1	0.2258	1.1030
	350	2	536.1223	11	14	0	-1	0	0.2258	-1.0000
	351	2	537.6556	10	6	0	-1	0	0.2258	-1.0000
	352	2	539.1888	9	5	0	-1	0	0.2258	-1.0000
	353	2	540.7221	8	7	0	-1	0	0.2258	-1.0000
	354	2	542.2554	7	11	0	-1	0	0.2258	-1.0000
	355	2	543.7886	6	4	0	-1	0	0.2258	-1.0000
	356	2	545.3219	5	8	0	-1	0	0.2258	-1.0000
	357	2	546.8551	4	9	0	-1	1	0.2222	0.8536
	358	2	548.3884	3	15	0	-1	0	0.2222	-1.0000
	359	2	549.9216	2	1	0	-1	0	0.2222	-1.0000
	360	2	551.4549	1	2	0	-1	0	0.2222	-1.0000
	361	2	552.9881	3	15	0	-1	0	0.2222	-1.0000
	362	2	554.5213	2	1	0	-1	0	0.2222	-1.0000
	363	2	556.0546	15	13	0	-1	0	0.2222	-1.0000
	364	2	557.5879	2	1	0	-1	1	0.2188	1.0008
	365	2	559.1212	3	15	0	-1	0	0.2188	-1.0000
	366	2	560.6544	15	13	0	-1	0	0.2188	-1.0000
	367	2	562.1876	14	12	0	-1	1	0.2154	1.1538
	368	2	563.7209	1	2	0	-1	0	0.2154	-1.0000
	369	2	565.2541	15	13	0	-1	0	0.2154	-1.0000
	370	2	566.7874	3	15	0	-1	1	0.2121	1.3696
	371	2	568.3207	2	1	0	-1	0	0.2121	-1.0000
	372	2	569.8539	14	12	0	-1	0	0.2121	-1.0000
	373	2	571.3871	13	3	0	-1	0	0.2121	-1.0000
	374	2	572.9204	10	6	0	-1	1	0.2090	1.3002
	375	2	574.4537	11	14	0	-1	0	0.2090	-1.0000
	376	2	575.9869	10	6	0	-1	0	0.2090	-1.0000
	377	2	577.5202	9	5	0	-1	0	0.2090	-1.0000
	378	2	579.0534	8	7	0	-1	1	0.2206	0.6233
	379	2	580.5867	7	11	0	-1	0	0.2206	-1.0000
	380	2	582.1199	6	4	0	-1	0	0.2206	-1.0000
	381	2	583.6532	5	8	0	-1	0	0.2206	-1.0000
	382	2	585.1865	4	9	0	-1	1	0.2174	0.6982
	383	2	586.7197	3	15	0	-1	0	0.2174	-1.0000
	384	2	588.2530	2	1	0	-1	1	0.2143	0.7676
	385	2	589.7862	1	2	0	-1	0	0.2143	-1.0000
	386	2	591.3194	15	13	0	-1	1	0.2113	0.9483
	387	2	592.8527	14	12	0	-1	0	0.2113	-1.0000
	388	2	594.3860	13	3	0	-1	0	0.2113	-1.0000
	389	2	595.9192	12	10	0	-1	1	0.2083	1.0696
	390	2	597.4525	11	14	0	-1	0	0.2083	-1.0000
	391	2	598.9857	13	3	0	-1	1	0.2055	0.8989
	392	2	600.5190	14	12	0	-1	0	0.2055	-1.0000
	393	2	602.0522	1	2	0	-1	1	0.2027	0.0168
	394	2	603.5855	2	1	0	-1	0	0.2027	-1.0000
	395	2	605.1188	3	15	0	-1	0	0.2027	-1.0000
	396	2	606.6520	15	13	0	-1	1	0.2000	0.0167
	397	2	608.1853	1	2	0	-1	1	0.1974	1.0596
	398	2	609.7185	2	1	0	-1	1	0.1948	0.9496
	399	2	611.2518	14	12	0	-1	0	0.1948	-1.0000
	400	2	612.7850	1	2	0	-1	0	0.1948	-1.0000
	401	2	614.3183	2	1	0	-1	1	0.1923	0.8466
	402	2	615.8515	15	13	0	-1	0	0.1923	-1.0000
	403	2	617.3848	2	1	0	-1	1	0.1899	1.3474
	404	2	618.9180	3	15	0	-1	0	0.1899	-1.0000
	405	2	620.4513	1	2	0	-1	0	0.1899	-1.0000
	406	2	621.9845	2	1	0	-1	0	0.1899	-1.0000
	407	2	623.5178	3	15	0	-1	0	0.1899	-1.0000
	408	2	625.0511	4	9	0	-1	1	0.2000	1.4892
	409	2	626.5843	5	8	0	-1	1	0.1975	0.0168
	410	2	628.1176	6	4	0	-1	0	0.1975	-1.0000
	411	2	629.6508	7	11	0	-1	0	0.1975	-1.0000
	412	2	631.1841	8	7	0	-1	0	0.1975	-1.0000
	413	2	632.7173	9	5	0	-1	0	0.1975	-1.0000
	414	2	634.2506	10	6	0	-1	0	0.1975	-1.0000
	415	2	635.7838	11	14	0	-1	0	0.1975	-1.0000
	416	2	637.3171	12	10	0	-1	0	0.1975	-1.0000
	417	2	638.8503	13	3	0	-1	1	0.1951	0.6187
	418	2	640.3836	14	12	0	-1	0	0.1951	-1.0000
	419	2	641.9169	15	13	0	-1	0	0.1951	-1.0000
	420	2	643.4501	1	2	0	-1	1	0.1928	0.9457
	421	2	644.9833	14	12	0	-1	0	0.1928	-1.0000
	422	2	646.5166	15	13	0	-1	1	0.1905	1.3518
	423	2	648.0498	2	1	0	-1	0	0.1905	-1.0000
	424	2	649.5831	1	2	0	-1	1	0.1882	1.3897
	425	2	651.1164	14	12	0	-1	0	0.1882	-1.0000
	426	2	652.6496	15	13	0	-1	0	0.1882	-1.0000
	427	2	654.1829	1	2	0	-1	1	0.1860	0.8699
	428	2	655.7161	14	12	0	-1	0	0.1860	-1.0000
	429	2	657.2494	2	1	0	-1	1	0.1839	0.8275
	430	2	658.7826	15	13	0	-1	0	0.1839	-1.0000
	431	2	660.3159	1	2	0	-1	1	0.1818	0.7204
	432	2	661.8492	15	13	0	-1	0	0.1818	-1.0000
	433	2	663.3824	1	2	0	-1	1	0.1798	0.6623
	434	2	664.9157	14	12	0	-1	0	0.1798	-1.0000
	435	2	666.4489	13	3	0	-1	1	0.1889	0.8434
	436	2	667.9822	12	10	0	-1	0	0.1889	-1.0000
	437	2	669.5154	11	14	0	-1	0	0.1889	-1.0000
	438	2	671.0486	10	6	0	-1	0	0.1889	-1.0000
	439	2	672.5819	9	5	0	-1	1	0.1868	0.4713
	440	2	674.1152	8	7	0	-1	0	0.1868	-1.0000
	441	2	675.6484	7	11	0	-1	1	0.1848	0.3643
	442	2	677.1817	6	4	0	-1	0	0.1848	-1.0000
	443	2	678.7149	5	8	0	-1	0	0.1848	-1.0000
	444	2	680.2482	4	9	0	-1	0	0.1848	-1.0000
	445	2	681.7814	3	15	0	-1	1	0.1935	0.9364
	446	2	683.3147	2	1	0	-1	0	0.1935	-1.0000
	447	2	684.8480	1	2	0	-1	0	0.1935	-1.0000
	448	2	686.3812	15	13	0	-1	1	0.1915	0.8956
	449	2	687.9144	14	12	0	-1	0	0.1915	-1.0000
	450	2	689.4477	13	3	0	-1	0	0.1915	-1.0000
	451	2	690.9810	14	12	0	-1	1	0.2000	0.0397
	452	2	692.5142	15	13	0	-1	0	0.2000	-1.0000
	453	2	694.0475	14	12	0	-1	1	0.1979	0.3814
	454	2	695.5807	1	2	0	-1	1	0.1959	1.1843
	455	2	697.1140	2	1	0	-1	0	0.1959	-1.0000
	456	2	698.6473	14	12	0	-1	1	0.1939	1.0135
	457	2	700.1805	1	2	0	-1	0	0.1939	-1.0000
	458	2	701.7138	14	12	0	-1	0	0.1939	-1.0000
	459	2	703.2470	15	13	0	-1	0	0.1939	-1.0000
	460	2	704.7803	2	1	0	-1	1	0.1919	0.8486
	461	2	706.3135	14	12	0	-1	0	0.1919	-1.0000
	462	2	707.8468	15	13	0	-1	1	0.1900	1.0460
	463	2	709.3800	3	15	0	-1	0	0.1900	-1.0000
	464	2	710.9133	1	2	0	-1	0	0.1900	-1.0000
	465	2	712.4465	15	13	0	-1	1	0.1881	0.0304
	466	2	713.9798	1	2	0	-1	0	0.1881	-1.0000
	467	2	715.5130	2	1	0	-1	0	0.1881	-1.0000
	468	2	717.0463	3	15	0	-1	1	0.1863	1.1910
	469	2	718.5795	4	9	0	-1	0	0.1863	-1.0000
	470	2	720.1128	5	8	0	-1	1	0.1845	0.7479
	471	2	721.6461	6	4	0	-1	0	0.1845	-1.0000
	472	2	723.1793	7	11	0	-1	1	0.1827	1.0735
	473	2	724.7126	8	7	0	-1	0	0.1827	-1.0000
	474	2	726.2458	9	5	0	-1	1	0.1905	0.5669
	475	2	727.7790	10	6	0	-1	0	0.1905	-1.0000
	476	2	729.3123	11	14	0	-1	0	0.1905	-1.0000
	477	2	730.8455	12	10	0	-1	1	0.1887	0.5428
	478	2	732.3788	13	3	0	-1	0	0.1887	-1.0000
	479	2	733.9121	14	12	0	-1	0	0.1887	-1.0000
	480	2	735.4453	15	13	0	-1	1	0.1869	0.6634
	481	2	736.9786	1	2	0	-1	0	0.1869	-1.0000
	482	2	738.5118	15	13	0	-1	0	0.1869	-1.0000
	483	2	740.0451	14	12	0	-1	1	0.1852	0.2717
	484	2	741.5784	1	2	0	-1	0	0.1852	-1.0000
	485	2	743.1116	15	13	0	-1	1	0.1835	0.4522
	486	2	744.6449	3	15	0	-1	0	0.1835	-1.0000
	487	2	746.1781	2	1	0	-1	1	0.1818	0.7465
	488	2	747.7114	1	2	0	-1	0	0.1818	-1.0000
	489	2	749.2446	2	1	0	-1	1	0.1802	0.8492
	490	2	750.7779	15	13	0	-1	0	0.1802	-1.0000
	491	2	752.3111	3	15	0	-1	0	0.1802	-1.0000
	492	2	753.8444	1	2	0	-1	1	0.1786	0.7763
	493	2	755.3776	14	12	0	-1	0	0.1786	-1.0000
	494	2	756.9109	2	1	0	-1	1	0.1770	0.7332
	495	2	758.4441	3	15	0	-1	0	0.1770	-1.0000
	496	2	759.9774	2	1	0	-1	1	0.1754	0.1790
	497	2	761.5107	1	2	0	-1	1	0.1739	1.2052
	498	2	763.0439	15	13	0	-1	0	0.1739	-1.0000
	499	2	764.5772	14	12	0	-1	1	0.1724	1.2117
	500	2	766.1104	13	3	0	-1	0	0.1724	-1.0000
	501	2	767.6437	12	10	0	-1	0	0.1724	-1.0000
	502	2	769.1769	11	14	0	-1	0	0.1724	-1.0000
	503	2	770.7102	10	6	0	-1	1	0.1709	0.5027
	504	2	772.2434	9	5	0	-1	1	0.1695	0.3134
	505	2	773.7767	8	7	0	-1	1	0.1765	1.0039
	506	2	775.3100	7	11	0	-1	0	0.1765	-1.0000
	507	2	776.8432	6	4	0	-1	0	0.1765	-1.0000
	508	2	778.3764	5	8	0	-1	1	0.1750	0.9483
	509	2	779.9097	4	9	0	-1	1	0.1736	1.1911
	510	2	781.4429	3	15	0	-1	0	0.1736	-1.0000
	511	2	782.9761	1	2	0	-1	1	0.1721	0.2689
	512	2	784.5095	14	12	0	-1	0	0.1721	-1.0000
	513	2	786.0426	15	13	0	-1	1	0.1707	0.5299
	514	2	787.5760	14	12	0	-1	1	0.1694	0.7567
	515	2	789.1092	13	3	0	-1	0	0.1694	-1.0000
	516	2	790.6425	12	10	0	-1	0	0.1694	-1.0000
	517	2	792.1757	11	14	0	-1	1	0.1680	0.2209
	518	2	793.7090	9	5	0	-1	1	0.1667	0.5120
	519	2	795.2422	12	10	0	-1	1	0.1654	1.2025
	520	2	796.7755	11	14	0	-1	0	0.1654	-1.0000
	521	2	798.3087	12	10	0	-1	1	0.1641	0.0720
	522	2	799.8420	9	5	0	-1	1	0.1628	0.8589
	523	2	801.3752	11	14	0	-1	1	0.1615	0.9898
	524	2	802.9085	10	6	0	-1	0	0.1615	-1.0000
	525	2	804.4418	11	14	0	-1	0	0.1615	-1.0000
	526	2	805.9750	12	10	0	-1	0	0.1615	-1.0000
	527	2	807.5083	13	3	0	-1	1	0.1603	0.5845
	528	2	809.0414	14	12	0	-1	0	0.1603	-1.0000
	529	2	810.5747	15	13	0	-1	0	0.1603	-1.0000
	530	2	812.1080	1	2	0	-1	0	0.1603	-1.0000
	531	2	813.6413	2	1	0	-1	0	0.1603	-1.0000
	532	2	815.1745	3	15	0	-1	0	0.1603	-1.0000
	533	2	816.7078	4	9	0	-1	0	0.1603	-1.0000
	534	2	818.2410	5	8	0	-1	1	0.1591	1.4037
	535	2	819.7743	6	4	0	-1	1	0.1579	0.0168
	536	2	821.3075	7	11	0	-1	0	0.1579	-1.0000
	537	2	822.8408	8	7	0	-1	0	0.1579	-1.0000
	538	2	824.3741	9	5	0	-1	0	0.1579	-1.0000
	539	2	825.9073	10	6	0	-1	0	0.1579	-1.0000
	540	2	827.4406	11	14	0	-1	0	0.1579	-1.0000
	541	2	828.9737	10	6	0	-1	0	0.1579	-1.0000
	542	2	830.5070	9	5	0	-1	1	0.1567	0.6568
	543	2	832.0403	12	10	0	-1	0	0.1567	-1.0000
	544	2	833.5736	11	14	0	-1	0	0.1567	-1.0000
	545	2	835.1068	10	6	0	-1	0	0.1567	-1.0000
	546	2	836.6401	13	3	0	-1	0	0.1567	-1.0000
	547	2	838.1733	10	6	0	-1	0	0.1567	-1.0000
	548	2	839.7066	9	5	0	-1	0	0.1567	-1.0000
	549	2	841.2399	8	7	0	-1	0	0.1567	-1.0000
	550	2	842.7731	6	4	0	-1	0	0.1567	-1.0000
	551	2	844.3063	7	11	0	-1	0	0.1567	-1.0000
	552	2	845.8396	8	7	0	-1	1	0.1556	0.7963
	553	2	847.3728	6	4	0	-1	0	0.1556	-1.0000
	554	2	848.9061	8	7	0	-1	0	0.1556	-1.0000
	555	2	850.4394	5	8	0	-1	0	0.1556	-1.0000
	556	2	851.9726	4	9	0	-1	0	0.1556	-1.0000
	557	2	853.5059	3	15	0	-1	0	0.1556	-1.0000
	558	2	855.0391	2	1	0	-1	0	0.1556	-1.0000
	559	2	856.5724	1	2	0	-1	0	0.1556	-1.0000
	560	2	858.1056	15	13	0	-1	0	0.1556	-1.0000
	561	2	859.6389	14	12	0	-1	0	0.1556	-1.0000
	562	2	861.1721	13	3	0	-1	0	0.1556	-1.0000
	563	2	862.7054	12	10	0	-1	1	0.1544	0.4914
	564	2	864.2387	11	14	0	-1	0	0.1544	-1.0000
	565	2	865.7719	10	6	0	-1	0	0.1544	-1.0000
	566	2	867.3052	9	5	0	-1	0	0.1544	-1.0000
	567	2	868.8384	8	7	0	-1	0	0.1544	-1.0000
	568	2	870.3717	7	11	0	-1	1	0.1533	0.7133
	569	2	871.9049	6	4	0	-1	0	0.1533	-1.0000
	570	2	873.4381	5	8	0	-1	0	0.1533	-1.0000
	571	2	874.9714	8	7	0	-1	0	0.1533	-1.0000
	572	2	876.5047	6	4	0	-1	0	0.1533	-1.0000
	573	2	878.0379	8	7	0	-1	0	0.1533	-1.0000
	574	2	879.5712	5	8	0	-1	0	0.1533	-1.0000
	575	2	881.1044	7	11	0	-1	0	0.1533	-1.0000
	576	2	882.6377	6	4	0	-1	0	0.1533	-1.0000
	577	2	884.1710	4	9	0	-1	1	0.1522	0.2740
	578	2	885.7042	7	11	0	-1	0	0.1522	-1.0000
	579	2	887.2375	5	8	0	-1	0	0.1522	-1.0000
	580	2	888.7707	6	4	0	-1	0	0.1522	-1.0000
	581	2	890.3039	8	7	0	-1	0	0.1522	-1.0000
	582	2	891.8372	6	4	0	-1	1	0.1511	0.5756
	583	2	893.3705	8	7	0	-1	0	0.1511	-1.0000
	584	2	894.9037	6	4	0	-1	0	0.1511	-1.0000
	585	2	896.4370	4	9	0	-1	0	0.1511	-1.0000
	586	2	897.9702	5	8	0	-1	0	0.1511	-1.0000
	587	2	899.5035	6	4	0	-1	1	0.1500	0.4937
	588	2	901.0368	7	11	0	-1	0	0.1500	-1.0000
	589	2	902.5700	8	7	0	-1	1	0.1489	0.6749
	590	2	904.1032	9	5	0	-1	0	0.1489	-1.0000
	591	2	905.6365	10	6	0	-1	0	0.1489	-1.0000
	592	2	907.1698	11	14	0	-1	1	0.1479	0.6514
	593	2	908.7030	12	10	0	-1	0	0.1479	-1.0000
	594	2	910.2363	13	3	0	-1	0	0.1479	-1.0000
	595	2	911.7695	14	12	0	-1	1	0.1538	0.4668
	596	2	913.3028	15	13	0	-1	0	0.1538	-1.0000
	597	2	914.8360	1	2	0	-1	1	0.1528	1.1446
	598	2	916.3693	2	1	0	-1	0	0.1528	-1.0000
	599	2	917.9025	3	15	0	-1	0	0.1528	-1.0000
	600	2	919.4358	4	9	0	-1	0	0.1528	-1.0000
Actual parsing ratio
0.1528
Possible node parses
85.0000
 Node parses selected
0.2588
Possible other parses
515.0000
Other parses selected
0.2369
Chance parsing ratio
0.1417
